0.000117376 0.972746
0.000217667 0.658335
0.000416118 0.993698
0.000620962 0.436518
0.000674812 0.341575
0.00117416 0.734127
0.00127114 0.364133
0.00128501 0.597234
0.00194533 0.695198
0.00346436 0.225472
0.0045316 0.162532
0.00606786 0.982569
0.00684747 0.0854608
0.00689901 0.95173
0.00700855 0.792641
0.00740592 0.471344
0.00755081 0.906479
0.00757586 0.327522
0.0080173 0.746748
0.0088768 0.192316
0.00924674 0.410007
0.0102964 0.0519812
0.0108907 0.0393676
0.0109924 0.749594
0.0125423 0.798764
0.0151772 0.0824819
0.0167099 0.843258
0.0173373 0.388218
0.0173854 0.196925
0.0173984 0.415218
0.0176202 0.142213
0.0187541 0.200565
0.0192697 0.865726
0.0199613 0.489747
0.0202935 0.0728593
0.0208799 0.928622
0.0224101 0.6464
0.0235375 0.594666
0.0255387 0.22913
0.027232 0.6889
0.0273069 0.94781
0.0283804 0.989298
0.028386 0.0838322
0.0284561 0.261701
0.0288178 0.341373
0.0291326 0.631999
0.0293073 0.567764
0.0297904 0.686432
0.0319228 0.526977
0.0319752 0.407976
0.0322854 0.621395
0.0324623 0.594413
0.0345822 0.222942
0.0356785 0.649103
0.0357725 0.227995
0.0366414 0.832587
0.0367668 0.939586
0.0373694 0.0674322
0.0375387 0.913186
0.0381824 0.731302
0.0384451 0.147464
0.0392551 0.761308
0.0402971 0.2736
0.0404006 0.0128308
0.0404744 0.253662
0.0417159 0.119154
0.0418775 0.834654
0.0424413 0.310188
0.0429275 0.482357
0.0431999 0.0605956
0.0432274 0.522367
0.0435778 0.412125
0.0439853 0.261129
0.0455476 0.518183
0.0464701 0.0222677
0.0465365 0.139795
0.0470208 0.277881
0.0476325 0.55903
0.0482166 0.376193
0.0500542 0.260619
0.0513851 0.629493
0.0514052 0.967553
0.0526901 0.563308
0.0528817 0.782333
0.0535133 0.397347
0.0536392 0.51431
0.0540124 0.786785
0.0551572 0.026802
0.0561257 0.305274
0.0582721 0.379906
0.0589408 0.617524
0.0592767 0.263866
0.0593482 0.46483
0.0593728 0.878712
0.0609247 0.962239
0.0613522 0.145907
0.0617422 0.701313
0.0621418 0.416549
0.0628258 0.913869
0.0629 0.161064
0.0655616 0.893178
0.066289 0.119196
0.0664624 0.0338374
0.0665334 0.226287
0.0666026 0.390357
0.0667405 0.708019
0.0675243 0.880777
0.0683613 0.948276
0.0694531 0.297794
0.0710212 0.653859
0.0710679 0.437725
0.0721358 0.385883
0.0723304 0.657008
0.0724205 0.171082
0.0729071 0.350264
0.0733596 0.954474
0.0736824 0.379603
0.0744156 0.703145
0.0748557 0.100097
0.0753308 0.0848173
0.0753603 0.579976
0.0758361 0.577931
0.076305 0.457942
0.0764796 0.392102
0.0786409 0.718109
0.0792406 0.797048
0.0815711 0.965765
0.0816357 0.0514544
0.0825132 0.799144
0.0829064 0.408646
0.0836278 0.532466
0.0837021 0.781555
0.0837774 0.047118
0.0849902 0.42948
0.0855927 0.557334
0.0863157 0.707874
0.086659 0.477067
0.0876452 0.0525497
0.0882493 0.205151
0.0897441 0.328641
0.0904434 0.0815078
0.0914418 0.861658
0.0916249 0.940505
0.092364 0.36172
0.0924314 0.494626
0.0928398 0.358837
0.0929251 0.792855
0.0931162 0.00396737
0.0932052 0.499571
0.0943008 0.914118
0.0951832 0.744156
0.09547 0.564785
0.0978736 0.962077
0.0980351 0.676254
0.0986503 0.0162415
0.0992576 0.223189
0.100567 0.229507
0.100647 0.573608
0.101219 0.192708
0.10184 0.631058
0.102721 0.435379
0.103452 0.725275
0.104149 0.427568
0.104285 0.724936
0.105706 0.608581
0.105995 0.450043
0.10632 0.918445
0.106712 0.510541
0.106971 0.86129
0.107003 0.39767
0.107095 0.942173
0.107373 0.621551
0.108391 0.726997
0.108685 0.663433
0.108831 0.119379
0.109069 0.130315
0.110097 0.394761
0.110233 0.691432
0.110655 0.7772
0.110741 0.226166
0.111001 0.596426
0.112467 0.23631
0.112938 0.142125
0.11308 0.54392
0.114663 0.140959
0.115403 0.579901
0.115744 0.304429
0.115898 0.903214
0.116288 0.453822
0.117158 0.0695354
0.117794 0.767744
0.119193 0.277531
0.119301 0.0948218
0.119555 0.359676
0.12124 0.676467
0.121336 0.302121
0.121524 0.454215
0.123573 0.899208
0.124027 0.524925
0.124749 0.660243
0.124978 0.501261
0.125585 0.707222
0.125624 0.369536
0.125731 0.158879
0.126363 0.781594
0.12782 0.269411
0.127929 0.108921
0.12826 0.660032
0.128293 0.223977
0.129177 0.0751071
0.129687 0.64308
0.129881 0.902128
0.131027 0.178523
0.131087 0.173607
0.131352 0.634121
0.131684 0.212404
0.132532 0.46866
0.133112 0.205086
0.133362 0.420322
0.133673 0.650113
0.133713 0.318031
0.133819 0.0909777
0.134026 0.580521
0.134528 0.0108276
0.137902 0.716825
0.137932 0.215514
0.137985 0.119929
0.138501 0.79074
0.138767 0.261718
0.139399 0.874963
0.139755 0.868725
0.139862 0.653685
0.140663 0.1212
0.141594 0.762496
0.141922 0.288523
0.142874 0.289575
0.143052 0.277432
0.143383 0.831368
0.143791 0.694835
0.144414 0.170509
0.144468 0.0771547
0.144994 0.905996
0.145191 0.230097
0.14524 0.0543628
0.145294 0.95463
0.146336 0.468698
0.146637 0.529972
0.147398 0.320247
0.148111 0.305166
0.148725 0.612846
0.148905 0.64965
0.149066 0.352259
0.149317 0.564975
0.151393 0.464563
0.152088 0.140864
0.152304 0.76571
0.152544 0.798724
0.152575 0.326965
0.15268 0.0844779
0.153086 0.909424
0.153332 0.0524066
0.154366 0.427017
0.154529 0.16461
0.154914 0.631531
0.155486 0.257981
0.156098 0.544319
0.156133 0.121146
0.157551 0.966794
0.157763 0.514495
0.157784 0.876034
0.158448 0.0288218
0.159226 0.110543
0.15954 0.395236
0.16007 0.2923
0.160568 0.670671
0.161192 0.159344
0.161471 0.84046
0.161896 0.987273
0.163078 0.846677
0.164513 0.97672
0.164632 0.973391
0.165754 0.829541
0.16681 0.577351
0.167165 0.544708
0.16746 0.492703
0.168409 0.449002
0.16891 0.863797
0.169343 0.154029
0.169624 0.863194
0.1697 0.145874
0.170365 0.33215
0.17043 0.420282
0.170764 0.0371417
0.1712 0.359383
0.171285 0.793918
0.172253 0.0511023
0.172486 0.978993
0.1732 0.967707
0.173226 0.403424
0.173288 0.446405
0.173973 0.956459
0.174412 0.334228
0.174828 0.335557
0.174935 0.129009
0.174962 0.586922
0.175107 0.0299077
0.175594 0.213856
0.175887 0.130561
0.175989 0.851415
0.176562 0.470125
0.177589 0.743329
0.1776 0.928767
0.177964 0.0450822
0.178109 0.479161
0.180133 0.498729
0.180145 0.699092
0.180569 0.831028
0.18137 0.292336
0.182066 0.988054
0.183027 0.136679
0.184327 0.992074
0.184484 0.618611
0.186075 0.370237
0.186853 0.440931
0.189397 0.19133
0.190051 0.186299
0.190404 0.112755
0.191021 0.484854
0.191316 0.449793
0.19268 0.375248
0.192711 0.901243
0.193531 0.677445
0.193902 0.916775
0.194756 0.256906
0.194928 0.151004
0.195076 0.647952
0.195652 0.318308
0.195892 0.36476
0.196383 0.606834
0.19764 0.732858
0.197648 0.865985
0.198049 0.601186
0.19836 0.830891
0.198424 0.911486
0.198455 0.430687
0.198883 0.630743
0.19942 0.655846
0.199422 0.682065
0.200016 0.675962
0.201291 0.0994274
0.202199 0.351777
0.202514 0.661225
0.202782 0.15911
0.203525 0.640611
0.203529 0.7082
0.204228 0.452418
0.204873 0.302262
0.206192 0.461578
0.206533 0.194503
0.207813 0.720329
0.208682 0.323153
0.208774 0.857786
0.209614 0.988812
0.209633 0.308747
0.209663 0.813806
0.212407 0.932729
0.213413 0.825579
0.213419 0.924927
0.213823 0.715438
0.214495 0.018687
0.215055 0.427548
0.216604 0.460001
0.217171 0.988872
0.217882 0.940841
0.217977 0.539612
0.218098 0.564724
0.219342 0.476086
0.220226 0.331591
0.220961 0.688442
0.222511 0.741072
0.222779 0.241688
0.223886 0.857052
0.225733 0.888825
0.225838 0.664526
0.226838 0.4725
0.226999 0.179312
0.227759 0.94261
0.228144 0.41994
0.228349 0.867072
0.229141 0.180884
0.229164 0.564447
0.229502 0.245569
0.232088 0.695975
0.232785 0.415642
0.233896 0.0829884
0.234949 0.796105
0.235913 0.985654
0.236609 0.686749
0.237315 0.551572
0.237537 0.288655
0.237539 0.312111
0.237717 0.304202
0.237876 0.990095
0.238342 0.812332
0.23856 0.484167
0.238706 0.9376
0.23928 0.570844
0.239462 0.641402
0.239695 0.556872
0.241105 0.254547
0.241308 0.666046
0.241487 0.665478
0.242665 0.465895
0.242924 0.830113
0.243382 0.520257
0.244152 0.470135
0.246902 0.679704
0.247141 0.706394
0.247309 0.528904
0.247317 0.657961
0.247504 0.794143
0.247821 0.131852
0.248322 0.542382
0.24851 0.70069
0.248797 0.53701
0.249378 0.299615
0.249976 0.35081
0.251618 0.940867
0.252823 0.189547
0.253245 0.285481
0.253593 0.145507
0.254028 0.452917
0.254341 0.708316
0.254682 0.441249
0.255244 0.887943
0.255349 0.644485
0.256628 0.146879
0.256684 0.0844157
0.257474 0.371313
0.258363 0.304668
0.258923 0.725135
0.259371 0.245806
0.259483 0.1239
0.260459 0.539295
0.260733 0.13933
0.260955 0.875419
0.261138 0.94244
0.261281 0.345668
0.261668 0.85075
0.261715 0.647279
0.262312 0.684488
0.262378 0.78169
0.262428 0.626265
0.262913 0.781991
0.263047 0.0233304
0.263144 0.66229
0.263628 0.797378
0.264736 0.421515
0.264744 0.547582
0.266103 0.388379
0.266913 0.00275516
0.267451 0.0561896
0.267634 0.122091
0.267652 0.429989
0.268577 0.97416
0.270899 0.997133
0.272976 0.911819
0.273 0.31789
0.274171 0.984179
0.275031 0.443184
0.275446 0.420753
0.27546 0.652092
0.275806 0.470536
0.276713 0.722549
0.276822 0.552902
0.277529 0.42847
0.278463 0.129012
0.279442 0.580064
0.279879 0.927577
0.281065 0.862505
0.282625 0.0705272
0.283043 0.0965407
0.283629 0.9463
0.283914 0.745469
0.283956 0.446759
0.285225 0.781019
0.285739 0.414263
0.286427 0.975634
0.286868 0.39623
0.28697 0.0989736
0.287276 0.244138
0.287581 0.372836
0.287786 0.810937
0.288316 0.722933
0.288406 0.232608
0.289286 0.0291891
0.290883 0.866975
0.290917 0.449985
0.291285 0.625531
0.291344 0.617664
0.292088 0.127661
0.292644 0.472307
0.292734 0.974751
0.292955 0.697496
0.292993 0.330634
0.293541 0.537019
0.293669 0.699093
0.293939 0.240335
0.29394 0.251136
0.295702 0.868113
0.296018 0.168357
0.296028 0.337955
0.29636 0.916465
0.2974 0.405951
0.297452 0.278114
0.297755 0.374763
0.299327 0.782263
0.299893 0.303801
0.300118 0.0850717
0.300562 0.548016
0.300921 0.576691
0.301103 0.63418
0.301651 0.855756
0.302339 0.419436
0.302444 0.180752
0.304213 0.907784
0.304734 0.658925
0.305101 0.825031
0.305615 0.464005
0.306009 0.0868741
0.306021 0.29036
0.306272 0.506033
0.307002 0.777851
0.308423 0.663961
0.308699 0.31122
0.308796 0.930778
0.30898 0.0197047
0.310886 0.0532454
0.311062 0.0238143
0.31111 0.829476
0.311267 0.462737
0.312147 0.25074
0.312972 0.127706
0.31382 0.371307
0.314473 0.340284
0.315356 0.187009
0.31572 0.29963
0.315757 0.929794
0.317065 0.919066
0.318279 0.316736
0.318468 0.485015
0.318566 0.131628
0.318733 0.937233
0.320568 0.786722
0.321532 0.988418
0.322228 0.687455
0.322897 0.930402
0.323072 0.872131
0.323113 0.56046
0.323161 0.362647
0.323188 0.820772
0.323371 0.901066
0.323497 0.0187094
0.323738 0.0626257
0.324132 0.69347
0.324372 0.72189
0.325246 0.403462
0.326409 0.95504
0.326452 0.676717
0.32675 0.683105
0.327779 0.981783
0.328284 0.467759
0.328327 0.184686
0.329056 0.438855
0.329169 0.339348
0.329313 0.762619
0.330382 0.725701
0.331089 0.610035
0.331852 0.436562
0.332278 0.592094
0.332521 0.68275
0.333762 0.536635
0.334079 0.863677
0.334538 0.576024
0.335074 0.583157
0.33545 0.905267
0.335754 0.0154869
0.337339 0.649412
0.337969 0.239366
0.339016 0.842545
0.339372 0.832394
0.339626 0.088421
0.339847 0.807332
0.340088 0.852547
0.340594 0.364874
0.340642 0.17463
0.340721 0.49601
0.340932 0.0497845
0.341058 0.160955
0.341121 0.217077
0.341605 0.348769
0.342869 0.599224
0.343415 0.770289
0.34351 0.373865
0.34473 0.881597
0.344995 0.327993
0.345251 0.628042
0.345293 0.347427
0.345452 0.0104975
0.346439 0.59585
0.347264 0.464286
0.348146 0.289667
0.348578 0.554682
0.348881 0.645344
0.349236 0.61324
0.349432 0.902609
0.349533 0.598348
0.350126 0.575732
0.350671 0.722645
0.351295 0.21095
0.351856 0.646421
0.352077 0.352113
0.353099 0.542772
0.353182 0.93351
0.353263 0.293647
0.354429 0.894836
0.354892 0.661357
0.355993 0.169241
0.356108 0.101211
0.357362 0.186648
0.357778 0.166822
0.357932 0.768855
0.358137 0.209757
0.358228 0.729896
0.358534 0.888092
0.358704 0.735051
0.358877 0.650233
0.359236 0.676944
0.359818 0.458638
0.360138 0.841599
0.360411 0.428799
0.361586 0.180958
0.361658 0.3824
0.36389 0.894602
0.36426 0.119986
0.364403 0.516428
0.367261 0.563393
0.367415 0.137228
0.367443 0.620154
0.367862 0.65887
0.368067 0.105798
0.368399 0.674925
0.368702 0.770541
0.369271 0.330983
0.369418 0.815222
0.369533 0.741722
0.370642 0.376573
0.373244 0.104549
0.37335 0.891121
0.373776 0.061116
0.373853 0.346214
0.374499 0.197021
0.375398 0.315625
0.377193 0.488932
0.377204 0.669251
0.377816 0.9486
0.379634 0.51537
0.380027 0.109329
0.380227 0.479848
0.381627 0.99999
0.382909 0.550391
0.384468 0.753576
0.387484 0.439311
0.388226 0.917166
0.388734 0.455781
0.389439 0.307738
0.389532 0.87136
0.391177 0.517649
0.39132 0.92184
0.391437 0.888027
0.391598 0.583327
0.393203 0.564923
0.393467 0.00125322
0.393635 0.817017
0.393656 0.179393
0.393666 0.351221
0.394559 0.356147
0.395337 0.435263
0.395685 0.280293
0.395824 0.614014
0.395841 0.894198
0.396958 0.669134
0.398434 0.475289
0.39857 0.771201
0.398595 0.185709
0.398647 0.067279
0.398764 0.0316977
0.398923 0.698283
0.399089 0.486114
0.399099 0.656674
0.399571 0.591743
0.401074 0.858676
0.401328 0.116815
0.401832 0.588641
0.402109 0.252734
0.402679 0.827194
0.402767 0.310064
0.402831 0.385328
0.403219 0.895733
0.403256 0.517937
0.404607 0.235148
0.404724 0.201304
0.405032 0.379559
0.40542 0.898783
0.405632 0.456885
0.40625 0.849091
0.406399 0.346908
0.407111 0.322082
0.407302 0.533007
0.408318 0.592582
0.40848 0.325535
0.411659 0.752237
0.411799 0.103129
0.412761 0.282058
0.41284 0.604315
0.413392 0.88376
0.413825 0.151068
0.414714 0.101914
0.415074 0.15068
0.415358 0.92176
0.415813 0.566479
0.416411 0.620898
0.416451 0.290554
0.416695 0.385248
0.416947 0.623602
0.417068 0.661542
0.417121 0.545366
0.417284 0.289729
0.418271 0.88326
0.418711 0.28213
0.419491 0.379817
0.419693 0.778347
0.419957 0.215554
0.420387 0.438549
0.421307 0.904222
0.421806 0.290075
0.421961 0.898706
0.42198 0.220049
0.423019 0.680686
0.423117 0.324952
0.423286 0.173711
0.424855 0.537227
0.425357 0.981676
0.427624 0.068342
0.427895 0.638042
0.428403 0.174122
0.428848 0.643922
0.428907 0.636203
0.429313 0.461885
0.429596 0.226062
0.429926 0.760018
0.430122 0.0676604
0.430453 0.626433
0.43071 0.948491
0.43165 0.74334
0.432048 0.425737
0.432085 0.0503049
0.432102 0.331952
0.43336 0.489329
0.434276 0.882466
0.43433 0.792462
0.435602 0.167568
0.435609 0.282592
0.436588 0.742886
0.438 0.464416
0.438054 0.377503
0.438455 0.11776
0.440321 0.474633
0.440593 0.0500613
0.441206 0.349563
0.441741 0.340214
0.441782 0.0358691
0.441796 0.269431
0.442118 0.679268
0.44223 0.560587
0.442914 0.0559891
0.443786 0.712799
0.443993 0.190008
0.445099 0.773283
0.445379 0.482996
0.445385 0.584739
0.445657 0.155386
0.446875 0.623549
0.447164 0.480546
0.447277 0.390752
0.447847 0.959239
0.448268 0.0365391
0.448499 0.916352
0.449026 0.774863
0.449331 0.898356
0.449617 0.716481
0.450215 0.765844
0.45052 0.893642
0.450526 0.985625
0.450668 0.375626
0.450989 0.780243
0.451131 0.165008
0.451379 0.323667
0.45177 0.900431
0.452126 0.882712
0.452609 0.999941
0.454551 0.64681
0.454859 0.821872
0.455898 0.269651
0.456806 0.539382
0.45692 0.459183
0.457054 0.70366
0.457822 0.608842
0.458291 0.489691
0.45868 0.0276677
0.45961 0.668761
0.459681 0.865209
0.459688 0.969636
0.460493 0.508856
0.460891 0.196355
0.461514 0.660688
0.461517 0.71959
0.461617 0.398362
0.462813 0.496814
0.462912 0.154095
0.462924 0.364022
0.463525 0.45708
0.464318 0.791413
0.465509 0.814239
0.46642 0.12837
0.466815 0.766094
0.467397 0.535101
0.468369 0.877757
0.469272 0.0546449
0.469839 0.576347
0.470355 0.251439
0.470966 0.517632
0.471235 0.0512125
0.472366 0.0561806
0.473538 0.748617
0.474367 0.691513
0.474458 0.222343
0.476305 0.258562
0.476332 0.714667
0.477893 0.947475
0.479696 0.247044
0.479861 0.0255462
0.480495 0.684732
0.480501 0.775072
0.480623 0.834526
0.481551 0.433983
0.481578 0.877652
0.482012 0.173378
0.483045 0.53527
0.483581 0.540925
0.483883 0.615065
0.483977 0.200343
0.485561 0.829095
0.485566 0.900088
0.485575 0.057758
0.485908 0.658543
0.486087 0.657748
0.486455 0.845064
0.486658 0.261627
0.486659 0.274055
0.486894 0.233141
0.48747 0.902949
0.48773 0.272028
0.488037 0.443724
0.488466 0.646535
0.490038 0.0746656
0.490418 0.449682
0.49156 0.65578
0.491623 0.707378
0.491658 0.290959
0.49202 0.376524
0.4944 0.373583
0.495218 0.133217
0.495968 0.727348
0.496034 0.851402
0.49637 0.489668
0.496415 0.247902
0.496654 0.262688
0.496799 0.701197
0.497135 0.350012
0.499184 0.781091
0.499306 0.836209
0.500173 0.402084
0.50065 0.418947
0.501446 0.796365
0.501515 0.967557
0.501678 0.708344
0.502217 0.752645
0.502834 0.12537
0.503038 0.567956
0.503129 0.0817788
0.503649 0.832309
0.504075 0.991598
0.504178 0.717054
0.50484 0.847403
0.505264 0.970292
0.505325 0.990279
0.505471 0.458786
0.505802 0.0135439
0.506054 0.241176
0.506664 0.508794
0.506778 0.416941
0.506801 0.804299
0.507678 0.547535
0.508086 0.393613
0.509525 0.582791
0.509606 0.945957
0.511799 0.800901
0.513526 0.83148
0.513658 0.0543563
0.514298 0.815011
0.515994 0.305218
0.516118 0.394859
0.517304 0.335868
0.519062 0.877658
0.519401 0.575215
0.519587 0.704847
0.519879 0.600914
0.52062 0.0564558
0.521107 0.247706
0.521758 0.184666
0.522121 0.284882
0.522201 0.632513
0.523225 0.850893
0.524145 0.301961
0.524459 0.590991
0.524488 0.0767733
0.527012 0.493315
0.527593 0.247946
0.528009 0.249995
0.52801 0.265765
0.528035 0.678833
0.528067 0.220684
0.528141 0.474335
0.528301 0.159241
0.528651 0.0398812
0.529359 0.928449
0.529788 0.139188
0.529834 0.91439
0.530868 0.304215
0.531278 0.196585
0.533154 0.725216
0.533455 0.781692
0.534014 0.169437
0.534313 0.196745
0.534667 0.152831
0.534844 0.124887
0.534979 0.391443
0.535525 0.57373
0.536119 0.555372
0.53624 0.593695
0.537335 0.990249
0.537823 0.188911
0.540694 0.440356
0.54104 0.258401
0.541179 0.602289
0.541837 0.658624
0.542843 0.567729
0.543495 0.513212
0.544607 0.211089
0.544757 0.730186
0.545102 0.537156
0.545768 0.717047
0.545785 0.0143469
0.546064 0.702287
0.546064 0.704792
0.546774 0.629103
0.546805 0.152358
0.546878 0.378508
0.546993 0.314814
0.547785 0.630395
0.548225 0.0206635
0.548369 0.43477
0.549995 0.768114
0.550336 0.497353
0.550473 0.807814
0.550785 0.0462146
0.550902 0.00888014
0.55166 0.750937
0.552631 0.0646282
0.554563 0.543403
0.555344 0.671261
0.555732 0.185837
0.556408 0.556362
0.557986 0.0741514
0.558712 0.278842
0.559071 0.310476
0.559244 0.212423
0.560803 0.408354
0.561019 0.0515441
0.561126 0.838868
0.561244 0.822571
0.561253 0.986384
0.562143 0.937278
0.564241 0.202592
0.564744 0.656527
0.565076 0.239999
0.566026 0.199704
0.566801 0.216889
0.566875 0.461289
0.568884 0.227314
0.570053 0.88861
0.570092 0.531061
0.570704 0.830101
0.571129 0.958178
0.571645 0.645299
0.572031 0.123866
0.572969 0.895229
0.57379 0.689126
0.575154 0.608336
0.575264 0.454013
0.57604 0.511238
0.576441 0.23945
0.577552 0.916556
0.578076 0.727866
0.578775 0.471661
0.579417 0.269382
0.579965 0.468043
0.580289 0.923554
0.580367 0.225745
0.581132 0.0923584
0.581811 0.492843
0.58201 0.849416
0.583983 0.000937791
0.5852 0.454191
0.585412 0.0172006
0.585614 0.418713
0.586177 0.878156
0.588035 0.10623
0.588353 0.445418
0.588858 0.939377
0.589862 0.808388
0.590686 0.662635
0.591627 0.469341
0.592654 0.743672
0.594065 0.4561
0.594751 0.980616
0.595599 0.231699
0.596706 0.841083
0.597343 0.545592
0.597679 0.188733
0.597872 0.440167
0.598239 0.597171
0.5987 0.349801
0.599377 0.723613
0.599395 0.0299759
0.599571 0.985565
0.599629 0.971735
0.600291 0.0832302
0.600761 0.990039
0.601017 0.288359
0.601489 0.220056
0.601772 0.973988
0.601818 0.760053
0.603005 0.700053
0.604554 0.739691
0.605272 0.805314
0.605888 0.151696
0.60592 0.690722
0.605976 0.63135
0.607683 0.325034
0.608799 0.0869546
0.609813 0.125814
0.612945 0.770027
0.613804 0.205538
0.614491 0.745825
0.616082 0.482894
0.616629 0.687808
0.61722 0.613953
0.617278 0.599097
0.62105 0.990536
0.621701 0.924639
0.621892 0.134076
0.622873 0.624158
0.623107 0.5591
0.623483 0.880161
0.623646 0.62645
0.623649 0.674887
0.624854 0.916805
0.62518 0.394269
0.625431 0.621542
0.626241 0.225963
0.62757 0.574661
0.627632 0.612548
0.628022 0.16865
0.628649 0.695445
0.628711 0.744132
0.628934 0.497807
0.629076 0.884991
0.629805 0.13412
0.631703 0.0301745
0.631775 0.242072
0.632231 0.905825
0.632327 0.513354
0.632332 0.60176
0.632447 0.528698
0.63319 0.0271518
0.634304 0.744908
0.6354 0.161004
0.635761 0.242547
0.63667 0.519886
0.638034 0.437687
0.63818 0.891206
0.638184 0.958748
0.638298 0.879065
0.638444 0.326997
0.638759 0.623124
0.639111 0.534577
0.639988 0.279292
0.640035 0.0620778
0.640622 0.939394
0.642085 0.51633
0.642705 0.946689
0.642731 0.382743
0.644783 0.870962
0.644983 0.234994
0.645815 0.212592
0.645823 0.354992
0.64614 0.667446
0.646382 0.747465
0.646479 0.379224
0.647154 0.723272
0.647225 0.919322
0.647668 0.357918
0.648652 0.894989
0.6487 0.704635
0.648749 0.521183
0.650214 0.149789
0.65063 0.130112
0.650682 0.00505324
0.650954 0.584943
0.651293 0.276897
0.651989 0.977381
0.652756 0.871732
0.654316 0.0946864
0.656077 0.678198
0.656256 0.694074
0.656676 0.752911
0.656706 0.262861
0.656844 0.570615
0.657145 0.632985
0.657269 0.714298
0.657803 0.69742
0.65837 0.22129
0.658568 0.548788
0.659311 0.0454728
0.659572 0.420374
0.66003 0.124472
0.660159 0.298285
0.66027 0.162871
0.661117 0.400429
0.66119 0.620114
0.661385 0.90463
0.661544 0.564758
0.662131 0.435907
0.662877 0.979237
0.6637 0.801897
0.663803 0.537652
0.664073 0.0712411
0.664152 0.394852
0.664316 0.151761
0.665222 0.39036
0.665949 0.600404
0.666556 0.814066
0.666562 0.903952
0.666701 0.250861
0.66815 0.593264
0.668219 0.749947
0.66835 0.966609
0.668373 0.34989
0.668459 0.786044
0.668795 0.431909
0.669117 0.85354
0.669469 0.768499
0.669831 0.84796
0.669894 0.907885
0.670801 0.147015
0.670985 0.239723
0.671863 0.0102729
0.67246 0.0404616
0.673695 0.786742
0.674441 0.334697
0.674589 0.820102
0.674783 0.0832204
0.675362 0.815991
0.675582 0.503104
0.675627 0.254889
0.676562 0.980601
0.676843 0.700363
0.676858 0.953804
0.676935 0.252082
0.676968 0.808505
0.677037 0.956352
0.677286 0.153673
0.67789 0.290871
0.679547 0.145076
0.680401 0.501596
0.680626 0.278758
0.68069 0.356089
0.681663 0.704404
0.682364 0.490775
0.682823 0.206127
0.683821 0.986333
0.684519 0.703057
0.685349 0.652691
0.685907 0.0428946
0.686287 0.419272
0.686675 0.951395
0.687732 0.71939
0.687868 0.992684
0.688142 0.598134
0.688251 0.430984
0.688274 0.825347
0.68877 0.157347
0.689424 0.148621
0.689853 0.364855
0.691108 0.451058
0.69126 0.0117911
0.691314 0.912982
0.691342 0.389177
0.691558 0.00825482
0.691766 0.51889
0.691834 0.6538
0.691868 0.223035
0.693176 0.208621
0.693673 0.55931
0.694 0.0502831
0.694112 0.942057
0.694671 0.340979
0.69645 0.230595
0.697253 0.736326
0.698506 0.798095
0.698726 0.48408
0.698773 0.273338
0.699326 0.571762
0.700484 0.0369908
0.700706 0.76498
0.701207 0.179689
0.701211 0.252928
0.70178 0.818473
0.703013 0.544624
0.703155 0.933858
0.704072 0.336708
0.704571 0.717388
0.705098 0.583655
0.70512 0.944975
0.706034 0.30748
0.706857 0.152508
0.707047 0.335883
0.707924 0.0843396
0.708296 0.326973
0.708425 0.49645
0.708657 0.400047
0.708673 0.669196
0.709016 0.433286
0.709532 0.0975149
0.710002 0.011289
0.711065 0.874092
0.71132 0.162536
0.71173 0.0474007
0.712589 0.489267
0.712622 0.0393276
0.713114 0.301547
0.714203 0.601767
0.714786 0.409272
0.715987 0.589267
0.716166 0.600353
0.717252 0.854992
0.717565 0.109694
0.718067 0.544963
0.718275 0.0483746
0.719281 0.957324
0.719993 0.925705
0.721344 0.620078
0.723442 0.897704
0.724679 0.680385
0.725158 0.729187
0.726698 0.60966
0.727402 0.438395
0.728105 0.260932
0.72815 0.0204109
0.72822 0.187894
0.728343 0.254141
0.728751 0.125921
0.729043 0.019178
0.730732 0.404793
0.730991 0.763087
0.731112 0.806646
0.73146 0.649751
0.731861 0.387668
0.73244 0.114616
0.734021 0.695102
0.734044 0.0699933
0.734701 0.124106
0.735344 0.932831
0.735414 0.0953751
0.735965 0.366296
0.736032 0.488598
0.737548 0.960683
0.737616 0.109469
0.737913 0.107513
0.738256 0.870499
0.738561 0.988788
0.738705 0.419588
0.739124 0.449069
0.739133 0.60155
0.739611 0.647535
0.739941 0.194677
0.740258 0.510394
0.740305 0.313701
0.740547 0.374491
0.741914 0.355309
0.742253 0.038396
0.742482 0.888774
0.742975 0.179075
0.743995 0.32204
0.744065 0.503
0.744968 0.685444
0.745131 0.4195
0.745441 0.620616
0.746042 0.719943
0.747038 0.461799
0.747137 0.125427
0.747793 0.162697
0.750143 0.656544
0.750406 0.0737781
0.75076 0.0263737
0.750982 0.754973
0.752608 0.0791529
0.753726 0.880784
0.756922 0.592014
0.757658 0.952903
0.7579 0.0183654
0.758693 0.355289
0.758946 0.608983
0.759494 0.822717
0.760198 0.650028
0.760545 0.487694
0.760689 0.903365
0.761038 0.767695
0.761462 0.899239
0.761618 0.507408
0.763793 0.063831
0.764717 0.597124
0.76584 0.476377
0.768775 0.798281
0.769997 0.334243
0.77046 0.118616
0.772507 0.523641
0.77348 0.882662
0.773682 0.267583
0.774015 0.862098
0.774347 0.444491
0.774474 0.586208
0.774935 0.336435
0.775348 0.271506
0.775393 0.0382239
0.775445 0.904893
0.776237 0.222383
0.776767 0.128627
0.777236 0.998848
0.777817 0.762337
0.777976 0.445678
0.778791 0.140502
0.779501 0.0726549
0.780802 0.932142
0.782289 0.928588
0.783784 0.0544026
0.784084 0.105792
0.784282 0.421425
0.784489 0.900019
0.784567 0.217487
0.78523 0.364804
0.785421 0.577004
0.786113 0.194686
0.786472 0.227196
0.78688 0.0914153
0.787174 0.0346362
0.788075 0.172627
0.788282 0.652356
0.790057 0.4866
0.790067 0.65151
0.790363 0.631217
0.790652 0.486212
0.791634 0.984965
0.791651 0.281819
0.792319 0.508088
0.792662 0.26958
0.793093 0.508079
0.793846 0.16846
0.794244 0.867253
0.794962 0.923235
0.79704 0.845019
0.797674 0.507336
0.797776 0.227345
0.797949 0.133745
0.797989 0.799699
0.79976 0.562152
0.799803 0.290599
0.799893 0.802756
0.800666 0.787657
0.800918 0.0289153
0.800975 0.978919
0.801041 0.104226
0.801886 0.300814
0.804385 0.303443
0.804531 0.747258
0.805663 0.779321
0.806366 0.588396
0.806404 0.231152
0.807365 0.381304
0.808022 0.431057
0.808097 0.691807
0.808347 0.895123
0.808361 0.122784
0.809144 0.278339
0.811801 0.947561
0.812228 0.115568
0.81234 0.000925104
0.812826 0.15781
0.812892 0.271056
0.812921 0.758428
0.813613 0.392756
0.813923 0.595906
0.81413 0.0825693
0.814528 0.776056
0.815104 0.452845
0.815342 0.44632
0.816846 0.739064
0.81694 0.305723
0.81696 0.651289
0.817268 0.821396
0.817632 0.94409
0.817657 0.365062
0.817901 0.469813
0.818263 0.543944
0.81884 0.249808
0.81885 0.406876
0.819066 0.0464975
0.820351 0.633314
0.820881 0.545984
0.820946 0.635868
0.8217 0.319196
0.821726 0.750828
0.82196 0.674258
0.822149 0.854284
0.822482 0.454067
0.82353 0.0663714
0.823605 0.332326
0.823988 0.764811
0.824987 0.550808
0.826501 0.996995
0.82904 0.67414
0.829878 0.763099
0.829915 0.376115
0.832828 0.343133
0.833113 0.13813
0.833942 0.0689265
0.83414 0.396386
0.834214 0.630933
0.834362 0.128405
0.834704 0.873798
0.835318 0.187121
0.836653 0.623428
0.837392 0.0506222
0.83745 0.0285193
0.837766 0.335839
0.837956 0.534538
0.838223 0.0194861
0.838873 0.939971
0.84088 0.672578
0.841213 0.26192
0.841599 0.758049
0.842903 0.678316
0.843289 0.151428
0.845301 0.97997
0.84606 0.728734
0.846503 0.168818
0.846666 0.909589
0.847411 0.431036
0.847967 0.775533
0.848395 0.982821
0.849538 0.189365
0.849962 0.304967
0.850093 0.518076
0.850386 0.437278
0.850453 0.567241
0.85135 0.646659
0.851616 0.103213
0.851993 0.445554
0.851997 0.512258
0.852026 0.997477
0.852326 0.0463932
0.852503 0.0117732
0.852731 0.847547
0.85415 0.697054
0.85431 0.381224
0.854911 0.491086
0.855431 0.231778
0.85808 0.748151
0.85905 0.0532643
0.859407 0.059447
0.859417 0.213478
0.862193 0.871685
0.862435 0.945537
0.863382 0.860561
0.864113 0.150629
0.864681 0.6907
0.86563 0.643094
0.865889 0.996982
0.86653 0.768265
0.867705 0.518859
0.868058 0.450457
0.868237 0.457903
0.869441 0.694335
0.869478 0.324006
0.870301 0.149162
0.871467 0.749466
0.872368 0.888615
0.872889 0.640804
0.873332 0.0935114
0.874162 0.0369943
0.874989 0.942363
0.875789 0.388144
0.875984 0.659182
0.876257 0.25413
0.877096 0.346361
0.878234 0.474352
0.87875 0.149428
0.878842 0.692451
0.879012 0.550595
0.879114 0.276473
0.87937 0.574692
0.879379 0.717374
0.879662 0.474672
0.879972 0.691307
0.88034 0.866273
0.880507 0.676237
0.880775 0.183498
0.880903 0.341103
0.883611 0.857787
0.884173 0.299175
0.884527 0.24756
0.885189 0.378027
0.885327 0.683229
0.885965 0.409706
0.886594 0.987553
0.886629 0.578295
0.889218 0.0885804
0.890744 0.73805
0.890966 0.464411
0.890979 0.689294
0.891216 0.670357
0.891291 0.927968
0.891733 0.348157
0.892675 0.191381
0.892727 0.0545986
0.895212 0.822069
0.895337 0.9215
0.89598 0.728417
0.896012 0.271113
0.896313 0.336112
0.897105 0.638381
0.898752 0.322197
0.898791 0.977014
0.89918 0.520814
0.899419 0.539819
0.900035 0.89315
0.900149 0.808192
0.901136 0.391682
0.901333 0.697024
0.902214 0.516966
0.902451 0.490289
0.902539 0.970654
0.903095 0.324832
0.903174 0.650893
0.904439 0.906897
0.90449 0.761537
0.904615 0.868912
0.905201 0.713326
0.905268 0.834219
0.90529 0.212992
0.905998 0.109817
0.906995 0.867638
0.907732 0.243453
0.908039 0.415853
0.908652 0.71152
0.909688 0.123431
0.9104 0.0909668
0.911918 0.609446
0.912097 0.614725
0.912184 0.0777085
0.914946 0.496053
0.91564 0.154667
0.915714 0.401713
0.917027 0.475361
0.917751 0.635168
0.91798 0.491368
0.918239 0.84067
0.918744 0.324446
0.919306 0.769316
0.920446 0.943444
0.920696 0.142682
0.920833 0.437882
0.921274 0.847693
0.921834 0.26071
0.922236 0.0147335
0.9225 0.451862
0.922609 0.285776
0.924546 0.84737
0.926403 0.0588365
0.927444 0.543572
0.928281 0.621973
0.928931 0.549941
0.929559 0.10268
0.92971 0.631239
0.929732 0.00864251
0.929844 0.883175
0.930181 0.556471
0.930725 0.699549
0.931361 0.391175
0.93254 0.201673
0.932929 0.736683
0.933007 0.0525228
0.933899 0.0399651
0.935026 0.976922
0.93768 0.586374
0.938035 0.560922
0.938574 0.619812
0.940435 0.884012
0.94065 0.501071
0.940653 0.55836
0.940741 0.0269623
0.940807 0.140913
0.941031 0.899934
0.941258 0.724086
0.941713 0.367999
0.943172 0.896771
0.944027 0.265461
0.944199 0.15545
0.944487 0.987379
0.945476 0.608107
0.945698 0.345676
0.946204 0.850701
0.947046 0.999516
0.947844 0.419141
0.948149 0.537712
0.950453 0.261671
0.951219 0.133693
0.951732 0.758446
0.952666 0.452946
0.952862 0.749084
0.953654 0.0616518
0.954735 0.231202
0.955605 0.857723
0.956179 0.501571
0.958727 0.326266
0.959123 0.981756
0.95917 0.763516
0.960073 0.946994
0.960271 0.272238
0.960412 0.641037
0.962248 0.503299
0.962357 0.341901
0.963326 0.627926
0.964057 0.898828
0.964483 0.0637672
0.965227 0.573866
0.965654 0.740606
0.965856 0.144873
0.966031 0.0899355
0.966312 0.809299
0.966664 0.721925
0.966929 0.179575
0.966943 0.404927
0.967506 0.871562
0.968438 0.532722
0.968516 0.855895
0.969904 0.172887
0.970006 0.884624
0.970491 0.0381199
0.970907 0.0376019
0.971214 0.195359
0.971511 0.19356
0.971652 0.556443
0.971951 0.577888
0.972719 0.485497
0.973239 0.235143
0.973563 0.676958
0.974526 0.850393
0.975076 0.0990795
0.975212 0.395673
0.975241 0.869364
0.975313 0.0878199
0.976348 0.475007
0.976661 0.733662
0.976915 0.00743091
0.977812 0.0778406
0.978755 0.933853
0.978755 0.935857
0.979614 0.374851
0.979698 0.790023
0.979742 0.529302
0.979982 0.564413
0.980502 0.304402
0.980639 0.599883
0.980993 0.545091
0.981305 0.788774
0.981312 0.916446
0.981445 0.149277
0.981553 0.969534
0.982198 0.800815
0.983332 0.857734
0.984229 0.930946
0.984316 0.40444
0.984489 0.311725
0.985816 0.609473
0.986644 0.520939
0.987175 0.451131
0.988234 0.24903
0.988446 0.819099
0.988859 0.756127
0.989043 0.839325
0.989344 0.913019
0.990604 0.0814933
0.990943 0.777517
0.992837 0.613904
0.993563 0.819307
0.994364 0.272303
0.996513 0.401563
0.997386 0.0596481
0.997467 0.433966
0.997469 0.456882
0.997806 0.119221
0.997837 0.6533
0.998456 0.0542241
0.998624 0.874308
0.999226 0.988465
0.999839 0.289227
0.999842 0.339081
