0.00695637 0.91572
0.00739666 0.315701
0.00801529 0.712993
0.00818761 0.609094
0.00882936 0.395068
0.0175222 0.495451
0.0181181 0.510222
0.0234522 0.160711
0.023958 0.662832
0.0247822 0.514551
0.0267738 0.986985
0.0273824 0.216026
0.0314584 0.720667
0.0370766 0.146063
0.0404292 0.493691
0.0405744 0.93472
0.0409658 0.511805
0.043127 0.834673
0.0432389 0.71542
0.0444743 0.478825
0.0449314 0.161737
0.0457266 0.526381
0.0459968 0.0679295
0.0475799 0.676051
0.0478177 0.672532
0.0510663 0.272038
0.0565638 0.667391
0.0577018 0.794341
0.0578226 0.824564
0.0582373 0.793914
0.0586809 0.249369
0.061072 0.436421
0.0620977 0.675643
0.0639244 0.378145
0.0643355 0.287264
0.0649137 0.00537598
0.0659065 0.690193
0.0683931 0.482285
0.0723954 0.749178
0.074092 0.263834
0.0743638 0.832884
0.0773067 0.294497
0.0781172 0.915111
0.0815165 0.0482873
0.0896203 0.248776
0.0916607 0.541124
0.0926089 0.478328
0.0952618 0.064402
0.096276 0.110093
0.0973598 0.326156
0.0991914 0.110483
0.0996006 0.986903
0.100265 0.147783
0.100534 0.674062
0.109536 0.96372
0.11096 0.899747
0.110985 0.324891
0.112969 0.665967
0.113043 0.91367
0.113475 0.179092
0.114446 0.488103
0.116511 0.202778
0.126191 0.898156
0.129631 0.708408
0.130095 0.5047
0.13153 0.626932
0.138971 0.692031
0.14003 0.481744
0.140325 0.440563
0.147778 0.706377
0.149403 0.0147472
0.149798 0.655429
0.151147 0.326731
0.156737 0.27496
0.158068 0.651763
0.159352 0.22893
0.163303 0.625655
0.163912 0.865051
0.164627 0.893437
0.175722 0.352364
0.17807 0.827632
0.179325 0.917787
0.181381 0.471192
0.183984 0.211377
0.185018 0.5998
0.187829 0.84497
0.188097 0.343207
0.188841 0.848446
0.190738 0.730734
0.191136 0.423767
0.191389 0.674683
0.192169 0.777747
0.192412 0.871634
0.195827 0.268559
0.197904 0.167788
0.202081 0.368246
0.204163 0.373475
0.204457 0.307828
0.20682 0.016392
0.211811 0.910625
0.215978 0.939357
0.220299 0.557905
0.220519 0.262118
0.220539 0.601383
0.22082 0.323415
0.224419 0.808055
0.232762 0.0278689
0.233514 0.673309
0.236221 0.161498
0.236998 0.218214
0.239759 0.626025
0.245245 0.835517
0.245634 0.377947
0.246345 0.314897
0.250203 0.161884
0.250782 0.891337
0.253109 0.998554
0.256723 0.736211
0.257499 0.780343
0.259811 0.635002
0.260261 0.210967
0.261518 0.329125
0.264959 0.168123
0.2682 0.640952
0.273241 0.360805
0.273391 0.883181
0.275199 0.262978
0.276026 0.168394
0.276049 0.549421
0.277676 0.89409
0.277954 0.574415
0.278086 0.78945
0.280044 0.707245
0.283604 0.533311
0.284376 0.502051
0.2854 0.717488
0.286135 0.0648456
0.287048 0.416981
0.290557 0.394019
0.291825 0.707148
0.296111 0.737709
0.300643 0.903011
0.302444 0.182693
0.302481 0.804937
0.303992 0.19882
0.305473 0.0802257
0.307564 0.220248
0.309999 0.152206
0.312459 0.499072
0.313108 0.40219
0.317514 0.460681
0.319911 0.747315
0.321222 0.772871
0.322358 0.877617
0.323705 0.507869
0.326964 0.286232
0.334224 0.308674
0.334925 0.0839626
0.339428 0.771833
0.339488 0.779525
0.349064 0.712522
0.350745 0.968031
0.351576 0.930822
0.351729 0.517398
0.352774 0.076914
0.353128 0.0240155
0.353374 0.149193
0.353467 0.712095
0.354032 0.218849
0.354889 0.626764
0.356807 0.862742
0.359464 0.516005
0.360971 0.845447
0.365839 0.663837
0.376819 0.193549
0.380161 0.373176
0.382067 0.403125
0.386778 0.577689
0.389008 0.057483
0.389758 0.660058
0.389906 0.146206
0.390188 0.892328
0.390588 0.612463
0.391175 0.483206
0.391882 0.36408
0.393453 0.762557
0.395644 0.583292
0.401535 0.591222
0.402078 0.732218
0.403192 0.44185
0.404533 0.980988
0.405669 0.0785731
0.40614 0.987041
0.411327 0.173608
0.417887 0.42123
0.423146 0.810993
0.425851 0.284702
0.426439 0.16306
0.430187 0.159275
0.436302 0.927032
0.437811 0.297131
0.440986 0.655799
0.445303 0.199409
0.446219 0.595083
0.446465 0.740805
0.446916 0.324619
0.447031 0.255877
0.449465 0.156342
0.45046 0.877372
0.450834 0.169476
0.45812 0.630468
0.459721 0.525825
0.460785 0.418361
0.461887 0.932451
0.470307 0.453509
0.47065 0.212942
0.471786 0.302396
0.471862 0.590499
0.472128 0.0512788
0.478105 0.516158
0.481176 0.128958
0.481593 0.133371
0.483461 0.528663
0.48615 0.728943
0.487412 0.938662
0.487635 0.677679
0.491102 0.958553
0.492485 0.190457
0.495243 0.547334
0.499115 0.624213
0.500963 0.680772
0.502936 0.841028
0.503432 0.181832
0.504419 0.766934
0.505094 0.120726
0.512701 0.965791
0.516104 0.152985
0.524995 0.585516
0.525861 0.151657
0.52637 0.701034
0.530413 0.653156
0.530944 0.578974
0.532265 0.784082
0.533359 0.165468
0.533805 0.666691
0.540025 0.193519
0.540034 0.350931
0.543257 0.518586
0.55001 0.0216256
0.55214 0.820894
0.552191 0.670932
0.55337 0.488778
0.555803 0.378278
0.556315 0.98737
0.557839 0.600471
0.557883 0.334373
0.563397 0.0179553
0.565016 0.220059
0.565433 0.230639
0.569245 0.308403
0.574309 0.406301
0.578363 0.545763
0.58228 0.374349
0.582352 0.586379
0.586253 0.154989
0.590284 0.899673
0.595827 0.063192
0.598881 0.386745
0.599052 0.263984
0.600516 0.879724
0.602042 0.527808
0.602162 0.540554
0.602898 0.908464
0.604357 0.430052
0.606564 0.525618
0.607077 0.143609
0.607792 0.157759
0.610055 0.200034
0.610143 0.674075
0.614095 0.0972931
0.615986 0.872243
0.619531 0.464895
0.620055 0.265921
0.625233 0.296478
0.627149 0.499193
0.628011 0.986484
0.630437 0.761437
0.63341 0.725745
0.63436 0.691672
0.63449 0.875338
0.637022 0.429335
0.637677 0.429203
0.638821 0.672821
0.639356 0.660842
0.642403 0.871883
0.642712 0.0557025
0.6441 0.391869
0.655142 0.971066
0.657201 0.57283
0.66389 0.00405569
0.666893 0.462678
0.671306 0.638955
0.672176 0.26921
0.672837 0.367518
0.67321 0.63946
0.673337 0.775621
0.677008 0.476415
0.678393 0.756193
0.68963 0.612478
0.690728 0.060663
0.693557 0.614254
0.696021 0.0302027
0.697607 0.684711
0.698238 0.293769
0.698334 0.891452
0.699835 0.123228
0.700273 0.481182
0.702326 0.985961
0.702716 0.540804
0.703496 0.653885
0.705272 0.499064
0.70592 0.389284
0.706441 0.150059
0.70754 0.632664
0.708416 0.339696
0.714249 0.389201
0.714296 0.177841
0.718312 0.675807
0.719883 0.0712937
0.722063 0.719058
0.7232 0.830207
0.724024 0.668574
0.728075 0.749135
0.733546 0.702071
0.735937 0.885131
0.742546 0.971795
0.749494 0.746413
0.751208 0.5606
0.752294 0.806927
0.754284 0.255115
0.755235 0.233705
0.756007 0.218418
0.757865 0.436827
0.75899 0.340741
0.761465 0.940711
0.763724 0.91204
0.76468 0.979318
0.766414 0.114801
0.768725 0.953119
0.770882 0.218761
0.774056 0.560085
0.774223 0.37336
0.775094 0.00394319
0.776377 0.563579
0.782789 0.337466
0.785228 0.320522
0.786482 0.407743
0.786684 0.794362
0.787012 0.312296
0.787164 0.869852
0.789568 0.271589
0.800883 0.437797
0.804095 0.425548
0.807453 0.865982
0.808892 0.045659
0.80897 0.359151
0.815673 0.0218415
0.822319 0.720457
0.826206 0.0427781
0.82866 0.283166
0.831313 0.884212
0.832767 0.314607
0.834681 0.478699
0.835421 0.913258
0.837749 0.0399939
0.842733 0.820072
0.844278 0.784733
0.845126 0.0318864
0.845875 0.625665
0.850169 0.782183
0.856106 0.56631
0.856126 0.915201
0.860699 0.768676
0.861089 0.32942
0.861374 0.11267
0.867876 0.386237
0.868526 0.311747
0.869438 0.646876
0.871729 0.142853
0.87336 0.553538
0.875296 0.102186
0.87553 0.0391475
0.875597 0.151736
0.876394 0.55088
0.87766 0.824008
0.879437 0.695757
0.881036 0.57975
0.885151 0.729385
0.886958 0.109801
0.890722 0.359457
0.893349 0.509219
0.895147 0.73767
0.897079 0.203681
0.897536 0.891985
0.899506 0.99845
0.899643 0.296852
0.8998 0.944387
0.901478 0.137247
0.908257 0.0671909
0.909882 0.382088
0.910159 0.0383398
0.913941 0.598585
0.914963 0.7835
0.916024 0.610365
0.924471 0.582292
0.925049 0.301782
0.925329 0.997768
0.927561 0.523737
0.933169 0.780036
0.935273 0.133843
0.938736 0.341807
0.939019 0.0941196
0.943324 0.43851
0.94784 0.348852
0.952337 0.930871
0.953266 0.536362
0.955009 0.835745
0.955515 0.336896
0.955588 0.573986
0.956529 0.38103
0.963039 0.798861
0.963386 0.626602
0.964103 0.682967
0.964164 0.710374
0.964337 0.605779
0.965043 0.47255
0.96651 0.141931
0.970719 0.874583
0.970742 0.264195
0.972039 0.0618777
0.974969 0.298435
0.978192 0.471429
0.978768 0.149994
0.981339 0.370469
0.987722 0.639938
0.990583 0.736883
0.993978 0.79257
0.994445 0.636048
0.99693 0.407134
0.999276 0.832555
