0.00474303 0.716055
0.00763384 0.301976
0.0131433 0.899343
0.0152635 0.533319
0.0155581 0.484687
0.0156018 0.220107
0.0259061 0.403157
0.029478 0.436574
0.030868 0.798177
0.0318559 0.401506
0.0347348 0.787925
0.0417251 0.274304
0.0422883 0.739421
0.0484165 0.736609
0.0500687 0.505467
0.0607906 0.707165
0.0665733 0.898149
0.0678519 0.386917
0.0679668 0.318129
0.0695574 0.0506737
0.0706795 0.909578
0.0715418 0.402441
0.0722382 0.108029
0.0729235 0.624891
0.0779379 0.902577
0.0797977 0.160243
0.081658 0.426111
0.0819034 0.549691
0.0836854 0.500064
0.0848662 0.346289
0.0852948 0.549914
0.0870615 0.242102
0.088503 0.469677
0.0942463 0.998237
0.0982593 0.443711
0.101391 0.0708636
0.10989 0.924768
0.115371 0.0442801
0.116581 0.380662
0.118071 0.414925
0.119824 0.887622
0.121288 0.481362
0.121969 0.931622
0.123673 0.578184
0.129835 0.139605
0.129867 0.67021
0.130787 0.130286
0.136505 0.23652
0.138516 0.0309781
0.147942 0.45751
0.151948 0.793807
0.155174 0.0165366
0.166328 0.473373
0.169027 0.84221
0.172282 0.537542
0.17506 0.236079
0.175118 0.214947
0.17644 0.430354
0.17963 0.0434252
0.18075 0.866336
0.18144 0.464773
0.184841 0.629662
0.191009 0.295675
0.191952 0.130205
0.197774 0.994593
0.198145 0.227897
0.199111 0.465852
0.199475 0.580594
0.204394 0.256504
0.206926 0.799607
0.20797 0.345544
0.212883 0.92429
0.213631 0.497751
0.216042 0.0205231
0.216426 0.474703
0.218424 0.0510166
0.219715 0.756583
0.222624 0.636086
0.223163 0.706449
0.230292 0.514177
0.230903 0.791851
0.231777 0.483112
0.232593 0.18872
0.235941 0.461262
0.242331 0.85935
0.242598 0.342991
0.243072 0.31263
0.244566 0.413134
0.244731 0.201325
0.244858 0.32044
0.245154 0.300163
0.24606 0.534872
0.248862 0.619929
0.249301 0.00388957
0.254162 0.699351
0.254181 0.0194027
0.256285 0.374799
0.261798 0.0348786
0.263706 0.100163
0.263982 0.750036
0.266315 0.94976
0.269279 0.769422
0.269843 0.2583
0.276755 0.421984
0.279967 0.409414
0.283138 0.706174
0.28843 0.635674
0.291196 0.132846
0.295668 0.294471
0.301132 0.120573
0.302545 0.867382
0.306814 0.62967
0.306903 0.120476
0.307556 0.0912225
0.311612 0.256833
0.312628 0.345491
0.315284 0.971088
0.31841 0.522544
0.322732 0.162528
0.323155 0.26272
0.326579 0.817159
0.330331 0.876008
0.331868 0.701868
0.333895 0.770547
0.339408 0.435361
0.340497 0.738406
0.341174 0.104916
0.344094 0.191771
0.346208 0.723722
0.346647 0.0934463
0.347787 0.249737
0.349445 0.120127
0.351163 0.995532
0.352333 0.666493
0.3565 0.687813
0.366783 0.52662
0.366843 0.530555
0.367427 0.346873
0.369029 0.268143
0.369064 0.854362
0.371423 0.509948
0.372003 0.258349
0.372133 0.43296
0.37336 0.0533536
0.375093 0.193298
0.376472 0.364023
0.379432 0.111666
0.379795 0.221462
0.379928 0.444096
0.38224 0.314925
0.382707 0.15395
0.384083 0.277811
0.389612 0.20711
0.390148 0.21908
0.39181 0.144262
0.393558 0.526605
0.396575 0.22883
0.39702 0.716286
0.397701 0.156388
0.398855 0.554036
0.400166 0.58867
0.402798 0.825
0.402854 0.766793
0.407429 0.66696
0.411757 0.404923
0.416031 0.230871
0.42121 0.270937
0.422947 0.465439
0.425969 0.26403
0.427414 0.54322
0.428147 0.871818
0.435913 0.38299
0.436339 0.556804
0.436746 0.386094
0.437621 0.100106
0.438783 0.623509
0.439177 0.240086
0.439611 0.534888
0.440053 0.976779
0.452819 0.523575
0.457496 0.135017
0.462471 0.754662
0.472589 0.795471
0.473706 0.572809
0.473898 0.809091
0.475668 0.552378
0.484101 0.286384
0.485091 0.921308
0.489729 0.869316
0.493829 0.780944
0.496615 0.603223
0.498387 0.386557
0.501175 0.251334
0.503259 0.269179
0.509663 0.910299
0.510701 0.347113
0.513052 0.857755
0.51482 0.576358
0.516194 0.670166
0.517811 0.857861
0.520913 0.988368
0.521528 0.317406
0.524303 0.954756
0.525956 0.749903
0.528529 0.983354
0.529905 0.108248
0.530144 0.13702
0.532979 0.770863
0.536375 0.858686
0.536412 0.470614
0.536465 0.363579
0.537868 0.952186
0.541889 0.531859
0.544784 0.178332
0.547657 0.475647
0.548601 0.331151
0.550832 0.839613
0.551368 0.847623
0.55316 0.95421
0.558289 0.15658
0.558616 0.658447
0.562872 0.196573
0.57179 0.0791278
0.571954 0.836741
0.574439 0.599476
0.575178 0.015479
0.575188 0.192065
0.576192 0.0672358
0.578938 0.207948
0.5798 0.691223
0.585191 0.306868
0.589258 0.665609
0.590157 0.76518
0.596156 0.591113
0.59848 0.653767
0.59855 0.829162
0.598697 0.296761
0.600562 0.641433
0.603293 0.538064
0.603726 0.823866
0.604364 0.537743
0.60445 0.985339
0.604727 0.646099
0.60607 0.212856
0.606493 0.325421
0.607382 0.266969
0.61125 0.284728
0.613479 0.743844
0.616616 0.464576
0.616891 0.0794182
0.622537 0.987184
0.623206 0.220208
0.623866 0.321646
0.624065 0.654506
0.631401 0.958625
0.633347 0.667503
0.633484 0.971617
0.635598 0.491484
0.635898 0.542404
0.636498 0.623871
0.637179 0.0725346
0.639302 0.750839
0.639689 0.247312
0.639822 0.495132
0.63987 0.297593
0.640273 0.0709789
0.641564 0.76191
0.64264 0.848642
0.646197 0.63556
0.646638 0.0394382
0.649037 0.370276
0.649598 0.801576
0.650171 0.421138
0.656413 0.33293
0.656457 0.0757929
0.662058 0.214908
0.662544 0.370931
0.663732 0.349813
0.664654 0.847488
0.666405 0.266309
0.669057 0.836339
0.671346 0.315834
0.672883 0.145881
0.673083 0.513302
0.673486 0.274283
0.674853 0.260815
0.678608 0.368141
0.679217 0.593903
0.683805 0.702415
0.69011 0.673067
0.700399 0.603122
0.701544 0.849557
0.70366 0.418488
0.705781 0.0606811
0.714335 0.823501
0.716188 0.975221
0.718493 0.706083
0.724187 0.405925
0.724251 0.482434
0.724993 0.956618
0.72522 0.767488
0.727527 0.542538
0.728009 0.642032
0.732621 0.155489
0.743391 0.168406
0.74424 0.448118
0.744846 0.633863
0.747445 0.302585
0.749802 0.918939
0.755542 0.386445
0.763167 0.546138
0.765474 0.323035
0.766874 0.85177
0.767113 0.864506
0.773673 0.126035
0.774587 0.484995
0.776365 0.37271
0.778147 0.32334
0.780716 0.500958
0.781259 0.615258
0.785287 0.316334
0.78745 0.664051
0.790154 0.118813
0.7928 0.590529
0.798717 0.0435056
0.799871 0.437272
0.806575 0.108016
0.818533 0.0892257
0.819077 0.230816
0.823091 0.688164
0.827684 0.88621
0.82862 0.618589
0.837619 0.870532
0.838188 0.430129
0.838914 0.633458
0.841749 0.267864
0.845116 0.858618
0.845768 0.824677
0.846317 0.0481232
0.847455 0.173343
0.851432 0.0216191
0.852205 0.00400826
0.85326 0.74843
0.853628 0.922074
0.853894 0.390445
0.854045 0.93778
0.854585 0.0112496
0.856389 0.330408
0.856895 0.827944
0.863926 0.00896046
0.865246 0.186895
0.867115 0.6049
0.867122 0.712145
0.870194 0.344878
0.874551 0.582226
0.878692 0.179044
0.881566 0.47816
0.889435 0.741796
0.890957 0.316931
0.891052 0.903806
0.891466 0.875011
0.89374 0.0870791
0.894 0.455852
0.897065 0.964867
0.899262 0.899648
0.900413 0.245994
0.901776 0.145098
0.902244 0.0132597
0.905228 0.163601
0.907618 0.341645
0.909064 0.639508
0.909674 0.895527
0.917461 0.761562
0.926006 0.385902
0.927649 0.00292852
0.92949 0.943924
0.929892 0.696398
0.932582 0.905208
0.937155 0.770337
0.942153 0.763972
0.948299 0.065183
0.951593 0.420803
0.951873 0.126807
0.952587 0.126603
0.953836 0.126192
0.958884 0.967447
0.959337 0.577456
0.963868 0.737679
0.966248 0.732649
0.969473 0.935359
0.972798 0.816152
0.980759 0.615768
0.981054 0.580747
0.984157 0.722906
0.986629 0.272373
0.987329 0.0454238
0.991378 0.0866181
0.992121 0.585651
0.995082 0.346818
0.997896 0.634899
