0.000421946 0.091661
0.000612216 0.289515
0.000733833 0.333536
0.000737899 0.401884
0.00170708 0.690891
0.00180411 0.321734
0.00318743 0.571114
0.00571581 0.0656304
0.00580609 0.582889
0.00627315 0.432855
0.00641063 0.743419
0.0068729 0.512867
0.00746277 0.426709
0.00768416 0.147615
0.00826026 0.830227
0.00984256 0.42387
0.0112021 0.273667
0.0118743 0.570553
0.0123972 0.360513
0.012559 0.0798634
0.0132225 0.229966
0.0151627 0.839951
0.0155509 0.364004
0.0161197 0.923359
0.0162384 0.918558
0.0167125 0.886945
0.016948 0.844881
0.0179549 0.767886
0.0180379 0.162279
0.0182073 0.0100206
0.019732 0.635659
0.0207022 0.941758
0.0209606 0.284947
0.0227023 0.558018
0.0229231 0.268703
0.0237007 0.337965
0.0247638 0.205519
0.0252798 0.878216
0.0257626 0.992189
0.0264976 0.344727
0.0268529 0.317092
0.0268735 0.663206
0.0272494 0.980228
0.0275431 0.916406
0.0280692 0.758403
0.0282773 0.256367
0.0290807 0.760032
0.030213 0.78941
0.0306436 0.0275574
0.0312502 0.222139
0.0320838 0.232107
0.0333042 0.744309
0.036472 0.985126
0.0378802 0.651856
0.0385616 0.104988
0.0394735 0.431414
0.0407115 0.238975
0.041121 0.120294
0.0415126 0.702905
0.0420167 0.1743
0.0424993 0.285213
0.0447424 0.985444
0.0449626 0.686729
0.0458455 0.525072
0.047178 0.920979
0.0484836 0.864561
0.0489094 0.0203665
0.0491682 0.37063
0.04972 0.643868
0.0511584 0.818537
0.0515283 0.0366342
0.0529552 0.018508
0.0531352 0.0431101
0.0536979 0.50134
0.0540095 0.737815
0.0555274 0.249642
0.0575111 0.589318
0.0579856 0.564498
0.0598657 0.162313
0.0614704 0.132357
0.0634681 0.7086
0.0635914 0.780139
0.0643284 0.166706
0.065652 0.412856
0.0661702 0.121789
0.0669348 0.972969
0.0670424 0.782175
0.0673663 0.225564
0.0674274 0.251663
0.0676342 0.727276
0.0678542 0.425564
0.0681344 0.13559
0.0689149 0.252131
0.0691985 0.0199084
0.0693229 0.109995
0.0697945 0.035634
0.0712523 0.538071
0.0726905 0.70874
0.0727631 0.928816
0.0728256 0.979843
0.073347 0.742637
0.0751903 0.723836
0.0755856 0.36653
0.0761281 0.485518
0.0762312 0.218206
0.0762465 0.47484
0.0765363 0.345628
0.0777531 0.796659
0.0782053 0.395985
0.0783963 0.605798
0.0797501 0.36045
0.0800917 0.100482
0.0810746 0.621251
0.0811546 0.964733
0.0824757 0.169137
0.0832934 0.91228
0.085159 0.266492
0.0853252 0.0600754
0.0856896 0.184327
0.0868868 0.306861
0.0869217 0.893636
0.0880068 0.130438
0.0880847 0.4395
0.0891329 0.0561482
0.0898293 0.761509
0.089928 0.420441
0.0909574 0.721483
0.091537 0.462511
0.0929877 0.844727
0.0930286 0.531968
0.0938793 0.830283
0.0942271 0.674969
0.0947051 0.708001
0.0949688 0.140911
0.0965339 0.445338
0.0984313 0.335641
0.0995132 0.518206
0.0998121 0.541162
0.100044 0.441379
0.100797 0.0951542
0.102237 0.289702
0.102551 0.575905
0.103091 0.643545
0.10562 0.147053
0.105653 0.701763
0.106277 0.189693
0.107213 0.924045
0.108918 0.57722
0.11067 0.0259064
0.110828 0.680024
0.113631 0.789382
0.114288 0.836318
0.114398 0.691778
0.116516 0.288571
0.117131 0.613227
0.117276 0.0575662
0.117759 0.178426
0.119669 0.270132
0.119816 0.743977
0.120038 0.481585
0.123305 0.394843
0.124302 0.151749
0.125024 0.272314
0.127208 0.979661
0.127229 0.33555
0.129703 0.925463
0.130174 0.839073
0.130389 0.451983
0.131316 0.0252916
0.132447 0.0397297
0.133446 0.828528
0.136093 0.312789
0.13613 0.928983
0.136401 0.488907
0.137673 0.863176
0.13908 0.516851
0.139928 0.77817
0.140752 0.621155
0.141291 0.674214
0.143814 0.0869757
0.144862 0.691869
0.145284 0.788554
0.1473 0.664618
0.147368 0.808959
0.147556 0.979922
0.148187 0.580786
0.148271 0.987012
0.149622 0.694002
0.150568 0.590461
0.1529 0.787556
0.152926 0.231162
0.153863 0.971141
0.153971 0.795006
0.156599 0.962589
0.157258 0.029803
0.157483 0.818384
0.157614 0.0229079
0.159764 0.148286
0.159805 0.834494
0.161086 0.371966
0.161563 0.397633
0.16269 0.338441
0.163864 0.0620497
0.163878 0.292552
0.164273 0.939871
0.164472 0.274429
0.164986 0.924163
0.165321 0.552231
0.165861 0.633629
0.166363 0.0607029
0.166478 0.00136858
0.166927 0.54602
0.16699 0.602697
0.169089 0.883461
0.169122 0.430845
0.170351 0.0837022
0.170469 0.0771646
0.171364 0.106924
0.171674 0.320249
0.173601 0.720134
0.173752 0.255823
0.174099 0.0817407
0.174771 0.369463
0.175233 0.134121
0.17535 0.102281
0.175495 0.54565
0.176306 0.179553
0.176657 0.0661564
0.177007 0.948432
0.177138 0.159679
0.177901 0.980633
0.177971 0.162877
0.178077 0.933116
0.178537 0.663471
0.180243 0.345964
0.180466 0.0919928
0.180479 0.317541
0.182923 0.385326
0.183447 0.195775
0.183507 0.207591
0.185002 0.328038
0.185234 0.226297
0.185506 0.801835
0.185915 0.67302
0.186191 0.306465
0.187754 0.579798
0.188477 0.734729
0.189854 0.870854
0.18991 0.818658
0.190095 0.918957
0.193203 0.166976
0.193977 0.176445
0.194383 0.9979
0.194755 0.255443
0.194945 0.441471
0.19501 0.526746
0.195091 0.891735
0.195173 0.276134
0.195272 0.933689
0.19613 0.36002
0.198444 0.248787
0.199364 0.705201
0.202867 0.590177
0.20385 0.11086
0.205317 0.755408
0.205723 0.589472
0.206036 0.839784
0.207052 0.914879
0.20846 0.584582
0.209121 0.690224
0.210558 0.847267
0.210592 0.421597
0.210663 0.612912
0.210989 0.0842012
0.211515 0.938337
0.211613 0.575449
0.213528 0.766433
0.21407 0.869267
0.215024 0.903354
0.2166 0.395872
0.217284 0.88416
0.217833 0.120943
0.218203 0.345325
0.218376 0.247515
0.219542 0.850527
0.219559 0.120983
0.219586 0.582371
0.219859 0.171918
0.21986 0.182585
0.22168 0.771143
0.224582 0.556088
0.224625 0.277461
0.225014 0.806085
0.225171 0.448408
0.227475 0.170638
0.228884 0.849318
0.231175 0.350977
0.23264 0.987902
0.233376 0.343321
0.233449 0.580913
0.233823 0.865597
0.233943 0.881435
0.23407 0.0171725
0.234407 0.679316
0.234972 0.179268
0.235532 0.590164
0.237215 0.871532
0.237696 0.95823
0.237949 0.209388
0.240829 0.605958
0.241529 0.374579
0.242647 0.167742
0.243552 0.382055
0.243805 0.633346
0.244644 0.738264
0.244703 0.715034
0.246256 0.832411
0.24673 0.794028
0.247897 0.40118
0.248032 0.66945
0.249294 0.876977
0.250112 0.631782
0.250694 0.418946
0.251057 0.507643
0.251064 0.640245
0.25141 0.444671
0.252144 0.787991
0.252255 0.654587
0.253425 0.314396
0.253636 0.854779
0.25364 0.933231
0.254907 0.213676
0.255649 0.691093
0.256918 0.0154366
0.25731 0.613262
0.260634 0.478981
0.261162 0.350797
0.261936 0.355334
0.262421 0.516328
0.263572 0.850395
0.263683 0.712226
0.264536 0.0640806
0.265957 0.93338
0.266589 0.563327
0.266872 0.313698
0.269642 0.879617
0.269928 0.681282
0.270142 0.284864
0.270568 0.431974
0.270649 0.793238
0.270717 0.944122
0.272239 0.52781
0.274976 0.521129
0.27723 0.403894
0.278427 0.518391
0.27891 0.634391
0.279073 0.387817
0.280396 0.614134
0.281993 0.459332
0.2839 0.507039
0.2842 0.543151
0.284791 0.481121
0.286048 0.615692
0.286371 0.0381916
0.287276 0.255048
0.288022 0.782318
0.288079 0.736008
0.290114 0.941288
0.290541 0.120832
0.291124 0.912715
0.291657 0.881907
0.291864 0.365564
0.292804 0.157346
0.293508 0.987952
0.294625 0.76007
0.296299 0.904555
0.29739 0.228848
0.297623 0.158061
0.297712 0.648577
0.298357 0.478559
0.299522 0.0670295
0.299658 0.349308
0.300308 0.274771
0.30185 0.186604
0.30221 0.239322
0.303188 0.675668
0.303477 0.539264
0.304689 0.902005
0.304753 0.983617
0.306038 0.585969
0.306223 0.69134
0.307175 0.695302
0.307459 0.468495
0.307585 0.580136
0.309803 0.853078
0.310567 0.695266
0.311495 0.298581
0.3117 0.747067
0.312313 0.0433134
0.3151 0.884564
0.315386 0.68464
0.315583 0.996643
0.316778 0.0861576
0.317392 0.399035
0.319509 0.994082
0.320558 0.626634
0.321481 0.136064
0.321574 0.690482
0.322157 0.49679
0.322322 0.257597
0.323434 0.955411
0.324539 0.530978
0.324563 0.92592
0.324918 0.893456
0.325857 0.682459
0.326053 0.970654
0.326123 0.145525
0.3272 0.244817
0.328031 0.216953
0.328332 0.278281
0.329088 0.974593
0.332008 0.0573394
0.333748 0.305444
0.333878 0.490394
0.336043 0.873439
0.33699 0.79121
0.337092 0.500176
0.337372 0.204255
0.337532 0.897363
0.337732 0.268986
0.338224 0.528021
0.33938 0.962508
0.339591 0.509489
0.339676 0.928433
0.339863 0.0754944
0.340896 0.44166
0.341436 0.507843
0.341619 0.585031
0.342065 0.0948315
0.342085 0.415047
0.342688 0.561919
0.343029 0.292176
0.344112 0.491756
0.344942 0.443879
0.345744 0.915784
0.346127 0.349271
0.346844 0.415278
0.347894 0.0597182
0.348721 0.961878
0.348739 0.26306
0.348816 0.558817
0.34941 0.525863
0.352791 0.359908
0.353935 0.578262
0.354926 0.249352
0.355231 0.362444
0.355629 0.0611196
0.356714 0.295253
0.356993 0.976674
0.357469 0.982314
0.357691 0.717245
0.35827 0.435608
0.359311 0.944307
0.360203 0.938175
0.361364 0.449862
0.361392 0.914404
0.362173 0.0459242
0.363228 0.76653
0.36379 0.215572
0.364595 0.75127
0.365867 0.121234
0.366066 0.46422
0.367068 0.315074
0.367322 0.577761
0.367404 0.951054
0.368102 0.688221
0.370243 0.67605
0.37115 0.918632
0.371688 0.964843
0.37177 0.346526
0.372359 0.241452
0.372545 0.370544
0.373054 0.913245
0.373329 0.538097
0.373421 0.0851195
0.374971 0.132169
0.375637 0.322851
0.377632 0.867273
0.378754 0.722202
0.379436 0.186768
0.381471 0.390631
0.381835 0.503401
0.381967 0.713435
0.382511 0.857194
0.3831 0.759343
0.38366 0.174622
0.384147 0.361967
0.384453 0.499555
0.384458 0.588784
0.384503 0.344623
0.384691 0.507588
0.38544 0.0817692
0.387981 0.79821
0.388437 0.463505
0.388652 0.0687217
0.38911 0.769877
0.389465 0.736638
0.389529 0.820097
0.389582 0.702497
0.390594 0.706544
0.390596 0.743125
0.390716 0.769246
0.391358 0.548286
0.394219 0.64426
0.394536 0.964078
0.394601 0.0613503
0.394749 0.547044
0.394878 0.71883
0.395354 0.710845
0.395545 0.932992
0.396367 0.738387
0.397068 0.51694
0.397335 0.00312397
0.397714 0.374892
0.398856 0.574158
0.398967 0.435785
0.399994 0.701804
0.400989 0.418749
0.401233 0.528117
0.402527 0.27226
0.403735 0.579027
0.404211 0.571315
0.404778 0.0971101
0.404857 0.424901
0.406593 0.610269
0.407641 0.216258
0.409159 0.742744
0.409778 0.133822
0.410165 0.651145
0.410811 0.494713
0.410824 0.711088
0.413803 0.781632
0.414399 0.810459
0.414715 0.108527
0.416202 0.110467
0.41642 0.772957
0.416485 0.869134
0.416679 0.121562
0.416813 0.371118
0.417014 0.754544
0.41788 0.303913
0.417929 0.126065
0.419203 0.538573
0.419398 0.826674
0.419734 0.469204
0.420146 0.394391
0.423001 0.377305
0.423075 0.621682
0.424521 0.931887
0.425515 0.632827
0.425954 0.0115204
0.42634 0.49483
0.426823 0.614258
0.431636 0.511876
0.431654 0.810295
0.434709 0.146323
0.434893 0.252218
0.436182 0.90779
0.438012 0.673091
0.438202 0.862602
0.438921 0.951689
0.439196 0.57381
0.440355 0.0448385
0.441966 0.12183
0.442148 0.179577
0.442493 0.972749
0.443037 0.130118
0.443522 0.267577
0.444996 0.0555594
0.445412 0.0457985
0.445558 0.493253
0.446252 0.162393
0.447034 0.300182
0.447239 0.742008
0.447649 0.630622
0.449584 0.154438
0.449648 0.225602
0.45005 0.993079
0.450097 0.787455
0.451059 0.940643
0.451376 0.271082
0.451428 0.144778
0.451492 0.226602
0.45244 0.162044
0.452445 0.250654
0.453625 0.0819463
0.453871 0.208008
0.454375 0.673095
0.45456 0.783905
0.454859 0.823038
0.455789 0.449527
0.459428 0.609472
0.459435 0.724473
0.460649 0.127183
0.46071 0.155874
0.460995 0.939139
0.46215 0.350499
0.467698 0.595185
0.469466 0.313772
0.469552 0.760437
0.469669 0.724574
0.471538 0.140481
0.472503 0.35203
0.472898 0.997518
0.475188 0.481223
0.476619 0.534153
0.477262 0.339653
0.477671 0.214633
0.477679 0.348887
0.478954 0.773698
0.480236 0.332105
0.481897 0.248005
0.482943 0.822258
0.484406 0.403733
0.484581 0.348467
0.486813 0.86841
0.486827 0.0942794
0.488462 0.576066
0.489027 0.0768873
0.489323 0.060234
0.491223 0.981967
0.492901 0.192827
0.493401 0.594795
0.494207 0.144384
0.495809 0.0600118
0.496296 0.253477
0.498831 0.854612
0.499092 0.233841
0.499215 0.310279
0.500559 0.893721
0.50149 0.543384
0.501805 0.828828
0.502758 0.860676
0.504081 0.0813664
0.50456 0.139334
0.505764 0.367665
0.506352 0.250788
0.506509 0.892572
0.507616 0.499929
0.508636 0.642949
0.508688 0.519682
0.511282 0.123125
0.511972 0.709368
0.512599 0.243074
0.512989 0.809476
0.515021 0.953217
0.515377 0.94269
0.517099 0.887954
0.517962 0.390537
0.518278 0.691243
0.518531 0.951832
0.519124 0.914761
0.51913 0.0137568
0.519939 0.619227
0.520243 0.717754
0.52225 0.463524
0.522601 0.347584
0.524819 0.634849
0.524902 0.020242
0.525157 0.316426
0.525784 0.858263
0.526611 0.746844
0.527678 0.678262
0.529141 0.26664
0.530094 0.296484
0.531345 0.311921
0.531488 0.716683
0.531819 0.273734
0.532404 0.116559
0.532755 0.0177745
0.533159 0.806946
0.53369 0.723075
0.534309 0.130049
0.538541 0.265688
0.538727 0.388385
0.540386 0.273074
0.540971 0.0947055
0.541591 0.518412
0.543322 0.620782
0.546173 0.52735
0.546743 0.116969
0.547017 0.7159
0.547099 0.089725
0.547356 0.411125
0.548322 0.647476
0.548883 0.0803485
0.551291 0.547616
0.551687 0.208232
0.552109 0.287981
0.55362 0.682843
0.553889 0.212511
0.554079 0.410334
0.556309 0.877645
0.556982 0.202832
0.55868 0.732695
0.559908 0.378884
0.561499 0.111421
0.562881 0.340609
0.56344 0.73136
0.563838 0.424863
0.564172 0.0329491
0.564245 0.2605
0.565739 0.375898
0.566647 0.630258
0.567485 0.727803
0.568193 0.619846
0.568501 0.804033
0.568667 0.581964
0.568766 0.25251
0.569778 0.253223
0.56983 0.139755
0.570741 0.446381
0.571236 0.761389
0.572307 0.76736
0.572364 0.718515
0.572668 0.825072
0.574128 0.365248
0.574261 0.600678
0.574387 0.72412
0.574817 0.949033
0.57522 0.729995
0.575279 0.722637
0.5756 0.104949
0.575921 0.507812
0.576147 0.298514
0.577839 0.743328
0.578435 0.752041
0.579771 0.208963
0.580774 0.0683159
0.581105 0.62694
0.581706 0.726181
0.581898 0.957501
0.582113 0.580687
0.58378 0.588844
0.584174 0.208262
0.584702 0.0787317
0.587241 0.757082
0.587474 0.670861
0.590288 0.969766
0.590723 0.285152
0.591904 0.134319
0.592036 0.35567
0.592613 0.0428756
0.592694 0.40536
0.593094 0.130716
0.593666 0.751453
0.594182 0.421802
0.595487 0.347407
0.596462 0.729461
0.596517 0.66047
0.59668 0.401883
0.596804 0.491751
0.597428 0.964607
0.597438 0.133108
0.598654 0.581118
0.599609 0.632469
0.600076 0.481159
0.601174 0.935683
0.601456 0.662544
0.602015 0.0676018
0.604021 0.784336
0.604366 0.586071
0.606025 0.466134
0.606109 0.87632
0.606196 0.33352
0.607227 0.658409
0.607412 0.780943
0.608525 0.476026
0.608846 0.874624
0.609564 0.939269
0.610832 0.253251
0.611016 0.353448
0.612365 0.0190207
0.612708 0.776442
0.613313 0.952217
0.613508 0.229674
0.615403 0.0768372
0.615466 0.135103
0.616033 0.66262
0.616475 0.0942506
0.617574 0.568348
0.61807 0.900348
0.61809 0.241124
0.618095 0.316632
0.619005 0.620088
0.61908 0.870593
0.62017 0.203855
0.620711 0.290653
0.621608 0.367997
0.622483 0.0660362
0.623018 0.0696557
0.623092 0.306465
0.623729 0.0074985
0.624545 0.728885
0.625782 0.52624
0.6262 0.552207
0.627991 0.647367
0.62885 0.0756622
0.631142 0.599556
0.631286 0.0169103
0.632638 0.754767
0.633554 0.13597
0.635711 0.389958
0.636027 0.697442
0.637674 0.388803
0.638343 0.630052
0.640302 0.561708
0.640355 0.444968
0.64054 0.552374
0.640724 0.643281
0.641432 0.540176
0.642319 0.456046
0.645297 0.510068
0.646313 0.57772
0.646571 0.913153
0.647106 0.913533
0.647904 0.329706
0.65099 0.191346
0.651504 0.823698
0.65193 0.982024
0.652297 0.157178
0.652476 0.163349
0.652813 0.822064
0.654093 0.340682
0.654281 0.502794
0.655402 0.340919
0.656326 0.866565
0.658022 0.375524
0.662053 0.118448
0.663067 0.170956
0.663635 0.721333
0.66366 0.134112
0.663944 0.90329
0.66469 0.445328
0.664913 0.200389
0.664997 0.608682
0.66503 0.159478
0.665641 0.436463
0.665705 0.511126
0.665794 0.00122724
0.667337 0.939521
0.668438 0.440737
0.66858 0.831098
0.669096 0.496039
0.669853 0.216582
0.670559 0.0886752
0.671015 0.746386
0.672742 0.782052
0.672789 0.570034
0.673089 0.614027
0.675421 0.808782
0.675696 0.428077
0.675787 0.955941
0.678859 0.588863
0.678888 0.0645103
0.67916 0.634492
0.679164 0.712716
0.679576 0.626374
0.679904 0.14056
0.681021 0.914823
0.68178 0.67535
0.682169 0.212301
0.683545 0.346595
0.685763 0.620109
0.686104 0.34779
0.686459 0.315186
0.686939 0.375469
0.687164 0.171689
0.687523 0.196318
0.68774 0.849214
0.688129 0.375803
0.688417 0.230429
0.689866 0.572684
0.690357 0.823665
0.690417 0.84089
0.690514 0.472868
0.690628 0.391158
0.691131 0.835192
0.692108 0.263218
0.693572 0.864361
0.694277 0.70817
0.694909 0.338344
0.694943 0.90556
0.695172 0.75993
0.695757 0.589677
0.696417 0.6884
0.696583 0.470314
0.69838 0.668
0.699402 0.847718
0.701075 0.97558
0.701227 0.528526
0.702411 0.417224
0.702878 0.273185
0.703078 0.631973
0.703634 0.980493
0.703667 0.538435
0.704854 0.482904
0.705237 0.922949
0.705453 0.552975
0.705749 0.524536
0.705815 0.624501
0.707404 0.34205
0.708823 0.184004
0.709423 0.272867
0.710174 0.890047
0.71034 0.676289
0.710952 0.976973
0.710971 0.297071
0.711129 0.947244
0.711528 0.656118
0.711959 0.901575
0.712224 0.343149
0.713287 0.216408
0.713679 0.80038
0.714357 0.19692
0.714488 0.405764
0.714964 0.40285
0.715319 0.365401
0.715371 0.248184
0.715499 0.386622
0.715951 0.98252
0.716858 0.239691
0.717543 0.747005
0.717974 0.986428
0.718843 0.587701
0.720734 0.378186
0.72121 0.374583
0.721768 0.747373
0.722593 0.612428
0.722966 0.893105
0.723545 0.620014
0.725329 0.598546
0.725475 0.0611283
0.726837 0.954479
0.727934 0.392419
0.732444 0.190571
0.732914 0.0868764
0.734095 0.936912
0.735019 0.461588
0.735227 0.954403
0.73532 0.51963
0.735849 0.412827
0.73602 0.287867
0.736653 0.922087
0.736663 0.0884524
0.736924 0.476635
0.736987 0.543283
0.739081 0.729191
0.739426 0.530229
0.739525 0.195399
0.740527 0.0347324
0.740675 0.531822
0.741231 0.873986
0.74136 0.0414916
0.742261 0.177666
0.742646 0.649221
0.742719 0.882672
0.743195 0.873982
0.743317 0.921626
0.744552 0.684757
0.745248 0.38478
0.74783 0.780949
0.748239 0.655984
0.748508 0.178091
0.749521 0.194645
0.750079 0.576075
0.750597 0.290596
0.750655 0.253764
0.750766 0.119351
0.751832 0.0451645
0.752087 0.329546
0.752361 0.923116
0.752783 0.0231278
0.752852 0.183387
0.753582 0.455494
0.753592 0.614142
0.754573 0.116347
0.756032 0.636127
0.757189 0.0761398
0.757494 0.198749
0.757964 0.106192
0.75868 0.140729
0.760918 0.748985
0.761419 0.175824
0.763222 0.468209
0.763447 0.257557
0.764853 0.885061
0.765014 0.593939
0.766077 0.454325
0.767444 0.435378
0.769055 0.499847
0.772826 0.882818
0.772843 0.168738
0.772886 0.896199
0.773952 0.818851
0.773984 0.345855
0.774056 0.566135
0.776029 0.719778
0.776516 0.901636
0.777413 0.97952
0.779271 0.215131
0.781026 0.705806
0.781194 0.524606
0.782058 0.0572506
0.783441 0.294672
0.78668 0.726804
0.787 0.10885
0.788379 0.28323
0.788577 0.613108
0.788795 0.279237
0.789277 0.384867
0.789308 0.898504
0.790179 0.536538
0.790735 0.87864
0.791218 0.99824
0.791694 0.00587569
0.792515 0.791509
0.793253 0.197963
0.794996 0.496344
0.796728 0.610861
0.797485 0.328124
0.797537 0.196373
0.797585 0.0158801
0.798858 0.397912
0.798882 0.807145
0.798941 0.800312
0.799388 0.313258
0.799542 0.897744
0.799935 0.500101
0.800033 0.153531
0.800133 0.827857
0.802349 0.0727582
0.802619 0.61703
0.802991 0.869438
0.803339 0.716746
0.803437 0.372234
0.803919 0.465467
0.804515 0.4794
0.804731 0.122442
0.806124 0.529195
0.807028 0.71556
0.807056 0.192476
0.810832 0.649726
0.810937 0.411951
0.81122 0.171095
0.811259 0.836157
0.811661 0.594673
0.81605 0.355863
0.817142 0.705537
0.817566 0.824676
0.818016 0.390044
0.818658 0.190512
0.82046 0.466328
0.821385 0.0201651
0.824174 0.884339
0.824518 0.681127
0.824723 0.123376
0.825961 0.924887
0.826645 0.429618
0.830209 0.315133
0.830451 0.381707
0.83113 0.800834
0.83149 0.856518
0.832081 0.791953
0.832095 0.0230031
0.832626 0.936768
0.832877 0.167422
0.833254 0.498633
0.83327 0.768565
0.834761 0.82557
0.835672 0.139052
0.836326 0.129004
0.837609 0.6877
0.837879 0.225296
0.838349 0.127495
0.839826 0.962568
0.840545 0.0383509
0.84125 0.881886
0.841701 0.465387
0.844563 0.568569
0.845099 0.584469
0.845345 0.719085
0.845625 0.420228
0.846469 0.596804
0.846536 0.728912
0.847845 0.725447
0.84816 0.0299799
0.848534 0.314108
0.849556 0.482204
0.849641 0.911299
0.85131 0.972245
0.851442 0.179367
0.851653 0.730496
0.852176 0.517545
0.852336 0.214105
0.853075 0.637699
0.853311 0.604337
0.853709 0.285678
0.85408 0.526659
0.854411 0.0890399
0.854846 0.390721
0.855829 0.917932
0.85619 0.978617
0.857513 0.216103
0.85764 0.360739
0.858701 0.182274
0.861249 0.00640588
0.861401 0.560416
0.861575 0.485318
0.862392 0.225261
0.864436 0.57255
0.864599 0.311302
0.864805 0.780959
0.86503 0.55762
0.865636 0.748875
0.8657 0.827153
0.866105 0.6265
0.866636 0.556113
0.867122 0.718601
0.867458 0.363699
0.86807 0.647689
0.868087 0.941115
0.868248 0.644414
0.86923 0.149029
0.86974 0.725266
0.869861 0.750128
0.87002 0.421072
0.870938 0.862303
0.871058 0.863294
0.871337 0.564015
0.871608 0.116724
0.872513 0.333299
0.873265 0.964252
0.874066 0.42009
0.874774 0.323121
0.876519 0.660587
0.87952 0.091034
0.880236 0.134055
0.881419 0.00742172
0.881648 0.850294
0.881967 0.226595
0.882665 0.950582
0.885103 0.928223
0.885748 0.767885
0.886176 0.95862
0.886979 0.451618
0.887114 0.71696
0.887115 0.735211
0.887717 0.863253
0.887919 0.258606
0.888063 0.671937
0.888443 0.0569868
0.888961 0.771039
0.890309 0.428518
0.890415 0.203594
0.890668 0.464715
0.890965 0.451553
0.892139 0.180233
0.893017 0.928384
0.895507 0.779518
0.896856 0.45647
0.897286 0.686008
0.897431 0.127397
0.898824 0.5402
0.900456 0.972641
0.900612 0.591791
0.901416 0.092802
0.902288 0.751545
0.904033 0.0887602
0.904292 0.427253
0.904693 0.182873
0.904997 0.281894
0.905901 0.484115
0.905908 0.591853
0.906554 0.446166
0.907137 0.250322
0.908545 0.914875
0.909112 0.438925
0.909918 0.989689
0.910126 0.483067
0.910183 0.449036
0.910812 0.0104164
0.910822 0.184624
0.911032 0.720522
0.911784 0.36043
0.912621 0.420338
0.913766 0.668064
0.913812 0.43425
0.913945 0.675933
0.913946 0.683165
0.914362 0.686873
0.915799 0.827364
0.916216 0.841325
0.91854 0.893914
0.91856 0.230119
0.918673 0.135081
0.920231 0.315561
0.920956 0.509021
0.921498 0.613937
0.92234 0.767363
0.92299 0.699368
0.92409 0.173043
0.925296 0.451542
0.927968 0.364305
0.929233 0.620403
0.929918 0.134596
0.930013 0.734909
0.930511 0.10143
0.930661 0.620966
0.931351 0.217493
0.931951 0.307483
0.932083 0.526853
0.932694 0.785588
0.934068 0.880061
0.934361 0.803817
0.934401 0.47935
0.934554 0.0411637
0.936512 0.956431
0.937666 0.350237
0.93793 0.790723
0.938069 0.124484
0.938154 0.547137
0.93889 0.924196
0.942333 0.788442
0.944033 0.364613
0.944263 0.231896
0.944316 0.120706
0.944449 0.359712
0.945124 0.693853
0.946127 0.563325
0.946728 0.657385
0.947292 0.134696
0.948821 0.833949
0.949393 0.447094
0.950258 0.994193
0.953789 0.338437
0.955018 0.990848
0.955316 0.989777
0.955628 0.243908
0.955823 0.520355
0.955983 0.209456
0.956327 0.992501
0.956488 0.698406
0.957907 0.538646
0.958123 0.173157
0.958384 0.559485
0.958507 0.627477
0.959265 0.365981
0.960134 0.965682
0.961174 0.452921
0.963811 0.765816
0.964436 0.274963
0.964823 0.784734
0.967483 0.485143
0.967671 0.651747
0.967939 0.149522
0.967984 0.899672
0.968439 0.547099
0.968541 0.270998
0.970634 0.451483
0.97198 0.0676079
0.972873 0.0687855
0.974979 0.465787
0.975855 0.19301
0.978188 0.410086
0.978266 0.718889
0.979005 0.143149
0.979167 0.857733
0.979566 0.56472
0.980029 0.347911
0.980911 0.167916
0.980984 0.402909
0.981881 0.475675
0.98319 0.467412
0.983777 0.334437
0.986663 0.843995
0.987114 0.417189
0.988302 0.386374
0.989245 0.236924
0.989325 0.58925
0.990168 0.758023
0.992558 0.9191
0.993638 0.0755718
0.994856 0.537505
0.995021 0.310857
0.996793 0.106674
0.997593 0.541897
0.998148 0.86938
0.999227 0.00427471
0.999909 0.467245
