0.00126736 0.30045
0.00193179 0.46763
0.001957 0.891334
0.0032598 0.787512
0.00404881 0.0484259
0.00445161 0.818188
0.0056425 0.833502
0.00570446 0.874847
0.00576097 0.824561
0.00655303 0.136801
0.00663481 0.51126
0.00697937 0.30228
0.00895282 0.470049
0.00933389 0.87468
0.00966246 0.396951
0.00969767 0.988671
0.010295 0.0280247
0.0111843 0.974433
0.0115793 0.613292
0.0124006 0.416299
0.0127058 0.545945
0.0133629 0.590572
0.013377 0.826435
0.0134826 0.601776
0.01401 0.465938
0.0142169 0.943288
0.0144494 0.850649
0.0159992 0.898943
0.0162288 0.757179
0.016421 0.987849
0.0172864 0.533274
0.0175154 0.381601
0.0182856 0.326158
0.0190949 0.928787
0.0237848 0.751626
0.0242122 0.93459
0.0258434 0.349602
0.0259734 0.534513
0.0264073 0.828118
0.0267129 0.96339
0.0275664 0.308585
0.0277153 0.810526
0.0291634 0.148797
0.0301054 0.981362
0.0308471 0.447188
0.0329059 0.0491393
0.0346648 0.610925
0.0359883 0.854546
0.0364149 0.0258093
0.036525 0.875071
0.0369573 0.140986
0.0371283 0.0158461
0.0371975 0.178649
0.037817 0.590287
0.038344 0.448274
0.0393763 0.797002
0.0395408 0.56288
0.0404551 0.929134
0.0417311 0.374004
0.042289 0.751145
0.043498 0.0705207
0.0437306 0.980966
0.0450591 0.308032
0.0452694 0.843352
0.0453719 0.565388
0.0463754 0.431785
0.0473792 0.301751
0.0478448 0.12751
0.0485649 0.230395
0.0489297 0.36079
0.0499278 0.136714
0.0500095 0.510023
0.0501096 0.192606
0.0510036 0.21702
0.0510964 0.777403
0.0514462 0.65629
0.0516145 0.484293
0.0518377 0.236771
0.0524199 0.0218695
0.0531383 0.0951633
0.0534031 0.546708
0.0535236 0.571977
0.0543023 0.65805
0.0543363 0.230572
0.0549724 0.921526
0.0553174 0.720325
0.0562166 0.833013
0.056265 0.645875
0.0573235 0.436457
0.0574233 0.11418
0.0575347 0.985825
0.0577674 0.896075
0.0580981 0.454167
0.0582729 0.392726
0.058431 0.0496606
0.0600949 0.0153833
0.0605239 0.224769
0.0609847 0.96965
0.061133 0.462708
0.0612267 0.0377729
0.0613064 0.37728
0.0615803 0.980429
0.0615922 0.180534
0.0657241 0.625505
0.0663139 0.53721
0.0680292 0.366471
0.0680782 0.191214
0.0691262 0.803808
0.0700308 0.00817381
0.0702244 0.260915
0.0706363 0.183925
0.0706568 0.529303
0.0706761 0.853995
0.0718016 0.769547
0.0719484 0.237108
0.0721019 0.815935
0.0725321 0.0467571
0.0727785 0.188824
0.0744047 0.519922
0.0752276 0.350713
0.0755897 0.43602
0.0759599 0.65778
0.0768625 0.828829
0.0776106 0.400686
0.0779777 0.571771
0.0784582 0.646369
0.0794767 0.765566
0.07973 0.022273
0.0800079 0.69208
0.0807389 0.979284
0.0812271 0.183401
0.081774 0.374759
0.0817743 0.381396
0.0817746 0.385739
0.0833009 0.0380421
0.0840315 0.317428
0.0841992 0.135969
0.0844836 0.916316
0.0852736 0.193775
0.0852833 0.356751
0.0853088 0.785792
0.0863334 0.00479099
0.0873639 0.324703
0.0878242 0.0615305
0.0894033 0.602079
0.0899937 0.52345
0.0901558 0.247927
0.0912388 0.450473
0.0913013 0.500396
0.0919121 0.766651
0.0924453 0.728752
0.0925267 0.0956039
0.0929867 0.827697
0.094468 0.723636
0.095029 0.152642
0.0955558 0.00675419
0.0959989 0.454241
0.0964241 0.599129
0.0970313 0.805043
0.0970324 0.822982
0.0971224 0.336625
0.0980321 0.626142
0.0980978 0.730419
0.0983357 0.728739
0.0988881 0.0127222
0.0990461 0.668201
0.0990647 0.980051
0.0995262 0.737673
0.100526 0.542078
0.101754 0.180409
0.101767 0.397176
0.102781 0.440496
0.103023 0.514176
0.103046 0.891078
0.103333 0.725255
0.103886 0.00914418
0.104599 0.997506
0.104725 0.116644
0.107336 0.991004
0.107904 0.54906
0.108048 0.968902
0.108425 0.302564
0.108495 0.481419
0.108641 0.927989
0.108666 0.346465
0.109066 0.080578
0.109329 0.497452
0.110441 0.184795
0.110569 0.332468
0.111524 0.383522
0.111994 0.27708
0.112856 0.776376
0.113893 0.204996
0.114262 0.393901
0.114735 0.343685
0.115019 0.12659
0.11511 0.647606
0.115567 0.327325
0.115924 0.335198
0.11673 0.879027
0.117045 0.17971
0.118189 0.40373
0.11847 0.117044
0.118663 0.370708
0.118974 0.597032
0.119249 0.212219
0.119461 0.773146
0.119527 0.895299
0.120379 0.208476
0.122019 0.76909
0.123 0.256253
0.123159 0.932331
0.123384 0.719088
0.123946 0.165289
0.124755 0.749659
0.125189 0.0595741
0.126348 0.523214
0.128246 0.427057
0.128531 0.214298
0.130158 0.563929
0.130492 0.18525
0.130744 0.412499
0.131137 0.0224781
0.131238 0.719329
0.132727 0.736514
0.133555 0.655359
0.133617 0.705588
0.134015 0.392845
0.134303 0.225549
0.134651 0.0801744
0.13558 0.68997
0.137528 0.432352
0.13795 0.520382
0.140743 0.471953
0.141134 0.0308339
0.141442 0.218832
0.142319 0.952019
0.142441 0.999875
0.143166 0.193617
0.143336 0.0524876
0.143447 0.91453
0.143495 0.718157
0.143683 0.882976
0.143817 0.131547
0.143924 0.937732
0.144825 0.0706352
0.144977 0.621914
0.145077 0.313811
0.145333 0.608969
0.14715 0.148213
0.147638 0.35082
0.147876 0.348287
0.148474 0.410587
0.151002 0.899053
0.151035 0.439089
0.151122 0.913138
0.151823 0.688819
0.152912 0.997138
0.153593 0.443618
0.153664 0.627122
0.1554 0.809547
0.155682 0.549369
0.15603 0.400941
0.15646 0.621863
0.156694 0.56208
0.156774 0.896757
0.157124 0.784386
0.158052 0.377222
0.158082 0.892236
0.158825 0.372994
0.158917 0.919829
0.159127 0.448935
0.159355 0.278252
0.159852 0.639546
0.160409 0.991822
0.160429 0.335713
0.160558 0.498248
0.160779 0.217566
0.160959 0.229669
0.161011 0.104884
0.161376 0.240343
0.161688 0.487415
0.162375 0.0288363
0.163886 0.426672
0.164484 0.4865
0.164879 0.122212
0.165349 0.0137437
0.165712 0.122334
0.166519 0.690919
0.167288 0.608224
0.1673 0.803891
0.167528 0.636793
0.167678 0.161728
0.169544 0.521512
0.169633 0.026069
0.169812 0.037789
0.170569 0.751319
0.171167 0.808469
0.171229 0.845229
0.172536 0.812391
0.17284 0.920115
0.172968 0.0754812
0.177164 0.601352
0.177343 0.597607
0.177592 0.788088
0.178389 0.190393
0.178692 0.272563
0.178922 0.147133
0.180192 0.483091
0.180333 0.853878
0.180538 0.301863
0.181002 0.10826
0.181255 0.350841
0.182113 0.779715
0.182212 0.429036
0.182458 0.566454
0.18257 0.461265
0.1826 0.952738
0.182887 0.786241
0.183163 0.422175
0.183244 0.784487
0.184069 0.640018
0.185097 0.924632
0.186383 0.539311
0.187453 0.515448
0.187717 0.952483
0.187924 0.442042
0.188637 0.416951
0.188653 0.69571
0.188703 0.532764
0.189747 0.0698573
0.190263 0.755186
0.190839 0.431506
0.191928 0.740592
0.192013 0.158425
0.192133 0.181831
0.19232 0.322772
0.192505 0.438419
0.192638 0.665999
0.192663 0.0808356
0.193949 0.700938
0.194399 0.263535
0.19486 0.00651451
0.195032 0.908188
0.195127 0.506168
0.195215 0.972188
0.196335 0.800836
0.196993 0.863464
0.19801 0.956935
0.19804 0.457517
0.198263 0.213548
0.198668 0.0208227
0.199612 0.874769
0.199649 0.500159
0.20051 0.970004
0.201144 0.630372
0.203196 0.113754
0.203218 0.47887
0.203452 0.414055
0.203515 0.47326
0.203721 0.944959
0.204241 0.678725
0.204366 0.786774
0.20441 0.516246
0.204888 0.549748
0.205013 0.656873
0.206703 0.0535386
0.207561 0.480707
0.207566 0.558775
0.207934 0.744369
0.207989 0.673782
0.208991 0.513202
0.210016 0.735425
0.210413 0.410911
0.2111 0.950548
0.211607 0.48428
0.212262 0.488711
0.212958 0.182183
0.214705 0.54978
0.215267 0.998548
0.215295 0.458825
0.215476 0.50412
0.21553 0.408621
0.215537 0.527535
0.216085 0.746482
0.216166 0.107135
0.216413 0.255776
0.216513 0.941568
0.217168 0.948738
0.217767 0.014529
0.21874 0.365857
0.218986 0.504089
0.219209 0.243536
0.21989 0.694821
0.220423 0.657282
0.220428 0.73542
0.220568 0.083292
0.22112 0.363809
0.221266 0.822603
0.221442 0.768449
0.221521 0.0966461
0.222617 0.518902
0.223088 0.447523
0.223503 0.421718
0.223947 0.874354
0.224001 0.790298
0.224104 0.520935
0.224208 0.271091
0.224329 0.297949
0.224596 0.77921
0.225052 0.454061
0.225089 0.0789263
0.226077 0.678562
0.226197 0.700465
0.226898 0.468209
0.227028 0.665987
0.227186 0.323086
0.227828 0.101585
0.228381 0.397653
0.228445 0.471439
0.22849 0.225658
0.228687 0.538795
0.228782 0.142387
0.228843 0.170873
0.229244 0.901927
0.229414 0.753081
0.229937 0.548746
0.23096 0.736306
0.230981 0.104223
0.231796 0.788411
0.232047 0.0201053
0.232677 0.600449
0.235309 0.835135
0.23561 0.89039
0.235828 0.569104
0.236291 0.343389
0.236438 0.814542
0.236706 0.321537
0.236775 0.469383
0.236787 0.671014
0.237229 0.110315
0.237915 0.640654
0.238005 0.154375
0.238073 0.294404
0.238478 0.0961837
0.238617 0.43691
0.239558 0.244211
0.240048 0.494926
0.240428 0.878825
0.240694 0.345592
0.241186 0.605809
0.242268 0.791951
0.243156 0.729469
0.243441 0.51509
0.24352 0.848422
0.243748 0.669372
0.244178 0.901
0.244397 0.584387
0.244525 0.738227
0.245936 0.444229
0.246749 0.115276
0.247013 0.551458
0.247093 0.893101
0.248058 0.115983
0.248414 0.101457
0.249167 0.74714
0.249245 0.0546058
0.249271 0.49246
0.249554 0.257537
0.249702 0.737619
0.250026 0.190595
0.251529 0.452644
0.253451 0.74566
0.254223 0.732033
0.254306 0.124133
0.255019 0.102023
0.257752 0.0317909
0.257915 0.774268
0.259063 0.0651648
0.260296 0.789837
0.260758 0.552812
0.261064 0.699261
0.261263 0.0491423
0.261964 0.821403
0.262051 0.291868
0.26294 0.233902
0.263151 0.777001
0.264405 0.859095
0.264867 0.624646
0.265474 0.825418
0.267844 0.653983
0.268252 0.51065
0.269083 0.474497
0.269896 0.139799
0.270069 0.0534079
0.270233 0.801567
0.271425 0.846409
0.271869 0.294616
0.273658 0.376049
0.273739 0.735012
0.274171 0.996959
0.274277 0.780698
0.274669 0.368294
0.27469 0.713476
0.275619 0.33444
0.276317 0.0628095
0.276352 0.655015
0.276726 0.93109
0.27801 0.510316
0.279053 0.0469317
0.279562 0.603838
0.279647 0.0271256
0.279799 0.581371
0.280459 0.678928
0.280782 0.0952212
0.281796 0.14409
0.281797 0.156691
0.282128 0.732799
0.282505 0.062007
0.283488 0.575646
0.284885 0.0672526
0.284899 0.304767
0.284952 0.187715
0.285546 0.17514
0.286451 0.382965
0.28686 0.25494
0.287854 0.957351
0.288456 0.0774024
0.290434 0.318849
0.290501 0.453289
0.290966 0.268091
0.292978 0.0845806
0.293208 0.950189
0.293554 0.760728
0.293911 0.755359
0.294525 0.0766494
0.294702 0.0602962
0.29507 0.240373
0.295561 0.493506
0.295664 0.221717
0.29568 0.498951
0.297144 0.106034
0.297617 0.0469658
0.29798 0.142463
0.298791 0.784255
0.299182 0.346721
0.299494 0.601846
0.299513 0.906605
0.299601 0.391016
0.299836 0.3396
0.299987 0.87856
0.300252 0.340295
0.300943 0.947207
0.30095 0.0605175
0.301023 0.294298
0.301185 0.0138514
0.301251 0.129195
0.301296 0.882358
0.301784 0.0817163
0.301956 0.975571
0.302486 0.877354
0.30259 0.635055
0.303051 0.374841
0.303406 0.340217
0.304053 0.227166
0.307125 0.853537
0.307267 0.230828
0.307302 0.830508
0.307446 0.246305
0.3079 0.870276
0.308033 0.116929
0.308084 0.960643
0.309095 0.954235
0.309352 0.280111
0.309774 0.379458
0.311084 0.390198
0.312416 0.783616
0.312782 0.935463
0.313098 0.242235
0.313752 0.22303
0.313816 0.310167
0.314088 0.86855
0.31413 0.57855
0.314294 0.337205
0.314638 0.116219
0.31504 0.882773
0.315048 0.00394078
0.31554 0.286345
0.316615 0.342233
0.316657 0.0587915
0.31667 0.271755
0.31677 0.956858
0.317023 0.211844
0.31729 0.691501
0.317874 0.512061
0.318026 0.0625569
0.319432 0.697816
0.31982 0.220704
0.319997 0.19582
0.320375 0.538826
0.320462 0.000940499
0.321623 0.518583
0.323626 0.18317
0.32382 0.438415
0.323824 0.504016
0.325445 0.75102
0.325838 0.359058
0.327699 0.635468
0.328012 0.904735
0.328336 0.34652
0.329485 0.658015
0.329577 0.197431
0.329875 0.202425
0.329997 0.262873
0.331235 0.059454
0.331236 0.0846001
0.33161 0.364393
0.33172 0.224877
0.331742 0.591746
0.33183 0.0606226
0.331967 0.377197
0.333324 0.181296
0.333646 0.587517
0.334002 0.578031
0.334206 0.99612
0.334311 0.765583
0.334381 0.935696
0.335412 0.276856
0.335516 0.0228098
0.336128 0.304428
0.336717 0.204989
0.336739 0.570097
0.337774 0.960477
0.338127 0.902703
0.338135 0.0367139
0.338935 0.478879
0.339605 0.736861
0.339646 0.432961
0.339789 0.830296
0.339865 0.113069
0.340681 0.820712
0.341691 0.80578
0.342004 0.0555366
0.342511 0.582037
0.34365 0.719834
0.343752 0.435695
0.344979 0.0595403
0.345014 0.654563
0.345485 0.573284
0.346886 0.114924
0.347013 0.249011
0.347282 0.763104
0.347523 0.824763
0.347682 0.486722
0.347954 0.0609456
0.348952 0.828143
0.350425 0.591089
0.35105 0.0898423
0.351489 0.472597
0.352003 0.12043
0.35215 0.59325
0.352542 0.170734
0.352791 0.360142
0.353316 0.18345
0.353586 0.716139
0.353853 0.200226
0.354064 0.753358
0.35417 0.53158
0.354886 0.57594
0.355084 0.898961
0.35526 0.855302
0.35557 0.0621384
0.356183 0.375258
0.356664 0.456211
0.357448 0.632515
0.358214 0.500999
0.358374 0.187283
0.358475 0.881997
0.358734 0.24069
0.359047 0.51009
0.359323 0.141391
0.35956 0.11901
0.359998 0.48371
0.360089 0.0168094
0.361245 0.441255
0.361512 0.924708
0.361743 0.817936
0.361865 0.873258
0.36289 0.0957937
0.364195 0.0284813
0.365161 0.258094
0.365593 0.519227
0.365625 0.0569454
0.366578 0.0813269
0.367186 0.291733
0.367315 0.463887
0.368479 0.0308202
0.36859 0.895609
0.36914 0.130553
0.369143 0.192444
0.369179 0.792898
0.370265 0.0417297
0.370492 0.865615
0.370878 0.34995
0.371117 0.357067
0.371914 0.755052
0.372114 0.128084
0.372238 0.199818
0.373286 0.821428
0.373644 0.836752
0.37429 0.686284
0.374484 0.948134
0.374722 0.957873
0.375504 0.0919057
0.376308 0.60497
0.377041 0.926531
0.377269 0.763652
0.377864 0.760829
0.377892 0.230935
0.37832 0.417812
0.37837 0.272702
0.378402 0.802633
0.380465 0.467704
0.380943 0.508571
0.381178 0.466389
0.381627 0.00371523
0.382044 0.0159386
0.382525 0.0945439
0.3826 0.359911
0.382639 0.0155184
0.382658 0.325482
0.38284 0.390202
0.38339 0.643897
0.384756 0.595531
0.385126 0.819686
0.386841 0.639062
0.38744 0.706192
0.38747 0.212965
0.387498 0.67094
0.387884 0.167156
0.38814 0.468857
0.391392 0.119345
0.391997 0.301756
0.392505 0.836858
0.39254 0.415759
0.393233 0.0707958
0.394331 0.514222
0.394989 0.577272
0.395324 0.214716
0.395409 0.631406
0.395633 0.406447
0.396045 0.326656
0.397646 0.229284
0.397987 0.968439
0.398357 0.179797
0.398394 0.815972
0.398958 0.294214
0.400239 0.810241
0.400416 0.797003
0.400574 0.447567
0.400739 0.217569
0.401059 0.591577
0.401339 0.296892
0.401801 0.0759041
0.403083 0.622266
0.403587 0.0836126
0.403843 0.386316
0.404352 0.93635
0.405268 0.335921
0.405383 0.272204
0.405733 0.153869
0.406395 0.273418
0.409263 0.485856
0.409516 0.73923
0.411174 0.599837
0.412134 0.73792
0.413248 0.451152
0.413259 0.636629
0.413369 0.500565
0.413614 0.603735
0.413974 0.662432
0.414156 0.724405
0.414356 0.0838979
0.414988 0.703553
0.41538 0.284168
0.415516 0.584166
0.416333 0.303611
0.416334 0.327575
0.416407 0.545186
0.416767 0.604815
0.416846 0.929076
0.417547 0.717161
0.417823 0.352086
0.417864 0.0399062
0.418437 0.665996
0.418592 0.275394
0.419256 0.438301
0.421961 0.903801
0.422209 0.0621541
0.422935 0.262172
0.423254 0.636548
0.423263 0.775051
0.423803 0.857772
0.424325 0.630537
0.425053 0.864796
0.42696 0.922903
0.427353 0.521214
0.428662 0.516003
0.430026 0.454896
0.430221 0.730161
0.43268 0.044641
0.432809 0.214009
0.433694 0.0943239
0.433719 0.509388
0.433914 0.789693
0.434113 0.130097
0.434208 0.74056
0.434343 0.994664
0.434897 0.320135
0.434925 0.777837
0.436148 0.332927
0.436226 0.649995
0.436695 0.528473
0.437948 0.583621
0.439482 0.371468
0.439572 0.879672
0.439585 0.100196
0.439852 0.59758
0.440886 0.977833
0.441691 0.502276
0.441854 0.243611
0.441865 0.431232
0.442619 0.102821
0.443247 0.651272
0.443414 0.465939
0.443687 0.0484664
0.443821 0.305701
0.443936 0.232866
0.444427 0.481037
0.445238 0.115441
0.445811 0.744912
0.446157 0.564874
0.446344 0.699977
0.446569 0.48106
0.447142 0.112863
0.447574 0.375272
0.448526 0.377083
0.449434 0.643112
0.450059 0.149418
0.450124 0.231242
0.450234 0.0892687
0.450339 0.840059
0.451063 0.0228826
0.45145 0.514246
0.452278 0.429342
0.452403 0.542783
0.452471 0.683687
0.453004 0.637054
0.453093 0.127782
0.454381 0.787047
0.455534 0.154525
0.455733 0.50342
0.456042 0.69199
0.456569 0.548497
0.458138 0.928778
0.458613 0.916832
0.459254 0.675343
0.459323 0.841487
0.459881 0.225445
0.459897 0.483613
0.461218 0.69841
0.461501 0.439515
0.461659 0.107634
0.46181 0.634284
0.461891 0.00216851
0.461944 0.894116
0.462623 0.307553
0.462692 0.462483
0.463133 0.877404
0.46367 0.899095
0.46632 0.439213
0.468153 0.254876
0.468402 0.426754
0.468621 0.105366
0.468798 0.0940299
0.469255 0.763833
0.469387 0.989261
0.470051 0.144592
0.470327 0.787695
0.470879 0.0622478
0.471539 0.16252
0.472697 0.616268
0.472804 0.42045
0.474281 0.23508
0.474287 0.348297
0.474754 0.188769
0.476694 0.787781
0.477269 0.460586
0.477306 0.0804189
0.477397 0.603297
0.47878 0.853225
0.479506 0.0608902
0.479657 0.593175
0.479734 0.894582
0.480429 0.570727
0.480991 0.022641
0.482098 0.623221
0.482433 0.251296
0.483145 0.213541
0.483685 0.294924
0.483966 0.00873795
0.484834 0.613228
0.484925 0.13289
0.486208 0.702998
0.48626 0.576616
0.487608 0.22515
0.487672 0.299672
0.488602 0.932688
0.488631 0.414487
0.489115 0.55334
0.489302 0.690876
0.489824 0.477205
0.490444 0.894642
0.491793 0.56095
0.491932 0.900839
0.492936 0.77813
0.493013 0.0644958
0.49307 0.0259261
0.493313 0.113584
0.493355 0.821761
0.493513 0.472333
0.493893 0.862673
0.495293 0.387354
0.495514 0.102923
0.495787 0.691726
0.496425 0.420348
0.497734 0.407977
0.498144 0.311586
0.498455 0.525255
0.498467 0.735072
0.498878 0.650546
0.499124 0.781491
0.499788 0.94371
0.500617 0.870695
0.500737 0.883637
0.500922 0.988318
0.500996 0.234135
0.50113 0.490423
0.501215 0.915433
0.502695 0.790631
0.502771 0.0725516
0.503441 0.336254
0.504332 0.313131
0.504589 0.623199
0.505369 0.73304
0.505995 0.252346
0.506681 0.788375
0.50976 0.532212
0.510463 0.344559
0.510905 0.773607
0.511799 0.806192
0.511949 0.325336
0.512258 0.52613
0.512265 0.636075
0.512387 0.691874
0.512896 0.234975
0.513098 0.639798
0.51314 0.34547
0.513286 0.797683
0.513811 0.620451
0.514442 0.230362
0.514443 0.245013
0.514466 0.630172
0.515581 0.369529
0.515847 0.843434
0.515953 0.626946
0.517745 0.741954
0.517772 0.20018
0.518493 0.304067
0.5191 0.515679
0.519277 0.483775
0.520254 0.907567
0.520384 0.0921571
0.520905 0.852862
0.520905 0.858231
0.52101 0.609279
0.521995 0.174001
0.522093 0.820192
0.522145 0.683409
0.523371 0.301431
0.523575 0.718533
0.523715 0.0851177
0.524225 0.652073
0.524244 0.966192
0.524959 0.97923
0.525684 0.176463
0.525806 0.21992
0.526301 0.533637
0.526347 0.3196
0.526699 0.226599
0.526945 0.368322
0.527269 0.816422
0.527949 0.243977
0.528484 0.221942
0.528745 0.615924
0.529339 0.600845
0.529488 0.100721
0.529546 0.0743288
0.529568 0.451544
0.529667 0.105146
0.530335 0.344658
0.530783 0.862739
0.53176 0.296259
0.531976 0.921308
0.532668 0.55235
0.533014 0.366285
0.533413 0.0664165
0.533814 0.819564
0.534144 0.361682
0.536413 0.501528
0.536629 0.125967
0.536694 0.221721
0.537082 0.743387
0.537309 0.544804
0.538981 0.656723
0.539182 0.0306941
0.539221 0.685088
0.540208 0.268726
0.540306 0.924387
0.540468 0.647283
0.541026 0.0264661
0.541116 0.532526
0.54216 0.0886058
0.542686 0.923332
0.54287 0.00948105
0.543137 0.507053
0.543621 0.62983
0.544032 0.553349
0.544334 0.621072
0.545124 0.906381
0.54567 0.0801067
0.545727 0.0275748
0.546465 0.441316
0.546985 0.171036
0.547176 0.394122
0.547693 0.0736051
0.547775 0.453551
0.548007 0.354917
0.548014 0.466725
0.549628 0.604911
0.54963 0.629212
0.549726 0.248018
0.550184 0.943515
0.552318 0.811765
0.55245 0.0342032
0.552465 0.277611
0.552796 0.840602
0.553058 0.252929
0.553173 0.178881
0.553237 0.246547
0.553413 0.206159
0.553765 0.123731
0.554838 0.154935
0.555732 0.191339
0.555922 0.378409
0.556819 0.454438
0.557755 0.183929
0.55785 0.788703
0.558417 0.322332
0.559063 0.180574
0.559519 0.836172
0.560071 0.109402
0.560582 0.704141
0.560988 0.528977
0.561301 0.786991
0.561402 0.478183
0.562927 0.114535
0.563801 0.796851
0.564092 0.685546
0.565267 0.443661
0.565378 0.315799
0.565741 0.41474
0.566038 0.399558
0.570377 0.328813
0.570862 0.481417
0.571381 0.19809
0.571529 0.68272
0.571913 0.147903
0.572015 0.853974
0.572347 0.440506
0.572584 0.416098
0.57289 0.55591
0.573058 0.388296
0.573076 0.683922
0.574764 0.0575941
0.575483 0.141986
0.575595 0.031639
0.576422 0.930097
0.57829 0.323934
0.578498 0.816545
0.578644 0.261307
0.579925 0.793879
0.580593 0.0178867
0.581093 0.435476
0.581628 0.414943
0.581847 0.104802
0.583092 0.0237871
0.583408 0.339942
0.583669 0.723789
0.583745 0.00390144
0.584009 0.441562
0.584261 0.680754
0.584626 0.806782
0.585228 0.922365
0.587591 0.638082
0.588529 0.409053
0.588545 0.679877
0.588607 0.720823
0.588687 0.0548589
0.590172 0.0288971
0.590626 0.646717
0.590921 0.605951
0.590938 0.900778
0.591252 0.17644
0.593512 0.15129
0.596197 0.289163
0.597532 0.720961
0.597577 0.472035
0.597935 0.492735
0.598461 0.330193
0.598754 0.257002
0.598958 0.692802
0.59994 0.189426
0.59997 0.691222
0.600004 0.264049
0.600533 0.154711
0.600582 0.98458
0.600866 0.74817
0.60098 0.667274
0.601376 0.328023
0.602224 0.583168
0.604148 0.908569
0.606053 0.928977
0.606752 0.681641
0.607025 0.266523
0.607314 0.124797
0.609167 0.270232
0.611168 0.901683
0.612512 0.485634
0.612914 0.252759
0.612922 0.386966
0.612958 0.982662
0.613342 0.43818
0.614214 0.0991687
0.614958 0.591228
0.616478 0.142578
0.616892 0.106975
0.6174 0.64163
0.617444 0.388031
0.618847 0.953331
0.618975 0.108987
0.620691 0.949134
0.620884 0.19653
0.622082 0.330843
0.622236 0.928548
0.622498 0.324181
0.62259 0.869302
0.622687 0.500811
0.62377 0.697878
0.623987 0.354773
0.624159 0.232904
0.624279 0.259355
0.624299 0.585354
0.625699 0.118143
0.62606 0.186593
0.627381 0.389572
0.62761 0.247737
0.627738 0.394674
0.627931 0.631841
0.628317 0.116332
0.629016 0.863329
0.632726 0.233027
0.633733 0.147783
0.633932 0.4952
0.634493 0.918555
0.634592 0.584015
0.635 0.453352
0.637294 0.997728
0.638564 0.351593
0.638843 0.0348762
0.639518 0.37563
0.640087 0.946927
0.642103 0.832148
0.642636 0.785029
0.642754 0.772254
0.644826 0.5845
0.645406 0.340672
0.645638 0.231762
0.646476 0.320088
0.646502 0.755492
0.647 0.12174
0.647166 0.914071
0.647491 0.376251
0.648174 0.867834
0.648622 0.392348
0.649672 0.0324445
0.650207 0.0360484
0.650855 0.921362
0.651279 0.0492747
0.652385 0.638843
0.652957 0.246251
0.653044 0.702754
0.65316 0.664926
0.653196 0.262305
0.654362 0.858955
0.654584 0.595217
0.657344 0.985269
0.657665 0.380478
0.657796 0.577465
0.659215 0.430408
0.659665 0.986931
0.660972 0.960222
0.661119 0.431179
0.661627 0.960959
0.662978 0.672417
0.664193 0.0906244
0.664664 0.00997873
0.664676 0.208698
0.664714 0.854561
0.66474 0.290521
0.665056 0.5914
0.665731 0.948346
0.666222 0.187368
0.666614 0.780662
0.667041 0.961473
0.668563 0.535543
0.670233 0.612228
0.670438 0.0541166
0.670865 0.22084
0.671411 0.403512
0.671723 0.642311
0.673092 0.660109
0.673269 0.634701
0.673781 0.24096
0.673803 0.607383
0.675936 0.459886
0.676601 0.638587
0.67678 0.643435
0.677197 0.65616
0.67721 0.865421
0.677257 0.65957
0.677572 0.960809
0.679957 0.0360455
0.680159 0.426319
0.68073 0.0206182
0.681578 0.282353
0.682163 0.110097
0.682722 0.506592
0.68364 0.929314
0.683691 0.79023
0.684146 0.442056
0.684536 0.00160953
0.684729 0.242767
0.685284 0.568645
0.685329 0.326348
0.685381 0.203793
0.685711 0.745747
0.685935 0.514512
0.686114 0.526592
0.686296 0.572701
0.687711 0.355104
0.688122 0.269709
0.688336 0.867256
0.688381 0.622446
0.688399 0.92445
0.688547 0.408844
0.689053 0.913001
0.689143 0.420313
0.689189 0.193644
0.690185 0.934686
0.690395 0.461725
0.693457 0.940021
0.693576 0.931519
0.693877 0.983832
0.696168 0.495767
0.696548 0.884503
0.696643 0.476825
0.697175 0.413263
0.697282 0.220246
0.697598 0.535063
0.698157 0.93112
0.699764 0.93589
0.701122 0.764666
0.701428 0.906371
0.70175 0.307591
0.702531 0.446359
0.703662 0.439963
0.70388 0.106782
0.70501 0.104174
0.705315 0.23061
0.705924 0.459377
0.705943 0.784782
0.706186 0.860599
0.706943 0.583465
0.70738 0.938405
0.708215 0.976634
0.70863 0.940812
0.7088 0.800097
0.708934 0.0492863
0.70909 0.678579
0.709262 0.56049
0.709799 0.598569
0.711659 0.851226
0.712135 0.851756
0.71255 0.834317
0.713795 0.747072
0.713887 0.298525
0.714092 0.749875
0.715397 0.676991
0.71665 0.743785
0.716978 0.25563
0.717301 0.680603
0.717751 0.245282
0.718756 0.139314
0.718772 0.401341
0.719765 0.0876222
0.719774 0.248556
0.72049 0.273819
0.720996 0.775839
0.721558 0.223824
0.721723 0.00144156
0.722227 0.461535
0.722477 0.672208
0.722628 0.210503
0.723115 0.391039
0.724574 0.919287
0.724749 0.8538
0.725437 0.425471
0.725544 0.223516
0.725623 0.550876
0.726188 0.047432
0.726286 0.685812
0.728226 0.291765
0.728586 0.336939
0.729135 0.570771
0.729324 0.755337
0.729457 0.987089
0.729788 0.551708
0.73037 0.328541
0.730441 0.521624
0.730769 0.0299401
0.731507 0.445105
0.731654 0.916305
0.731704 0.749352
0.73251 0.2961
0.733315 0.824731
0.733568 0.0814225
0.733904 0.72652
0.733993 0.218469
0.734125 0.440711
0.734137 0.64768
0.734264 0.779982
0.734326 0.820568
0.734618 0.732969
0.73487 0.964154
0.735936 0.87898
0.736341 0.691435
0.736581 0.713563
0.736894 0.978886
0.738284 0.338892
0.73862 0.978347
0.739722 0.504302
0.739809 0.96597
0.740854 0.531786
0.74113 0.175226
0.741184 0.0835857
0.741519 0.704617
0.742633 0.434371
0.742929 0.414133
0.743045 0.356975
0.743404 0.384946
0.744126 0.532301
0.744458 0.106554
0.745155 0.811429
0.745168 0.0417123
0.745716 0.25655
0.746069 0.18911
0.748668 0.861409
0.749132 0.656801
0.749811 0.0813672
0.749826 0.317802
0.751288 0.900756
0.752212 0.430073
0.752265 0.324494
0.755096 0.901306
0.756876 0.808962
0.757178 0.894208
0.758085 0.134833
0.758273 0.29959
0.758355 0.670465
0.758487 0.889499
0.75872 0.805235
0.759066 0.622004
0.759664 0.672298
0.759746 0.0498334
0.760442 0.752329
0.761849 0.397787
0.761941 0.938572
0.762372 0.182377
0.762596 0.953772
0.762686 0.467822
0.764641 0.31885
0.765328 0.869116
0.768778 0.850569
0.76968 0.005793
0.769971 0.8961
0.77092 0.851875
0.771115 0.13744
0.772161 0.717359
0.776321 0.61939
0.77649 0.464456
0.777488 0.232342
0.778054 0.751993
0.77811 0.696245
0.778112 0.731596
0.778764 0.683551
0.779121 0.693859
0.780177 0.439572
0.78042 0.517901
0.780479 0.507725
0.780494 0.760877
0.781221 0.974881
0.78193 0.900389
0.782489 0.297589
0.783282 0.616763
0.783483 0.997175
0.784986 0.260625
0.785134 0.748064
0.785428 0.682879
0.785802 0.973097
0.78601 0.469809
0.786321 0.695663
0.786415 0.279971
0.787688 0.676724
0.788162 0.646152
0.788501 0.332753
0.788712 0.885549
0.788784 0.0873816
0.788866 0.471287
0.789047 0.520433
0.789243 0.810615
0.78942 0.780182
0.789519 0.451214
0.789745 0.245414
0.790124 0.617472
0.790344 0.312778
0.790518 0.240811
0.790567 0.0616558
0.790792 0.846472
0.791454 0.964166
0.79353 0.854708
0.793909 0.221529
0.794009 0.917269
0.795666 0.757034
0.796177 0.351585
0.796302 0.446493
0.797107 0.969582
0.797412 0.110607
0.797822 0.994955
0.79875 0.591179
0.799184 0.88444
0.799479 0.839471
0.799606 0.972493
0.799706 0.6542
0.800005 0.692229
0.801114 0.320131
0.801319 0.772812
0.802314 0.49961
0.802453 0.823454
0.802661 0.321943
0.802779 0.298986
0.80278 0.324602
0.803736 0.386996
0.803925 0.574965
0.804494 0.126407
0.804687 0.377066
0.804689 0.412442
0.805122 0.691145
0.805933 0.311673
0.806105 0.200793
0.806312 0.683754
0.806457 0.11637
0.806775 0.473989
0.806973 0.791477
0.807192 0.479982
0.807235 0.191384
0.807374 0.528752
0.807385 0.712555
0.807982 0.761096
0.808209 0.571419
0.809203 0.273595
0.809206 0.327222
0.80968 0.290779
0.809737 0.247921
0.809832 0.838849
0.810523 0.46705
0.810607 0.872713
0.811058 0.457404
0.81135 0.361352
0.81146 0.200322
0.811467 0.322335
0.811679 0.890024
0.811682 0.943901
0.811792 0.785305
0.811889 0.422675
0.812169 0.122222
0.812598 0.329815
0.812616 0.641477
0.813027 0.551934
0.814389 0.428255
0.814417 0.905092
0.814642 0.688101
0.815328 0.222651
0.816783 0.666711
0.818138 0.451032
0.818269 0.641344
0.818386 0.613589
0.819227 0.750845
0.8196 0.0224743
0.819654 0.927852
0.819873 0.604172
0.81998 0.398359
0.820149 0.240967
0.820716 0.767732
0.821584 0.363919
0.821638 0.2731
0.821965 0.763901
0.822222 0.0824758
0.822232 0.255501
0.823358 0.185031
0.8234 0.87887
0.823431 0.403315
0.823517 0.849268
0.823544 0.309693
0.823669 0.398849
0.823696 0.865965
0.823801 0.622743
0.823893 0.177827
0.82413 0.149795
0.82532 0.154191
0.825628 0.327742
0.825989 0.400918
0.827177 0.369054
0.827744 0.892532
0.828621 0.628513
0.82959 0.915524
0.830421 0.88258
0.832651 0.363211
0.832651 0.371499
0.832778 0.507816
0.833428 0.427292
0.833747 0.778298
0.833873 0.899526
0.833954 0.269094
0.835282 0.57679
0.837194 0.711924
0.837581 0.224121
0.838229 0.111712
0.838531 0.18838
0.838677 0.643168
0.838991 0.929458
0.839518 0.777262
0.840299 0.908665
0.841292 0.599721
0.84144 0.0904469
0.842467 0.344155
0.842693 0.148632
0.842715 0.514295
0.843212 0.869852
0.843492 0.569063
0.844216 0.738997
0.844398 0.796986
0.846367 0.890123
0.846579 0.451059
0.846729 0.972206
0.846841 0.853775
0.84701 0.705242
0.847115 0.458106
0.847562 0.968212
0.847923 0.0345949
0.848071 0.527638
0.849188 0.307207
0.849611 0.410717
0.849686 0.665589
0.850203 0.366625
0.852119 0.565616
0.853434 0.67197
0.853858 0.791587
0.853923 0.876424
0.855878 0.740851
0.856038 0.428356
0.856196 0.0862688
0.856321 0.194794
0.856746 0.338196
0.857452 0.199363
0.857699 0.34341
0.857957 0.682263
0.858126 0.520833
0.858681 0.847853
0.859797 0.610032
0.859918 0.64992
0.859954 0.254656
0.860193 0.269912
0.860957 0.109024
0.861468 0.693479
0.861544 0.970852
0.861598 0.881387
0.862467 0.49102
0.863734 0.779566
0.863911 0.759831
0.864856 0.631826
0.8654 0.77945
0.866199 0.203826
0.866787 0.0941654
0.867124 0.74554
0.867421 0.743678
0.867485 0.819405
0.867925 0.208374
0.86834 0.189902
0.869148 0.763292
0.8696 0.366124
0.87011 0.936946
0.871223 0.640982
0.872257 0.0153341
0.872604 0.858
0.872636 0.386867
0.873256 0.806841
0.873768 0.42275
0.87384 0.634311
0.874214 0.914229
0.874661 0.429273
0.875488 0.328991
0.875588 0.00851379
0.876024 0.338973
0.876108 0.74768
0.876818 0.672782
0.877474 0.712956
0.877715 0.759689
0.878951 0.522836
0.879932 0.0223092
0.880059 0.154181
0.880391 0.726274
0.881181 0.0161143
0.882147 0.245742
0.883781 0.705451
0.883998 0.354104
0.884017 0.66892
0.884152 0.945572
0.884509 0.943513
0.884629 0.951666
0.88466 0.47802
0.884994 0.0976979
0.885498 0.55769
0.88675 0.599236
0.887935 0.530338
0.888147 0.0785942
0.88854 0.698489
0.888583 0.412317
0.88877 0.554056
0.889243 0.501093
0.890175 0.170376
0.890902 0.391158
0.890952 0.232132
0.893449 0.198024
0.894549 0.681263
0.89655 0.320587
0.898825 0.551587
0.899929 0.10848
0.899985 0.0426353
0.900041 0.99307
0.900199 0.637349
0.900436 0.62065
0.900776 0.336577
0.901325 0.560735
0.901418 0.13209
0.901921 0.581525
0.902022 0.285928
0.902448 0.44333
0.90258 0.653998
0.902635 0.592575
0.904636 0.213805
0.906062 0.191358
0.906432 0.404047
0.906455 0.788275
0.906682 0.597267
0.907588 0.825363
0.907836 0.000167304
0.90908 0.909268
0.909668 0.786396
0.910007 0.484079
0.910085 0.804262
0.910463 0.148223
0.911438 0.541258
0.912871 0.621329
0.912927 0.561534
0.913482 0.897712
0.913815 0.482014
0.914239 0.613926
0.914572 0.215259
0.91484 0.715891
0.915054 0.306966
0.915225 0.185035
0.91536 0.463009
0.915383 0.838847
0.915846 0.623775
0.916074 0.454486
0.916386 0.694201
0.918359 0.864123
0.918506 0.323395
0.919511 0.229417
0.920346 0.251555
0.921733 0.573157
0.923423 0.963961
0.923516 0.536005
0.923591 0.793859
0.923889 0.809176
0.923924 0.398369
0.92425 0.86292
0.924474 0.636184
0.924746 0.205336
0.925141 0.838497
0.925372 0.72364
0.925811 0.101597
0.925901 0.611241
0.926374 0.575003
0.926846 0.501823
0.927457 0.776328
0.927566 0.601046
0.927874 0.77696
0.929702 0.507763
0.929935 0.421918
0.93031 0.71723
0.932616 0.476995
0.932686 0.656045
0.933128 0.0784489
0.933348 0.784986
0.934219 0.42727
0.934467 0.584301
0.935359 0.585118
0.935534 0.527778
0.936526 0.195033
0.936739 0.771888
0.93674 0.783299
0.937009 0.308881
0.939487 0.951059
0.939699 0.513066
0.94034 0.289374
0.940815 0.283361
0.941006 0.480886
0.941617 0.75212
0.943061 0.0281552
0.943202 0.39139
0.943758 0.748746
0.943892 0.98661
0.945336 0.267756
0.945976 0.0226277
0.946383 0.857177
0.947238 0.223542
0.94725 0.429274
0.947464 0.0289888
0.949319 0.199899
0.949484 0.977133
0.949528 0.723534
0.950535 0.644716
0.951028 0.927245
0.951047 0.242499
0.951218 0.117461
0.953482 0.167327
0.95356 0.489334
0.95409 0.388534
0.954336 0.526704
0.954357 0.87403
0.954694 0.543319
0.954771 0.838693
0.954821 0.669798
0.954943 0.72883
0.956668 0.727453
0.957116 0.247561
0.957314 0.583355
0.957607 0.508497
0.95837 0.320749
0.959177 0.894741
0.959447 0.426765
0.960539 0.777253
0.962287 0.150211
0.963962 0.309159
0.964271 0.49866
0.965293 0.671186
0.966777 0.614365
0.967311 0.592095
0.967314 0.64479
0.967347 0.196298
0.967724 0.535642
0.967779 0.456234
0.968635 0.856683
0.968842 0.322176
0.968896 0.229174
0.968972 0.514146
0.971332 0.177826
0.973454 0.833473
0.975218 0.48062
0.97562 0.239848
0.975664 0.98405
0.976487 0.824937
0.976587 0.500203
0.978308 0.42633
0.978929 0.854866
0.979915 0.437901
0.979966 0.290068
0.979973 0.41284
0.980137 0.168497
0.980815 0.559887
0.981543 0.793065
0.981982 0.167611
0.982541 0.573185
0.983096 0.902491
0.983207 0.767585
0.983844 0.46134
0.983877 0.019556
0.9844 0.818438
0.986994 0.406877
0.987184 0.593054
0.987535 0.499435
0.988719 0.401838
0.990053 0.818265
0.992524 0.345098
0.992574 0.192271
0.992815 0.239889
0.993417 0.35609
0.99355 0.599174
0.99356 0.75823
0.994963 0.341882
0.995355 0.930613
0.995551 0.233012
0.996483 0.889077
0.996882 0.596674
0.997427 0.747351
0.997874 0.262677
0.999452 0.782955
0.999576 0.880305
