0.0564407 0.598217
0.0668498 0.544023
0.135332 0.528548
0.143045 0.161688
0.160749 0.70695
0.163081 0.903301
0.171179 0.00425392
0.227008 0.318778
0.246733 0.843975
0.258843 0.370226
0.266613 0.970087
0.27421 0.642979
0.279293 0.0782632
0.279512 0.753863
0.310739 0.588119
0.32156 0.460434
0.329666 0.702989
0.369742 0.253922
0.389731 0.215826
0.393018 0.446866
0.401833 0.60564
0.436426 0.00634169
0.460697 0.940163
0.475896 0.387831
0.485325 0.860226
0.495691 0.0799169
0.513936 0.728608
0.517145 0.661355
0.518084 0.430848
0.54171 0.522808
0.546137 0.917848
0.553911 0.587989
0.582421 0.75171
0.584787 0.518478
0.669521 0.63343
0.670098 0.343818
0.671784 0.676237
0.694024 0.455752
0.696243 0.75294
0.699834 0.117437
0.707826 0.436638
0.720768 0.944753
0.738997 0.316007
0.762571 0.526123
0.782992 0.746679
0.813266 0.556836
0.817101 0.0220837
0.829239 0.0149506
0.986503 0.150394
0.991533 0.695679
