0.00131657 0.127541
0.00287212 0.271754
0.0031314 0.629453
0.00350453 0.900692
0.00490992 0.521026
0.00562133 0.477621
0.00697754 0.271522
0.0124893 0.908452
0.0125112 0.275555
0.0133023 0.571938
0.0141895 0.482174
0.0162261 0.711488
0.0164486 0.451749
0.0164709 0.825889
0.0168962 0.974369
0.0171684 0.549125
0.019854 0.685948
0.0211662 0.740876
0.0225222 0.530191
0.024145 0.805699
0.0243609 0.433088
0.0249782 0.80874
0.025246 0.308856
0.0264145 0.949254
0.0279883 0.3998
0.0280959 0.207707
0.0291472 0.877254
0.0313207 0.406707
0.0313627 0.113639
0.0314774 0.0401942
0.0318272 0.919652
0.0361839 0.143218
0.0367831 0.213079
0.0374884 0.0675
0.0384243 0.796632
0.0412415 0.146369
0.0427696 0.829257
0.0445715 0.113018
0.0451039 0.0614299
0.0456645 0.483604
0.0479906 0.578408
0.0564246 0.327878
0.0565475 0.394087
0.0569056 0.411954
0.0580505 0.654116
0.0583297 0.347926
0.0584566 0.480401
0.0593479 0.460486
0.0621936 0.287937
0.0622446 0.144588
0.0634628 0.619497
0.0661071 0.0627716
0.067894 0.0939514
0.0686586 0.945922
0.0689991 0.667585
0.0696182 0.0728054
0.0704888 0.705807
0.0712438 0.394418
0.0733351 0.543785
0.0743574 0.725483
0.0763474 0.170814
0.0766066 0.526392
0.0780771 0.242567
0.0799869 0.339721
0.0815624 0.818973
0.0818352 0.403598
0.0850074 0.71897
0.0850789 0.921022
0.0868309 0.36718
0.0873621 0.295581
0.090791 0.923705
0.0908074 0.200633
0.0917219 0.570206
0.0927877 0.48266
0.0935438 0.191298
0.0942512 0.0795059
0.0947066 0.734
0.0959481 0.600298
0.0962847 0.256188
0.09816 0.775325
0.0985163 0.764266
0.09969 0.490301
0.100333 0.303487
0.100637 0.40574
0.101637 0.215983
0.103138 0.435957
0.103606 0.311139
0.103848 0.366114
0.105758 0.482145
0.10602 0.884798
0.107474 0.314559
0.108133 0.389232
0.108731 0.442438
0.109568 0.504146
0.11005 0.603343
0.115999 0.595353
0.116398 0.297856
0.11765 0.347776
0.117808 0.994622
0.119441 0.448141
0.119477 0.0472648
0.12074 0.281042
0.122043 0.179904
0.122539 0.517335
0.12286 0.900093
0.123052 0.133111
0.124602 0.189419
0.124887 0.97778
0.125039 0.532909
0.125193 0.119023
0.127313 0.743999
0.127873 0.165476
0.128064 0.369873
0.128565 0.789567
0.130731 0.201109
0.131342 0.472796
0.131343 0.473923
0.132684 0.0175523
0.133006 0.430449
0.135345 0.73572
0.135456 0.613798
0.138052 0.242504
0.138321 0.768047
0.13862 0.791316
0.138853 0.704736
0.139073 0.401521
0.14165 0.707444
0.142247 0.74175
0.14235 0.470274
0.143235 0.353751
0.144213 0.781503
0.14759 0.538764
0.147776 0.679079
0.148737 0.822828
0.148899 0.546584
0.149392 0.823502
0.150745 0.57475
0.15165 0.777503
0.152991 0.311945
0.153363 0.579802
0.155111 0.956157
0.155223 0.837124
0.155277 0.745444
0.158964 0.715959
0.161159 0.590899
0.164627 0.885759
0.164916 0.747515
0.167655 0.774229
0.168894 0.596738
0.169319 0.747958
0.171987 0.581972
0.172001 0.819596
0.172754 0.478873
0.173492 0.883958
0.175583 0.0240665
0.177089 0.329731
0.177243 0.920995
0.177736 0.216939
0.179259 0.809072
0.181736 0.444167
0.18211 0.722356
0.184344 0.276922
0.186304 0.218682
0.186837 0.171172
0.188039 0.374537
0.189558 0.894973
0.190537 0.361474
0.191745 0.656244
0.192404 0.727566
0.193828 0.661942
0.195093 0.933779
0.195131 0.574023
0.195597 0.404892
0.19791 0.270211
0.198545 0.952102
0.198764 0.628562
0.200923 0.907861
0.201808 0.795298
0.202268 0.515988
0.202728 0.253098
0.202842 0.173344
0.204954 0.66049
0.205271 0.993307
0.208711 0.8046
0.208861 0.331538
0.209231 0.538773
0.210424 0.602586
0.21088 0.252142
0.214638 0.416107
0.214738 0.0935174
0.215775 0.523491
0.216183 0.393611
0.217166 0.909512
0.218205 0.365337
0.219357 0.729003
0.22114 0.698433
0.221468 0.205935
0.224012 0.970148
0.226483 0.498029
0.226543 0.502927
0.22801 0.162103
0.228215 0.60234
0.230115 0.544484
0.232976 0.628296
0.233904 0.228794
0.234099 0.506172
0.237475 0.239726
0.238248 0.226701
0.238347 0.9021
0.239552 0.153676
0.239759 0.637099
0.240226 0.484208
0.241672 0.788356
0.245312 0.962138
0.245327 0.212574
0.247529 0.216603
0.248444 0.593282
0.253783 0.323286
0.255175 0.732286
0.256733 0.908869
0.257814 0.088382
0.258124 0.295148
0.25859 0.117776
0.259802 0.498237
0.260481 0.9065
0.262831 0.393163
0.267541 0.554227
0.268728 0.515624
0.269089 0.580544
0.269888 0.00693885
0.270037 0.506431
0.270484 0.0295204
0.270764 0.728019
0.273502 0.743133
0.275001 0.936271
0.275725 0.102346
0.278546 0.528218
0.278625 0.847016
0.287033 0.158907
0.28719 0.804
0.288309 0.607995
0.288904 0.610612
0.289611 0.49025
0.290271 0.592001
0.290684 0.524615
0.292624 0.124299
0.295483 0.188428
0.295969 0.352599
0.297417 0.684186
0.299732 0.592918
0.299879 0.0597587
0.300371 0.339564
0.30078 0.216517
0.301674 0.241651
0.31059 0.0903099
0.310716 0.209346
0.311632 0.593194
0.314367 0.565499
0.315588 0.0876163
0.316635 0.678156
0.318307 0.78804
0.319515 0.0870752
0.320179 0.242923
0.325183 0.348476
0.327464 0.688262
0.328006 0.79969
0.328363 0.803736
0.329041 0.192168
0.329062 0.543337
0.331424 0.239895
0.333835 0.768631
0.334414 0.504157
0.335323 0.776322
0.335886 0.237855
0.336238 0.146122
0.336432 0.413764
0.337522 0.731507
0.338878 0.529556
0.341953 0.206
0.344888 0.533829
0.345242 0.485626
0.348721 0.9605
0.352784 0.235171
0.353859 0.305334
0.353937 0.613253
0.35524 0.513556
0.356279 0.975453
0.359563 0.175947
0.359882 0.537973
0.36303 0.442249
0.363931 0.584207
0.364182 0.799889
0.364879 0.518671
0.365602 0.671583
0.366432 0.618822
0.369493 0.0762612
0.371707 0.285349
0.373532 0.952421
0.3744 0.547089
0.374817 0.545968
0.375237 0.609087
0.376034 0.00956044
0.377268 0.741511
0.378019 0.36103
0.379282 0.58706
0.379573 0.486367
0.379782 0.0006491
0.380529 0.558051
0.380683 0.134116
0.384874 0.572073
0.385366 0.842151
0.385543 0.82568
0.386457 0.189101
0.386722 0.638314
0.387295 0.273239
0.387743 0.795703
0.388412 0.0437609
0.389672 0.225086
0.389731 0.203969
0.39027 0.269691
0.390349 0.593474
0.391144 0.952257
0.391887 0.441718
0.391959 0.66134
0.39345 0.717453
0.393706 0.0188025
0.398724 0.348174
0.399955 0.0364453
0.402379 0.779553
0.405224 0.593402
0.407068 0.590215
0.407883 0.285563
0.413303 0.389377
0.414026 0.53843
0.422381 0.961151
0.42309 0.869895
0.425277 0.628575
0.425486 0.150512
0.426089 0.284188
0.427675 0.932029
0.429315 0.501941
0.43076 0.776732
0.432732 0.933177
0.434606 0.426956
0.435189 0.215936
0.435931 0.686528
0.436903 0.021029
0.436962 0.0230391
0.437978 0.0956923
0.440589 0.974779
0.443184 0.585273
0.44351 0.074047
0.443769 0.421486
0.443863 0.00191907
0.445062 0.155728
0.445726 0.312389
0.446803 0.410626
0.448757 0.266146
0.449369 0.54339
0.452684 0.258937
0.455376 0.508179
0.456196 0.292309
0.457774 0.805771
0.45919 0.6005
0.460194 0.479678
0.460862 0.715589
0.461579 0.754627
0.461596 0.0469811
0.462142 0.221466
0.462522 0.611078
0.462721 0.956702
0.463729 0.887776
0.464815 0.151674
0.467368 0.0506566
0.467559 0.269337
0.469337 0.154367
0.470639 0.0363243
0.472385 0.375512
0.473057 0.675944
0.473211 0.254748
0.474357 0.51099
0.47446 0.246879
0.479214 0.145539
0.483751 0.40007
0.485351 0.293486
0.485923 0.914927
0.486045 0.953532
0.486468 0.0685151
0.487084 0.428538
0.487597 0.0469362
0.488205 0.267478
0.489479 0.680643
0.489649 0.527109
0.489685 0.131243
0.49072 0.532885
0.491398 0.928274
0.492945 0.924585
0.494511 0.253446
0.495264 0.902322
0.495406 0.287909
0.496571 0.874901
0.496928 0.871457
0.500335 0.133902
0.50034 0.217237
0.500524 0.3042
0.501294 0.253319
0.501445 0.793868
0.50168 0.73486
0.502732 0.421155
0.502759 0.865059
0.505268 0.043296
0.505958 0.638172
0.506527 0.191351
0.507296 0.122149
0.507674 0.473333
0.508164 0.718061
0.511104 0.132356
0.512719 0.265494
0.513434 0.287071
0.515422 0.692997
0.516627 0.94181
0.517439 0.590481
0.519171 0.709474
0.51978 0.950012
0.523383 0.500988
0.523579 0.794707
0.524046 0.644837
0.524685 0.381113
0.524693 0.512651
0.525489 0.890726
0.527676 0.652943
0.52808 0.436864
0.528696 0.790367
0.530921 0.193557
0.531497 0.866229
0.531574 0.17072
0.531642 0.299048
0.531678 0.911289
0.532535 0.314791
0.532857 0.72152
0.533134 0.390732
0.534818 0.680498
0.535441 0.158825
0.536621 0.984677
0.540067 0.910876
0.540095 0.38085
0.540653 0.750978
0.542159 0.0717713
0.542174 0.318302
0.54348 0.260373
0.545739 0.228384
0.545887 0.724988
0.547848 0.6815
0.548123 0.301367
0.548414 0.192174
0.548731 0.523693
0.548772 0.212327
0.548965 0.446113
0.550195 0.127215
0.550992 0.516857
0.551096 0.278964
0.551794 0.000266977
0.552145 0.902672
0.552207 0.945661
0.554287 0.907806
0.554833 0.0816095
0.557242 0.573045
0.557835 0.536115
0.559158 0.761876
0.560067 0.038957
0.560631 0.518115
0.560965 0.147293
0.564374 0.440229
0.564657 0.1892
0.566485 0.917654
0.567303 0.658458
0.568414 0.333701
0.569119 0.183208
0.570123 0.0608746
0.570445 0.468528
0.570866 0.541985
0.571942 0.622674
0.572655 0.608673
0.573173 0.324063
0.573382 0.82965
0.577644 0.461074
0.581135 0.140835
0.581348 0.709988
0.581584 0.68623
0.5826 0.75785
0.582904 0.865894
0.582931 0.315237
0.583127 0.609426
0.583463 0.2612
0.585666 0.284458
0.587694 0.369415
0.58831 0.719804
0.588491 0.773294
0.589943 0.17819
0.59106 0.945808
0.592377 0.077857
0.592974 0.108171
0.594332 0.935929
0.594336 0.00828393
0.595973 0.521251
0.596831 0.935803
0.596943 0.81882
0.597847 0.00652334
0.598715 0.594657
0.600151 0.734936
0.602527 0.66965
0.603246 0.748102
0.603635 0.297325
0.607447 0.366558
0.607795 0.207386
0.610249 0.452579
0.610293 0.196209
0.610972 0.61118
0.611182 0.135574
0.613103 0.418518
0.61368 0.111867
0.619906 0.760317
0.620938 0.102025
0.621261 0.525691
0.62205 0.801514
0.623592 0.714818
0.624102 0.274542
0.625208 0.864321
0.626364 0.304522
0.629784 0.780822
0.631273 0.808126
0.634425 0.77996
0.637846 0.278095
0.640155 0.0849672
0.641391 0.854977
0.642056 0.0326761
0.642888 0.0203781
0.644762 0.519566
0.646215 0.929706
0.64807 0.105109
0.648144 0.36236
0.648698 0.675114
0.64873 0.199739
0.655059 0.573065
0.658092 0.550497
0.664938 0.605427
0.666104 0.212063
0.667666 0.468248
0.668218 0.741032
0.669749 0.477093
0.670526 0.536227
0.675802 0.199427
0.679595 0.956913
0.682373 0.648437
0.683486 0.354227
0.684163 0.726536
0.684505 0.475098
0.685163 0.528953
0.686821 0.406707
0.688984 0.753947
0.689169 0.859982
0.692143 0.843395
0.693289 0.108104
0.695678 0.258021
0.698479 0.328795
0.700341 0.623699
0.700808 0.47415
0.702627 0.0478924
0.704393 0.728779
0.704686 0.652732
0.705027 0.388874
0.705537 0.952315
0.705676 0.292603
0.707327 0.0472402
0.709501 0.586977
0.709632 0.791893
0.710427 0.144688
0.712927 0.15854
0.713161 0.0939829
0.717724 0.78978
0.720193 0.282482
0.720413 0.983908
0.720761 0.821793
0.721446 0.349362
0.721688 0.410731
0.721797 0.244723
0.722368 0.834209
0.724105 0.0376405
0.724222 0.997082
0.724892 0.263962
0.728299 0.518502
0.729665 0.483542
0.731545 0.0713245
0.734879 0.109592
0.735701 0.921615
0.735775 0.165202
0.735967 0.389298
0.737933 0.43572
0.740789 0.435062
0.743517 0.282747
0.744946 0.301396
0.745378 0.563672
0.746103 0.760177
0.747655 0.842562
0.747684 0.319305
0.748745 0.163161
0.750078 0.56194
0.750092 0.797936
0.750465 0.0627338
0.750535 0.236994
0.75075 0.862521
0.751371 0.292183
0.75532 0.656382
0.756903 0.271986
0.758216 0.342355
0.758266 0.179808
0.759031 0.0315825
0.760531 0.248559
0.762031 0.458374
0.762856 0.312707
0.764914 0.902019
0.765725 0.539069
0.766915 0.547487
0.767425 0.120351
0.767578 0.684215
0.768492 0.0378997
0.768544 0.921137
0.769959 0.707015
0.770782 0.539747
0.772342 0.751995
0.772469 0.884258
0.772864 0.525292
0.774885 0.497855
0.77746 0.76312
0.778176 0.809467
0.779199 0.00576953
0.780063 0.524765
0.78163 0.859519
0.787928 0.707657
0.790455 0.177309
0.792816 0.862972
0.793507 0.475598
0.796466 0.208191
0.79685 0.656783
0.79819 0.182443
0.799401 0.533023
0.800583 0.400817
0.801377 0.734923
0.802729 0.460054
0.803285 0.802665
0.803792 0.325096
0.804103 0.566955
0.805145 0.074825
0.806778 0.516095
0.807709 0.156922
0.813347 0.92811
0.813371 0.328874
0.814407 0.737013
0.814425 0.037655
0.815085 0.133623
0.815494 0.00769536
0.81625 0.712405
0.817309 0.510672
0.81788 0.102349
0.817991 0.978565
0.821544 0.689567
0.822634 0.00369414
0.8259 0.902912
0.828249 0.372599
0.829089 0.498256
0.830533 0.772077
0.830748 0.383078
0.831452 0.2088
0.832851 0.7247
0.832857 0.822756
0.838136 0.547362
0.838384 0.725453
0.838483 0.381951
0.839842 0.232696
0.841211 0.227742
0.843987 0.897666
0.845872 0.577149
0.848198 0.657968
0.848817 0.0639787
0.850258 0.290442
0.850421 0.0269009
0.85051 0.513465
0.852776 0.606721
0.853778 0.454843
0.854232 0.0746198
0.855715 0.00883748
0.856072 0.00228671
0.856099 0.453406
0.859472 0.139329
0.861405 0.6385
0.862174 0.551602
0.862585 0.469181
0.864564 0.735657
0.866738 0.268108
0.866924 0.384779
0.867446 0.169221
0.869682 0.752801
0.870046 0.869523
0.870314 0.363142
0.870508 0.624946
0.874463 0.102494
0.874958 0.41712
0.878993 0.235028
0.881942 0.806303
0.882667 0.986654
0.883861 0.0498961
0.885588 0.0829868
0.886661 0.115881
0.889464 0.22574
0.889509 0.970458
0.889931 0.0640288
0.890086 0.679523
0.890552 0.514721
0.890779 0.320574
0.892045 0.60527
0.893717 0.694884
0.894306 0.607716
0.894442 0.887428
0.897949 0.833583
0.898524 0.488435
0.898754 0.360633
0.89928 0.203334
0.899501 0.906897
0.899502 0.927614
0.900059 0.289462
0.904308 0.705825
0.904696 0.231107
0.905393 0.946345
0.906012 0.344193
0.907458 0.651338
0.908872 0.405175
0.909188 0.714811
0.909427 0.732102
0.90968 0.997818
0.910749 0.967052
0.911823 0.0164672
0.912404 0.782179
0.913871 0.434656
0.916229 0.0582797
0.916475 0.195909
0.918543 0.959749
0.919221 0.348063
0.922845 0.251257
0.924408 0.524496
0.924526 0.507831
0.926579 0.0149814
0.926895 0.327216
0.927367 0.261933
0.928067 0.0271654
0.930111 0.380755
0.932602 0.248301
0.934853 0.0714686
0.935527 0.401531
0.935937 0.297243
0.936266 0.819913
0.936318 0.693015
0.938429 0.179104
0.938475 0.943051
0.939278 0.444055
0.944814 0.496815
0.945455 0.262815
0.947208 0.728219
0.947433 0.501836
0.950383 0.0857044
0.951008 0.596964
0.951076 0.731624
0.951134 0.71489
0.951411 0.363283
0.952977 0.690329
0.953594 0.0569964
0.955875 0.387227
0.956932 0.157358
0.958244 0.199459
0.963934 0.847278
0.964146 0.398869
0.96486 0.398955
0.965799 0.182636
0.968408 0.0342372
0.968504 0.643574
0.970966 0.0291403
0.974853 0.346375
0.977207 0.91019
0.97785 0.726365
0.978287 0.0638443
0.980195 0.145353
0.980891 0.840985
0.982322 0.884609
0.98559 0.807822
0.987292 0.413523
0.98848 0.387388
0.989847 0.362688
0.995156 0.581654
0.995969 0.252514
0.997581 0.337825
0.999085 0.618813
