0.000897856 0.0902808
0.00331408 0.699832
0.00359226 0.375203
0.0037251 0.607683
0.00638646 0.337308
0.00994147 0.0863469
0.0108617 0.552254
0.0115079 0.413424
0.0126426 0.484947
0.0159261 0.669389
0.0162234 0.666189
0.0174437 0.176192
0.0179872 0.311396
0.0181805 0.559433
0.019509 0.887282
0.0195279 0.204782
0.0214121 0.873356
0.0227963 0.138217
0.0234803 0.633799
0.0235363 0.575311
0.0239922 0.236513
0.0249167 0.774266
0.0256365 0.8728
0.0278587 0.22126
0.0302715 0.773764
0.0307506 0.825321
0.0307846 0.397609
0.0308551 0.582263
0.0327611 0.61517
0.0345913 0.375556
0.0353678 0.426308
0.0365255 0.884024
0.0367443 0.560774
0.0383384 0.354028
0.0401849 0.38797
0.0403889 0.815426
0.0410187 0.401592
0.0415347 0.0735226
0.0431585 0.364925
0.044044 0.24726
0.0469182 0.553771
0.0472227 0.672748
0.0485859 0.583771
0.0495474 0.743917
0.051497 0.51024
0.0523145 0.249009
0.0566216 0.639129
0.0629469 0.948318
0.065091 0.984523
0.0663132 0.526323
0.0665226 0.0452861
0.0677163 0.108677
0.069529 0.574752
0.0717072 0.183628
0.0720988 0.764164
0.0722949 0.0608812
0.0739624 0.0853329
0.0758403 0.648196
0.0759321 0.190656
0.0785673 0.480886
0.0813044 0.48239
0.0836727 0.286631
0.0842219 0.517129
0.085001 0.611068
0.0865436 0.538585
0.0888039 0.526568
0.0904719 0.561703
0.0916954 0.12393
0.0918068 0.997219
0.0921858 0.36685
0.0923442 0.0284341
0.092415 0.219381
0.0927362 0.617908
0.0934805 0.127499
0.0938673 0.627322
0.0940977 0.500803
0.0948102 0.474624
0.0948377 0.937828
0.0950045 0.740795
0.0954803 0.738178
0.0956443 0.493874
0.0957426 0.146349
0.0963851 0.944798
0.0987855 0.288057
0.0993557 0.871015
0.0999354 0.614626
0.100165 0.47481
0.100213 0.27994
0.101781 0.639496
0.102846 0.535437
0.103199 0.466181
0.104179 0.936744
0.106152 0.104137
0.107721 0.470784
0.112001 0.407491
0.113181 0.231442
0.114948 0.92428
0.117751 0.0384593
0.118659 0.306923
0.11918 0.062118
0.119211 0.575677
0.120249 0.0228685
0.122706 0.314667
0.123622 0.7169
0.123797 0.663684
0.123877 6.01448e-05
0.126874 0.368937
0.128822 0.118168
0.128899 0.40876
0.12937 0.319912
0.130143 0.321734
0.130202 0.301321
0.132 0.532175
0.132248 0.68617
0.1342 0.496423
0.136096 0.371245
0.139884 0.0297895
0.142135 0.86112
0.14227 0.137576
0.142675 0.94651
0.14278 0.704414
0.144999 0.994825
0.149561 0.667816
0.150704 0.878743
0.152291 0.562835
0.152746 0.200205
0.15551 0.65607
0.156498 0.263195
0.157782 0.846091
0.158244 0.606671
0.158667 0.718884
0.159319 0.678392
0.160619 0.531399
0.162407 0.574624
0.168812 0.224744
0.171247 0.143147
0.173382 0.0351818
0.173528 0.47974
0.175499 0.612479
0.176777 0.099048
0.176921 0.510939
0.178289 0.504304
0.180223 5.39147e-05
0.183628 0.2424
0.185169 0.137141
0.188611 0.992894
0.19033 0.871148
0.192853 0.278033
0.193989 0.372628
0.194189 0.731683
0.19553 0.264496
0.196338 0.859682
0.203296 0.795892
0.204885 0.506413
0.206646 0.101993
0.207474 0.0164793
0.207632 0.668429
0.210153 0.0383258
0.212737 0.466504
0.212947 0.992268
0.215857 0.90526
0.216569 0.874166
0.216952 0.305094
0.217529 0.0111768
0.218559 0.329124
0.219431 0.980025
0.219522 0.50792
0.221023 0.741347
0.222177 0.125417
0.222373 0.4161
0.223682 0.421557
0.226141 0.752159
0.227184 0.274516
0.227616 0.54911
0.22767 0.4561
0.227673 0.505821
0.228092 0.535991
0.230067 0.734776
0.231159 0.0832369
0.231964 0.620359
0.232005 0.3125
0.232145 0.668041
0.232691 0.834222
0.232812 0.875551
0.233381 0.440509
0.234286 0.636571
0.23501 0.806716
0.237535 0.249406
0.237654 0.253575
0.237763 0.0793807
0.238218 0.727176
0.240549 0.912907
0.242612 0.572734
0.242867 0.864191
0.243131 0.299817
0.244101 0.601573
0.246175 0.464095
0.246614 0.834939
0.247448 0.855793
0.24999 0.57689
0.250199 0.103038
0.250707 0.639767
0.25227 0.905297
0.255908 0.0464123
0.256125 0.696545
0.257045 0.156152
0.257264 0.844
0.258014 0.447327
0.261131 0.835892
0.263438 0.600337
0.263814 0.920788
0.26494 0.839627
0.267383 0.8991
0.269149 0.584511
0.269495 0.394455
0.27055 0.139707
0.271417 0.702678
0.271847 0.938297
0.274758 0.85719
0.276053 0.624366
0.276166 0.516195
0.276855 0.106109
0.277255 0.827089
0.281395 0.412106
0.282529 0.468571
0.283239 0.403017
0.286045 0.552008
0.286769 0.72267
0.288181 0.46609
0.2882 0.783942
0.289407 0.0603668
0.289654 0.211481
0.290539 0.0911306
0.290572 0.641974
0.291455 0.47609
0.291475 0.820677
0.29253 0.557492
0.293998 0.231483
0.295483 0.188898
0.296461 0.612878
0.297918 0.104827
0.298187 0.623515
0.298372 0.739216
0.29966 0.380849
0.299798 0.702611
0.30065 0.0304161
0.30102 0.242597
0.302449 0.265747
0.304492 0.593697
0.304962 0.502423
0.309889 0.305097
0.311078 0.280331
0.312068 0.927379
0.312349 0.654342
0.312812 0.436993
0.314151 0.930205
0.315069 0.368368
0.316134 0.271994
0.317895 0.863402
0.321801 0.501314
0.32235 0.734536
0.322635 0.520384
0.323255 0.952958
0.324764 0.306223
0.325225 0.0498201
0.325597 0.305429
0.326342 0.831815
0.327877 0.627379
0.328934 0.396853
0.329675 0.845695
0.332156 0.538666
0.332512 0.536326
0.333009 0.884589
0.335251 0.561059
0.339632 0.202592
0.340004 0.441985
0.340357 0.387404
0.342658 0.0539177
0.343532 0.739184
0.346916 0.624977
0.347256 0.338633
0.348583 0.632774
0.348867 0.41024
0.350066 0.5567
0.350529 0.341308
0.350882 0.280043
0.351117 0.227084
0.356532 0.240504
0.357322 0.503969
0.357462 0.861718
0.357681 0.541371
0.357904 0.285232
0.358536 0.917183
0.360265 0.967077
0.361095 0.918182
0.363592 0.898952
0.36417 0.603337
0.364195 0.0325588
0.364653 0.715659
0.365743 0.0414701
0.367781 0.288942
0.368326 0.456258
0.368597 0.00843417
0.369364 0.894614
0.370447 0.0962755
0.371352 0.310863
0.371947 0.312869
0.373795 0.374398
0.375154 0.218137
0.375221 0.343632
0.376258 0.774521
0.379753 0.50805
0.380481 0.746104
0.380675 0.00501206
0.381254 0.732132
0.382275 0.900338
0.382395 0.90597
0.382636 0.964944
0.382669 0.517588
0.385253 0.946894
0.386784 0.680935
0.388336 0.767484
0.388591 0.0470597
0.389409 0.79601
0.390133 0.959785
0.391409 0.403919
0.393349 0.0207826
0.393494 0.457789
0.394699 0.713356
0.395564 0.241829
0.397014 0.608541
0.398026 0.614983
0.398907 0.43617
0.402873 0.0797544
0.403056 0.168588
0.404326 0.507739
0.404329 0.553813
0.404869 0.635336
0.404993 0.721603
0.405993 0.532073
0.407419 0.486735
0.408029 0.740539
0.408315 0.550696
0.40912 0.0852507
0.411407 0.518202
0.415277 0.558649
0.415309 0.0931197
0.417834 0.536678
0.419211 0.687274
0.42 0.933811
0.420523 0.726745
0.420954 0.969925
0.421065 0.839292
0.422876 0.275369
0.424056 0.107209
0.424365 0.301163
0.426629 0.358316
0.426755 0.470903
0.42816 0.0797175
0.428534 0.374404
0.428615 0.736505
0.431459 0.532181
0.432812 0.276995
0.433077 0.733393
0.433779 0.520085
0.438718 0.527762
0.438971 0.781449
0.439075 0.538203
0.440652 0.0390561
0.441913 0.229264
0.443849 0.764561
0.443871 0.132612
0.444236 0.282103
0.445367 0.288456
0.446177 0.895914
0.447834 0.748687
0.448077 0.831477
0.450306 0.284692
0.451928 0.548507
0.452122 0.819553
0.454816 0.0917732
0.455647 0.0586962
0.455972 0.527098
0.456141 0.369964
0.457793 0.119381
0.458063 0.658308
0.459211 0.966375
0.461254 0.301002
0.462256 0.14424
0.462421 0.908381
0.463129 0.816875
0.463718 0.712959
0.465896 0.31605
0.468651 0.612867
0.469128 0.62959
0.470756 0.992024
0.47092 0.753465
0.471176 0.0480989
0.471858 0.517267
0.473013 0.926976
0.473434 0.0110222
0.474397 0.19377
0.475989 0.942532
0.479307 0.708754
0.479522 0.321047
0.480451 0.944655
0.484579 0.327274
0.486193 0.451466
0.487668 0.232882
0.487778 0.0840057
0.488164 0.575157
0.488907 0.0664182
0.489344 0.408116
0.490115 0.36262
0.490697 0.151436
0.492017 0.333565
0.494493 0.939131
0.495357 0.4656
0.495414 0.429574
0.498384 0.342244
0.499864 0.211339
0.502111 0.976857
0.502706 0.971358
0.505382 0.961625
0.505863 0.0469299
0.506457 0.0237741
0.507268 0.652786
0.509115 0.688597
0.511688 0.94271
0.511831 0.338033
0.512268 0.691392
0.512647 0.0632225
0.512672 0.470475
0.516591 0.340212
0.517717 0.273992
0.518839 0.130509
0.522648 0.143745
0.526106 0.255969
0.52694 0.276401
0.527299 0.306446
0.529127 0.029579
0.529172 0.800109
0.529854 0.248944
0.530408 0.563482
0.530765 0.56057
0.533259 0.482102
0.53498 0.410437
0.535776 0.784857
0.537313 0.621189
0.538909 0.449646
0.538923 0.676674
0.539021 0.331645
0.539592 0.914706
0.540025 0.193002
0.540956 0.853481
0.541014 0.823802
0.543173 0.112845
0.543656 0.230872
0.544337 0.669799
0.544765 0.872963
0.546716 0.652004
0.547202 0.827609
0.549481 0.129234
0.551107 0.458705
0.551281 0.381376
0.552845 0.658779
0.556057 0.645927
0.557665 0.675279
0.560166 0.715146
0.56081 0.53507
0.563503 0.793719
0.56415 0.661932
0.565861 0.431447
0.567809 0.172648
0.568861 0.843634
0.569867 0.755143
0.57126 0.163226
0.571825 0.657434
0.573197 0.730251
0.573953 0.422846
0.574598 0.276282
0.576406 0.659273
0.576698 0.562462
0.57951 0.819708
0.581052 0.73356
0.581768 0.77889
0.5835 0.878497
0.583693 0.134157
0.584167 0.0986852
0.587656 0.738884
0.588082 0.890205
0.596349 0.840536
0.600913 0.551938
0.60185 0.286212
0.602069 0.977488
0.603074 0.869133
0.604423 0.543831
0.604523 0.218196
0.606251 0.259896
0.60713 0.033514
0.607134 0.100179
0.60791 0.150611
0.608051 0.512288
0.609294 0.410345
0.611436 0.397752
0.612756 0.582112
0.613871 0.324897
0.614099 0.156257
0.61446 0.227023
0.616168 0.931523
0.617053 0.816417
0.622151 0.499218
0.624108 0.389511
0.625118 0.352799
0.62596 0.507022
0.626399 0.894974
0.627188 0.142763
0.627796 0.368142
0.62789 0.950618
0.629579 0.332915
0.629953 0.614226
0.630876 0.127944
0.631009 0.366529
0.631344 0.998627
0.63211 0.867846
0.633912 0.162916
0.635219 0.126744
0.636321 0.642111
0.637115 0.984568
0.637536 0.0663908
0.638826 0.741247
0.640962 0.652401
0.641135 0.554301
0.641604 0.441004
0.642975 0.476138
0.644062 0.748972
0.644304 0.822832
0.646685 0.837321
0.647112 0.00947611
0.651856 0.744917
0.652686 0.688909
0.652876 0.888892
0.654139 0.115571
0.654241 0.822549
0.656253 0.637238
0.657356 0.18744
0.657888 0.12981
0.665133 0.89827
0.667601 0.371469
0.667785 0.457398
0.669644 0.714915
0.671507 0.0251431
0.672296 0.276783
0.677582 0.123605
0.67788 0.134109
0.68012 0.772669
0.680256 0.0662643
0.680789 0.0267919
0.68089 0.721498
0.680939 0.549567
0.681096 0.176065
0.68183 0.522609
0.681846 0.791507
0.683693 0.834026
0.68453 0.890898
0.685062 0.8347
0.686995 0.319635
0.689724 0.190048
0.690685 0.350584
0.690741 0.286743
0.690833 0.825901
0.691115 0.564055
0.692684 0.932729
0.693868 0.836172
0.694924 0.583137
0.695189 0.0422033
0.696068 0.822881
0.696479 0.724079
0.697037 0.0954521
0.697541 0.57062
0.699601 0.19155
0.699898 0.183248
0.702439 0.884568
0.702519 0.245096
0.703117 0.287197
0.703406 0.152576
0.703977 0.748535
0.704743 0.608629
0.705711 0.877217
0.708028 0.830645
0.708238 0.364032
0.708761 0.144647
0.710318 0.317278
0.710625 0.473525
0.71222 0.284169
0.713617 0.766791
0.718703 0.243962
0.718788 0.675233
0.718902 0.590236
0.723477 0.47914
0.723786 0.679231
0.723953 0.484389
0.724438 0.633855
0.730534 0.0879232
0.732395 0.354667
0.73298 0.198409
0.73902 0.709689
0.743335 0.236035
0.747546 0.00714517
0.749151 0.987465
0.750334 0.864737
0.750455 0.899836
0.753086 0.119456
0.753878 0.419071
0.754383 0.915879
0.759798 0.932867
0.761745 0.647842
0.762602 0.0529005
0.764405 0.355702
0.764714 0.540711
0.765351 0.25854
0.766396 0.813431
0.767061 0.993971
0.768044 0.511014
0.768541 0.871252
0.769415 0.554248
0.76979 0.852722
0.771134 0.441807
0.772192 0.22432
0.773566 0.327293
0.773571 0.414932
0.774586 0.46276
0.777132 0.263264
0.786316 0.613713
0.787056 0.0458384
0.787808 0.695771
0.787821 0.903616
0.787901 0.244602
0.789503 0.177518
0.790634 0.181328
0.790702 0.332101
0.793359 0.991039
0.798549 0.20478
0.798713 0.976222
0.801455 0.0511303
0.803307 0.176562
0.803347 0.854591
0.804814 0.516076
0.807892 0.242616
0.80813 0.24546
0.808354 0.00228928
0.811208 0.978113
0.811368 0.661689
0.812168 0.108096
0.81227 0.813939
0.812799 0.718594
0.816163 0.254024
0.820951 0.72944
0.821433 0.824285
0.825086 0.214866
0.825241 0.828192
0.826801 0.0376542
0.827118 0.367067
0.827432 0.642416
0.828158 0.850558
0.828794 0.542904
0.82907 0.183981
0.829704 0.828101
0.829789 0.259622
0.830024 0.219319
0.830433 0.0792256
0.831646 0.468733
0.832366 0.578529
0.832643 0.229232
0.83328 0.940142
0.836284 0.427644
0.837207 0.932816
0.838152 0.828391
0.839977 0.499901
0.841636 0.37011
0.843102 0.00993139
0.846032 0.262658
0.846154 0.316861
0.84643 0.944124
0.847724 0.705696
0.847959 0.640716
0.850778 0.0176344
0.852045 0.321919
0.853044 0.1056
0.854588 0.0526355
0.856282 0.532511
0.85666 0.876457
0.8605 0.425384
0.860589 0.914641
0.861044 0.562623
0.866022 0.239096
0.867996 0.407546
0.868849 0.746182
0.869586 0.139473
0.870351 0.989416
0.870359 0.128084
0.870778 0.162769
0.872417 0.709953
0.872417 0.711221
0.874622 0.766403
0.87571 0.0658471
0.878982 0.0452929
0.881636 0.651575
0.881697 0.683435
0.881746 0.497988
0.882237 0.753445
0.883554 0.888413
0.883988 0.181196
0.887074 0.0609773
0.888055 0.542161
0.888545 0.77367
0.89214 0.191276
0.89293 0.478369
0.893663 0.798233
0.894287 0.288815
0.894917 0.867727
0.895029 0.747785
0.895209 0.772371
0.896497 0.431895
0.897306 0.0290456
0.898059 0.681608
0.898794 0.0277055
0.899111 0.354818
0.902634 0.563743
0.903358 0.74173
0.905372 0.585369
0.905947 0.250301
0.906153 0.708187
0.907275 0.56526
0.907381 0.359173
0.911513 0.798376
0.911816 0.89742
0.914196 0.8867
0.914373 0.863882
0.915988 0.00675619
0.916194 0.477712
0.91689 0.176623
0.919477 0.651486
0.919755 0.314648
0.921345 0.0526094
0.922376 0.375292
0.927211 0.636515
0.927554 0.397584
0.930279 0.191689
0.930851 0.815353
0.930931 0.160761
0.931381 0.723248
0.93182 0.0921663
0.932009 0.269054
0.9321 0.796472
0.932425 0.258972
0.934598 0.78452
0.935268 0.0507586
0.93975 0.371361
0.941942 0.215371
0.943618 0.389463
0.948457 0.711748
0.948787 0.261004
0.950715 0.662345
0.952431 0.508902
0.953495 0.3934
0.954487 0.056601
0.954514 0.51316
0.955087 0.144744
0.95564 0.44017
0.960093 0.286525
0.963325 0.605222
0.96344 0.532364
0.96446 0.684736
0.965012 0.953302
0.965262 0.162636
0.965685 0.265066
0.966803 0.0508022
0.967371 0.608184
0.969495 0.300795
0.970382 0.213433
0.972887 0.308617
0.973647 0.0796001
0.975744 0.325075
0.977796 0.815555
0.978146 0.698903
0.979108 0.875688
0.980129 0.0197566
0.981035 0.252978
0.98134 0.384916
0.982446 0.970086
0.983006 0.374016
0.987014 0.738895
0.987176 0.460703
0.988839 0.422019
0.989384 0.573041
0.990347 0.75769
0.997609 0.809379
0.99948 0.263784
0.999645 0.0377154
