0.00117275 0.710367
0.00145211 0.405695
0.00176051 0.588865
0.00206843 0.764028
0.00255028 0.862489
0.0041649 0.999493
0.00442373 0.349647
0.00476827 0.140393
0.00491243 0.563249
0.00504693 0.823685
0.00511497 0.967297
0.00542511 0.179777
0.00576607 0.910323
0.00729436 0.596318
0.00756596 0.16111
0.00806887 0.613589
0.00870222 0.258242
0.0105629 0.530277
0.0108123 0.7219
0.0110742 0.124859
0.0115233 0.671584
0.0123231 0.113522
0.0139261 0.05608
0.0160739 0.154136
0.0162691 0.435044
0.016531 0.836711
0.016979 0.365772
0.0183647 0.654825
0.0196646 0.502135
0.0201106 0.998372
0.0202948 0.0945383
0.0203839 0.592771
0.0214462 0.44652
0.021671 0.224934
0.0220043 0.825946
0.0223511 0.655096
0.0226372 0.462616
0.0229095 0.04076
0.0237419 0.0296829
0.0241918 0.591544
0.024909 0.645804
0.0256306 0.774016
0.0259135 0.528762
0.0261975 0.301799
0.026914 0.344358
0.0277523 0.432324
0.0281704 0.460732
0.0306837 0.701392
0.0315689 0.578271
0.0327317 0.121349
0.0330412 0.32266
0.0333322 0.213695
0.0335556 0.968865
0.03587 0.866719
0.0364329 0.327148
0.0389145 0.0361863
0.0406021 0.3997
0.0408118 0.924141
0.041827 0.986127
0.0423265 0.38073
0.0424707 0.804689
0.0427615 0.692092
0.0437258 0.900221
0.0439594 0.825333
0.0443026 0.593861
0.0446656 0.693929
0.0447891 0.771031
0.0451956 0.601925
0.0463508 0.0176528
0.0469828 0.639609
0.0472221 0.662598
0.047475 0.912214
0.0475575 0.29839
0.0476377 0.6462
0.0484155 0.718835
0.0487347 0.0842258
0.0491082 0.361052
0.04928 0.24917
0.0493281 0.0573369
0.0501203 0.371102
0.0512984 0.172873
0.0520721 0.175478
0.0522217 0.689613
0.0527872 0.194605
0.0528849 0.83711
0.0534573 0.457502
0.0535051 0.260182
0.054387 0.081909
0.0544565 0.250996
0.0546404 0.341904
0.0551606 0.0842319
0.0562569 0.509203
0.0568051 0.724025
0.0569453 0.0799739
0.0572687 0.514566
0.0579296 0.622351
0.0581874 0.955319
0.0588399 0.922457
0.0610507 0.0793427
0.0619635 0.421093
0.0622711 0.590973
0.0625768 0.728077
0.06321 0.371054
0.0642227 0.39131
0.0642883 0.494092
0.0644146 0.615524
0.0646243 0.140567
0.0649152 0.0300134
0.0651886 0.624648
0.0653445 0.245002
0.0657982 0.87021
0.0666978 0.989339
0.0672645 0.513616
0.0676056 0.247519
0.067976 0.471901
0.0684091 0.751512
0.0709265 0.0620386
0.0711849 0.405149
0.0712223 0.0339275
0.0714562 0.964541
0.0715652 0.796663
0.0720945 0.692631
0.075049 0.348901
0.0764757 0.32647
0.0765631 0.795973
0.0767022 0.134218
0.0803939 0.179709
0.0810349 0.954147
0.0812966 0.35266
0.0815016 0.79811
0.0821155 0.114509
0.0824901 0.411785
0.0826588 0.245675
0.0839077 0.236654
0.0839364 0.719729
0.0853418 0.339962
0.0855021 0.0337749
0.0876895 0.796931
0.088155 0.621704
0.0889625 0.193223
0.0898838 0.676803
0.0904894 0.855622
0.0909888 0.248683
0.091425 0.579651
0.0915821 0.221238
0.0918388 0.534343
0.0926836 0.734022
0.0930309 0.56959
0.0932087 0.558363
0.0934387 0.424307
0.0944593 0.577087
0.0944774 0.882198
0.09624 0.506399
0.0962405 0.514608
0.0967161 0.507061
0.0975381 0.322426
0.0980832 0.483959
0.0987539 0.757444
0.0987568 0.80643
0.0996877 0.451623
0.0998323 0.881954
0.100399 0.409776
0.100449 0.252605
0.101537 0.526528
0.10212 0.322732
0.10247 0.207199
0.102759 0.0679218
0.103889 0.0657601
0.104441 0.345416
0.104803 0.425879
0.105539 0.798562
0.105927 0.316535
0.106007 0.659368
0.10619 0.739772
0.108218 0.824666
0.108369 0.359377
0.108835 0.194872
0.109284 0.738208
0.109615 0.291369
0.110028 0.232788
0.110075 0.028111
0.11204 0.0553815
0.112163 0.123609
0.112164 0.135427
0.113196 0.483334
0.114224 0.762572
0.115305 0.927105
0.115848 0.0512429
0.115888 0.727128
0.116441 0.0201199
0.116453 0.233224
0.116549 0.834382
0.116707 0.49768
0.116784 0.794039
0.116985 0.170758
0.117939 0.199491
0.119199 0.383805
0.119324 0.48056
0.11948 0.102542
0.119582 0.814459
0.120156 0.457962
0.120228 0.676865
0.121068 0.786259
0.122422 0.549997
0.122832 0.441288
0.12322 0.965983
0.125151 0.410909
0.125366 0.0340405
0.12596 0.00881076
0.127139 0.833223
0.127609 0.721123
0.12763 0.0828269
0.128549 0.51476
0.129021 0.450902
0.129422 0.198258
0.131051 0.570444
0.131776 0.757314
0.13255 0.764732
0.133055 0.259786
0.133118 0.3069
0.133717 0.387506
0.133728 0.562723
0.133793 0.665466
0.133885 0.207096
0.134075 0.403158
0.134115 0.0762575
0.13513 0.132843
0.136241 0.809855
0.136905 0.956335
0.136912 0.0879663
0.137049 0.375105
0.13717 0.411785
0.138683 0.846436
0.138864 0.893962
0.138947 0.275011
0.139622 0.625234
0.139778 0.248203
0.142987 0.178696
0.14317 0.263373
0.145073 0.240869
0.145897 0.0951784
0.147094 0.211554
0.14778 0.742378
0.147867 0.197324
0.148586 0.283484
0.148643 0.237057
0.149993 0.925005
0.150328 0.570681
0.15057 0.623739
0.151132 0.078979
0.151184 0.955321
0.153162 0.191407
0.15342 0.537867
0.153715 0.491403
0.154367 0.44688
0.154558 0.664457
0.155383 0.521975
0.156031 0.412712
0.157265 0.148842
0.157313 0.958386
0.157642 0.486847
0.158796 0.886288
0.158831 0.471599
0.161033 0.487578
0.164518 0.0457877
0.164938 0.107247
0.165 0.14914
0.166002 0.992551
0.166447 0.482778
0.167267 0.261711
0.168285 0.363025
0.168394 0.201721
0.168719 0.667923
0.169025 0.803125
0.169674 0.711894
0.169902 0.542722
0.170296 0.172619
0.170734 0.522683
0.170836 0.246347
0.171754 0.66586
0.171967 0.256755
0.174097 0.0402296
0.174245 0.535793
0.175222 0.956095
0.175287 0.0524202
0.176643 0.845664
0.176901 0.177677
0.177825 0.70319
0.178087 0.108857
0.178622 0.106974
0.178912 0.967885
0.180651 0.200619
0.180917 0.666682
0.182371 0.107478
0.182754 0.545809
0.182792 0.187345
0.182991 0.522231
0.183031 0.201513
0.183138 0.00585898
0.183198 0.0107883
0.183583 0.474203
0.183978 0.112263
0.184606 0.67913
0.18464 0.238927
0.185396 0.946446
0.186876 0.818796
0.187323 0.332071
0.188618 0.102385
0.188876 0.438123
0.189817 0.262385
0.189916 0.910055
0.190367 0.503581
0.19056 0.749412
0.190612 0.621582
0.191234 0.0633206
0.191656 0.16226
0.19205 0.777937
0.192101 0.643072
0.194324 0.0018697
0.195379 0.741204
0.195855 0.740262
0.196036 0.782537
0.196096 0.790103
0.196539 0.225608
0.197361 0.0533938
0.198027 0.245611
0.198985 0.33715
0.199136 0.879124
0.199369 0.797458
0.199958 0.692094
0.200308 0.578291
0.200519 0.126359
0.201158 0.860898
0.20163 0.801712
0.202343 0.772418
0.202556 0.353334
0.202853 0.346346
0.203256 0.124804
0.20337 0.0323562
0.203473 0.771321
0.203983 0.337759
0.204168 0.448522
0.204599 0.70247
0.205177 0.40655
0.206448 0.767905
0.206717 0.2938
0.208842 0.00420061
0.209238 0.666217
0.210753 0.130155
0.211363 0.377635
0.211709 0.198231
0.212223 0.837118
0.212289 0.934821
0.212445 0.559449
0.213603 0.0207808
0.213749 0.48075
0.214176 0.649774
0.215367 0.675888
0.216471 0.22958
0.21705 0.964761
0.217073 0.340372
0.217119 0.113672
0.217443 0.558767
0.218721 0.051777
0.218816 0.640248
0.218832 0.904239
0.218867 0.490802
0.2202 0.901243
0.220802 0.0228358
0.220939 0.3249
0.222426 0.319709
0.222464 0.951015
0.223329 0.484262
0.224395 0.406664
0.225762 0.37647
0.226234 0.316611
0.2276 0.273301
0.228857 0.395193
0.229121 0.829449
0.229784 0.981172
0.230004 0.674874
0.230655 0.621601
0.232956 0.300003
0.233355 0.99403
0.234132 0.0572891
0.234615 0.179393
0.234793 0.163651
0.235054 0.548601
0.235138 0.959523
0.235535 0.632732
0.236022 0.82831
0.236055 0.380147
0.236646 0.308617
0.23701 0.431099
0.237148 0.750726
0.238508 0.596359
0.2387 0.826975
0.239031 0.389708
0.24023 0.543297
0.240964 0.87926
0.241827 0.384887
0.241911 0.797422
0.243872 0.75445
0.243967 0.346036
0.244907 0.158402
0.246507 0.0487811
0.246685 0.0380863
0.247079 0.652143
0.247776 0.36443
0.247995 0.0535691
0.249454 0.575611
0.250519 0.480348
0.251056 0.50038
0.251488 0.750587
0.251809 0.161496
0.252918 0.799024
0.253812 0.822163
0.255004 0.854882
0.255036 0.397727
0.255205 0.235239
0.256191 0.797324
0.259282 0.760628
0.259394 0.631106
0.259472 0.938329
0.259678 0.409653
0.261042 0.338003
0.262001 0.446729
0.262583 0.238801
0.263573 0.871362
0.264239 0.0564017
0.266134 0.912182
0.266428 0.850418
0.267025 0.886468
0.268008 0.415439
0.268531 0.198543
0.268747 0.832937
0.269164 0.835604
0.270762 0.703804
0.272503 0.949866
0.273437 0.663345
0.273883 0.150464
0.276408 0.58831
0.276557 0.0883104
0.277186 0.663332
0.277203 0.958652
0.278004 0.41665
0.278274 0.944173
0.278733 0.661709
0.279069 0.319297
0.279614 0.470577
0.283704 0.212106
0.283894 0.411737
0.28452 0.933688
0.285397 0.66538
0.286016 0.064363
0.286318 0.146502
0.286573 0.439266
0.286767 0.693681
0.287705 0.453218
0.287834 0.620778
0.288682 0.884806
0.289334 0.838725
0.290583 0.828445
0.2911 0.516051
0.291393 0.436224
0.292177 0.617379
0.29301 0.626564
0.294574 0.900406
0.29705 0.515395
0.297876 0.398208
0.298008 0.616514
0.298098 0.129938
0.298816 0.194881
0.29885 0.776279
0.29909 0.805912
0.300236 0.0671858
0.300665 0.277941
0.301652 0.873178
0.30228 0.423162
0.30281 0.32961
0.303465 0.343964
0.304202 0.720264
0.305751 0.764034
0.306434 0.236317
0.306672 0.235944
0.307729 0.00671722
0.307823 0.579606
0.308945 0.439497
0.309286 0.162686
0.309394 0.990542
0.311369 0.172869
0.311628 0.537744
0.311825 0.841341
0.311931 0.626943
0.312279 0.474031
0.313124 0.681631
0.3146 0.482409
0.316079 0.332399
0.316103 0.740317
0.316514 0.647816
0.316788 0.254002
0.317175 0.752283
0.318521 0.385173
0.318786 0.842564
0.320233 0.159289
0.321144 0.472559
0.32137 0.2593
0.321936 0.77053
0.322731 0.133336
0.322922 0.352306
0.323023 0.0508003
0.323024 0.0691453
0.32315 0.187039
0.323174 0.592062
0.323824 0.507835
0.325233 0.190585
0.325421 0.353096
0.325943 0.127888
0.326265 0.544205
0.327515 0.547355
0.327728 0.12813
0.327926 0.453672
0.329066 0.606433
0.330296 0.292372
0.330788 0.546022
0.331632 0.74549
0.333361 0.80386
0.333625 0.239494
0.333939 0.510867
0.334559 0.937077
0.335949 0.289077
0.336034 0.724191
0.336365 0.281962
0.338468 0.635464
0.339134 0.831758
0.339191 0.775548
0.339262 0.983383
0.341145 0.623289
0.341394 0.817049
0.341499 0.578921
0.341593 0.156584
0.342302 0.0768334
0.343406 0.62795
0.343744 0.313236
0.344062 0.653192
0.344147 0.0741315
0.346105 0.981878
0.348431 0.0753982
0.348922 0.325417
0.349095 0.235535
0.351018 0.552351
0.351042 0.955025
0.351396 0.919118
0.3519 0.381473
0.352064 0.132325
0.353097 0.499539
0.353453 0.48679
0.354719 0.755841
0.355727 0.710746
0.356219 0.968607
0.356326 0.766237
0.356392 0.881237
0.356669 0.532127
0.356696 0.991817
0.358764 0.744129
0.35929 0.583355
0.359319 0.0779427
0.360351 0.420175
0.360528 0.402249
0.36069 0.119439
0.360839 0.623775
0.361052 0.19721
0.361527 0.179394
0.361823 0.165472
0.362522 0.914097
0.365582 0.340347
0.366336 0.00335025
0.366782 0.511836
0.366984 0.899855
0.367301 0.222389
0.367321 0.563674
0.36783 0.119061
0.36875 0.584288
0.368872 0.632684
0.370141 0.960557
0.37097 0.895079
0.371052 0.276543
0.372469 0.0806483
0.372625 0.701465
0.372766 0.0824027
0.374076 0.0950993
0.374523 0.610597
0.374674 0.138507
0.374867 0.394449
0.374995 0.541261
0.375074 0.87057
0.375093 0.18904
0.375777 0.691111
0.377383 0.674248
0.377459 0.957929
0.378742 0.518559
0.378972 0.383393
0.379332 0.428543
0.379696 0.542401
0.380859 0.100349
0.381149 0.967051
0.382334 0.8897
0.382521 0.0259614
0.383291 0.976779
0.384018 0.198453
0.385865 0.231291
0.386813 0.167226
0.388105 0.886575
0.389187 0.0648984
0.389203 0.326972
0.39158 0.277512
0.391868 0.129563
0.392404 0.142637
0.392803 0.83934
0.394882 0.774351
0.397275 0.00503492
0.397838 0.46908
0.398051 0.0454096
0.398523 0.977709
0.398845 0.381879
0.39965 0.918117
0.39994 0.787113
0.40075 0.403367
0.401883 0.449471
0.402063 0.475044
0.402128 0.573443
0.402216 0.05168
0.402689 0.0015181
0.402754 0.0844528
0.403682 0.686163
0.404443 0.475828
0.404893 0.0447412
0.405044 0.582034
0.405551 0.0941268
0.406467 0.496022
0.407219 0.133269
0.411385 0.148461
0.411496 0.0136648
0.411717 0.721658
0.412507 0.0121084
0.41251 0.0552708
0.412571 0.0810261
0.413086 0.739057
0.413975 0.677968
0.413993 0.985129
0.416883 0.553049
0.418312 0.566854
0.418616 0.674312
0.418864 0.845884
0.419283 0.894335
0.420177 0.91014
0.420561 0.375191
0.420617 0.306873
0.420645 0.78454
0.420752 0.585247
0.420954 0.966998
0.421304 0.8625
0.421599 0.81116
0.422121 0.592941
0.423705 0.209648
0.424078 0.476214
0.424867 0.746864
0.424903 0.346059
0.425531 0.907541
0.426037 0.40913
0.427464 0.388491
0.427786 0.795699
0.429095 0.806274
0.429967 0.449145
0.43052 0.753227
0.430679 0.42745
0.430743 0.502981
0.430755 0.704408
0.431821 0.60733
0.433386 0.92395
0.433673 0.735023
0.434989 0.864403
0.435243 0.125642
0.435483 0.164729
0.435657 0.086407
0.435804 0.558773
0.436614 0.168312
0.437591 0.584724
0.43863 0.0539398
0.440003 0.136744
0.440251 0.304606
0.440941 0.888408
0.441293 0.807561
0.44149 0.128469
0.441731 0.168457
0.442441 0.111896
0.443012 0.70423
0.443192 0.728965
0.443231 0.377208
0.443247 0.644909
0.444694 0.964037
0.448722 0.675819
0.449364 0.453019
0.449626 0.865354
0.449656 0.373129
0.449788 0.594526
0.449859 0.782084
0.450007 0.273702
0.452147 0.240181
0.452189 0.948327
0.452555 0.0928722
0.452745 0.283519
0.454123 0.44641
0.45417 0.231387
0.455188 0.339039
0.455812 0.836509
0.45582 0.9698
0.456203 0.397128
0.45646 0.725556
0.456603 0.128283
0.458433 0.88665
0.458951 0.589721
0.459101 0.118288
0.459294 0.35367
0.459325 0.868903
0.459572 0.0270296
0.45978 0.519641
0.460127 0.355459
0.460441 0.62889
0.461412 0.950588
0.461669 0.278006
0.461696 0.723906
0.461869 0.637147
0.463304 0.747639
0.46458 0.192071
0.464985 0.996042
0.465194 0.512211
0.465286 0.0567761
0.466021 0.41945
0.467167 0.674392
0.469471 0.398915
0.471666 0.292514
0.471783 0.261284
0.47191 0.394987
0.472182 0.959639
0.472848 0.162374
0.474806 0.0712157
0.475546 0.494763
0.475777 0.385392
0.475927 0.913239
0.475933 0.998601
0.477984 0.478954
0.478589 0.64263
0.480288 0.203125
0.480584 0.170154
0.481658 0.220047
0.481728 0.405178
0.481739 0.585662
0.482 0.978885
0.482306 0.118923
0.482401 0.717013
0.482628 0.536054
0.48324 0.812797
0.483739 0.195551
0.483896 0.843376
0.483991 0.439157
0.483998 0.557781
0.48437 0.805885
0.485079 0.722244
0.485446 0.897876
0.486917 0.617017
0.487593 0.983527
0.487904 0.199278
0.48828 0.517607
0.488294 0.764991
0.490255 0.719093
0.490429 0.64556
0.490997 0.189637
0.491829 0.162454
0.492037 0.668174
0.494194 0.9136
0.494586 0.499545
0.494883 0.496337
0.495338 0.140908
0.495839 0.567614
0.496264 0.713544
0.496425 0.414557
0.49687 0.902115
0.497017 0.3635
0.497109 0.913724
0.498168 0.712828
0.498556 0.232546
0.499103 0.425532
0.499957 0.7705
0.501082 0.680347
0.501417 0.318972
0.501419 0.356405
0.501577 0.00741571
0.501586 0.148189
0.501747 0.865348
0.502221 0.826283
0.503165 0.693981
0.503216 0.551485
0.503853 0.257817
0.504139 0.0659158
0.504292 0.634702
0.504364 0.852822
0.506192 0.567643
0.506841 0.481077
0.506919 0.780943
0.507074 0.395905
0.5078 0.597723
0.508625 0.461424
0.508914 0.316583
0.509124 0.850134
0.509712 0.728577
0.511394 0.995638
0.511415 0.357843
0.511539 0.434664
0.512729 0.438777
0.5129 0.302102
0.513369 0.20016
0.513465 0.808957
0.513893 0.0010456
0.514778 0.869277
0.515576 0.2798
0.515708 0.505009
0.516258 0.75436
0.516292 0.314267
0.5168 0.851388
0.51682 0.201234
0.517225 0.995415
0.517611 0.481894
0.517664 0.373138
0.517781 0.347496
0.518203 0.444267
0.518849 0.28987
0.518992 0.700188
0.51907 0.00851446
0.519701 0.617346
0.520743 0.120551
0.520945 0.515614
0.522562 0.706065
0.52275 0.8637
0.523163 0.799146
0.523718 0.132647
0.524489 0.0847562
0.525724 0.850892
0.526622 0.943928
0.526724 0.656181
0.526807 0.0498225
0.527535 0.284817
0.527599 0.349696
0.528396 0.751461
0.529379 0.269155
0.529835 0.935835
0.531158 0.169383
0.531869 0.123975
0.532371 0.553843
0.532535 0.309163
0.53298 0.797621
0.533028 0.606594
0.533886 0.029309
0.534911 0.244668
0.535228 0.56998
0.535327 0.249684
0.535775 0.774706
0.535997 0.503228
0.53624 0.577338
0.538139 0.506749
0.538343 0.932022
0.538604 0.311752
0.53879 0.440688
0.540845 0.976491
0.540854 0.125779
0.540952 0.785204
0.543028 0.663082
0.543114 0.11125
0.543253 0.446138
0.543777 0.258739
0.544222 0.744599
0.54502 0.14807
0.545065 0.905021
0.545208 0.308804
0.546148 0.10201
0.546155 0.231082
0.547778 0.506809
0.548094 0.816343
0.549737 0.434857
0.552892 0.457491
0.553236 0.231317
0.553409 0.139619
0.55342 0.331584
0.553866 0.831555
0.554298 0.0817623
0.554309 0.266707
0.55596 0.0268468
0.556404 0.485917
0.558295 0.256577
0.559462 0.88112
0.559973 0.466757
0.560245 0.0304379
0.560373 0.190578
0.56117 0.590058
0.561675 0.0769262
0.562187 0.684031
0.562323 0.962881
0.562354 0.484235
0.56313 0.533923
0.563205 0.793115
0.563225 0.128397
0.563377 0.680639
0.56455 0.390285
0.565605 0.120495
0.566 0.767148
0.566244 0.860558
0.566454 0.396614
0.566649 0.66842
0.566891 0.740323
0.567668 0.802995
0.569656 0.207755
0.569663 0.322302
0.570392 0.575844
0.571302 0.873078
0.571386 0.290159
0.572235 0.548098
0.573369 0.607186
0.574313 0.486161
0.574331 0.776605
0.57536 0.0817565
0.575751 0.64981
0.575811 0.647813
0.578761 0.239672
0.579019 0.576772
0.579193 0.492901
0.580763 0.877971
0.581727 0.0896294
0.583708 0.382096
0.584547 0.475681
0.584759 0.0431282
0.585777 0.160627
0.586114 0.817049
0.586156 0.530415
0.586489 0.117519
0.586597 0.942111
0.588582 0.29715
0.589429 0.540328
0.589994 0.0321255
0.590005 0.2098
0.590192 0.35456
0.590407 0.967009
0.590726 0.33337
0.590982 0.627292
0.591037 0.564789
0.591556 0.278614
0.591782 0.0734013
0.592704 0.57452
0.594098 0.00831269
0.594312 0.600468
0.594405 0.159942
0.595423 0.281737
0.596096 0.591561
0.59626 0.335337
0.596278 0.643477
0.597173 0.691707
0.597909 0.0596552
0.59809 0.0926473
0.599666 0.581628
0.599899 0.499446
0.60162 0.423578
0.601756 0.719185
0.602785 0.00949732
0.602986 0.381559
0.603127 0.747259
0.604381 0.827772
0.605987 0.818267
0.60706 0.850848
0.607492 0.119533
0.608705 0.503657
0.609005 0.541365
0.609292 0.371605
0.609407 0.301157
0.609436 0.787934
0.609521 0.212865
0.61137 0.303399
0.611678 0.463793
0.611718 0.146081
0.611844 0.268811
0.611917 0.485428
0.612464 0.686695
0.612913 0.229209
0.612921 0.360677
0.61302 0.0241716
0.613361 0.756932
0.613738 0.0891224
0.61515 0.82175
0.616765 0.970603
0.618447 0.233775
0.618737 0.109767
0.618935 0.438901
0.618951 0.704168
0.61921 0.0667975
0.619691 0.148189
0.620036 0.946472
0.620677 0.711079
0.621438 0.501676
0.621501 0.569717
0.621976 0.548199
0.622043 0.678624
0.622578 0.669808
0.622928 0.555958
0.623665 0.942768
0.624134 0.818475
0.62511 0.228555
0.625285 0.162927
0.625694 0.0414605
0.626573 0.808637
0.627147 0.452618
0.627158 0.642838
0.627858 0.411585
0.629132 0.828021
0.629324 0.0548648
0.630106 0.193226
0.630491 0.661485
0.630658 0.46363
0.63124 0.244495
0.63222 0.724097
0.635687 0.989092
0.635791 0.745337
0.636196 0.55049
0.636541 0.343694
0.638503 0.314724
0.638509 0.420654
0.63863 0.456801
0.638921 0.35369
0.640816 0.189278
0.641641 0.0636387
0.642048 0.903979
0.642768 0.0033662
0.644547 0.901725
0.644576 0.396187
0.644794 0.0506239
0.646293 0.24625
0.646836 0.374865
0.646978 0.754081
0.647157 0.766474
0.649531 0.663301
0.650313 0.813245
0.650914 0.911038
0.652104 0.908194
0.652455 0.816077
0.652611 0.429858
0.653137 0.279885
0.654185 0.891829
0.654346 0.598399
0.654686 0.310827
0.654805 0.303452
0.656053 0.279335
0.656833 0.392244
0.657808 0.780935
0.658822 0.822189
0.659126 0.934554
0.6595 0.209298
0.659723 0.957472
0.660498 0.985794
0.660988 0.221748
0.661344 0.21249
0.661391 0.00288241
0.661448 0.956283
0.661798 0.845547
0.662669 0.48337
0.663226 0.842839
0.66331 0.245379
0.663357 0.0444986
0.663606 0.226206
0.663618 0.422296
0.664116 0.795016
0.664152 0.400049
0.66459 0.766932
0.664923 0.366128
0.66564 0.415551
0.665682 0.110165
0.665709 0.576311
0.665943 0.507591
0.6678 0.721413
0.668637 0.776203
0.669093 0.451742
0.670096 0.311127
0.671424 0.617594
0.671613 0.802566
0.674107 0.708915
0.674461 0.672812
0.674888 0.838127
0.675593 0.689645
0.677025 0.757452
0.677629 0.917715
0.677851 0.650048
0.677982 0.843709
0.677997 0.101666
0.680188 0.921877
0.680308 0.942364
0.681002 0.602417
0.681081 0.919908
0.681086 0.00715676
0.681688 0.137617
0.681888 0.495802
0.681932 0.229133
0.682007 0.488787
0.682632 0.996721
0.685803 0.292543
0.686204 0.0374095
0.686687 0.141145
0.688123 0.291247
0.68863 0.803269
0.689096 0.631485
0.690341 0.560676
0.690495 0.142657
0.690696 0.528321
0.691134 0.890728
0.691333 0.238019
0.692207 0.923692
0.693366 0.400567
0.694175 0.00193561
0.694525 0.889807
0.695219 0.550925
0.695274 0.466657
0.69529 0.741011
0.695316 0.182934
0.697796 0.85007
0.698069 0.453643
0.698469 0.17161
0.69896 0.42605
0.699459 0.804594
0.70002 0.244643
0.70199 0.338868
0.703315 0.618201
0.704364 0.242222
0.704763 0.9478
0.70532 0.305352
0.710376 0.293038
0.710527 0.81957
0.711192 0.0115287
0.711406 0.593587
0.711801 0.236492
0.712235 0.535153
0.714374 0.475774
0.714586 0.0407006
0.71474 0.628075
0.715529 0.900963
0.715801 0.472126
0.716043 0.529183
0.71707 0.787579
0.717276 0.256719
0.718705 0.277694
0.718972 0.762477
0.719218 0.901366
0.719797 0.624222
0.72046 0.766248
0.721409 0.713023
0.721651 0.787697
0.722101 0.346702
0.722495 0.973688
0.722677 0.0251187
0.722959 0.773698
0.723476 0.453979
0.724185 0.369227
0.725011 0.263059
0.725307 0.232569
0.725412 0.00699467
0.725804 0.586389
0.725847 0.315712
0.726377 0.210263
0.726894 0.899975
0.730288 0.951851
0.730388 0.628401
0.730951 0.0986517
0.731205 0.355962
0.731833 0.911793
0.731962 0.0776154
0.734875 0.0513246
0.735138 0.466954
0.73619 0.15033
0.736342 0.705796
0.737322 0.174301
0.738974 0.934221
0.739123 0.443269
0.739339 0.064546
0.739482 0.479967
0.739679 0.788784
0.739893 0.390354
0.740581 0.9386
0.741502 0.420379
0.74212 0.806746
0.742223 0.544497
0.742987 0.389839
0.74313 0.784262
0.74667 0.282332
0.747748 0.393122
0.747864 0.352798
0.748713 0.611292
0.749075 0.711243
0.749747 0.00348052
0.751585 0.883367
0.751673 0.37494
0.754198 0.810039
0.754677 0.851422
0.754856 0.868041
0.755836 0.338009
0.7563 0.140688
0.757895 0.934623
0.758637 0.413299
0.758987 0.298369
0.759305 0.644069
0.760679 0.73826
0.76086 0.770767
0.762951 0.918091
0.763074 0.991343
0.764742 0.0272138
0.765265 0.81618
0.765689 0.930842
0.765698 0.0887862
0.7665 0.570709
0.767194 0.234018
0.767862 0.462213
0.768222 0.501384
0.769255 0.860983
0.769917 0.997218
0.770505 0.873415
0.772433 0.288014
0.772575 0.67353
0.775332 0.998099
0.775469 0.303184
0.776202 0.628573
0.776569 0.787887
0.777252 0.28055
0.778075 0.0981771
0.77852 0.581798
0.780038 0.0954178
0.780361 0.530643
0.780596 0.471471
0.780826 0.347778
0.781403 0.0427237
0.781521 0.0227873
0.782374 0.352251
0.782597 0.112782
0.783524 0.682961
0.783852 0.19393
0.784753 0.350257
0.785983 0.0200508
0.786142 0.68381
0.787535 0.106075
0.787551 0.371851
0.790062 0.577731
0.790141 0.892592
0.790238 0.52907
0.791628 0.88766
0.791656 0.370688
0.791887 0.248082
0.792848 0.388967
0.793499 0.331718
0.793931 0.601891
0.794234 0.684014
0.794355 0.731612
0.795911 0.873829
0.795962 0.731646
0.796122 0.427964
0.796242 0.438041
0.796402 0.126798
0.7968 0.824198
0.796998 0.150116
0.797418 0.200391
0.797752 0.823081
0.798816 0.694259
0.800031 0.128823
0.800575 0.272034
0.800848 0.847376
0.800963 0.787118
0.801218 0.0732138
0.801551 0.662462
0.801758 0.151019
0.802112 0.0938791
0.802383 0.658593
0.803508 0.561897
0.803528 0.887208
0.804201 0.205977
0.804647 0.697425
0.805273 0.226529
0.80536 0.678187
0.805624 0.130358
0.805759 0.386943
0.805909 0.904968
0.805967 0.886316
0.806322 0.852506
0.806618 0.827033
0.80666 0.533143
0.807878 0.00375555
0.808663 0.195993
0.809039 0.512844
0.809707 0.745225
0.809851 0.158095
0.810017 0.947272
0.810121 0.705544
0.810632 0.288489
0.812015 0.539818
0.815585 0.543284
0.815906 0.927802
0.816973 0.872384
0.817701 0.108748
0.819934 0.630201
0.820916 0.141907
0.821752 0.183376
0.822044 0.101866
0.823826 0.039669
0.824264 0.402725
0.824563 0.438148
0.824926 0.526555
0.825579 0.513275
0.826485 0.726837
0.827136 0.677571
0.828007 0.310565
0.828286 0.00824102
0.828497 0.55091
0.828735 0.552204
0.829186 0.124036
0.829467 0.854771
0.829792 0.314055
0.830151 0.349821
0.830485 0.966712
0.832346 0.237832
0.832928 0.0268587
0.833003 0.288274
0.833304 0.347873
0.833715 0.245526
0.834023 0.427185
0.834626 0.56033
0.835493 0.128693
0.836225 0.431104
0.83669 0.253482
0.836739 0.0758142
0.837541 0.557009
0.838163 0.00527474
0.838312 0.505064
0.838562 0.707394
0.839469 0.957481
0.839965 0.284715
0.840195 0.158501
0.840978 0.321907
0.841382 0.105553
0.842415 0.465332
0.843198 0.627595
0.843468 0.172352
0.84503 0.423434
0.847112 0.414169
0.847417 0.533538
0.848046 0.114789
0.848719 0.419518
0.849 0.135547
0.85136 0.810136
0.851771 0.709222
0.852372 0.822597
0.852569 0.125153
0.853488 0.569209
0.8537 0.141085
0.85384 0.492362
0.854427 0.354542
0.854858 0.592986
0.856211 0.343569
0.856597 0.832388
0.857094 0.180189
0.857176 0.552621
0.857252 0.833688
0.858081 0.760063
0.860185 0.127785
0.860602 0.139868
0.860808 0.598833
0.861249 0.0143653
0.861363 0.923232
0.863646 0.300491
0.864084 0.66098
0.864566 0.757485
0.864975 0.637035
0.865296 0.0239411
0.868103 0.214162
0.868672 0.774588
0.869959 0.400889
0.870943 0.940308
0.871021 0.248697
0.871456 0.55412
0.872541 0.802395
0.873173 0.424148
0.875032 0.655674
0.876354 0.879534
0.877487 0.92797
0.879825 0.210841
0.880129 0.330335
0.880224 0.932957
0.880642 0.94727
0.8816 0.0505645
0.882143 0.186051
0.882284 0.541357
0.88233 0.312458
0.883009 0.727186
0.883318 0.92615
0.883791 0.877342
0.8844 0.103166
0.884789 0.655395
0.885286 0.994649
0.885437 0.540826
0.885534 0.177132
0.886063 0.0619311
0.886565 0.491948
0.887493 0.0965468
0.887886 0.69265
0.888225 0.401564
0.888346 0.433054
0.891389 0.581085
0.891427 0.205152
0.892565 0.342143
0.892898 0.942286
0.894261 0.839871
0.89494 0.250264
0.895274 0.874027
0.895341 0.00352822
0.895958 0.366619
0.896058 0.0443269
0.896355 0.0361887
0.896689 0.645903
0.898311 0.905867
0.89838 0.0706894
0.899305 0.61641
0.900377 0.631225
0.900442 0.723974
0.901265 0.566888
0.902012 0.11403
0.902255 0.193751
0.902308 0.0924613
0.902926 0.469327
0.903222 0.458246
0.90378 0.833892
0.905441 0.743789
0.906698 0.866135
0.907612 0.22691
0.907947 0.859564
0.90929 0.429185
0.909821 0.355026
0.910097 0.996243
0.910878 0.118153
0.912747 0.538631
0.912853 0.319552
0.913737 0.179613
0.913777 0.849792
0.913864 0.306335
0.914355 0.564265
0.915844 0.583399
0.916418 0.236858
0.916491 0.461966
0.917006 0.121586
0.917676 0.386282
0.919258 0.961087
0.919385 0.109058
0.919621 0.0739902
0.919674 0.967464
0.92037 0.661962
0.920518 0.153854
0.921042 0.954536
0.921148 0.741093
0.922035 0.643854
0.922129 0.21855
0.922205 0.50645
0.922255 0.334887
0.92277 0.999437
0.922981 0.539147
0.92303 0.372311
0.923473 0.813552
0.923514 0.498704
0.924244 0.761192
0.925491 0.723222
0.927168 0.911151
0.927311 0.322385
0.927521 0.852156
0.927557 0.453472
0.927621 0.534732
0.928214 0.496761
0.928579 0.63002
0.929048 0.516871
0.929854 0.0488283
0.929996 0.438352
0.930055 0.426807
0.930569 0.081331
0.930857 0.915969
0.93154 0.400289
0.931775 0.342893
0.93194 0.108067
0.932162 0.854315
0.932397 0.796113
0.932802 0.596273
0.933214 0.535108
0.933309 0.129684
0.933937 0.673854
0.934004 0.804804
0.934678 0.135156
0.934997 0.500578
0.936282 0.0883732
0.937094 0.730995
0.938193 0.203911
0.938229 0.80957
0.938576 0.651391
0.938586 0.822045
0.939367 0.937389
0.941485 0.530918
0.941837 0.460809
0.942205 0.637943
0.942309 0.3931
0.944057 0.772524
0.944386 0.2893
0.944729 0.0617873
0.947225 0.0148441
0.948214 0.635485
0.950029 0.133469
0.950769 0.581818
0.951312 0.699655
0.951577 0.16204
0.951607 0.658693
0.951669 0.695515
0.952129 0.429713
0.95379 0.349198
0.953886 0.965797
0.954395 0.519737
0.956224 0.2595
0.957077 0.592463
0.958649 0.00550408
0.960418 0.740644
0.960488 0.918903
0.961239 0.549544
0.961527 0.376849
0.964909 0.222085
0.964954 0.97978
0.964982 0.459638
0.965972 0.0879177
0.966798 0.975442
0.967549 0.600863
0.968483 0.299472
0.969001 0.00649521
0.969994 0.681405
0.970684 0.291307
0.97113 0.784625
0.971409 0.474146
0.972079 0.736832
0.974224 0.776652
0.974311 0.25182
0.974505 0.49805
0.975176 0.790319
0.975334 0.434614
0.975653 0.807769
0.976204 0.0520571
0.976792 0.948078
0.976842 0.77772
0.977208 0.937519
0.977438 0.806234
0.977529 0.335992
0.97839 0.793636
0.978932 0.908821
0.979145 0.482497
0.980029 0.355127
0.980065 0.952725
0.981029 0.156886
0.982711 0.426663
0.982915 0.849854
0.983514 0.917391
0.984369 0.282731
0.984919 0.53137
0.985008 0.0316774
0.985553 0.184076
0.986285 0.487207
0.986399 0.405865
0.986792 0.0132615
0.988339 0.0158724
0.988343 0.0751259
0.988473 0.263089
0.989654 0.111255
0.98967 0.386946
0.989719 0.208449
0.99137 0.960574
0.991878 0.499417
0.992434 0.84195
0.992799 0.965872
0.993341 0.085964
0.993889 0.28673
0.994064 0.225985
0.995575 0.632681
0.996547 0.962713
0.996609 0.0151019
0.997069 0.743602
0.997787 0.80446
0.997883 0.426256
0.998598 0.428776
0.9986 0.462445
0.99904 0.861283
0.999274 0.796773
0.999343 0.951209
