0.00188624 0.70211
0.00217426 0.542852
0.00558606 0.884985
0.00678126 0.972598
0.00692422 0.375364
0.00730078 0.704173
0.00740744 0.496826
0.00818897 0.632018
0.00888206 0.280762
0.010653 0.0451174
0.0153154 0.406076
0.0159143 0.471327
0.0214926 0.22677
0.0239198 0.0195359
0.0245764 0.0550688
0.0281374 0.90524
0.0299669 0.65344
0.0305916 0.152577
0.0350047 0.324707
0.0350737 0.483667
0.0353828 0.678576
0.0360621 0.0954093
0.0380885 0.152708
0.0381072 0.468205
0.046125 0.22328
0.0512836 0.923165
0.0524594 0.685898
0.0554898 0.617303
0.0583163 0.121752
0.0592682 0.1213
0.0603379 0.0991671
0.0636812 0.289924
0.0683147 0.164497
0.0708232 0.325798
0.0708669 0.0595276
0.0719587 0.409116
0.0847307 0.068095
0.0857643 0.440678
0.0931693 0.89597
0.0933931 0.657284
0.0936275 0.596742
0.0955677 0.206131
0.0962343 0.410518
0.100033 0.25875
0.101196 0.796796
0.102467 0.168732
0.103881 0.922342
0.10945 0.531909
0.111687 0.130296
0.114101 0.696238
0.117546 0.591178
0.117929 0.0249627
0.122071 0.642943
0.124542 0.173016
0.128993 0.9851
0.130096 0.522998
0.131206 0.17416
0.131918 0.148372
0.132643 0.333817
0.13436 0.185735
0.134901 0.28414
0.136014 0.987472
0.137504 0.0278544
0.141062 0.830034
0.14255 0.831363
0.147219 0.301476
0.148453 0.0418163
0.148733 0.748078
0.15132 0.232442
0.154144 0.693737
0.154381 0.687048
0.155234 0.018531
0.156016 0.152971
0.156469 0.779009
0.159134 0.561063
0.16037 0.34444
0.16092 0.585066
0.165076 0.430371
0.171051 0.861057
0.172047 0.597138
0.17379 0.882762
0.175579 0.948479
0.177695 0.525573
0.179657 0.488284
0.187206 0.369617
0.189236 0.484322
0.190481 0.41345
0.192391 0.512091
0.195855 0.727952
0.198071 0.986987
0.198283 0.538922
0.199241 0.639939
0.199299 0.6166
0.199652 0.544965
0.203265 0.271454
0.214478 0.736296
0.220072 0.746503
0.220742 0.00681659
0.223011 0.140276
0.22347 0.866539
0.225375 0.874276
0.225609 0.816919
0.231596 0.43057
0.232651 0.166883
0.238036 0.677936
0.242558 0.674275
0.244563 0.366763
0.246024 0.930449
0.246233 0.434636
0.252107 0.162218
0.253008 0.301061
0.257109 0.222651
0.258332 0.787188
0.259172 0.90307
0.259813 0.668585
0.260874 0.516174
0.261443 0.0644702
0.268441 0.69091
0.27305 0.151978
0.275616 0.284093
0.27594 0.726143
0.278112 0.234848
0.278303 0.432656
0.28069 0.56418
0.282047 0.371472
0.285434 0.283045
0.287025 0.0221095
0.287799 0.033018
0.287916 0.00142026
0.288473 0.363918
0.292554 0.949804
0.293109 0.288784
0.294759 0.0149958
0.299621 0.731651
0.302444 0.179398
0.302974 0.0886789
0.303222 0.244974
0.307659 0.819707
0.314935 0.111853
0.318611 0.894785
0.318656 0.646813
0.318818 0.380439
0.320529 0.132516
0.326896 0.147832
0.327436 0.209288
0.330008 0.438622
0.330955 0.366207
0.331339 0.81944
0.332742 0.402866
0.333835 0.772199
0.333864 0.251729
0.336012 0.347578
0.338493 0.0481325
0.340264 0.822842
0.34253 0.907841
0.343471 0.716395
0.344268 0.108862
0.344813 0.269322
0.346463 0.0112107
0.348266 0.314811
0.348876 0.558245
0.349935 0.356614
0.356138 0.610904
0.356468 0.165114
0.356966 0.53385
0.357308 0.280886
0.359437 0.0604951
0.361376 0.653856
0.361716 0.358317
0.364438 0.103492
0.364973 0.107111
0.366785 0.558497
0.367837 0.23976
0.369334 0.398571
0.369341 0.518925
0.376927 0.0133521
0.377204 0.66155
0.377631 0.842471
0.377916 0.638963
0.379055 0.769302
0.383242 0.153977
0.386298 0.516138
0.38962 0.35088
0.390322 0.137259
0.390567 0.264002
0.392342 0.0937469
0.392365 0.476026
0.396539 0.629456
0.398753 0.849077
0.400902 0.964093
0.401463 0.384921
0.40226 0.790004
0.403651 0.168981
0.405416 0.834458
0.408342 0.0107217
0.408466 0.0938899
0.409005 0.141321
0.413612 0.578244
0.415589 0.811685
0.415593 0.871635
0.416167 0.524397
0.417059 0.502549
0.418877 0.0703988
0.419588 0.0162088
0.420543 0.0609467
0.420601 0.0332009
0.421474 0.718045
0.421628 0.307352
0.425728 0.205627
0.426017 0.068769
0.430977 0.423413
0.432334 0.234196
0.433307 0.585313
0.437132 0.874052
0.439733 0.594186
0.441777 0.951078
0.442484 0.831374
0.442898 0.787537
0.443828 0.4206
0.447829 0.669531
0.447875 0.431428
0.44848 0.602022
0.449439 0.715945
0.449832 0.334588
0.451527 0.810261
0.452003 0.812387
0.452076 0.038012
0.455125 0.28921
0.456381 0.394103
0.45773 0.0604735
0.457926 0.369306
0.458361 0.669688
0.463615 0.980576
0.465531 0.179778
0.467476 0.865083
0.46916 0.163958
0.469714 0.484585
0.472853 0.24513
0.473718 0.77671
0.475505 0.819019
0.478084 0.159072
0.480455 0.0114925
0.480572 0.980646
0.482179 0.981933
0.482675 0.326087
0.483676 0.150136
0.484297 0.577035
0.486866 0.761532
0.489251 0.839399
0.489851 0.931831
0.498511 0.481481
0.498918 0.308579
0.501954 0.348888
0.503406 0.749332
0.50548 0.596609
0.507957 0.224988
0.508053 0.841994
0.508303 0.0563065
0.508921 0.43217
0.509253 0.0216146
0.510288 0.407315
0.516231 0.300353
0.517414 0.175089
0.520784 0.817427
0.522099 0.922381
0.526169 0.316912
0.529274 0.500747
0.529591 0.831428
0.532006 0.429709
0.535401 0.479989
0.536638 0.270073
0.539856 0.357
0.540747 0.329377
0.540984 0.322077
0.543506 0.708918
0.546604 0.77132
0.547417 0.433969
0.547519 0.159817
0.550266 0.315641
0.550407 0.691625
0.556281 0.421289
0.563232 0.242013
0.563938 0.102601
0.564058 0.117664
0.564102 0.86747
0.564647 0.0172702
0.565122 0.00501134
0.56623 0.62943
0.566455 0.410952
0.566702 0.55438
0.566771 0.71489
0.567108 0.381917
0.567413 0.506068
0.570028 0.453878
0.570117 0.953512
0.57116 0.478898
0.572139 0.935616
0.574085 0.638193
0.574857 0.628581
0.575006 0.124418
0.578765 0.296382
0.583103 0.21191
0.585304 0.199307
0.585439 0.47412
0.586532 0.836856
0.586871 0.535462
0.588079 0.836493
0.589668 0.542687
0.593195 0.829923
0.594518 0.05732
0.59785 0.0728518
0.598347 0.412404
0.599136 0.672074
0.603509 0.172927
0.604115 0.36844
0.605367 0.397785
0.60772 0.952177
0.608649 0.557315
0.610276 0.902611
0.612352 0.802903
0.6259 0.495738
0.626151 0.71779
0.626384 0.636907
0.631799 0.646664
0.63392 0.29922
0.636532 0.18791
0.638289 0.720198
0.640957 0.569927
0.645809 0.10494
0.646576 0.00714791
0.64787 0.747557
0.649746 0.283411
0.653059 0.955655
0.653824 0.826472
0.654317 0.112977
0.65568 0.0215733
0.658651 0.944629
0.658789 0.259043
0.660297 0.608864
0.660645 0.463654
0.66177 0.369978
0.668471 0.992058
0.669843 0.0448555
0.670944 0.548114
0.671431 0.743974
0.673787 0.345653
0.67512 0.742898
0.680912 0.0944639
0.681396 0.226085
0.682097 0.997617
0.684063 0.0543307
0.686634 0.262667
0.688922 0.705143
0.695726 0.0660775
0.696155 0.270399
0.699033 0.640179
0.701954 0.740033
0.707349 0.410791
0.710328 0.478869
0.711722 0.912005
0.714247 0.347972
0.715583 0.806396
0.715928 0.600124
0.71654 0.885531
0.717634 0.276575
0.719329 0.770828
0.720114 0.964138
0.725031 0.596603
0.725742 0.545928
0.726851 0.190186
0.728009 0.653553
0.732341 0.44835
0.737537 0.77789
0.738504 0.0346051
0.739925 0.923572
0.740457 0.869222
0.74059 0.100066
0.741763 0.808804
0.742781 0.914602
0.744833 0.411649
0.74489 0.359242
0.749527 0.296779
0.754151 0.0186912
0.756089 0.588479
0.757154 0.482228
0.758147 0.172845
0.75939 0.0697516
0.767915 0.341553
0.771929 0.818333
0.773219 0.485698
0.777016 0.306367
0.785047 0.28692
0.787741 0.568218
0.788854 0.262088
0.789115 0.658857
0.789662 0.852524
0.793173 0.851671
0.79327 0.491335
0.79587 0.191613
0.797278 0.850891
0.799817 0.518229
0.800687 0.154072
0.801495 0.730757
0.80309 0.533011
0.803732 0.318711
0.805189 0.80987
0.805831 0.596978
0.808286 0.85881
0.810466 0.508147
0.810812 0.309553
0.814453 0.507143
0.815362 0.796386
0.81677 0.457449
0.818791 0.415744
0.821007 0.657836
0.821986 0.111086
0.823103 0.888182
0.825703 0.593602
0.830232 0.71402
0.831591 0.557752
0.8319 0.744263
0.83307 0.406584
0.833321 0.621271
0.838313 0.523566
0.838419 0.307915
0.846794 0.0702065
0.854519 0.894325
0.85931 0.417733
0.859997 0.97649
0.860616 0.368711
0.862483 0.751348
0.865453 0.670514
0.86619 0.0526597
0.86844 0.872885
0.870285 0.886156
0.870811 0.714262
0.877466 0.573505
0.879183 0.43314
0.879877 0.0864163
0.880854 0.505732
0.881224 0.724784
0.883366 0.732641
0.885037 0.811745
0.886804 0.518153
0.886985 0.564169
0.891719 0.118907
0.893703 0.469829
0.894268 0.964326
0.898188 0.852134
0.898937 0.425502
0.900808 0.873786
0.902621 0.351914
0.903691 0.3394
0.905329 0.856131
0.906522 0.912447
0.907188 0.114572
0.91029 0.248076
0.914446 0.0923093
0.916061 0.2411
0.918439 0.205742
0.919034 0.204571
0.919117 0.604317
0.919879 0.405682
0.920091 0.968965
0.923562 0.31292
0.923987 0.457081
0.925664 0.634647
0.926464 0.0781116
0.928184 0.990903
0.932609 0.351726
0.932727 0.347177
0.93472 0.83405
0.93571 0.470626
0.936416 0.346938
0.938885 0.844156
0.949767 0.738391
0.950126 0.767795
0.952749 0.84665
0.955055 0.60618
0.956429 0.696192
0.960186 0.852503
0.961615 0.868547
0.963001 0.153788
0.964502 0.387841
0.964867 0.519426
0.970705 0.645888
0.975128 0.98407
0.98049 0.0988498
0.980558 0.238729
0.980974 0.233578
0.98435 0.966373
0.984645 0.930702
0.984729 0.348527
0.985916 0.285975
0.988887 0.227079
0.990592 0.877225
0.993313 0.618847
0.995272 0.538896
0.995769 0.89155
0.998176 0.339001
