0.00140444 0.604361
0.00192956 0.430103
0.00218087 0.653861
0.00267723 0.9962
0.00515747 0.681594
0.00518744 0.185362
0.00538233 0.46087
0.00552526 0.863104
0.00620998 0.371099
0.00744535 0.134002
0.00913501 0.532101
0.00961526 0.603756
0.00973182 0.562689
0.00997671 0.678537
0.00999472 0.981277
0.0104124 0.00061414
0.011296 0.852003
0.0117033 0.698151
0.0126988 0.428228
0.0128991 0.795774
0.0149914 0.959674
0.0150449 0.859715
0.0151985 0.441806
0.0153248 0.563918
0.0153492 0.974286
0.0153979 0.792017
0.01591 0.3988
0.0160004 0.91818
0.0162554 0.203892
0.0179601 0.856011
0.0189464 0.431392
0.019743 0.819978
0.0204555 0.795411
0.0214701 0.847801
0.0246008 0.466329
0.0248796 0.151694
0.0263935 0.594908
0.0267383 0.38988
0.027343 0.554088
0.02789 0.748076
0.0282852 0.38886
0.0286475 0.479192
0.0294432 0.851921
0.029467 0.251833
0.0306037 0.356337
0.031492 0.286005
0.0323866 0.321548
0.0329549 0.873483
0.0330789 0.957089
0.0341232 0.507863
0.0347649 0.293164
0.0350849 0.671406
0.0354253 0.392247
0.0362484 0.226395
0.0364486 0.590912
0.0368827 0.887217
0.0413237 0.526878
0.0417181 0.156063
0.0423209 0.286985
0.0426589 0.968256
0.0452812 0.0413122
0.0456156 0.660622
0.0461655 0.903517
0.0490852 0.975619
0.0497089 0.457992
0.0506886 0.923703
0.0512714 0.71892
0.0514948 0.472917
0.0515372 0.186439
0.0521941 0.226769
0.0523228 0.389751
0.052376 0.284054
0.052488 0.165826
0.0537505 0.385023
0.0542602 0.951266
0.0546342 0.236506
0.0551021 0.101467
0.0575217 0.766468
0.0575912 0.935211
0.0577608 0.785206
0.0579855 0.562424
0.0602879 0.258372
0.060911 0.73162
0.0620453 0.79455
0.0626889 0.61179
0.0631538 0.425582
0.0632147 0.44888
0.0641148 0.576672
0.0654938 0.754332
0.0681568 0.512046
0.0683683 0.0657581
0.0686397 0.627514
0.0712467 0.4432
0.0712551 0.584278
0.0725706 0.694319
0.0740653 0.814687
0.0742058 0.176387
0.0743622 0.80503
0.0762785 0.0126997
0.0794004 0.483035
0.0801371 0.864868
0.083647 0.854756
0.0841576 0.437482
0.0855247 0.412986
0.08671 0.335001
0.087829 0.142713
0.0882959 0.98875
0.0890209 0.173648
0.0891269 0.956307
0.0892163 0.457827
0.0893769 0.156727
0.0897548 0.50947
0.0909683 0.90455
0.0911247 0.532762
0.0919436 0.295988
0.0944684 0.730828
0.0950844 0.0831736
0.0979045 0.481638
0.0985974 0.126485
0.0995001 0.297644
0.0996493 0.805142
0.100409 0.580633
0.101754 0.177913
0.101841 0.642445
0.101847 0.743899
0.102022 0.689353
0.104454 0.557792
0.105472 0.674093
0.105994 0.446944
0.106098 0.192115
0.106539 0.600196
0.107765 0.211206
0.108073 0.378605
0.109443 0.400903
0.109741 0.410374
0.11175 0.173958
0.112166 0.173048
0.113381 0.594934
0.113659 0.27144
0.11677 0.549512
0.116988 0.215438
0.11704 0.0872334
0.118044 0.966622
0.118988 0.83918
0.119291 0.916208
0.120871 0.47176
0.121638 0.364843
0.123128 0.418084
0.124718 0.128214
0.124905 0.279643
0.126136 0.968133
0.127164 0.240327
0.128993 0.993685
0.129982 0.614648
0.130456 0.574754
0.130776 0.946163
0.13202 0.862057
0.134078 0.450078
0.13646 0.482402
0.136884 0.610832
0.138835 0.391892
0.139439 0.554096
0.139487 0.364853
0.140616 0.333969
0.141685 0.304025
0.141891 0.765636
0.142138 0.905707
0.142276 0.228597
0.143525 0.219311
0.145429 0.224872
0.145647 0.888724
0.14565 0.9327
0.146547 0.0109365
0.147567 0.152971
0.148831 0.407988
0.14939 0.791907
0.149577 0.941684
0.149929 0.86288
0.150135 0.325618
0.151071 0.0561352
0.151339 0.561643
0.151438 0.226218
0.151792 0.169977
0.152094 0.236863
0.153573 0.0947342
0.157648 0.596737
0.158746 0.0468706
0.160386 0.606037
0.160429 0.325734
0.160985 0.675749
0.162181 0.780948
0.162583 0.535613
0.1632 0.908237
0.163518 0.246056
0.163753 0.201307
0.16381 0.150356
0.165376 0.473613
0.166183 0.0351147
0.166904 0.151446
0.169071 0.570993
0.17109 0.50786
0.17209 0.31127
0.17256 0.208922
0.175049 0.0481445
0.175213 0.811831
0.175701 0.00336309
0.175927 0.800811
0.176028 0.505723
0.17681 0.648788
0.176916 0.420592
0.176974 0.394255
0.177854 0.196142
0.178112 0.53584
0.181185 0.179609
0.181425 0.212842
0.183184 0.769814
0.183637 0.380872
0.183649 0.594008
0.183845 0.881161
0.184041 0.171899
0.184047 0.283902
0.186235 0.0515667
0.188021 0.0755384
0.18867 0.976152
0.189586 0.368562
0.189845 0.726441
0.190273 0.923774
0.191159 0.802751
0.194882 0.378322
0.194897 0.641937
0.196101 0.86677
0.196102 0.882267
0.196725 0.355905
0.197063 0.0382642
0.19774 0.418783
0.198148 0.278181
0.198293 0.718271
0.200747 0.957852
0.201253 0.454707
0.201459 0.918196
0.202489 0.227456
0.203156 0.450454
0.203234 0.76123
0.203394 0.445197
0.203831 0.782027
0.205192 0.664945
0.205969 0.72426
0.206206 0.711302
0.207786 0.258127
0.211359 0.312676
0.211735 0.627531
0.213031 0.404709
0.213927 0.479282
0.215423 0.618707
0.216076 0.58547
0.217209 0.627644
0.217964 0.318446
0.222276 0.80105
0.222366 0.304754
0.223194 0.220274
0.22579 0.850333
0.227374 0.477927
0.228641 0.765205
0.229317 0.133993
0.229839 0.911853
0.229952 0.795989
0.229969 0.090401
0.23061 0.867085
0.230998 0.383007
0.231589 0.318707
0.232186 0.355643
0.232842 0.383333
0.235763 0.471722
0.235871 0.284795
0.236771 0.404667
0.236984 0.995202
0.237543 0.377805
0.237701 0.0382153
0.237776 0.304764
0.238383 0.500802
0.238504 0.535775
0.238612 0.350601
0.241589 0.39455
0.241622 0.941699
0.244185 0.0195854
0.24506 0.72279
0.245671 0.993624
0.246751 0.15235
0.247074 0.579342
0.24757 0.910763
0.24766 0.428844
0.247779 0.422627
0.248109 0.974551
0.248616 0.482676
0.250633 0.380638
0.252141 0.738035
0.252684 0.852687
0.252936 0.101623
0.254141 0.345098
0.255002 0.817996
0.255421 0.858692
0.255533 0.743501
0.256568 0.136871
0.257105 0.165409
0.261471 0.540893
0.261928 0.23034
0.262827 0.336516
0.264088 0.526943
0.267664 0.636644
0.268499 0.655002
0.269521 0.83418
0.269772 0.0636122
0.270024 0.297302
0.270438 0.252409
0.2725 0.909505
0.273089 0.808375
0.273847 0.542809
0.274557 0.471151
0.274888 0.0469537
0.275117 0.886492
0.275821 0.729041
0.277172 0.429143
0.27837 0.570547
0.280218 0.62281
0.280549 0.179892
0.280616 0.313597
0.280994 0.663216
0.282316 0.878866
0.283439 0.758033
0.284134 0.435915
0.284868 0.77104
0.28548 0.0686716
0.286134 0.0505234
0.28766 0.696158
0.288764 0.251141
0.289262 0.62401
0.29062 0.453944
0.291462 0.6024
0.292182 0.69702
0.292924 0.170766
0.295326 0.542098
0.296118 0.850283
0.300915 0.478384
0.301881 0.706283
0.302537 0.739507
0.303031 0.039481
0.307724 0.91597
0.308123 0.619357
0.309024 0.764939
0.30942 0.429155
0.309478 0.390187
0.30967 0.622923
0.312542 0.901854
0.312812 0.426842
0.313314 0.874914
0.313355 0.563651
0.31465 0.327281
0.315811 0.832933
0.316262 0.417092
0.316438 0.377565
0.3175 0.22578
0.318827 0.523004
0.319149 0.92881
0.319527 0.29701
0.321854 0.401119
0.322078 0.161478
0.323394 0.277068
0.323648 0.549906
0.323862 0.145215
0.324698 0.203769
0.325543 0.399206
0.327641 0.665233
0.327731 0.175558
0.328158 0.352511
0.328551 0.951533
0.328609 0.923412
0.32916 0.190404
0.331002 0.152335
0.331402 0.8796
0.33143 0.348681
0.331521 0.867099
0.333629 0.309986
0.333929 0.346826
0.333982 0.229758
0.3354 0.0736212
0.335513 0.963361
0.335621 0.784972
0.336484 0.278703
0.337314 0.237714
0.338739 0.185394
0.342483 0.111164
0.344519 0.323706
0.346501 0.645984
0.347915 0.402576
0.348109 0.6705
0.348521 0.599114
0.350669 0.686135
0.350676 0.816749
0.351907 0.500567
0.3541 0.357249
0.354208 0.176629
0.354888 0.611151
0.355357 0.480776
0.355722 0.61186
0.356042 0.990274
0.35689 0.256422
0.357132 0.312438
0.35945 0.267784
0.359745 0.235572
0.361316 0.640482
0.361644 0.146411
0.362628 0.694337
0.362799 0.556073
0.362815 0.828548
0.363024 0.342736
0.36498 0.212775
0.366275 0.988904
0.367841 0.299068
0.36969 0.379459
0.3697 0.540619
0.370183 0.667404
0.371487 0.580823
0.374789 0.079102
0.375897 0.704092
0.377811 0.864616
0.379292 0.753691
0.379693 0.495881
0.382482 0.373234
0.382808 0.857297
0.383025 0.508987
0.383732 0.384312
0.384994 0.593695
0.386679 0.917028
0.38684 0.620436
0.386993 0.189762
0.387534 0.284535
0.387736 0.672399
0.389579 0.648745
0.389611 0.189485
0.39107 0.719369
0.392087 0.799074
0.393588 0.0272028
0.39902 0.33624
0.402039 0.0662645
0.403286 0.020836
0.404393 0.634744
0.405393 0.434656
0.406174 0.561403
0.407728 0.676885
0.407996 0.193217
0.408846 0.48297
0.409483 0.178627
0.409825 0.936158
0.410046 0.635839
0.413768 0.195382
0.414018 0.407424
0.415244 0.99807
0.415686 0.435265
0.417552 0.803658
0.418197 0.632285
0.418496 0.668867
0.419773 0.121446
0.420354 0.882893
0.421128 0.895304
0.421214 0.352065
0.421802 0.227699
0.422287 0.372899
0.422376 0.871648
0.42283 0.504542
0.42394 0.158905
0.42401 0.344466
0.424711 0.117087
0.427271 0.149869
0.428341 0.128018
0.428642 0.185739
0.429232 0.0968413
0.429721 0.32288
0.430811 0.638063
0.433369 0.63443
0.433833 0.436521
0.434316 0.547058
0.434786 0.456684
0.43593 0.669443
0.437687 0.201167
0.43847 0.372704
0.438697 0.178206
0.43879 0.735567
0.441507 0.405468
0.443255 0.78187
0.444318 0.647358
0.445248 0.279756
0.446234 0.853862
0.446903 0.0929663
0.447325 0.192086
0.447965 0.946942
0.448669 0.771967
0.448998 0.31281
0.450146 0.607197
0.452831 0.731248
0.454178 0.371643
0.454494 0.679628
0.45463 0.970359
0.455003 0.232918
0.455155 0.78955
0.455638 0.906223
0.455725 0.368909
0.456592 0.9492
0.45684 0.114378
0.456849 0.267736
0.457447 0.310259
0.459088 0.893186
0.459141 0.786613
0.461393 0.636155
0.461958 0.131341
0.462313 0.101679
0.462987 0.42851
0.464142 0.832599
0.464591 0.384873
0.464883 0.281449
0.465107 0.0587601
0.465218 0.92441
0.465836 0.304664
0.466363 0.168403
0.466537 0.0800553
0.467115 0.79942
0.469131 0.682003
0.471535 0.0819088
0.472501 0.327056
0.47334 0.43361
0.47427 0.0505112
0.475151 0.858636
0.476331 0.69759
0.47651 0.699777
0.479028 0.0202819
0.47943 0.778618
0.480456 0.019765
0.480681 0.804347
0.481538 0.215205
0.484161 0.293512
0.484228 0.425949
0.48457 0.176193
0.484737 0.980922
0.488318 0.159542
0.488961 0.960871
0.489175 0.561533
0.489259 0.979013
0.489811 0.249207
0.490662 0.561218
0.491111 0.104046
0.491491 0.490018
0.492282 0.781252
0.492839 0.14155
0.4931 0.531173
0.494234 0.589243
0.494306 0.803778
0.494856 0.0399739
0.495191 0.674161
0.495214 0.0608076
0.495753 0.12012
0.49598 0.934582
0.496248 0.435355
0.496262 0.675194
0.496354 0.228337
0.497413 0.0266045
0.497491 0.327488
0.497961 0.233162
0.498518 0.593899
0.498795 0.254791
0.499318 0.0390766
0.500542 0.616307
0.500791 0.795354
0.502291 0.0103974
0.503373 0.197338
0.505837 0.600717
0.507121 0.184411
0.508411 0.865536
0.508675 0.302829
0.510992 0.243133
0.511168 0.20046
0.512929 0.799718
0.513351 0.887489
0.514094 0.3772
0.514751 0.426946
0.516469 0.289273
0.516869 0.0160845
0.516926 0.969986
0.517403 0.988657
0.519121 0.860266
0.520269 0.168404
0.521724 0.614804
0.52351 0.635074
0.52495 0.833644
0.526839 0.582454
0.526915 0.862237
0.527836 0.33731
0.528177 0.0786793
0.528658 0.162912
0.529171 0.776888
0.531338 0.190432
0.532633 0.971296
0.533325 0.599591
0.534448 0.460194
0.535259 0.0907782
0.535909 0.0176185
0.536584 0.363498
0.537121 0.38641
0.537323 0.792336
0.539057 0.929361
0.539086 0.421413
0.539524 0.788687
0.541237 0.573807
0.543712 0.174403
0.544061 0.0353521
0.545051 0.678972
0.545089 0.316054
0.545952 0.816657
0.546868 0.208761
0.546875 0.326353
0.549599 0.116772
0.551753 0.310584
0.552493 0.756984
0.552962 0.631478
0.553206 0.729185
0.553369 0.475724
0.553597 0.299328
0.55377 0.205548
0.554823 0.917404
0.556207 0.176771
0.556996 0.429405
0.558359 0.338957
0.558678 0.705608
0.558705 0.162847
0.559083 0.502324
0.559088 0.599668
0.559119 0.121085
0.560102 0.626772
0.561567 0.251386
0.563057 0.296911
0.565145 0.395234
0.565961 0.101844
0.566663 0.900057
0.567028 0.0404851
0.567077 0.855601
0.567082 0.938624
0.567645 0.410338
0.570178 0.987665
0.571875 0.503237
0.572001 0.62895
0.573839 0.514965
0.574329 0.751937
0.574611 0.490788
0.574672 0.511284
0.57813 0.630778
0.578418 0.470605
0.578997 0.20484
0.580193 0.306986
0.580664 0.215971
0.581082 0.245522
0.581182 0.92438
0.581852 0.190501
0.58267 0.941314
0.583627 0.0103374
0.583795 0.846027
0.584421 0.366412
0.585615 0.429623
0.586822 0.713631
0.58693 0.526844
0.588438 0.877847
0.588845 0.712717
0.589618 0.702628
0.589964 0.529798
0.589989 0.942068
0.590609 0.358918
0.591509 0.486163
0.592889 0.68601
0.593423 0.659381
0.594358 0.380882
0.59601 0.134236
0.597811 0.402719
0.59835 0.463056
0.600996 0.947137
0.601091 0.531938
0.602136 0.0979185
0.603796 0.00437208
0.606268 0.551107
0.606895 0.0819332
0.607493 0.142285
0.608688 0.211295
0.609244 0.570192
0.609881 0.272823
0.609973 0.816073
0.610484 0.406061
0.611141 0.451941
0.612475 0.860965
0.612809 0.478388
0.613144 0.10723
0.613212 0.255719
0.6136 0.780461
0.614351 0.389986
0.614581 0.260697
0.615154 0.887131
0.616111 0.970477
0.616534 0.086462
0.617342 0.667099
0.620868 0.93534
0.620981 0.830026
0.621751 0.776171
0.623639 0.505141
0.624316 0.879266
0.624789 0.829511
0.624847 0.808817
0.624916 0.959629
0.624951 0.545762
0.625224 0.132977
0.626097 0.818666
0.626115 0.106723
0.626586 0.0266019
0.626677 0.556414
0.627063 0.0471042
0.628316 0.104647
0.629924 0.133475
0.631669 0.454302
0.632362 0.111601
0.632482 0.119104
0.632512 0.635402
0.634122 0.694518
0.636097 0.878347
0.637607 0.26604
0.639512 0.271124
0.640516 0.159764
0.64083 0.424805
0.644651 0.649431
0.646555 0.650907
0.647301 0.195771
0.647806 0.672433
0.648502 0.375649
0.649445 0.216956
0.650235 0.49548
0.650447 0.0626293
0.650624 0.0370409
0.652642 0.9564
0.653202 0.361833
0.653352 0.881611
0.653769 0.887714
0.653992 0.651854
0.654252 0.0198598
0.654465 0.592723
0.654606 0.955206
0.654723 0.923006
0.655053 0.483312
0.655064 0.661276
0.655118 0.562702
0.655675 0.929809
0.657815 0.898362
0.659053 0.695952
0.659707 0.689888
0.661222 0.153012
0.661622 0.883157
0.66462 0.261003
0.665317 0.982517
0.665983 0.184564
0.666331 0.0246084
0.666796 0.847385
0.667004 0.339425
0.668744 0.581151
0.668908 0.336448
0.669132 0.108828
0.670151 0.230882
0.670678 0.09167
0.670931 0.337726
0.671778 0.576654
0.671827 0.404144
0.672178 0.290333
0.673334 0.728091
0.673335 0.734713
0.673618 0.504384
0.673966 0.341681
0.675355 0.699441
0.67706 0.352593
0.677335 0.968852
0.677461 0.094744
0.677763 0.160588
0.677784 0.515506
0.680599 0.828084
0.680883 0.59385
0.681282 0.305361
0.681455 0.207512
0.681497 0.914515
0.682027 0.834689
0.682263 0.789823
0.682412 0.299122
0.6827 0.143957
0.682896 0.432105
0.68374 0.621829
0.684486 0.161042
0.685572 0.41363
0.686685 0.106928
0.687933 0.086106
0.690693 0.478976
0.690746 0.365273
0.691224 0.404653
0.691615 0.979265
0.692775 0.47479
0.693151 0.781513
0.695 0.856441
0.696269 0.187053
0.697038 0.11062
0.697332 0.0656897
0.698372 0.530076
0.699726 0.298283
0.700159 0.578583
0.700403 0.681119
0.701285 0.501743
0.701534 0.677189
0.701778 0.791143
0.703252 0.563324
0.703811 0.957964
0.704279 0.822965
0.704541 0.218778
0.704591 0.0544308
0.705412 0.85869
0.706437 0.089632
0.707265 0.00804705
0.707633 0.196146
0.707757 0.273256
0.707975 0.933735
0.708141 0.731944
0.709286 0.97089
0.7097 0.935114
0.714068 0.343836
0.715701 0.792478
0.716507 0.340275
0.717509 0.176674
0.719341 0.968467
0.730419 0.145739
0.730451 0.682487
0.730798 0.518501
0.732669 0.967686
0.733113 0.426701
0.733531 0.447033
0.735002 0.183846
0.736837 0.0237791
0.738115 0.506764
0.738178 0.557266
0.738357 0.564266
0.738945 0.451303
0.739181 0.406281
0.73991 0.672228
0.739982 0.872629
0.740613 0.47779
0.741695 0.670662
0.742857 0.203402
0.7449 0.533504
0.74588 0.00414551
0.747425 0.978644
0.748043 0.364134
0.748417 0.648169
0.750305 0.380394
0.752258 0.205588
0.753492 0.942978
0.75387 0.289146
0.754002 0.508649
0.757594 0.881191
0.759419 0.562296
0.760347 0.156415
0.76035 0.199586
0.760406 0.136339
0.76147 0.0316927
0.762437 0.284769
0.764131 0.74738
0.764788 0.784071
0.764838 0.639055
0.765266 0.820915
0.769218 0.252303
0.771513 0.811736
0.772645 0.83663
0.772717 0.0509386
0.773347 0.650777
0.773548 0.0203112
0.77389 0.768936
0.774178 0.605288
0.775048 0.233774
0.775217 0.0709578
0.775237 0.408431
0.775348 0.274347
0.775647 0.296951
0.777052 0.911392
0.777448 0.564448
0.778218 0.504175
0.778979 0.303858
0.781324 0.713024
0.781722 0.410009
0.781802 0.750681
0.781857 0.668159
0.78287 0.699935
0.783476 0.88284
0.783666 0.0820637
0.786047 0.0912851
0.786621 0.735383
0.786803 0.801497
0.787577 0.804273
0.787724 0.278111
0.788262 0.314374
0.788496 0.251922
0.791008 0.4716
0.791606 0.530143
0.792189 0.327732
0.793804 0.467617
0.796099 0.0421236
0.797861 0.641084
0.799359 0.828047
0.800715 0.613136
0.800866 0.162121
0.802115 0.15397
0.805216 0.267133
0.805608 0.858087
0.806745 0.96209
0.807553 0.549441
0.809537 0.88482
0.810288 0.5177
0.8106 0.760154
0.811635 0.157703
0.813344 0.877802
0.813385 0.55904
0.813801 0.54906
0.81381 0.706409
0.81622 0.214405
0.816849 0.780309
0.817721 0.432775
0.817857 0.717112
0.818193 0.374223
0.818804 0.638976
0.819576 0.608201
0.819624 0.423388
0.819925 0.475982
0.821304 0.66038
0.82171 0.486563
0.822154 0.939528
0.823703 0.976043
0.82712 0.406489
0.82803 0.706415
0.830177 0.788732
0.830512 0.423451
0.83148 0.685402
0.832198 0.747019
0.832978 0.85931
0.833053 0.126556
0.833934 0.934822
0.834693 0.693095
0.83542 0.903201
0.838138 0.593412
0.838582 0.0451487
0.839501 0.487084
0.839699 0.818542
0.841195 0.959642
0.841873 0.358866
0.842014 0.732675
0.84257 0.0769683
0.844473 0.062142
0.845283 0.676409
0.848073 0.564766
0.848269 0.853563
0.850503 0.406674
0.850537 0.972779
0.852551 0.830231
0.853059 0.363674
0.853786 0.574563
0.853858 0.783041
0.854421 0.258489
0.854848 0.424351
0.855822 0.807736
0.855925 0.528958
0.856489 0.014424
0.857229 0.452646
0.86007 0.199798
0.860914 0.387801
0.860937 0.763318
0.861405 0.641325
0.862223 0.377057
0.864446 0.744503
0.867378 0.0143388
0.867619 0.0774454
0.867876 0.392131
0.868396 0.13503
0.869287 0.11485
0.870874 0.778413
0.871811 0.52762
0.872088 0.18697
0.872119 0.706399
0.872347 0.537727
0.873026 0.939706
0.874249 0.503413
0.874723 0.474007
0.875591 0.0654506
0.875861 0.59425
0.876125 0.0243112
0.876235 0.879975
0.876272 0.508745
0.877623 0.204105
0.880924 0.685667
0.88233 0.312333
0.884266 0.867125
0.884315 0.688706
0.884837 0.454005
0.885236 0.153878
0.887268 0.320887
0.887674 0.139118
0.887762 0.619202
0.888349 0.479175
0.888776 0.652473
0.889193 0.673845
0.891141 0.406743
0.891253 0.289806
0.892263 0.267126
0.892633 0.480019
0.89448 0.524275
0.896211 0.624509
0.896879 0.837591
0.896892 0.0680145
0.898735 0.0460519
0.899585 0.320903
0.9019 0.226975
0.902101 0.603873
0.905694 0.994353
0.909835 0.591437
0.911894 0.2057
0.91232 0.35634
0.913717 0.836332
0.914181 0.643073
0.915485 0.550865
0.917298 0.0353638
0.917847 0.247306
0.924409 0.534466
0.925087 0.940093
0.925302 0.553981
0.9264 0.00439631
0.926699 0.037597
0.928641 0.664416
0.929233 0.626241
0.929939 0.486337
0.930367 0.675647
0.931265 0.764754
0.932825 0.993892
0.935113 0.451113
0.937023 0.548149
0.93844 0.354258
0.939199 0.113948
0.942216 0.822364
0.943868 0.593601
0.946324 0.870475
0.946577 0.115623
0.949106 0.620681
0.949257 0.170646
0.950752 0.288055
0.95087 0.27139
0.951109 0.281786
0.952032 0.808481
0.952034 0.837673
0.952556 0.608153
0.953232 0.964591
0.956094 0.0704963
0.956715 0.510341
0.957389 0.828969
0.962259 0.690608
0.963839 0.238983
0.964177 0.929223
0.96569 0.357879
0.966852 0.88334
0.96795 0.330476
0.968491 0.434359
0.969752 0.625177
0.971798 0.00787319
0.972026 0.840204
0.973135 0.476667
0.975356 0.810061
0.975493 0.112962
0.975564 0.302461
0.975995 0.547307
0.977349 0.302468
0.977626 0.954611
0.979079 0.379903
0.980453 0.474063
0.980598 0.915217
0.981762 0.471749
0.982234 0.413846
0.98258 0.220731
0.987819 0.275391
0.989651 0.0678888
0.989788 0.371001
0.990563 0.384813
0.990813 0.59443
0.992975 0.92298
0.993829 0.288836
0.993883 0.189519
0.994063 0.220483
0.994801 0.616263
0.995622 0.416727
0.995834 0.973874
0.996174 0.69668
0.997773 0.56495
