0.0130632 0.552863
0.013801 0.952814
0.0221399 0.10608
0.02268 0.181961
0.0304882 0.41528
0.0310393 0.678054
0.0325833 0.627039
0.0432248 0.479932
0.0472492 0.117779
0.0498304 0.499469
0.0507779 0.42347
0.0566099 0.443047
0.0658747 0.156686
0.0737425 0.390997
0.0785487 0.168042
0.0831401 0.334955
0.0846937 0.447558
0.0945719 0.46955
0.0955767 0.35725
0.0964142 0.433422
0.0964297 0.694274
0.0980939 0.66427
0.104707 0.810344
0.107348 0.196102
0.107954 0.385847
0.108407 0.00071656
0.113176 0.152787
0.114314 0.271175
0.118842 0.371134
0.125642 0.659902
0.12644 0.0764357
0.132492 0.798175
0.134434 0.434221
0.135849 0.214159
0.142042 0.29756
0.143547 0.59028
0.143839 0.497383
0.15554 0.167632
0.165084 0.568186
0.165561 0.58202
0.169856 0.772724
0.175456 0.890927
0.178187 0.788325
0.180994 0.964262
0.183866 0.227556
0.19048 0.389369
0.19196 0.278452
0.19294 0.750431
0.194985 0.113311
0.199143 0.00249058
0.199231 0.481111
0.201827 0.098719
0.204284 0.396497
0.204417 0.641703
0.205497 0.790333
0.206603 0.376747
0.209601 0.762873
0.211192 0.507025
0.215476 0.497788
0.225399 0.281654
0.225716 0.605416
0.226322 0.787922
0.230014 0.844777
0.233477 0.0456189
0.235015 0.890435
0.242158 0.944082
0.245189 0.895695
0.25012 0.769589
0.253813 0.827931
0.254597 0.003999
0.25525 0.98434
0.257429 0.602599
0.2595 0.424229
0.269003 0.137917
0.278256 0.642639
0.281109 0.593958
0.282606 0.76119
0.29017 0.894008
0.291991 0.492701
0.292233 0.564158
0.294253 0.512428
0.302475 0.705182
0.30324 0.553599
0.305563 0.598252
0.306049 0.770703
0.309421 0.446507
0.311935 0.693412
0.313068 0.729897
0.319897 0.511851
0.320218 0.91059
0.325276 0.907747
0.326796 0.459942
0.328859 0.129428
0.3293 0.551988
0.330254 0.574796
0.332716 0.961537
0.336018 0.447795
0.33925 0.775124
0.341605 0.355609
0.341783 0.345407
0.343367 0.97664
0.345498 0.790904
0.348643 0.637468
0.354357 0.672318
0.358377 0.248242
0.35838 0.301086
0.364445 0.224425
0.369082 0.161218
0.369458 0.479508
0.369567 0.307427
0.379793 0.183457
0.380253 0.904977
0.380343 0.432755
0.382035 0.861634
0.383628 0.640949
0.384273 0.474961
0.386797 0.901936
0.388223 0.866396
0.38871 0.0531303
0.388903 0.300338
0.39049 0.972103
0.393908 0.416636
0.396794 0.92135
0.397935 0.0860781
0.400475 0.77544
0.402981 0.898329
0.4071 0.13378
0.408592 0.204059
0.409567 0.598769
0.412431 0.7295
0.413574 0.944684
0.414743 0.584238
0.415104 0.645338
0.417479 0.570872
0.420822 0.752988
0.420859 0.377587
0.421322 0.163596
0.430706 0.880988
0.430879 0.78011
0.433345 0.230957
0.433859 0.869374
0.434349 0.109367
0.435497 0.391405
0.436886 0.747286
0.437424 0.782673
0.438715 0.485657
0.439378 0.620115
0.447277 0.376782
0.453186 0.6934
0.456719 0.0708894
0.457003 0.857567
0.457281 0.529878
0.46811 0.532064
0.4684 0.398493
0.47023 0.157047
0.47109 0.602154
0.47175 0.710433
0.477577 0.636688
0.481028 0.639648
0.482451 0.548627
0.483065 0.865887
0.487428 0.201675
0.487558 0.379801
0.487615 0.345199
0.493905 0.0684517
0.495399 0.164425
0.496972 0.609719
0.498678 0.287234
0.499586 0.550266
0.501018 0.616336
0.50396 0.0584612
0.50473 0.000505467
0.50487 0.349371
0.510205 0.015348
0.514944 0.668871
0.515343 0.367194
0.515591 0.544777
0.515679 0.0121742
0.520752 0.275153
0.521651 0.385055
0.525375 0.970197
0.530353 0.639681
0.531503 0.968723
0.534117 0.903902
0.536319 0.920766
0.539564 0.444153
0.540082 0.155403
0.541612 0.87477
0.542156 0.00789249
0.542537 0.425398
0.545742 0.284428
0.546507 0.144257
0.547374 0.712229
0.554244 0.179351
0.555118 0.861651
0.555474 0.853879
0.556268 0.198613
0.558187 0.445798
0.561409 0.605095
0.563077 0.64048
0.569451 0.760928
0.571873 0.473208
0.573661 0.51428
0.575602 0.150686
0.578171 0.321518
0.579226 0.0594829
0.587759 0.472824
0.58926 0.692594
0.589945 0.208893
0.591475 0.927994
0.595195 0.446049
0.596452 0.563495
0.601653 0.97554
0.604278 0.105666
0.606226 0.834071
0.606501 0.467555
0.611884 0.937222
0.611925 0.620965
0.612332 0.470658
0.614634 0.160894
0.614887 0.409509
0.615972 0.646984
0.619977 0.94915
0.620977 0.757209
0.62116 0.837833
0.624131 0.771164
0.630245 0.525789
0.633349 0.702792
0.636541 0.340054
0.637973 0.408582
0.642932 0.752425
0.645872 0.17122
0.649054 0.655861
0.6495 0.142824
0.652761 0.952649
0.654491 0.0236424
0.654641 0.546066
0.657106 0.988131
0.662265 0.685981
0.66262 0.652045
0.664319 0.204049
0.665504 0.117534
0.665863 0.153104
0.670158 0.337563
0.670862 0.172379
0.684201 0.362977
0.689637 0.731471
0.696363 0.77691
0.698858 0.700626
0.708859 0.799525
0.710119 0.976303
0.714696 0.899682
0.716314 0.0941555
0.716397 0.485981
0.717753 0.279836
0.722195 0.928043
0.72442 0.332375
0.724483 0.384497
0.729773 0.297554
0.737043 0.476742
0.746527 0.88067
0.749455 0.0846622
0.75212 0.875114
0.754102 0.185441
0.757697 0.614881
0.76074 0.762286
0.760999 0.102391
0.761178 0.121116
0.762206 0.397763
0.770206 0.850396
0.778468 0.71826
0.780854 0.81772
0.78758 0.86528
0.789905 0.929843
0.794927 0.338284
0.797782 0.322036
0.79959 0.709253
0.807193 0.484827
0.808312 0.303238
0.80889 0.0180788
0.812238 0.278866
0.814701 0.687888
0.817468 0.187204
0.820775 0.757862
0.822379 0.730481
0.822555 0.686039
0.82586 0.221086
0.827628 0.93911
0.829476 0.0113373
0.834982 0.536553
0.836921 0.136872
0.84319 0.500753
0.845877 0.657964
0.847005 0.608524
0.851023 0.139173
0.85925 0.412968
0.8608 0.47196
0.860904 0.212193
0.862171 0.505082
0.862804 0.14788
0.868615 0.816828
0.868773 0.471494
0.87135 0.774411
0.876355 0.896016
0.877498 0.106591
0.879452 0.944933
0.884282 0.129849
0.88592 0.65256
0.888028 0.0900781
0.888331 0.176443
0.888918 0.0497212
0.889013 0.640994
0.893304 0.763484
0.894086 0.901727
0.894087 0.914805
0.906141 0.513584
0.908201 0.129576
0.914786 0.815796
0.918026 0.257961
0.918587 0.687734
0.928771 0.846564
0.929103 0.441158
0.930365 0.645406
0.930691 0.117721
0.930785 0.707538
0.931332 0.904289
0.932164 0.878256
0.932268 0.635964
0.934093 0.300759
0.93657 0.92575
0.939274 0.373336
0.941149 0.898413
0.943013 0.211388
0.945477 0.638911
0.946662 0.543646
0.948345 0.831079
0.94963 0.429456
0.953656 0.0944208
0.955637 0.383468
0.95683 0.433749
0.960941 0.53645
0.962382 0.762874
0.966958 0.657351
0.969292 0.890204
0.96945 0.543977
0.975797 0.221147
0.976003 0.687055
0.984125 0.18129
0.988598 0.362967
0.989561 0.546372
