0.000843425 0.175449
0.00111604 0.757365
0.00171367 0.80172
0.00173896 0.226739
0.00176091 0.595705
0.00260042 0.705342
0.00260624 0.803085
0.00607237 0.0583674
0.00681325 0.510254
0.00830748 0.623907
0.0116582 0.939181
0.0129512 0.670347
0.0138652 0.0327665
0.0142647 0.747283
0.0146985 0.0372091
0.0169247 0.454087
0.0193995 0.0466999
0.0200546 0.0572509
0.022607 0.955937
0.0238636 0.0752766
0.0240151 0.622369
0.0254325 0.444655
0.0272716 0.353507
0.0272988 0.810223
0.0291962 0.699696
0.0302297 0.0698369
0.0309552 0.263993
0.0314978 0.382762
0.0336316 0.24699
0.0361293 0.224363
0.0372094 0.377587
0.0383893 0.208441
0.0414882 0.292772
0.0422869 0.716114
0.0423044 0.0106284
0.042607 0.0953423
0.043188 0.860381
0.0467901 0.400807
0.0477495 0.526399
0.0501069 0.146712
0.0520284 0.44059
0.0526996 0.72227
0.0528034 0.465938
0.053109 0.603229
0.0544919 0.8458
0.0547839 0.752402
0.0549314 0.231874
0.0553674 0.559273
0.0558768 0.121094
0.0560398 0.861552
0.0561816 0.244548
0.0568103 0.810342
0.056922 0.688812
0.0571772 0.977318
0.0590219 0.980337
0.0599795 0.0755864
0.0607239 0.586961
0.063153 0.411722
0.0681813 0.922399
0.0684876 0.0710852
0.0690615 0.716052
0.069351 0.582786
0.0697893 0.948057
0.0698285 0.607749
0.0711922 0.52652
0.0733293 0.44547
0.0744959 0.0518007
0.0745633 0.184762
0.0756171 0.896759
0.0762841 0.107266
0.0776199 0.558466
0.0784896 0.173968
0.081612 0.652388
0.0834183 0.0105846
0.0840043 0.860931
0.0869354 0.123324
0.0884437 0.472597
0.0892116 0.3799
0.0909959 0.368872
0.0927347 0.591393
0.0959538 0.694833
0.0969191 0.919788
0.0969641 0.675025
0.097272 0.850095
0.0981249 0.184826
0.0987583 0.830456
0.100387 0.202674
0.101796 0.88515
0.102797 0.703619
0.103069 0.284792
0.103421 0.196009
0.103917 0.525904
0.107012 0.549768
0.108002 0.190914
0.111355 0.54345
0.11684 0.727467
0.118707 0.107615
0.120414 0.804884
0.121694 0.305423
0.123144 0.678937
0.124246 0.207733
0.124323 0.501236
0.124342 0.813798
0.127776 0.533592
0.128713 0.273727
0.128775 0.315981
0.12933 0.656306
0.130221 0.618242
0.130317 0.235163
0.130874 0.600102
0.132308 0.701586
0.134129 0.312215
0.137221 0.280152
0.138129 0.539349
0.138516 0.0442908
0.138728 0.600311
0.141576 0.459412
0.141779 0.883097
0.144965 0.425981
0.14615 0.343606
0.147091 0.166716
0.147738 0.0372224
0.148599 0.499054
0.150514 0.689176
0.152547 0.854604
0.153869 0.0781748
0.154248 0.441256
0.155141 0.458751
0.156641 0.671415
0.157119 0.692215
0.159111 0.180709
0.159846 0.534727
0.160715 0.131367
0.164759 0.0970216
0.164785 0.548775
0.165301 0.210023
0.16715 0.284856
0.172612 0.0930985
0.174304 0.527315
0.174587 0.285114
0.174891 0.389323
0.175344 0.00984342
0.175983 0.746605
0.176364 0.14913
0.176709 0.941152
0.177583 0.645131
0.180081 0.623866
0.183095 0.277881
0.183854 0.0410383
0.183894 0.700613
0.188374 0.00461577
0.190725 0.520479
0.192259 0.299435
0.195752 0.0023702
0.196756 0.876077
0.202678 0.403459
0.202822 0.836701
0.202889 0.95379
0.20314 0.178112
0.205685 0.94987
0.20585 0.71304
0.206175 0.175266
0.209295 0.615399
0.20963 0.252248
0.213305 0.0193865
0.214828 0.615269
0.215363 0.608612
0.216216 0.936816
0.216663 0.449098
0.219306 0.872266
0.221315 0.641296
0.222494 0.457843
0.224422 0.853181
0.224575 0.424973
0.225274 0.177042
0.225514 0.210815
0.227955 0.233254
0.229413 0.744386
0.229892 0.795348
0.229988 0.415626
0.230613 0.915154
0.231731 0.705085
0.233251 0.255551
0.2336 0.119928
0.234501 0.252369
0.234837 0.904088
0.237577 0.952715
0.238151 0.595757
0.239555 0.204406
0.242088 0.768515
0.243486 0.266492
0.245819 0.478785
0.247387 0.827095
0.24756 0.737135
0.248573 0.773591
0.249343 0.707285
0.251522 0.337894
0.25246 0.088407
0.252751 0.994664
0.257689 0.977
0.258873 0.879762
0.263825 0.112612
0.265124 0.947525
0.266717 0.719523
0.266744 0.165368
0.267379 0.844699
0.27237 0.717707
0.272969 0.792482
0.277555 0.860971
0.278189 0.530105
0.27974 0.595953
0.281019 0.0857226
0.28751 0.1807
0.28755 0.858511
0.28839 0.974362
0.290414 0.990596
0.290643 0.844065
0.291135 0.111028
0.291853 0.175376
0.29437 0.470617
0.297389 0.221499
0.299066 0.408215
0.299453 0.906637
0.30931 0.576779
0.31264 0.54158
0.313403 0.358004
0.316985 0.568031
0.318862 0.109551
0.31955 0.669067
0.322917 0.272915
0.32321 0.193768
0.323681 0.109499
0.324292 0.36803
0.324649 0.375535
0.325815 0.970972
0.326747 0.630801
0.327236 0.85392
0.328552 0.979105
0.329203 0.914891
0.330713 0.286681
0.331482 0.224757
0.331736 0.490653
0.332897 0.999013
0.333232 0.62564
0.334338 0.221047
0.334653 0.519342
0.335642 0.138567
0.337359 0.988795
0.338266 0.244822
0.339596 0.582963
0.340575 0.0435783
0.341826 0.0622791
0.342229 0.846559
0.343062 0.849045
0.343156 0.417223
0.343766 0.67555
0.345503 0.869622
0.346882 0.0539178
0.348188 0.999175
0.348699 0.587339
0.351421 0.332961
0.352911 0.370322
0.353008 0.0103376
0.355316 0.802895
0.356101 0.990194
0.356381 0.696065
0.357195 0.376668
0.358551 0.167047
0.358567 0.440994
0.358807 0.466714
0.35889 0.867133
0.360851 0.82201
0.361597 0.366803
0.362004 0.197869
0.363393 0.548899
0.363409 0.806558
0.363493 0.227952
0.364434 0.0480811
0.36461 0.992463
0.365374 0.839354
0.368163 0.71803
0.36981 0.402552
0.372923 0.714833
0.374515 0.468126
0.376575 0.0909741
0.380234 0.592595
0.380258 0.990621
0.382245 0.396625
0.383432 0.349257
0.385016 0.956729
0.385232 0.598777
0.385813 0.365444
0.38804 0.784426
0.391138 0.854114
0.392386 0.823759
0.392467 0.194117
0.392497 0.702331
0.393185 0.263842
0.393236 0.125291
0.393864 0.672889
0.395376 0.0862288
0.396013 0.799018
0.396984 0.10813
0.398134 0.43387
0.399092 0.537259
0.399392 0.577386
0.399488 0.194635
0.403696 0.926472
0.403861 0.696208
0.403997 0.982361
0.406414 0.593822
0.40758 0.198799
0.409604 0.211033
0.409743 0.543385
0.41055 0.113895
0.41235 0.368024
0.412815 0.188258
0.413623 0.754815
0.415062 0.947163
0.415467 0.755643
0.41702 0.860873
0.417282 0.26114
0.41737 0.736582
0.418926 0.882165
0.420389 0.484271
0.421688 0.310168
0.422486 0.719783
0.425263 0.390966
0.425582 0.754033
0.42635 0.657251
0.427935 0.297405
0.430948 0.942843
0.431014 0.0531383
0.433535 0.429116
0.433738 0.842572
0.435191 0.250427
0.435493 0.328418
0.437846 0.884673
0.438434 0.767679
0.440027 0.534096
0.440364 0.204708
0.441396 0.536249
0.442652 0.654212
0.443132 0.724811
0.444463 0.0964484
0.448678 0.938348
0.451447 0.474581
0.453409 0.447975
0.453697 0.286471
0.453879 0.34648
0.456866 0.550894
0.457881 0.602314
0.458253 0.850551
0.458616 0.958781
0.458691 0.216776
0.463861 0.112633
0.46414 0.801341
0.464978 0.889298
0.465177 0.223199
0.467968 0.131349
0.469775 0.511843
0.470305 0.411098
0.479247 0.711331
0.47931 0.761747
0.480366 0.510614
0.481786 0.380469
0.482808 0.553887
0.484858 0.0148697
0.486699 0.958385
0.488994 0.521176
0.489112 0.507101
0.490934 0.122481
0.49219 0.232789
0.492851 0.350021
0.493305 0.981287
0.494857 0.057278
0.496127 0.400319
0.497015 0.327459
0.499312 0.93562
0.50246 0.845257
0.504154 0.323341
0.508536 0.969382
0.511785 0.572489
0.511849 0.64708
0.511973 0.736377
0.514567 0.329097
0.517722 0.353007
0.520132 0.857606
0.520836 0.683579
0.523573 0.6856
0.525087 0.131177
0.525336 0.324671
0.525868 0.267683
0.527027 0.749856
0.528384 0.55012
0.52966 0.98887
0.531228 0.355548
0.531251 0.72885
0.532856 0.712747
0.532973 0.672665
0.535143 0.146309
0.535353 0.673669
0.536386 0.047489
0.536474 0.520873
0.538024 0.564502
0.538693 0.806573
0.539204 0.401993
0.539857 0.374398
0.539975 0.367712
0.541014 0.823395
0.54271 0.320278
0.544366 0.167024
0.544573 0.630365
0.545549 0.0395218
0.545874 0.506076
0.548121 0.264191
0.548551 0.504467
0.554853 0.40732
0.556098 0.338193
0.558903 0.481713
0.559369 0.320871
0.561366 0.871804
0.562436 0.859172
0.563584 0.16029
0.565896 0.017219
0.567352 0.486926
0.567558 0.940765
0.569426 0.341638
0.574686 0.749518
0.575857 0.434363
0.57592 0.493795
0.577257 0.965109
0.5776 0.730537
0.578636 0.133518
0.579392 0.848237
0.580318 0.4018
0.581081 0.232561
0.582393 0.285243
0.582927 0.253957
0.585947 0.0032343
0.58974 0.759335
0.590351 0.0334638
0.590356 0.11017
0.59152 0.678762
0.591784 0.120813
0.593636 0.244382
0.596421 0.0394493
0.597097 0.412479
0.601902 0.174787
0.607751 0.473664
0.609631 0.0607804
0.60994 0.253389
0.613827 0.58925
0.613967 0.94717
0.614223 0.243049
0.616204 0.544978
0.616716 0.1518
0.616759 0.873885
0.617119 0.918002
0.6225 0.356042
0.623222 0.484355
0.624889 0.514575
0.62621 0.716333
0.627124 0.0787293
0.629286 0.417845
0.630429 0.619803
0.631791 0.514805
0.633824 0.682401
0.634962 0.812544
0.637907 0.304813
0.638154 0.456718
0.638733 0.19161
0.642356 0.0718092
0.642537 0.11496
0.644473 0.65248
0.645951 0.501437
0.64662 0.742881
0.646981 0.811159
0.648063 0.991102
0.648063 0.998349
0.648347 0.763646
0.652482 0.269834
0.652709 0.0854791
0.653756 0.676269
0.657584 0.0110985
0.658361 0.0745923
0.66278 0.335668
0.666303 0.546558
0.667194 0.53447
0.668067 0.209202
0.668934 0.765936
0.670594 0.669595
0.670873 0.355047
0.671923 0.00223386
0.67221 0.825156
0.672283 0.0625125
0.673581 0.874682
0.675898 0.810916
0.676755 0.213744
0.677973 0.693106
0.678889 0.0876607
0.682029 0.853081
0.682624 0.862428
0.682757 0.0940081
0.683723 0.335744
0.686709 0.519456
0.688612 0.496819
0.689843 0.18686
0.691315 0.929229
0.69179 0.912549
0.692633 0.0836616
0.693101 0.944561
0.693428 0.446835
0.693467 0.0983723
0.694089 0.561852
0.695457 0.550873
0.698384 0.733037
0.699138 0.410441
0.699881 0.900888
0.700879 0.670418
0.703014 0.562335
0.703038 0.956025
0.706119 0.745944
0.707122 0.59614
0.708482 0.452926
0.708975 0.745622
0.709473 0.119508
0.709542 0.275541
0.712341 0.31962
0.713818 0.142742
0.719029 0.726326
0.719899 0.336162
0.720737 0.4248
0.72125 0.0530749
0.723302 0.528944
0.724004 0.330083
0.724209 0.783296
0.725435 0.384014
0.725471 0.985956
0.727937 0.435809
0.728944 0.367157
0.729268 0.806374
0.729914 0.666572
0.730996 0.858115
0.733286 0.330926
0.73531 0.36358
0.738753 0.218269
0.739215 0.986402
0.739271 0.929973
0.739852 0.685041
0.740103 0.918137
0.741601 0.0866523
0.744321 0.798933
0.744349 0.270715
0.744642 0.205233
0.746201 0.408081
0.748577 0.335423
0.753485 0.827476
0.754018 0.782095
0.756673 0.40493
0.758938 0.469862
0.761376 0.442728
0.762475 0.911684
0.763158 0.392921
0.764442 0.980685
0.765755 0.0510383
0.766472 0.0949832
0.767769 0.900438
0.777914 0.400169
0.778846 0.0626908
0.780272 0.0372234
0.782656 0.102184
0.783095 0.470312
0.783136 0.170341
0.784876 0.413531
0.785932 0.151183
0.786095 0.900453
0.795277 0.225968
0.79539 0.123401
0.796258 0.70096
0.797061 0.210565
0.79797 0.484163
0.800836 0.655536
0.801082 0.787014
0.802773 0.209632
0.804171 0.704166
0.804339 0.531356
0.807886 0.137273
0.808064 0.132652
0.808311 0.285363
0.809149 0.373657
0.810261 0.0572507
0.814349 0.760979
0.814784 0.078172
0.815245 0.819649
0.816016 0.785188
0.817751 0.948329
0.818067 0.257276
0.819311 0.162268
0.821877 0.284944
0.823314 0.432815
0.823537 0.186256
0.823672 0.462547
0.825328 0.28324
0.828297 0.191284
0.829732 0.313821
0.832736 0.798372
0.834695 0.717842
0.835953 0.869364
0.835992 0.510563
0.83694 0.446577
0.837434 0.760466
0.837511 0.0408053
0.838095 0.863634
0.838544 0.408943
0.841898 0.77944
0.841996 0.433449
0.842104 0.242021
0.84289 0.45262
0.847549 0.755679
0.848437 0.685308
0.848823 0.176045
0.850937 0.698643
0.85254 0.635097
0.852774 0.578992
0.853337 0.0378087
0.854362 0.267146
0.854663 0.321658
0.855137 0.280551
0.855922 0.480497
0.856052 0.658811
0.856728 0.0327794
0.857134 0.846424
0.862416 0.632256
0.863371 0.680914
0.863936 0.171765
0.864162 0.970723
0.866878 0.624228
0.86808 0.824432
0.868535 0.465097
0.868655 0.485959
0.869446 0.776645
0.869494 0.58597
0.872528 0.574656
0.873769 0.430545
0.87603 0.440043
0.876458 0.625769
0.878095 0.1501
0.878907 0.795586
0.879063 0.410587
0.880792 0.470898
0.883663 0.727172
0.88473 0.662549
0.88478 0.496151
0.8848 0.834752
0.884946 0.289203
0.885496 0.53119
0.886996 0.747446
0.887148 0.293075
0.887394 0.433412
0.887653 0.776217
0.889233 0.333014
0.889436 0.749889
0.892264 0.273059
0.892735 0.198823
0.895228 0.104468
0.895338 0.940479
0.89754 0.950917
0.897725 0.0703282
0.898589 0.588439
0.898991 0.343793
0.901617 0.469583
0.904681 0.974269
0.905677 0.718599
0.908403 0.528443
0.909324 0.0162644
0.910986 0.942033
0.911646 0.0273968
0.912507 0.499379
0.91263 0.578352
0.9138 0.239037
0.914448 0.136129
0.915413 0.352249
0.918442 0.252215
0.919832 0.619015
0.920542 0.544312
0.920557 0.799467
0.921853 0.585277
0.922236 0.0149604
0.922879 0.829884
0.925273 0.0647236
0.92528 0.179356
0.926371 0.524327
0.92712 0.106914
0.929971 0.0284223
0.930037 0.140698
0.931725 0.49507
0.932393 0.720948
0.934754 0.409461
0.935751 0.160935
0.936539 0.414203
0.937941 0.978243
0.940588 0.46763
0.942074 0.444212
0.942685 0.709896
0.945246 0.740886
0.946921 0.895342
0.946974 0.794138
0.947603 0.357099
0.947612 0.506504
0.94833 0.583124
0.951757 0.181297
0.951868 0.0456317
0.954441 0.288083
0.955905 0.904049
0.958196 0.399666
0.958571 0.704824
0.962328 0.852831
0.963692 0.772847
0.966 0.559879
0.967305 0.496472
0.967558 0.753759
0.967978 0.808104
0.971665 0.774243
0.97198 0.0737281
0.972718 0.477021
0.972946 0.302096
0.972955 0.45849
0.978178 0.237131
0.978987 0.836199
0.979091 0.581925
0.979343 0.81009
0.979861 0.518389
0.981017 0.950732
0.981676 0.0324792
0.98298 0.952191
0.983655 0.296497
0.985638 0.611089
0.985939 0.673443
0.98626 0.0744364
0.988406 0.131905
0.988436 0.651091
0.988554 0.625151
0.99191 0.0243709
0.992763 0.368235
0.993178 0.346727
0.994472 0.0846163
0.994752 0.789712
0.994999 0.95194
0.995246 0.0972387
