0.000113688 0.910769
0.00248721 0.802524
0.006514 0.480732
0.00749841 0.0258406
0.0079759 0.0508979
0.0093089 0.454725
0.0098687 0.86332
0.0108039 0.581104
0.0135449 0.648381
0.0150382 0.74761
0.0157046 0.947285
0.0165233 0.706794
0.0167502 0.519824
0.0182079 0.019874
0.0197257 0.529353
0.0199444 0.20536
0.0205109 0.726052
0.0209247 0.682184
0.0210256 0.376655
0.0215512 0.211867
0.0225606 0.176235
0.0234326 0.831659
0.0255893 0.0794098
0.0263069 0.139594
0.0264038 0.768254
0.026618 0.36926
0.0269115 0.302307
0.0270796 0.126726
0.0271191 0.790849
0.0276376 0.505378
0.0295569 0.762447
0.029969 0.689019
0.031704 0.849546
0.0333615 0.706295
0.0334796 0.691414
0.0335978 0.677637
0.0354133 0.191203
0.0356919 0.873344
0.0357631 0.070888
0.0383873 0.175735
0.0403493 0.150537
0.0429425 0.735392
0.043299 0.726626
0.0450505 0.162978
0.0456295 0.895436
0.0485413 0.833348
0.0500939 0.928944
0.0502049 0.793326
0.0506555 0.366176
0.0522303 0.834448
0.0525194 0.694365
0.0528947 0.00128345
0.0538759 0.492821
0.0563022 0.271038
0.0581608 0.508723
0.0588298 0.752038
0.0591905 0.814007
0.059454 0.243208
0.0599406 0.42095
0.0603321 0.00243321
0.0631796 0.858999
0.0648066 0.204638
0.0671682 0.896375
0.0678422 0.223831
0.0680909 0.403966
0.0692911 0.57529
0.0693798 0.0665965
0.0734053 0.723735
0.0740577 0.687641
0.0749581 0.82139
0.0754798 0.588927
0.0759327 0.201323
0.0760574 0.296035
0.0764093 0.210908
0.0781486 0.442733
0.0785125 0.559698
0.078997 0.702206
0.0801166 0.520374
0.0802089 0.0711851
0.0802526 0.805142
0.0808161 0.275737
0.0821344 0.432197
0.0825079 0.709563
0.0855408 0.683528
0.0856544 0.593358
0.0881861 0.144333
0.0884398 0.407764
0.0889427 0.859444
0.0892904 0.703402
0.0921071 0.0444521
0.0923411 0.977664
0.0942586 0.203562
0.0945076 0.389041
0.095713 0.648631
0.0957649 0.520794
0.0995282 0.770982
0.100438 0.0539876
0.102388 0.830235
0.103363 0.22784
0.103511 0.704628
0.103863 0.624087
0.104035 0.512385
0.104409 0.807619
0.106209 0.0569822
0.106417 0.556097
0.106618 0.93521
0.107237 0.324434
0.109398 0.653133
0.110976 0.181989
0.111798 0.986812
0.113487 0.367708
0.113765 0.0566423
0.113892 0.182629
0.114926 0.561035
0.115406 0.631305
0.115685 0.325272
0.118491 0.486033
0.118922 0.717888
0.119066 0.134608
0.120539 0.898477
0.123859 0.70247
0.124965 0.288195
0.125138 0.195942
0.125933 0.550827
0.127376 0.811437
0.127835 0.514995
0.129378 0.456521
0.130108 0.730663
0.130526 0.748373
0.132475 0.49949
0.133257 0.645912
0.136458 0.457178
0.137457 0.238487
0.139154 0.758606
0.146654 0.805554
0.150397 0.72684
0.150541 0.147332
0.154984 0.808954
0.155461 0.832861
0.156634 0.554341
0.157124 0.78927
0.158902 0.660401
0.159021 0.659795
0.159829 0.238984
0.159911 0.625128
0.160117 0.0860034
0.162876 0.451035
0.163851 0.835742
0.163964 0.746386
0.165394 0.785056
0.166023 0.352533
0.167993 0.459726
0.171491 0.247827
0.172331 0.369212
0.17461 0.663026
0.177681 0.27916
0.178636 0.330394
0.179502 0.885828
0.179761 0.239974
0.183053 0.578032
0.18446 0.213221
0.184772 0.459972
0.185705 0.146035
0.186728 0.335536
0.187038 0.549369
0.187102 0.630277
0.18763 0.498845
0.18791 0.203181
0.188136 0.995934
0.188398 0.401522
0.188764 0.548329
0.190926 0.892564
0.191699 0.891271
0.195463 0.150687
0.196046 0.941287
0.197611 0.251177
0.19782 0.762892
0.197983 0.500055
0.198079 0.113234
0.198667 0.000168891
0.201143 0.612254
0.202432 0.274376
0.203402 0.577815
0.204077 0.919594
0.204266 0.103337
0.208034 0.425606
0.208054 0.766977
0.208306 0.995032
0.208765 0.712764
0.210672 0.760713
0.214753 0.358659
0.216516 0.990569
0.217135 0.392095
0.218372 0.178032
0.218514 0.56538
0.218591 0.865066
0.220238 0.547654
0.222736 0.51789
0.223699 0.711712
0.223729 0.211786
0.223841 0.0987704
0.225141 0.950228
0.225614 0.899338
0.225934 0.271523
0.227543 0.31317
0.229971 0.11651
0.230231 0.499277
0.230591 0.543965
0.232767 0.120384
0.235294 0.578524
0.239362 0.950734
0.242258 0.638045
0.243075 0.363071
0.243675 0.444107
0.243923 0.612886
0.245714 0.714988
0.246609 0.763413
0.24742 0.395282
0.247668 0.55916
0.24839 0.698211
0.24854 0.214553
0.249348 0.797984
0.249421 0.0222163
0.249912 0.274997
0.25061 0.996065
0.251638 0.277667
0.252012 0.557421
0.254262 0.384196
0.256579 0.326081
0.257631 0.0120241
0.258182 0.27022
0.258559 0.608413
0.260655 0.832248
0.260835 0.848562
0.262331 0.998991
0.26298 0.903072
0.264571 0.651747
0.266031 0.17969
0.26767 0.737205
0.271056 0.636224
0.271359 0.730838
0.271464 0.50294
0.271735 0.047415
0.274452 0.715743
0.274802 0.599709
0.276726 0.930386
0.278865 0.879005
0.279747 0.704747
0.281 0.771987
0.281505 0.251529
0.28282 0.357297
0.283648 0.275407
0.285846 0.205915
0.28705 0.448701
0.287693 0.25907
0.287934 0.29901
0.288919 0.869766
0.290623 0.50606
0.290692 0.661835
0.290816 0.750426
0.291941 0.654904
0.291954 0.871061
0.293286 0.261387
0.294081 0.611976
0.295785 0.252222
0.295849 0.335501
0.29594 0.859788
0.297165 0.446293
0.29742 0.738439
0.300076 0.374594
0.300189 0.282882
0.301287 0.731066
0.30286 0.175406
0.303427 0.689422
0.304421 0.398712
0.307814 0.424315
0.307991 0.401044
0.311494 0.280111
0.313172 0.481141
0.314826 0.27556
0.314932 0.0671179
0.316301 0.0780522
0.316952 0.0160216
0.317099 0.48276
0.319641 0.20212
0.319903 0.615308
0.320053 0.133779
0.320383 0.681055
0.322081 0.207591
0.323338 0.337575
0.324708 0.366463
0.324736 0.836617
0.324769 0.392939
0.325716 0.305661
0.32613 0.26634
0.32717 0.744986
0.329626 0.0199274
0.330591 0.251301
0.332142 0.313885
0.332252 0.158811
0.333476 0.737302
0.334166 0.320618
0.334216 0.165044
0.336088 0.638232
0.336161 0.860202
0.336937 0.90082
0.337885 0.829172
0.338725 0.951941
0.339028 0.0456788
0.339635 0.246576
0.339764 0.407499
0.340094 0.961404
0.340126 0.500719
0.340397 0.0478241
0.341063 0.237912
0.341121 0.220403
0.343043 0.517364
0.343182 0.868069
0.343276 0.447446
0.343699 0.547199
0.344415 0.588099
0.344728 0.839249
0.34557 0.000234498
0.347726 0.23904
0.348828 0.754046
0.34996 0.785045
0.350509 0.0126862
0.350805 0.978799
0.351437 0.594338
0.352328 0.583126
0.353341 0.599602
0.356075 0.549272
0.363358 0.957475
0.364829 0.67502
0.365259 0.91492
0.366419 0.407894
0.367388 0.685521
0.369788 0.0228396
0.370846 0.804178
0.373051 0.872806
0.376809 0.0289996
0.377554 0.55544
0.378374 0.326712
0.378673 0.352978
0.379802 0.332589
0.380931 0.302362
0.383387 0.588401
0.384645 0.733419
0.384729 0.136131
0.384761 0.680448
0.386186 0.62859
0.38704 0.988193
0.389112 0.803679
0.389279 0.620335
0.38951 0.489887
0.39035 0.607358
0.391478 0.571402
0.394104 0.706975
0.395293 0.686107
0.395294 0.705336
0.396772 0.548095
0.399542 0.101687
0.400337 0.456205
0.402365 0.547368
0.404821 0.828743
0.405562 0.281819
0.405788 0.0779678
0.405824 0.675848
0.405965 0.0466271
0.40666 0.741305
0.407153 0.0150682
0.408273 0.838535
0.411588 0.560962
0.412176 0.445079
0.413365 0.425001
0.415056 0.847674
0.415666 0.103904
0.416277 0.370215
0.416297 0.701489
0.41687 0.340414
0.417706 0.391807
0.418005 0.415483
0.418138 0.651125
0.419688 0.690332
0.420256 0.235395
0.421682 0.213176
0.421989 0.376036
0.422495 0.875074
0.423418 0.381146
0.423429 0.577854
0.425179 0.975356
0.4263 0.821003
0.426825 0.644921
0.426922 0.281118
0.428664 0.55274
0.432714 0.62913
0.433188 0.59545
0.433242 0.494332
0.433688 0.989584
0.438646 0.316741
0.441343 0.656675
0.441397 0.563931
0.441487 0.0749841
0.44256 0.107964
0.442644 0.517924
0.443468 0.36234
0.444819 0.0660429
0.445093 0.678114
0.445464 0.913226
0.448096 0.145079
0.449065 0.428075
0.449519 0.0608905
0.450556 0.489127
0.451486 0.122417
0.452824 0.610597
0.453276 0.206566
0.454768 0.281212
0.457587 0.662419
0.458595 0.610837
0.459899 0.517995
0.461383 0.468945
0.462365 0.976746
0.463043 0.370413
0.463102 0.363595
0.463142 0.0229276
0.464348 0.291612
0.467382 0.2921
0.467459 0.583803
0.467968 0.133658
0.469051 0.347677
0.469532 0.420006
0.47008 0.637309
0.472993 0.591608
0.473673 0.0140536
0.473803 0.204654
0.477749 0.529228
0.479577 0.246695
0.482157 0.606549
0.482222 0.709731
0.482646 0.825325
0.48365 0.700824
0.484227 0.405365
0.485154 0.97631
0.487814 0.693422
0.490245 0.553917
0.49144 0.629908
0.491777 0.290878
0.492244 0.138449
0.492731 0.333878
0.493761 0.639499
0.494593 0.616995
0.495276 0.101323
0.495708 0.371465
0.49782 0.864229
0.498727 0.109214
0.499566 0.203699
0.501763 0.130184
0.501984 0.841918
0.502594 0.0984139
0.503637 0.628331
0.504676 0.0878569
0.5056 0.62709
0.508054 0.856403
0.510166 0.353863
0.512019 0.509277
0.513447 0.511382
0.51842 0.079115
0.52164 0.199053
0.522875 0.953904
0.523402 0.820006
0.525173 0.582929
0.527574 0.942709
0.527914 0.648125
0.529164 0.656557
0.530644 0.537211
0.531625 0.017197
0.533279 0.823097
0.533406 0.9559
0.534325 0.40585
0.535062 0.791134
0.538803 0.663082
0.542637 0.102659
0.543878 0.949822
0.543934 0.899239
0.54403 0.514625
0.544106 0.796623
0.544952 0.0131054
0.545048 0.630119
0.547109 0.25969
0.547306 0.575394
0.548152 0.796369
0.548249 0.419159
0.552964 0.658659
0.553246 0.40039
0.553537 0.288427
0.553861 0.749057
0.5557 0.653746
0.556115 0.627643
0.559602 0.236795
0.560887 0.834944
0.561038 0.365429
0.561646 0.590032
0.562531 0.454319
0.563406 0.162141
0.566038 0.404089
0.567109 0.392686
0.568941 0.192869
0.570963 0.170057
0.570992 0.662453
0.571643 0.598224
0.573142 0.791142
0.574136 0.497787
0.576313 0.0959637
0.581472 0.796381
0.582431 0.924235
0.583236 0.45267
0.583984 0.0186645
0.584237 0.263687
0.584731 0.578328
0.586624 0.394468
0.587603 0.848063
0.587897 0.783919
0.588017 0.796055
0.588622 0.964873
0.588682 0.978481
0.588993 0.197644
0.589067 0.454771
0.58918 0.346294
0.589539 0.378594
0.590923 0.645075
0.59102 0.26734
0.593034 0.117694
0.593265 0.00667982
0.593502 0.989472
0.594438 0.714683
0.596528 0.843138
0.597079 0.114709
0.59714 0.129264
0.597751 0.395363
0.599513 0.0107596
0.60069 0.800204
0.603441 0.0279765
0.603455 0.274742
0.603721 0.740226
0.606508 0.579551
0.60718 0.8783
0.607925 0.390888
0.608211 0.210045
0.608753 0.308372
0.609503 0.912074
0.609764 0.308725
0.610294 0.202994
0.610535 0.259402
0.610624 0.764264
0.610848 0.516593
0.611572 0.683788
0.613499 0.0729506
0.613608 0.907491
0.61407 0.681744
0.615069 0.465432
0.617132 0.144646
0.617452 0.513715
0.618621 0.161698
0.619447 0.0538709
0.619843 0.709728
0.620114 0.258852
0.62157 0.730884
0.624457 0.246625
0.624641 0.341203
0.62498 0.0429164
0.62642 0.233183
0.627104 0.733469
0.62725 0.199268
0.628769 0.712019
0.628902 0.949101
0.629649 0.512802
0.636064 0.321712
0.637122 0.117138
0.63774 0.494669
0.639077 0.974068
0.640556 0.828903
0.64422 0.406447
0.646464 0.126127
0.647125 0.236816
0.64833 0.480253
0.649142 0.136868
0.649857 0.147081
0.650351 0.446695
0.651566 0.87636
0.652043 0.878189
0.652347 0.993339
0.652683 0.648549
0.65322 0.668189
0.653702 0.766376
0.65597 0.886241
0.656998 0.17059
0.658808 0.577944
0.658899 0.123026
0.659095 0.40787
0.659936 0.541221
0.661672 0.714607
0.662633 0.867545
0.663792 0.346219
0.666339 0.166516
0.669435 0.187563
0.671783 0.651991
0.67212 0.327102
0.675034 0.301712
0.675629 0.28884
0.676752 0.177798
0.677988 0.951635
0.679072 0.17082
0.681393 0.178266
0.682776 0.416188
0.684133 0.216617
0.685206 0.250974
0.685932 0.464438
0.686609 0.837335
0.687828 0.329454
0.688424 0.336899
0.688743 0.697485
0.690149 0.33521
0.690524 0.633605
0.692729 0.701122
0.693784 0.42161
0.694254 0.33119
0.694553 0.345294
0.697191 0.690027
0.697496 0.81424
0.700394 0.516147
0.701163 0.443603
0.702985 0.0685695
0.705073 0.165531
0.706022 0.105411
0.709484 0.300086
0.7098 0.606584
0.712361 0.643866
0.717748 0.19247
0.717839 0.721946
0.721438 0.211633
0.722139 0.99676
0.723451 0.0344227
0.724886 0.159926
0.727425 0.836351
0.729782 0.445206
0.730061 0.135111
0.731566 0.422556
0.733677 0.913169
0.734093 0.906037
0.73433 0.884979
0.736264 0.39171
0.738784 0.745492
0.739628 0.923547
0.742137 0.101464
0.743186 0.735479
0.743271 0.160348
0.743514 0.245031
0.744553 0.705575
0.744764 0.25114
0.745139 0.543157
0.746688 0.584594
0.746922 0.517893
0.7474 0.54911
0.748485 0.788181
0.749126 0.569459
0.749132 0.668009
0.750507 0.771842
0.751447 0.578564
0.75189 0.0237659
0.751987 0.643402
0.754204 0.899541
0.75423 0.349769
0.754517 0.169341
0.756871 0.726488
0.757335 0.5289
0.757483 0.0115813
0.757946 0.794389
0.758106 0.492475
0.758516 0.383797
0.761197 0.441793
0.761304 0.229626
0.76302 0.0748443
0.763654 0.738781
0.764801 0.0140485
0.76501 0.521264
0.765667 0.558628
0.768643 0.587418
0.76884 0.886655
0.769744 0.0827171
0.769885 0.452189
0.769943 0.438093
0.770745 0.908511
0.772108 0.820786
0.773256 0.10521
0.775188 0.590904
0.776326 0.708063
0.780457 0.145857
0.781359 0.309119
0.782153 0.650136
0.783342 0.632954
0.783958 0.979422
0.787223 0.849471
0.787897 0.181247
0.788122 0.961932
0.790546 0.707826
0.790585 0.367878
0.790841 0.672053
0.791373 0.612748
0.795595 0.557518
0.797498 0.546769
0.799485 0.951607
0.799629 0.365603
0.800192 0.830791
0.800476 0.606175
0.802449 0.757463
0.803139 0.354334
0.803947 0.937162
0.805537 0.661732
0.808328 0.563003
0.80877 0.00483926
0.80933 0.403839
0.810322 0.0750075
0.810482 0.764931
0.811071 0.663793
0.81179 0.752074
0.81244 0.678233
0.815966 0.939869
0.816748 0.0785824
0.817276 0.963805
0.817834 0.331147
0.818127 0.253346
0.820222 0.479537
0.821635 0.220632
0.821767 0.439111
0.821906 0.774836
0.821923 0.05185
0.822659 0.431851
0.822964 0.55943
0.824037 0.585155
0.824468 0.835574
0.824822 0.776203
0.825686 0.301037
0.8287 0.964944
0.830483 0.928481
0.831107 0.41238
0.833934 0.924217
0.834242 0.105195
0.835594 0.832087
0.836002 0.68592
0.838093 0.822491
0.838194 0.522355
0.838554 0.571919
0.838932 0.931971
0.839029 0.55275
0.839357 0.0782918
0.840399 0.586138
0.840755 0.564741
0.84126 0.0628551
0.84148 0.759468
0.842902 0.658899
0.843236 0.265303
0.843663 0.441278
0.844452 0.709204
0.84537 0.129969
0.848326 0.818476
0.848467 0.181085
0.850334 0.559496
0.850725 0.140791
0.850876 0.670986
0.852444 0.0243124
0.855325 0.440041
0.855402 0.741707
0.855833 0.992149
0.860015 0.276647
0.862685 0.14631
0.863152 0.995602
0.863617 0.818872
0.864255 0.538689
0.864856 0.632327
0.867706 0.527773
0.867817 0.393854
0.867886 0.553119
0.868507 0.00147068
0.869234 0.208486
0.872063 0.76977
0.873289 0.361699
0.874165 0.0996522
0.874611 0.585222
0.87518 0.146064
0.876065 0.0240151
0.877761 0.534046
0.879338 0.0384056
0.879691 0.958467
0.882104 0.526249
0.882328 0.293722
0.882536 0.774147
0.884144 0.807421
0.886543 0.120634
0.886965 0.224363
0.889182 0.48415
0.889285 0.211923
0.890102 0.944861
0.89042 0.283524
0.891697 0.746575
0.89222 0.549221
0.893941 0.460471
0.894109 0.282863
0.894893 0.458251
0.89641 0.965437
0.900445 0.786476
0.901689 0.685081
0.901777 0.168107
0.901945 0.98542
0.902934 0.61759
0.904327 0.0182615
0.9045 0.936159
0.905497 0.694646
0.906165 0.907149
0.906906 0.368873
0.907482 0.0557738
0.908863 0.256466
0.909188 0.720665
0.909256 0.87363
0.909476 0.562073
0.910159 0.0344266
0.912624 0.463547
0.912666 0.17811
0.914502 0.0362007
0.916117 0.173995
0.916557 0.568169
0.918197 0.140022
0.919509 0.195982
0.921417 0.25499
0.922242 0.129116
0.922889 0.997657
0.923396 0.515573
0.923555 0.194891
0.924017 0.95674
0.924861 0.136454
0.926244 0.386718
0.927206 0.550746
0.928329 0.418385
0.928738 0.307061
0.929317 0.0249697
0.929674 0.0380475
0.929995 0.418144
0.931077 0.616331
0.931357 0.309265
0.933031 0.457858
0.933521 0.692224
0.935659 0.622107
0.937755 0.850716
0.939959 0.884915
0.941096 0.000947396
0.941219 0.0624287
0.942415 0.175219
0.942763 0.0164223
0.943453 0.617731
0.947242 0.304897
0.948664 0.18866
0.950526 0.495952
0.951261 0.8405
0.951862 0.942965
0.954042 0.581166
0.955917 0.092508
0.958511 0.699089
0.959373 0.177434
0.960635 0.397522
0.962376 0.661671
0.964051 0.809005
0.965479 0.814107
0.967185 0.477026
0.967353 0.296656
0.971812 0.239197
0.971846 0.821142
0.972331 0.972807
0.973232 0.117685
0.973464 0.00530829
0.974206 0.477027
0.975891 0.803076
0.980374 0.146742
0.980462 0.621801
0.980917 0.271216
0.982365 0.605832
0.98262 0.902806
0.984024 0.484033
0.984621 0.531619
0.98487 0.71641
0.986266 0.179631
0.987723 0.664599
0.988139 0.65559
0.989139 0.460917
0.989903 0.301109
0.99095 0.904969
0.992782 0.680296
0.993636 0.0435542
0.993799 0.781257
0.994163 0.899741
0.996881 0.572311
0.997618 0.972496
