0.000914579 0.371341
0.0035069 0.940449
0.00975047 0.87615
0.0108396 0.181284
0.0115497 0.115754
0.016219 0.59205
0.020545 0.299302
0.0287497 0.196446
0.0324308 0.0648652
0.0324621 0.589702
0.0376732 0.174146
0.0405542 0.593756
0.0421455 0.340146
0.0449645 0.717855
0.045959 0.432162
0.0472333 0.84928
0.0504299 0.575239
0.0512454 0.281974
0.0518498 0.439529
0.052788 0.207824
0.0529248 0.506898
0.056028 0.663028
0.0571411 0.370086
0.0581597 0.490472
0.0583866 0.303604
0.0610185 0.538251
0.0638089 0.436963
0.0646982 0.382737
0.0658809 0.259524
0.0664514 0.848102
0.0684053 0.68743
0.0685631 0.33956
0.0704071 0.332694
0.0770767 0.427926
0.0810773 0.666409
0.0886553 0.0292595
0.0960745 0.723592
0.0980551 0.0119033
0.101679 0.920708
0.101942 0.33316
0.10574 0.174459
0.10682 0.319959
0.107566 0.86897
0.110093 0.33384
0.111577 0.266688
0.114145 0.429397
0.115344 0.579629
0.120048 0.645047
0.121281 0.362902
0.125061 0.897007
0.126847 0.915696
0.128478 0.333205
0.128621 0.725765
0.134808 0.726293
0.135114 0.855031
0.135462 0.7181
0.137551 0.821988
0.138092 0.919743
0.140893 0.985712
0.145288 0.850469
0.148223 0.188214
0.148749 0.0294362
0.151716 0.892542
0.155138 0.398277
0.156558 0.264516
0.157205 0.148562
0.160566 0.641064
0.162387 0.240704
0.163295 0.503196
0.165884 0.0122683
0.169505 0.877911
0.173055 0.538433
0.175723 0.384445
0.180431 0.509007
0.180492 0.536311
0.180783 0.413008
0.180821 0.057001
0.190072 0.53649
0.192029 0.437889
0.192726 0.149565
0.193024 0.156563
0.193848 0.00857181
0.197791 0.279074
0.20053 0.307657
0.2047 0.391557
0.207472 0.986191
0.207649 0.962919
0.210222 0.20818
0.210228 0.296712
0.21135 0.158661
0.215662 0.628704
0.215969 0.794288
0.218636 0.610919
0.219404 0.526729
0.223274 0.560117
0.228188 0.156605
0.230891 0.58979
0.23288 0.0218712
0.234062 0.884977
0.235367 0.808758
0.235459 0.352173
0.239119 0.879347
0.239831 0.833313
0.241723 0.630599
0.243451 0.683412
0.248854 0.489941
0.250211 0.297601
0.250934 0.441731
0.253634 0.828138
0.255075 0.0397628
0.255082 0.157033
0.256416 0.579644
0.257489 0.61314
0.265912 0.179286
0.267548 0.682611
0.268308 0.456826
0.273535 0.310983
0.274348 0.967857
0.279974 0.519413
0.282062 0.620468
0.282864 0.0980395
0.282917 0.9813
0.283499 0.76873
0.290099 0.692715
0.292857 0.049615
0.294603 0.389163
0.298855 0.862275
0.303002 0.55697
0.30894 0.359198
0.311202 0.36638
0.320041 0.929284
0.327311 0.111602
0.334232 0.429614
0.33443 0.757113
0.334888 0.459403
0.335212 0.906556
0.336314 0.43572
0.340274 0.985654
0.3413 0.222113
0.341324 0.625993
0.343483 0.912383
0.344976 0.00991327
0.348067 0.964593
0.350046 0.21792
0.35123 0.127256
0.352563 0.523171
0.357775 0.118932
0.357799 0.531813
0.360295 0.484486
0.36149 0.569422
0.36215 0.654269
0.36493 0.377162
0.36642 0.413052
0.36739 0.729646
0.371347 0.23677
0.372028 0.674359
0.375803 0.120434
0.376831 0.396573
0.380918 0.0952292
0.38391 0.381068
0.384195 0.171698
0.385406 0.523796
0.38903 0.429478
0.393609 0.380681
0.39544 0.160508
0.399361 0.0558836
0.405164 0.586282
0.412348 0.326498
0.415495 0.219496
0.417165 0.299906
0.420984 0.478756
0.42549 0.21353
0.425771 0.93265
0.429322 0.608113
0.429986 0.77977
0.435276 0.675609
0.438257 0.788689
0.43826 0.841376
0.439226 0.0639443
0.439557 0.63423
0.440205 0.52517
0.440737 0.472683
0.440825 0.94501
0.442058 0.663867
0.443188 0.667153
0.445509 0.667422
0.445728 0.356937
0.447562 0.176326
0.449604 0.495041
0.451944 0.823768
0.454527 0.23717
0.456442 0.420069
0.457439 0.183127
0.457485 0.951309
0.461579 0.758258
0.46176 0.800274
0.462958 0.941381
0.465111 0.124447
0.465544 0.40027
0.466107 0.859893
0.470668 0.511815
0.470816 0.00171215
0.478691 0.351259
0.48133 0.717256
0.483209 0.289824
0.483488 0.984589
0.484139 0.92244
0.488525 0.636312
0.492567 0.571115
0.496586 0.126417
0.498354 0.828803
0.498852 0.207331
0.499775 0.718412
0.500266 0.973416
0.500657 0.54845
0.502194 0.366187
0.502426 0.265988
0.508868 0.540661
0.510329 0.0914803
0.511848 0.63052
0.512643 0.99158
0.515263 0.0190159
0.516494 0.70706
0.517506 0.728701
0.517609 0.447294
0.524011 0.0539856
0.529037 0.52078
0.531808 0.0926314
0.534317 0.269695
0.534456 0.594909
0.535518 0.459371
0.536433 0.824624
0.537575 0.0187946
0.542733 0.710117
0.54897 0.538526
0.557088 0.985577
0.558032 0.839656
0.563591 0.28235
0.564539 0.203697
0.572228 0.432886
0.577838 0.719849
0.578581 0.204191
0.578667 0.648798
0.582859 0.11587
0.583528 0.348275
0.584137 0.591787
0.586228 0.739503
0.588316 0.82755
0.589545 0.488069
0.589888 0.254624
0.590019 0.446939
0.591936 0.663327
0.592746 0.277453
0.594123 0.432768
0.594565 0.854326
0.595263 0.58956
0.599432 0.657001
0.599783 0.552582
0.601882 0.822076
0.602194 0.0762068
0.603243 0.710754
0.605746 0.776534
0.612319 0.244578
0.612343 0.646673
0.61358 0.433275
0.613653 0.666727
0.615679 0.713585
0.616336 0.758032
0.616571 0.705238
0.618003 0.768483
0.61874 0.163988
0.622271 0.501375
0.623662 0.879797
0.624409 0.439758
0.624543 0.697665
0.626392 0.771756
0.628665 0.969634
0.63148 0.280991
0.632156 0.638744
0.632448 0.561467
0.63444 0.0335183
0.635268 0.952387
0.637227 0.879825
0.639212 0.236014
0.640183 0.557422
0.646092 0.864992
0.646563 0.785231
0.646726 0.523279
0.64852 0.676198
0.650511 0.146081
0.65069 0.145826
0.652048 0.976668
0.654799 0.200363
0.656126 0.514304
0.659397 0.485141
0.660236 0.586412
0.66163 0.0116035
0.664114 0.769478
0.664243 0.930887
0.665763 0.47074
0.668808 0.649732
0.675283 0.487144
0.676874 0.213593
0.680279 0.44276
0.68091 0.0553007
0.684399 0.687595
0.685287 0.621755
0.69076 0.603829
0.694239 0.0817085
0.695112 0.743253
0.698023 0.673009
0.699784 0.267141
0.700157 0.54176
0.709532 0.104441
0.712018 0.883635
0.71327 0.927545
0.715061 0.0229476
0.717748 0.186694
0.720362 0.126608
0.730266 0.585945
0.731845 0.112258
0.732753 0.374296
0.732898 0.820412
0.73361 0.779128
0.735305 0.262917
0.73659 0.862483
0.737607 0.952534
0.743443 0.0471273
0.744104 0.162231
0.744563 0.861594
0.746807 0.593342
0.747356 0.809353
0.749376 0.754594
0.750644 0.0687874
0.7526 0.953266
0.75325 0.879989
0.755591 0.220243
0.760921 0.799152
0.763863 0.241966
0.764356 0.526146
0.766869 0.768043
0.768015 0.0221714
0.768622 0.230042
0.772949 0.956093
0.775646 0.277017
0.776073 0.454823
0.77917 0.51749
0.783762 0.685068
0.783796 0.264188
0.786614 0.620195
0.787132 0.320081
0.78725 0.304144
0.790014 0.772546
0.79066 0.616067
0.790969 0.809168
0.791634 0.998645
0.792733 0.457591
0.795544 0.715612
0.796338 0.0512674
0.799139 0.130017
0.800043 0.330689
0.800871 0.236762
0.803602 0.133119
0.804124 0.915362
0.806497 0.792302
0.808488 0.249944
0.812717 0.327089
0.812795 0.638851
0.813366 0.235013
0.817572 0.935803
0.817944 0.186724
0.818982 0.628336
0.819938 0.697782
0.820111 0.598618
0.821522 0.326807
0.830974 0.183868
0.833872 0.889187
0.836755 0.337505
0.837508 0.0028631
0.839242 0.14276
0.839432 0.328014
0.839578 0.785893
0.84015 0.406121
0.840959 0.0012134
0.843726 0.498354
0.844552 0.38159
0.847862 0.0174173
0.848046 0.117082
0.852842 0.709401
0.853226 0.176996
0.853375 0.669295
0.853852 0.690212
0.856122 0.845218
0.856356 0.76932
0.857827 0.503715
0.860757 0.742824
0.867861 0.143487
0.867973 0.0229425
0.872063 0.764973
0.873467 0.354393
0.875417 0.136526
0.87928 0.0653296
0.880262 0.561078
0.881066 0.0755191
0.882013 0.000630882
0.883592 0.526333
0.884691 0.998717
0.885881 0.00367559
0.885915 0.571455
0.888659 0.699512
0.889371 0.656052
0.892509 0.396867
0.896574 0.717995
0.897042 0.579661
0.897612 0.169241
0.899496 0.829033
0.899927 0.0815728
0.906189 0.325883
0.906681 0.596007
0.908808 0.337784
0.915338 0.0792194
0.915562 0.858205
0.92114 0.605352
0.928544 0.0427997
0.935482 0.638789
0.936424 0.48444
0.939048 0.575034
0.940345 0.382023
0.940346 0.397816
0.940411 0.484101
0.941298 0.394743
0.94549 0.857283
0.94868 0.472921
0.953647 0.949312
0.956501 0.908528
0.959096 0.51903
0.960166 0.514522
0.965973 0.115099
0.967953 0.37932
0.968189 0.344535
0.976287 0.456984
0.976711 0.574136
0.976887 0.546841
0.979033 0.610962
0.979093 0.623561
0.979489 0.273158
0.988176 0.267627
0.989281 0.850081
0.994605 0.325548
0.994832 0.1488
