0.00147952 0.866347
0.00172568 0.00353835
0.00321504 0.0351787
0.00415498 0.832799
0.00438732 0.737648
0.00449871 0.609763
0.00483527 0.266381
0.00597922 0.492812
0.00692674 0.417791
0.00748337 0.773041
0.00932166 0.669136
0.0102644 0.513668
0.0114277 0.0659967
0.011689 0.457224
0.0122142 0.283294
0.013623 0.962327
0.0145609 0.724329
0.0148335 0.30641
0.0162131 0.49415
0.022225 0.534901
0.0222403 0.793352
0.0229521 0.755237
0.0230943 0.145653
0.0262223 0.717371
0.0286614 0.712605
0.0288275 0.503684
0.0288989 0.703373
0.0303675 0.387287
0.032838 0.908845
0.0328701 0.447417
0.0338277 0.541429
0.0365436 0.188853
0.0380382 0.308141
0.0380613 0.695813
0.039379 0.84371
0.0394038 0.260323
0.0399436 0.332455
0.0399974 0.236658
0.041333 0.683147
0.0426149 0.22922
0.0429393 0.68056
0.04605 0.9621
0.0463522 0.0408501
0.048954 0.770602
0.0494981 0.913883
0.0503733 0.623693
0.052601 0.0650984
0.052622 0.41759
0.0539718 0.104623
0.054585 0.409501
0.0552424 0.459802
0.0560027 0.237751
0.0561817 0.246027
0.0562216 0.915871
0.0569095 0.478298
0.0584786 0.850103
0.0586698 0.0627332
0.0587639 0.644075
0.0588361 0.858477
0.058972 0.142344
0.0598493 0.886433
0.062663 0.177309
0.0631971 0.153661
0.063844 0.0266796
0.0676586 0.137667
0.0680915 0.413482
0.0695432 0.813363
0.0714161 0.290848
0.0719882 0.904924
0.0745762 0.402092
0.0750123 0.731158
0.0765478 0.539425
0.077484 0.273808
0.0775357 0.143192
0.07872 0.0468154
0.0789207 0.419488
0.0809083 0.825398
0.0810367 0.983136
0.0810911 0.89839
0.0817284 0.610013
0.0835848 0.810539
0.0843035 0.88809
0.0847669 0.677707
0.0856513 0.542204
0.086369 0.60332
0.0871507 0.741306
0.0871975 0.528904
0.0887127 0.994016
0.0895965 0.84913
0.0900804 0.982027
0.091768 0.344359
0.0930085 0.194307
0.0932745 0.664471
0.0941235 0.933828
0.0946979 0.587592
0.0951061 0.447843
0.0956467 0.533655
0.0959785 0.110577
0.09828 0.792157
0.0984207 0.156519
0.0987036 0.910858
0.0994079 0.748719
0.0996569 0.934308
0.0998152 0.594092
0.101052 0.377916
0.102826 0.19495
0.102924 0.84327
0.103118 0.11182
0.10376 0.888683
0.105601 0.833153
0.107207 0.826677
0.107933 0.0245819
0.108206 0.623435
0.109495 0.281292
0.109557 0.318481
0.109787 0.183635
0.11069 0.366596
0.110967 0.0144811
0.111127 0.709249
0.111903 0.745922
0.111969 0.860592
0.112752 0.0287873
0.113709 0.114747
0.117249 0.595912
0.120901 0.9829
0.122352 0.376934
0.123255 0.546285
0.124386 0.549915
0.124492 0.33543
0.124822 0.881845
0.125756 0.588773
0.127557 0.855284
0.129673 0.421272
0.130829 0.846931
0.131254 0.981199
0.132446 0.0188646
0.133201 0.704086
0.133763 0.159248
0.133821 0.129757
0.134461 0.893629
0.134534 0.109573
0.13734 0.266735
0.138646 0.22737
0.139949 0.116168
0.140531 0.91173
0.142905 0.811515
0.144214 0.798635
0.144916 0.601731
0.145402 0.775372
0.145598 0.0734982
0.145685 0.53004
0.147368 0.816832
0.147538 0.665771
0.147873 0.302291
0.147968 0.894292
0.1485 0.835739
0.148663 0.581746
0.150844 0.235701
0.15123 0.718956
0.151674 0.19313
0.15183 0.806645
0.153084 0.882212
0.153772 0.439364
0.155674 0.420069
0.157356 0.681785
0.158846 0.717683
0.159994 0.0144886
0.160596 0.142343
0.162644 0.56165
0.170452 0.79086
0.171356 0.973062
0.172056 0.742004
0.174276 0.0525679
0.174759 0.168521
0.175282 0.967496
0.175705 0.0759918
0.175858 0.639824
0.176038 0.674319
0.176666 0.219209
0.177945 0.724812
0.178918 0.0816729
0.180707 0.148142
0.181355 0.0276324
0.182837 0.948365
0.183041 0.36654
0.183716 0.710494
0.183946 0.587568
0.184674 0.809704
0.185659 0.37448
0.189475 0.506434
0.193856 0.134381
0.194184 0.652464
0.196954 0.201744
0.199165 0.359248
0.201155 0.807303
0.201643 0.0212341
0.202717 0.0596065
0.205825 0.294955
0.206161 0.954304
0.207858 0.475543
0.20838 0.243557
0.208572 0.468225
0.208785 0.051481
0.209628 0.218477
0.213747 0.445202
0.214247 0.854886
0.216605 0.475912
0.21858 0.679315
0.222343 0.910877
0.22341 0.849322
0.223773 0.959314
0.223801 0.415881
0.224037 0.381651
0.226544 0.531728
0.228659 0.0737442
0.229127 0.936843
0.229136 0.0822957
0.229737 0.189754
0.229745 0.319328
0.231764 0.259364
0.233113 0.931276
0.23725 0.468614
0.238087 0.524929
0.239169 0.715798
0.239342 0.623897
0.239997 0.623687
0.241639 0.234546
0.242731 0.582608
0.243309 0.288527
0.243653 0.0823961
0.245053 0.603719
0.245987 0.299025
0.246008 0.654468
0.247498 0.702716
0.247636 0.0233438
0.248665 0.319354
0.25001 0.918065
0.251019 0.869206
0.251453 0.177924
0.251661 0.669471
0.251794 0.905292
0.252644 0.188839
0.252808 0.952001
0.253065 0.267453
0.253604 0.320567
0.253766 0.0516644
0.253863 0.681224
0.254008 0.117471
0.254394 0.60082
0.255623 0.247807
0.255722 0.912053
0.255969 0.0718311
0.261383 0.071977
0.261684 0.128524
0.262136 0.712072
0.262267 0.923311
0.264567 0.57191
0.264855 0.413928
0.266346 0.475027
0.268559 0.665996
0.269675 0.42297
0.271714 0.69166
0.271724 0.858713
0.271742 0.160389
0.274303 0.202727
0.274754 0.792255
0.275432 0.180906
0.276905 0.949666
0.277064 0.622176
0.278037 0.964472
0.278648 0.229115
0.279399 0.864037
0.28049 0.200571
0.281078 0.0820429
0.281233 0.688513
0.282306 0.722253
0.282638 0.300669
0.283815 0.0839152
0.283883 0.218504
0.284125 0.286823
0.28481 0.805658
0.285094 0.581198
0.285544 0.139405
0.285685 0.500221
0.285743 0.483253
0.285935 0.701589
0.285955 0.0477646
0.287824 0.449897
0.289369 0.420358
0.290486 0.190347
0.290631 0.632479
0.292123 0.707094
0.293694 0.107473
0.29466 0.346242
0.29506 0.0732644
0.295173 0.966111
0.29554 0.139199
0.295969 0.347888
0.296421 0.946204
0.297027 0.132279
0.297327 0.167037
0.298627 0.0269156
0.298988 0.0928605
0.299943 0.13961
0.300485 0.246976
0.300568 0.649422
0.300751 0.716028
0.306186 0.0663728
0.307318 0.0868685
0.308168 0.374031
0.308181 0.59493
0.308784 0.728137
0.310301 0.232561
0.311252 0.205969
0.31571 0.132772
0.31625 0.206156
0.319332 0.00505878
0.319517 0.125487
0.32169 0.641009
0.323511 0.246668
0.323985 0.208567
0.325969 0.566047
0.326253 0.327164
0.327028 0.357584
0.327045 0.652763
0.330108 0.122192
0.330802 0.788553
0.332093 0.481214
0.332419 0.970716
0.333005 0.815122
0.333414 0.694673
0.334453 0.149472
0.335534 0.32821
0.336463 0.929052
0.336558 0.536886
0.338314 0.0382596
0.338523 0.553113
0.338732 0.067834
0.339028 0.0391359
0.340638 0.103879
0.34139 0.750181
0.341773 0.175011
0.342222 0.718919
0.343467 0.649331
0.344135 0.882111
0.344224 0.377676
0.34863 0.416029
0.351493 0.541055
0.351742 0.731919
0.352774 0.0807176
0.353105 0.639819
0.353484 0.00956007
0.35362 0.295549
0.354466 0.51506
0.355821 0.27991
0.356005 0.382885
0.356932 0.952625
0.357338 0.771913
0.357661 0.207749
0.358311 0.129815
0.358322 0.311183
0.358907 0.153656
0.35903 0.209072
0.360062 0.563099
0.360821 0.313867
0.361065 0.411253
0.362221 0.841874
0.363152 0.495129
0.364551 0.0103866
0.36697 0.671357
0.367529 0.0656843
0.367627 0.703282
0.367984 0.705512
0.369401 0.524339
0.370107 0.384325
0.370306 0.724807
0.370607 0.798971
0.371328 0.906365
0.373126 0.130981
0.375865 0.154532
0.375921 0.0996211
0.37593 0.258583
0.376371 0.674067
0.378244 0.139304
0.378793 0.37226
0.379618 0.23409
0.379702 0.64567
0.379776 0.895541
0.380278 0.339019
0.380615 0.998024
0.384549 0.108743
0.386038 0.14731
0.386919 0.948187
0.387021 0.658202
0.390354 0.685606
0.391039 0.200935
0.393022 0.513046
0.3949 0.0817549
0.395325 0.231018
0.396299 0.598687
0.396401 0.310941
0.396717 0.618338
0.396977 0.995126
0.398658 0.239561
0.398931 0.831401
0.399469 0.876962
0.39971 0.929049
0.400363 0.908506
0.401585 0.440736
0.402747 0.974297
0.4046 0.10397
0.404799 0.450729
0.406439 0.0160624
0.408086 0.704129
0.408785 0.456135
0.409008 0.201404
0.409185 0.167035
0.409186 0.186069
0.410315 0.167863
0.410318 0.210415
0.410327 0.362411
0.410465 0.678226
0.411839 0.778091
0.414463 0.879197
0.414522 0.87385
0.415216 0.541644
0.416705 0.563525
0.417556 0.860712
0.417744 0.030979
0.417764 0.352494
0.418215 0.945982
0.418535 0.323926
0.419331 0.69905
0.419438 0.49575
0.420868 0.526445
0.421788 0.984142
0.423393 0.959227
0.424398 0.850175
0.424551 0.420269
0.424675 0.512304
0.426218 0.440259
0.426442 0.204219
0.426719 0.872303
0.4275 0.994213
0.428517 0.0803043
0.429218 0.860524
0.429685 0.718864
0.43188 0.599917
0.432962 0.7988
0.435268 0.548595
0.43742 0.712556
0.43764 0.407166
0.437687 0.208187
0.437991 0.321217
0.439997 0.0265875
0.441034 0.450418
0.441098 0.531044
0.442551 0.955319
0.442678 0.0848502
0.442897 0.777229
0.443118 0.485449
0.443348 0.349743
0.44414 0.66062
0.445668 0.345183
0.445789 0.368315
0.446979 0.369126
0.44858 0.29143
0.448655 0.547006
0.448982 0.043747
0.450753 0.812438
0.450802 0.631288
0.451609 0.187561
0.452537 0.796315
0.453696 0.271218
0.454565 0.871411
0.454874 0.0686059
0.45658 0.733779
0.457157 0.431574
0.458136 0.899781
0.458171 0.473227
0.45818 0.630568
0.459645 0.247129
0.459932 0.0709433
0.461532 0.965776
0.463029 0.1294
0.464097 0.0769867
0.464328 0.967851
0.465867 0.832929
0.466395 0.699626
0.467058 0.845315
0.469097 0.117784
0.470034 0.863821
0.474211 0.0695932
0.476831 0.0903767
0.479146 0.013486
0.480562 0.799497
0.480899 0.462306
0.483028 0.259446
0.483517 0.466568
0.483631 0.381931
0.484977 0.0115173
0.486005 0.283899
0.486566 0.720607
0.486696 0.9058
0.486731 0.490054
0.488064 0.887706
0.490442 0.85652
0.492052 0.923533
0.492992 0.715729
0.49368 0.287321
0.493942 0.684974
0.495132 0.678029
0.495512 0.0620767
0.498813 0.553719
0.500702 0.300603
0.500905 0.707492
0.501332 0.881909
0.501594 0.286574
0.502774 0.121224
0.503105 0.685115
0.504235 0.671143
0.50483 0.681782
0.507272 0.717956
0.508127 0.0913256
0.510678 0.971737
0.511999 0.16451
0.512443 0.633089
0.512679 0.600957
0.514305 0.916167
0.514421 0.873722
0.514755 0.485933
0.514799 0.229939
0.514835 0.838972
0.515345 0.396379
0.515647 0.479809
0.515987 0.197645
0.51897 0.32633
0.519514 0.468398
0.519905 0.0468608
0.52102 0.787446
0.521696 0.146326
0.525494 0.975485
0.526664 0.644357
0.52831 0.30788
0.528369 0.290136
0.528601 0.193616
0.52946 0.638808
0.529831 0.872848
0.530484 0.840111
0.531996 0.252262
0.532336 0.977509
0.532403 0.101799
0.534071 0.131204
0.535347 0.57224
0.536071 0.750062
0.536396 0.203656
0.536409 0.421449
0.536629 0.11987
0.53948 0.0349138
0.540552 0.0608187
0.540996 0.512728
0.541804 0.10548
0.541876 0.315922
0.542245 0.505758
0.543018 0.511329
0.543567 0.734016
0.546458 0.319678
0.546926 0.192802
0.547289 0.288495
0.547613 0.736399
0.549883 0.876684
0.551386 0.149416
0.551772 0.630244
0.552252 0.698354
0.553508 0.801768
0.555577 0.576072
0.559373 0.390064
0.559526 0.960369
0.559534 0.0847375
0.562261 0.911957
0.562575 0.197213
0.562775 0.563538
0.564144 0.563602
0.564236 0.118709
0.564256 0.453373
0.567076 0.842727
0.568345 0.174851
0.568379 0.75289
0.568996 0.112515
0.569395 0.817036
0.569408 0.0426159
0.571526 0.633257
0.571884 0.654717
0.572023 0.986083
0.574358 0.233704
0.575786 0.231787
0.577244 0.74248
0.577741 0.0954546
0.580977 0.484863
0.581603 0.00827697
0.583355 0.43955
0.584238 0.285742
0.586024 0.306004
0.586487 0.0887098
0.58882 0.292794
0.5892 0.689747
0.589969 0.608148
0.592236 0.713425
0.592255 0.0367634
0.596798 0.384709
0.596873 0.646187
0.597878 0.534576
0.598244 0.683528
0.598475 0.564726
0.598992 0.253178
0.600849 0.471148
0.602238 0.821723
0.602752 0.460164
0.603645 0.453915
0.603823 0.452393
0.604655 0.43118
0.605376 0.553772
0.605969 0.523299
0.608334 0.267026
0.609153 0.0376249
0.609763 0.292352
0.610646 0.130843
0.61134 0.798778
0.611773 0.0742176
0.613008 0.824098
0.613275 0.310267
0.616506 0.623149
0.61735 0.807066
0.619793 0.86704
0.620219 0.0179229
0.620369 0.539008
0.620922 0.838441
0.623129 0.921359
0.62395 0.724789
0.624809 0.158023
0.626198 0.503276
0.626541 0.278503
0.627417 0.996984
0.627607 0.182629
0.628421 0.871059
0.629156 0.222157
0.629282 0.34643
0.629847 0.846171
0.630906 0.645322
0.631032 0.760938
0.631738 0.61464
0.632253 0.271191
0.632407 0.868482
0.63284 0.147318
0.633362 0.910457
0.634345 0.4293
0.634421 0.71342
0.634944 0.500554
0.6354 0.175898
0.635516 0.116517
0.636914 0.611778
0.636918 0.686755
0.637082 0.439109
0.637109 0.898188
0.637683 0.53597
0.638282 0.608296
0.64083 0.421698
0.641293 0.211275
0.643701 0.682307
0.643788 0.14857
0.647925 0.676892
0.648229 0.784592
0.648409 0.804905
0.648462 0.699545
0.648662 0.05802
0.650302 0.627055
0.650497 0.898846
0.651312 0.595673
0.652204 0.589337
0.652299 0.181087
0.652752 0.79706
0.653539 0.0293064
0.653638 0.697192
0.656188 0.548841
0.65622 0.0845089
0.656506 0.89476
0.656638 0.113168
0.656708 0.297571
0.657784 0.374888
0.65841 0.904986
0.658431 0.256351
0.6587 0.76988
0.66111 0.284012
0.66361 0.294131
0.663655 0.0434433
0.663702 0.83692
0.664377 0.179661
0.66455 0.0972376
0.664704 0.675322
0.665795 0.00953884
0.667056 0.20647
0.667595 0.276848
0.6678 0.72085
0.668023 0.45654
0.669149 0.387721
0.669359 0.919895
0.670378 0.0396782
0.67244 0.695593
0.673745 0.638275
0.673758 0.854415
0.675066 0.84069
0.675897 0.799348
0.676081 0.892056
0.676825 0.39162
0.677642 0.134091
0.67776 0.116996
0.678608 0.358358
0.678908 0.407321
0.67943 0.187451
0.680097 0.385568
0.681506 0.0684671
0.682283 0.122303
0.684525 0.820132
0.685813 0.460121
0.685921 0.270478
0.687878 0.162313
0.688028 0.684501
0.688876 0.939982
0.689392 0.610871
0.69276 0.220362
0.693684 0.739481
0.695261 0.248928
0.695638 0.586142
0.700149 0.410857
0.700453 0.521155
0.701821 0.504173
0.701984 0.245476
0.703573 0.946121
0.703893 0.335249
0.704833 0.120253
0.706123 0.810949
0.706986 0.307866
0.707095 0.145412
0.709658 0.228447
0.710791 0.258225
0.71097 0.280808
0.711808 0.358419
0.712428 0.785436
0.713396 0.0518639
0.714807 0.760073
0.715441 0.416129
0.716361 0.876886
0.717341 0.358297
0.718118 0.402084
0.718836 0.476763
0.721073 0.0702734
0.721107 0.639963
0.721237 0.832653
0.722022 0.019733
0.722629 0.222736
0.722742 0.119276
0.722886 0.544942
0.722946 0.548846
0.723786 0.679309
0.724604 0.421905
0.726905 0.0916351
0.727204 0.114638
0.728018 0.798145
0.728539 0.55784
0.72931 0.515263
0.733325 0.992074
0.736088 0.428928
0.737392 0.351356
0.737619 0.16718
0.739084 0.776588
0.741684 0.488136
0.742108 0.615172
0.744409 0.28131
0.749474 0.407422
0.750772 0.2327
0.751539 0.122754
0.752224 0.630538
0.757171 0.778417
0.757361 0.96983
0.757539 0.956381
0.75786 0.348373
0.758991 0.360299
0.759152 0.0610305
0.759433 0.786436
0.763608 0.956003
0.764108 0.368693
0.765512 0.964351
0.7658 0.803473
0.765896 0.419728
0.766706 0.0316939
0.766786 0.373908
0.767488 0.175056
0.767641 0.741964
0.768571 0.366762
0.770581 0.157832
0.770625 0.895851
0.772165 0.78267
0.773459 0.522203
0.777672 0.337243
0.780294 0.405759
0.780354 0.404201
0.781189 0.438383
0.781428 0.468016
0.781581 0.0391901
0.782111 0.942703
0.7829 0.195172
0.785038 0.134486
0.786724 0.463086
0.790257 0.845459
0.791023 0.724634
0.792701 0.928529
0.794203 0.177969
0.794856 0.152464
0.795149 0.0679874
0.795257 0.885482
0.795349 0.435705
0.79537 0.790021
0.795536 0.568718
0.796605 0.539189
0.79678 0.478946
0.797078 0.491524
0.7971 0.862165
0.797883 0.0117647
0.798971 0.310873
0.79962 0.207597
0.800886 0.489037
0.801615 0.746696
0.802464 0.0117491
0.803449 0.575031
0.803879 0.790552
0.804322 0.239933
0.80472 0.931346
0.805671 0.906632
0.806275 0.0600237
0.807346 0.0608138
0.809217 0.50794
0.8094 0.589722
0.810071 0.859999
0.811752 0.112668
0.812094 0.862607
0.812804 0.799863
0.813551 0.352897
0.8139 0.218409
0.814161 0.598304
0.814988 0.50566
0.816267 0.996486
0.817846 0.544846
0.817871 0.950213
0.818153 0.698361
0.818894 0.154216
0.819008 0.0597019
0.820571 0.330875
0.824169 0.810904
0.824273 0.557304
0.824504 0.439566
0.824532 0.914181
0.82575 0.379808
0.825811 0.398942
0.826209 0.0973513
0.827219 0.066853
0.827447 0.898283
0.827628 0.949237
0.827957 0.467101
0.828876 0.925237
0.829018 0.309916
0.830385 0.283323
0.830663 0.953646
0.831482 0.725685
0.831532 0.556532
0.83183 0.563914
0.832275 0.0409137
0.832691 0.0325616
0.833183 0.298577
0.83383 0.188766
0.834427 0.214369
0.834819 0.80785
0.83493 0.665361
0.837661 0.566758
0.83814 0.616868
0.84138 0.0711093
0.842822 0.301783
0.842976 0.893892
0.843392 0.891081
0.844665 0.283992
0.845539 0.980051
0.847152 0.0863209
0.85144 0.155098
0.851457 0.433458
0.852116 0.515315
0.852781 0.693288
0.852939 0.340675
0.854129 0.33823
0.855178 0.977153
0.856688 0.35547
0.856749 0.374236
0.857628 0.150484
0.861715 0.847191
0.861974 0.203685
0.864247 0.402472
0.866093 0.421754
0.86643 0.0844686
0.870984 0.624865
0.872285 0.494151
0.873014 0.742709
0.874536 0.334036
0.874675 0.664079
0.877785 0.925975
0.877792 0.0440671
0.877934 0.441996
0.878154 0.140339
0.879838 0.43203
0.880803 0.647931
0.88164 0.717089
0.881796 0.350232
0.883393 0.181413
0.885529 0.083309
0.888622 0.063197
0.88891 0.911312
0.889182 0.485707
0.889389 0.957031
0.890282 0.965878
0.890986 0.795068
0.893657 0.690996
0.894315 0.754304
0.894415 0.434391
0.895939 0.0419503
0.896851 0.382111
0.896996 0.812317
0.898121 0.725442
0.898239 0.706954
0.898985 0.239577
0.899103 0.219124
0.899163 0.224343
0.89967 0.754475
0.901093 0.667884
0.901152 0.658686
0.901974 0.47604
0.904934 0.229153
0.905048 0.134616
0.905149 0.843778
0.905161 0.0433579
0.90561 0.58772
0.905832 0.311952
0.906471 0.0641939
0.906881 0.95424
0.907887 0.855331
0.908054 0.658478
0.908664 0.922503
0.910122 0.418108
0.910145 0.798516
0.912835 0.0239816
0.912884 0.837971
0.915402 0.162201
0.915846 0.62419
0.916273 0.797105
0.917327 0.50774
0.91876 0.593431
0.919276 0.274189
0.919398 0.330215
0.920481 0.518658
0.921859 0.685118
0.923442 0.287503
0.924182 0.719268
0.925347 0.30759
0.926757 0.00326139
0.927261 0.482436
0.927992 0.758589
0.92805 0.730303
0.928898 0.992296
0.929655 0.719217
0.931385 0.791518
0.932172 0.0208992
0.933058 0.904861
0.935118 0.533235
0.936584 0.172868
0.937417 0.164757
0.937572 0.775775
0.938035 0.555045
0.938785 0.160962
0.941392 0.977031
0.942705 0.0476978
0.945594 0.599519
0.946306 0.573144
0.946877 0.155265
0.947138 0.552808
0.9473 0.275782
0.947636 0.919173
0.948149 0.548035
0.948307 0.187071
0.950004 0.717857
0.950865 0.191796
0.951425 0.606801
0.952875 0.971165
0.953215 0.680079
0.95328 0.781664
0.953578 0.785578
0.955183 0.761445
0.95519 0.885305
0.956078 0.80933
0.956914 0.846581
0.960349 0.584892
0.960434 0.0118273
0.960582 0.502092
0.961187 0.664883
0.962045 0.0940781
0.962063 0.394924
0.963917 0.558939
0.963968 0.417562
0.965637 0.464726
0.96928 0.68632
0.969985 0.538941
0.973893 0.21647
0.974309 0.208267
0.974585 0.843285
0.975326 0.306817
0.977085 0.866748
0.977821 0.24412
0.979073 0.287833
0.979716 0.0935528
0.980087 0.321042
0.980807 0.421243
0.981586 0.518022
0.982622 0.935865
0.983225 0.0566675
0.983561 0.70758
0.983635 0.948615
0.983786 0.488342
0.984151 0.632152
0.984307 0.24785
0.986105 0.472818
0.987744 0.0131308
0.987845 0.712134
0.989275 0.751062
0.989362 0.208848
0.989526 0.959269
0.989605 0.288429
0.989631 0.727997
0.992765 0.405379
0.992997 0.29737
0.993137 0.649374
0.994123 0.217555
0.996108 0.580913
0.997821 0.374486
0.998574 0.0316346
0.998675 0.722858
