0.000902202 0.163309
0.00100938 0.964728
0.00661545 0.185902
0.00748775 0.846703
0.00812679 0.586892
0.0106505 0.00250284
0.0117622 0.686637
0.0123512 0.586814
0.0126749 0.0269388
0.0130901 0.00523488
0.0154395 0.491663
0.01889 0.484409
0.0193658 0.480963
0.0201148 0.0692474
0.0219265 0.518864
0.0243486 0.226581
0.024946 0.266748
0.0258273 0.0795767
0.0307426 0.690567
0.03102 0.352406
0.0321314 0.0329872
0.0321765 0.789844
0.0333361 0.279664
0.0337747 0.650757
0.0357933 0.577638
0.0398065 0.0281132
0.0439937 0.401542
0.0461028 0.849994
0.0498995 0.660096
0.0522722 0.538743
0.0548915 0.560825
0.0551382 0.707212
0.0553799 0.770272
0.0564426 0.630125
0.060253 0.672561
0.0627499 0.637608
0.0652165 0.0929386
0.0657931 0.785263
0.0672373 0.0577533
0.0676175 0.447334
0.0681069 0.672692
0.0686728 0.184384
0.0696096 0.929145
0.069915 0.0615758
0.0726031 0.240959
0.0726592 0.18291
0.073062 0.952923
0.0740503 0.563789
0.0741893 0.90032
0.074752 0.357016
0.0798463 0.976157
0.0812434 0.458599
0.0812818 0.103367
0.0820702 0.354545
0.0838064 0.533316
0.0845584 0.173645
0.0857534 0.257126
0.0861156 0.344101
0.0867808 0.524429
0.0870872 0.674274
0.0907641 0.472162
0.0917712 0.398674
0.0934096 0.935644
0.0942886 0.707799
0.0951468 0.132377
0.096353 0.405373
0.0998555 0.271386
0.102509 0.868597
0.104656 0.961339
0.106442 0.963867
0.113471 0.10972
0.115431 0.0559479
0.115935 0.517357
0.117057 0.369476
0.119197 0.342866
0.120432 0.0950315
0.123187 0.411242
0.123366 0.418885
0.123588 0.142452
0.124471 0.983173
0.124502 0.501615
0.12693 0.306606
0.131545 0.882526
0.132516 0.193673
0.134409 0.00539094
0.134813 0.802436
0.135248 0.118409
0.135639 0.677501
0.138547 0.562083
0.139506 0.681203
0.142676 0.950564
0.143938 0.166356
0.144925 0.761608
0.1465 0.229951
0.148149 0.933334
0.148618 0.829076
0.149421 0.325141
0.151084 0.262587
0.152049 0.486791
0.155733 0.412977
0.159964 0.511089
0.165624 0.641562
0.166817 0.693416
0.167544 0.904298
0.168387 0.0805605
0.170031 0.70604
0.170527 0.0419994
0.171387 0.496129
0.173826 0.499503
0.175141 0.596083
0.176477 0.0537869
0.178257 0.970702
0.178998 0.423668
0.18371 0.607938
0.184053 0.377294
0.184415 0.468323
0.184809 0.079022
0.185 0.286839
0.185347 0.127941
0.185477 0.317281
0.185617 0.658485
0.188819 0.485717
0.189391 0.096561
0.190723 0.477903
0.191148 0.627957
0.192279 0.630366
0.193435 0.055508
0.193887 0.654482
0.196146 0.627705
0.196939 0.952592
0.197197 0.288431
0.198039 0.433991
0.198436 0.117914
0.199387 0.0983896
0.201542 0.309114
0.20314 0.171013
0.204308 0.79889
0.204752 0.265379
0.204799 0.0645221
0.205244 0.529164
0.206323 0.662987
0.206455 0.892422
0.206528 0.122289
0.212158 0.743047
0.212179 0.099671
0.212821 0.888352
0.212884 0.934714
0.216132 0.531834
0.216175 0.247219
0.219551 0.99328
0.220096 0.156847
0.222254 0.415829
0.224146 0.224831
0.226064 0.456199
0.228019 0.31143
0.229552 0.0814099
0.22995 0.765857
0.231773 0.415711
0.235804 0.149603
0.236011 0.643443
0.236531 0.376928
0.238595 0.0619485
0.24135 0.366075
0.241667 0.695128
0.242843 0.463066
0.243622 0.555501
0.244262 0.308362
0.246639 0.254604
0.251184 0.641275
0.25307 0.352933
0.253959 0.293151
0.256612 0.882669
0.260475 0.807583
0.262761 0.226917
0.263057 0.200285
0.267105 0.233089
0.270963 0.0777672
0.271644 0.51754
0.273215 0.917347
0.276965 0.946644
0.278278 0.0232585
0.278694 0.0156733
0.279087 0.609609
0.279655 0.160831
0.281117 0.727883
0.281521 0.527471
0.281911 0.0723588
0.282521 0.326045
0.283087 0.845892
0.285362 0.0794355
0.28563 0.58996
0.285909 0.268157
0.292114 0.556695
0.293103 0.179371
0.293702 0.253998
0.295116 0.0153871
0.296105 0.638016
0.297858 0.0928543
0.299455 0.945393
0.300143 0.497999
0.303671 0.790705
0.304522 0.10238
0.305002 0.171891
0.306347 0.773866
0.306881 0.750399
0.309163 0.0999602
0.313021 0.939426
0.313347 0.41473
0.314661 0.499907
0.317073 0.0410711
0.318214 0.226617
0.320241 0.28606
0.321144 0.464396
0.321743 0.542537
0.323513 0.280384
0.329761 0.288009
0.330736 0.686687
0.332372 0.183148
0.336898 0.246128
0.338258 0.101248
0.343399 0.503386
0.34643 0.443713
0.350349 0.322513
0.350441 0.869387
0.351704 0.0883251
0.351982 0.759486
0.352563 0.532437
0.352796 0.444174
0.35432 0.0637548
0.354758 0.423156
0.355301 0.536681
0.356536 0.305267
0.359141 0.0866104
0.361668 0.56088
0.363783 0.0941773
0.365238 0.549006
0.36764 0.93034
0.368429 0.191066
0.369579 0.513723
0.372895 0.244038
0.374084 0.228421
0.374396 0.466282
0.375216 0.260383
0.376875 0.134513
0.379291 0.750513
0.382504 0.750184
0.384248 0.0614001
0.38584 0.820774
0.387638 0.0383231
0.38829 0.995577
0.392311 0.572965
0.394293 0.876749
0.395413 0.710695
0.396412 0.504377
0.397869 0.98526
0.399488 0.188029
0.400954 0.832875
0.40609 0.162541
0.406381 0.042376
0.406914 0.0100803
0.407391 0.0241729
0.409878 0.81848
0.410286 0.671405
0.410623 0.345718
0.413494 0.593289
0.415564 0.380428
0.41574 0.3359
0.416101 0.406243
0.419685 0.645894
0.420627 0.476244
0.42093 0.578622
0.422695 0.22969
0.423485 0.51705
0.423783 0.519555
0.425479 0.0191225
0.428872 0.0460169
0.430038 0.654672
0.430746 0.54126
0.431507 0.334024
0.43411 0.084156
0.43582 0.823312
0.438812 0.118488
0.444339 0.00291028
0.445605 0.287551
0.446633 0.562078
0.447267 0.214463
0.447551 0.99531
0.448371 0.777922
0.450134 0.396816
0.450419 0.197965
0.450855 0.516794
0.45259 0.680163
0.452784 0.934704
0.456817 0.722668
0.458051 0.462007
0.458627 0.141316
0.459173 0.327024
0.46542 0.306889
0.466043 0.788072
0.4669 0.188505
0.468215 0.281086
0.468883 0.521254
0.470114 0.206622
0.470141 0.663487
0.471913 0.44751
0.472842 0.0484533
0.474666 0.703849
0.475725 0.506546
0.477272 0.515112
0.480559 0.761007
0.481362 0.250819
0.482321 0.372881
0.488519 0.53943
0.489105 0.393549
0.491208 0.739631
0.493994 0.563194
0.497324 0.52204
0.497801 0.536265
0.49793 0.715839
0.498486 0.051226
0.49866 0.976879
0.499996 0.430052
0.501956 0.379199
0.50657 0.921676
0.509164 0.512714
0.509847 0.998193
0.510111 0.440831
0.51105 0.223292
0.512029 0.679274
0.515044 0.336748
0.517683 0.698182
0.520165 0.406516
0.521892 0.44334
0.522339 0.947451
0.522576 0.930807
0.523933 0.744462
0.52413 0.0610971
0.524295 0.827867
0.527601 0.393782
0.528077 0.387096
0.531215 0.128435
0.5325 0.729026
0.533614 0.443886
0.53376 0.909459
0.533875 0.837524
0.534369 0.14336
0.534994 0.639202
0.535099 0.414285
0.537137 0.665107
0.537161 0.0709509
0.539989 0.601838
0.540288 0.617562
0.54098 0.250309
0.543857 0.611269
0.544246 0.148431
0.546956 0.68242
0.547032 0.965303
0.547175 0.37008
0.547469 0.311086
0.548109 0.0640555
0.549318 0.394904
0.553773 0.268832
0.555123 0.945518
0.559121 0.148125
0.559463 0.891396
0.564497 0.506031
0.565391 0.524301
0.566365 0.899836
0.569148 0.664623
0.569556 0.519552
0.570513 0.618355
0.572122 0.660041
0.578593 0.418462
0.580806 0.608226
0.581154 0.456034
0.581973 0.21782
0.582675 0.0131134
0.583378 0.833467
0.583597 0.507657
0.591044 0.673521
0.591968 0.199551
0.595059 0.159262
0.596434 0.271423
0.597502 0.219103
0.59797 0.0840565
0.599274 0.00574814
0.600383 0.640028
0.60266 0.905167
0.605611 0.501049
0.60573 0.497524
0.60696 0.184277
0.607482 0.947768
0.609062 0.507577
0.609257 0.785441
0.60927 0.00377317
0.610327 0.772535
0.610858 0.688217
0.61104 0.742575
0.613074 0.93628
0.615645 0.138465
0.616286 0.922356
0.616422 0.209464
0.620196 0.628866
0.62446 0.298952
0.626602 0.298928
0.626668 0.416385
0.628378 0.153733
0.628918 0.216942
0.630264 0.845206
0.630569 0.965366
0.631671 0.492933
0.631706 0.0797155
0.632157 0.660063
0.634432 0.906856
0.634523 0.435918
0.636968 0.526908
0.639638 0.38984
0.640611 0.75196
0.643088 0.386124
0.644783 0.873388
0.645309 0.704984
0.646011 0.511946
0.646593 0.288373
0.647676 0.485793
0.65094 0.347256
0.651135 0.618866
0.653226 0.76738
0.655878 0.347475
0.658807 0.562362
0.660047 0.413382
0.661629 0.00525635
0.663933 0.71595
0.666896 0.519364
0.667105 0.0339046
0.667213 0.856173
0.667339 0.959024
0.67215 0.819827
0.672795 0.665704
0.675354 0.681949
0.676081 0.899373
0.676223 0.27549
0.676492 0.801096
0.67657 0.11404
0.677875 0.0419537
0.679095 0.546321
0.679773 0.952268
0.682243 0.450182
0.685497 0.153412
0.685993 0.479448
0.687025 0.836903
0.690499 0.21952
0.695515 0.515653
0.697461 0.222621
0.698292 0.197574
0.701713 0.696164
0.706546 0.91496
0.707208 0.0452158
0.708603 0.492392
0.717446 0.114784
0.717567 0.143215
0.718041 0.120242
0.72021 0.561578
0.721833 0.85082
0.723828 0.383416
0.725494 0.380405
0.728151 0.0265155
0.729167 0.109961
0.730856 0.490693
0.731098 0.556938
0.731916 0.304026
0.732846 0.937691
0.733311 0.762331
0.735114 0.0569308
0.736435 0.257437
0.73798 0.237453
0.738322 0.977688
0.738751 0.194759
0.739257 0.690893
0.739571 0.965443
0.740171 0.0592682
0.742873 0.462635
0.744799 0.829868
0.745672 0.508928
0.746447 0.527467
0.748635 0.301221
0.748941 0.450635
0.753299 0.701663
0.754556 0.828266
0.758483 0.818381
0.760701 0.0991184
0.760768 0.226703
0.761497 0.483587
0.764124 0.626165
0.767036 0.577882
0.768186 0.895177
0.769272 0.152414
0.771347 0.035238
0.77235 0.890999
0.774866 0.171527
0.777582 0.813057
0.779274 0.256791
0.780194 0.717807
0.781821 0.0630552
0.782042 0.779375
0.78243 0.299813
0.785947 0.418203
0.786586 0.152436
0.789557 0.0775032
0.79039 0.0844737
0.796188 0.530081
0.796463 0.148586
0.796863 0.882879
0.797182 0.242815
0.797254 0.455824
0.803594 0.00740381
0.803904 0.217027
0.80773 0.510728
0.809471 0.783916
0.814446 0.392816
0.81601 0.683578
0.817377 0.658034
0.819729 0.190613
0.823461 0.9027
0.823503 0.615166
0.82476 0.733332
0.826628 0.140575
0.827245 0.5025
0.830057 0.765169
0.833936 0.963208
0.834063 0.0939369
0.834314 0.32117
0.835128 0.998815
0.835729 0.0897754
0.8361 0.328057
0.836941 0.469062
0.837406 0.287433
0.83814 0.614418
0.838316 0.572919
0.839199 0.414164
0.841393 0.295843
0.841896 0.750889
0.841902 0.854464
0.845088 0.392527
0.847073 0.758022
0.849087 0.606654
0.849143 0.546632
0.854614 0.495545
0.85502 0.326369
0.855364 0.0991382
0.856814 0.465928
0.85749 0.836101
0.857905 0.810633
0.859568 0.765273
0.859773 0.198623
0.861223 0.574453
0.861269 0.344458
0.861641 0.59689
0.865024 0.462702
0.865133 0.29516
0.867577 0.363798
0.868607 0.681808
0.869921 0.764707
0.87053 0.995822
0.870916 0.479304
0.873113 0.409272
0.873264 0.950955
0.875777 0.185284
0.876207 0.404131
0.878416 0.536896
0.880107 0.955343
0.881018 0.277433
0.882225 0.552738
0.882564 0.259766
0.882724 0.943678
0.883519 0.306014
0.888075 0.878444
0.889325 0.88751
0.89076 0.00460821
0.893243 0.739748
0.893965 0.867693
0.894951 0.441618
0.896203 0.49074
0.896316 0.388846
0.900481 0.383408
0.901215 0.72715
0.902071 0.0999799
0.903989 0.341099
0.904878 0.292744
0.906062 0.179055
0.906064 0.214227
0.906604 0.2928
0.907673 0.25326
0.908151 0.291685
0.908328 0.269094
0.909441 0.974532
0.910633 0.0132379
0.911206 0.639109
0.913055 0.71143
0.91542 0.46847
0.916807 0.777339
0.922398 0.745784
0.922679 0.47007
0.925064 0.553063
0.931012 0.525233
0.931775 0.340725
0.931914 0.679393
0.932112 0.0118298
0.932146 0.576588
0.934916 0.141905
0.93544 0.934345
0.936857 0.761719
0.937681 0.597886
0.940955 0.633189
0.941143 0.796114
0.941903 0.563192
0.943527 0.850306
0.944034 0.383866
0.944258 0.14111
0.944697 0.519788
0.945742 0.0930468
0.948195 0.308789
0.94902 0.172764
0.949803 0.331638
0.949918 0.271411
0.950523 0.442897
0.951061 0.475944
0.952504 0.726153
0.952657 0.311116
0.95466 0.964175
0.955703 0.493403
0.958649 0.0203742
0.960021 0.0685542
0.96182 0.317237
0.967099 0.0365203
0.968027 0.633425
0.970068 0.935361
0.972659 0.480763
0.97727 0.971946
0.980016 0.121823
0.980059 0.85549
0.982077 0.768823
0.982168 0.304607
0.98265 0.400579
0.986268 0.204166
0.987389 0.0428867
0.990392 0.520957
0.990652 0.885606
0.995344 0.746857
0.996012 0.976202
0.996695 0.450294
