0.00139887 0.510789
0.00235952 0.656503
0.00289026 0.576576
0.00454234 0.343156
0.00514386 0.452892
0.0055818 0.813248
0.00730874 0.837918
0.00795489 0.697827
0.00967006 0.524638
0.0107389 0.488323
0.0115044 0.354014
0.0116853 0.395004
0.0120065 0.792718
0.0139137 0.847312
0.015601 0.206035
0.0157433 0.597805
0.0160984 0.565396
0.016281 0.634765
0.0163123 0.161073
0.0176081 0.939761
0.0196115 0.610883
0.0203167 0.462753
0.0206656 0.327404
0.0211351 0.218192
0.0213169 0.273176
0.0248143 0.0534747
0.0275606 0.21081
0.0276498 0.710295
0.0278204 0.577862
0.0290559 0.342777
0.0290976 0.0431193
0.0294657 0.22977
0.0304826 0.320878
0.0311266 0.144841
0.0324887 0.0368533
0.0327363 0.198611
0.0330105 0.806942
0.033145 0.0673382
0.0338925 0.631431
0.0348766 0.170702
0.0351065 0.0345178
0.0401535 0.86048
0.0413816 0.500158
0.0414626 0.862556
0.0436228 0.167581
0.0458533 0.655811
0.0460384 0.766785
0.0462078 0.615169
0.0464264 0.288968
0.0466991 0.871957
0.0475916 0.872219
0.047664 0.0891254
0.0478175 0.669205
0.048179 0.744182
0.0498775 0.290426
0.0503453 0.153962
0.0507633 0.178677
0.0520765 0.249351
0.0523542 0.917804
0.0525354 0.962801
0.0527635 0.796165
0.052926 0.527685
0.0536028 0.902287
0.053802 0.250502
0.0538255 0.645577
0.0539405 0.577188
0.0550221 0.756239
0.0580244 0.216489
0.0580483 0.618623
0.0582785 0.487104
0.0587153 0.828348
0.0589836 0.337894
0.0596771 0.993213
0.0598932 0.625611
0.0601355 0.696825
0.0609164 0.822085
0.0613823 0.652892
0.0616137 0.541454
0.0619741 0.597945
0.0619874 0.821818
0.0642175 0.303858
0.0643068 0.804799
0.0643609 0.713832
0.0645174 0.344768
0.0647335 0.976391
0.0654693 0.34225
0.0655199 0.193376
0.0659235 0.977053
0.0664905 0.506175
0.0671373 0.376618
0.0678927 0.0722489
0.0686563 0.906845
0.0701504 0.017375
0.0704076 0.340638
0.0708498 0.771799
0.071338 0.977058
0.0722296 0.963554
0.0726381 0.828328
0.0730058 0.00929739
0.0733112 0.142175
0.0739461 0.811512
0.0751493 0.0344116
0.0756957 0.21828
0.0765541 0.644768
0.0777359 0.507741
0.0784736 0.905891
0.0786302 0.537242
0.0792841 0.527585
0.0798554 0.129859
0.0829761 0.579643
0.083108 0.796775
0.083152 0.536179
0.083901 0.123626
0.0845399 0.861514
0.0852539 0.861772
0.0860223 0.777113
0.0877156 0.235294
0.0882985 0.0334467
0.0890328 0.37477
0.0891399 0.175085
0.0893718 0.0714513
0.0901075 0.437443
0.0906693 0.879559
0.0907481 0.202974
0.0917006 0.212478
0.0925492 0.475081
0.0931087 0.878002
0.0934988 0.433502
0.0938659 0.604891
0.0942357 0.818825
0.0945293 0.75429
0.0966945 0.144168
0.0973145 0.565605
0.0985742 0.736114
0.0986016 0.197228
0.0998987 0.997258
0.100874 0.386341
0.101074 0.745622
0.101425 0.649921
0.102569 0.873425
0.102979 0.766053
0.103961 0.279787
0.104576 0.611134
0.104674 0.253114
0.104695 0.601372
0.10564 0.486608
0.107085 0.770463
0.10758 0.102274
0.108051 0.00900478
0.109195 0.246369
0.109555 0.283904
0.109658 0.0146041
0.110777 0.832718
0.111153 0.156134
0.113031 0.711429
0.113224 0.955428
0.113856 0.575772
0.113945 0.0797183
0.114285 0.787716
0.115081 0.164907
0.115841 0.947661
0.117143 0.824727
0.117222 0.152666
0.117471 0.331352
0.118709 0.133826
0.118735 0.586714
0.119062 0.0797691
0.119679 0.440152
0.120183 0.909865
0.120692 0.476773
0.120781 0.964026
0.121069 0.810575
0.121127 0.785483
0.121645 0.487451
0.122169 0.301367
0.123797 0.650614
0.125322 0.286896
0.126208 0.182974
0.12806 0.296861
0.128221 0.00447955
0.12831 0.50643
0.12852 0.0285469
0.129819 0.862841
0.131289 0.576175
0.13137 0.942949
0.131461 0.458979
0.13167 0.972597
0.133663 0.479373
0.133782 0.474236
0.135016 0.209709
0.136441 0.163587
0.136886 0.646223
0.137796 0.933697
0.138708 0.266391
0.13978 0.2871
0.139832 0.155795
0.139946 0.0654451
0.14003 0.49137
0.140377 0.318196
0.140569 0.542426
0.140712 0.94552
0.140901 0.128105
0.141494 0.0848984
0.141676 0.145525
0.141738 0.188475
0.141988 0.390179
0.142343 0.367138
0.142894 0.621585
0.143423 0.505477
0.144197 0.51489
0.144936 0.942382
0.145272 0.580866
0.147041 0.312726
0.147129 0.789492
0.148366 0.591175
0.149121 0.268986
0.149291 0.139158
0.149367 0.413604
0.149418 0.263962
0.149562 0.695224
0.149826 0.121544
0.150937 0.793501
0.15122 0.557623
0.151927 0.441573
0.152278 0.342922
0.152433 0.937144
0.152803 0.161056
0.153199 0.811944
0.154831 0.24275
0.154875 0.981551
0.154904 0.474832
0.155089 0.587551
0.155395 0.724162
0.156287 0.713944
0.157632 0.318862
0.160438 0.474333
0.160439 0.495895
0.160912 0.453849
0.162348 0.575322
0.163211 0.0828511
0.163567 0.0710332
0.163649 0.45461
0.164964 0.54647
0.165621 0.585643
0.167365 0.898581
0.168268 0.0827545
0.169502 0.820833
0.17085 0.481287
0.170972 0.531177
0.171266 0.468223
0.17301 0.779025
0.174056 0.350969
0.175015 0.48258
0.175098 0.879649
0.17642 0.0913626
0.178369 0.845164
0.178677 0.0216108
0.179351 0.348418
0.179523 0.242304
0.179624 0.944711
0.182068 0.0135839
0.18271 0.80016
0.183922 0.177138
0.184308 0.659766
0.184468 0.358541
0.18649 0.34552
0.186492 0.371065
0.188511 0.304355
0.188771 0.681996
0.188881 0.517193
0.189 0.523436
0.189132 0.743722
0.189529 0.413965
0.190459 0.0520365
0.190948 0.264011
0.19128 0.844157
0.193021 0.106021
0.194137 0.8642
0.194979 0.00936066
0.195081 0.721747
0.195943 0.214281
0.197155 0.588018
0.198126 0.904989
0.198363 0.879438
0.198484 0.921862
0.198583 0.586132
0.198768 0.688403
0.199063 0.6464
0.201453 0.82356
0.20286 0.470191
0.20443 0.848366
0.204652 0.580237
0.205104 0.176973
0.205195 0.705087
0.205915 0.817012
0.206957 0.319066
0.20799 0.681021
0.208574 0.507779
0.209747 0.226066
0.20992 0.12277
0.209959 0.77923
0.210458 0.167853
0.210733 0.796767
0.212142 0.47173
0.212155 0.693169
0.21228 0.79761
0.212686 0.605886
0.212726 0.284784
0.213446 0.387074
0.213686 0.412794
0.213686 0.41461
0.213809 0.479966
0.214203 0.10775
0.214605 0.874538
0.215216 0.127927
0.215228 0.344365
0.217838 0.206383
0.217973 0.467633
0.218005 0.00870088
0.218271 0.477941
0.219208 0.231718
0.219841 0.867363
0.220688 0.100186
0.221079 0.675933
0.22169 0.951901
0.222157 0.795269
0.222201 0.531629
0.222612 0.442634
0.223526 0.800968
0.225481 0.665912
0.225987 0.167172
0.226287 0.199348
0.226395 0.0184855
0.227762 0.993818
0.228263 0.413363
0.229668 0.025887
0.230564 0.0881338
0.232006 0.317759
0.232062 0.266957
0.235006 0.750163
0.235645 0.487957
0.235757 0.360682
0.236185 0.553898
0.236347 0.285598
0.236881 0.256096
0.237912 0.582903
0.237921 0.739767
0.238245 0.181387
0.239679 0.286166
0.240865 0.211742
0.242181 0.332184
0.243528 0.968392
0.24531 0.931795
0.24584 0.830025
0.246181 0.557002
0.246519 0.245849
0.246546 0.70071
0.246891 0.500347
0.250647 0.620336
0.25122 0.252147
0.253354 0.128325
0.253925 0.719415
0.253959 0.297095
0.254091 0.500375
0.254674 0.305923
0.255595 0.78674
0.255621 0.224688
0.256566 0.106199
0.256795 0.959074
0.257286 0.212465
0.261234 0.557302
0.261392 0.216295
0.262057 0.398619
0.262145 0.876277
0.262478 0.466113
0.263512 0.849003
0.263519 0.965773
0.264573 0.682207
0.264861 0.514615
0.264876 0.773495
0.26838 0.655544
0.268832 0.263323
0.269559 0.478846
0.270634 0.538122
0.270691 0.497627
0.271845 0.907031
0.27186 0.143755
0.272093 0.0709801
0.272744 0.00224225
0.273523 0.107772
0.274155 0.720438
0.274624 0.599885
0.274636 0.804068
0.275244 0.0223788
0.275371 0.160488
0.276515 0.389314
0.277456 0.196154
0.279313 0.412128
0.279486 0.317832
0.279987 0.746691
0.280374 0.23814
0.281093 0.323792
0.282434 0.867969
0.283722 0.516787
0.283755 0.0772328
0.283759 0.143655
0.283859 0.817504
0.284979 0.649893
0.28675 0.415078
0.286955 0.852811
0.287444 0.0703498
0.287888 0.531322
0.288056 0.352869
0.288296 0.39684
0.28889 0.367415
0.289933 0.906598
0.291296 0.805412
0.291391 0.413277
0.291514 0.468794
0.292366 0.78781
0.292817 0.375467
0.29314 0.802639
0.293418 0.483067
0.293927 0.0388065
0.293994 0.159942
0.296071 0.0630755
0.296407 0.712751
0.296475 0.857835
0.297499 0.0709875
0.298614 0.81101
0.300397 0.770312
0.300433 0.373725
0.30077 0.0349762
0.300957 0.1785
0.301705 0.758966
0.30179 0.182755
0.30203 0.223971
0.302723 0.869953
0.302899 0.830152
0.304521 0.089028
0.304614 0.651633
0.304703 0.145092
0.305096 0.750798
0.305749 0.718805
0.305923 0.64863
0.306598 0.98961
0.307443 0.198642
0.307634 0.398923
0.309013 0.5848
0.309022 0.727083
0.309917 0.779492
0.310438 0.535431
0.311558 0.361739
0.313141 0.96039
0.314333 0.00251657
0.31505 0.0464849
0.315407 0.0397307
0.31557 0.789518
0.315754 0.874219
0.319667 0.648333
0.320613 0.545504
0.322115 0.78344
0.323327 0.15436
0.323497 0.0161972
0.323737 0.0488122
0.32439 0.0146356
0.324421 0.547525
0.324665 0.648879
0.328808 0.281245
0.329148 0.991426
0.329311 0.724974
0.331031 0.632874
0.332727 0.142921
0.333302 0.809167
0.33416 0.219689
0.334869 0.138193
0.336065 0.250162
0.336199 0.493763
0.336405 0.953268
0.336881 0.950534
0.337532 0.89273
0.337784 0.14212
0.339674 0.893833
0.340363 0.481813
0.34045 0.94615
0.3418 0.631164
0.341873 0.865969
0.343164 0.55845
0.343378 0.157366
0.3438 0.242555
0.344527 0.473323
0.345822 0.231444
0.347801 0.486986
0.349351 0.550768
0.349642 0.438406
0.350777 0.512379
0.35085 0.740775
0.351356 0.239437
0.35147 0.159621
0.351622 0.704748
0.352565 0.562389
0.352916 0.461663
0.352975 0.449782
0.353425 0.0130519
0.353935 0.581345
0.354487 0.858497
0.356182 0.346395
0.35648 0.357509
0.35752 0.837908
0.358871 0.544687
0.359929 0.31852
0.360168 0.336187
0.360542 0.625966
0.361191 0.540511
0.361281 0.0557661
0.361488 0.536614
0.361767 0.22547
0.363357 0.933089
0.363404 0.726964
0.363439 0.311531
0.363901 0.078201
0.36413 0.933197
0.364763 0.564724
0.365111 0.423826
0.365249 0.733059
0.365808 0.142265
0.367137 0.468619
0.3682 0.344046
0.369612 0.0759611
0.369845 0.980646
0.370538 0.624585
0.372166 0.000935534
0.372352 0.11918
0.372566 0.715585
0.372761 0.994199
0.37473 0.0808016
0.375761 0.422557
0.376089 0.920714
0.376488 0.632076
0.376571 0.0242856
0.377161 0.941031
0.378366 0.202265
0.379033 0.403881
0.379151 0.390644
0.379283 0.606594
0.380349 0.519447
0.380377 0.988364
0.381215 0.0855961
0.381494 0.770375
0.381853 0.798315
0.383236 0.0533457
0.383379 0.446501
0.383428 0.278639
0.383668 0.304884
0.383935 0.799599
0.384499 0.266829
0.386706 0.365486
0.387227 0.121769
0.388273 0.696429
0.389483 0.0346586
0.389891 0.897062
0.391101 0.238547
0.392249 0.528066
0.392343 0.111458
0.393944 0.00891249
0.394048 0.765666
0.394132 0.183875
0.39437 0.171653
0.395493 0.0569634
0.397006 0.473223
0.397591 0.312792
0.397821 0.184889
0.398098 0.82656
0.39858 0.94252
0.399408 0.850025
0.400867 0.37339
0.401939 0.389081
0.402553 0.707367
0.403981 0.710285
0.404057 0.989419
0.407501 0.875939
0.410076 0.144006
0.410212 0.437742
0.410314 0.152187
0.410422 0.955969
0.410562 0.320503
0.410725 0.0501294
0.41255 0.72441
0.413119 0.290307
0.413284 0.0717204
0.413499 0.685374
0.413893 0.306584
0.415059 0.90404
0.418056 0.271171
0.418069 0.492415
0.418681 0.776789
0.418771 0.285251
0.418836 0.368812
0.418944 0.195651
0.420872 0.593634
0.420875 0.646118
0.421182 0.801159
0.422158 0.211663
0.423663 0.499209
0.423673 0.666537
0.424028 0.645492
0.424268 0.664747
0.424706 0.0362951
0.425027 0.434979
0.426143 0.191374
0.426154 0.37077
0.426415 0.748873
0.426509 0.342118
0.427885 0.457816
0.42819 0.589065
0.428268 0.905195
0.428986 0.965121
0.429171 0.0731678
0.429217 0.852713
0.429969 0.484645
0.430973 0.363596
0.431392 0.406491
0.432176 0.577237
0.434387 0.738545
0.435491 0.293966
0.435707 0.927992
0.436219 0.531285
0.436369 0.0527925
0.436459 0.563016
0.436475 0.835812
0.43681 0.468465
0.438414 0.419812
0.438598 0.521512
0.439111 0.145607
0.441124 0.962887
0.441842 0.040908
0.443207 0.975653
0.443347 0.333339
0.444778 0.378684
0.445382 0.53343
0.446077 0.219897
0.447035 0.309214
0.447144 0.144224
0.448199 0.881101
0.448329 0.0681563
0.449227 0.163822
0.449774 0.349287
0.449993 0.0262248
0.450448 0.672447
0.450477 0.161665
0.450728 0.380759
0.451305 0.0816847
0.45148 0.0279918
0.452043 0.49134
0.452092 0.311998
0.452481 0.848644
0.453918 0.998683
0.454512 0.981945
0.454978 0.820014
0.457868 0.380358
0.458221 0.31543
0.458952 0.598533
0.46093 0.846398
0.462395 0.473485
0.462531 0.759889
0.462785 0.0335011
0.463107 0.442469
0.464489 0.673755
0.465707 0.143553
0.465751 0.879647
0.466574 0.701352
0.46663 0.643263
0.467088 0.351384
0.467127 0.00634897
0.467219 0.543432
0.467337 0.533928
0.467592 0.815461
0.467984 0.410547
0.468718 0.748192
0.471173 0.00319123
0.471274 0.70066
0.473319 0.0774551
0.474944 0.378868
0.47619 0.328477
0.477285 0.734086
0.477902 0.0926383
0.478025 0.158354
0.478026 0.18494
0.478382 0.159011
0.478536 0.761647
0.478727 0.96566
0.478757 0.464341
0.479366 0.706225
0.480763 0.18837
0.481811 0.795118
0.482136 0.256147
0.482714 0.972866
0.483248 0.947559
0.483985 0.34175
0.484063 0.653825
0.484181 0.629514
0.485552 0.677498
0.485726 0.592946
0.485974 0.760918
0.486006 0.298637
0.487073 0.238334
0.487269 0.533416
0.487318 0.346325
0.487369 0.216218
0.487448 0.540408
0.48797 0.309245
0.488488 0.0152039
0.489423 0.735108
0.489897 0.697429
0.490099 0.0922267
0.490378 0.788901
0.491183 0.319395
0.491596 0.254583
0.491967 0.494085
0.492144 0.456828
0.492227 0.860581
0.493732 0.154405
0.494564 0.13061
0.494928 0.25454
0.495189 0.644468
0.495297 0.462988
0.495356 0.445088
0.496721 0.390711
0.497026 0.522532
0.497313 0.34219
0.497531 0.00567414
0.497598 0.128508
0.498134 0.133364
0.498447 0.400213
0.49913 0.883085
0.499759 0.452182
0.501018 0.613824
0.501953 0.317802
0.502055 0.0345313
0.502311 0.342337
0.502626 0.630521
0.503262 0.327798
0.503406 0.746459
0.506294 0.283927
0.507064 0.229814
0.507305 0.26851
0.507734 0.478145
0.507852 0.47473
0.51035 0.458459
0.510607 0.775155
0.510612 0.858937
0.51083 0.519486
0.511153 0.952348
0.512891 0.16064
0.513068 0.138104
0.514046 0.576211
0.51413 0.985881
0.514463 0.581711
0.515635 0.27061
0.516075 0.675647
0.516322 0.830564
0.518737 0.405288
0.518843 0.191281
0.519217 0.475449
0.521008 0.573982
0.521503 0.903235
0.523535 0.0491595
0.523585 0.895503
0.524575 0.527266
0.524945 0.755287
0.525628 0.235381
0.526666 0.671436
0.527624 0.782338
0.528048 0.893901
0.528443 0.54068
0.528473 0.0437671
0.528933 0.773254
0.529145 0.33541
0.529354 0.853105
0.529799 0.335701
0.530361 0.774232
0.531129 0.678521
0.53117 0.369402
0.531992 0.183719
0.532021 0.672014
0.533727 0.349771
0.53463 0.534697
0.534779 0.0271135
0.534781 0.0600781
0.534793 0.263955
0.535594 0.734068
0.53711 0.212977
0.539538 0.0134604
0.540466 0.615054
0.54239 0.949526
0.542471 0.31774
0.544109 0.843816
0.544568 0.54897
0.544583 0.812805
0.544762 0.807174
0.545998 0.583203
0.546328 0.132725
0.546859 0.0531654
0.546979 0.0723609
0.547093 0.987724
0.547586 0.279566
0.547605 0.597865
0.54781 0.034995
0.548075 0.503421
0.548089 0.729838
0.54899 0.878668
0.549456 0.701891
0.549552 0.32069
0.550023 0.242541
0.550863 0.349775
0.551553 0.948336
0.551699 0.403312
0.552916 0.855125
0.55305 0.116038
0.553434 0.566133
0.553447 0.782
0.55356 0.68754
0.554726 0.286389
0.555832 0.875949
0.556611 0.960386
0.557872 0.147722
0.558016 0.577332
0.558818 0.0559992
0.55924 0.138128
0.560135 0.192431
0.560641 0.700618
0.560731 0.202592
0.560892 0.909083
0.561856 0.110529
0.562098 0.173776
0.563155 0.954317
0.563938 0.104425
0.563998 0.117478
0.564122 0.192968
0.565936 0.692204
0.567572 0.180111
0.568208 0.86478
0.57009 0.507738
0.570121 0.0198723
0.572228 0.433129
0.572308 0.779327
0.573273 0.993099
0.573709 0.323433
0.574124 0.30255
0.574983 0.731151
0.576082 0.201883
0.57697 0.13314
0.576974 0.195735
0.577022 0.00917694
0.577097 0.270537
0.577666 0.829672
0.577829 0.571852
0.578113 0.352512
0.578847 0.677415
0.578889 0.381945
0.578933 0.120551
0.579264 0.684857
0.579448 0.78755
0.580306 0.19743
0.580621 0.503748
0.580824 0.904415
0.581089 0.368897
0.581282 0.608168
0.581388 0.391093
0.581539 0.926908
0.583826 0.359468
0.586374 0.183427
0.586452 0.496215
0.587795 0.0697645
0.587896 0.767547
0.58845 0.0839235
0.588682 0.983717
0.589126 0.448688
0.589185 0.439694
0.589482 0.423252
0.589572 0.943243
0.59013 0.322278
0.591464 0.735035
0.59263 0.333062
0.592964 0.939865
0.593286 0.3505
0.594216 0.983078
0.594741 0.815151
0.595178 0.152466
0.596021 0.332173
0.596425 0.119724
0.596937 0.723236
0.597392 0.360395
0.597679 0.195378
0.598081 0.943281
0.602163 0.558406
0.603122 0.66473
0.60357 0.200897
0.603952 0.621612
0.604582 0.213836
0.60528 0.936547
0.605724 0.396697
0.605839 0.336275
0.606882 0.859375
0.607749 0.437185
0.607989 0.46429
0.608019 0.969983
0.608458 0.359837
0.60912 0.474361
0.609318 0.814233
0.609433 0.746493
0.610822 0.0823938
0.612394 0.50417
0.614036 0.106678
0.614762 0.308309
0.616272 0.689373
0.617248 0.091729
0.617682 0.382047
0.618597 0.759485
0.61891 0.028588
0.619037 0.155185
0.61913 0.713219
0.620497 0.688614
0.622394 0.571403
0.625101 0.0667998
0.625329 0.906581
0.62535 0.251966
0.626644 0.013147
0.62778 0.0999242
0.628372 0.0454786
0.628374 0.0889071
0.629042 0.302028
0.629817 0.330835
0.631062 0.263845
0.631068 0.352228
0.63118 0.237491
0.633479 0.880135
0.633689 0.417677
0.634328 0.148435
0.635079 0.772831
0.636538 0.296047
0.636754 0.922935
0.6373 0.105763
0.638163 0.610216
0.638366 0.0223411
0.638629 0.43441
0.638767 0.75737
0.638848 0.123001
0.640246 0.621362
0.640427 0.65545
0.641198 0.606338
0.642432 0.346913
0.643215 0.512407
0.643277 0.552563
0.643809 0.49203
0.644677 0.0864243
0.645432 0.779762
0.645658 0.566222
0.646142 0.710115
0.646209 0.838333
0.649438 0.0988096
0.650973 0.907287
0.651663 0.504065
0.653788 0.207977
0.654608 0.989165
0.654986 0.351619
0.657127 0.335559
0.65727 0.743702
0.658035 0.588354
0.658337 0.672192
0.659698 0.53718
0.660626 0.136699
0.661809 0.0164206
0.661935 0.146383
0.662034 0.80947
0.662143 0.642876
0.663123 0.105988
0.663202 0.431783
0.663275 0.666095
0.663601 0.13373
0.664052 0.719767
0.664848 0.09565
0.665329 0.187051
0.665914 0.0176443
0.666438 0.826747
0.666524 0.264271
0.666889 0.405788
0.668321 0.475911
0.668414 0.0296571
0.669521 0.637116
0.670218 0.347227
0.670518 0.39817
0.671514 0.128725
0.672162 0.021411
0.672569 0.874634
0.672861 0.768987
0.673289 0.974177
0.673563 0.571277
0.67367 0.366928
0.67489 0.87747
0.675041 0.417002
0.675351 0.621616
0.67547 0.622544
0.677474 0.313225
0.67754 0.412963
0.677664 0.50395
0.678031 0.665047
0.678411 0.0491499
0.679154 0.533148
0.679547 0.148528
0.680183 0.830238
0.680499 0.140289
0.680903 0.94534
0.68206 0.378513
0.682716 0.407064
0.682986 0.942304
0.683796 0.563411
0.683858 0.598057
0.685247 0.943569
0.685313 0.0475175
0.685321 0.197291
0.685494 0.101821
0.685502 0.231316
0.686087 0.0686628
0.686103 0.329962
0.686773 0.601342
0.687103 0.140886
0.687122 0.463512
0.688564 0.691032
0.688647 0.0892129
0.690082 0.215507
0.690181 0.868459
0.690555 0.161533
0.691105 0.396289
0.692314 0.715164
0.69239 0.00249177
0.692521 0.199737
0.692697 0.153487
0.693923 0.768034
0.69409 0.570407
0.695821 0.65955
0.695891 0.835008
0.695961 0.0202488
0.696666 0.863526
0.697085 0.912838
0.698711 0.235491
0.699918 0.527843
0.701326 0.1805
0.701538 0.746311
0.70159 0.630762
0.702399 0.220563
0.702698 0.251979
0.70422 0.829728
0.704315 0.426886
0.704723 0.277331
0.705411 0.84634
0.705671 0.214214
0.707192 0.769485
0.708073 0.583839
0.711261 0.158021
0.711402 0.525576
0.711654 0.769182
0.711744 0.27471
0.711858 0.202188
0.713678 0.786058
0.71378 0.504807
0.714327 0.685232
0.714594 0.186835
0.714693 0.83974
0.715932 0.667196
0.716074 0.0544498
0.717087 0.0873529
0.717238 0.61228
0.717268 0.117269
0.719936 0.96051
0.720502 0.485562
0.720891 0.0188189
0.721643 0.655823
0.721713 0.837221
0.722115 0.593428
0.722444 0.122867
0.723218 0.129824
0.723406 0.291489
0.723528 0.33558
0.723736 0.822423
0.724099 0.937173
0.725012 0.280637
0.725332 0.661329
0.725852 0.395823
0.726927 0.46842
0.727434 0.989833
0.727782 0.839411
0.728661 0.609397
0.730006 0.213353
0.73076 0.889066
0.731027 0.366516
0.731528 0.787008
0.731866 0.476669
0.732044 0.470013
0.732984 0.269167
0.734089 0.832086
0.734441 0.756358
0.734849 0.609088
0.735637 0.852948
0.735957 0.2318
0.737281 0.475297
0.738032 0.108567
0.738158 0.220114
0.738636 0.260409
0.739482 0.470255
0.739623 0.837731
0.739656 0.399805
0.739742 0.845688
0.739876 0.0882402
0.739899 0.481773
0.740947 0.0989229
0.741083 0.37624
0.741647 0.857119
0.741764 0.82002
0.743044 0.333863
0.743327 0.104004
0.744121 0.441491
0.74504 0.892826
0.745225 0.996897
0.745495 0.541474
0.746238 0.0279376
0.747054 0.734555
0.747447 0.335707
0.748485 0.790075
0.748745 0.154145
0.749196 0.739274
0.749793 0.776828
0.750842 0.40736
0.750983 0.765101
0.751938 0.827284
0.752444 0.325734
0.752673 0.175447
0.752741 0.324977
0.752754 0.54147
0.752946 0.761621
0.753346 0.492189
0.753819 0.435046
0.754244 0.572445
0.754274 0.0898537
0.75461 0.731915
0.754655 0.491863
0.755058 0.261273
0.755182 0.338845
0.757516 0.577013
0.757852 0.212061
0.757994 0.608848
0.758138 0.0243159
0.758601 0.813056
0.760142 0.702576
0.76015 0.838489
0.760451 0.895262
0.761333 0.723415
0.761433 0.406882
0.761453 0.742907
0.76173 0.402469
0.761894 0.146692
0.762661 0.0490721
0.762744 0.434653
0.763261 0.136393
0.764466 0.386012
0.764963 0.736138
0.765498 0.731258
0.765968 0.622735
0.766305 0.295358
0.767067 0.0920507
0.767514 0.606508
0.768454 0.400771
0.769125 0.687585
0.770259 0.748081
0.770405 0.190284
0.770635 0.0596564
0.771893 0.199071
0.772415 0.986816
0.77378 0.925795
0.773931 0.463104
0.775074 0.665163
0.77536 0.478662
0.775406 0.252713
0.776479 0.276153
0.777507 0.563124
0.779222 0.388745
0.780243 0.536727
0.780564 0.934214
0.781103 0.990763
0.781123 0.330021
0.781485 0.413262
0.782907 0.322765
0.783357 0.877927
0.784848 0.940474
0.785715 0.50343
0.787146 0.567457
0.787336 0.763347
0.787411 0.0234314
0.788096 0.535277
0.788534 0.89579
0.789769 0.644504
0.791566 0.854313
0.792294 0.0777477
0.793425 0.0990416
0.794041 0.453453
0.794265 0.217467
0.794648 0.648794
0.796196 0.665493
0.796421 0.447061
0.796931 0.0239714
0.797516 0.850643
0.800008 0.734585
0.800012 0.79675
0.800552 0.878273
0.801323 0.842482
0.801534 0.381253
0.80165 0.332226
0.802622 0.676424
0.803253 0.270127
0.804761 0.609602
0.804789 0.0898438
0.80546 0.362727
0.805994 0.342687
0.806388 0.964938
0.807427 0.432589
0.808281 0.774019
0.810323 0.104489
0.811391 0.04504
0.811486 0.637377
0.81167 0.742638
0.812248 0.453167
0.81251 0.850858
0.814489 0.119228
0.815944 0.570222
0.817003 0.367754
0.817254 0.579647
0.817355 0.283377
0.818588 0.0121268
0.818763 0.95852
0.8198 0.373561
0.822603 0.494534
0.822731 0.639891
0.822977 0.770296
0.823502 0.598887
0.824047 0.758102
0.824293 0.8912
0.824512 0.571746
0.825177 0.750846
0.826074 0.821193
0.826315 0.881067
0.826863 0.0818797
0.827128 0.538347
0.828638 0.917424
0.829396 0.656929
0.829611 0.275451
0.829861 0.468225
0.829874 0.696755
0.830578 0.524919
0.831898 0.714703
0.831941 0.432968
0.832836 0.473763
0.834118 0.022426
0.834463 0.823613
0.834629 0.60955
0.835353 0.779374
0.836081 0.0133508
0.836161 0.360621
0.836231 0.526547
0.836658 0.712617
0.838673 0.575368
0.83942 0.124959
0.840388 0.393876
0.840594 0.855432
0.840709 0.792622
0.84177 0.632127
0.844073 0.328483
0.84414 0.459659
0.845435 0.23146
0.847046 0.305869
0.847795 0.884394
0.848127 0.464219
0.849031 0.667646
0.850702 0.755484
0.85288 0.354654
0.852908 0.826232
0.852988 0.176023
0.854241 0.234614
0.854499 0.56298
0.854839 0.284792
0.854841 0.306212
0.854909 0.454341
0.854987 0.773647
0.857401 0.340036
0.857695 0.279461
0.857705 0.454529
0.85957 0.788009
0.85995 0.172542
0.86012 0.03884
0.860681 0.457985
0.86101 0.991087
0.861359 0.855229
0.861681 0.267351
0.86237 0.84666
0.863212 0.0106512
0.863616 0.802327
0.864254 0.521722
0.864278 0.927652
0.865197 0.370597
0.865296 0.0321979
0.865595 0.0495971
0.866338 0.540576
0.866396 0.511367
0.866447 0.368738
0.868404 0.269965
0.868661 0.589753
0.868808 0.0548556
0.869325 0.7375
0.870817 0.815786
0.872074 0.948164
0.873311 0.745794
0.873747 0.0617271
0.874656 0.343942
0.874765 0.174545
0.87563 0.718272
0.875669 0.370779
0.876509 0.483789
0.877732 0.0358664
0.878055 0.472227
0.879231 0.228941
0.879848 0.602786
0.880431 0.411238
0.8813 0.0116428
0.882185 0.883693
0.88238 0.167215
0.884644 0.217927
0.886721 0.124449
0.887002 0.845245
0.887282 0.543289
0.887482 0.90873
0.888005 0.694001
0.888402 0.376437
0.888998 0.382849
0.890029 0.724464
0.891114 0.955099
0.892513 0.471162
0.892577 0.538726
0.893601 0.756911
0.893915 0.0281269
0.899122 0.537196
0.899756 0.204028
0.899916 0.895595
0.901908 0.362175
0.903041 0.417968
0.903116 0.67021
0.904441 0.932004
0.904912 0.855131
0.905059 0.327912
0.905218 0.00270637
0.90557 0.919058
0.90567 0.592164
0.905771 0.28525
0.905879 0.116112
0.906494 0.449838
0.907323 0.384313
0.907401 0.683248
0.907777 0.01399
0.909752 0.198038
0.909872 0.219065
0.909978 0.00714784
0.910398 0.0528759
0.910894 0.39152
0.911012 0.382455
0.914163 0.338831
0.914289 0.448828
0.916609 0.454192
0.918169 0.663615
0.91912 0.654664
0.919504 0.100884
0.920584 0.254758
0.921503 0.696873
0.924454 0.29681
0.924511 0.263139
0.925226 0.279723
0.925905 0.680583
0.927742 0.557316
0.928716 0.923788
0.930932 0.168352
0.931271 0.865221
0.931271 0.866974
0.932801 0.581512
0.933433 0.212085
0.934428 0.930619
0.935419 0.590838
0.935475 0.521824
0.935518 0.243266
0.935738 0.955994
0.935973 0.889629
0.936235 0.307873
0.936742 0.827729
0.936784 0.527852
0.93766 0.251092
0.940461 0.319777
0.941123 0.454846
0.941745 0.906703
0.942323 0.62109
0.942883 0.0289888
0.943455 0.641742
0.945468 0.477422
0.945519 0.3406
0.950229 0.490911
0.950856 0.0359495
0.951605 0.62468
0.952169 0.102022
0.953924 0.607638
0.953938 0.841129
0.955445 0.168129
0.956441 0.911347
0.956849 0.757503
0.956908 0.751201
0.957299 0.331198
0.957561 0.726142
0.95897 0.408086
0.959129 0.0879208
0.959767 0.799959
0.960954 0.750751
0.96097 0.0292447
0.961091 0.0523847
0.96186 0.977947
0.962251 0.554922
0.962971 0.654489
0.963768 0.0567393
0.964373 0.21809
0.964599 0.00962956
0.965053 0.647102
0.965149 0.264123
0.965229 0.602253
0.965605 0.921279
0.966151 0.0939478
0.966602 0.672495
0.968063 0.226688
0.968467 0.0311132
0.970381 0.189915
0.971306 0.743039
0.971399 0.299563
0.971577 0.290669
0.973256 0.517886
0.973746 0.746906
0.974116 0.971586
0.974278 0.695389
0.974778 0.0876674
0.975419 0.86367
0.975674 0.154469
0.976138 0.945252
0.976403 0.402236
0.976746 0.175029
0.977824 0.283823
0.978846 0.46689
0.979608 0.269891
0.980109 0.695416
0.981071 0.864437
0.981142 0.0485508
0.981236 0.628679
0.981241 0.7206
0.981268 0.172299
0.981714 0.667542
0.98234 0.189712
0.983453 0.8936
0.983735 0.628295
0.983828 0.197599
0.983958 0.383708
0.984502 0.527239
0.985134 0.146049
0.985152 0.442504
0.986326 0.188645
0.986372 0.951575
0.986592 0.659302
0.987253 0.759723
0.98859 0.226913
0.989693 0.764647
0.99017 0.785932
0.990567 0.459438
0.990651 0.871057
0.990697 0.652238
0.992123 0.606359
0.99291 0.840797
0.992969 0.831858
0.993397 0.0227257
0.994365 0.288754
0.994528 0.0302139
0.995452 0.559264
0.996184 0.867678
0.996682 0.229457
0.997106 0.354364
0.997237 0.562966
0.997255 0.860861
0.997425 0.722675
0.997487 0.766767
0.997903 0.753641
0.998164 0.142152
0.998553 0.680058
