0.000161918 0.721369
0.00342743 0.604825
0.00344095 0.832056
0.00499825 0.00554753
0.00727448 0.262257
0.00796049 0.792017
0.0108655 0.616626
0.0120351 0.274196
0.0122066 0.156116
0.015509 0.66046
0.0161184 0.901374
0.0161235 0.986956
0.0161287 0.0747987
0.016728 0.147727
0.0175338 0.691416
0.0188746 0.226123
0.0191074 0.137359
0.0191162 0.285951
0.0192375 0.324743
0.0194329 0.608602
0.0201161 0.0917091
0.0213368 0.607229
0.0244683 0.239195
0.0246067 0.565638
0.0250647 0.262316
0.0257818 0.314588
0.025827 0.0738321
0.0259745 0.553774
0.0272861 0.597369
0.027534 0.764777
0.0285968 0.625851
0.0291915 0.621721
0.034024 0.840894
0.034299 0.463374
0.0396533 0.453292
0.0405119 0.882887
0.04243 0.120195
0.0453411 0.048699
0.0483909 0.305892
0.0491922 0.773148
0.0503516 0.259861
0.0508183 0.102775
0.0509431 0.200602
0.053124 0.854628
0.0550681 0.529461
0.0556469 0.257935
0.0566176 0.571423
0.0566966 0.900074
0.0571382 0.322548
0.0580716 0.00961321
0.0587292 0.0623328
0.0597724 0.595349
0.060516 0.0928473
0.0627468 0.585719
0.063412 0.765985
0.0647019 0.445035
0.065504 0.925902
0.0660617 0.298378
0.066215 0.874881
0.0667979 0.671844
0.0670521 0.94397
0.0682245 0.649719
0.069308 0.860263
0.0703878 0.00772761
0.0719476 0.222637
0.0722878 0.940441
0.0723158 0.411776
0.0725249 0.925558
0.0728125 0.759053
0.0756296 0.106576
0.0759797 0.991559
0.0773114 0.372901
0.0774592 0.857547
0.0787739 0.952334
0.07916 0.441866
0.0801559 0.179816
0.0809434 0.415052
0.0812467 0.513603
0.081602 0.484254
0.0824551 0.822115
0.0830742 0.228001
0.0831072 0.782492
0.0844053 0.600523
0.0855604 0.0139963
0.0859256 0.150965
0.0861544 0.997313
0.0880753 0.282197
0.0890725 0.0422185
0.0911207 0.466144
0.0923949 0.880233
0.0933799 0.435672
0.093834 0.0674156
0.094169 0.698308
0.0944078 0.711349
0.0949741 0.229788
0.0956033 0.805059
0.0965081 0.0117654
0.0968953 0.519751
0.10115 0.0311735
0.102039 0.968511
0.102649 0.216219
0.10312 0.13951
0.103597 0.154369
0.104844 0.105794
0.104896 0.989916
0.105719 0.827469
0.107024 0.746304
0.107286 0.156854
0.107403 0.118455
0.107895 0.387656
0.108361 0.221382
0.10957 0.541181
0.109687 0.509113
0.112499 0.777691
0.113096 0.799255
0.11335 0.0754427
0.113771 0.145683
0.114531 0.91579
0.115851 0.102537
0.116434 0.906982
0.116521 0.367398
0.117566 0.938732
0.118806 0.775164
0.119833 0.0357756
0.120984 0.378937
0.122452 0.0472457
0.124067 0.195301
0.124178 0.0601288
0.125963 0.065145
0.126714 0.676916
0.128549 0.522414
0.128693 0.942148
0.129322 0.523062
0.129899 0.211536
0.130117 0.883035
0.130753 0.560206
0.130801 0.37245
0.132754 0.190968
0.133515 0.990713
0.138235 0.309189
0.138271 0.923958
0.139129 0.342126
0.139406 0.993094
0.139426 0.329433
0.139542 0.277909
0.140503 0.432459
0.140892 0.975303
0.142286 0.409026
0.142376 0.921605
0.143142 0.782521
0.14469 0.804346
0.145075 0.271893
0.145774 0.0308014
0.146486 0.997993
0.147265 0.090601
0.148318 0.773844
0.149388 0.768905
0.149529 0.134981
0.149661 0.349757
0.153906 0.695652
0.154118 0.257174
0.155219 0.761067
0.156111 0.75657
0.156317 0.220514
0.161624 0.420203
0.16166 0.0254712
0.161674 0.259495
0.162693 0.387692
0.16346 0.264214
0.163655 0.550632
0.165747 0.709617
0.165783 0.318368
0.167102 0.475273
0.168366 0.72126
0.170682 0.644205
0.171724 0.170944
0.172162 0.52255
0.173157 0.250764
0.173191 0.817675
0.17336 0.667585
0.173848 0.858108
0.175749 0.809526
0.176108 0.854254
0.17771 0.768566
0.178875 0.359933
0.180957 0.341456
0.181094 0.647096
0.182008 0.011253
0.183732 0.980715
0.184161 0.193286
0.184406 0.318722
0.184939 0.263776
0.186077 0.398451
0.186523 0.886713
0.18699 0.736773
0.188292 0.629875
0.189847 0.760909
0.19013 0.521016
0.190151 0.861901
0.190443 0.767399
0.190941 0.150122
0.191064 0.216291
0.193243 0.838588
0.194081 0.923603
0.194585 0.388424
0.198731 0.073845
0.200752 0.0429407
0.201715 0.217369
0.201777 0.258973
0.2022 0.367876
0.202584 0.823221
0.203394 0.435923
0.204091 0.157484
0.207279 0.740361
0.20775 0.651326
0.20815 0.373042
0.208249 0.0486441
0.210599 0.534172
0.2117 0.0370862
0.212536 0.09845
0.212567 0.61906
0.212584 0.905724
0.212637 0.790057
0.212873 0.753033
0.21354 0.974176
0.216191 0.530103
0.216243 0.399339
0.220099 0.209338
0.220195 0.822228
0.221719 0.428152
0.223059 0.94568
0.224928 0.370087
0.226459 0.0988218
0.226585 0.207919
0.228096 0.613785
0.229715 0.812828
0.229929 0.422913
0.231563 0.88198
0.231878 0.167934
0.232605 0.393043
0.232808 0.798038
0.233288 0.8795
0.233997 0.780301
0.234633 0.469947
0.235999 0.436013
0.236643 0.255695
0.237025 0.674468
0.23734 0.965234
0.237392 0.844605
0.237621 0.689027
0.239218 0.529326
0.239841 0.00608745
0.241137 0.786544
0.241426 0.649835
0.241567 0.0152451
0.242991 0.944878
0.246875 0.220656
0.247496 0.669336
0.247748 0.906846
0.247781 0.456992
0.248648 0.0226874
0.248686 0.662931
0.249083 0.33531
0.249145 0.388067
0.249201 0.321471
0.249727 0.169619
0.249761 0.735599
0.249851 0.252537
0.250087 0.211076
0.250191 0.954814
0.25079 0.0335341
0.251216 0.186303
0.251671 0.835703
0.25223 0.235634
0.252492 0.628818
0.252677 0.742406
0.256668 0.820691
0.25747 0.306323
0.257734 0.743029
0.258778 0.285726
0.260699 0.566447
0.26073 0.0900078
0.262175 0.383238
0.262693 0.0827327
0.2642 0.410265
0.265371 0.0820706
0.265777 0.920744
0.265805 0.391774
0.266451 0.238316
0.26663 0.254935
0.268982 0.787664
0.269245 0.208201
0.26934 0.795874
0.269884 0.94259
0.271113 0.599056
0.272153 0.0745163
0.272273 0.0907925
0.272472 0.443006
0.273103 0.047369
0.273269 0.830238
0.273275 0.931723
0.27363 0.903094
0.274795 0.484865
0.275798 0.331689
0.277155 0.148936
0.277194 0.793359
0.277737 0.928125
0.278068 0.485348
0.278409 0.226186
0.280173 0.867049
0.281771 0.721685
0.284227 0.00900762
0.284503 0.645333
0.284894 0.207924
0.285433 0.264637
0.285555 0.318206
0.285768 0.899443
0.287824 0.451071
0.290497 0.388824
0.29154 0.911391
0.2918 0.285588
0.291826 0.721533
0.291826 0.726346
0.292434 0.93219
0.292905 0.853751
0.294377 0.600574
0.294944 0.116797
0.296709 0.791909
0.298732 0.791104
0.299692 0.918442
0.30021 0.629433
0.30042 0.15616
0.301248 0.0722974
0.301933 0.594983
0.302063 0.767364
0.302167 0.515195
0.303762 0.325754
0.304386 0.818019
0.305216 0.763623
0.306693 0.583505
0.306846 0.163961
0.307081 0.112239
0.308366 0.70401
0.310138 0.49564
0.310915 0.540085
0.311477 0.995982
0.311699 0.727681
0.311818 0.732672
0.313388 0.111982
0.313416 0.585258
0.31465 0.320675
0.315806 0.752728
0.31609 0.523292
0.318977 0.0399175
0.322919 0.301552
0.323346 0.484328
0.324156 0.0846556
0.3264 0.801025
0.326437 0.422071
0.327116 0.831743
0.327171 0.767432
0.328966 0.937233
0.329053 0.392155
0.329762 0.309586
0.329984 0.0434064
0.330087 0.768589
0.330318 0.656071
0.331616 0.473837
0.331807 0.683102
0.331827 0.0185089
0.332274 0.526517
0.333818 0.475142
0.337349 0.821694
0.33748 0.0291995
0.337694 0.626989
0.338039 0.426736
0.339317 0.908014
0.339331 0.134901
0.339501 0.000431812
0.339693 0.221961
0.340173 0.295135
0.340317 0.704749
0.340647 0.259491
0.342757 0.717146
0.345128 0.572814
0.3455 0.811949
0.346696 0.925585
0.347715 0.0402423
0.347858 0.441646
0.348595 0.840525
0.349584 0.454983
0.350096 0.0693349
0.350875 0.151502
0.352577 0.768449
0.35338 0.263834
0.354364 0.800279
0.355348 0.338164
0.355705 0.328193
0.356106 0.0807376
0.356486 0.462547
0.356995 0.0151641
0.357283 0.849199
0.357892 0.0874834
0.358638 0.633748
0.359215 0.320704
0.359469 0.601861
0.3609 0.64262
0.361053 0.218435
0.363601 0.0501344
0.365126 0.680054
0.37047 0.483571
0.371325 0.853834
0.37338 0.393206
0.373883 0.843063
0.373907 0.2539
0.375316 0.931618
0.376395 0.0730792
0.377407 0.0776977
0.380161 0.358651
0.38183 0.420411
0.382289 0.128594
0.383139 0.41873
0.384124 0.967674
0.384229 0.735776
0.385365 0.829863
0.386925 0.0430739
0.388472 0.0511007
0.388799 0.544852
0.390848 0.980141
0.39115 0.0640252
0.392251 0.564654
0.392612 0.632141
0.393733 0.464366
0.393786 0.365188
0.394093 0.518782
0.394615 0.290436
0.395516 0.430031
0.395856 0.146927
0.396529 0.46327
0.398125 0.279816
0.399544 0.133807
0.401428 0.804376
0.403622 0.679536
0.403918 0.648404
0.405009 0.988154
0.405083 0.232625
0.406182 0.701033
0.407045 0.200626
0.40709 0.964613
0.407611 0.714838
0.408317 0.584036
0.408361 0.329912
0.408618 0.638282
0.41238 0.864725
0.413212 0.85299
0.414636 0.79567
0.4151 0.581451
0.415185 0.00727491
0.415214 0.499835
0.417149 0.0202466
0.417476 0.514726
0.418069 0.493464
0.41823 0.187065
0.419399 0.834813
0.420422 0.0292369
0.422063 0.60822
0.425433 0.260145
0.427293 0.521035
0.427307 0.750755
0.428178 0.389477
0.428754 0.0716196
0.430536 0.0160128
0.430957 0.0905497
0.43299 0.26461
0.433394 0.0457444
0.433653 0.400892
0.434441 0.651084
0.436304 0.953258
0.43632 0.224137
0.437115 0.591035
0.437353 0.59085
0.437743 0.146921
0.439453 0.889826
0.439605 0.447358
0.441027 0.337068
0.441739 0.309911
0.442205 0.136437
0.445115 0.0410075
0.445272 0.681797
0.445462 0.876513
0.445695 0.793462
0.447857 0.141179
0.447883 0.561463
0.44854 0.61981
0.448931 0.190008
0.449284 0.119281
0.450554 0.464693
0.450573 0.785746
0.451514 0.603927
0.45202 0.107065
0.453241 0.617835
0.455545 0.345887
0.456077 0.291381
0.456142 0.375708
0.456349 0.865259
0.456816 0.701662
0.459764 0.251447
0.460427 0.394357
0.460742 0.689468
0.461098 0.670802
0.461409 0.902166
0.461808 0.612464
0.461997 0.783223
0.462993 0.520751
0.463052 0.514309
0.464076 0.733495
0.466049 0.887999
0.466324 0.505025
0.466527 0.926338
0.46792 0.334382
0.468066 0.79259
0.468302 0.759189
0.471156 0.721293
0.471355 0.0700088
0.472388 0.42528
0.472472 0.831412
0.473797 0.10911
0.473967 0.969186
0.474379 0.891821
0.474769 0.444425
0.475103 0.0638132
0.475354 0.267654
0.476904 0.332469
0.477511 0.527825
0.477594 0.928221
0.479808 0.135625
0.48029 0.237099
0.480933 0.0352897
0.481549 0.397958
0.48162 0.587645
0.482135 0.249111
0.483458 0.480015
0.484372 0.843037
0.484836 0.634422
0.485215 0.0103538
0.487125 0.115114
0.488002 0.845539
0.488111 0.676753
0.489105 0.385761
0.489595 0.626795
0.490246 0.569476
0.490897 0.500613
0.491782 0.384411
0.491851 0.531647
0.492444 0.503874
0.492718 0.111703
0.492796 0.416742
0.493139 0.18635
0.4932 0.215963
0.493657 0.894915
0.496235 0.221907
0.496474 0.234666
0.497498 0.444226
0.497634 0.733502
0.499511 0.279186
0.499515 0.347072
0.499984 0.224625
0.500099 0.171325
0.503796 0.300809
0.505196 0.83269
0.505726 0.730739
0.506313 0.605786
0.507757 0.879255
0.508271 0.517985
0.508793 0.286282
0.510033 0.132732
0.513853 0.32862
0.514456 0.469238
0.514729 0.0583396
0.515239 0.617398
0.515325 0.0709112
0.516952 0.417169
0.517074 0.458834
0.517727 0.440983
0.51781 0.838146
0.518608 0.243684
0.519497 0.187408
0.522818 0.994563
0.52407 0.0388716
0.524131 0.0735176
0.526266 0.95141
0.526664 0.640999
0.527396 0.937117
0.528788 0.339261
0.530077 0.999223
0.530369 0.916194
0.530425 0.850811
0.531238 0.520551
0.532488 0.523709
0.532593 0.285973
0.533524 0.94534
0.533706 0.995057
0.534332 0.5098
0.534352 0.85463
0.535349 0.605055
0.536215 0.160506
0.536668 0.771548
0.537174 0.287287
0.538218 0.836551
0.539274 0.57666
0.539312 0.218485
0.539759 0.731338
0.540136 0.0591532
0.540323 0.206308
0.541354 0.537623
0.542167 0.206244
0.542795 0.756205
0.54425 0.202676
0.544391 0.575381
0.544695 0.688379
0.546402 0.374081
0.547215 0.0421693
0.547568 0.975723
0.548479 0.278858
0.548513 0.864083
0.54875 0.83465
0.54945 0.609556
0.549662 0.17118
0.550015 0.108357
0.550421 0.923865
0.550674 0.170116
0.550714 0.851386
0.551857 0.0595504
0.552987 0.0567391
0.553899 0.376489
0.556062 0.735711
0.556149 0.198217
0.556389 0.236029
0.557969 0.779708
0.558509 0.858875
0.559093 0.66818
0.559802 0.588469
0.559962 0.285991
0.560213 0.506682
0.561193 0.972009
0.561645 0.564714
0.562132 0.757044
0.563005 0.42564
0.563376 0.657574
0.565624 0.436727
0.566329 0.283361
0.567102 0.275995
0.568342 0.13143
0.569083 0.576993
0.56925 0.379052
0.570635 0.654494
0.574498 0.587266
0.575241 0.0688144
0.578183 0.515667
0.58188 0.659864
0.583367 0.648506
0.583897 0.553709
0.583946 0.372872
0.58403 0.789734
0.584454 0.911519
0.584949 0.235763
0.585208 0.587631
0.585288 0.937758
0.585891 0.0763965
0.586319 0.258116
0.589448 0.852342
0.590794 0.480403
0.591119 0.938536
0.592929 0.366153
0.593334 0.164223
0.593431 0.789103
0.595409 0.0460537
0.595955 0.209652
0.596831 0.943645
0.597203 0.18782
0.597666 0.979996
0.597978 0.217034
0.598177 0.555865
0.598957 0.6635
0.599539 0.443636
0.599725 0.580969
0.601914 0.370516
0.601982 0.507351
0.604866 0.988727
0.605164 0.984291
0.606354 0.992834
0.606647 0.909868
0.607195 0.129073
0.607505 0.330587
0.608406 0.484551
0.609321 0.864181
0.610095 0.862082
0.610242 0.34427
0.612763 0.700236
0.613193 0.938453
0.614465 0.320016
0.61517 0.158855
0.617794 0.267059
0.618378 0.0870002
0.619187 0.681036
0.619339 0.23107
0.620685 0.847884
0.621158 0.801307
0.622064 0.0370565
0.622169 0.797951
0.623804 0.268327
0.624954 0.607496
0.625026 0.813751
0.625744 0.873701
0.626715 0.194874
0.626754 0.84854
0.627405 0.799611
0.628285 0.586487
0.62837 0.0102443
0.628913 0.146341
0.629006 0.705909
0.629586 0.451977
0.629906 0.835189
0.631 0.217021
0.632143 0.423652
0.632312 0.27209
0.632564 0.509059
0.63495 0.604073
0.635211 0.996028
0.635275 0.060399
0.635469 0.32862
0.637082 0.442685
0.637327 0.563464
0.637669 0.302165
0.638127 0.00757023
0.638141 0.23963
0.639807 0.231407
0.640863 0.988515
0.642695 0.778046
0.642715 0.114572
0.644102 0.416342
0.646457 0.994714
0.646729 0.578517
0.646759 0.0707097
0.6485 0.340212
0.649055 0.667765
0.649577 0.442666
0.651034 0.934428
0.651886 0.250446
0.652162 0.88109
0.65248 0.224762
0.653228 0.806661
0.657834 0.221795
0.657877 0.942525
0.658278 0.679088
0.661578 0.138674
0.662419 0.275632
0.662537 0.26299
0.663128 0.19146
0.664655 0.848701
0.664872 0.498872
0.666445 0.948666
0.666449 0.00396759
0.667514 0.914582
0.668954 0.112933
0.669399 0.582984
0.670174 0.607917
0.670636 0.376356
0.671432 0.753781
0.671644 0.320797
0.672459 0.0244332
0.67321 0.63417
0.674916 0.316804
0.67573 0.994628
0.676683 0.0116529
0.678662 0.26797
0.678667 0.362552
0.67928 0.660574
0.680192 0.981725
0.680361 0.828371
0.680875 0.460191
0.681189 0.739571
0.681771 0.52254
0.682192 0.59919
0.682985 0.934588
0.683351 0.0724411
0.683941 0.995557
0.685597 0.828913
0.685915 0.167005
0.687083 0.803115
0.689021 0.38267
0.689555 0.346117
0.690269 0.34848
0.690631 0.431111
0.691421 0.710957
0.691784 0.817012
0.691915 0.00901388
0.69237 0.670959
0.692383 0.888102
0.693653 0.220522
0.694544 0.196883
0.695895 0.907683
0.695902 0.030401
0.69607 0.855282
0.69688 0.467717
0.697059 0.467267
0.698901 0.42894
0.70007 0.0723518
0.700155 0.50421
0.700805 0.436669
0.700813 0.557829
0.701441 0.125541
0.702327 0.0137995
0.703497 0.672716
0.704523 0.914481
0.704916 0.516892
0.704947 0.0477861
0.705207 0.421388
0.708182 0.409504
0.709601 0.268097
0.710877 0.709719
0.712172 0.472121
0.71321 0.918507
0.714421 0.277374
0.714881 0.000889062
0.715614 0.331616
0.715817 0.732048
0.716241 0.858951
0.717612 0.899657
0.720869 0.644366
0.721358 0.870655
0.722072 0.866726
0.723435 0.769148
0.724225 0.0521245
0.726539 0.933206
0.726798 0.299397
0.727065 0.781386
0.727135 0.965257
0.727182 0.755314
0.727771 0.65398
0.727853 0.0326345
0.730163 0.841479
0.731029 0.405812
0.731574 0.572431
0.732197 0.0354182
0.732663 0.869262
0.733847 0.773347
0.7367 0.714515
0.737376 0.081111
0.737495 0.0857181
0.737639 0.49887
0.739429 0.590484
0.739471 0.286437
0.740399 0.886832
0.741414 0.937501
0.743582 0.386922
0.745125 0.313069
0.746623 0.496972
0.746888 0.940182
0.747722 0.968565
0.749802 0.927485
0.752556 0.202991
0.754175 0.424058
0.754536 0.484712
0.755035 0.875652
0.755803 0.777539
0.755856 0.671843
0.758339 0.406419
0.758659 0.781624
0.760626 0.844137
0.761439 0.500298
0.761481 0.214587
0.76181 0.739088
0.762242 0.00746856
0.762562 0.385687
0.764735 0.906578
0.764919 0.997634
0.765304 0.460501
0.766427 0.345804
0.766696 0.852415
0.7694 0.301089
0.769748 0.158085
0.769991 0.239928
0.771838 0.274464
0.772474 0.968023
0.773291 0.704241
0.773357 0.813159
0.773381 0.212969
0.775488 0.624731
0.779679 0.0633141
0.779789 0.915518
0.78343 0.108984
0.785152 0.0545914
0.786323 0.728832
0.788844 0.105436
0.788924 0.43854
0.790191 0.739601
0.790259 0.889341
0.790467 0.378251
0.790685 0.0409603
0.791331 0.899555
0.791977 0.757538
0.792374 0.424087
0.796937 0.118937
0.796996 0.117847
0.797673 0.485351
0.797913 0.523249
0.798268 0.493188
0.798379 0.353422
0.798534 0.956472
0.79966 0.887708
0.799879 0.56132
0.801658 0.467857
0.802488 0.415926
0.804661 0.930306
0.805505 0.116312
0.805944 0.505297
0.806987 0.0318877
0.80855 0.299758
0.809142 0.25227
0.809263 0.276185
0.809276 0.494767
0.810616 0.0278235
0.811309 0.678251
0.811549 0.711656
0.811663 0.613143
0.813567 0.616224
0.815641 0.47207
0.818847 0.354071
0.820534 0.720277
0.821824 0.401535
0.822297 0.3377
0.823213 0.741278
0.823577 0.86164
0.823941 0.970348
0.823989 0.786545
0.824622 0.422886
0.825685 0.290354
0.826545 0.735804
0.828781 0.323054
0.829712 0.966847
0.831907 0.867223
0.832902 0.582368
0.834102 0.755696
0.834801 0.508053
0.836392 0.2474
0.837632 0.0865165
0.837988 0.0662774
0.838268 0.770747
0.838554 0.585005
0.838642 0.0555408
0.840439 0.260677
0.840834 0.894957
0.841733 0.0019006
0.84372 0.401315
0.844276 0.740756
0.845968 0.177963
0.846315 0.023024
0.847752 0.162043
0.848567 0.85747
0.848961 0.483563
0.849898 0.243734
0.850414 0.908668
0.851577 0.45951
0.851923 0.277139
0.852509 0.114729
0.852606 0.751536
0.85283 0.512232
0.852928 0.154087
0.852967 0.817442
0.853418 0.400215
0.853964 0.572133
0.854132 0.388374
0.854563 0.645672
0.854708 0.0769728
0.855176 0.93914
0.855419 0.018541
0.855726 0.183945
0.855751 0.601106
0.856 0.790546
0.856835 0.829299
0.858445 0.880675
0.859054 0.125525
0.860003 0.066274
0.861716 0.858453
0.861998 0.60085
0.862976 0.0326564
0.86311 0.287652
0.863634 0.0976868
0.864459 0.969958
0.86601 0.0239487
0.866055 0.785932
0.867695 0.356916
0.868293 0.398962
0.868777 0.52944
0.873225 0.299324
0.875791 0.4251
0.876171 0.80831
0.876201 0.313291
0.877157 0.385663
0.87798 0.202751
0.880038 0.795592
0.880126 0.27631
0.880314 0.430259
0.880421 0.239426
0.880845 0.358236
0.880935 0.869586
0.882117 0.734626
0.882709 0.685815
0.883552 0.850925
0.884292 0.303962
0.884384 0.84427
0.887143 0.212948
0.888231 0.494001
0.888444 0.0862496
0.888552 0.889774
0.890537 0.24745
0.890569 0.793378
0.891489 0.258895
0.892259 0.195593
0.893011 0.835015
0.893407 0.483422
0.893896 0.71274
0.894747 0.0142166
0.895711 0.220178
0.896206 0.534701
0.896869 0.673245
0.898521 0.444756
0.899013 0.708165
0.89972 0.587115
0.900059 0.289892
0.903372 0.979104
0.90421 0.0631327
0.904907 0.770012
0.906362 0.229505
0.906572 0.758258
0.906645 0.977881
0.907975 0.334108
0.910251 0.593917
0.910578 0.0917612
0.911583 0.977411
0.913524 0.604018
0.913699 0.544464
0.913805 0.322513
0.916799 0.639407
0.916885 0.0943213
0.918974 0.203899
0.919937 0.384143
0.921948 0.174343
0.922715 0.0678639
0.924718 0.74124
0.925294 0.41144
0.925822 0.286339
0.927475 0.0771578
0.92773 0.360663
0.929012 0.896256
0.930013 0.733789
0.930688 0.0659261
0.931096 0.934817
0.931182 0.368311
0.931453 0.936656
0.932332 0.705735
0.932346 0.936261
0.932928 0.728301
0.933864 0.45053
0.934041 0.432924
0.934514 0.378591
0.935981 0.0405137
0.936251 0.566284
0.936846 0.565519
0.938349 0.83361
0.938604 0.111519
0.94078 0.687109
0.94204 0.861985
0.942472 0.127399
0.94272 0.297195
0.942764 0.0316133
0.942863 0.691946
0.942939 0.978085
0.943062 0.0405992
0.943467 0.849986
0.943607 0.203845
0.943881 0.808591
0.945485 0.764736
0.94686 0.878438
0.947132 0.441173
0.947787 0.460419
0.948101 0.738929
0.948641 0.817549
0.948822 0.84471
0.949654 0.836826
0.94991 0.133425
0.950064 0.723663
0.954575 0.534814
0.955264 0.116737
0.956418 0.513157
0.956423 0.600343
0.956577 0.186997
0.956762 0.293447
0.957091 0.833202
0.957153 0.868654
0.95812 0.118857
0.958418 0.127139
0.959128 0.0629938
0.959128 0.0634634
0.95933 0.453534
0.962336 0.983806
0.96259 0.244145
0.962737 0.72004
0.962848 0.592929
0.964084 0.363393
0.964654 0.934448
0.964889 0.881748
0.964997 0.709933
0.965322 0.161148
0.966049 0.380998
0.966407 0.410637
0.967526 0.208981
0.969599 0.0502314
0.970338 0.477966
0.971227 0.407524
0.973173 0.111417
0.973794 0.552639
0.974424 0.139682
0.974931 0.663842
0.976417 0.644736
0.977251 0.650274
0.977512 0.0450704
0.977963 0.630051
0.978727 0.457541
0.979108 0.861029
0.979126 0.170077
0.980272 0.434325
0.981686 0.203509
0.982014 0.705853
0.984588 0.97601
0.987259 0.860598
0.988835 0.350588
0.990216 0.566597
0.990853 0.269086
0.991101 0.433904
0.991104 0.491929
0.992399 0.245369
0.99378 0.458639
0.994317 0.486575
0.995045 0.724473
0.996242 0.840034
0.996246 0.906433
0.996356 0.75308
0.999748 0.769347
