0.00157827 0.525929
0.0089604 0.597392
0.0132136 0.0814141
0.0322859 0.629886
0.0463033 0.219872
0.0499961 0.283645
0.0522875 0.795447
0.0774862 0.310631
0.0794262 0.915817
0.0849971 0.54693
0.0860441 0.142941
0.0873677 0.389043
0.0933215 0.454895
0.11825 0.431661
0.118925 0.774786
0.12168 0.0757743
0.127549 0.713588
0.129835 0.140787
0.134761 0.922971
0.136002 0.779604
0.144449 0.762175
0.146164 0.578984
0.150684 0.554308
0.155823 0.915491
0.158419 0.553519
0.163399 0.239468
0.166366 0.11062
0.170457 0.865555
0.176983 0.561559
0.182083 0.267917
0.185411 0.20906
0.187383 0.339278
0.194781 0.682191
0.208414 0.820126
0.210435 0.773404
0.224336 0.416761
0.226594 0.363617
0.22827 0.533905
0.231509 0.970521
0.236851 0.749331
0.241366 0.636101
0.247328 0.837318
0.260563 0.280889
0.262802 0.910738
0.26772 0.565806
0.272454 0.134334
0.27289 0.46513
0.273772 0.292202
0.283745 0.900944
0.288429 0.629726
0.295564 0.550068
0.303654 0.512893
0.323355 0.62658
0.327063 0.95285
0.327089 0.380451
0.337156 0.588182
0.339061 0.598839
0.340302 0.456332
0.370014 0.824905
0.379528 0.730003
0.385907 0.932158
0.386281 0.225192
0.40657 0.21557
0.40845 0.81333
0.413932 0.956157
0.418868 0.910694
0.4257 0.733423
0.433632 0.0596544
0.438223 0.208449
0.443591 0.425763
0.456202 0.384958
0.47442 0.56899
0.475311 0.558232
0.477922 0.431935
0.484291 0.47602
0.495736 0.830622
0.499441 0.103751
0.501598 0.358241
0.503646 0.780092
0.529306 0.0482018
0.539434 0.267695
0.542611 0.666895
0.542773 0.383717
0.554465 0.885974
0.562727 0.760733
0.571238 0.803589
0.572856 0.992865
0.580881 0.867864
0.585556 0.447492
0.608702 0.447189
0.61109 0.591948
0.614584 0.305808
0.635225 0.221052
0.640295 0.435774
0.64811 0.791614
0.650166 0.341669
0.664434 0.134455
0.664819 0.621247
0.664836 0.900852
0.682779 0.46299
0.683691 0.788704
0.684132 0.21142
0.693316 0.569453
0.696904 0.864248
0.71972 0.326696
0.74424 0.439634
0.74512 0.234234
0.746166 0.811853
0.750574 0.89988
0.75973 0.788174
0.765349 0.218798
0.769287 0.411858
0.771757 0.92033
0.77224 0.034999
0.772741 0.46529
0.774475 0.608748
0.778315 0.14603
0.778519 0.569214
0.788057 0.871225
0.793677 0.335346
0.796486 0.535161
0.798644 0.815259
0.798831 0.954016
0.801359 0.439
0.80814 0.411825
0.808468 0.918075
0.809428 0.0632955
0.810724 0.831387
0.827872 0.0470612
0.846757 0.452174
0.85472 0.277015
0.866953 0.88569
0.869311 0.509753
0.888116 0.557788
0.903183 0.796292
0.912228 0.814702
0.919091 0.163418
0.924671 0.949752
0.926089 0.781586
0.92924 0.740154
0.943368 0.193755
0.948683 0.509509
0.958102 0.81604
0.96574 0.192608
0.978321 0.640155
0.982625 0.978456
0.985106 0.684372
0.985547 0.0835465
0.985891 0.866185
0.993644 0.179788
