0.00132909 0.337992
0.00207886 0.939393
0.00396661 0.666876
0.00419236 0.46092
0.00551638 0.713886
0.00923925 0.284159
0.00927133 0.823341
0.0126838 0.177221
0.0174588 0.42993
0.0176035 0.861286
0.0177784 0.801582
0.0205724 0.759649
0.0241532 0.942637
0.0243161 0.680387
0.0251663 0.970656
0.0264505 0.55302
0.0271122 0.675284
0.0280811 0.959196
0.0297389 0.821392
0.0303734 0.485007
0.0308386 0.304216
0.0309722 0.55029
0.0338068 0.190573
0.0353551 0.213455
0.0364161 0.0458135
0.036446 0.548274
0.0382939 0.605906
0.039142 0.860103
0.0399504 0.446438
0.0400628 0.335661
0.0440438 0.244747
0.0449488 0.454607
0.0449791 0.963251
0.0477582 0.672776
0.0487048 0.581147
0.049801 0.00488182
0.050775 0.375611
0.0508172 0.0842266
0.0552788 0.0713392
0.0576549 0.00620233
0.0577 0.763169
0.061774 0.235549
0.0626621 0.162392
0.0731356 0.190076
0.0741204 0.740695
0.0750402 0.199934
0.0770404 0.817172
0.0770887 0.629126
0.0784299 0.171629
0.0792707 0.303133
0.0795166 0.436168
0.0840126 0.999497
0.0840677 0.925333
0.086488 0.603584
0.0876356 0.892094
0.0882274 0.837562
0.0888296 0.958779
0.0894568 0.501125
0.0896674 0.0391609
0.0910192 0.759009
0.091339 0.133909
0.0925008 0.660693
0.0927493 0.837508
0.093879 0.823795
0.094475 0.841587
0.0947358 0.224001
0.0949271 0.439309
0.0956704 0.932878
0.0967112 0.425252
0.0981112 0.954738
0.0993881 0.416599
0.0995672 0.425212
0.105772 0.713484
0.105827 0.633521
0.106316 0.855959
0.107914 0.711112
0.115214 0.394256
0.116666 0.799967
0.119348 0.882021
0.121506 0.154222
0.121769 0.570916
0.122932 0.122893
0.126932 0.353447
0.12745 0.0598683
0.127519 0.218202
0.129508 0.6454
0.131491 0.967013
0.132291 0.416722
0.134382 0.552565
0.134814 0.818621
0.13495 0.0996398
0.135263 0.361535
0.135895 0.990253
0.139676 0.540426
0.139719 0.250301
0.143572 0.00773114
0.144522 0.97689
0.147247 0.773563
0.149661 0.349523
0.149664 0.401224
0.151157 0.491859
0.155864 0.601676
0.156925 0.430951
0.158422 0.596681
0.161636 0.61317
0.162549 0.956172
0.167888 0.690035
0.171396 0.655326
0.17263 0.399125
0.173016 0.887436
0.174939 0.201716
0.175366 0.381533
0.176869 0.642478
0.176946 0.933853
0.179719 0.545149
0.18279 0.153597
0.184131 0.691177
0.18494 0.286982
0.185397 0.968524
0.187546 0.0886034
0.187983 0.431796
0.189224 0.293054
0.191027 0.593891
0.191411 0.0478752
0.194405 0.365153
0.1947 0.314846
0.196641 0.94737
0.197625 0.482367
0.19876 0.558822
0.199383 0.0380718
0.19939 0.142233
0.199749 0.185145
0.199987 0.176718
0.20012 0.424788
0.201053 0.104003
0.20223 0.877865
0.204126 0.738052
0.20449 0.858907
0.206176 0.203269
0.206282 0.974149
0.20868 0.29137
0.208717 0.899252
0.209227 0.470143
0.210788 0.709987
0.213237 0.871031
0.214047 0.483545
0.216123 0.378703
0.217403 0.885911
0.217831 0.0799248
0.218625 0.429136
0.219251 0.943706
0.220217 0.184706
0.223682 0.418474
0.22399 0.601565
0.224431 0.0137941
0.226361 0.44972
0.228087 0.457461
0.228936 0.731193
0.229096 0.41574
0.22966 0.90223
0.230932 0.266387
0.232062 0.271645
0.23298 0.689146
0.235045 0.406599
0.237121 0.29012
0.240478 0.720277
0.240797 0.0675894
0.240993 0.367961
0.242605 0.467696
0.24268 0.720322
0.243938 0.873292
0.244022 0.272295
0.245559 0.101865
0.245785 0.909746
0.246314 0.793027
0.246677 0.903199
0.250205 0.195295
0.251378 0.911383
0.251553 0.84642
0.253387 0.676875
0.257922 0.889245
0.258285 0.00139703
0.259501 0.4405
0.261168 0.449088
0.26188 0.42438
0.26492 0.506513
0.265903 0.0254819
0.266487 0.843576
0.266564 0.13391
0.269105 0.851117
0.269607 0.281823
0.2712 0.063471
0.272629 0.0787711
0.272672 0.801129
0.274469 0.00124131
0.275384 0.372043
0.278371 0.587937
0.27866 0.445929
0.280371 0.189264
0.280583 0.754622
0.281181 0.813572
0.281956 0.841769
0.282723 0.719434
0.282785 0.763777
0.28396 0.508031
0.287292 0.522945
0.288194 0.674451
0.290149 0.527961
0.291194 0.0976824
0.29194 0.63731
0.292279 0.329202
0.293254 0.725688
0.293262 0.854878
0.296215 0.492615
0.299733 0.611882
0.301082 0.281172
0.302782 0.855833
0.304759 0.079725
0.305174 0.0638439
0.306927 0.528817
0.310877 0.908778
0.312569 0.351221
0.312999 0.56772
0.313149 0.101359
0.315371 0.440473
0.315475 0.187123
0.31593 0.843895
0.316254 0.286501
0.316535 0.0117107
0.318244 0.722566
0.319343 0.203543
0.32183 0.991417
0.325078 0.584256
0.325195 0.544871
0.326404 0.869114
0.327727 0.102147
0.328845 0.891209
0.329505 0.99271
0.329961 0.651509
0.333873 0.404554
0.333995 0.455008
0.334686 0.0719857
0.339626 0.0909568
0.339901 0.72106
0.341344 0.966284
0.346589 0.120918
0.346675 0.563936
0.352093 0.628086
0.353393 0.480397
0.353575 0.529504
0.354777 0.734129
0.355523 0.272505
0.35636 0.347956
0.357064 0.179219
0.359214 0.307806
0.362555 0.457255
0.366377 0.703662
0.366841 0.490469
0.368809 0.58136
0.371547 0.586683
0.371935 0.117953
0.372404 0.99499
0.37479 0.0973531
0.375526 0.469951
0.382734 0.615048
0.38375 0.685166
0.384259 0.238753
0.385128 0.844073
0.386126 0.621508
0.386943 0.352842
0.38714 0.669101
0.387282 0.0463374
0.388475 0.100289
0.388973 0.47553
0.389901 0.0731003
0.390832 0.71399
0.391908 0.804533
0.392304 0.45686
0.393018 0.44905
0.3959 0.899401
0.39622 0.266702
0.398082 0.57275
0.398346 0.00681122
0.398743 0.672851
0.400232 0.706925
0.402264 0.848663
0.405072 0.053088
0.406854 0.997669
0.408029 0.736907
0.410041 0.565973
0.412279 0.174793
0.414707 0.973084
0.415103 0.643334
0.415211 0.458269
0.415792 0.220295
0.415916 0.298557
0.416792 0.0295366
0.417955 0.572137
0.420181 0.977964
0.421218 0.403923
0.421952 0.745583
0.424046 0.941822
0.425468 0.843303
0.426804 0.288454
0.427749 0.174903
0.431069 0.97564
0.431248 0.982641
0.433781 0.555421
0.433873 0.101058
0.437564 0.140774
0.437586 0.51147
0.439282 0.00650526
0.439644 0.0917109
0.44055 0.326553
0.443999 0.294505
0.44446 0.0359427
0.450058 0.124468
0.450338 0.834557
0.451178 0.957084
0.452627 0.296521
0.452923 0.278623
0.453055 0.492899
0.454336 0.0257527
0.456963 0.169645
0.458338 0.281947
0.458341 0.343321
0.459355 0.37937
0.459939 0.191235
0.460834 0.234135
0.460983 0.746415
0.461292 0.930735
0.461429 0.237534
0.462633 0.470694
0.462788 0.0726721
0.463091 0.1654
0.464527 0.300052
0.465635 0.931178
0.467203 0.276592
0.474069 0.674294
0.475473 0.283006
0.476147 0.596414
0.478732 0.0455364
0.479167 0.356672
0.479898 0.649746
0.480592 0.313783
0.483038 0.42081
0.484985 0.140645
0.48599 0.0331426
0.486855 0.578129
0.488686 0.348259
0.488745 0.335039
0.489113 0.521228
0.489305 0.754372
0.489742 0.0854257
0.498279 0.569243
0.50008 0.848159
0.502868 0.703622
0.503229 0.765763
0.503434 0.223594
0.504014 0.956341
0.504394 0.344561
0.504551 0.990695
0.505132 0.756775
0.505977 0.961072
0.509213 0.336932
0.510311 0.788702
0.512373 0.448052
0.514572 0.415414
0.514913 0.138282
0.517356 0.206004
0.521311 0.678348
0.521728 0.673862
0.522659 0.330991
0.523432 0.323742
0.523432 0.324369
0.527637 0.99012
0.528205 0.538142
0.530703 0.531121
0.530771 0.666062
0.531236 0.486788
0.532623 0.792644
0.534179 0.941451
0.536096 0.159217
0.536096 0.16954
0.537494 0.661099
0.540013 0.000778902
0.542975 0.779211
0.544533 0.969553
0.545007 0.935185
0.54503 0.316877
0.545805 0.342608
0.546818 0.371136
0.547412 0.347276
0.547551 0.696298
0.549171 0.921427
0.549376 0.360099
0.550881 0.659965
0.551727 0.877723
0.552191 0.667371
0.554839 0.181012
0.557709 0.408579
0.562073 0.757499
0.564003 0.203075
0.564897 0.223184
0.567395 0.209402
0.569643 0.987662
0.571304 0.910762
0.572495 0.91583
0.573287 0.236342
0.575534 0.999654
0.577475 0.614459
0.578009 0.604876
0.579579 0.984898
0.580998 0.835022
0.581156 0.482519
0.582221 0.386755
0.58233 0.220348
0.583134 0.72701
0.583608 0.693542
0.584149 0.78682
0.586333 0.5006
0.58658 0.649765
0.586926 0.470377
0.590441 0.549729
0.596078 0.284704
0.596089 0.474877
0.597692 0.406369
0.597779 0.866182
0.60015 0.715941
0.600158 0.855313
0.602143 0.219846
0.602434 0.101653
0.603357 0.629146
0.604479 0.487033
0.604738 0.838385
0.605067 0.366314
0.606363 0.139813
0.607729 0.0962213
0.608211 0.202305
0.609622 0.917229
0.613599 0.758852
0.614104 0.24255
0.614296 0.470677
0.614361 0.564616
0.617813 0.583166
0.61791 0.215747
0.61859 0.641651
0.61923 0.395333
0.624898 0.657383
0.62579 0.645326
0.62677 0.129953
0.628767 0.688188
0.62946 0.334083
0.630473 0.365852
0.63124 0.246052
0.634999 0.419612
0.635288 0.280437
0.635442 0.870746
0.635694 0.113476
0.637418 0.0853097
0.637423 0.174374
0.637936 0.784084
0.638133 0.0968456
0.638478 0.896647
0.638935 0.581453
0.639789 0.932032
0.642453 0.706761
0.646971 0.641045
0.649476 0.750973
0.649917 0.151236
0.650197 0.85785
0.653614 0.298509
0.660477 0.636339
0.661362 0.51627
0.661565 0.915239
0.662699 0.988852
0.664939 0.634322
0.665935 0.361316
0.666289 0.320814
0.667013 0.490333
0.673555 0.436421
0.674205 0.358644
0.675174 0.652064
0.675365 0.857909
0.676402 0.292657
0.676763 0.36214
0.677245 0.463622
0.677328 0.854837
0.67972 0.0498017
0.681243 0.655021
0.683732 0.47679
0.684286 0.800908
0.684357 0.987949
0.684821 0.780093
0.685571 0.383882
0.685689 0.375395
0.688364 0.329035
0.68854 0.290964
0.689266 0.492712
0.691151 0.177509
0.694137 0.367992
0.699496 0.430922
0.700247 0.0530871
0.700958 0.997066
0.702138 0.835292
0.704173 0.0324323
0.704851 0.430498
0.706031 0.264545
0.706458 0.437561
0.709177 0.142603
0.710675 0.310751
0.714321 0.586111
0.715079 0.328442
0.715841 0.137923
0.716072 0.0218921
0.716721 0.930833
0.718582 0.207752
0.721239 0.866017
0.722318 0.996592
0.723373 0.735332
0.724493 0.548311
0.724823 0.0955632
0.726283 0.639237
0.728595 0.4999
0.728878 0.24815
0.729269 0.829516
0.729366 0.447689
0.730369 0.316614
0.732549 0.955182
0.733029 0.0223766
0.736074 0.190067
0.736528 0.827117
0.737058 0.731944
0.739439 0.744539
0.741137 0.295376
0.741563 0.456896
0.743584 0.412585
0.74659 0.945933
0.747845 0.0227991
0.748163 0.367873
0.748907 0.88237
0.7491 0.120875
0.749601 0.545922
0.753096 0.281861
0.755285 0.0819188
0.756369 0.285866
0.756553 0.379677
0.75682 0.866972
0.758038 0.339056
0.75858 0.446367
0.764437 0.90113
0.770998 0.171433
0.771317 0.530288
0.776544 0.369215
0.7775 0.448546
0.779917 0.0664159
0.783361 0.941642
0.783495 0.202821
0.784013 0.908921
0.785848 0.753886
0.786099 0.972088
0.791331 0.899617
0.792639 0.89245
0.792684 0.636621
0.794099 0.424628
0.794142 0.145209
0.796697 0.0838563
0.797565 0.666472
0.79817 0.850464
0.800929 0.208499
0.807305 0.377603
0.809237 0.851401
0.813851 0.386928
0.815275 0.328597
0.815283 0.46991
0.816834 0.5229
0.818006 0.228813
0.818536 0.137781
0.820459 0.448891
0.820962 0.909776
0.822908 0.60981
0.822949 0.29702
0.824082 0.350136
0.824822 0.78176
0.826058 0.564229
0.826447 0.091805
0.829865 0.532362
0.837414 0.414588
0.838117 0.231012
0.838491 0.521902
0.8389 0.385448
0.839078 0.380177
0.839468 0.93196
0.839492 0.337272
0.839948 0.00977442
0.840854 0.239959
0.844444 0.563884
0.846957 0.798354
0.853652 0.322471
0.853679 0.782865
0.855002 0.0224869
0.855789 0.242422
0.857242 0.667284
0.859645 0.0555598
0.860486 0.189341
0.860754 0.686177
0.861782 0.977796
0.862682 0.0980131
0.863781 0.56185
0.865869 0.661066
0.868799 0.897217
0.869243 0.36085
0.87061 0.341332
0.87279 0.985699
0.872907 0.952787
0.873744 0.0175551
0.87447 0.216392
0.880506 0.668552
0.881502 0.401869
0.882698 0.501285
0.884255 0.680975
0.885932 0.854981
0.886518 0.700327
0.888172 0.500983
0.890593 0.201571
0.891057 0.00133018
0.892713 0.835883
0.893532 0.598796
0.894104 0.210321
0.89532 0.640768
0.900459 0.00962096
0.901604 0.261949
0.901675 0.457795
0.906386 0.622491
0.908035 0.339648
0.908967 0.00555023
0.91028 0.0835657
0.911914 0.543204
0.921688 0.816276
0.924425 0.804625
0.924854 0.0133371
0.925437 0.823777
0.925752 0.121806
0.928528 0.778135
0.931809 0.910931
0.932204 0.561138
0.93564 0.306642
0.936627 0.893332
0.936671 0.624706
0.937272 0.733034
0.937415 0.138343
0.93832 0.33615
0.940597 0.615556
0.941439 0.772355
0.942068 0.340332
0.942201 0.57739
0.942244 0.295069
0.943277 0.659058
0.943709 0.91559
0.946101 0.112409
0.94941 0.741146
0.951178 0.447524
0.951838 0.547546
0.952573 0.894692
0.952797 0.661813
0.959427 0.0843532
0.959995 0.638527
0.960727 0.932712
0.961853 0.859635
0.964253 0.204185
0.96504 0.428088
0.965284 0.530014
0.965537 0.786009
0.965678 0.144752
0.965837 0.823366
0.966179 0.577257
0.967018 0.67499
0.969135 0.254917
0.9704 0.515194
0.97286 0.856566
0.97361 0.459759
0.975122 0.882444
0.977228 0.264998
0.980042 0.559583
0.981608 0.892529
0.982271 0.0357374
0.982315 0.766055
0.982455 0.126879
0.982779 0.566276
0.98333 0.830279
0.983809 0.883543
0.985726 0.0980135
0.986907 0.946594
0.992637 0.244847
0.995134 0.210356
0.996947 0.681119
0.9975 0.986492
0.998026 0.830047
0.998227 0.203369
0.998675 0.728243
