0.000169936 0.856116
0.000373063 0.27008
0.00119922 0.155257
0.00156065 0.229904
0.0023152 0.911511
0.00313048 0.61402
0.00420881 0.737441
0.00460034 0.317868
0.00507137 0.234514
0.00623978 0.872049
0.00720748 0.136207
0.0073948 0.284481
0.0113605 0.936597
0.0135401 0.567621
0.0139341 0.190271
0.0147996 0.737394
0.0149273 0.882766
0.0158528 0.438786
0.0158939 0.128282
0.0159274 0.6925
0.0160091 0.0649636
0.0172355 0.677108
0.0191439 0.752136
0.0199555 0.391674
0.0200038 0.203144
0.0202129 0.718561
0.0205577 0.512884
0.0211657 0.732103
0.0214381 0.309973
0.0214633 0.733153
0.0215414 0.0457758
0.0216526 0.914924
0.0222475 0.914277
0.0232591 0.916235
0.0234439 0.0215735
0.0236706 0.831184
0.0238404 0.685476
0.0243222 0.783898
0.0252155 0.79615
0.0255301 0.0847174
0.0261509 0.518129
0.0270436 0.521161
0.0277228 0.937619
0.0284855 0.755568
0.0288652 0.13744
0.0291117 0.280775
0.0304691 0.0942499
0.03079 0.486736
0.0309487 0.154361
0.0311453 0.458388
0.0315876 0.892954
0.0329788 0.273966
0.0330699 0.805524
0.0340076 0.56546
0.0343062 0.584558
0.0351899 0.437081
0.0353091 0.439294
0.0366852 0.567819
0.0370161 0.12919
0.0374631 0.64198
0.0375859 0.706013
0.0387701 0.608345
0.0392711 0.0287121
0.0393192 0.838021
0.039866 0.0281119
0.0404157 0.267196
0.041254 0.355686
0.0419402 0.889813
0.0431125 0.592251
0.0439199 0.161963
0.0440584 0.489126
0.0455425 0.433071
0.0461898 0.312382
0.0495041 0.0162523
0.0508649 0.887063
0.0510633 0.220361
0.0511179 0.138222
0.0516824 0.625378
0.0527596 0.730071
0.0528194 0.735525
0.0542008 0.953146
0.056628 0.746115
0.0575155 0.663097
0.0576938 0.65936
0.0577772 0.0617121
0.059282 0.352562
0.0598088 0.206893
0.0614265 0.395559
0.0618065 0.78219
0.0636104 0.100769
0.0639387 0.616998
0.0649246 0.187112
0.0652954 0.419641
0.0653479 0.302495
0.0666381 0.986687
0.0670142 0.307522
0.0671436 0.481922
0.0678111 0.701914
0.0702031 0.90415
0.0706047 0.653462
0.071211 0.84287
0.0718217 0.10742
0.0725534 0.405737
0.0725682 0.653254
0.0728494 0.380467
0.0728762 0.830976
0.0734365 0.247977
0.0741362 0.00726092
0.075068 0.668601
0.0754814 0.615716
0.0781003 0.632305
0.07817 0.803952
0.0793527 0.681278
0.0803599 0.608807
0.0807543 0.237742
0.0824617 0.933766
0.0833699 0.198325
0.0836288 0.549364
0.0839978 0.75162
0.0841236 0.86485
0.0844453 0.273035
0.0845914 0.726844
0.0851652 0.371045
0.0882241 0.782942
0.0890806 0.178288
0.0912348 0.382571
0.0917078 0.333591
0.0921483 0.736828
0.0924351 0.556282
0.0931796 0.0703258
0.0940682 0.00355492
0.0947377 0.256755
0.0952413 0.721255
0.0955673 0.199314
0.095806 0.211964
0.0958497 0.945765
0.0970833 0.678685
0.0974926 0.557821
0.0979915 0.942555
0.0980432 0.811353
0.0982039 0.513344
0.0983297 0.627912
0.098775 0.111509
0.100192 0.933709
0.100228 0.529672
0.101773 0.499318
0.102635 0.994795
0.102834 0.323976
0.104871 0.565828
0.107185 0.457906
0.107327 0.85301
0.107499 0.732621
0.108392 0.743378
0.110162 0.498302
0.11019 0.956943
0.111768 0.477065
0.112898 0.478965
0.113901 0.329608
0.116394 0.233045
0.117045 0.183607
0.118348 0.0671141
0.119219 0.717326
0.120194 0.0981908
0.121233 0.554884
0.121296 0.630141
0.121359 0.677693
0.12234 0.163932
0.123297 0.251425
0.123885 0.142203
0.124102 0.776229
0.124233 0.98886
0.124815 0.758306
0.125404 0.666646
0.126495 0.00484656
0.127307 0.649174
0.127982 0.999719
0.128856 0.677221
0.128916 0.697474
0.129881 0.91541
0.129997 0.865334
0.130212 0.465636
0.131545 0.875341
0.131716 0.749614
0.132236 0.485454
0.132417 0.533371
0.133261 0.724105
0.133319 0.697557
0.133405 0.145858
0.134731 0.425332
0.135287 0.766557
0.135827 0.841381
0.135829 0.87199
0.13611 0.594484
0.136138 0.070335
0.136318 0.096612
0.137287 0.386863
0.137613 0.861753
0.140191 0.192783
0.141939 0.567714
0.143261 0.791691
0.143393 0.999275
0.144891 0.184202
0.145263 0.438982
0.146249 0.00175498
0.146648 0.708805
0.148228 0.272058
0.148602 0.552281
0.14871 0.37271
0.149081 0.596607
0.149478 0.269979
0.149753 0.891137
0.150226 0.842635
0.152411 0.56907
0.15251 0.229035
0.152551 0.925911
0.152927 0.250118
0.153162 0.198568
0.15333 0.0221264
0.153461 0.212649
0.154074 0.529823
0.154107 0.0774025
0.154312 0.526303
0.154612 0.570312
0.155047 0.87831
0.155551 0.340493
0.155998 0.860891
0.156463 0.678252
0.157527 0.559698
0.157733 0.020479
0.15817 0.365769
0.158676 0.868055
0.159737 0.702989
0.159973 0.660658
0.160691 0.740855
0.160944 0.98454
0.162593 0.697658
0.16356 0.959641
0.164541 0.444987
0.164622 0.794997
0.165167 0.960818
0.166139 0.290991
0.167549 0.993276
0.168033 0.133882
0.168886 0.465584
0.169384 0.84527
0.170622 0.639197
0.17285 0.0970455
0.175146 0.675568
0.175155 0.831672
0.176439 0.414584
0.176588 0.913896
0.177528 0.710358
0.178775 0.671832
0.180475 0.241015
0.181623 0.537773
0.182133 0.116178
0.186124 0.18155
0.187868 0.50348
0.188348 0.569243
0.188506 0.213687
0.188927 0.294547
0.190083 0.731437
0.190347 0.168722
0.191292 0.0405289
0.193796 0.123386
0.195154 0.955511
0.195381 0.761827
0.195744 0.861245
0.195745 0.893912
0.196308 0.345967
0.1967 0.934761
0.197072 0.185541
0.197269 0.50814
0.19844 0.178835
0.200004 0.464416
0.200024 0.80714
0.200161 0.109204
0.200613 0.698286
0.204019 0.952959
0.205216 0.06708
0.205324 0.886296
0.205346 0.252155
0.205647 0.308146
0.206002 0.271159
0.206911 0.547903
0.206954 0.2694
0.207846 0.275133
0.208429 0.0638781
0.20844 0.254669
0.208576 0.53622
0.209045 0.421013
0.209546 0.839346
0.210177 0.447105
0.212342 0.834971
0.213213 0.466361
0.213411 0.805247
0.214768 0.599046
0.216214 0.916702
0.21645 0.870975
0.217122 0.17237
0.217388 0.645171
0.217395 0.756368
0.217483 0.244279
0.217746 0.664714
0.218412 0.852524
0.219034 0.305783
0.219307 0.886627
0.21958 0.484737
0.219931 0.37714
0.220029 0.0241365
0.220175 0.473782
0.220355 0.511368
0.222381 0.563024
0.22256 0.569579
0.224006 0.868906
0.224653 0.748318
0.224989 0.385167
0.225472 0.504782
0.227064 0.271685
0.227326 0.674315
0.227331 0.751319
0.228337 0.663469
0.228755 0.685906
0.228871 0.633482
0.229351 0.702172
0.232091 0.759447
0.232375 0.533407
0.234155 0.442902
0.234767 0.729076
0.235895 0.692666
0.235928 0.248651
0.236469 0.336944
0.237231 0.133575
0.237514 0.894331
0.237969 0.550305
0.239586 0.718247
0.241786 0.698139
0.24221 0.823046
0.242643 0.104763
0.242799 0.71798
0.24401 0.0698112
0.24501 0.875225
0.245941 0.536307
0.245995 0.442115
0.248428 0.332711
0.248542 0.245366
0.25049 0.986755
0.252339 0.0615182
0.253222 0.901308
0.254868 0.570451
0.255022 0.152417
0.255081 0.151602
0.255811 0.417518
0.256292 0.506587
0.258582 0.995795
0.258735 0.557013
0.260574 0.470514
0.26093 0.452999
0.261024 0.038128
0.261258 0.962121
0.261426 0.782048
0.261641 0.396641
0.262055 0.366218
0.263014 0.476659
0.263298 0.24532
0.264779 0.145517
0.270157 0.532349
0.271964 0.895617
0.273472 0.242386
0.274862 0.599223
0.275439 0.300774
0.276974 0.107891
0.277102 0.260839
0.278096 0.960761
0.278658 0.4002
0.279554 0.466203
0.27974 0.582092
0.282453 0.191026
0.284809 0.78995
0.285126 0.106395
0.286544 0.95281
0.287551 0.87295
0.288147 0.8865
0.288221 0.134016
0.288514 0.0587039
0.291315 0.138651
0.292398 0.328096
0.292534 0.612495
0.293742 0.924326
0.294165 0.0368916
0.295548 0.278477
0.295945 0.950081
0.296263 0.29366
0.297717 0.737133
0.298095 0.0778224
0.298284 0.251728
0.298558 0.862947
0.29865 0.409234
0.298789 0.744208
0.298874 0.170571
0.300084 0.50963
0.301067 0.0329269
0.301727 0.118361
0.301957 0.993634
0.302885 0.587636
0.30345 0.0788932
0.303914 0.884577
0.304092 0.8794
0.304873 0.997952
0.305236 0.100947
0.305313 0.39755
0.305617 0.505586
0.30604 0.620351
0.306165 0.7069
0.306239 0.965349
0.306577 0.632478
0.306899 0.0515417
0.306975 0.32418
0.307196 0.0490932
0.308682 0.0207131
0.311753 0.63475
0.312231 0.668682
0.313703 0.404118
0.314428 0.598431
0.314754 0.0734299
0.315357 0.210261
0.316671 0.291955
0.317133 0.0517763
0.318615 0.961998
0.319402 0.186105
0.320638 0.963534
0.323673 0.96947
0.324054 0.372989
0.324503 0.928981
0.324864 0.991177
0.326483 0.195699
0.326574 0.732986
0.326983 0.609242
0.327503 0.345544
0.327715 0.911919
0.327929 0.505608
0.327931 0.529533
0.330755 0.990953
0.33109 0.636864
0.331564 0.593902
0.33273 0.186639
0.33334 0.44092
0.334065 0.626804
0.335022 0.715894
0.335372 0.601566
0.335379 0.707316
0.336698 0.885251
0.336878 0.911997
0.336949 0.104783
0.337056 0.90131
0.338366 0.917771
0.339684 0.0722817
0.339898 0.664194
0.34073 0.644782
0.34136 0.244159
0.342162 0.724814
0.344 0.607643
0.344197 0.922377
0.344433 0.87989
0.345157 0.0509664
0.345374 0.709121
0.345956 0.48147
0.346418 0.247357
0.346518 0.922286
0.346644 0.0444532
0.34759 0.94074
0.349052 0.520486
0.350411 0.362121
0.350521 0.209762
0.350795 0.808576
0.351486 0.431157
0.351802 0.738499
0.352482 0.165836
0.352718 0.130643
0.353418 0.890108
0.353527 0.724937
0.353727 0.0933674
0.353956 0.931732
0.354772 0.661195
0.357078 0.40303
0.357087 0.566554
0.359917 0.122211
0.360782 0.668481
0.362593 0.10012
0.36323 0.804574
0.363911 0.254936
0.363936 0.675705
0.364675 0.098775
0.365397 0.227926
0.365493 0.847178
0.3655 0.952818
0.3658 0.0087232
0.366705 0.21035
0.369566 0.2964
0.371731 0.680838
0.373298 0.0133465
0.3738 0.457036
0.374651 0.754467
0.374803 0.320342
0.375363 0.723912
0.375994 0.338019
0.376517 0.12135
0.377205 0.681993
0.377317 0.570824
0.37808 0.38965
0.378386 0.528695
0.378944 0.903816
0.381474 0.43993
0.382231 0.157725
0.382515 0.937007
0.384195 0.173068
0.386031 0.0292489
0.386165 0.268436
0.386487 0.681771
0.38765 0.225107
0.387744 0.820935
0.387861 0.779022
0.388241 0.165332
0.390302 0.81018
0.390415 0.699786
0.390672 0.0323234
0.391431 0.785408
0.392646 0.194395
0.392966 0.571721
0.39428 0.65851
0.39489 0.912948
0.395149 0.261811
0.395915 0.149532
0.396599 0.639073
0.397291 0.265066
0.397343 0.141854
0.398726 0.394068
0.399782 0.137754
0.400441 0.211346
0.400814 0.479415
0.402339 0.104091
0.403095 0.812635
0.404052 0.901295
0.405458 0.533259
0.405514 0.480884
0.406609 0.88103
0.406732 0.952811
0.407342 0.198389
0.407611 0.722336
0.408197 0.563158
0.408231 0.143139
0.409616 0.413455
0.411836 0.728487
0.41216 0.168542
0.412808 0.0699309
0.413332 0.874268
0.415336 0.547918
0.416756 0.413601
0.41733 0.0731176
0.417423 0.627771
0.418837 0.397535
0.419332 0.706548
0.420189 0.116052
0.420352 0.85878
0.420849 0.204257
0.421236 0.719286
0.422267 0.0351518
0.422785 0.74079
0.423865 0.897278
0.423939 0.147079
0.424749 0.762269
0.425091 0.511778
0.425209 0.488516
0.425864 0.48901
0.426654 0.773231
0.428193 0.640359
0.428544 0.538397
0.428614 0.715671
0.431753 0.465369
0.431946 0.711895
0.433221 0.139673
0.433339 0.123352
0.43369 0.0269936
0.434846 0.462897
0.434919 0.685165
0.435098 0.690968
0.435693 0.684522
0.436065 0.951064
0.436495 0.179647
0.437596 0.679964
0.437799 0.0869621
0.440036 0.69258
0.44131 0.1013
0.441529 0.778974
0.442358 0.712705
0.442477 0.717868
0.445241 0.17039
0.446416 0.906834
0.446468 0.780429
0.44824 0.566339
0.448419 0.580704
0.448867 0.11043
0.449832 0.328201
0.450157 0.79719
0.450253 0.398403
0.450613 0.461209
0.450665 0.324027
0.451059 0.955568
0.451134 0.205517
0.451578 0.664799
0.451801 0.418552
0.452104 0.518449
0.452152 0.310627
0.452231 0.642862
0.452915 0.137326
0.45302 0.900967
0.453302 0.639622
0.453323 0.992153
0.454164 0.129973
0.456062 0.0419541
0.456147 0.460593
0.456782 0.142726
0.45683 0.949351
0.456911 0.307758
0.456913 0.344691
0.457753 0.459751
0.457934 0.504976
0.458358 0.62961
0.459404 0.205201
0.46045 0.788572
0.463269 0.155903
0.464322 0.859447
0.464498 0.812329
0.465035 0.839318
0.466028 0.534263
0.466578 0.782973
0.46757 0.456692
0.467807 0.429608
0.468237 0.657291
0.469461 0.234295
0.470178 0.289714
0.471257 0.416414
0.471987 0.682902
0.472536 0.919967
0.473265 0.159015
0.473874 0.394215
0.474205 0.956056
0.474509 0.074619
0.476464 0.935712
0.477267 0.433327
0.477347 0.767691
0.47758 0.689469
0.477864 0.453991
0.478087 0.200435
0.480936 0.0977755
0.481306 0.304438
0.481316 0.482989
0.481847 0.409754
0.482133 0.207999
0.482586 0.815512
0.483086 0.230127
0.483136 0.0591739
0.483736 0.150455
0.484695 0.266147
0.484726 0.792744
0.485893 0.411785
0.486485 0.35723
0.487829 0.949391
0.489122 0.678836
0.489169 0.461895
0.490157 0.0746786
0.491137 0.538996
0.492483 0.15916
0.492592 0.98549
0.493533 0.809853
0.493791 0.144754
0.495903 0.642887
0.499302 0.769803
0.500314 0.783437
0.500571 0.104704
0.500648 0.399107
0.502403 0.886809
0.505358 0.557722
0.505828 0.447743
0.505968 0.79747
0.506102 0.0627026
0.50712 0.169878
0.507423 0.263209
0.507467 0.990098
0.507557 0.510793
0.508078 0.274088
0.508479 0.0105496
0.510689 0.152142
0.512146 0.632305
0.513399 0.693026
0.51393 0.613944
0.514263 0.210698
0.514327 0.301013
0.514492 0.0750072
0.514918 0.220686
0.516373 0.675601
0.517486 0.390234
0.518677 0.409954
0.51883 0.967643
0.519598 0.889205
0.519905 0.0508601
0.520055 0.569487
0.520486 0.803127
0.520822 0.448944
0.521043 0.167346
0.522112 0.141128
0.523386 0.550012
0.523416 0.0569572
0.524015 0.112879
0.524904 0.0534649
0.525831 0.638638
0.525846 0.88693
0.526913 0.830979
0.527183 0.361891
0.527311 0.518643
0.527767 0.180784
0.528003 0.154137
0.52861 0.34274
0.529165 0.670363
0.529918 0.328819
0.533361 0.19531
0.533652 0.0809605
0.534974 0.315496
0.535025 0.169485
0.535456 0.41488
0.53557 0.332591
0.53585 0.0336795
0.537469 0.242741
0.53866 0.252216
0.539336 0.625276
0.539461 0.721162
0.539997 0.72623
0.54082 0.560011
0.541504 0.0585906
0.542098 0.0349652
0.54248 0.466902
0.543826 0.076258
0.543922 0.69461
0.544257 0.32591
0.544268 0.505682
0.544559 0.395448
0.544914 0.366459
0.545123 0.876907
0.545324 0.260426
0.545574 0.462224
0.547185 0.54561
0.548105 0.994518
0.548108 0.0424704
0.54827 0.770688
0.548473 0.184589
0.549046 0.821534
0.549269 0.565591
0.549323 0.479648
0.549609 0.283662
0.549716 0.076229
0.550932 0.51815
0.55172 0.760061
0.551791 0.94441
0.553617 0.642796
0.554262 0.480619
0.558999 0.103799
0.560634 0.571177
0.560634 0.578894
0.561339 0.424096
0.561774 0.734809
0.562535 0.528059
0.563754 0.017783
0.56444 0.544366
0.564822 0.967577
0.565341 0.682309
0.565479 0.00541821
0.565776 0.994024
0.566791 0.060432
0.567919 0.0153036
0.568412 0.307428
0.570225 0.763173
0.570509 0.542501
0.570746 0.533605
0.570771 0.956276
0.571107 0.590667
0.571196 0.0844786
0.57155 0.0421535
0.572171 0.484205
0.572619 0.99946
0.57285 0.895231
0.572921 0.091351
0.573668 0.633992
0.576783 0.998037
0.576825 0.702959
0.576895 0.869111
0.577147 0.106957
0.578222 0.174052
0.578635 0.122811
0.578641 0.216798
0.579551 0.518258
0.579946 0.157367
0.580807 0.624865
0.58082 0.843964
0.580969 0.33912
0.581446 0.360499
0.582043 0.399751
0.582642 0.468195
0.584962 0.459471
0.585201 0.470486
0.585648 0.992292
0.585973 0.448719
0.586116 0.853958
0.587115 0.636723
0.587118 0.68941
0.587182 0.761794
0.587639 0.453112
0.587844 0.894695
0.588961 0.659895
0.590141 0.500735
0.590468 0.992271
0.5908 0.5813
0.590813 0.802192
0.590836 0.17259
0.591402 0.695779
0.592993 0.428692
0.593947 0.469822
0.595523 0.963115
0.596525 0.791812
0.59851 0.154873
0.599132 0.604775
0.599138 0.719814
0.599423 0.509944
0.600202 0.594843
0.600528 0.0712428
0.602746 0.354759
0.603794 0.971603
0.604573 0.063851
0.6062 0.397829
0.60676 0.813828
0.607132 0.0647881
0.607298 0.860132
0.609753 0.120696
0.60987 0.0818671
0.610874 0.966868
0.611283 0.840635
0.614866 0.0494568
0.616345 0.913214
0.617606 0.10213
0.618289 0.579
0.619065 0.626254
0.619584 0.344579
0.619674 0.853385
0.621246 0.277258
0.622774 0.964052
0.623351 0.652941
0.623597 0.786915
0.624431 0.810156
0.625615 0.706658
0.626487 0.372068
0.629205 0.048395
0.630284 0.175378
0.630766 0.27837
0.631562 0.656335
0.631852 0.541962
0.63226 0.400702
0.632421 0.096088
0.632526 0.856567
0.633464 0.628431
0.634873 0.30661
0.635479 0.48899
0.63589 0.406718
0.636477 0.261049
0.638344 0.649102
0.639128 0.821053
0.640143 0.888369
0.640665 0.650561
0.640693 0.130145
0.641634 0.94341
0.641928 0.890466
0.645304 0.619708
0.646556 0.673009
0.646586 0.177019
0.646941 0.133896
0.648967 0.190342
0.650813 0.215596
0.651675 0.696359
0.653337 0.628209
0.657942 0.0373637
0.658202 0.406771
0.660459 0.335837
0.661527 0.284786
0.66198 0.893543
0.662086 0.680577
0.662852 0.548325
0.66295 0.204205
0.663113 0.940022
0.663444 0.498544
0.663605 0.21431
0.663926 0.610732
0.664311 0.0783265
0.665808 0.230133
0.667846 0.493696
0.66814 0.434671
0.669374 0.16731
0.669431 0.132144
0.669975 0.27379
0.670364 0.812706
0.671244 0.594925
0.671921 0.976102
0.671964 0.694883
0.673702 0.911596
0.67656 0.93707
0.677502 0.775662
0.678537 0.17055
0.678697 0.858908
0.679082 0.326557
0.679129 0.11619
0.680881 0.570003
0.6809 0.883551
0.681268 0.0641601
0.681441 0.98385
0.681705 0.409771
0.683384 0.628121
0.685137 0.0982207
0.686668 0.822252
0.687276 0.0551203
0.688785 0.408424
0.689363 0.128
0.689428 0.220475
0.68958 0.770596
0.690196 0.120374
0.690681 0.271788
0.690731 0.112841
0.691792 0.946946
0.692863 0.945615
0.696629 0.235428
0.697429 0.691422
0.700422 0.984454
0.70122 0.400165
0.70155 0.952176
0.70189 0.673354
0.702019 0.831906
0.702043 0.234893
0.702173 0.425823
0.702193 0.758091
0.702647 0.38715
0.702906 0.739527
0.703903 0.504698
0.705859 0.36954
0.705963 0.123288
0.706484 0.874875
0.708189 0.540518
0.709099 0.834222
0.710721 0.0940214
0.712595 0.585116
0.712942 0.4135
0.713594 0.380027
0.713603 0.530137
0.714208 0.700191
0.714352 0.12084
0.714662 0.327473
0.715331 0.572533
0.716277 0.46018
0.716784 0.995384
0.717629 0.186712
0.718261 0.80582
0.718307 0.584692
0.718372 0.67262
0.719032 0.776133
0.719229 0.0743449
0.722023 0.0356518
0.722668 0.885958
0.723886 0.3484
0.726137 0.192636
0.726496 0.213047
0.727325 0.144955
0.728788 0.739751
0.729385 0.767959
0.729733 0.620597
0.731007 0.0410796
0.731217 0.563173
0.731292 0.831209
0.73147 0.80872
0.731922 0.408766
0.731948 0.851574
0.73218 0.755062
0.732699 0.468081
0.732819 0.495721
0.733208 0.0190699
0.733222 0.257344
0.733798 0.947602
0.733862 0.0127082
0.734329 0.875783
0.734637 0.0527777
0.735838 0.2312
0.737952 0.761899
0.738408 0.429354
0.739019 0.692831
0.73951 0.950606
0.742716 0.828255
0.742721 0.90529
0.745076 0.493296
0.745185 0.329089
0.745328 0.720248
0.745411 0.124306
0.746011 0.211283
0.746296 0.00498934
0.746923 0.534101
0.747528 0.706135
0.747999 0.619346
0.749242 0.509569
0.749459 0.165156
0.74957 0.0183468
0.749572 0.0478678
0.749986 0.0123816
0.751206 0.515121
0.751863 0.559028
0.752391 0.436502
0.753869 0.277531
0.75421 0.0104252
0.754417 0.493848
0.756132 0.307801
0.757366 0.0543394
0.7575 0.297361
0.761115 0.0621765
0.762103 0.659988
0.763026 0.179851
0.763669 0.993381
0.764747 0.108123
0.765655 0.371194
0.766344 0.944391
0.766454 0.790201
0.769862 0.0716792
0.770535 0.388781
0.770851 0.690387
0.771375 0.501619
0.771393 0.796736
0.77373 0.0867296
0.774827 0.511459
0.776247 0.390932
0.777615 0.367368
0.778147 0.308885
0.778485 0.991729
0.778651 0.789641
0.779413 0.592047
0.780005 0.539667
0.784177 0.6587
0.784386 0.170689
0.784691 0.293752
0.787722 0.242227
0.787887 0.0164084
0.787938 0.869506
0.788763 0.741417
0.789768 0.637867
0.790185 0.63299
0.790604 0.682177
0.793011 0.130035
0.793627 0.486443
0.793641 0.727926
0.795023 0.947926
0.795928 0.160642
0.796423 0.475244
0.797257 0.507016
0.797442 0.616073
0.798426 0.14765
0.799528 0.672361
0.799586 0.648747
0.800408 0.458211
0.800586 0.442758
0.801174 0.326351
0.803369 0.223057
0.803511 0.606437
0.805779 0.722467
0.807197 0.564335
0.809727 0.0800608
0.810187 0.807293
0.810907 0.917927
0.811396 0.13034
0.81151 0.0471818
0.812182 0.338973
0.812463 0.0661005
0.815005 0.781579
0.815333 0.307324
0.818043 0.856676
0.820322 0.153785
0.821503 0.00694369
0.82175 0.152665
0.822945 0.234096
0.823515 0.818964
0.82414 0.322351
0.824799 0.399716
0.826074 0.831289
0.826839 0.675308
0.826936 0.306722
0.829417 0.0155571
0.830857 0.212366
0.831167 0.420471
0.832223 0.174464
0.832503 0.879599
0.832683 0.904037
0.83304 0.902151
0.833988 0.843307
0.834221 0.747741
0.834677 0.419532
0.834697 0.751104
0.835604 0.00470542
0.837436 0.7876
0.839064 0.145081
0.839317 0.395285
0.840078 0.190952
0.840986 0.45454
0.841141 0.0575123
0.841393 0.293527
0.841854 0.0354966
0.842465 0.305149
0.843356 0.286424
0.843428 0.49667
0.843768 0.208049
0.844137 0.404624
0.844882 0.931409
0.845196 0.204339
0.845372 0.170478
0.84544 0.307016
0.845808 0.491577
0.846148 0.215791
0.84699 0.357532
0.84748 0.59358
0.847509 0.087933
0.847906 0.762151
0.84807 0.511993
0.849631 0.754858
0.849685 0.661245
0.851088 0.236328
0.851824 0.610467
0.852133 0.793425
0.852191 0.772168
0.852294 0.505278
0.852408 0.417722
0.853301 0.422523
0.854304 0.289311
0.855271 0.538592
0.855354 0.929196
0.855868 0.577194
0.85644 0.189893
0.85703 0.0967533
0.857271 0.149067
0.859003 0.258567
0.860253 0.265465
0.86074 0.460472
0.862476 0.630235
0.862719 0.717095
0.864333 0.841561
0.864386 0.728922
0.86441 0.131988
0.865838 0.138899
0.866163 0.599826
0.867558 0.0549381
0.868808 0.0527425
0.869618 0.670523
0.870492 0.366652
0.870663 0.227018
0.870741 0.546849
0.871764 0.742627
0.872205 0.144768
0.872618 0.0918602
0.87343 0.745924
0.873485 0.655301
0.873935 0.224433
0.874688 0.877113
0.877113 0.631804
0.877784 0.917969
0.877841 0.881449
0.877893 0.741411
0.878247 0.696754
0.87868 0.975113
0.878805 0.0798972
0.879627 0.889228
0.881124 0.0475072
0.881689 0.542818
0.882913 0.112082
0.883181 0.624258
0.883349 0.452199
0.88358 0.332302
0.884425 0.528326
0.885996 0.939215
0.886937 0.755063
0.888343 0.385994
0.889168 0.238582
0.889781 0.548728
0.890005 0.315763
0.890956 0.297843
0.891859 0.472797
0.892738 0.249647
0.892818 0.597998
0.893204 0.080149
0.893684 0.139047
0.89415 0.983378
0.894622 0.905065
0.895003 0.316074
0.895026 0.696874
0.895876 0.996261
0.896078 0.384962
0.896505 0.559794
0.896758 0.807415
0.898612 0.972972
0.899381 0.892406
0.899833 0.497023
0.900814 0.976327
0.90138 0.492253
0.901713 0.0942824
0.901899 0.21259
0.904171 0.399903
0.904178 0.513182
0.90454 0.60421
0.905727 0.547294
0.90603 0.652262
0.906162 0.858563
0.90728 0.647977
0.907819 0.709598
0.909189 0.735856
0.910241 0.422723
0.910395 0.00362456
0.910598 0.428365
0.913399 0.488332
0.914471 0.510261
0.914788 0.844041
0.915064 0.47535
0.915111 0.262769
0.915274 0.00443195
0.915419 0.453428
0.915736 0.780415
0.91672 0.310795
0.916817 0.937028
0.917946 0.919276
0.920363 0.549465
0.920426 0.600703
0.921605 0.416366
0.922373 0.326862
0.92247 0.960327
0.923451 0.434975
0.924108 0.487577
0.924948 0.603781
0.926625 0.792383
0.930617 0.8847
0.930787 0.736519
0.930968 0.773393
0.932252 0.357643
0.934238 0.732436
0.935302 0.619556
0.935459 0.264892
0.936306 0.488301
0.936603 0.481258
0.937412 0.0760763
0.938851 0.272956
0.939515 0.429719
0.939954 0.805031
0.940364 0.698427
0.94061 0.837309
0.940909 0.865344
0.942586 0.0480839
0.944686 0.346011
0.945751 0.238836
0.946375 0.728214
0.946558 0.794194
0.947196 0.526267
0.947608 0.45395
0.947787 0.46308
0.948097 0.671333
0.948966 0.268294
0.949213 0.421333
0.950534 0.619452
0.950883 0.484917
0.951363 0.556596
0.951768 0.362892
0.951769 0.374827
0.952993 0.958257
0.954278 0.542099
0.954543 0.0123024
0.954593 0.84693
0.955544 0.835349
0.956338 0.17862
0.957466 0.125243
0.957491 0.546356
0.957967 0.557866
0.958836 0.149466
0.959411 0.813937
0.960114 0.631981
0.961103 0.266678
0.961324 0.978279
0.961461 0.273793
0.961541 0.624655
0.961649 0.4343
0.961861 0.00185612
0.964516 0.613695
0.964987 0.535029
0.966257 0.881436
0.966736 0.939286
0.967601 0.466827
0.96785 0.649669
0.968167 0.989687
0.968588 0.0559671
0.968687 0.722843
0.970786 0.00647907
0.970977 0.212692
0.971418 0.62471
0.972154 0.992729
0.972469 0.283715
0.9726 0.486376
0.973246 0.338772
0.97361 0.464776
0.974031 0.542256
0.974498 0.384333
0.975905 0.0386884
0.976708 0.525237
0.977049 0.260259
0.979516 0.7265
0.980818 0.608817
0.981423 0.784866
0.982146 0.925427
0.982455 0.11827
0.983786 0.484562
0.984216 0.713247
0.984554 0.405624
0.985285 0.690809
0.986215 0.317517
0.986338 0.39138
0.986571 0.304893
0.986727 0.920794
0.986858 0.11739
0.987897 0.577871
0.98884 0.435707
0.989666 0.309152
0.98977 0.0703827
0.989886 0.015619
0.990237 0.908225
0.990913 0.269554
0.991504 0.214397
0.992138 0.862618
0.992141 0.920713
0.992233 0.460778
0.992279 0.226354
0.992318 0.884943
0.992983 0.070421
0.993951 0.333757
0.994316 0.464551
0.994665 0.336034
0.995634 0.61885
0.997907 0.829768
0.998856 0.766001
0.999615 0.525104
