0.00251814 0.322321
0.00293558 0.338293
0.00511278 0.930506
0.00843795 0.816589
0.00849177 0.72113
0.00868795 0.0184418
0.00912003 0.28042
0.00982056 0.054191
0.0107786 0.156124
0.0121411 0.0562996
0.0170471 0.510387
0.0197719 0.305839
0.0199715 0.660612
0.020478 0.173941
0.0230074 0.685855
0.0242606 0.747812
0.0248654 0.912716
0.0252142 0.774424
0.0278053 0.323778
0.0281582 0.255259
0.0284714 0.518781
0.0302445 0.318535
0.0313235 0.453704
0.0317781 0.0941347
0.0335223 0.40953
0.0341339 0.689138
0.0411018 0.798224
0.0434619 0.464149
0.0451653 0.0938141
0.0468871 0.0318145
0.0494218 0.63219
0.0528805 0.76229
0.0538062 0.321472
0.0546834 0.0642539
0.0557446 0.898742
0.0563235 0.628578
0.0564592 0.910105
0.0570085 0.142599
0.0578907 0.969523
0.0594048 0.416008
0.0625002 0.44157
0.0636441 0.666052
0.066038 0.900102
0.0694178 0.705518
0.0701981 0.818733
0.071193 0.540725
0.0721533 0.679794
0.0728306 0.0646964
0.0729332 0.788791
0.0751365 0.818365
0.0758597 0.974704
0.0760735 0.567579
0.0781527 0.512537
0.0785683 0.497571
0.0791843 0.849807
0.0815145 0.01418
0.0848253 0.659133
0.0856599 0.686562
0.0871099 0.0565766
0.0873725 0.470038
0.0878388 0.305995
0.0904259 0.787354
0.0926153 0.585259
0.0951537 0.24823
0.10023 0.558011
0.100434 0.986227
0.100935 0.411791
0.101037 0.136355
0.103189 0.292522
0.103285 0.908354
0.103303 0.206218
0.103511 0.707751
0.103641 0.889484
0.104658 0.990892
0.1054 0.463432
0.106194 0.805051
0.106714 0.550033
0.108743 0.650533
0.109813 0.627344
0.110572 0.380107
0.111939 0.364056
0.112354 0.327427
0.114375 0.306236
0.115499 0.18498
0.116214 0.212169
0.116713 0.595196
0.117936 0.147868
0.117953 0.436716
0.117971 0.734274
0.121302 0.715096
0.122267 0.936507
0.122475 0.442023
0.128677 0.679769
0.128845 0.502356
0.128986 0.872925
0.129472 0.0439359
0.130755 0.606327
0.13393 0.955806
0.135145 0.385384
0.139403 0.946473
0.149806 0.79034
0.149943 0.0858144
0.15023 0.918699
0.150552 0.327714
0.151734 0.197261
0.151909 0.136924
0.152849 0.931077
0.156567 0.423462
0.157668 0.9318
0.158897 0.580509
0.164987 0.940622
0.167508 0.309102
0.167621 0.20587
0.16771 0.70314
0.169215 0.990226
0.171201 0.373345
0.17123 0.863628
0.174289 0.28174
0.175013 0.440309
0.175666 0.412081
0.176347 0.858725
0.176661 0.148185
0.182936 0.605928
0.18353 0.58357
0.18524 0.320707
0.186754 0.774368
0.186776 0.146645
0.192649 0.851046
0.193228 0.58888
0.195113 0.257454
0.196588 0.0576763
0.19763 0.559668
0.197639 0.72637
0.200954 0.439366
0.20123 0.0700798
0.202315 0.314607
0.202871 0.655918
0.203613 0.125399
0.204122 0.676865
0.204737 0.00782925
0.205258 0.773222
0.206248 0.418516
0.208775 0.885257
0.210498 0.843848
0.21125 0.474278
0.212334 0.693064
0.212676 0.43808
0.213905 0.108649
0.215942 0.345453
0.216944 0.185796
0.218502 0.359844
0.220061 0.566512
0.22012 0.558989
0.220869 0.147102
0.223431 0.204976
0.224566 0.278902
0.226383 0.811243
0.227234 0.117165
0.228212 0.559459
0.230189 0.793205
0.230868 0.191177
0.237379 0.633019
0.240817 0.409805
0.241223 0.242828
0.241334 0.106545
0.243421 0.183635
0.24374 0.537498
0.249275 0.562341
0.255055 0.714679
0.25554 0.861475
0.265405 0.665581
0.27128 0.395535
0.271353 0.622522
0.273072 0.517281
0.273601 0.411652
0.273707 0.18769
0.278 0.354164
0.281066 0.88121
0.281494 0.0630077
0.282537 0.603341
0.283962 0.541888
0.285806 0.543655
0.286857 0.201744
0.292119 0.642879
0.294175 0.203233
0.298141 0.852672
0.299511 0.888103
0.300366 0.255947
0.301574 0.555311
0.302388 0.234795
0.303501 0.938299
0.304105 0.0936392
0.30494 0.127157
0.307682 0.219181
0.310997 0.934689
0.311442 0.41316
0.312321 0.178365
0.313462 0.354175
0.31508 0.547529
0.316879 0.778414
0.317174 0.736662
0.31985 0.722687
0.320737 0.619234
0.321153 0.620939
0.32129 0.923707
0.323729 0.904784
0.323752 0.302645
0.324226 0.273231
0.324445 0.953745
0.330186 0.443455
0.333537 0.760967
0.33397 0.0259434
0.334087 0.00540434
0.336909 0.433852
0.336916 0.554018
0.337956 0.0203608
0.339222 0.305549
0.341646 0.0365891
0.342835 0.0276014
0.346272 0.785831
0.346376 0.544549
0.347259 0.384073
0.348035 0.431899
0.348397 0.514991
0.348641 0.607759
0.349995 0.365417
0.352265 0.509646
0.352285 0.855274
0.352322 0.481963
0.354508 0.223659
0.356765 0.148014
0.35744 0.498183
0.357547 0.287619
0.35787 0.713751
0.358069 0.0616994
0.359567 0.249429
0.361604 0.476043
0.363108 0.752759
0.363312 0.184692
0.36584 0.667046
0.366242 0.424615
0.369119 0.785645
0.372462 0.966141
0.374129 0.980645
0.37568 0.0596963
0.377052 0.105215
0.377967 0.483561
0.381263 0.89507
0.382281 0.00474161
0.387697 0.0281005
0.394185 0.0631361
0.396488 0.775051
0.403482 0.322108
0.404889 0.961696
0.408776 0.305884
0.409103 0.791073
0.4098 0.513002
0.417069 0.678063
0.417429 0.733787
0.418169 0.172431
0.421253 0.991887
0.421943 0.60067
0.42377 0.308627
0.424969 0.456198
0.425599 0.0419338
0.42838 0.786505
0.429487 0.381019
0.429922 0.695661
0.431274 0.42368
0.433539 0.491602
0.434029 0.71984
0.435926 0.609547
0.43852 0.213326
0.441022 0.255244
0.441477 0.903915
0.449837 0.413971
0.45373 0.845666
0.453908 0.834071
0.455554 0.496013
0.459229 0.255145
0.460241 0.271832
0.461632 0.64472
0.462257 0.161286
0.462384 0.286506
0.463851 0.939467
0.466529 0.958473
0.46744 0.264706
0.468739 0.0902433
0.470371 0.524493
0.471685 0.606844
0.477046 0.703624
0.478162 0.470263
0.478384 0.207495
0.479601 0.648172
0.479641 0.331836
0.48696 0.336174
0.487836 0.0646967
0.490988 0.0403728
0.492127 0.170258
0.493997 0.612367
0.494041 0.350418
0.494734 0.986296
0.495151 0.00881838
0.498993 0.580826
0.503134 0.166131
0.503262 0.320473
0.503434 0.213263
0.503516 0.588059
0.504058 0.706937
0.504315 0.0249252
0.505105 0.301124
0.506479 0.394157
0.509577 0.468063
0.510557 0.933108
0.512876 0.907566
0.513687 0.53153
0.514796 0.183998
0.51551 0.169433
0.515618 0.99196
0.516185 0.516057
0.516479 0.45657
0.518637 0.735282
0.519415 0.813106
0.520127 0.769512
0.52315 0.580704
0.531162 0.244149
0.532256 0.629034
0.532346 0.140814
0.533495 0.454345
0.535753 0.406468
0.537396 0.0182115
0.538226 0.964097
0.541281 0.315731
0.546097 0.258946
0.546802 0.097511
0.547404 0.224481
0.547997 0.180953
0.548075 0.500893
0.551789 0.912901
0.558137 0.609527
0.561932 0.383261
0.562297 0.531993
0.564691 0.768359
0.565144 0.378407
0.56575 0.552609
0.568531 0.306267
0.569533 0.136725
0.573997 0.174279
0.576707 0.712666
0.577081 0.995503
0.579183 0.321707
0.580328 0.570662
0.581249 0.0551022
0.581585 0.693853
0.584862 0.77688
0.586241 0.955769
0.589424 0.445261
0.592572 0.351486
0.593715 0.571805
0.593922 0.0448423
0.596447 0.480763
0.596921 0.457649
0.597084 0.185099
0.600679 0.604607
0.600993 0.893214
0.602451 0.401325
0.602682 0.270204
0.603375 0.916468
0.607751 0.471347
0.613647 0.558167
0.613695 0.375209
0.613889 0.626486
0.614012 0.702485
0.616493 0.403846
0.617624 0.403023
0.621826 0.0277093
0.622103 0.687819
0.622171 0.830148
0.622275 0.583247
0.624871 0.205747
0.625502 0.817842
0.633188 0.991198
0.633373 0.0925137
0.635114 0.366884
0.637277 0.70913
0.638241 0.922049
0.638344 0.650698
0.642613 0.391801
0.649207 0.222526
0.658086 0.445342
0.658354 0.96136
0.664253 0.0988799
0.66485 0.127128
0.664955 0.902375
0.666061 0.492287
0.666628 0.0239835
0.667289 0.122206
0.668575 0.744296
0.671392 0.0829121
0.671726 0.706127
0.673226 0.914189
0.674174 0.842064
0.674241 0.969108
0.675973 0.0765102
0.677734 0.672106
0.678277 0.79593
0.681176 0.523281
0.682796 0.752394
0.685405 0.598172
0.685611 0.0677029
0.68623 0.471648
0.690878 0.584205
0.69224 0.473901
0.696473 0.624841
0.696791 0.960742
0.699546 0.271936
0.700627 0.436814
0.70154 0.787822
0.70176 0.476453
0.702009 0.670839
0.70269 0.109641
0.702816 0.226095
0.704284 0.895382
0.705515 0.591409
0.707177 0.524692
0.707211 0.0994212
0.710388 0.492493
0.711989 0.395951
0.71261 0.838401
0.71459 0.112789
0.716418 0.834177
0.716687 0.363461
0.717506 0.123548
0.717584 0.437236
0.717738 0.0297989
0.719151 0.769446
0.719444 0.696717
0.723202 0.860064
0.723719 0.544
0.727267 0.179549
0.731717 0.964851
0.733856 0.912593
0.738087 0.0259115
0.738536 0.571823
0.739292 0.285282
0.739344 0.153649
0.740834 0.203337
0.742223 0.545202
0.742957 0.869745
0.744417 0.413028
0.744443 0.859929
0.744481 0.495579
0.745519 0.942889
0.746126 0.1365
0.75117 0.916725
0.751994 0.761971
0.752942 0.702297
0.75471 0.404793
0.758666 0.892774
0.75881 0.31779
0.761421 0.194983
0.762561 0.355595
0.763423 0.851236
0.764812 0.199095
0.767748 0.536488
0.774397 0.289911
0.774885 0.495037
0.775679 0.84309
0.776263 0.644279
0.780572 0.0801445
0.782304 0.187233
0.784023 0.0751216
0.784056 0.625112
0.788432 0.175616
0.789756 0.430069
0.790501 0.951227
0.790891 0.499229
0.790984 0.0721261
0.793583 0.744041
0.795289 0.419749
0.796123 0.435524
0.800252 0.836753
0.801555 0.74273
0.801942 0.237653
0.80586 0.0912053
0.80866 0.145623
0.8094 0.579329
0.809542 0.967663
0.809803 0.355751
0.810464 0.466535
0.812906 0.506434
0.816016 0.786643
0.81778 0.426912
0.817963 0.506439
0.818201 0.504156
0.818583 0.918844
0.823067 0.292994
0.825985 0.330919
0.827877 0.131868
0.8284 0.923933
0.829976 0.402277
0.830697 0.527836
0.83197 0.913311
0.832135 0.691383
0.83223 0.281725
0.833329 0.768329
0.833339 0.930703
0.838285 0.0577557
0.843616 0.652982
0.845659 0.988916
0.850257 0.264999
0.851125 0.850596
0.854203 0.591498
0.856669 0.0398636
0.860039 0.683203
0.861121 0.860235
0.861175 0.771867
0.861411 0.727814
0.863702 0.239531
0.86533 0.59583
0.86534 0.762116
0.865614 0.370525
0.867002 0.704235
0.870569 0.648377
0.872014 0.933585
0.874117 0.287737
0.875005 0.216348
0.875935 0.843479
0.878078 0.853105
0.878945 0.426501
0.879041 0.0467551
0.881995 0.687537
0.882091 0.311422
0.88217 0.636646
0.88316 0.269042
0.88825 0.814381
0.890099 0.896314
0.893482 0.746841
0.893613 0.952179
0.89567 0.530941
0.897558 0.263088
0.898219 0.37078
0.899315 0.7802
0.900008 0.432475
0.900445 0.773468
0.903755 0.412536
0.907336 0.592768
0.908591 0.692519
0.911224 0.945049
0.914707 0.477127
0.915857 0.805887
0.917129 0.185595
0.917395 0.654945
0.918669 0.0753575
0.921676 0.606545
0.92556 0.895041
0.927082 0.464087
0.928751 0.512589
0.931102 0.0365523
0.933098 0.574877
0.934736 0.101149
0.937968 0.423649
0.939219 0.446991
0.942564 0.675384
0.944824 0.656128
0.945317 0.94808
0.948797 0.425772
0.950918 0.0858647
0.952237 0.254525
0.954542 0.981396
0.955796 0.0585129
0.956168 0.322903
0.956436 0.816656
0.956815 0.193761
0.95839 0.664851
0.958925 0.644436
0.961025 0.948694
0.968027 0.629223
0.968359 0.213228
0.970499 0.168045
0.970583 0.589596
0.972624 0.885654
0.975122 0.881098
0.975744 0.336901
0.976069 0.787474
0.976782 0.775843
0.977817 0.165081
0.98085 0.140329
0.981757 0.387709
0.983858 0.703285
0.984139 0.426076
0.986773 0.693867
0.987558 0.891075
0.987757 0.236527
0.990444 0.390068
0.991552 0.00649558
0.991743 0.229058
0.993645 0.188311
0.994301 0.221057
0.99899 0.0204884
