0.00170517 0.658795
0.00201215 0.81825
0.00267508 0.960128
0.00428655 0.0441239
0.00474815 0.8022
0.00488576 0.115057
0.00530516 0.163751
0.00581729 0.7712
0.00662912 0.415645
0.00702039 0.991689
0.00853767 0.492536
0.00914995 0.783264
0.00923032 0.134049
0.0094279 0.45473
0.0124312 0.930703
0.0132766 0.139211
0.0139412 0.30931
0.0186322 0.151747
0.0195663 0.850724
0.0200368 0.758683
0.0209107 0.446211
0.022494 0.057189
0.0236286 0.125058
0.0276923 0.424851
0.0290344 0.980924
0.0290742 0.649993
0.0301786 0.212489
0.0307096 0.135826
0.0322998 0.862728
0.0330753 0.896662
0.0350117 0.44103
0.0366693 0.301269
0.0367906 0.338911
0.0398439 0.656398
0.0416264 0.614754
0.0416431 0.895877
0.0422041 0.323521
0.0446822 0.97351
0.0449886 0.123222
0.0452537 0.579682
0.04805 0.575847
0.0486394 0.481698
0.0491983 0.87576
0.0505597 0.757364
0.0505665 0.871542
0.052494 0.266685
0.0525314 0.894524
0.0533612 0.841443
0.0585212 0.565409
0.0590672 0.741718
0.059433 0.890434
0.0610314 0.754298
0.0616372 0.936741
0.0641274 0.78955
0.064193 0.891878
0.0665047 0.745215
0.0671234 0.14311
0.0672644 0.512442
0.0686724 0.176229
0.0689378 0.638229
0.0696947 0.358514
0.0709079 0.748773
0.0754373 0.874512
0.0759028 0.697767
0.0769556 0.392053
0.0772144 0.742144
0.0776329 0.775546
0.0787507 0.56327
0.079752 0.391216
0.0799225 0.258132
0.0810134 0.592788
0.0810914 0.90354
0.0816285 0.930701
0.0816316 0.982441
0.0823613 0.245736
0.0827882 0.42099
0.0829671 0.427349
0.0839312 0.632011
0.0846274 0.332183
0.084715 0.805332
0.085395 0.233851
0.0862575 0.73047
0.0887837 0.187835
0.0892165 0.460934
0.0893142 0.103024
0.0905582 0.0119444
0.0916748 0.778521
0.0940791 0.18713
0.0950117 0.861008
0.0960242 0.879213
0.0971552 0.886952
0.09776 0.0524818
0.0978869 0.184573
0.0984939 0.386722
0.0988636 0.600664
0.100293 0.629746
0.10389 0.0754883
0.103915 0.493823
0.104909 0.210126
0.106045 0.29238
0.108549 0.378798
0.109765 0.813166
0.111142 0.963426
0.111428 0.778592
0.111998 0.353982
0.113613 0.499681
0.114845 0.203825
0.116146 0.0682665
0.11921 0.560994
0.119313 0.297713
0.119664 0.197253
0.119783 0.199536
0.120043 0.57025
0.120388 0.365606
0.121085 0.0763119
0.121884 0.503074
0.122977 0.879883
0.123161 0.97493
0.12441 0.96281
0.124485 0.226613
0.125869 0.472588
0.128718 0.361226
0.128858 0.714991
0.129101 0.801248
0.12978 0.213613
0.130647 0.778329
0.130701 0.690414
0.131171 0.589632
0.13305 0.177108
0.134551 0.403187
0.135984 0.4794
0.136837 0.814319
0.138539 0.425474
0.140211 0.518931
0.141193 0.0291343
0.141322 0.196107
0.141645 0.63246
0.143219 0.082207
0.143764 0.248873
0.144969 0.49994
0.145126 0.125593
0.145297 0.0074737
0.145421 0.0941794
0.145828 0.938605
0.146215 0.44213
0.147163 0.375616
0.147244 0.732701
0.147817 0.367087
0.149082 0.625329
0.150863 0.547449
0.15156 0.270113
0.152099 0.321161
0.154017 0.560699
0.154231 0.156071
0.156371 0.128865
0.156836 0.948567
0.156838 0.978143
0.157231 0.578159
0.157496 0.0343683
0.158107 0.30575
0.15871 0.440186
0.15914 0.657805
0.159422 0.412535
0.159719 0.390388
0.160237 0.0992977
0.160416 0.113467
0.161856 0.30573
0.162801 0.200358
0.162816 0.443961
0.163563 0.00469688
0.164761 0.130675
0.164875 0.0460302
0.16593 0.778517
0.167635 0.447963
0.16776 0.538801
0.168467 0.428026
0.170178 0.182686
0.170884 0.0532614
0.171264 0.438992
0.172553 0.098093
0.172757 0.527099
0.172823 0.639946
0.173004 0.683574
0.174487 0.610161
0.174719 0.498975
0.175106 0.00563812
0.177601 0.941438
0.178809 0.246295
0.179407 0.298273
0.180425 0.401292
0.181583 0.861661
0.181649 0.980245
0.182693 0.524398
0.183471 0.600195
0.183605 0.856224
0.186445 0.583224
0.187905 0.117295
0.188252 0.948472
0.189282 0.257724
0.189729 0.768816
0.190745 0.852254
0.190841 0.469362
0.191755 0.824526
0.192214 0.542211
0.192702 0.747282
0.193786 0.961881
0.19545 0.921906
0.195498 0.739996
0.195907 0.60643
0.198265 0.242459
0.198853 0.125277
0.201816 0.92207
0.203112 0.709829
0.203661 0.92422
0.203804 0.333897
0.205525 0.254272
0.20734 0.757382
0.207519 0.766449
0.207741 0.495283
0.208434 0.143378
0.208457 0.533038
0.210747 0.0266826
0.211044 0.0231385
0.212152 0.63768
0.212765 0.94054
0.213398 0.581412
0.213825 0.756346
0.214207 0.183368
0.214775 0.722789
0.2154 0.233884
0.215598 0.551788
0.215882 0.329551
0.216061 0.343799
0.21651 0.880695
0.217666 0.308482
0.217761 0.916441
0.218259 0.27768
0.219172 0.620393
0.221403 0.114023
0.222051 0.00321089
0.222177 0.133877
0.222476 0.15177
0.223154 0.552043
0.223679 0.369269
0.225223 0.330714
0.226173 0.28202
0.226526 0.21613
0.227741 0.647563
0.228361 0.0641401
0.229161 0.516049
0.230308 0.785814
0.23044 0.00499693
0.23132 0.793063
0.231508 0.956802
0.232107 0.0168247
0.232459 0.938647
0.234405 0.639558
0.234752 0.470704
0.234869 0.445477
0.236238 0.453375
0.236734 0.796292
0.237488 0.45283
0.238829 0.991897
0.239543 0.998174
0.240424 0.803262
0.2407 0.447069
0.242084 0.698821
0.24261 0.551501
0.24309 0.618304
0.243221 0.810103
0.245877 0.456628
0.247627 0.868092
0.248502 0.575108
0.248605 0.300376
0.248884 0.997379
0.248924 0.668616
0.250083 0.145592
0.252797 0.754096
0.253773 0.168669
0.254945 0.861465
0.255026 0.217845
0.255556 0.127361
0.257663 0.535851
0.258916 0.602199
0.259046 0.793809
0.259074 0.259345
0.259719 0.105073
0.261162 0.347611
0.261473 0.579359
0.262419 0.481023
0.262713 0.419032
0.263034 0.817043
0.263852 0.563771
0.264357 0.0563052
0.264419 0.085504
0.26468 0.468811
0.26566 0.941651
0.268194 0.530733
0.270486 0.0503776
0.271018 0.00390061
0.272113 0.40065
0.272354 0.445067
0.272665 0.672613
0.27405 0.963097
0.275887 0.825672
0.276701 0.507191
0.277171 0.412708
0.277204 0.96633
0.27793 0.167264
0.28008 0.31166
0.28063 0.540655
0.280748 0.525258
0.282541 0.66661
0.283656 0.406773
0.284458 0.892992
0.287566 0.129428
0.289263 0.645439
0.289627 0.760056
0.289951 0.210167
0.29139 0.386636
0.291582 0.613706
0.292392 0.227378
0.295099 0.723855
0.296967 0.130214
0.29697 0.171725
0.297313 0.933944
0.299618 0.686916
0.299772 0.27526
0.300868 0.681965
0.301318 0.259088
0.301691 0.512435
0.30314 0.872542
0.303947 0.431202
0.303972 0.862412
0.303984 0.058204
0.305469 0.0152747
0.306435 0.260931
0.306905 0.153699
0.309218 0.0322843
0.310037 0.794798
0.311661 0.0879069
0.31293 0.417025
0.313132 0.804011
0.313791 0.892482
0.314277 0.0617009
0.31501 0.380187
0.315932 0.864032
0.316059 0.00820718
0.318546 0.801528
0.320484 0.369469
0.321179 0.0633399
0.321213 0.622925
0.322525 0.683151
0.322993 0.539378
0.325884 0.134283
0.325896 0.327806
0.328728 0.939821
0.329369 0.712724
0.330465 0.121699
0.330593 0.26862
0.33104 0.792031
0.332271 0.48665
0.332523 0.711551
0.332612 0.206285
0.332624 0.407376
0.33269 0.524731
0.332711 0.868105
0.332952 0.919425
0.334054 0.448644
0.334203 0.947917
0.334971 0.855517
0.33536 0.400413
0.336776 0.200034
0.340826 0.260911
0.344282 0.34784
0.345449 0.956198
0.346624 0.702488
0.351077 0.553359
0.351225 0.0356877
0.354062 0.725724
0.35428 0.381053
0.354804 0.185922
0.354964 0.872487
0.355032 0.0287003
0.357419 0.143687
0.360392 0.112472
0.361067 0.458947
0.361235 0.270578
0.362572 0.747151
0.363 0.948929
0.363915 0.326031
0.363986 0.52082
0.364296 0.715103
0.365482 0.653186
0.366577 0.0547486
0.367669 0.413846
0.367909 0.452143
0.369641 0.548369
0.370147 0.0632862
0.37069 0.194836
0.372174 0.124796
0.37282 0.988665
0.372958 0.298305
0.37799 0.873573
0.378177 0.0194446
0.379549 0.0789885
0.380001 0.676726
0.381637 0.166895
0.382707 0.161315
0.383857 0.484542
0.385495 0.0123714
0.386961 0.661013
0.388179 0.130334
0.388676 0.469745
0.389244 0.0224625
0.389624 0.406995
0.390001 0.751027
0.392638 0.0687272
0.394725 0.145825
0.395484 0.903903
0.395776 0.806779
0.396014 0.814436
0.396949 0.527109
0.397064 0.459885
0.398352 0.105126
0.399188 0.150524
0.3992 0.35552
0.399447 0.498244
0.399781 0.112678
0.400995 0.52176
0.40184 0.732411
0.403313 0.476636
0.404778 0.105907
0.406101 0.341686
0.408435 0.558684
0.409925 0.617552
0.410201 0.248211
0.41046 0.593349
0.410719 0.952519
0.410723 0.0153255
0.411219 0.365975
0.411449 0.217207
0.414358 0.108363
0.414456 0.756432
0.418763 0.149338
0.419501 0.55969
0.421164 0.502826
0.421303 0.837565
0.421765 0.61023
0.421802 0.232465
0.423067 0.495247
0.424804 0.673172
0.425415 0.942316
0.426333 0.373349
0.42635 0.66762
0.427047 0.371588
0.428885 0.273584
0.429343 0.974325
0.429738 0.60963
0.430841 0.142003
0.431035 0.403274
0.431185 0.930401
0.43308 0.772118
0.435963 0.235626
0.436804 0.368076
0.439908 0.531821
0.440563 0.545409
0.440848 0.328111
0.441736 0.248435
0.442705 0.538396
0.446403 0.701807
0.448423 0.64956
0.448946 0.432774
0.4499 0.471657
0.451376 0.280426
0.452993 0.4507
0.455161 0.896396
0.457841 0.935108
0.460121 0.253223
0.461799 0.460757
0.463435 0.954135
0.463676 0.998364
0.463992 0.310019
0.465533 0.212876
0.466792 0.367747
0.467831 0.829395
0.468188 0.842496
0.468941 0.491521
0.469836 0.540791
0.470232 0.195279
0.471737 0.47734
0.472102 0.612924
0.472658 0.96009
0.474215 0.123893
0.47456 0.927952
0.474713 0.494343
0.475394 0.941277
0.475739 0.7392
0.475896 0.390375
0.476449 0.673818
0.477973 0.297062
0.479643 0.359972
0.481464 0.958885
0.481615 0.499277
0.482534 0.952506
0.484549 0.817088
0.484613 0.888761
0.486048 0.0087152
0.486124 0.28403
0.487439 0.395229
0.490891 0.407933
0.4912 0.604807
0.491601 0.332119
0.493314 0.130567
0.493565 0.344715
0.494397 0.32387
0.494626 0.183225
0.49556 0.883227
0.495959 0.582928
0.496232 0.171763
0.497435 0.393004
0.49832 0.270681
0.498598 0.928678
0.500501 0.914133
0.501418 0.339054
0.502381 0.515666
0.502566 0.62261
0.502654 0.1035
0.502812 0.759785
0.504416 0.714537
0.505144 0.950611
0.505416 0.533788
0.506338 0.0304526
0.507111 0.0100947
0.507804 0.664419
0.50862 0.38273
0.508629 0.532151
0.509048 0.574709
0.509591 0.68969
0.509662 0.888518
0.510614 0.883699
0.5126 0.26876
0.517154 0.813258
0.517734 0.561666
0.517906 0.442247
0.517942 0.0496045
0.518888 0.958344
0.519331 0.389137
0.520309 0.837684
0.52242 0.314858
0.522984 0.786158
0.524105 0.632048
0.524568 0.410363
0.525027 0.130607
0.525449 0.227433
0.526401 0.215203
0.526933 0.16468
0.527465 0.0967819
0.527644 0.110623
0.527665 0.459898
0.528753 0.75107
0.529912 0.239332
0.530336 0.357266
0.530908 0.977752
0.531095 0.110217
0.531412 0.44424
0.534553 0.225721
0.535048 0.555099
0.53508 0.0968555
0.535376 0.0623267
0.535465 0.560936
0.536453 0.171692
0.537163 0.0959014
0.539216 0.601025
0.54084 0.896732
0.541938 0.34667
0.542099 0.0529424
0.542133 0.629206
0.542572 0.99994
0.543089 0.702745
0.545643 0.625449
0.546139 0.950218
0.547124 0.510118
0.547683 0.902552
0.548433 0.514996
0.549046 0.819766
0.549293 0.966254
0.549638 0.768811
0.553739 0.689313
0.554023 0.467131
0.55409 0.599341
0.554185 0.187797
0.554403 0.848166
0.554486 0.249916
0.554912 0.4031
0.55623 0.554722
0.557127 0.637435
0.557496 0.835466
0.55905 0.957789
0.559753 0.76659
0.55993 0.750441
0.560415 0.88952
0.560629 0.498447
0.564912 0.48403
0.564939 0.921735
0.565389 0.496588
0.565835 0.990994
0.566453 0.377369
0.566477 0.773383
0.567795 0.923886
0.568568 0.926201
0.569856 0.575872
0.571006 0.890537
0.572091 0.134735
0.57267 0.869033
0.572959 0.724176
0.574422 0.304923
0.574447 0.73031
0.574818 0.95909
0.576285 0.621623
0.576401 0.578419
0.579403 0.0331198
0.579825 0.116187
0.581212 0.437156
0.586486 0.0695978
0.588807 0.0827416
0.589206 0.780321
0.590375 0.43491
0.590421 0.206034
0.591101 0.628862
0.593984 0.0843485
0.595187 0.302756
0.59566 0.251209
0.598593 0.544187
0.599043 0.114227
0.599048 0.193978
0.599137 0.687523
0.59921 0.927431
0.599989 0.0127682
0.600358 0.210893
0.600851 0.504974
0.600882 0.0202147
0.600968 0.464196
0.601011 0.197448
0.601259 0.356741
0.60157 0.592018
0.601593 0.974861
0.60257 0.386593
0.603327 0.11655
0.607859 0.29144
0.608564 0.143756
0.610542 0.382236
0.610925 0.815786
0.612974 0.253979
0.613278 0.365044
0.614445 0.976963
0.614943 0.347343
0.617307 0.0738366
0.618078 0.0417391
0.618118 0.714916
0.618961 0.874556
0.620421 0.418942
0.621707 0.0214352
0.622419 0.00215866
0.624145 0.00163513
0.625171 0.257425
0.625555 0.694207
0.626575 0.849382
0.627 0.986749
0.62811 0.649039
0.62892 0.251402
0.629456 0.263951
0.629594 0.582012
0.630125 0.510671
0.63061 0.656505
0.630673 0.726244
0.634077 0.931963
0.63453 0.550355
0.635595 0.445403
0.635723 0.600292
0.635841 0.577507
0.637887 0.96068
0.638111 0.73
0.638159 0.544991
0.640662 0.614418
0.641252 0.52441
0.641716 0.322033
0.642078 0.407998
0.642587 0.961163
0.643359 0.931499
0.643916 0.295327
0.644199 0.0457378
0.645409 0.381627
0.645706 0.382333
0.646295 0.28636
0.647537 0.1542
0.649424 0.863306
0.650509 0.109234
0.651002 0.391732
0.651485 0.509117
0.652213 0.750771
0.6525 0.564677
0.653063 0.0322205
0.653185 0.0773604
0.653304 0.0825623
0.653923 0.490068
0.655089 0.0808713
0.655913 0.923778
0.658341 0.734889
0.660182 0.671039
0.660498 0.983125
0.660568 0.161847
0.660829 0.558341
0.66213 0.423495
0.664114 0.759015
0.664391 0.410954
0.666867 0.0374474
0.667414 0.22476
0.668117 0.0396815
0.669644 0.704303
0.669708 0.784905
0.670062 0.735372
0.67039 0.243571
0.672191 0.511138
0.672288 0.151944
0.6727 0.0705879
0.676335 0.159055
0.67677 0.478072
0.678029 0.630228
0.679955 0.995387
0.680658 0.824013
0.681096 0.174046
0.68246 0.104095
0.683048 0.985285
0.687224 0.171648
0.687515 0.0648745
0.689978 0.454699
0.690201 0.199961
0.690564 0.316675
0.691517 0.328589
0.692359 0.470346
0.693248 0.420339
0.693615 0.588003
0.694742 0.524005
0.696833 0.6642
0.696946 0.565859
0.697104 0.234768
0.697312 0.720437
0.700464 0.701772
0.70296 0.650501
0.70375 0.918842
0.704094 0.708265
0.705362 0.0256752
0.706889 0.686407
0.708244 0.461439
0.708681 0.795248
0.709086 0.605433
0.71023 0.833336
0.711459 0.484588
0.712699 0.339358
0.71295 0.545163
0.714793 0.531433
0.714959 0.313606
0.716407 0.660517
0.716485 0.96259
0.718781 0.548133
0.721363 0.943527
0.721833 0.854334
0.722469 0.52987
0.722502 0.0846813
0.723431 0.708525
0.723646 0.324307
0.724384 0.7137
0.727048 0.501061
0.727467 0.53015
0.727749 0.278049
0.728 0.489833
0.729221 0.0174758
0.72927 0.847846
0.729286 0.113175
0.730187 0.253381
0.731028 0.384947
0.732126 0.839017
0.732591 0.656855
0.734291 0.225881
0.734446 0.841963
0.734669 0.574358
0.734878 0.102705
0.736415 0.928753
0.736419 0.000105771
0.736999 0.73967
0.738455 0.216977
0.740494 0.482848
0.741019 0.314577
0.741173 0.896379
0.742034 0.363125
0.742743 0.282686
0.742908 0.0470218
0.743961 0.746442
0.744215 0.0137698
0.744361 0.474396
0.74555 0.462599
0.745785 0.409961
0.746362 0.113375
0.748678 0.0320471
0.749303 0.532726
0.749679 0.855775
0.750199 0.587851
0.751269 0.581112
0.751678 0.454973
0.752364 0.989343
0.7529 0.997157
0.754931 0.12206
0.755494 0.584939
0.755663 0.43499
0.756931 0.746045
0.758399 0.404469
0.758515 0.356608
0.75852 0.45335
0.759887 0.416684
0.759984 0.0436374
0.762168 0.757652
0.76338 0.121419
0.765505 0.84928
0.766216 0.789204
0.766511 0.756562
0.766986 0.741094
0.768734 0.104857
0.769734 0.918739
0.771334 0.810238
0.771509 0.745048
0.771772 0.179547
0.772049 0.826908
0.773139 0.146599
0.77476 0.399011
0.775677 0.808091
0.776389 0.763605
0.777697 0.756274
0.781003 0.321313
0.781264 0.704017
0.783659 0.963126
0.783778 0.959289
0.78399 0.515732
0.786447 0.81913
0.78911 0.571068
0.789126 0.832743
0.789587 0.5906
0.791209 0.847739
0.791652 0.288706
0.791846 0.561303
0.792781 0.263981
0.793131 0.154302
0.793318 0.293412
0.794423 0.860346
0.795282 0.305406
0.796094 0.953999
0.7963 0.413262
0.796537 0.405563
0.797744 0.679514
0.797872 0.84277
0.797884 0.0440954
0.798255 0.268016
0.799475 0.771819
0.799724 0.957683
0.799771 0.75184
0.800547 0.79331
0.801984 0.93892
0.802235 0.165433
0.802444 0.684262
0.8025 0.611875
0.802758 0.961262
0.803423 0.133342
0.803919 0.458791
0.80412 0.844901
0.804547 0.0239198
0.804785 0.029573
0.805625 0.132166
0.805824 0.486603
0.808216 0.689519
0.808391 0.621598
0.809329 0.384602
0.811296 0.447154
0.811444 0.940564
0.811581 0.249093
0.811584 0.285548
0.811588 0.362012
0.813014 0.32072
0.813679 0.494904
0.813917 0.508133
0.814382 0.317277
0.81584 0.827501
0.816401 0.248258
0.817384 0.7769
0.820131 0.938149
0.820402 0.50111
0.82234 0.0724632
0.822476 0.353615
0.823845 0.357834
0.826223 0.332111
0.826689 0.159255
0.826998 0.361412
0.827152 0.942266
0.827719 0.474283
0.82918 0.0257679
0.830724 0.971512
0.831533 0.569532
0.832432 0.68679
0.832539 0.483247
0.832981 0.914048
0.833287 0.0532413
0.83352 0.965737
0.835307 0.00759213
0.835986 0.409289
0.836188 0.816546
0.836608 0.867495
0.836671 0.933524
0.837333 0.0480722
0.837791 0.750566
0.838918 0.693314
0.840029 0.365051
0.840455 0.53143
0.840537 0.913638
0.841 0.690145
0.841802 0.159695
0.842467 0.34306
0.84266 0.59213
0.843702 0.0996319
0.844114 0.0289818
0.844449 0.655077
0.845428 0.101261
0.84544 0.314999
0.847477 0.553611
0.849611 0.408345
0.850384 0.409666
0.853841 0.510472
0.855566 0.504431
0.856303 0.891945
0.856471 0.709845
0.856648 0.678528
0.856888 0.711816
0.858683 0.88002
0.860129 0.1928
0.86155 0.0697537
0.862608 0.85218
0.863247 0.598372
0.864925 0.793048
0.865838 0.135071
0.866382 0.282594
0.868377 0.820019
0.86847 0.383203
0.869714 0.283303
0.87123 0.761226
0.871838 0.982903
0.872541 0.801159
0.873306 0.651267
0.874268 0.818354
0.874321 0.706459
0.876471 0.844563
0.876478 0.960323
0.876595 0.929453
0.877691 0.351286
0.880031 0.68924
0.880297 0.14498
0.882499 0.153571
0.882639 0.511022
0.884023 0.768393
0.884935 0.107529
0.886362 0.0843236
0.886477 0.0188455
0.887271 0.359502
0.887323 0.229568
0.888892 0.613292
0.889103 0.156954
0.889347 0.249777
0.889644 0.253653
0.892247 3.58969e-05
0.89363 0.240729
0.894521 0.213685
0.894932 0.129839
0.895206 0.723816
0.895808 0.844345
0.895817 0.994588
0.896838 0.15913
0.896906 0.301945
0.897156 0.505002
0.897832 0.864829
0.898248 0.849832
0.898311 0.910039
0.898856 0.0732146
0.899028 0.967625
0.901076 0.382824
0.903743 0.215726
0.905124 0.415863
0.90575 0.945899
0.90577 0.273299
0.906208 0.636324
0.906553 0.437111
0.907479 0.00314142
0.909821 0.362524
0.912002 0.00963086
0.914281 0.321407
0.914506 0.104368
0.914607 0.804585
0.915409 0.282031
0.916154 0.792302
0.917153 0.593709
0.917688 0.590832
0.918168 0.647931
0.921346 0.0580801
0.923504 0.329388
0.923725 0.0539419
0.924213 0.244676
0.924665 0.841897
0.925914 0.834003
0.92649 0.524872
0.926862 0.766511
0.926913 0.629705
0.927439 0.474668
0.928192 0.123826
0.92832 0.277353
0.928505 0.384672
0.929337 0.373376
0.929658 0.75874
0.931923 0.823891
0.932116 0.0782052
0.932384 0.579291
0.933571 0.527047
0.934323 0.17165
0.936683 0.839462
0.936715 0.368603
0.93806 0.972323
0.938413 0.902097
0.938487 0.153346
0.938628 0.51885
0.939098 0.414851
0.9391 0.446094
0.939157 0.410631
0.940548 0.795501
0.9414 0.10547
0.941533 0.339194
0.942992 0.867145
0.943348 0.843446
0.946263 0.83572
0.947245 0.341063
0.948899 0.144889
0.949435 0.145543
0.950654 0.636042
0.951548 0.672939
0.952701 0.0506926
0.953939 0.855139
0.954241 0.922282
0.954305 0.0116268
0.954435 0.187858
0.95488 0.673303
0.955674 0.0121364
0.956395 0.127286
0.957739 0.718938
0.958232 0.00114621
0.958902 0.272785
0.961916 0.914841
0.962529 0.219978
0.964378 0.299015
0.965383 0.193642
0.965442 0.185548
0.965881 0.564186
0.965914 0.113308
0.968722 0.309844
0.969113 0.876974
0.969215 0.595332
0.969556 0.334862
0.969728 0.22435
0.969901 0.12078
0.970984 0.336098
0.972813 0.0647719
0.973204 0.635698
0.97442 0.0817351
0.9745 0.428254
0.977058 0.407129
0.977468 0.305525
0.978177 0.225845
0.980652 0.819014
0.980785 0.0460856
0.980976 0.26731
0.982794 0.824609
0.98283 0.428288
0.983328 0.801611
0.984792 0.391281
0.985652 0.845708
0.986156 0.323325
0.986184 0.802831
0.987629 0.0873117
0.987912 0.84529
0.989576 0.79763
0.989679 0.532462
0.992033 0.0916124
0.992486 0.711326
0.992635 0.217244
0.995594 0.942237
0.995692 0.602195
0.99683 0.717851
