8.28458e-06 0.139247
0.000200231 0.365284
0.000519995 0.739566
0.00088834 0.930341
0.00117355 0.723922
0.00124547 0.932689
0.00126843 0.318592
0.00222294 0.360966
0.00245415 0.246868
0.00401438 0.469689
0.00406781 0.367663
0.00488743 0.142997
0.00527746 0.698199
0.00622654 0.649537
0.00687088 0.478892
0.00858068 0.215583
0.00869983 0.218061
0.00956006 0.67594
0.00976195 0.0690624
0.0108658 0.621721
0.0111482 0.368297
0.0120686 0.83703
0.0148181 0.0472711
0.0152266 0.914284
0.0154196 0.157704
0.0155185 0.819344
0.0158838 0.95841
0.015907 0.348406
0.0161581 0.56905
0.0167733 0.908912
0.0168315 0.887326
0.0169826 0.426247
0.0171429 0.120279
0.0179376 0.47806
0.0181284 0.683772
0.0189881 0.133222
0.020297 0.132144
0.0220222 0.127786
0.0233705 0.787989
0.0242688 0.885658
0.0242938 0.306388
0.0249186 0.807521
0.0250606 0.193906
0.0250615 0.209449
0.0260634 0.0470215
0.0265542 0.296563
0.0269636 0.176998
0.0275221 0.563663
0.0276585 0.855694
0.0277533 0.450082
0.028174 0.520713
0.0283574 0.602581
0.0299836 0.934289
0.0307912 0.508383
0.0310628 0.0728237
0.0311756 0.968903
0.0312362 0.98709
0.0316959 0.713375
0.0320387 0.474734
0.0321121 0.708029
0.03269 0.420122
0.0327858 0.0316187
0.0328219 0.638256
0.0334717 0.559477
0.0355826 0.0361899
0.0359227 0.753533
0.0363617 0.130958
0.0365034 0.512029
0.0365848 0.881244
0.0366753 0.401681
0.037402 0.61617
0.0405517 0.552065
0.0422281 0.727041
0.0425062 0.402256
0.0425108 0.478508
0.0430657 0.805936
0.043376 0.0208415
0.0439649 0.918342
0.0448057 0.0494935
0.0458751 0.0236349
0.0461228 0.18623
0.047277 0.584865
0.0475718 0.539504
0.0476595 0.012787
0.0482094 0.254579
0.0496628 0.683033
0.0526766 0.334974
0.0528894 0.911531
0.053528 0.645545
0.0535823 0.558514
0.0537424 0.248398
0.0539042 0.968124
0.0544887 0.791618
0.0547449 0.0978825
0.0547454 0.105388
0.0547636 0.411063
0.0548267 0.472999
0.055366 0.537163
0.0555178 0.0871276
0.0556706 0.655554
0.0556891 0.967028
0.0560046 0.268963
0.0560862 0.641387
0.0588793 0.584153
0.0593348 0.239172
0.0594986 0.992309
0.0600983 0.0724297
0.0603735 0.69671
0.0619493 0.182279
0.0625116 0.632041
0.0626813 0.484564
0.063225 0.622281
0.0649272 0.23083
0.0654771 0.473428
0.0658993 0.569206
0.0669697 0.559939
0.0672803 0.779352
0.067308 0.245945
0.0686292 0.451264
0.0687121 0.843849
0.0697374 0.0770681
0.0704593 0.209232
0.070841 0.623959
0.0709764 0.900853
0.0710413 0.991536
0.0723923 0.696631
0.072407 0.944227
0.0749931 0.409205
0.075249 0.709983
0.0752602 0.897792
0.0756517 0.478602
0.0761871 0.476931
0.0762004 0.699435
0.0762325 0.239298
0.0771828 0.21165
0.0773014 0.205253
0.0776382 0.865267
0.0776396 0.88866
0.0780189 0.263293
0.0794735 0.711031
0.0799089 0.0291797
0.080091 0.0901979
0.0804334 0.843565
0.0814477 0.891761
0.0817784 0.449078
0.0817835 0.535176
0.0818398 0.481055
0.0825816 0.949581
0.0826073 0.380493
0.0846971 0.504792
0.0849307 0.429544
0.0863322 0.985092
0.0863432 0.169567
0.0890628 0.878491
0.0892837 0.59172
0.0896827 0.297275
0.0898806 0.623215
0.0899766 0.236942
0.0901747 0.566108
0.0923979 0.931574
0.0935772 0.751752
0.0942382 0.861753
0.0944145 0.824456
0.0956376 0.380619
0.0961101 0.32263
0.0969053 0.687925
0.0971067 0.0724692
0.0990482 0.702692
0.0990646 0.978908
0.0991949 0.169329
0.0995259 0.732305
0.0998689 0.496472
0.100389 0.231976
0.100394 0.314161
0.10065 0.630544
0.102494 0.621894
0.102675 0.651733
0.102799 0.735206
0.103293 0.0449161
0.10333 0.671057
0.103467 0.969771
0.10398 0.588866
0.105393 0.344095
0.105411 0.644135
0.10563 0.315853
0.105705 0.586996
0.105741 0.182966
0.106569 0.112588
0.106991 0.189411
0.107197 0.660061
0.107512 0.946578
0.109062 0.0069553
0.109419 0.00398118
0.109527 0.826179
0.110196 0.0687507
0.111537 0.599303
0.111537 0.60079
0.111792 0.895885
0.112001 0.396612
0.112718 0.448509
0.11299 0.0155241
0.113657 0.241551
0.113774 0.193369
0.114373 0.266219
0.115629 0.382421
0.115978 0.244567
0.116568 0.165946
0.116804 0.129908
0.116811 0.239336
0.117503 0.87685
0.117515 0.069277
0.118561 0.662869
0.119031 0.559292
0.119112 0.921464
0.119489 0.2586
0.120718 0.909227
0.1211 0.331945
0.121832 0.63315
0.122284 0.224133
0.122501 0.86626
0.122543 0.582568
0.123195 0.543249
0.123746 0.802259
0.124929 0.684368
0.125215 0.484452
0.126312 0.929991
0.126398 0.366999
0.126982 0.193123
0.127956 0.552833
0.128424 0.428023
0.12931 0.310467
0.13007 0.089926
0.131663 0.867395
0.131761 0.512474
0.132495 0.848616
0.132622 0.983939
0.13306 0.33607
0.133742 0.802538
0.133899 0.435024
0.134665 0.30861
0.135062 0.985466
0.135091 0.478465
0.135576 0.623563
0.135915 0.32429
0.136325 0.220527
0.136727 0.976773
0.136972 0.0863371
0.139104 0.916324
0.139909 0.449604
0.140354 0.937381
0.140984 0.51979
0.142503 0.0425118
0.142671 0.866493
0.142909 0.863592
0.143037 0.0304865
0.143546 0.580631
0.14369 5.86566e-05
0.144036 0.815732
0.144668 0.430081
0.144782 0.356166
0.144852 0.527241
0.146063 0.875527
0.148479 0.488765
0.148498 0.808847
0.148609 0.668001
0.148832 0.425034
0.148976 0.846771
0.149153 0.822091
0.150935 0.766116
0.15249 0.90723
0.152982 0.167447
0.154247 0.432803
0.154444 0.74684
0.154643 0.090805
0.15497 0.582529
0.155238 0.0846012
0.15569 0.685297
0.155753 0.737639
0.155805 0.620836
0.157297 0.692908
0.157398 0.381447
0.158653 0.486512
0.158692 0.137658
0.159185 0.430346
0.159312 0.559345
0.160135 0.382865
0.160186 0.250199
0.161047 0.710614
0.162151 0.274136
0.163366 0.69707
0.16571 0.0928603
0.166179 0.971666
0.166183 0.045915
0.166194 0.22618
0.166268 0.461564
0.166985 0.52016
0.167668 0.998188
0.168293 0.503469
0.169261 0.773293
0.170856 0.583491
0.172255 0.0815234
0.172947 0.713418
0.174045 0.177568
0.17423 0.278102
0.174317 0.747111
0.17536 0.269092
0.179678 0.83975
0.180886 0.145782
0.181167 0.871696
0.181841 0.204341
0.1819 0.19109
0.18218 0.890966
0.182693 0.516031
0.182728 0.102422
0.182862 0.364384
0.183134 0.931164
0.183776 0.715525
0.184756 0.19717
0.185494 0.593599
0.18582 0.0825136
0.185991 0.952138
0.186005 0.193621
0.186498 0.465991
0.187081 0.266366
0.188161 0.417556
0.188554 0.0198967
0.188633 0.358253
0.190669 0.569598
0.191876 0.867177
0.193033 0.309256
0.19345 0.317363
0.194451 0.135557
0.195509 0.918469
0.196326 0.651689
0.196964 0.378902
0.197425 0.125027
0.197564 0.454992
0.197647 0.85581
0.198453 0.396713
0.199075 0.849048
0.199622 0.0467929
0.199977 0.018477
0.20026 0.771267
0.20118 0.240493
0.202006 0.107324
0.202565 0.505565
0.203166 0.616913
0.203347 0.661363
0.203451 0.404029
0.204889 0.567882
0.205864 0.960674
0.206301 0.304031
0.207576 0.734086
0.208697 0.571249
0.209129 0.82623
0.209225 0.445663
0.209951 0.645141
0.210381 0.880643
0.211814 0.962522
0.212134 0.337007
0.212348 0.928277
0.214058 0.664537
0.214086 0.138518
0.214734 0.0417225
0.215506 0.0076137
0.218086 0.3711
0.21871 0.861659
0.220251 0.754552
0.220913 0.889519
0.220986 0.118548
0.221166 0.129368
0.221243 0.425204
0.221395 0.991408
0.222242 0.227667
0.223294 0.904211
0.223806 0.504757
0.224356 0.759399
0.225019 0.89493
0.225106 0.357326
0.225183 0.64809
0.225807 0.139119
0.226273 0.973604
0.227229 0.0449045
0.228199 0.345572
0.228312 0.239687
0.229955 0.851227
0.230602 0.723283
0.231238 0.416874
0.231884 0.275562
0.233317 0.364524
0.23336 0.0785784
0.233716 0.0693744
0.23395 0.000473631
0.234089 0.336457
0.235649 0.555718
0.235913 0.990381
0.235978 0.0825978
0.236895 0.497133
0.236982 0.963442
0.238218 0.735628
0.239507 0.397187
0.241783 0.639339
0.241973 0.835558
0.242621 0.725067
0.243052 0.974648
0.24309 0.617177
0.243119 0.0995478
0.243827 0.0063355
0.24407 0.0780432
0.245104 0.470811
0.247267 0.822128
0.248367 0.306674
0.248745 0.652646
0.249945 0.832063
0.250046 0.519639
0.250959 0.861781
0.251332 0.14029
0.251543 0.685197
0.252103 0.101266
0.25316 0.860315
0.253167 0.984308
0.253225 0.946803
0.254365 0.107344
0.254929 0.596214
0.256276 0.226294
0.256538 0.640139
0.25709 0.910458
0.257649 0.312306
0.258234 0.131817
0.258355 0.176393
0.258756 0.908331
0.262672 0.729677
0.26289 0.387581
0.262921 0.919712
0.263677 0.62594
0.263829 0.177352
0.264806 0.600025
0.265809 0.45163
0.266467 0.508913
0.266589 0.563162
0.267815 0.159466
0.268428 0.462529
0.268466 0.108408
0.26866 0.369625
0.268898 0.364345
0.270542 0.99225
0.273533 0.267774
0.273799 0.742422
0.274663 0.257175
0.274743 0.600564
0.274952 0.119745
0.275376 0.250687
0.27555 0.174352
0.276691 0.345928
0.276715 0.749636
0.279161 0.865232
0.279226 0.955884
0.27935 0.0330333
0.279723 0.302299
0.279776 0.199444
0.282146 0.0192203
0.282164 0.332275
0.282928 0.168922
0.28311 0.224547
0.283698 0.105558
0.283858 0.807534
0.284896 0.242133
0.285172 0.88929
0.285395 0.629621
0.285478 0.0251413
0.286711 0.75202
0.287397 0.281843
0.288071 0.609699
0.288793 0.744281
0.28895 0.38572
0.289529 0.106352
0.289815 0.918082
0.290664 0.183792
0.290706 0.898528
0.291162 0.560347
0.292698 0.3768
0.292848 0.902127
0.293043 0.181916
0.293199 0.797379
0.293929 0.0612212
0.294175 0.197575
0.294858 0.684853
0.295373 0.326824
0.29542 0.127094
0.296009 0.030793
0.296292 0.774269
0.296745 0.400151
0.297085 0.10746
0.297089 0.177553
0.298295 0.452185
0.298445 0.960912
0.298906 0.709346
0.300025 0.516855
0.300177 0.0756396
0.300655 0.11066
0.301564 0.383812
0.303147 0.994688
0.303312 0.763024
0.303335 0.15741
0.303947 0.445251
0.304296 0.300799
0.304489 0.552147
0.3054 0.865018
0.307165 0.51773
0.308184 0.643994
0.310076 0.449959
0.31062 0.583942
0.311992 0.649481
0.312829 0.718883
0.31308 0.930323
0.313874 0.277248
0.31483 0.342061
0.315201 0.590337
0.315482 0.314505
0.315827 0.111262
0.315833 0.207965
0.316072 0.225162
0.316748 0.5906
0.317204 0.246863
0.317631 0.42913
0.317638 0.534144
0.318033 0.173128
0.319666 0.621535
0.319827 0.339117
0.319995 0.153518
0.320327 0.729892
0.320939 0.0300205
0.321073 0.278223
0.321296 0.0199401
0.32187 0.66792
0.322351 0.752309
0.322816 0.569983
0.323296 0.637945
0.324583 0.261546
0.324611 0.742093
0.326114 0.00131593
0.326812 0.722329
0.32684 0.192248
0.326936 0.807438
0.32751 0.462313
0.328137 0.999307
0.329095 0.105732
0.329476 0.507898
0.329519 0.222852
0.330186 0.432569
0.330608 0.52729
0.331085 0.542212
0.331215 0.723523
0.331273 0.698657
0.331801 0.579129
0.332165 0.702026
0.332228 0.754203
0.332382 0.341319
0.332471 0.834927
0.332581 0.682756
0.332956 0.991217
0.332959 0.0354905
0.333351 0.633175
0.334607 0.741738
0.335056 0.293871
0.336913 0.498247
0.337082 0.331447
0.337915 0.344796
0.338307 0.929716
0.339516 0.241601
0.339575 0.244034
0.339814 0.252262
0.339987 0.162294
0.340003 0.432703
0.340297 0.367777
0.341142 0.570821
0.341291 0.0694051
0.342111 0.857942
0.342766 0.864102
0.342803 0.486932
0.343341 0.525575
0.344155 0.216626
0.34442 0.664164
0.344843 0.779758
0.345204 0.840702
0.345207 0.901724
0.34529 0.283509
0.346176 0.182717
0.346617 0.584208
0.346776 0.264669
0.34706 0.0410082
0.347126 0.144354
0.347474 0.997829
0.347734 0.363456
0.348418 0.867608
0.349318 0.993585
0.349564 0.118113
0.350364 0.570382
0.35093 0.0866127
0.353149 0.375114
0.353239 0.885197
0.35326 0.239113
0.3539 0.993969
0.354242 0.73753
0.356309 0.482759
0.357429 0.313825
0.357464 0.902086
0.357828 0.0148012
0.358027 0.357655
0.358986 0.473229
0.359263 0.138661
0.360316 0.831006
0.360498 0.883102
0.360908 0.774385
0.361043 0.0416526
0.361098 0.975691
0.362794 0.474538
0.363082 0.322762
0.363508 0.485768
0.36379 0.219188
0.363907 0.18482
0.364823 0.586942
0.365486 0.717307
0.366552 0.645844
0.366804 0.868178
0.367013 0.389246
0.367319 0.523689
0.369102 0.500053
0.369243 0.864908
0.369337 0.44484
0.36966 0.867614
0.370801 0.051579
0.371635 0.0753684
0.371881 0.211385
0.371881 0.212309
0.372169 0.036162
0.3722 0.562744
0.373575 0.667352
0.37364 0.773124
0.374446 0.321477
0.37468 0.240469
0.375098 0.277721
0.375233 0.537108
0.375818 0.378297
0.376181 0.481793
0.37979 0.130747
0.380416 0.658669
0.380507 0.17902
0.380875 0.368731
0.382233 0.197123
0.382325 0.7334
0.38285 0.556614
0.383986 0.645442
0.384759 0.649643
0.385845 0.892604
0.38593 0.325237
0.38597 0.990291
0.386904 0.691443
0.386924 0.0285951
0.387085 0.732073
0.388418 0.136026
0.388745 0.645383
0.392862 0.829454
0.393024 0.555997
0.39346 0.887693
0.394319 0.322437
0.394748 0.529662
0.394773 0.942456
0.395299 0.796427
0.395635 0.435726
0.395688 0.324559
0.396144 0.995809
0.397038 0.0189398
0.397086 0.832092
0.397149 0.876114
0.39759 0.292859
0.398248 0.349679
0.398524 0.98552
0.399045 0.742139
0.400006 0.901056
0.400313 0.0647532
0.400627 0.334835
0.401939 0.383235
0.402404 0.208806
0.40256 0.830781
0.40343 0.439646
0.403669 0.471189
0.403874 0.911856
0.403971 0.538802
0.404075 0.282071
0.404112 0.904001
0.406149 0.148828
0.406985 0.190132
0.407439 0.832199
0.408441 0.668981
0.408643 0.0577985
0.408972 0.586017
0.409198 0.39245
0.409347 0.897107
0.411767 0.57355
0.412363 0.583469
0.415912 0.233684
0.416196 0.00347232
0.416796 0.0867943
0.418201 0.699349
0.418216 0.957995
0.418637 0.0350915
0.419596 0.155722
0.420118 0.915339
0.420867 0.507341
0.423284 0.131535
0.423503 0.807862
0.423971 0.683553
0.424658 0.233709
0.42584 0.0898415
0.425862 0.460154
0.425975 0.355716
0.42601 0.950074
0.426612 0.0612659
0.427779 0.679438
0.427978 0.0217515
0.428141 0.76138
0.428419 0.445031
0.431738 0.228104
0.433331 0.98614
0.434654 0.234551
0.435617 0.411484
0.436112 0.72809
0.437952 0.658284
0.438096 0.0813518
0.440118 0.0695438
0.44061 0.325025
0.440713 0.0701098
0.441082 0.270042
0.44148 0.961596
0.442674 0.023468
0.442817 0.433058
0.443369 0.701389
0.44572 0.220735
0.44619 0.113464
0.446302 0.00561375
0.446468 0.792059
0.446635 0.59253
0.447015 0.989288
0.447795 0.0980023
0.448215 0.146204
0.448401 0.270459
0.448486 0.698043
0.448642 0.320965
0.4487 0.299621
0.449202 0.732737
0.449218 0.0114266
0.44952 0.0806443
0.449735 0.690252
0.449993 0.0300675
0.450923 0.666371
0.451058 0.939681
0.452461 0.510412
0.452678 0.154792
0.453608 0.793286
0.454562 0.815915
0.454904 0.573806
0.455819 0.953224
0.456092 0.535438
0.456195 0.273456
0.457599 0.859346
0.457696 0.500716
0.457989 0.42945
0.45801 0.777606
0.458453 0.224412
0.458906 0.833592
0.458942 0.440926
0.459002 0.4498
0.459261 0.798905
0.460047 0.0108106
0.460159 0.895314
0.460571 0.824938
0.461056 0.967446
0.46164 0.777714
0.462079 0.159373
0.462454 0.468452
0.462585 0.671723
0.46266 0.925539
0.462809 0.430149
0.463402 0.403182
0.466616 0.418396
0.467031 0.382456
0.468876 0.402435
0.468877 0.423918
0.469304 0.59421
0.469725 0.666556
0.470395 0.921384
0.470414 0.242179
0.470483 0.415618
0.471343 0.866617
0.471868 0.688227
0.471972 0.425015
0.472325 0.3689
0.472413 0.845658
0.472563 0.373466
0.474111 0.384725
0.475067 0.45392
0.475307 0.490323
0.475387 0.825541
0.475672 0.613111
0.4758 0.765394
0.476825 0.00327709
0.477545 0.101545
0.477724 0.107544
0.478407 0.589923
0.478581 0.516617
0.478773 0.739626
0.478789 0.00187172
0.479296 0.525406
0.479916 0.948142
0.480469 0.236415
0.48072 0.460509
0.482133 0.21239
0.48216 0.668174
0.482593 0.939348
0.483574 0.430557
0.484277 0.249737
0.484626 0.104761
0.486086 0.653843
0.486112 0.0867037
0.486127 0.340943
0.486527 0.0604682
0.48675 0.811874
0.487697 0.718735
0.488628 0.368891
0.488747 0.379086
0.489003 0.6757
0.489058 0.590055
0.490001 0.450231
0.490394 0.0446749
0.491513 0.867469
0.491819 0.999039
0.493039 0.50001
0.495282 0.211323
0.49611 0.117279
0.496581 0.035639
0.496843 0.443708
0.497872 0.732549
0.498162 0.615805
0.498746 0.424382
0.498977 0.298591
0.499249 0.876266
0.499323 0.114945
0.499349 0.552752
0.500514 0.131824
0.50073 0.766429
0.500763 0.318141
0.501589 0.211645
0.503498 0.294006
0.503834 0.946398
0.504367 0.897565
0.505038 0.169955
0.505167 0.333586
0.506548 0.552272
0.506925 0.890551
0.509668 0.993133
0.510419 0.617747
0.511835 0.415208
0.512133 0.425407
0.512165 0.956356
0.512432 0.448504
0.513886 0.87879
0.514695 0.481779
0.515844 0.785354
0.516706 0.275094
0.517196 0.508505
0.51738 0.602856
0.518462 0.789358
0.519684 0.32824
0.520244 0.735622
0.520945 0.522384
0.521116 0.399663
0.521248 0.623228
0.521418 0.473615
0.521503 0.90426
0.521945 0.332431
0.521981 0.930765
0.522742 0.719444
0.523464 0.859786
0.523477 0.0729295
0.524245 0.988184
0.524375 0.179458
0.524937 0.610992
0.525438 0.0315783
0.525739 0.100491
0.525752 0.311106
0.52617 0.338129
0.526177 0.460557
0.529684 0.405076
0.530276 0.354583
0.530775 0.728274
0.532052 0.195449
0.532233 0.235109
0.532248 0.493418
0.532547 0.517509
0.534206 0.407715
0.534207 0.409202
0.534361 0.0118065
0.534658 0.993807
0.534692 0.573851
0.535474 0.719396
0.535544 0.894666
0.535874 0.439078
0.536636 0.244051
0.537039 0.00757561
0.537269 0.877246
0.538157 0.802116
0.538183 0.23457
0.538374 0.453117
0.539884 0.829008
0.540143 0.186966
0.540179 0.785839
0.540256 0.0770181
0.541611 0.855525
0.543288 0.0495115
0.544348 0.85447
0.544508 0.55211
0.544725 0.196843
0.545059 0.811269
0.545069 0.968704
0.546271 0.170003
0.546719 0.701232
0.547108 0.249078
0.547395 0.0613713
0.548067 0.358602
0.548266 0.709439
0.549823 0.875903
0.550054 0.764387
0.550085 0.279691
0.550198 0.182751
0.550413 0.79898
0.550576 0.524505
0.551377 0.9967
0.551425 0.793369
0.551769 0.586526
0.551991 0.320182
0.552095 0.052971
0.552448 0.991448
0.55303 0.776421
0.553155 0.867721
0.553679 0.678483
0.553748 0.845465
0.554592 0.0242945
0.555367 0.0471225
0.555691 0.503589
0.555843 0.0607689
0.556622 0.139117
0.556998 0.468826
0.55733 0.0512112
0.557421 0.581587
0.557622 0.952287
0.557677 0.878726
0.558672 0.598519
0.558816 0.0193718
0.559215 0.731814
0.560134 0.179462
0.560516 0.587819
0.561843 0.90007
0.563095 0.941365
0.563413 0.276069
0.563673 0.644388
0.564194 0.414688
0.564643 0.955919
0.564974 0.516109
0.565256 0.251563
0.565379 0.321731
0.566026 0.204885
0.566192 0.984193
0.566657 0.806258
0.567076 0.845772
0.568437 0.726757
0.568578 0.0981781
0.568786 0.583761
0.568927 0.953414
0.569195 0.465676
0.570195 0.266464
0.571761 0.590637
0.572021 0.957563
0.573804 0.919308
0.574406 0.0421919
0.574894 0.241973
0.575377 0.365462
0.575498 0.39437
0.575652 0.979694
0.575917 0.438087
0.576011 0.0129717
0.576356 0.81145
0.576811 0.46218
0.577006 0.738306
0.577025 0.060197
0.577433 0.910681
0.577558 0.0165688
0.578386 0.929028
0.579121 0.28548
0.582127 0.814108
0.582502 0.11551
0.583056 0.428216
0.583447 0.988874
0.584897 0.359436
0.586098 0.54581
0.587474 0.682444
0.587616 0.061269
0.588293 0.438767
0.588947 0.440169
0.589165 0.102284
0.590605 0.303006
0.591909 0.210282
0.592656 0.766901
0.593574 0.204297
0.594373 0.633439
0.594412 0.284326
0.59495 0.319979
0.595333 0.762709
0.595505 0.657793
0.596687 0.523239
0.596782 0.11434
0.597211 0.325455
0.597259 0.132197
0.597337 0.443701
0.597757 0.496034
0.598154 0.170753
0.598739 0.00882797
0.599973 0.738947
0.599999 0.178194
0.600049 0.0156626
0.600152 0.757045
0.600548 0.406611
0.600872 0.861746
0.601496 0.347266
0.601843 0.172659
0.602157 0.446544
0.602869 0.415912
0.603515 0.275985
0.604161 0.129649
0.60464 0.192867
0.604833 0.425518
0.605357 0.227389
0.605542 0.349406
0.605942 0.0621223
0.606763 0.864778
0.606892 0.0286669
0.607304 0.955935
0.607621 0.293401
0.608973 0.0140793
0.612079 0.206383
0.612659 0.957256
0.613539 0.75314
0.614251 0.722923
0.61454 0.571554
0.614661 0.603733
0.614944 0.355114
0.61506 0.319165
0.616188 0.266195
0.617381 0.32136
0.618393 0.323591
0.619858 0.94981
0.620323 0.771585
0.620773 0.324712
0.622137 0.258909
0.622423 0.0672193
0.622698 0.683963
0.622845 0.155828
0.626776 0.226436
0.627056 0.936103
0.627667 0.193976
0.628171 0.665254
0.628976 0.193689
0.628998 0.575491
0.629442 0.0291995
0.629769 0.526574
0.630073 0.637702
0.630204 0.834454
0.630447 0.91834
0.630676 0.768381
0.631591 0.157692
0.631729 0.475088
0.63384 0.952098
0.635149 0.942544
0.635602 0.562391
0.635719 0.521903
0.637058 0.0347045
0.637474 0.0177669
0.637474 0.0320422
0.638532 0.799622
0.638814 0.548444
0.63885 0.145612
0.639014 0.900689
0.639064 0.75601
0.639167 0.479071
0.639928 0.265629
0.640844 0.656818
0.64203 0.600394
0.642646 0.943583
0.643461 0.64225
0.643575 0.568358
0.643918 0.330342
0.643978 0.332556
0.645263 0.943549
0.64686 0.776678
0.647219 0.803601
0.647998 0.907236
0.648236 0.903842
0.648808 0.511086
0.650662 0.671767
0.650862 0.0311659
0.651296 0.340603
0.652032 0.693619
0.652732 0.474473
0.653662 0.101056
0.654395 0.414165
0.654788 0.0167799
0.656365 0.52672
0.657098 0.839391
0.657967 0.450604
0.658319 0.370125
0.660174 0.538304
0.660695 0.292732
0.662122 0.283145
0.662181 0.281633
0.66291 0.530957
0.663184 0.124973
0.663215 0.660923
0.663434 0.337861
0.664397 0.514105
0.664856 0.234873
0.665836 0.705718
0.66609 0.97134
0.666331 0.0305016
0.6667 0.219884
0.667885 0.145374
0.670555 0.0232702
0.670729 0.940424
0.670751 0.31447
0.67104 0.167421
0.671294 0.43651
0.67269 0.907408
0.673854 0.468471
0.67392 0.567356
0.674628 0.468587
0.67464 0.677707
0.675109 0.556466
0.675115 0.660228
0.67514 0.0762548
0.675859 0.156639
0.675978 0.161865
0.676581 0.294939
0.677064 0.417387
0.677168 0.16302
0.677327 0.833025
0.677541 0.424061
0.677619 0.749981
0.677968 0.607556
0.678745 0.660171
0.679158 0.609252
0.679734 0.293969
0.679933 0.62711
0.680273 0.355683
0.682459 0.0844509
0.682856 0.768014
0.683296 0.159566
0.68439 0.541844
0.684745 0.506586
0.685806 0.335627
0.685861 0.259272
0.685999 0.580103
0.686779 0.701825
0.68695 0.565063
0.689043 0.746972
0.69011 0.678045
0.691066 0.749995
0.691671 0.921442
0.691982 0.139376
0.692049 0.265638
0.692135 0.713915
0.693208 0.754557
0.693396 0.900257
0.693516 0.928312
0.694195 0.32842
0.694237 0.046615
0.69425 0.251306
0.695527 0.722715
0.696047 0.454361
0.696198 0.992264
0.696693 0.320852
0.696733 0.984622
0.696745 0.197155
0.696759 0.434231
0.697598 0.530039
0.698217 0.935189
0.699251 0.307404
0.69974 0.52866
0.700887 0.813351
0.701 0.712333
0.701572 0.321761
0.701946 0.608049
0.702252 0.744448
0.703427 0.502439
0.703528 0.196534
0.703918 0.74107
0.704322 0.546536
0.704907 0.365835
0.705066 0.0493487
0.705521 0.691219
0.705527 0.784275
0.706375 0.0492257
0.706384 0.193857
0.706745 0.270861
0.706963 0.924718
0.707016 0.818482
0.707323 0.971207
0.707852 0.86435
0.708109 0.189373
0.70842 0.416058
0.708678 0.748657
0.709232 0.0557287
0.71161 0.0269609
0.711727 0.998893
0.712911 0.898736
0.713075 0.650433
0.714033 0.755895
0.714728 0.427923
0.715228 0.834078
0.716116 0.757093
0.716123 0.881627
0.716503 0.268695
0.717129 0.783415
0.7172 0.984433
0.71838 0.815271
0.719708 0.134511
0.721739 0.274997
0.721758 0.587144
0.721843 0.0178117
0.722261 0.0479183
0.722938 0.411032
0.723167 0.273494
0.723307 0.627313
0.725311 0.29536
0.725404 0.863968
0.725557 0.43882
0.725984 0.615499
0.726407 0.730381
0.727256 0.998509
0.727351 0.584014
0.727667 0.903363
0.727722 0.829465
0.729326 0.78827
0.730816 0.820998
0.731315 0.213159
0.731415 0.896541
0.731487 0.0986789
0.731722 0.0471918
0.731855 0.282465
0.731919 0.368405
0.732056 0.662385
0.732425 0.866896
0.732657 0.770094
0.733096 0.150211
0.733373 0.804772
0.735096 0.76561
0.735552 0.426514
0.735987 0.741015
0.736007 0.0638217
0.736023 0.343387
0.736595 0.950577
0.736912 0.276703
0.737084 0.172091
0.737325 0.217667
0.737594 0.745026
0.740206 0.647428
0.740565 0.676816
0.740665 0.357333
0.741914 0.35318
0.743361 0.672715
0.74345 0.160758
0.743756 0.312873
0.743897 0.678276
0.743982 0.111941
0.744014 0.647625
0.744143 0.807648
0.74522 0.913711
0.746634 0.679311
0.746732 0.325063
0.747719 0.905524
0.749616 0.791357
0.749952 0.436635
0.75027 0.784448
0.751474 0.0246204
0.751676 0.41246
0.752867 0.429738
0.753855 0.0391168
0.754091 0.0129245
0.754262 0.887699
0.754957 0.558333
0.755365 0.411423
0.755855 0.650399
0.758242 0.773267
0.759104 0.262788
0.760614 0.633232
0.761285 0.921548
0.761396 0.78532
0.762239 0.955595
0.762409 0.80214
0.762601 0.0320746
0.764158 0.196668
0.764575 0.209682
0.765227 0.165902
0.765522 0.128838
0.766717 0.221178
0.767251 0.186268
0.768068 0.918565
0.768096 0.391043
0.768189 0.960824
0.769439 0.968545
0.769694 0.242815
0.771693 0.83655
0.772545 0.171836
0.774535 0.610766
0.774991 0.272015
0.775112 0.315135
0.775151 0.958565
0.775645 0.271116
0.77594 0.217232
0.776293 0.164154
0.776935 0.948366
0.777013 0.257374
0.777936 0.775788
0.777961 0.190468
0.778493 0.127345
0.778757 0.572378
0.780773 0.452926
0.782107 0.876124
0.78233 0.617911
0.782673 0.385546
0.782881 0.873219
0.783087 0.349496
0.78332 0.256647
0.783885 0.750205
0.784056 0.630716
0.785231 0.383626
0.785339 0.190665
0.787098 0.75616
0.787585 0.941266
0.787862 0.597447
0.788357 0.920024
0.7886 0.00248511
0.789118 0.70601
0.789879 0.488718
0.79052 0.278174
0.790998 0.305508
0.791083 0.729133
0.791342 0.0929676
0.792052 0.0136941
0.792374 0.430324
0.792617 0.513709
0.794692 0.387877
0.794836 0.815077
0.795241 0.618923
0.795259 0.912334
0.796574 0.0126546
0.796672 0.670788
0.798102 0.70693
0.799201 0.164225
0.800327 0.0933474
0.800889 0.547241
0.802104 0.964353
0.802979 0.663088
0.803181 0.0627611
0.803563 0.482724
0.803589 0.918778
0.804503 0.27388
0.804744 0.340101
0.804878 0.580814
0.805715 0.657721
0.806508 0.985832
0.80674 0.886698
0.807264 0.692318
0.808079 0.390742
0.808113 0.952683
0.808136 0.335674
0.808889 0.99082
0.80897 0.366273
0.809615 0.207829
0.809986 0.430552
0.811413 0.413709
0.812735 0.630165
0.813014 0.324179
0.813118 0.0795003
0.813404 0.880328
0.814689 0.484097
0.815419 0.743181
0.81623 0.371433
0.816892 0.508983
0.817591 0.248717
0.817838 0.40981
0.81798 0.798206
0.818437 0.476313
0.81858 0.880597
0.818714 0.125661
0.819642 0.720148
0.820035 0.333665
0.820106 0.519149
0.820734 0.0683666
0.82107 0.721283
0.82158 0.296448
0.821678 0.950105
0.822038 0.984642
0.823216 0.790749
0.823223 0.913161
0.823354 0.119164
0.823496 0.495954
0.824361 0.0402441
0.82441 0.863868
0.824816 0.680221
0.826427 0.752321
0.827199 0.733583
0.827419 0.434634
0.82899 0.835372
0.829256 0.312306
0.829849 0.270171
0.830528 0.68882
0.831352 0.533871
0.831866 0.165362
0.833179 0.243073
0.833508 0.762721
0.833623 0.698448
0.834387 0.534484
0.835027 0.291806
0.835599 0.917661
0.835814 0.53302
0.836066 0.759573
0.836491 0.906559
0.836609 0.879109
0.836637 0.362951
0.836997 0.411051
0.837012 0.667842
0.838203 0.684791
0.839137 0.382352
0.839191 0.283308
0.839203 0.487944
0.840012 0.0779956
0.84194 0.483578
0.84236 0.537657
0.844383 0.544061
0.844734 0.450912
0.845975 0.302472
0.845977 0.34281
0.847152 0.081852
0.847352 0.449946
0.847376 0.842109
0.847747 0.0915905
0.847868 0.119778
0.84955 0.389023
0.850761 0.742334
0.850987 0.542592
0.852582 0.345277
0.856418 0.811221
0.856844 0.980176
0.857047 0.386024
0.857272 0.167827
0.859512 0.824763
0.860238 0.01726
0.860654 0.00918962
0.861384 0.274464
0.861393 0.432017
0.862818 0.377788
0.864348 0.097397
0.864379 0.612419
0.865551 0.321103
0.865881 0.861179
0.867266 0.133451
0.867707 0.56019
0.86837 0.688262
0.86869 0.0704796
0.868859 0.908329
0.871364 0.0163557
0.871677 0.281577
0.871751 0.515866
0.87231 0.919233
0.872338 0.376739
0.872536 0.715687
0.87254 0.780615
0.873296 0.47976
0.875186 0.245192
0.875227 0.947813
0.875321 0.524943
0.875459 0.836031
0.876298 0.94422
0.876511 0.522045
0.876748 0.497472
0.87903 0.863931
0.879157 0.994762
0.879516 0.0220132
0.880339 0.862399
0.881212 0.538141
0.881824 0.821333
0.881919 0.405296
0.881921 0.453256
0.882394 0.402695
0.882422 0.861203
0.882915 0.145462
0.883007 0.690543
0.8831 0.269325
0.883266 0.0526876
0.88579 0.466991
0.886616 0.357599
0.886935 0.720932
0.887668 0.0375789
0.888427 0.794334
0.888775 0.643457
0.888902 0.782044
0.889104 0.171636
0.889188 0.589101
0.889535 0.422611
0.889784 0.606314
0.889795 0.786696
0.890496 0.571244
0.891347 0.867469
0.891355 0.998279
0.89184 0.154718
0.892685 0.361965
0.892799 0.264649
0.892852 0.169104
0.89308 0.999203
0.893201 0.0347169
0.895258 0.603665
0.896973 0.427979
0.897722 0.00791295
0.897766 0.755746
0.898311 0.907331
0.898339 0.390085
0.899014 0.724264
0.900522 0.0650929
0.901507 0.62587
0.901907 0.348643
0.902891 0.885425
0.903077 0.0144856
0.90323 0.580243
0.904406 0.345089
0.904545 0.68148
0.90491 0.815639
0.906676 0.509816
0.906922 0.634977
0.907195 0.224399
0.907264 0.380409
0.907889 0.893688
0.908482 0.856633
0.909002 0.603923
0.909415 0.532451
0.909683 0.0385225
0.910407 0.202978
0.910651 0.305576
0.9108 0.823272
0.910963 0.562713
0.911685 0.685853
0.911685 0.690909
0.911771 0.134326
0.912594 0.964287
0.913194 0.0446274
0.913651 0.738199
0.913666 0.976167
0.913714 0.788654
0.913869 0.393278
0.913877 0.527476
0.913976 0.193781
0.915326 0.892208
0.915386 0.885633
0.916076 0.486159
0.916955 0.261006
0.917254 0.292078
0.917384 0.467754
0.917407 0.85566
0.918685 0.334645
0.919624 0.11925
0.920051 0.289668
0.920932 0.11159
0.923952 0.852862
0.924504 0.142731
0.925096 0.0948199
0.927341 0.825175
0.929387 0.209929
0.930628 0.0690736
0.930783 0.665902
0.930901 0.647296
0.931146 0.768404
0.931469 0.201673
0.93153 0.221183
0.931862 0.805626
0.931919 0.759206
0.933265 0.390444
0.933844 0.119068
0.934004 0.800828
0.936286 0.166058
0.937436 0.494161
0.937457 0.83975
0.937941 0.973343
0.939484 0.90169
0.939735 0.129847
0.940195 0.857252
0.942126 0.306795
0.942376 0.515809
0.943049 0.824818
0.943351 0.9054
0.943515 0.654889
0.944513 0.427362
0.944913 0.153829
0.944918 0.233854
0.945019 0.935557
0.945022 0.97879
0.945059 0.602254
0.945409 0.489061
0.946505 0.913328
0.946984 0.967915
0.94835 0.911527
0.948894 0.0641602
0.949321 0.243586
0.949949 0.78994
0.951314 0.727314
0.951521 0.213601
0.951571 0.0561883
0.951655 0.461342
0.951783 0.613985
0.952447 0.782449
0.952882 0.0895778
0.95293 0.886913
0.953743 0.555213
0.954372 0.128653
0.954526 0.723228
0.955219 0.364021
0.955225 0.465732
0.95554 0.759386
0.955721 0.795963
0.955779 0.775817
0.956831 0.46273
0.957882 0.127127
0.957964 0.504764
0.958152 0.655566
0.958278 0.778641
0.959259 0.2732
0.959267 0.394884
0.959388 0.42841
0.960325 0.188925
0.960915 0.0968268
0.96167 0.792481
0.961828 0.439258
0.962988 0.937944
0.963454 0.771326
0.963822 0.953469
0.96387 0.756361
0.964158 0.600578
0.965047 0.553334
0.966129 0.731258
0.96652 0.305291
0.966679 0.974521
0.966931 0.205394
0.968939 0.949959
0.96966 0.0725509
0.970985 0.351211
0.971542 0.708379
0.972148 0.893444
0.973617 0.577538
0.97424 0.0481953
0.974273 0.609753
0.975081 0.19406
0.975931 0.464279
0.975998 0.603759
0.976257 0.947245
0.976884 0.493387
0.978792 0.560597
0.980824 0.709511
0.981425 0.807414
0.981636 0.359098
0.981826 0.554472
0.983058 0.258975
0.983955 0.337697
0.984804 0.602976
0.984899 0.192269
0.985476 0.894056
0.98574 0.329744
0.985849 0.157483
0.987465 0.323625
0.988443 0.762742
0.988757 0.0387005
0.989505 0.608147
0.989618 0.511919
0.989922 0.611002
0.990245 0.0542968
0.992953 0.557809
0.993196 0.641562
0.993278 0.029592
0.99513 0.152527
0.996107 0.564212
0.996719 0.852968
0.998037 0.013771
0.998416 0.370732
0.998872 0.0416379
