5.63092e-05 0.946396
0.000305806 0.139694
0.000817501 0.739755
0.00148675 0.987773
0.00278465 0.801602
0.00285403 0.967668
0.00367093 0.697405
0.00404752 0.0266451
0.00510737 0.839618
0.00575083 0.654291
0.00625042 0.0508423
0.00640326 0.619543
0.00772806 0.885548
0.00824251 0.531901
0.0084052 0.266184
0.00849933 0.848238
0.00927263 0.845129
0.0106521 0.0297543
0.0115786 0.602147
0.012527 0.540987
0.0141586 0.963066
0.015791 0.399468
0.0160536 0.813392
0.0166391 0.65419
0.017277 0.373976
0.017369 0.920091
0.0196932 0.984231
0.0199481 0.267916
0.0205559 0.483324
0.0207919 0.450119
0.0226708 0.0284935
0.023565 0.0576583
0.0240406 0.0500248
0.02416 0.0567607
0.0246407 0.137002
0.0246624 0.501335
0.0251188 0.17167
0.0257293 0.43211
0.0262285 0.822917
0.0277807 0.909897
0.0280799 0.939301
0.0296627 0.541021
0.0298572 0.809868
0.0313913 0.593709
0.031505 0.504994
0.0315802 0.767834
0.0321725 0.723234
0.033171 0.50473
0.0346096 0.68303
0.0352371 0.23012
0.0357509 0.865806
0.035845 0.447038
0.0362547 0.331934
0.036814 0.732116
0.0369413 0.871876
0.0370226 0.238579
0.0371866 0.995872
0.0372681 0.3645
0.0376414 0.638619
0.0384126 0.600886
0.0387055 0.522898
0.0391252 0.576484
0.0393542 0.426658
0.0394548 0.116293
0.0404901 0.516855
0.0408706 0.912431
0.0410307 0.60374
0.0416822 0.552799
0.0441321 0.728572
0.044769 0.432149
0.0449523 0.513156
0.0465374 0.154055
0.0475041 0.401574
0.0477028 0.741438
0.0482732 0.328349
0.048682 0.198351
0.0490834 0.943883
0.0491397 0.890483
0.0499642 0.748282
0.0509965 0.0973553
0.0512271 0.973599
0.0528914 0.946006
0.0533394 0.475294
0.0536795 0.191799
0.0544762 0.582334
0.0558725 0.0495296
0.0561041 0.941708
0.0568779 0.94713
0.0572578 0.331092
0.0577642 0.842926
0.0578061 0.546697
0.0583205 0.193152
0.0583605 0.864647
0.059485 0.764358
0.0598963 0.677914
0.0612219 0.955729
0.0615396 0.29653
0.0615749 0.8889
0.061586 0.0767168
0.0616813 0.676943
0.0624661 0.867764
0.0631274 0.981772
0.0631851 0.952625
0.063355 0.807888
0.0640818 0.0228551
0.0644036 0.431252
0.0646471 0.52442
0.0673012 0.130756
0.0676366 0.768701
0.06787 0.691128
0.0688626 0.373942
0.0689932 0.569106
0.0696427 0.484997
0.0699017 0.837389
0.0711452 0.738014
0.0715865 0.154939
0.0737572 0.637645
0.0746003 0.807639
0.0753716 0.770838
0.0754934 0.817981
0.0758032 0.0239724
0.076451 0.912565
0.0770969 0.767442
0.0771715 0.0208193
0.0778649 0.675825
0.0791553 0.363719
0.0795017 0.18556
0.0795617 0.19423
0.0797948 0.11067
0.0798355 0.79446
0.0802542 0.831947
0.0802833 0.320868
0.0803261 0.0404013
0.0816901 0.965817
0.0821687 0.0094149
0.0824895 0.400304
0.0856356 0.276945
0.0858011 0.0595014
0.0863053 0.532548
0.0863178 0.743633
0.0867884 0.652782
0.0873224 0.628171
0.0875927 0.171097
0.0877197 0.305544
0.0883574 0.0234902
0.0884443 0.484008
0.088767 0.907729
0.089571 0.42055
0.0913856 0.918495
0.0915215 0.202519
0.0915306 0.354014
0.0918048 0.963667
0.0932103 0.585622
0.0932625 0.462574
0.0933969 0.721272
0.0941446 0.288825
0.0947003 0.628305
0.0954293 0.880079
0.0956895 0.253212
0.0957165 0.707908
0.0957805 0.783283
0.0967638 0.309475
0.097718 0.345862
0.0978416 0.423247
0.098228 0.917975
0.098747 0.640769
0.0992702 0.434509
0.0998789 0.664716
0.100435 0.0120539
0.100846 0.910294
0.100874 0.389307
0.100965 0.925146
0.101302 0.590545
0.101447 0.0218301
0.101628 0.0681269
0.102162 0.039314
0.102274 0.912908
0.102293 0.232576
0.102688 0.885068
0.10271 0.247632
0.103206 0.58072
0.103944 0.989397
0.104575 0.596569
0.106174 0.467383
0.106663 0.692498
0.10775 0.958234
0.107802 0.832001
0.10917 0.818854
0.109304 0.0642312
0.109553 0.257232
0.11107 0.756443
0.111965 0.796635
0.112282 0.116641
0.113967 0.440138
0.114433 0.267963
0.11536 0.851438
0.115367 0.980049
0.115757 0.530994
0.116606 0.801588
0.116985 0.171869
0.117872 0.0675786
0.119001 0.0511964
0.119064 0.1157
0.11918 0.0588388
0.122625 0.951103
0.123089 0.748694
0.123846 0.487605
0.123928 0.859756
0.124559 0.461543
0.124778 0.138481
0.125119 0.871844
0.125326 0.359564
0.125576 0.550663
0.127658 0.546265
0.127901 0.624555
0.128119 0.297181
0.128327 0.785534
0.128939 0.0755506
0.129665 0.279803
0.12973 0.379831
0.129761 0.897678
0.131311 0.938975
0.132109 0.358889
0.132872 0.181699
0.133037 0.950402
0.133363 0.427647
0.133773 0.329041
0.136268 0.263237
0.13804 0.0453031
0.140096 0.600015
0.141309 0.978612
0.141346 0.595174
0.142262 0.996803
0.142444 0.0640513
0.142454 0.225603
0.142573 0.224724
0.142648 0.483916
0.142969 0.884495
0.143631 0.00402795
0.144337 0.870823
0.14441 0.100353
0.144851 0.51403
0.14516 0.703023
0.14533 0.555938
0.145602 0.134239
0.145998 0.7885
0.146035 0.410727
0.146549 0.0415063
0.146781 0.94123
0.147017 0.909684
0.147226 0.420875
0.14728 0.342266
0.147395 0.261503
0.147685 0.14565
0.148657 0.47141
0.150917 0.458829
0.151095 0.45863
0.151674 0.186392
0.152029 0.157129
0.152739 0.0827079
0.153265 0.924666
0.154142 0.670524
0.154649 0.193847
0.155464 0.878449
0.155464 0.882942
0.156055 0.814996
0.157311 0.923387
0.157978 0.130184
0.159757 0.0443437
0.161649 0.839243
0.16214 0.0812939
0.162222 0.461482
0.163099 0.209649
0.163123 0.606399
0.164868 0.935898
0.165063 0.206897
0.165386 0.639697
0.165737 0.546367
0.16662 0.3891
0.169189 0.565614
0.169728 0.615558
0.170613 0.498776
0.170749 0.78662
0.172785 0.996924
0.173929 0.224967
0.174703 0.239186
0.175551 0.48245
0.175661 0.340415
0.176997 0.785487
0.177573 0.46849
0.177953 0.849345
0.178453 0.256916
0.178494 0.945942
0.178949 0.601399
0.17957 0.0269677
0.18042 0.322074
0.181603 0.204808
0.181953 0.0830534
0.182694 0.531003
0.18297 0.175116
0.183369 0.888536
0.184293 0.405628
0.184698 0.217121
0.184991 0.136143
0.185361 0.354608
0.186721 0.212482
0.186737 0.492564
0.188327 0.216649
0.188451 0.294495
0.188474 0.684335
0.188508 0.257514
0.188795 0.0804832
0.189291 0.419143
0.189436 0.853191
0.189511 0.103109
0.18995 0.487969
0.190235 0.281151
0.190653 0.307
0.191386 0.629133
0.192039 0.597257
0.192617 0.317138
0.193103 0.487516
0.193972 0.0856354
0.194135 0.823573
0.194387 0.0606601
0.194516 0.222875
0.195864 0.882335
0.196501 0.590185
0.197121 0.016889
0.199087 0.0502954
0.199228 0.433268
0.200378 0.745171
0.200698 0.126215
0.20119 0.404369
0.201258 0.54687
0.201439 0.577976
0.202507 0.537756
0.206233 0.158454
0.207155 0.654642
0.207442 0.472946
0.207906 0.270686
0.208247 0.0124237
0.209108 0.471703
0.209691 0.279404
0.209825 0.522606
0.209915 0.0445374
0.209993 0.358608
0.210605 0.636799
0.211564 0.748366
0.211595 0.275183
0.211934 0.973453
0.2132 0.249946
0.213419 0.930202
0.213804 0.407446
0.214159 0.365294
0.214612 0.979216
0.21493 0.327506
0.215302 0.575915
0.215874 0.187604
0.215899 0.609759
0.216162 0.0422074
0.21622 0.00740219
0.216911 0.624966
0.217722 0.254393
0.219205 0.171205
0.219205 0.175838
0.21936 0.784711
0.219424 0.850858
0.220587 0.402162
0.221209 0.865665
0.221653 0.315007
0.222081 0.50917
0.222159 0.831318
0.222428 0.347501
0.223941 0.774779
0.224448 0.293031
0.225122 0.618359
0.225492 0.844337
0.225868 0.171894
0.226513 0.001617
0.226905 0.598722
0.22771 0.124605
0.227889 0.138188
0.228722 0.137003
0.229459 0.515604
0.229613 0.10099
0.230228 0.436196
0.230676 0.978985
0.2318 0.863552
0.232214 0.818463
0.232376 0.549271
0.232938 0.988905
0.233145 0.462146
0.233248 0.192337
0.233706 0.900419
0.233854 0.37615
0.234317 0.170204
0.235485 0.799192
0.235822 0.457939
0.235951 0.635618
0.23608 0.802176
0.236104 0.204867
0.236128 0.604614
0.236163 0.197375
0.236342 0.205151
0.236419 0.495234
0.23667 0.714813
0.236936 0.185736
0.237551 0.515956
0.237641 0.0261953
0.237766 0.127881
0.238181 0.111193
0.239245 0.983146
0.239587 0.738595
0.239749 0.466069
0.240532 0.627041
0.240872 0.337042
0.240873 0.349533
0.241336 0.135503
0.241564 0.960868
0.242177 0.260714
0.242297 0.285419
0.24258 0.0436794
0.242698 0.0242673
0.243324 0.546578
0.244039 0.566598
0.245058 0.695992
0.245561 0.145145
0.245682 0.176518
0.245838 0.799463
0.245965 0.932031
0.247731 0.610179
0.247905 0.535613
0.249436 0.264395
0.249911 0.257106
0.251019 0.877119
0.251061 0.587072
0.251717 0.601662
0.25214 0.72491
0.252525 0.189084
0.252835 0.403896
0.25403 0.478173
0.254211 0.516362
0.255472 0.711312
0.255867 0.362795
0.256335 0.230667
0.256428 0.779474
0.256721 0.708631
0.257922 0.900304
0.258793 0.528571
0.259216 0.650254
0.261214 0.224118
0.261969 0.911468
0.263326 0.727057
0.26376 0.0154491
0.264287 0.867307
0.264837 0.121833
0.265416 0.845541
0.265547 0.0430913
0.267049 0.294676
0.267372 0.715196
0.267447 0.98893
0.267979 0.925156
0.268083 0.672033
0.268813 0.933982
0.269 0.0810118
0.269486 0.242772
0.269662 0.204153
0.269862 0.57292
0.270383 0.32039
0.271869 0.297089
0.272044 0.248914
0.272297 0.49317
0.272545 0.670346
0.272672 0.79126
0.273262 0.71343
0.273472 0.241878
0.274194 0.373556
0.274651 0.0663293
0.27466 0.211375
0.274708 0.0249969
0.275132 0.148269
0.27733 0.0875967
0.27771 0.478962
0.27797 0.836888
0.278771 0.30315
0.279384 0.614681
0.279664 0.319386
0.280063 0.020464
0.280892 0.955221
0.281701 0.548246
0.282394 0.203659
0.282724 0.744791
0.282967 0.824936
0.284151 0.720529
0.284242 0.252306
0.284585 0.0151043
0.284843 0.353128
0.284945 0.0712584
0.285139 0.332334
0.285623 0.461083
0.287527 0.473673
0.288931 0.0627174
0.289098 0.877009
0.289148 0.710823
0.289209 0.729581
0.28966 0.311572
0.289805 0.747389
0.290328 0.545723
0.290377 0.364924
0.290502 0.47464
0.290573 0.656406
0.290627 0.572161
0.291641 0.605041
0.292189 0.819198
0.292394 0.261024
0.293107 0.249174
0.293749 0.0351164
0.294555 0.579682
0.295145 0.499119
0.295876 0.782606
0.295926 0.63381
0.297174 0.605552
0.297181 0.723746
0.297961 0.826755
0.298582 0.26588
0.298666 0.684612
0.299565 0.788449
0.299809 0.890828
0.300012 0.301716
0.300119 0.101883
0.300376 0.424308
0.30044 0.488115
0.300833 0.0955588
0.3009 0.225327
0.300969 0.385883
0.301124 0.9892
0.301736 0.281611
0.302186 0.844177
0.302895 0.754181
0.303089 0.0254079
0.303192 0.744243
0.303469 0.411561
0.303772 0.495719
0.303837 0.592812
0.304218 0.985891
0.304675 0.670399
0.305117 0.105662
0.30564 0.896881
0.305649 0.0444787
0.305806 0.677997
0.30613 0.128915
0.306192 0.161448
0.306661 0.0597646
0.306887 0.857315
0.306897 0.025926
0.307424 0.870381
0.307462 0.511415
0.308369 0.754842
0.308393 0.156554
0.310358 0.188411
0.311496 0.318131
0.312166 0.576559
0.313449 0.141674
0.313583 0.394682
0.314255 0.691443
0.316494 0.323139
0.316593 0.982799
0.316987 0.596597
0.319158 0.0852204
0.31954 0.506271
0.32017 0.0975715
0.321305 0.174777
0.322104 0.607848
0.322637 0.557442
0.322951 0.831217
0.323156 0.286637
0.324655 0.477161
0.324816 0.180021
0.328813 0.362537
0.328838 0.779307
0.329401 0.244518
0.329442 0.934139
0.330127 0.446329
0.330755 0.99935
0.33145 0.673225
0.332412 0.855292
0.332533 0.876891
0.33288 0.719494
0.33313 0.912495
0.333376 0.0555481
0.333689 0.304819
0.334485 0.687386
0.334585 0.37328
0.334899 0.646054
0.335187 0.49103
0.335501 0.76245
0.335727 0.56983
0.336321 0.54381
0.336472 0.0851805
0.337165 0.726412
0.337404 0.742114
0.338085 0.196733
0.338307 0.917765
0.338486 0.939549
0.339382 0.999589
0.339813 0.23711
0.340447 0.888893
0.340558 0.763833
0.340843 0.550471
0.34138 0.570018
0.341587 0.053151
0.341931 0.839781
0.341963 0.366018
0.342106 0.780789
0.342837 0.0576156
0.343062 0.842988
0.344437 0.953364
0.344729 0.860709
0.344976 0.00949847
0.346271 0.77453
0.347734 0.366398
0.348076 0.106383
0.348224 0.598471
0.348809 0.43322
0.349351 0.54082
0.350092 0.999289
0.350373 0.714442
0.350797 0.85274
0.35209 0.575047
0.353139 0.206832
0.353627 0.416529
0.354419 0.719478
0.354654 0.672546
0.355646 0.35064
0.357193 0.342482
0.357323 0.533467
0.35778 0.204631
0.357782 0.245352
0.360605 0.687151
0.360622 0.973197
0.360818 0.263371
0.361862 0.819796
0.36195 0.296741
0.362034 0.709503
0.364188 0.909286
0.364868 0.334736
0.365274 0.166569
0.36662 0.790114
0.367307 0.325533
0.36905 0.623061
0.369717 0.833811
0.37082 0.370097
0.371259 0.746285
0.371377 0.741477
0.371848 0.644514
0.372478 0.229216
0.37327 0.543373
0.373358 0.0281214
0.373513 0.62826
0.373609 0.250463
0.37394 0.813133
0.375102 0.346953
0.375549 0.849005
0.376772 0.399924
0.377703 0.0573504
0.378399 0.751676
0.37854 0.114316
0.378848 0.29513
0.379311 0.0786181
0.379331 0.408539
0.379402 0.605222
0.380084 0.0662744
0.38115 0.985201
0.381231 0.344195
0.382349 0.131934
0.384196 0.181552
0.384688 0.457327
0.384849 0.151296
0.385146 0.141757
0.385182 0.760619
0.385474 0.664082
0.387165 0.0743663
0.38781 0.925705
0.388022 0.491924
0.39016 0.413722
0.390675 0.0698586
0.391045 0.29356
0.391326 0.0176344
0.391667 0.740268
0.391825 0.410531
0.392329 0.865953
0.39246 0.0718382
0.395026 0.199484
0.395424 0.891961
0.395561 0.186183
0.395925 0.312759
0.396203 0.991167
0.396506 0.0682031
0.397887 0.283727
0.398287 0.0128858
0.398617 0.551725
0.398696 0.887334
0.399792 0.299353
0.401437 0.947693
0.401554 0.912542
0.401696 0.29917
0.401931 0.246047
0.402287 0.23768
0.402504 0.881153
0.402657 0.463361
0.40341 0.105718
0.403444 0.688963
0.403621 0.64989
0.404293 0.95749
0.405268 0.340257
0.405459 0.542479
0.405647 0.705255
0.406031 0.160875
0.406316 0.958299
0.406577 0.347499
0.407256 0.754878
0.407915 0.819478
0.407925 0.987197
0.40865 0.188781
0.408662 0.387187
0.408846 0.466472
0.40952 0.806709
0.409778 0.133047
0.409934 0.767317
0.409981 0.549547
0.410301 0.930896
0.411323 0.113846
0.413657 0.340016
0.414666 0.289114
0.415198 0.237754
0.415314 0.182786
0.417026 0.958523
0.417449 0.0654686
0.418297 0.322687
0.418637 0.034168
0.418639 0.0649021
0.418731 0.606337
0.419174 0.0528611
0.41955 0.375847
0.420576 0.623099
0.420648 0.823171
0.420847 0.182687
0.421386 0.236317
0.421782 0.887401
0.42181 0.356764
0.421868 0.334707
0.422177 0.530431
0.422188 0.713239
0.423661 0.475003
0.423868 0.94865
0.42406 0.169827
0.425334 0.583572
0.426449 0.330473
0.427202 0.98529
0.428319 0.755835
0.429095 0.801516
0.429187 0.338482
0.430651 0.943616
0.430907 0.247071
0.434157 0.872991
0.435034 0.610483
0.435887 0.954676
0.436767 0.750333
0.437009 0.803892
0.437091 0.193064
0.437804 0.169922
0.438 0.460299
0.438292 0.381387
0.439161 0.975101
0.439228 0.108242
0.439576 0.947566
0.439868 0.868811
0.440407 0.912321
0.440909 0.36505
0.44118 0.904853
0.441942 0.725824
0.442006 0.796463
0.442185 0.803511
0.442586 0.535973
0.443739 0.916653
0.443979 0.955749
0.444079 0.639921
0.444711 0.25056
0.44563 0.700885
0.446794 0.26702
0.447411 0.63242
0.448165 0.305417
0.448947 0.460683
0.448985 0.0873008
0.44936 0.401334
0.449641 0.115062
0.449713 0.333878
0.449862 0.837291
0.450486 0.316917
0.450917 0.557936
0.451342 0.707066
0.451998 0.735211
0.452824 0.611606
0.454407 0.220338
0.454608 0.603913
0.454621 0.817142
0.457278 0.474663
0.457615 0.136259
0.458583 0.399892
0.459278 0.0862192
0.459504 0.884834
0.460354 0.173835
0.460515 0.867632
0.460996 0.96621
0.461266 0.493945
0.461594 0.0100641
0.462736 0.197261
0.463016 0.911702
0.463251 0.860277
0.463262 0.0391099
0.46341 0.536137
0.46439 0.00325569
0.465523 0.051308
0.465668 0.484221
0.466179 0.0681202
0.466337 0.733891
0.466399 0.773515
0.46771 0.796652
0.468089 0.163536
0.468802 0.14919
0.469117 0.451141
0.469308 0.66129
0.470053 0.187339
0.471179 0.110663
0.471879 0.875316
0.473873 0.390099
0.474175 0.455098
0.474581 0.284998
0.476009 0.288066
0.476631 0.734477
0.47665 0.0520237
0.47666 0.231764
0.478087 0.214749
0.478126 0.856018
0.478787 0.976804
0.479072 0.7632
0.479277 0.204533
0.479793 0.886121
0.480584 0.168049
0.480599 0.42102
0.482206 0.443877
0.482777 0.0249962
0.484783 0.741144
0.484842 0.745431
0.485145 0.824213
0.485172 0.293857
0.486465 0.0234117
0.486765 0.0537792
0.487129 0.179956
0.487526 0.841707
0.487795 0.370185
0.487862 0.497612
0.489596 0.635326
0.489678 0.0147627
0.490042 0.133935
0.490306 0.568277
0.490427 0.606334
0.491497 0.596543
0.492441 0.463497
0.494066 0.775397
0.494116 0.6095
0.494816 0.364605
0.495452 0.0625241
0.495675 0.813484
0.496328 0.785592
0.496372 0.520284
0.496597 0.306228
0.49678 0.382656
0.497569 0.644314
0.497782 0.230184
0.498269 0.399121
0.501403 0.0745621
0.502365 0.255534
0.50389 0.880702
0.503969 0.205973
0.504378 0.0733064
0.50637 0.566676
0.506616 0.690516
0.50764 0.905366
0.50781 0.760426
0.509237 0.737729
0.510011 0.759664
0.510153 0.138082
0.510298 0.584292
0.511146 0.830476
0.511211 0.925095
0.511879 0.157571
0.511885 0.248607
0.512565 0.677259
0.512731 0.466561
0.513747 0.542227
0.514358 0.809085
0.514895 0.837014
0.515197 0.921446
0.515666 0.806709
0.515892 0.600478
0.516298 0.417465
0.516324 0.862269
0.517242 0.293185
0.518346 0.844075
0.518803 0.521774
0.519246 0.970725
0.519594 0.822063
0.519675 0.177746
0.520899 0.747902
0.521057 0.397214
0.522716 0.294887
0.522783 0.407272
0.522858 0.675324
0.523322 0.468783
0.523463 0.841652
0.523901 0.212316
0.525691 0.287472
0.52618 0.515068
0.52668 0.908254
0.527053 0.173936
0.527522 0.0647864
0.527771 0.25349
0.529975 0.290132
0.530183 0.782923
0.530186 0.837285
0.530237 0.685108
0.531716 0.542924
0.531957 0.59505
0.532484 0.451119
0.533208 0.629905
0.534055 0.86643
0.535566 0.261645
0.536285 0.334477
0.536555 0.873442
0.536927 0.126993
0.536985 0.0997403
0.537849 0.630412
0.537886 0.250308
0.538526 0.00501468
0.538656 0.18379
0.539196 0.275706
0.539282 0.718936
0.539361 0.0346425
0.539368 0.15635
0.539446 0.462517
0.539802 0.45228
0.539933 0.650378
0.540519 0.497265
0.540547 0.976098
0.540615 0.118286
0.541313 0.844974
0.541519 0.310733
0.54159 0.500247
0.541725 0.773604
0.541922 0.0897616
0.541934 0.280404
0.542951 0.384645
0.543548 0.407242
0.54426 0.382768
0.544542 0.116744
0.544858 0.429706
0.545766 0.691454
0.547151 0.974598
0.548257 0.553115
0.548506 0.743807
0.549084 0.458867
0.549179 0.0495921
0.550636 0.54061
0.551086 0.109453
0.551613 0.954917
0.552873 0.130811
0.553801 0.739087
0.556423 0.797038
0.556812 0.337739
0.55719 0.683954
0.558141 0.676928
0.558162 0.028191
0.559684 0.600172
0.560168 0.750537
0.561975 0.110158
0.562606 0.715468
0.562849 0.80509
0.562921 0.019852
0.562923 0.0536541
0.56304 0.00947946
0.564746 0.680757
0.566497 0.114112
0.566633 0.405806
0.567066 0.67907
0.567147 0.0400912
0.567915 0.95137
0.568413 0.325695
0.569533 0.132562
0.569902 0.338849
0.570049 0.805392
0.570065 0.0867812
0.570421 0.0580427
0.570501 0.40759
0.570574 0.640768
0.571666 0.987312
0.571984 0.330233
0.572056 0.546873
0.574038 0.861184
0.57427 0.761024
0.57497 0.513437
0.576744 0.333062
0.576943 0.678976
0.577012 0.838312
0.578025 0.857675
0.578808 0.0223013
0.579225 0.0391422
0.58098 0.528792
0.581709 0.780504
0.582251 0.895038
0.582826 0.56026
0.582827 0.575388
0.582987 0.255536
0.583197 0.789471
0.584024 0.686019
0.584117 0.253586
0.584362 0.364895
0.585454 0.723491
0.585707 0.977413
0.587655 0.720328
0.58911 0.172895
0.590319 0.489523
0.591314 0.212299
0.592194 0.997656
0.592285 0.541697
0.593329 0.0806299
0.594697 0.0788151
0.595103 0.89876
0.595309 0.353648
0.595366 0.320792
0.596577 0.67393
0.596673 0.286476
0.596889 0.912088
0.597893 0.794756
0.598856 0.965812
0.600368 0.381116
0.600408 0.0633173
0.601745 0.523009
0.602416 0.807428
0.602635 0.4895
0.60289 0.768411
0.603103 0.347418
0.603857 0.0191782
0.604311 0.663232
0.604409 0.304899
0.605512 0.838532
0.605681 0.681915
0.60629 0.910322
0.608828 0.575727
0.609508 0.998462
0.609564 0.946063
0.609821 0.268817
0.610682 0.73424
0.611962 0.246175
0.612473 0.836194
0.612817 0.61452
0.613619 0.0889138
0.614799 0.925817
0.61543 0.525789
0.615579 0.0396032
0.616055 0.0372134
0.61666 0.210977
0.617184 0.0124022
0.617327 0.410425
0.618279 0.415961
0.618701 0.51015
0.618814 0.40507
0.619354 0.482289
0.619496 0.866812
0.619578 0.252854
0.620311 0.566511
0.620398 0.0274123
0.620409 0.222461
0.621127 0.286543
0.621411 0.0596501
0.621803 0.64723
0.622339 0.658661
0.622715 0.96882
0.622881 0.759014
0.623101 0.452199
0.624752 0.203386
0.624852 0.882932
0.625744 0.875634
0.625799 0.810142
0.626086 0.634394
0.626577 0.881791
0.626934 0.87243
0.628313 0.0554351
0.628597 0.835594
0.629275 0.229535
0.629701 0.385857
0.630451 0.997449
0.630498 0.778521
0.631312 0.457034
0.631593 0.183676
0.631684 0.706538
0.633294 0.777441
0.633505 0.316071
0.634643 0.448476
0.63588 0.229521
0.635894 0.467396
0.636506 0.751942
0.636655 0.258391
0.636793 0.582416
0.636809 0.844834
0.639332 0.256892
0.639446 0.165963
0.639913 0.0119369
0.640715 0.495652
0.64084 0.599591
0.641086 0.732556
0.642538 0.139159
0.642984 0.62984
0.643068 0.0496839
0.644242 0.770186
0.644776 0.751876
0.644921 0.185869
0.64611 0.177092
0.646936 0.0599367
0.647018 0.427243
0.647197 0.447611
0.647905 0.344005
0.649194 0.00536017
0.649337 0.404072
0.650043 0.267142
0.650187 0.687141
0.651145 0.795194
0.652807 0.722622
0.652839 0.263605
0.653061 0.999412
0.653266 0.434163
0.654157 0.419774
0.655132 0.810915
0.6556 0.668918
0.657749 0.781211
0.658119 0.0148355
0.658422 0.0966692
0.658465 0.822275
0.65853 0.919071
0.659588 0.692442
0.660127 0.758281
0.661104 0.167853
0.661376 0.743517
0.661431 0.677069
0.662217 0.887143
0.663098 0.688396
0.66355 0.286149
0.663974 0.415565
0.664455 0.498177
0.664802 0.329026
0.664924 0.378455
0.665074 0.902365
0.665369 0.864596
0.665451 0.241505
0.665683 0.13168
0.666767 0.357556
0.667435 0.576915
0.667694 0.933377
0.668049 0.90604
0.668765 0.930106
0.668971 0.391177
0.670272 0.267921
0.670476 0.698822
0.67091 0.989405
0.671679 0.911211
0.674719 0.00802592
0.676713 0.509183
0.677538 0.375905
0.677941 0.147851
0.677986 0.907181
0.678402 0.895362
0.680252 0.00406818
0.680383 0.200179
0.680384 0.219494
0.680704 0.592046
0.680744 0.270538
0.680874 0.455253
0.681561 0.988394
0.681711 0.515959
0.682679 0.785909
0.685687 0.342658
0.685799 0.221824
0.685909 0.0794281
0.686832 0.582777
0.687084 0.821038
0.687743 0.894912
0.68867 0.471515
0.688877 0.953115
0.68993 0.660072
0.690155 0.442212
0.690689 0.409556
0.690752 0.475328
0.691366 0.792439
0.692454 0.0744774
0.69278 0.558931
0.692978 0.885897
0.693511 0.841979
0.693612 0.544136
0.693867 0.824542
0.694428 0.254769
0.694749 0.645408
0.695605 0.027457
0.696133 0.902223
0.697133 0.715824
0.697703 0.290549
0.697937 0.226289
0.698762 0.0917433
0.699548 0.299798
0.699679 0.497881
0.700995 0.618268
0.70129 0.57459
0.701943 0.559127
0.70214 0.872091
0.702366 0.660093
0.703437 0.661932
0.703634 0.976846
0.70366 0.414042
0.704012 0.335966
0.704161 0.835106
0.704338 0.816131
0.7048 0.56833
0.705794 0.28198
0.706364 0.85748
0.706789 0.0103038
0.706808 0.327937
0.706875 0.454136
0.707906 0.772028
0.708854 0.704278
0.712005 0.664207
0.712145 0.0215175
0.712392 0.170988
0.713321 0.789353
0.713389 0.936112
0.714018 0.497101
0.714492 0.465534
0.714647 0.0660176
0.715325 0.46813
0.716536 0.8222
0.716703 0.628023
0.71671 0.739682
0.717341 0.349531
0.717687 0.169102
0.717955 0.674594
0.718134 0.683809
0.718402 0.182273
0.71846 0.15423
0.718495 0.745082
0.71937 0.446541
0.719391 0.80178
0.719486 0.396129
0.719955 0.288646
0.720163 0.780827
0.7205 0.444559
0.720547 0.236236
0.721171 0.716503
0.72126 0.211293
0.72227 0.196369
0.723422 0.552772
0.72478 0.382456
0.725143 0.476443
0.725347 0.905942
0.725871 0.707391
0.726219 0.569772
0.727969 0.969246
0.728811 0.124338
0.72984 0.426821
0.730271 0.660343
0.730313 0.365585
0.732508 0.261038
0.732528 0.59315
0.733242 0.604772
0.733322 0.948943
0.73369 0.127635
0.734271 0.895898
0.734824 0.185587
0.735689 0.722528
0.736244 0.0497524
0.736928 0.547518
0.73775 0.356779
0.738587 0.433686
0.738752 0.197451
0.739377 0.710754
0.739549 0.600085
0.740374 0.462197
0.74161 0.245528
0.743265 0.0620092
0.743472 0.541096
0.743751 0.219285
0.744836 0.465792
0.745544 0.363885
0.746991 0.682175
0.746992 0.693656
0.747957 0.916413
0.748538 0.681734
0.748572 0.257222
0.750138 0.576378
0.750452 0.847039
0.751288 0.891396
0.751445 0.538251
0.752082 0.242243
0.752822 0.676904
0.753467 0.515408
0.754414 0.437068
0.755749 0.88124
0.755859 0.717283
0.757469 0.783333
0.75778 0.0148305
0.758742 0.182168
0.759042 0.222569
0.759645 0.357498
0.76099 0.958879
0.761608 0.339673
0.761843 0.287239
0.764181 0.588135
0.764973 0.89355
0.765709 0.272542
0.767009 0.121902
0.767096 0.578843
0.76847 0.675335
0.768841 0.91616
0.769195 0.868513
0.769441 0.00255034
0.77107 0.36511
0.771174 0.122334
0.771443 0.636106
0.77155 0.43405
0.772597 0.0385208
0.773035 0.399683
0.773676 0.172242
0.775044 0.162335
0.775323 0.854799
0.776121 0.263185
0.776145 0.676981
0.776318 0.573958
0.779267 0.138582
0.779271 0.200457
0.780248 0.623232
0.780488 0.666264
0.781634 0.920103
0.782049 0.905137
0.782059 0.0663527
0.782418 0.094911
0.783606 0.0696289
0.78458 0.444162
0.786215 0.91547
0.786346 0.110132
0.786371 0.539659
0.789378 0.0764115
0.790524 0.332207
0.791286 0.140436
0.792215 0.750403
0.79232 0.52558
0.792589 0.0470695
0.792767 0.0400845
0.792971 0.471963
0.793127 0.0777449
0.793826 0.836998
0.794261 0.139305
0.794476 0.760457
0.794714 0.764357
0.795183 0.647569
0.795187 0.700718
0.795244 0.668848
0.795879 0.343976
0.79621 0.893256
0.796775 0.399265
0.797236 0.143035
0.797258 0.508174
0.797451 0.753887
0.797999 0.970016
0.798104 0.727897
0.798954 0.0167811
0.79996 0.929002
0.800446 0.0952544
0.800718 0.662849
0.800841 0.742659
0.800846 0.816008
0.80099 0.232133
0.801295 0.369065
0.80143 0.627059
0.803749 0.605218
0.804014 0.064034
0.804761 0.623283
0.805618 0.0157409
0.806665 0.624336
0.806935 0.154035
0.807394 0.875351
0.807508 0.793641
0.808035 0.646955
0.808064 0.133583
0.808298 0.070067
0.808553 0.345417
0.809285 0.650817
0.809393 0.470558
0.809416 0.849557
0.809686 0.394416
0.809773 0.855208
0.810108 0.486218
0.810164 0.425946
0.810947 0.592372
0.811373 0.750322
0.811469 0.355816
0.811953 0.489464
0.812256 0.58483
0.812427 0.468369
0.812553 0.573921
0.813442 0.513896
0.813968 0.364596
0.81568 0.134314
0.816836 0.555903
0.817235 0.274951
0.817366 0.468072
0.817573 0.949233
0.819606 0.117823
0.820173 0.654583
0.820481 0.822906
0.821224 0.312093
0.821436 0.874053
0.821559 0.939072
0.822316 0.661328
0.822629 0.932545
0.823785 0.348413
0.824076 0.236967
0.827178 0.383501
0.827814 0.0665032
0.827981 0.881813
0.828107 0.999933
0.829202 0.394742
0.829223 0.749558
0.829454 0.633801
0.830026 0.254741
0.830368 0.998592
0.83073 0.0739753
0.831187 0.756206
0.832261 0.808627
0.832565 0.921829
0.833 0.234843
0.833539 0.290085
0.834487 0.226444
0.834757 0.758358
0.835012 0.0504951
0.835215 0.458214
0.836019 0.966394
0.837362 0.551167
0.837402 0.207909
0.838419 0.301615
0.83854 0.349165
0.839144 0.494605
0.839623 0.542641
0.839714 0.0769691
0.840661 0.989488
0.842357 0.500591
0.842452 0.097476
0.842595 0.501674
0.842705 0.349503
0.84336 0.357339
0.843472 0.240434
0.844143 0.509075
0.844389 0.650805
0.845096 0.534912
0.845158 0.566819
0.84609 0.242434
0.846455 0.376061
0.847219 0.205899
0.847471 0.446695
0.848257 0.6613
0.849289 0.998524
0.850024 0.353591
0.850564 0.421386
0.852914 0.92079
0.85309 0.891406
0.854203 0.592813
0.854854 0.538147
0.856131 0.988174
0.85693 0.415665
0.857452 0.189174
0.857616 0.944189
0.859388 0.734371
0.860367 0.184843
0.860468 0.882195
0.860895 0.067663
0.862122 0.677225
0.862364 0.745817
0.862542 0.748819
0.862546 0.807431
0.862827 0.530488
0.863062 0.479322
0.86349 0.684254
0.863697 0.159889
0.8643 0.298254
0.864409 0.119732
0.865049 0.882203
0.865481 0.147774
0.86606 0.870597
0.867244 0.771818
0.867761 0.466468
0.868111 0.334977
0.86838 0.863244
0.868462 0.243236
0.868633 0.113761
0.868706 0.339715
0.869365 0.413565
0.871358 0.912844
0.87175 0.500894
0.872183 0.782125
0.872558 0.0807716
0.873113 0.403832
0.873411 0.417138
0.873894 0.541614
0.874237 0.307496
0.87434 0.032498
0.874913 0.654424
0.874968 0.580315
0.875314 0.395683
0.875724 0.301264
0.875755 0.810925
0.87577 0.0595534
0.877499 0.117767
0.877969 0.0279486
0.878029 0.0306865
0.878413 0.486807
0.878723 0.699177
0.878922 0.0383366
0.878927 0.124536
0.879966 0.584618
0.880297 0.151726
0.881039 0.624337
0.882581 0.537727
0.882655 0.778316
0.883483 0.700621
0.883502 0.018575
0.884362 0.467172
0.885506 0.704528
0.885632 0.817734
0.887163 0.550492
0.887642 0.595718
0.88832 0.99988
0.888441 0.0338442
0.888722 0.749787
0.88926 0.785221
0.8897 0.194257
0.890083 0.632166
0.890988 0.833025
0.891392 0.6336
0.891646 0.888289
0.892957 0.923971
0.893141 0.0151288
0.895278 0.934196
0.895469 0.154152
0.895619 0.661932
0.896307 0.227427
0.896399 0.77985
0.896658 0.137659
0.89694 0.876791
0.897102 0.60144
0.897853 0.222149
0.898177 0.662548
0.898305 0.807545
0.898679 0.0900609
0.899394 0.10778
0.899612 0.780765
0.899708 0.39241
0.900201 0.682531
0.900383 0.728609
0.900821 0.103404
0.902871 0.544845
0.90311 0.577562
0.903251 0.940922
0.903364 0.838691
0.903507 0.247373
0.903697 0.427266
0.905199 0.678421
0.905376 0.653513
0.905872 0.987626
0.906481 0.221261
0.908166 0.540509
0.908265 0.213168
0.908753 0.416573
0.909171 0.440982
0.909493 0.854028
0.909621 0.993898
0.909634 0.219446
0.910658 0.422142
0.910738 0.774476
0.91081 0.986303
0.911552 0.454962
0.911789 0.437809
0.911986 0.745115
0.913899 0.892162
0.914106 0.384883
0.914549 0.8243
0.914784 0.77297
0.915176 0.3581
0.915423 0.516822
0.915821 0.206896
0.916262 0.618053
0.916917 0.621545
0.917271 0.574172
0.919582 0.414047
0.919983 0.153193
0.920133 0.671883
0.920211 0.984889
0.920658 0.500881
0.921277 0.90517
0.921748 0.811118
0.922327 0.550455
0.922608 0.281268
0.923122 0.915131
0.923757 0.585524
0.924124 0.756124
0.924304 0.773111
0.924523 0.46153
0.925663 0.617007
0.926497 0.633126
0.926524 0.0894115
0.927154 0.679765
0.928919 0.348044
0.92936 0.751045
0.930475 0.493016
0.931047 0.110395
0.931111 0.17558
0.931389 0.854504
0.932013 0.34306
0.932791 0.413872
0.933194 0.195874
0.93338 0.320998
0.934386 0.232475
0.934769 0.659286
0.935587 0.402735
0.935963 0.724508
0.936206 0.815962
0.936698 0.0792227
0.936849 0.626268
0.937172 0.047218
0.937631 0.758547
0.93771 0.0846553
0.938604 0.118938
0.939052 0.654996
0.93966 0.869621
0.939989 0.399945
0.939993 0.454307
0.940018 0.874466
0.940559 0.981002
0.941599 0.452417
0.941798 0.796014
0.942064 0.276461
0.943133 0.23675
0.943172 0.89206
0.943922 0.504817
0.943958 0.101977
0.944184 0.902853
0.944206 0.275522
0.944387 0.30759
0.945666 0.815243
0.94626 0.790992
0.946661 0.529183
0.946785 0.622048
0.947138 0.556705
0.947326 0.715585
0.947546 0.401538
0.949562 0.281249
0.950085 0.0823301
0.950212 0.211752
0.950494 0.957968
0.951256 0.764741
0.951636 0.152733
0.951958 0.551848
0.953192 0.294497
0.953218 0.742729
0.953906 0.291061
0.954363 0.983944
0.954791 0.164864
0.955004 0.758287
0.955074 0.934606
0.956551 0.751616
0.95766 0.3875
0.957868 0.884322
0.958528 0.982497
0.959837 0.987133
0.960133 0.957785
0.961346 0.33463
0.961346 0.342738
0.961779 0.612049
0.9626 0.423282
0.963424 0.273506
0.963432 0.405373
0.964316 0.264596
0.964461 0.693353
0.965253 0.0137787
0.965681 0.200851
0.966191 0.773175
0.966446 0.0631914
0.967658 0.436131
0.968724 0.3432
0.96947 0.882601
0.969502 0.421861
0.970344 0.56548
0.970735 0.142839
0.971356 0.578348
0.971442 0.0212016
0.972206 0.86425
0.973555 0.544888
0.973761 0.00759482
0.974157 0.656878
0.974777 0.0844117
0.97674 0.0726911
0.976759 0.382968
0.976789 0.89763
0.976797 0.0269447
0.977541 0.535298
0.979973 0.405217
0.980299 0.882955
0.981473 0.611902
0.982438 0.832365
0.98349 0.520641
0.984061 0.112827
0.984268 0.588846
0.984538 0.13185
0.984753 0.736629
0.985455 0.541478
0.986705 0.549871
0.990328 0.449965
0.990564 0.409819
0.9912 0.0956067
0.992194 0.812591
0.992588 0.421052
0.992936 0.267537
0.993231 0.230935
0.993546 0.523227
0.994823 0.997923
0.995288 0.807419
0.995348 0.811456
0.996956 0.836058
0.998033 0.943279
0.998533 0.339494
0.998571 0.98859
0.999224 0.951267
0.999919 0.635895
0.999932 0.86142
