0.000595042 0.000878999
0.0810608 0.388823
0.0945488 0.0817376
0.103434 0.414028
0.136455 0.398144
0.191824 0.983236
0.193967 0.0113162
0.199555 0.916634
0.205262 0.83642
0.213852 0.213547
0.215532 0.446023
0.219411 0.634717
0.233599 0.101637
0.244054 0.819726
0.315732 0.514659
0.319178 0.417724
0.365158 0.211519
0.389854 0.269215
0.42246 0.282156
0.440039 0.729748
0.450347 0.989362
0.463323 0.0651939
0.467532 0.80665
0.537426 0.514435
0.543948 0.139195
0.576717 0.876566
0.60101 0.17688
0.630488 0.61635
0.667679 0.682049
0.682494 0.680562
0.688981 0.702207
0.692169 0.284035
0.696007 0.79477
0.708921 0.828708
0.713422 0.488943
0.741716 0.0190924
0.764005 0.629572
0.773352 0.727335
0.776866 0.783865
0.80072 0.706535
0.828355 0.157731
0.85127 0.289316
0.865883 0.890019
0.869264 0.715642
0.881504 0.439726
0.886031 0.524987
0.95216 0.947545
0.987145 0.954415
0.987937 0.257169
0.999117 0.153604
