0.00103099 0.327863
0.00174946 0.403208
0.00215549 0.22734
0.00293645 0.352881
0.00396984 0.721113
0.00502889 0.52064
0.0053733 0.30914
0.00669389 0.504269
0.00938079 0.662866
0.0099454 0.152409
0.0102487 0.2497
0.0103557 0.049045
0.0117183 0.949041
0.0119834 0.405047
0.0123275 0.189093
0.0143413 0.0338751
0.0145982 0.351425
0.0149392 0.0837942
0.0151254 0.21316
0.0154067 0.940608
0.015532 0.0465587
0.016175 0.853859
0.0172248 0.497446
0.0180433 0.2538
0.0184838 0.65692
0.0206999 0.904043
0.0211075 0.754268
0.022144 0.175039
0.0222792 0.447229
0.0233993 0.271792
0.0250363 0.784391
0.0287991 0.025947
0.0298858 0.291206
0.0299531 0.422515
0.0319991 0.808248
0.0327662 0.70108
0.0347255 0.631624
0.0350856 0.683622
0.0380645 0.750644
0.0380999 0.344728
0.0400878 0.755835
0.0443401 0.224502
0.0457335 0.643354
0.0464436 0.576963
0.0466739 0.448918
0.0489676 0.998506
0.0500076 0.477098
0.0501628 0.0857829
0.0503612 0.420309
0.0517613 0.951885
0.0549485 0.51864
0.0552997 0.422313
0.0570182 0.304895
0.057065 0.0917343
0.0581563 0.433191
0.0583558 0.786273
0.0589504 0.778919
0.0599808 0.0977663
0.0607361 0.792309
0.0611537 0.810356
0.0614062 0.0537348
0.0624344 0.335274
0.0631688 0.678507
0.0632078 0.333378
0.0637827 0.995869
0.065414 0.41247
0.0657965 0.842395
0.0671502 0.593886
0.070633 0.128749
0.0721699 0.960049
0.0723089 0.296001
0.0741015 0.424643
0.0748426 0.879292
0.0754398 0.917213
0.0755625 0.979735
0.0766328 0.967823
0.0788531 0.283357
0.0813438 0.145205
0.0887162 0.0537234
0.0890936 0.396643
0.0892597 0.187809
0.0905636 0.102081
0.091204 0.866367
0.0938362 0.104771
0.0945425 0.976105
0.0951707 0.533243
0.097532 0.219932
0.0984917 0.350158
0.0997876 0.129597
0.103151 0.663735
0.105869 0.344304
0.10721 0.87628
0.107362 0.428005
0.107487 0.533322
0.108214 0.752625
0.108812 0.799413
0.109255 0.245413
0.110671 0.0392112
0.113983 0.704654
0.114856 0.380435
0.114995 0.716981
0.115714 0.802563
0.11701 0.589844
0.118457 0.90617
0.119858 0.447177
0.120187 0.976945
0.121548 0.863455
0.121868 0.239874
0.123612 0.552045
0.127098 0.143931
0.127436 0.813987
0.129395 0.744759
0.130543 0.0382458
0.130561 0.333605
0.131749 0.30848
0.132108 0.34279
0.132111 0.385147
0.132824 0.369008
0.133851 0.62746
0.13427 0.681985
0.136944 0.617459
0.137435 0.867486
0.137514 0.20437
0.137641 0.335107
0.137815 0.252355
0.139817 0.908959
0.141274 0.387322
0.142071 0.79142
0.143095 0.999594
0.143878 0.15594
0.14481 0.825192
0.145075 0.28022
0.146233 0.736613
0.146366 0.975088
0.146504 0.288109
0.147016 0.901396
0.147305 0.751749
0.148431 0.685521
0.150411 0.959956
0.152834 0.680485
0.155116 0.042224
0.155445 0.557975
0.15587 0.699091
0.155886 0.972904
0.155966 0.327328
0.156125 0.996636
0.15709 0.212177
0.158326 0.978078
0.158348 0.355967
0.158568 0.05438
0.158635 0.175061
0.15879 0.789585
0.159337 0.970691
0.161185 0.0429972
0.16154 0.00472613
0.161701 0.701568
0.162912 0.060083
0.162985 0.280817
0.163538 0.58705
0.163713 0.520194
0.163975 0.92147
0.164958 0.450394
0.168755 0.268025
0.17021 0.719168
0.171241 0.0459906
0.17131 0.21003
0.171979 0.455302
0.17293 0.440974
0.174651 0.366069
0.174983 0.940651
0.175289 0.0794916
0.176271 0.584514
0.176576 0.718667
0.177676 0.200959
0.180151 0.804106
0.181329 0.60349
0.181571 0.659185
0.182454 0.502505
0.183141 0.0504067
0.183303 0.772574
0.183999 0.477231
0.184721 0.600723
0.185 0.300481
0.185207 0.76595
0.189733 0.835004
0.191323 0.567557
0.195677 0.749564
0.199328 0.0987823
0.199505 0.0753931
0.201151 0.745389
0.201487 0.399017
0.202129 0.188489
0.202905 0.228449
0.203942 0.649555
0.205474 0.400141
0.206142 0.626951
0.207463 0.829398
0.209071 0.848803
0.210216 0.101687
0.213109 0.716526
0.214228 0.528809
0.214298 0.703014
0.215364 0.628288
0.215595 0.508218
0.215778 0.574331
0.216371 0.540383
0.217348 0.965788
0.217615 0.453467
0.218962 0.090254
0.219181 0.782899
0.220014 0.773317
0.220123 0.600148
0.221368 0.526146
0.222824 0.00393722
0.225081 0.944305
0.22587 0.195154
0.227462 0.955295
0.227562 0.636352
0.228297 0.995903
0.228899 0.112127
0.229478 0.838426
0.231305 0.542227
0.23259 0.146857
0.233608 0.257351
0.234064 0.917245
0.236329 0.977192
0.236671 0.73243
0.239154 0.454335
0.240561 0.110593
0.241075 0.741693
0.243251 0.321352
0.244125 0.01349
0.246226 0.31976
0.246386 0.0123755
0.247541 0.419204
0.249312 0.188318
0.251846 0.777682
0.254089 0.473499
0.255224 0.555549
0.255825 0.650556
0.25603 0.101883
0.256078 0.907897
0.256661 0.699139
0.257574 0.0436596
0.25808 0.552308
0.258423 0.323559
0.258716 0.245782
0.259215 0.621844
0.259613 0.310486
0.260317 0.145576
0.260856 0.21111
0.261095 0.228832
0.268302 0.344847
0.269399 0.790683
0.273536 0.319537
0.27371 0.242733
0.274882 0.949187
0.275804 0.441813
0.276059 0.718376
0.276423 0.840335
0.278875 0.0440243
0.279391 0.724571
0.280173 0.863543
0.283012 0.578873
0.283045 0.143436
0.28358 0.121698
0.283951 0.371469
0.288041 0.109844
0.288092 0.967724
0.291548 0.050278
0.294961 0.412485
0.295066 0.166163
0.295244 0.158208
0.29565 0.981737
0.295745 0.581095
0.29628 0.573476
0.29655 0.123359
0.297251 0.897725
0.29911 0.137969
0.299883 0.12802
0.300388 0.62687
0.301803 0.410987
0.301989 0.523808
0.302268 0.21322
0.302798 0.123299
0.303956 0.585233
0.304131 0.525678
0.304342 0.0698965
0.304777 0.393969
0.306041 0.630486
0.307762 0.551526
0.308157 0.192913
0.309169 0.207972
0.314766 0.278434
0.315076 0.483955
0.318059 0.609925
0.31913 0.617767
0.319266 0.906354
0.31957 0.0174896
0.322501 0.280078
0.323132 0.879533
0.324934 0.162221
0.325577 0.964419
0.326013 0.2926
0.326064 0.156045
0.32812 0.708917
0.328593 0.668648
0.329669 0.743913
0.330745 0.836515
0.330765 0.166193
0.330884 0.16691
0.331042 0.817858
0.331271 0.666577
0.331576 0.79702
0.333827 0.632929
0.334055 0.468531
0.335809 0.946402
0.337589 0.86309
0.338948 0.705914
0.339024 0.975648
0.339233 0.493515
0.339461 0.318364
0.339614 0.887479
0.339958 0.675447
0.340203 0.797416
0.340453 0.990636
0.342412 0.916727
0.342665 0.174365
0.342958 0.087314
0.344405 0.411208
0.344525 0.433996
0.345177 0.396391
0.345201 0.800067
0.346917 0.638861
0.347766 0.897198
0.350718 0.513953
0.350919 0.896808
0.352957 0.14381
0.355183 0.563528
0.355597 0.515089
0.355924 0.00974854
0.356157 0.923019
0.360175 0.455147
0.361211 0.865407
0.361927 0.91472
0.363366 0.0864462
0.366169 0.200297
0.370211 0.130858
0.371563 0.851982
0.371673 0.707089
0.372719 0.28643
0.374049 0.638165
0.374109 0.651938
0.375261 0.0195249
0.37581 0.242995
0.376817 0.158103
0.37703 0.734958
0.377593 0.211556
0.379497 0.208626
0.380515 0.322422
0.380937 0.399777
0.384034 0.461458
0.384584 0.696934
0.384838 0.966688
0.385731 0.975856
0.387216 0.936112
0.387375 0.618616
0.390087 0.186383
0.390172 0.621418
0.391217 0.182546
0.391581 0.301476
0.392298 0.346047
0.393084 0.564291
0.396432 0.839643
0.396678 0.974416
0.396918 0.0088856
0.397342 0.133738
0.397729 0.62849
0.398309 0.385131
0.398478 0.224538
0.398569 0.747816
0.399826 0.870153
0.400791 0.094835
0.400825 0.670206
0.40153 0.515385
0.401564 0.0875393
0.403429 0.433737
0.404845 0.233953
0.404878 0.787692
0.406292 0.545982
0.407785 0.643395
0.408116 0.207177
0.408485 0.410404
0.408842 0.406991
0.409362 0.155049
0.410992 0.546144
0.411359 0.717095
0.411894 0.700296
0.413806 0.837129
0.416919 0.155124
0.42055 0.188102
0.420941 0.760827
0.42369 0.954696
0.423914 0.721348
0.42404 0.845753
0.424703 0.987709
0.425097 0.597164
0.425099 0.645398
0.425278 0.640682
0.425399 0.685877
0.425545 0.135053
0.42787 0.203835
0.430886 0.897623
0.432049 0.447095
0.432112 0.50569
0.432123 0.683975
0.433289 0.291472
0.434209 0.750116
0.434743 0.718165
0.43754 0.727103
0.443589 0.401047
0.444206 0.764271
0.446284 0.698523
0.449824 0.196679
0.451389 0.497146
0.451496 0.285683
0.452539 0.81538
0.4529 0.888385
0.454617 0.751808
0.454731 0.661856
0.45484 0.48875
0.464217 0.100534
0.46445 0.0148452
0.465042 0.958326
0.46585 0.535973
0.46715 0.385889
0.468501 0.103084
0.46856 0.0961875
0.468781 0.800205
0.469698 0.205959
0.470478 0.323814
0.472164 0.659372
0.477959 0.0630141
0.478962 0.919135
0.479588 0.429041
0.484337 0.255245
0.485213 0.982296
0.485279 0.0776905
0.486491 0.449362
0.489078 0.938649
0.489559 0.0242744
0.495886 0.360496
0.497988 0.678302
0.501667 0.51677
0.50247 0.0173823
0.50253 0.027704
0.503728 0.164545
0.504863 0.233877
0.508984 0.490444
0.51015 0.085004
0.51097 0.877015
0.512177 0.158668
0.512917 0.598063
0.513502 0.432609
0.514485 0.952423
0.51482 0.577759
0.515671 0.882319
0.517 0.220311
0.518657 0.072019
0.518954 0.0555614
0.521061 0.473905
0.521194 0.706479
0.522006 0.351018
0.522353 0.183572
0.522601 0.356913
0.523507 0.575187
0.525679 0.0787895
0.527657 0.32638
0.529906 0.126844
0.533521 0.881743
0.534099 0.603416
0.534156 0.566764
0.535146 0.205304
0.535325 0.212352
0.535488 0.939513
0.536053 0.441907
0.536477 0.572136
0.538879 0.940424
0.538975 0.548242
0.538989 0.79471
0.541257 0.901419
0.541377 0.919041
0.541596 0.598139
0.542364 0.510748
0.542926 0.961661
0.543282 0.940075
0.544833 0.00227634
0.544837 0.0807827
0.546546 0.790128
0.546748 0.191045
0.548025 0.664685
0.549985 0.599088
0.550292 0.752517
0.553641 0.0387787
0.555411 0.790565
0.555601 0.993217
0.557189 0.676589
0.557238 0.505159
0.5576 0.588455
0.558022 0.673088
0.558559 0.69812
0.558864 0.820988
0.560666 0.115611
0.560675 0.270432
0.560748 0.497591
0.561635 0.395696
0.562038 0.168714
0.562095 0.124853
0.562175 0.476389
0.562722 0.673743
0.562922 0.0320299
0.564447 0.667365
0.566031 0.281325
0.566898 0.853289
0.567501 0.986246
0.569772 0.151387
0.571854 0.153688
0.572642 0.401626
0.572787 0.830642
0.573771 0.369458
0.575117 0.991187
0.575228 0.850787
0.575591 0.951794
0.575843 0.201067
0.577641 0.415971
0.578942 0.282447
0.581098 0.517144
0.581418 0.886941
0.581645 0.701122
0.58359 0.389581
0.586318 0.240248
0.586995 0.626387
0.588225 0.290302
0.588825 0.384495
0.589822 0.135915
0.590869 0.737521
0.59185 0.230123
0.592709 0.667896
0.593878 0.304186
0.594291 0.243092
0.59764 0.537994
0.598039 0.23973
0.598364 0.706464
0.599007 0.509123
0.600142 0.580318
0.601506 0.513944
0.602002 0.854959
0.60237 0.0308726
0.602399 0.516233
0.603296 0.589757
0.603452 0.213931
0.605301 0.293375
0.607871 0.491372
0.608117 0.616808
0.6083 0.701963
0.611644 0.896601
0.612826 0.76387
0.61566 0.39585
0.615804 0.813776
0.615858 0.718473
0.616031 0.636042
0.616747 0.658902
0.61766 0.0138239
0.61814 0.0797974
0.621222 0.882473
0.62172 0.251851
0.621751 0.773878
0.621842 0.292804
0.622097 0.587211
0.622173 0.860593
0.622396 0.606129
0.622919 0.397388
0.624339 0.268988
0.62942 0.660906
0.629873 0.27126
0.630646 0.270992
0.631402 0.978363
0.632228 0.849585
0.63309 0.34485
0.634329 0.174904
0.634636 0.331824
0.635071 0.629577
0.635224 0.209133
0.636519 0.973827
0.636586 0.105121
0.636833 0.258442
0.63695 0.210574
0.636961 0.396145
0.63842 0.931092
0.638758 0.609898
0.641078 0.597723
0.641209 0.798874
0.641528 0.168405
0.641692 0.911837
0.643299 0.92675
0.644313 0.965726
0.644485 0.860911
0.644813 0.36713
0.645126 0.628649
0.645558 0.900027
0.645568 0.0622837
0.646384 0.783357
0.646833 0.327304
0.646925 0.874146
0.646967 0.566107
0.647891 0.112282
0.649123 0.813475
0.65129 0.226119
0.651593 0.31826
0.653173 0.881005
0.653542 0.085398
0.656046 0.170806
0.657612 0.488726
0.658152 0.565804
0.658213 0.58558
0.658472 0.943647
0.659108 0.634232
0.659703 0.636778
0.661824 0.271247
0.662166 0.0229555
0.662336 0.884417
0.662571 0.825291
0.664293 0.778389
0.666089 0.965125
0.667684 0.760845
0.668215 0.696281
0.668347 0.905642
0.670204 0.112929
0.670905 0.894346
0.671444 0.967143
0.672008 0.432284
0.672264 0.740129
0.672528 0.183385
0.675819 0.486272
0.676251 0.758416
0.677092 0.889474
0.677577 0.0303538
0.677617 0.714269
0.677863 0.840652
0.678065 0.234744
0.683591 0.121742
0.683769 0.103902
0.684132 0.207335
0.684607 0.191014
0.687515 0.0611804
0.688256 0.51824
0.688445 0.70171
0.688777 0.280894
0.689068 0.165026
0.690326 0.303266
0.693083 0.651221
0.693482 0.349591
0.695544 0.0164153
0.6987 0.0461247
0.703019 0.644708
0.703608 0.54494
0.705488 0.143092
0.706034 0.319823
0.706298 0.75555
0.70686 0.194598
0.70787 0.176387
0.708012 0.550234
0.709324 0.614773
0.710086 0.419605
0.710934 0.665139
0.713976 0.800546
0.714044 0.934939
0.717024 0.0257763
0.717308 0.790133
0.718096 0.0392609
0.719292 0.138488
0.720557 0.405637
0.721819 0.613126
0.722534 0.62499
0.723322 0.878
0.7251 0.753748
0.725422 0.162262
0.725681 0.522927
0.726818 0.633543
0.727287 0.516951
0.727936 0.418653
0.728036 0.103451
0.729967 0.557354
0.730405 0.914196
0.731238 0.917809
0.732385 0.192106
0.732513 0.342753
0.733498 0.897567
0.734601 0.440552
0.735108 0.968422
0.735945 0.0228754
0.735966 0.377293
0.738706 0.436556
0.738815 0.256578
0.738858 0.986715
0.739234 0.302494
0.739342 0.127329
0.7407 0.946416
0.742269 0.313407
0.742589 0.688471
0.742964 0.990991
0.744012 0.602795
0.744443 0.847485
0.745948 0.156477
0.748703 0.446179
0.74965 0.36035
0.750689 0.82843
0.750813 0.921366
0.750851 0.553134
0.753185 0.781965
0.754166 0.264173
0.756737 0.486839
0.759504 0.979268
0.759906 0.747121
0.760575 0.981553
0.761379 0.491878
0.762011 0.112989
0.765711 0.305647
0.766359 0.188519
0.766865 0.70011
0.768085 0.202842
0.77016 0.0829661
0.770733 0.710699
0.772121 0.0330607
0.774995 0.347688
0.775157 0.0698321
0.776312 0.477193
0.776492 0.493053
0.777667 0.244915
0.777972 0.378724
0.779516 0.33062
0.780094 0.0358969
0.783965 0.0964263
0.786335 0.938218
0.786829 0.23946
0.787226 0.901281
0.788923 0.427638
0.788987 0.499248
0.790776 0.578764
0.791318 0.686466
0.797043 0.896399
0.798732 0.295546
0.799031 0.311669
0.799766 0.673764
0.80133 0.956661
0.805093 0.201653
0.80567 0.903314
0.80595 0.594964
0.807006 0.347173
0.808361 0.123465
0.808422 0.142192
0.809108 0.683332
0.810555 0.993764
0.810784 0.848917
0.812578 0.0019216
0.813022 0.454143
0.813653 0.0677254
0.81369 0.682808
0.814551 0.155995
0.815686 0.233067
0.817394 0.946005
0.819781 0.066392
0.820505 0.233125
0.82123 0.406604
0.823294 0.102104
0.8281 0.873287
0.829009 0.147362
0.830089 0.31242
0.830111 0.680588
0.830935 0.517907
0.831983 0.131456
0.83383 0.177786
0.834614 0.350739
0.83596 0.980921
0.836288 0.486107
0.83646 0.378271
0.838393 0.874569
0.839371 0.313435
0.839837 0.141675
0.842356 0.469669
0.843733 0.627967
0.843734 0.639135
0.845862 0.40601
0.846337 0.38054
0.846515 0.372154
0.846658 0.773582
0.847017 0.820383
0.847547 0.726893
0.84859 0.256724
0.849669 0.380999
0.85013 0.136171
0.85029 0.825609
0.851618 0.13797
0.851788 0.994015
0.852006 0.670515
0.853914 0.728427
0.854503 0.636603
0.855039 0.648972
0.85619 0.989245
0.856752 0.4251
0.857526 0.437714
0.857737 0.986206
0.858043 0.127316
0.859325 0.671151
0.859721 0.327979
0.860364 0.135404
0.862944 0.494625
0.863642 0.231486
0.864215 0.863282
0.864472 0.178757
0.865494 0.35565
0.866102 0.572599
0.867651 0.605037
0.868055 0.396462
0.868243 0.556711
0.869629 0.855867
0.870456 0.759702
0.870497 0.440291
0.870612 0.374445
0.872048 0.516024
0.872756 0.401977
0.875032 0.660417
0.87571 0.057019
0.877409 0.609187
0.878436 0.873453
0.878474 0.518362
0.881562 0.406055
0.881792 0.275741
0.882766 0.656308
0.882987 0.358831
0.884076 0.658784
0.884121 0.414412
0.884531 0.319719
0.888298 0.629865
0.888369 0.819129
0.888926 0.180789
0.889553 0.718784
0.889967 0.669211
0.892005 0.920087
0.892062 0.883928
0.892285 0.629855
0.892395 0.490856
0.89243 0.069397
0.892904 0.035694
0.893008 0.789247
0.89307 0.827939
0.893186 0.77298
0.895041 0.957594
0.895649 0.168924
0.895663 0.409225
0.895949 0.219742
0.896537 0.0995783
0.897304 0.984607
0.898105 0.445477
0.898883 0.530134
0.898993 0.37628
0.899856 0.875013
0.901629 0.685653
0.901903 0.281939
0.902066 0.0172473
0.902758 0.657289
0.902931 0.565208
0.903483 0.843251
0.903721 0.832892
0.90488 0.32466
0.904949 0.473352
0.905208 0.831356
0.905444 0.802088
0.905966 0.562143
0.908414 0.71277
0.91575 0.0132026
0.921109 0.0745207
0.922276 0.697193
0.923539 0.92798
0.924378 0.0134102
0.924516 0.347414
0.924841 0.798511
0.924981 0.14956
0.925284 0.24898
0.928846 0.115539
0.929045 0.45725
0.929286 0.507216
0.932317 0.453304
0.935337 0.202158
0.935979 0.000614866
0.936046 0.126689
0.937003 0.202967
0.938488 0.16604
0.939464 0.579173
0.946328 0.934174
0.947403 0.00670849
0.947715 0.247425
0.949152 0.401111
0.950147 0.127675
0.950777 0.706523
0.953396 0.727847
0.953513 0.691467
0.953925 0.613398
0.954139 0.221917
0.956036 0.0911279
0.956302 0.563178
0.956813 0.147899
0.958978 0.539498
0.959594 0.89589
0.960138 0.0397271
0.964187 0.0937958
0.964283 0.69637
0.96452 0.681933
0.965327 0.257655
0.966302 0.63895
0.966743 0.0575577
0.966764 0.402395
0.967111 0.230794
0.96907 0.154952
0.969179 0.986119
0.972237 0.379264
0.974364 0.128319
0.97529 0.699248
0.977132 0.650394
0.977339 0.140423
0.97941 0.944389
0.979524 0.861857
0.979983 0.576607
0.981022 0.0344503
0.982362 0.560651
0.984362 0.175141
0.989354 0.0644517
0.989363 0.226066
0.992271 0.0933603
0.993849 0.615627
0.993956 0.421992
0.994247 0.306867
0.99514 0.318328
0.995506 0.467022
0.995585 0.804298
0.995619 0.365307
0.997783 0.746388
0.997936 0.305102
0.998749 0.967337
0.999032 0.731725
