0.00420015 0.592004
0.00674207 0.313978
0.00817873 0.459908
0.012159 0.355752
0.0124777 0.71345
0.0140118 0.495514
0.0149611 0.450687
0.0174188 0.757622
0.0193421 0.0818964
0.0196725 0.63505
0.0203557 0.117531
0.0228023 0.238872
0.0228786 0.5213
0.0236676 0.781463
0.0239841 0.101445
0.0241018 0.0789263
0.0270139 0.0229343
0.0302152 0.826202
0.030538 0.252271
0.0350654 0.343559
0.0357922 0.559903
0.0378365 0.918619
0.0379211 0.340146
0.0381064 0.453812
0.0402941 0.223144
0.0432647 0.149056
0.0471008 0.622529
0.0495314 0.47361
0.0549693 0.869019
0.0550566 0.336079
0.0558091 0.983273
0.0558347 0.414349
0.0575434 0.131247
0.0619864 0.805626
0.0632185 0.512735
0.0689772 0.299706
0.0727849 0.29509
0.0746539 0.708329
0.0772384 0.145179
0.0812835 0.131636
0.0813386 0.0573464
0.0823482 0.0261828
0.0861712 0.279438
0.0904154 0.61137
0.0908881 0.555737
0.0937891 0.314112
0.0975302 0.189691
0.100422 0.785621
0.101093 0.0779296
0.101513 0.126483
0.106102 0.263523
0.109311 0.184976
0.11172 0.678979
0.11208 0.729052
0.115271 0.351976
0.119659 0.113049
0.120528 0.707929
0.121982 0.15249
0.123159 0.929067
0.125345 0.666397
0.125733 0.193166
0.126084 0.0880032
0.127829 0.427809
0.131601 0.823795
0.132998 0.298614
0.135103 0.681583
0.138778 0.43587
0.139782 0.314249
0.142826 0.479741
0.149045 0.00304687
0.149419 0.281337
0.149449 0.79639
0.150347 0.876559
0.150999 0.842414
0.15361 0.716829
0.15418 0.306354
0.154713 0.258257
0.15799 0.335728
0.158804 0.0116976
0.158956 0.577307
0.164785 0.536097
0.166698 0.693834
0.166821 0.755581
0.170115 0.118699
0.174312 0.667282
0.175527 0.0847456
0.179303 0.540854
0.180134 0.51428
0.186311 0.335725
0.189788 0.767422
0.189796 0.907874
0.19068 0.755764
0.194866 0.119895
0.196882 0.98832
0.196908 0.434807
0.200946 0.306936
0.204998 0.399753
0.206076 0.512789
0.206431 0.48848
0.208748 0.427751
0.21259 0.000180748
0.216653 0.293916
0.219553 0.0329909
0.2198 0.179143
0.219832 0.722043
0.227896 0.241747
0.228231 0.883307
0.228701 0.778971
0.231139 0.759844
0.232656 0.249499
0.235724 0.808038
0.249848 0.188752
0.250457 0.438698
0.257011 0.583849
0.263134 0.48791
0.267077 0.770692
0.271192 0.919247
0.27347 0.214235
0.2749 0.243983
0.27794 0.331156
0.279354 0.106617
0.280779 0.0557842
0.285079 0.315384
0.288195 0.687216
0.290231 0.918746
0.290673 0.335021
0.292676 0.00104069
0.292902 0.811856
0.295979 0.522979
0.297213 0.260823
0.299072 0.501756
0.299881 0.0940069
0.302393 0.315031
0.30582 0.923268
0.307109 0.587323
0.318027 0.0817706
0.318503 0.0818618
0.320018 0.542716
0.321124 0.12308
0.323358 0.677929
0.327313 0.152174
0.327659 0.961344
0.327709 0.811483
0.331076 0.391953
0.332864 0.451277
0.333863 0.232468
0.338111 0.631042
0.339504 0.0363235
0.341267 0.671059
0.341857 0.598338
0.343033 0.354442
0.344817 0.341434
0.347489 0.248844
0.348285 0.621456
0.349749 0.236052
0.353243 0.957849
0.354959 0.80306
0.355375 0.78267
0.357875 0.796765
0.357893 0.103653
0.360228 0.35525
0.360342 0.262912
0.36149 0.555961
0.365884 0.41736
0.368452 0.579137
0.370816 0.30639
0.371961 0.552418
0.374314 0.0877763
0.374556 0.160705
0.379864 0.370326
0.390804 0.244165
0.400121 0.836384
0.402948 0.351492
0.409109 0.895375
0.416774 0.712905
0.424846 0.388033
0.42696 0.910553
0.427783 0.7504
0.432429 0.833053
0.43707 0.83169
0.439932 0.941665
0.442181 0.7279
0.452419 0.803628
0.457334 0.415307
0.458633 0.250783
0.461174 0.954788
0.461671 0.311323
0.4629 0.959696
0.46373 0.908571
0.464439 0.832749
0.464518 0.160164
0.468075 0.935577
0.470592 0.241267
0.472739 0.330917
0.472961 0.0552596
0.473973 0.0584616
0.474324 0.962142
0.47735 0.822586
0.478117 0.711677
0.479444 0.0227458
0.479889 0.497672
0.480724 0.525367
0.481478 0.19935
0.484679 0.99854
0.488098 0.456018
0.489767 0.512331
0.490127 0.568845
0.490816 0.146596
0.491014 0.473672
0.495845 0.665452
0.496209 0.780124
0.497378 0.43324
0.509376 0.0826106
0.512741 0.64566
0.513823 0.817237
0.513952 0.988131
0.514612 0.0757324
0.515874 0.287776
0.517851 0.521803
0.520506 0.140506
0.52228 0.96136
0.522955 0.30299
0.524843 0.0440276
0.525203 0.0807723
0.530021 0.0661318
0.532806 0.863406
0.533753 0.789684
0.534079 0.266694
0.537313 0.616164
0.53867 0.423144
0.539884 0.826535
0.540207 0.260892
0.540779 0.864176
0.540865 0.31621
0.54237 0.610785
0.543872 0.859818
0.548628 0.784087
0.550926 0.406413
0.555184 0.983052
0.555962 0.0553113
0.561726 0.929382
0.562344 0.323286
0.563159 0.0167553
0.563247 0.495383
0.564049 0.967602
0.564476 0.148679
0.566146 0.212208
0.568373 0.636982
0.569852 0.504738
0.571211 0.346388
0.572575 0.262553
0.573125 0.513298
0.573562 0.859019
0.574301 0.279193
0.576154 0.413844
0.576491 0.081614
0.578095 0.0444501
0.578921 0.917425
0.582756 0.384998
0.583888 0.405916
0.588346 0.338518
0.589901 0.47028
0.589917 0.730999
0.591097 0.564381
0.59463 0.943154
0.594754 0.0252892
0.595341 0.89539
0.596363 0.0720005
0.597179 0.795829
0.600986 0.777164
0.60105 0.84047
0.604619 0.826507
0.607057 0.805392
0.607869 0.461765
0.609982 0.960736
0.614888 0.420121
0.617111 0.786331
0.630845 0.611592
0.631101 0.911931
0.632115 0.962131
0.636672 0.541589
0.639831 0.647175
0.646298 0.329883
0.646814 0.994425
0.647745 0.64822
0.648548 0.138885
0.650548 0.75181
0.65328 0.680443
0.655296 0.561305
0.666644 0.285854
0.668232 0.967512
0.668286 0.878251
0.668958 0.180279
0.670107 0.482665
0.67103 0.00301283
0.671157 0.130173
0.671376 0.809177
0.671638 0.217896
0.674375 0.213961
0.676863 0.0317001
0.678466 0.985724
0.679193 0.19954
0.680009 0.914681
0.681437 0.91778
0.681922 0.0689353
0.687333 0.998253
0.688564 0.690547
0.690381 0.237703
0.6913 0.683748
0.697348 0.319538
0.698521 0.0424502
0.69981 0.714168
0.701012 0.908274
0.705603 0.0659522
0.70899 0.00178679
0.711138 0.0956244
0.712142 0.966326
0.71388 0.177357
0.716403 0.579686
0.720517 0.723217
0.726854 0.241504
0.727449 0.243071
0.729024 0.697773
0.731136 0.204233
0.731913 0.269402
0.733682 0.995643
0.73427 0.88401
0.734638 0.0531221
0.74083 0.124385
0.741229 0.83851
0.744583 0.211706
0.74464 0.165177
0.746707 0.899528
0.747319 0.192291
0.747805 0.358051
0.751832 0.0437558
0.752339 0.557906
0.755743 0.768501
0.759829 0.43773
0.761485 0.285995
0.762806 0.477892
0.764085 0.969822
0.765781 0.481121
0.768497 0.132247
0.769852 0.910088
0.775179 0.435856
0.778193 0.0847992
0.779047 0.435598
0.783641 0.646002
0.785874 0.177395
0.790856 0.912244
0.79175 0.937456
0.791754 0.00549871
0.792544 0.291465
0.795798 0.977265
0.796923 0.879403
0.796996 0.113762
0.797797 0.570476
0.798901 0.127111
0.799412 0.720746
0.806133 0.683343
0.806654 0.427198
0.806924 0.975641
0.809939 0.637341
0.812704 0.122304
0.814359 0.933996
0.816531 0.4444
0.818262 0.534529
0.821241 0.589498
0.821521 0.310568
0.822853 0.683716
0.827243 0.480234
0.829105 0.775294
0.829134 0.261515
0.82936 0.0466212
0.831305 0.744793
0.8334 0.961271
0.834857 0.439172
0.835209 0.36598
0.835503 0.290738
0.836531 0.574524
0.838322 0.685642
0.838637 0.973176
0.839231 0.94923
0.843545 0.45788
0.84364 0.0521271
0.844575 0.777893
0.845862 0.405447
0.847418 0.554309
0.848102 0.0464166
0.85093 0.575394
0.851717 0.809862
0.85223 0.430412
0.853857 0.782399
0.857528 0.4764
0.865386 0.542484
0.866238 0.856263
0.86726 0.0422581
0.870619 0.490079
0.8732 0.876379
0.875183 0.203
0.875995 0.854341
0.880266 0.624377
0.882107 0.569341
0.884175 0.326372
0.888436 0.95011
0.893393 0.260832
0.897588 0.756799
0.899051 0.345341
0.904519 0.248666
0.905961 0.48593
0.908196 0.0446445
0.908953 0.770837
0.909833 0.563309
0.910061 0.400711
0.911566 0.682506
0.912452 0.587286
0.913788 0.0292824
0.914979 0.0452531
0.921293 0.17075
0.929278 0.383325
0.929621 0.136653
0.934827 0.630327
0.939032 0.316342
0.940154 0.175324
0.944099 0.476271
0.948261 0.424344
0.948518 0.74839
0.949713 0.823418
0.951203 0.873403
0.952976 0.662028
0.955192 0.909355
0.957815 0.989729
0.965954 0.792339
0.96812 0.187343
0.968631 0.783405
0.968876 0.905178
0.972155 0.00586171
0.972585 0.24062
0.973292 0.113097
0.973475 0.187193
0.976502 0.0694798
0.977232 0.341743
0.977674 0.770737
0.981213 0.247801
0.989859 0.564546
0.99255 0.792915
0.992559 0.946977
0.998421 0.46709
0.998852 0.712696
