0.00132909 0.337992
0.00207886 0.939393
0.00551638 0.713886
0.00774012 0.0881332
0.00923925 0.284159
0.00927133 0.823341
0.0128749 0.388239
0.0141247 0.393823
0.0176035 0.861286
0.0177784 0.801582
0.0205724 0.759649
0.0209679 0.407962
0.0235203 0.30574
0.0271122 0.675284
0.0289971 0.353946
0.0297389 0.821392
0.0322022 0.222361
0.0364161 0.0458135
0.036446 0.548274
0.039142 0.860103
0.0399504 0.446438
0.0449488 0.454607
0.0487048 0.581147
0.049801 0.00488182
0.061774 0.235549
0.0626621 0.162392
0.0686574 0.925526
0.0689121 0.204805
0.0729034 0.287668
0.0731356 0.190076
0.0741204 0.740695
0.0784299 0.171629
0.0792707 0.303133
0.0795166 0.436168
0.0826501 0.100754
0.0840677 0.925333
0.086488 0.603584
0.0882274 0.837562
0.0888296 0.958779
0.0894568 0.501125
0.0910192 0.759009
0.0947358 0.224001
0.0949271 0.439309
0.0955553 0.997276
0.0956704 0.932878
0.0993881 0.416599
0.0995672 0.425212
0.0996041 0.0454049
0.104226 0.727606
0.105827 0.633521
0.115214 0.394256
0.116666 0.799967
0.119348 0.882021
0.120497 0.188931
0.121506 0.154222
0.122932 0.122893
0.122971 0.778304
0.125364 0.989986
0.126932 0.353447
0.12745 0.0598683
0.127519 0.218202
0.131491 0.967013
0.132291 0.416722
0.134382 0.552565
0.134814 0.818621
0.13495 0.0996398
0.135895 0.990253
0.136171 0.6229
0.137538 0.609228
0.139719 0.250301
0.141041 0.477065
0.143572 0.00773114
0.147247 0.773563
0.14881 0.047952
0.149661 0.349523
0.151157 0.491859
0.155903 0.263638
0.155958 0.179034
0.156925 0.430951
0.159761 0.107127
0.167888 0.690035
0.168304 0.677449
0.173016 0.887436
0.175339 0.920177
0.175366 0.381533
0.179992 0.133233
0.18279 0.153597
0.187546 0.0886034
0.187983 0.431796
0.19081 0.94703
0.191027 0.593891
0.191411 0.0478752
0.194405 0.365153
0.196641 0.94737
0.19876 0.558822
0.199383 0.0380718
0.199987 0.176718
0.20012 0.424788
0.201053 0.104003
0.20449 0.858907
0.206161 0.949992
0.206282 0.974149
0.213765 0.747057
0.217831 0.0799248
0.218338 0.609141
0.220217 0.184706
0.221494 0.657532
0.223682 0.418474
0.22399 0.601565
0.225484 0.703909
0.230932 0.266387
0.237121 0.29012
0.240797 0.0675894
0.240993 0.367961
0.241938 0.253018
0.243938 0.873292
0.244022 0.272295
0.246677 0.903199
0.246908 0.786886
0.250205 0.195295
0.251378 0.911383
0.251553 0.84642
0.253387 0.676875
0.255438 0.143118
0.257373 0.66518
0.258285 0.00139703
0.261168 0.449088
0.265903 0.0254819
0.269607 0.281823
0.270804 0.410454
0.274469 0.00124131
0.276915 0.109645
0.277099 0.195692
0.280583 0.754622
0.281956 0.841769
0.282392 0.159088
0.282723 0.719434
0.284331 0.758209
0.287292 0.522945
0.288788 0.658762
0.290149 0.527961
0.296215 0.492615
0.296236 0.838916
0.301787 0.133832
0.30182 0.692799
0.304759 0.079725
0.306771 0.896786
0.306927 0.528817
0.315371 0.440473
0.316254 0.286501
0.316526 0.849259
0.319343 0.203543
0.32183 0.991417
0.322574 0.495873
0.325078 0.584256
0.326404 0.869114
0.328845 0.891209
0.329961 0.651509
0.333995 0.455008
0.334686 0.0719857
0.339901 0.72106
0.357064 0.179219
0.362073 0.365971
0.362555 0.457255
0.36683 0.316355
0.367662 0.293359
0.371673 0.711222
0.371935 0.117953
0.372404 0.99499
0.374543 0.943085
0.375526 0.469951
0.377338 0.916711
0.379252 0.0821022
0.382734 0.615048
0.38375 0.685166
0.385128 0.844073
0.386126 0.621508
0.38714 0.669101
0.388475 0.100289
0.389901 0.0731003
0.391908 0.804533
0.392304 0.45686
0.3959 0.899401
0.39622 0.266702
0.396903 0.756822
0.397122 0.428751
0.400232 0.706925
0.402264 0.848663
0.405072 0.053088
0.409996 0.797502
0.410041 0.565973
0.414707 0.973084
0.415211 0.458269
0.419176 0.0870545
0.420638 0.661095
0.421952 0.745583
0.424046 0.941822
0.425468 0.843303
0.426051 0.632635
0.427749 0.174903
0.42865 0.321683
0.429139 0.543589
0.431069 0.97564
0.433781 0.555421
0.433873 0.101058
0.434831 0.207656
0.435156 0.66712
0.437586 0.51147
0.439282 0.00650526
0.43954 0.352105
0.443999 0.294505
0.446462 0.694386
0.450058 0.124468
0.452923 0.278623
0.453055 0.492899
0.454336 0.0257527
0.456963 0.169645
0.458338 0.281947
0.459939 0.191235
0.460834 0.234135
0.460983 0.746415
0.461292 0.930735
0.462788 0.0726721
0.464527 0.300052
0.472834 0.923983
0.474069 0.674294
0.47409 0.032045
0.478317 0.0786746
0.478617 0.120398
0.479586 0.406556
0.479898 0.649746
0.480592 0.313783
0.480721 0.480999
0.484985 0.140645
0.485531 0.327628
0.488686 0.348259
0.488745 0.335039
0.491069 0.404399
0.491094 0.810103
0.492157 0.688809
0.498846 0.0981215
0.50008 0.848159
0.50282 0.899971
0.502868 0.703622
0.503713 0.911495
0.504014 0.956341
0.504394 0.344561
0.508221 0.674201
0.510311 0.788702
0.512373 0.448052
0.514572 0.415414
0.515444 0.0668467
0.516012 0.614454
0.519137 0.137703
0.521728 0.673862
0.527637 0.99012
0.528205 0.538142
0.528937 0.840334
0.53284 0.439951
0.536096 0.16954
0.537494 0.661099
0.540013 0.000778902
0.542975 0.779211
0.551727 0.877723
0.552094 0.0456377
0.557709 0.408579
0.564003 0.203075
0.564897 0.223184
0.565692 0.592893
0.56947 0.0864344
0.569643 0.987662
0.571304 0.910762
0.572495 0.91583
0.578009 0.604876
0.579579 0.984898
0.579623 0.717305
0.580998 0.835022
0.582221 0.386755
0.58233 0.220348
0.583007 0.606111
0.583134 0.72701
0.584149 0.78682
0.58658 0.649765
0.586926 0.470377
0.591065 0.0351306
0.592149 0.243241
0.593785 0.747662
0.597779 0.866182
0.60015 0.715941
0.600158 0.855313
0.602434 0.101653
0.604738 0.838385
0.605067 0.366314
0.606363 0.139813
0.607729 0.0962213
0.608211 0.202305
0.614361 0.564616
0.618167 0.528499
0.619953 0.553887
0.62579 0.645326
0.62677 0.129953
0.627383 0.422912
0.628767 0.688188
0.62946 0.334083
0.63124 0.246052
0.634989 0.252081
0.635442 0.870746
0.635694 0.113476
0.638133 0.0968456
0.638478 0.896647
0.642453 0.706761
0.646971 0.641045
0.649476 0.750973
0.651473 0.306148
0.661683 0.909765
0.665935 0.361316
0.669178 0.86837
0.675174 0.652064
0.675365 0.857909
0.676763 0.36214
0.677245 0.463622
0.677328 0.854837
0.68095 0.730356
0.681621 0.00478914
0.684131 0.194907
0.684357 0.987949
0.685571 0.383882
0.686378 0.951402
0.690939 0.605781
0.69299 0.0814466
0.699496 0.430922
0.702839 0.614878
0.702933 0.196751
0.704173 0.0324323
0.704851 0.430498
0.706458 0.437561
0.715079 0.328442
0.724823 0.0955632
0.728911 0.800927
0.732958 0.822532
0.736074 0.190067
0.737058 0.731944
0.741042 0.68813
0.741137 0.295376
0.741563 0.456896
0.742166 0.578966
0.742306 0.944697
0.749601 0.545922
0.749881 0.251402
0.753096 0.281861
0.75682 0.866972
0.758038 0.339056
0.771317 0.530288
0.773318 0.161919
0.7775 0.448546
0.779917 0.0664159
0.783495 0.202821
0.785848 0.753886
0.79015 0.0498394
0.791331 0.899617
0.793394 0.574761
0.794099 0.424628
0.795569 0.129102
0.796186 0.490213
0.796697 0.0838563
0.797565 0.666472
0.803331 0.588714
0.807305 0.377603
0.812987 0.867643
0.813542 0.197779
0.813851 0.386928
0.815275 0.328597
0.818536 0.137781
0.819356 0.911345
0.81946 0.664718
0.822399 0.0657625
0.822908 0.60981
0.826058 0.564229
0.826447 0.091805
0.829865 0.532362
0.835423 0.95077
0.840854 0.239959
0.841674 0.00973612
0.844444 0.563884
0.846957 0.798354
0.853679 0.782865
0.855002 0.0224869
0.855789 0.242422
0.857242 0.667284
0.859645 0.0555598
0.860486 0.189341
0.860754 0.686177
0.862682 0.0980131
0.863781 0.56185
0.865869 0.661066
0.867696 0.364883
0.87279 0.985699
0.872907 0.952787
0.873557 0.87497
0.875807 0.691047
0.876893 0.936975
0.882954 0.799981
0.884255 0.680975
0.885357 0.19966
0.886518 0.700327
0.888172 0.500983
0.890593 0.201571
0.89141 0.931589
0.900459 0.00962096
0.901604 0.261949
0.902661 0.0168037
0.903642 0.513804
0.908035 0.339648
0.910997 0.123597
0.915208 0.899278
0.924425 0.804625
0.925437 0.823777
0.928528 0.778135
0.929821 0.500153
0.931809 0.910931
0.936671 0.624706
0.937272 0.733034
0.93832 0.33615
0.941439 0.772355
0.944648 0.702183
0.946101 0.112409
0.94941 0.741146
0.952797 0.661813
0.956349 0.364168
0.957493 0.581747
0.959427 0.0843532
0.960727 0.932712
0.965537 0.786009
0.965837 0.823366
0.966179 0.577257
0.969206 0.44044
0.975122 0.882444
0.978379 0.616526
0.981608 0.892529
0.982658 0.527406
0.98333 0.830279
0.983809 0.883543
0.984001 0.112241
0.986907 0.946594
0.988472 0.245488
0.992637 0.244847
0.994725 0.34573
0.996947 0.681119
0.998026 0.830047
0.998227 0.203369
