0.000268855 0.518648
0.00379691 0.814626
0.00826974 0.989611
0.00947595 0.262286
0.00948343 0.387994
0.0101636 0.820363
0.01472 0.39939
0.0151056 0.879819
0.0155374 0.137274
0.0190741 0.578204
0.0197389 0.751473
0.0274336 0.0763714
0.0276213 0.231142
0.0277158 0.819558
0.031598 0.0673569
0.0320822 0.206327
0.0357521 0.886076
0.0398325 0.464159
0.0488389 0.836033
0.054669 0.82177
0.0660378 0.897942
0.0663977 0.946074
0.066751 0.884112
0.069727 0.90211
0.0787652 0.806568
0.0788661 0.502378
0.0822275 0.997463
0.0893933 0.43238
0.090036 0.235423
0.0918067 0.996021
0.0941127 0.751944
0.0986961 0.785456
0.102723 0.472351
0.108682 0.613046
0.109537 0.986189
0.11682 0.39631
0.124172 0.959239
0.126526 0.527405
0.130844 0.0889306
0.135681 0.397292
0.13633 0.291559
0.137434 0.855809
0.143846 0.626956
0.154833 0.272905
0.157468 0.557727
0.159786 0.526464
0.160851 0.415666
0.162722 0.864451
0.166025 0.37854
0.166802 0.449406
0.167307 0.922578
0.167419 0.819353
0.167938 0.537185
0.171918 0.432575
0.176692 0.655349
0.181662 0.20087
0.184589 0.385328
0.187086 0.349013
0.189764 0.370194
0.198349 0.654313
0.200364 0.520452
0.201528 0.0886844
0.203987 0.407743
0.205272 0.014955
0.206563 0.709048
0.210806 0.009432
0.212979 0.543785
0.216138 0.630219
0.222828 0.0751572
0.227582 0.972205
0.228458 0.69791
0.232179 0.236103
0.232265 0.670332
0.235519 0.373053
0.237568 0.80853
0.243846 0.327874
0.248317 0.456926
0.249825 0.817062
0.253899 0.287306
0.261897 0.702678
0.265596 0.864273
0.265815 0.558938
0.268409 0.142979
0.27541 0.814162
0.275863 0.422176
0.277169 0.371831
0.279797 0.554918
0.280383 0.402087
0.280646 0.816049
0.281289 0.63253
0.281633 0.409627
0.281727 0.983596
0.284636 0.879495
0.285792 0.303096
0.285896 0.0503643
0.288858 0.839863
0.292489 0.865195
0.295403 0.838215
0.299402 0.0533281
0.306254 0.211363
0.309142 0.742342
0.309523 0.160254
0.311535 0.976259
0.3131 0.272609
0.320526 0.0841178
0.322247 0.99993
0.324476 0.472915
0.330756 0.0211936
0.330857 0.708872
0.335823 0.175472
0.34097 0.677389
0.343341 0.528784
0.347555 0.360713
0.348944 0.697318
0.355765 0.346881
0.357347 0.924292
0.36199 0.957944
0.36524 0.588803
0.366795 0.724979
0.370295 0.544073
0.370385 0.0681019
0.372114 0.118082
0.375178 0.610911
0.382068 0.423708
0.382192 0.499441
0.386227 0.308834
0.38789 0.26169
0.389538 0.968423
0.395113 0.669676
0.396504 0.0444109
0.41267 0.748966
0.412894 0.512644
0.414055 0.0225379
0.416596 0.73404
0.422348 0.409298
0.424946 0.0632125
0.430898 0.102001
0.435134 0.300047
0.438205 0.91244
0.446841 0.0580307
0.447634 0.382878
0.449973 0.700186
0.455416 0.179556
0.464862 0.937895
0.465938 0.0147183
0.466754 0.732473
0.470987 0.875672
0.473036 0.307893
0.475773 0.323157
0.478254 0.0169024
0.478491 0.999092
0.480567 0.88619
0.481809 0.760236
0.496975 0.663079
0.501164 0.0667332
0.506732 0.650238
0.511699 0.118545
0.517852 0.536932
0.51845 0.595867
0.522712 0.219362
0.523681 0.501098
0.541282 0.318697
0.543329 0.722814
0.545736 0.190058
0.547145 0.862328
0.547224 0.20027
0.551119 0.661055
0.556267 0.182178
0.559206 0.573299
0.569745 0.710472
0.57352 0.155882
0.575005 0.11332
0.575209 0.533632
0.575651 0.962171
0.575731 0.317448
0.576082 0.207863
0.579208 0.749567
0.580226 0.850223
0.584519 0.0106384
0.585046 0.865635
0.589004 0.397444
0.589721 0.445271
0.594499 0.748499
0.603291 0.511376
0.603337 0.27721
0.605508 0.777846
0.606075 0.29803
0.612083 0.28456
0.618683 0.207653
0.622878 0.716533
0.628096 0.409654
0.628917 0.207981
0.633372 0.0820029
0.636146 0.706463
0.639797 0.0734078
0.640113 0.376376
0.640187 0.626951
0.652885 0.0332576
0.656319 0.746235
0.660963 0.811357
0.661675 0.773438
0.663473 0.990564
0.665608 0.865068
0.67099 0.326987
0.67476 0.696355
0.675469 0.608238
0.680001 0.774589
0.685751 0.413892
0.689682 0.489423
0.690661 0.931467
0.691922 0.137531
0.695992 0.529597
0.699215 0.698481
0.707712 0.509231
0.713737 0.773707
0.714854 0.551335
0.725654 0.0628853
0.728752 0.140697
0.731274 0.520236
0.73147 0.817047
0.73449 0.57412
0.736634 0.600439
0.737228 0.594087
0.741515 0.639791
0.744771 0.362751
0.745976 0.622498
0.748424 0.75712
0.750857 0.646878
0.756587 0.960534
0.756604 0.250556
0.762174 0.855607
0.763024 0.15069
0.763131 0.946982
0.764894 0.575354
0.765411 0.256684
0.76839 0.323674
0.769492 0.858168
0.778363 0.940469
0.779594 0.636504
0.795129 0.741612
0.798232 0.883232
0.799585 0.630222
0.800097 0.23494
0.801764 0.245828
0.80399 0.655333
0.812661 0.39824
0.813767 0.981069
0.821358 0.567957
0.823467 0.0150395
0.830314 0.0843702
0.83042 0.861402
0.831047 0.413257
0.8323 0.464007
0.837523 0.252109
0.838549 0.493045
0.847316 0.834441
0.853082 0.746493
0.854532 0.120891
0.859776 0.260569
0.865217 0.698373
0.866852 0.186053
0.872357 0.70554
0.874989 0.934286
0.876092 0.481999
0.878439 0.929021
0.880704 0.99479
0.881987 0.561094
0.889119 0.42327
0.89636 0.122576
0.897052 0.758266
0.897334 0.487968
0.902987 0.496538
0.906881 0.950671
0.907048 0.750664
0.911226 0.978053
0.912766 0.852648
0.913563 0.249663
0.916982 0.709465
0.920438 0.800033
0.927433 0.366476
0.929607 0.900485
0.930246 0.649291
0.930319 0.864663
0.932671 0.397955
0.932905 0.333414
0.934329 0.26955
0.949857 0.243128
0.957519 0.0132538
0.959911 0.22067
0.960249 0.903569
0.9649 0.0824004
0.969267 0.468833
0.971102 0.319441
0.973715 0.236549
0.974149 0.524581
0.977682 0.897234
0.981736 0.029183
0.98822 0.00738348
0.989541 0.20911
0.995383 0.400422
