0.00303135 0.947973
0.00538111 0.440326
0.00781162 0.289919
0.00983801 0.347422
0.0175578 0.0935347
0.0197224 0.474944
0.0221919 0.980114
0.0255058 0.675297
0.029415 0.377995
0.029546 0.579216
0.0323645 0.950476
0.0342044 0.873588
0.0344338 0.729366
0.0372985 0.875155
0.0503857 0.831937
0.0518123 0.808825
0.0520999 0.643463
0.05638 0.578378
0.0570456 0.766189
0.0586564 0.838852
0.0620335 0.597529
0.0660042 0.332573
0.0662561 0.566842
0.0723792 0.476687
0.0726105 0.365125
0.0762155 0.953541
0.0826717 0.463866
0.0861629 0.140622
0.086194 0.661803
0.0872522 0.448065
0.08858 0.763665
0.0890551 0.748878
0.0906476 0.514208
0.0935515 0.320676
0.0952832 0.424251
0.0974791 0.331655
0.0995257 0.728157
0.102798 0.723114
0.105006 0.829473
0.105918 0.166832
0.106786 0.747037
0.111089 0.0711414
0.11474 0.440223
0.116994 0.315334
0.122979 0.909998
0.124912 0.401977
0.126246 0.809733
0.126408 0.535399
0.126912 0.0127576
0.128375 0.593442
0.133851 0.628156
0.143462 0.173371
0.158915 0.882082
0.159286 0.115089
0.159658 0.367395
0.163598 0.585053
0.166437 0.303397
0.169263 0.801648
0.17131 0.202407
0.176333 0.628974
0.183434 0.976104
0.183702 0.478505
0.188445 0.195711
0.194881 0.357887
0.198381 0.192516
0.198685 0.297047
0.199329 0.115679
0.207765 0.899367
0.212299 0.102165
0.212917 0.500944
0.217627 0.651302
0.220635 0.205812
0.220901 0.687379
0.223693 0.609241
0.225366 0.734614
0.227241 0.238051
0.231841 0.557446
0.232766 0.0935164
0.233789 0.296706
0.239293 0.802669
0.241036 0.0960643
0.242901 0.439257
0.247383 0.760093
0.253583 0.961681
0.255881 0.589165
0.257553 0.697484
0.27208 0.847146
0.273333 0.90537
0.273703 0.125189
0.290393 0.63783
0.292243 0.726916
0.293488 0.646981
0.297095 0.273841
0.298001 0.508659
0.300679 0.505344
0.300731 0.382187
0.302948 0.650535
0.310894 0.193658
0.313235 0.539094
0.314627 0.936299
0.317919 0.265286
0.319414 0.386421
0.324194 0.733446
0.325143 0.671698
0.32722 0.588317
0.328401 0.433767
0.332137 0.219742
0.333683 0.206966
0.333815 0.421523
0.341056 0.122763
0.343854 0.152504
0.349677 0.0168527
0.349969 0.926647
0.352334 0.68598
0.356304 0.409723
0.3571 0.787492
0.357585 0.938781
0.36389 0.895706
0.367782 0.314276
0.368824 0.822897
0.369239 0.802954
0.370223 0.330477
0.370237 0.580397
0.372233 0.119324
0.375405 0.436214
0.379593 0.824278
0.37966 0.939183
0.380494 0.958097
0.384327 0.391499
0.385143 0.0990094
0.3858 0.133321
0.387813 0.971427
0.388226 0.914677
0.38929 0.792491
0.389673 0.232646
0.390052 0.596541
0.392942 0.168413
0.394206 0.4221
0.398351 0.0854271
0.399102 0.711943
0.399264 0.432914
0.409782 0.213557
0.410064 0.947141
0.411895 0.716621
0.414272 0.67213
0.417019 0.845009
0.420907 0.183813
0.426993 0.47406
0.429498 0.575019
0.432759 0.379436
0.434147 0.711439
0.435444 0.513286
0.439478 0.302205
0.444728 0.535808
0.44597 0.414205
0.447196 0.0277191
0.449732 0.649046
0.45049 0.378111
0.451102 0.664606
0.461471 0.948606
0.462747 0.381486
0.470306 0.435242
0.473454 0.336122
0.476609 0.373141
0.477269 0.453558
0.478724 0.919868
0.478822 0.55367
0.482859 0.408855
0.485555 0.717953
0.496496 0.615458
0.497322 0.496808
0.504042 0.435566
0.509657 0.809886
0.515127 0.74724
0.51677 0.36026
0.519023 0.221495
0.520878 0.402673
0.523545 0.219884
0.52366 0.14798
0.525036 0.271411
0.527612 0.57771
0.529426 0.0686338
0.529743 0.382692
0.530839 0.813181
0.538338 0.850917
0.539999 0.762396
0.542795 0.757442
0.545305 0.948835
0.545477 0.830183
0.545734 0.152875
0.549434 0.336361
0.55188 0.448177
0.552351 0.365543
0.552775 0.491476
0.553665 0.445249
0.553929 0.879326
0.554501 0.495672
0.556525 0.509174
0.556946 0.596014
0.559999 0.897246
0.563831 0.304493
0.565664 0.118693
0.566974 0.123485
0.574097 0.85021
0.580157 0.697304
0.58153 0.7765
0.585525 0.916371
0.58737 0.926066
0.58865 0.43674
0.588837 0.575466
0.590114 0.0433616
0.591698 0.665328
0.595035 0.7582
0.595309 0.362265
0.595388 0.693084
0.600267 0.68648
0.600465 0.0224545
0.601679 0.416274
0.603748 0.189389
0.604895 0.47415
0.607781 0.96667
0.608967 0.907805
0.612762 0.693434
0.620213 0.923803
0.621018 0.443738
0.622213 0.534154
0.623664 0.929706
0.628919 0.236274
0.630571 0.99862
0.632974 0.386333
0.64042 0.534063
0.640473 0.422895
0.641566 0.804031
0.650603 0.68584
0.655901 0.72253
0.655956 0.650268
0.658335 0.63774
0.660919 0.0696754
0.660951 0.597791
0.662494 0.535999
0.669902 0.0454803
0.670223 0.439164
0.672034 0.873973
0.673744 0.608941
0.673821 0.911038
0.679018 0.248772
0.682048 0.180842
0.682572 0.985335
0.688299 0.235277
0.688785 0.411085
0.695278 0.529871
0.702236 0.483643
0.705998 0.713756
0.709061 0.189258
0.72014 0.387114
0.72459 0.17852
0.730849 0.381523
0.731915 0.301052
0.732193 0.973872
0.7324 0.44093
0.734518 0.0389668
0.735201 0.52317
0.735578 0.866246
0.751037 0.682148
0.75486 0.932812
0.759707 0.38867
0.760326 0.802796
0.762554 0.249751
0.765631 0.96751
0.770408 0.254656
0.773229 0.651876
0.775129 0.591367
0.776291 0.123183
0.777138 0.353565
0.777297 0.0243212
0.777809 0.640762
0.782089 0.565049
0.785045 0.256225
0.796188 0.530644
0.80091 0.900453
0.801829 0.333498
0.805156 0.252296
0.808069 0.214297
0.810124 0.746069
0.813695 0.777828
0.814257 0.218323
0.815437 0.0435023
0.823051 0.0203394
0.823824 0.0178256
0.82383 0.111108
0.825742 0.245186
0.840628 0.431124
0.84337 0.522076
0.844406 0.935536
0.84485 0.398511
0.847023 0.913157
0.847412 0.446407
0.852936 0.30213
0.85603 0.290236
0.856452 0.387148
0.856558 0.168735
0.858909 0.68801
0.859191 0.428333
0.860464 0.82284
0.862639 0.37427
0.862943 0.484497
0.86452 0.980991
0.874757 0.0491198
0.875297 0.12493
0.881683 0.449082
0.88879 0.890614
0.890935 0.93628
0.892924 0.376501
0.897245 0.996888
0.897485 0.028032
0.900998 0.0656928
0.912255 0.269735
0.912802 0.461406
0.914186 0.724467
0.915385 0.876022
0.916153 0.791253
0.918444 0.284264
0.920163 0.175533
0.920173 0.345099
0.922919 0.499281
0.929693 0.356056
0.930151 0.0461685
0.930305 0.639475
0.932384 0.573437
0.935762 0.353386
0.942415 0.162267
0.944228 0.64268
0.946191 0.625959
0.947689 0.810925
0.948737 0.421774
0.949291 0.727335
0.954545 0.0362041
0.96511 0.604509
0.969083 0.382074
0.971958 0.696427
0.981164 0.421884
0.98223 0.342274
0.984975 0.479856
0.985322 0.315291
0.988206 0.771904
0.988371 0.545671
0.988686 0.848552
0.993229 0.205358
0.99369 0.952563
0.998206 0.851033
