0.000796025 0.378803
0.00222191 0.343638
0.00224314 0.700442
0.00299452 0.328876
0.00303232 0.96419
0.00311419 0.340222
0.00366171 0.542373
0.00504987 0.873124
0.00723212 0.550253
0.0073574 0.65582
0.00762097 0.0856471
0.00822517 0.240432
0.00962256 0.726403
0.0105605 0.489807
0.0105678 0.613455
0.010744 0.574766
0.0109793 0.528812
0.0113419 0.62355
0.011681 0.322274
0.0122358 0.646704
0.013628 0.044981
0.0148304 0.25413
0.01606 0.920636
0.0171926 0.955673
0.0175924 0.675511
0.0186332 0.16819
0.0205662 0.656106
0.0207196 0.233486
0.0207416 0.603595
0.0214176 0.966302
0.0238095 0.166533
0.0244536 0.991647
0.0248449 0.568254
0.0254387 0.547689
0.0270859 0.23268
0.0271809 0.829768
0.0277388 0.205993
0.0279783 0.232128
0.02978 0.513211
0.0319415 0.84029
0.0321174 0.797327
0.033362 0.714927
0.0346306 0.0359449
0.0346498 0.359291
0.0354752 0.231046
0.038951 0.649852
0.0389677 0.930404
0.0399659 0.706226
0.0419523 0.0919367
0.0420796 0.231236
0.0437217 0.829933
0.043981 0.188712
0.0441495 0.0198226
0.0443465 0.331566
0.0455474 0.515554
0.0456328 0.949673
0.0476426 0.728737
0.0479703 0.237405
0.0486174 0.112497
0.0518037 0.664672
0.0538312 0.741646
0.0548972 0.65691
0.0566348 0.86164
0.0589003 0.938038
0.0608462 0.642174
0.0619459 0.125577
0.0631423 0.232052
0.0644144 0.612151
0.0649364 0.385769
0.0667646 0.113425
0.0667822 0.408518
0.067519 0.791822
0.0692671 0.172474
0.070175 0.431906
0.0718688 0.898204
0.0723827 0.535549
0.0731861 0.0385327
0.0738439 0.093608
0.0738629 0.413347
0.0743615 0.794339
0.0765618 0.774991
0.0777458 0.673002
0.077765 0.996458
0.0779397 0.932568
0.0779828 0.656444
0.0783743 0.236628
0.0824708 0.0868659
0.0825165 0.854218
0.0829993 0.968731
0.0830619 0.0208529
0.0836991 0.730128
0.0842601 0.158813
0.084741 0.242404
0.0853982 0.287798
0.0855558 0.936719
0.0860899 0.91293
0.0877514 0.837885
0.0911687 0.272784
0.0920494 0.0736771
0.093485 0.202655
0.0952075 0.151699
0.0953859 0.150787
0.0980924 0.638193
0.0990096 0.0535654
0.0992778 0.562258
0.100186 0.82137
0.101093 0.0772644
0.101532 0.455433
0.101776 0.551637
0.103094 0.705717
0.10355 0.365894
0.103899 0.229871
0.104174 0.860084
0.106252 0.769104
0.10658 0.29517
0.107659 0.426144
0.108298 0.163382
0.108858 0.578716
0.109418 0.984767
0.109434 0.255114
0.111776 0.614191
0.11211 0.237735
0.112427 0.566146
0.112597 0.419257
0.112964 0.593855
0.113936 0.924999
0.11496 0.128141
0.116037 0.239878
0.116254 0.880533
0.117207 0.904452
0.117873 0.0977257
0.11816 0.907906
0.121289 0.496764
0.122927 0.0409975
0.125935 0.585271
0.12749 0.720023
0.129461 0.853403
0.129662 0.230935
0.130779 0.997262
0.13092 0.372698
0.131929 0.331861
0.132335 0.149536
0.132596 0.54445
0.133221 0.0491355
0.133354 0.278532
0.134947 0.0509677
0.135631 0.551739
0.137393 0.171205
0.137955 0.613735
0.139441 0.584995
0.140242 0.046843
0.140482 0.0847095
0.141051 0.635901
0.141468 0.661101
0.1419 0.907661
0.142268 0.0918467
0.142469 0.484093
0.143388 0.921935
0.143667 0.612974
0.144572 0.827397
0.145284 0.782974
0.145959 0.129817
0.146821 0.628768
0.14685 0.111248
0.14836 0.481708
0.148608 0.659964
0.150111 0.914828
0.1527 0.430294
0.154004 0.346171
0.156385 0.355642
0.156469 0.767136
0.158104 0.249909
0.158318 0.852903
0.158715 0.522746
0.158949 0.460529
0.15948 0.384038
0.161406 0.745214
0.162046 0.508382
0.162139 0.0769738
0.165607 0.352096
0.166126 0.078521
0.169354 0.32574
0.172124 0.888489
0.173193 0.856142
0.173375 0.915274
0.173383 0.0401516
0.174981 0.905643
0.175014 0.456291
0.176037 0.651012
0.176091 0.554277
0.176674 0.35988
0.177627 0.383142
0.178449 0.185054
0.179109 0.283409
0.179508 0.989895
0.179578 0.161949
0.179727 0.667248
0.180665 0.435441
0.183022 0.0581418
0.183793 0.00521835
0.185152 0.849647
0.188726 0.920874
0.190152 0.892886
0.195516 0.0409751
0.196826 0.0536952
0.197264 0.418786
0.197917 0.396748
0.197966 0.214432
0.198872 0.44788
0.19978 0.697999
0.20297 0.323585
0.2035 0.228115
0.204567 0.163781
0.205822 0.244702
0.206562 0.68182
0.207359 0.0804859
0.208046 0.625954
0.209068 0.808051
0.209353 0.601741
0.209719 0.748321
0.211907 0.521221
0.212448 0.606932
0.213616 0.251103
0.213909 0.16197
0.214079 0.026687
0.214218 0.360502
0.214435 0.0160352
0.218954 0.966621
0.218987 0.513277
0.219244 0.827618
0.219915 0.119151
0.220442 0.964389
0.222649 0.0628659
0.223453 0.580837
0.223913 0.305823
0.224738 0.169853
0.224841 0.908583
0.227639 0.931718
0.22844 0.391477
0.230357 0.618282
0.231545 0.575242
0.23171 0.347592
0.231764 0.261477
0.231939 0.205515
0.233255 0.308841
0.235013 0.863629
0.24231 0.508447
0.24323 0.959077
0.244162 0.623008
0.244645 0.754511
0.245097 0.350285
0.246566 0.0385037
0.247554 0.639579
0.248157 0.777764
0.249154 0.535093
0.251559 0.958446
0.251968 0.822564
0.253046 0.938339
0.253392 0.766386
0.254734 0.306775
0.254803 0.468435
0.256212 0.147092
0.258385 0.673853
0.258875 0.914237
0.259259 0.373528
0.259497 0.36219
0.261964 0.832626
0.26361 0.498497
0.264782 0.19429
0.266571 0.259679
0.266575 0.331189
0.267277 0.11864
0.268989 0.890674
0.270163 0.628308
0.27329 0.185743
0.274247 0.2702
0.277021 0.885378
0.279324 0.600986
0.279727 0.376126
0.280059 0.944173
0.280714 0.953808
0.280889 0.907026
0.280948 0.900411
0.281416 0.762876
0.282696 0.276915
0.287268 0.109141
0.287703 0.421717
0.288151 0.947828
0.288773 0.404757
0.289174 0.153576
0.290712 0.997742
0.290936 0.759103
0.291533 0.795874
0.293402 0.206897
0.293506 0.958995
0.294829 0.185883
0.295401 0.811918
0.297038 0.309561
0.298619 0.886041
0.299691 0.91096
0.299803 0.783818
0.300914 0.468296
0.302885 0.581884
0.305166 0.925904
0.305601 0.240484
0.306007 0.0516241
0.307887 0.649768
0.312653 0.754192
0.313465 0.400108
0.313942 0.428758
0.314225 0.176445
0.316749 0.596532
0.317041 0.511547
0.317439 0.193967
0.318723 0.783406
0.318763 0.442519
0.319989 0.0491145
0.321897 0.125669
0.322633 0.498572
0.323737 0.0444138
0.325986 0.850591
0.327245 0.00572839
0.328655 0.704021
0.328813 0.355079
0.331883 0.958213
0.331925 0.658681
0.333899 0.841477
0.334361 0.607771
0.334604 0.697065
0.335347 0.177079
0.335554 0.648841
0.336953 0.175572
0.337477 0.979439
0.338042 0.467519
0.338624 0.252977
0.338819 0.535153
0.339426 0.725939
0.339612 0.852644
0.34068 0.8155
0.342435 0.312091
0.343037 0.429779
0.343867 0.370922
0.343963 0.993539
0.344738 0.0096055
0.346615 0.551392
0.349302 0.717917
0.350213 0.03103
0.350764 0.290024
0.351448 0.783697
0.351744 0.760438
0.355292 0.385499
0.355723 0.635863
0.356064 0.372842
0.357916 0.499456
0.36141 0.215351
0.363485 0.0989501
0.365217 0.196561
0.368684 0.468553
0.368914 0.335147
0.369173 0.69654
0.369433 0.0596001
0.370357 0.598105
0.371808 0.983045
0.372228 0.0435488
0.372622 0.659617
0.372732 0.507728
0.376208 0.926691
0.377527 0.0920174
0.37933 0.396064
0.379439 0.223865
0.379762 0.665258
0.380272 0.223933
0.380339 0.354366
0.381346 0.275986
0.382171 0.1436
0.383813 0.749294
0.384777 0.94332
0.385026 0.12869
0.385226 0.492487
0.385317 0.0195287
0.385847 0.926704
0.385908 0.958994
0.386223 0.24872
0.389371 0.155516
0.391257 0.85599
0.396577 0.276516
0.399118 0.982219
0.40052 0.546509
0.401084 0.0203136
0.401201 0.977892
0.401703 0.418796
0.402441 0.825767
0.403832 0.200369
0.404039 0.682086
0.405434 0.130796
0.405486 0.00202736
0.406796 0.0149588
0.407081 0.811701
0.408042 0.968411
0.409355 0.0240745
0.410137 0.166748
0.410632 0.497558
0.411192 0.90321
0.41142 0.730946
0.412118 0.470344
0.413475 0.266131
0.413693 0.938068
0.414497 0.454748
0.415432 0.158772
0.416304 0.816936
0.418002 0.353365
0.418031 0.840776
0.418038 0.970788
0.418711 0.283076
0.420181 0.98316
0.422401 0.29349
0.422484 0.682318
0.422794 0.890704
0.423456 0.0333332
0.424187 0.306379
0.427582 0.370973
0.427999 0.382117
0.428925 0.942207
0.430166 0.793274
0.430934 0.703567
0.431338 0.502248
0.431672 0.109176
0.431879 0.589062
0.432073 0.850615
0.432097 0.260161
0.432951 0.613229
0.433094 0.0123167
0.433436 0.754798
0.434991 0.89286
0.436133 0.095115
0.437587 0.529071
0.438143 0.863503
0.438546 0.638901
0.439251 0.497494
0.439277 0.921198
0.439614 0.587129
0.440124 0.167796
0.444544 0.458706
0.445225 0.8885
0.445822 0.926915
0.446535 0.909602
0.447489 0.953675
0.447535 0.729073
0.44878 0.638102
0.449089 0.843569
0.449816 0.0537854
0.450051 0.0132317
0.451568 0.498958
0.452176 0.719187
0.452702 0.566435
0.453147 0.0382857
0.453421 0.649238
0.453453 0.182167
0.453804 0.0794222
0.455078 0.495781
0.45538 0.579728
0.45554 0.259578
0.455861 0.654874
0.459694 0.0748383
0.459858 0.834322
0.459997 0.177099
0.460336 0.872598
0.461014 0.255301
0.461196 0.326689
0.461606 0.220006
0.46242 0.891296
0.462469 0.715295
0.463764 0.474245
0.464186 0.568043
0.464249 0.637125
0.464284 0.216096
0.465115 0.191081
0.465915 0.640954
0.466533 0.012545
0.466812 0.717782
0.467356 0.844878
0.468086 0.115967
0.468403 0.44837
0.469917 0.898886
0.46999 0.123485
0.470812 0.94296
0.473113 0.607736
0.473606 0.894069
0.473648 0.599616
0.474551 0.786059
0.47553 0.231938
0.475712 0.286288
0.476531 0.0636641
0.477597 0.969481
0.47897 0.0463372
0.479153 0.117991
0.479546 0.724731
0.479661 0.667228
0.480068 0.505862
0.481801 0.636368
0.482346 0.793173
0.482605 0.142724
0.48292 0.430501
0.484824 0.43377
0.485059 0.383519
0.486482 0.309481
0.487586 0.857906
0.488745 0.334616
0.48906 0.639032
0.489417 0.635017
0.489428 0.823374
0.490566 0.943562
0.494818 0.400489
0.49588 0.251897
0.498539 0.940834
0.499335 0.331673
0.499829 0.627946
0.49983 0.638754
0.500318 0.842894
0.501497 0.659558
0.502552 0.383718
0.502624 0.601289
0.503021 0.276846
0.503857 0.332457
0.504058 0.706601
0.50412 0.744604
0.504728 0.962485
0.505051 0.400927
0.506431 0.583627
0.507209 0.657976
0.508728 0.187342
0.509893 0.770366
0.510113 0.473874
0.511796 0.755203
0.519903 0.00794812
0.520237 0.62473
0.52093 0.276941
0.521151 0.981201
0.521784 0.631927
0.522664 0.414232
0.522675 0.606479
0.523568 0.604589
0.524477 0.885466
0.524728 0.107377
0.525904 0.876707
0.526785 0.683314
0.527587 0.147087
0.528012 0.30341
0.528407 0.930654
0.528603 0.225728
0.528619 0.492622
0.529192 0.128933
0.530181 0.758739
0.531337 0.180117
0.532424 0.451559
0.533493 0.416254
0.533723 0.273903
0.534152 0.500295
0.534264 0.372456
0.535017 0.0292369
0.535771 0.699354
0.537252 0.586856
0.537583 0.163457
0.538298 0.172207
0.538309 0.354984
0.538719 0.242862
0.539379 0.338094
0.541525 0.4067
0.54184 0.706263
0.54259 0.304315
0.543261 0.593978
0.543618 0.58893
0.543621 0.635872
0.545192 0.0503928
0.545785 0.00965895
0.545922 0.317687
0.546304 0.726646
0.546537 0.642554
0.547775 0.451328
0.547804 0.940124
0.547806 0.969684
0.547907 0.665423
0.549347 0.866686
0.551097 0.279676
0.551869 0.267427
0.555153 0.460384
0.555486 0.056848
0.557599 0.559411
0.559114 0.0364659
0.559207 0.589538
0.560115 0.8489
0.562066 0.640331
0.562899 0.640844
0.56322 0.0376661
0.564219 0.826981
0.564527 0.0116848
0.565007 0.0804132
0.565468 0.82758
0.565738 0.359321
0.566184 0.855723
0.567313 0.825551
0.567344 0.343046
0.568235 0.330058
0.568859 0.818903
0.570933 0.662791
0.572104 0.356996
0.572424 0.729392
0.573745 0.932442
0.574928 0.8215
0.575991 0.679271
0.577043 0.362749
0.578887 0.345654
0.581065 0.952033
0.582094 0.25144
0.584086 0.738486
0.584355 0.261243
0.584671 0.572812
0.58503 0.601151
0.586237 0.892469
0.587459 0.415878
0.587524 0.516946
0.587573 0.347355
0.58773 0.970269
0.588407 0.36396
0.589543 0.441901
0.590832 0.114816
0.591962 0.109939
0.592476 0.744114
0.592943 0.594315
0.595821 0.961387
0.596611 0.234009
0.59675 0.574312
0.597358 0.799879
0.599217 0.0439187
0.599796 0.773943
0.601113 0.90211
0.601591 0.935236
0.602903 0.98618
0.603128 0.779465
0.603598 0.668194
0.603612 0.907407
0.604391 0.990804
0.605371 0.468935
0.606584 0.864234
0.608208 0.150667
0.608514 0.303251
0.609003 0.514857
0.6094 0.183127
0.609652 0.419158
0.613467 0.531546
0.61356 0.109225
0.614072 0.70293
0.614445 0.969207
0.614961 0.648251
0.616687 0.659929
0.617104 0.675345
0.617172 0.81427
0.618949 0.674874
0.619824 0.375284
0.619996 0.269593
0.620318 0.689588
0.62195 0.113038
0.625502 0.803801
0.62591 0.666486
0.626792 0.492924
0.626888 0.0981283
0.627251 0.210953
0.627752 0.621287
0.627855 0.36022
0.628587 0.660165
0.630735 0.755576
0.630803 0.89969
0.631679 0.635225
0.633053 0.720846
0.633613 0.126264
0.634935 0.345013
0.636002 0.290909
0.636446 0.756201
0.636495 0.578212
0.636557 0.60882
0.637572 0.67882
0.637639 0.805903
0.638806 0.404274
0.638825 0.73065
0.638912 0.196278
0.639124 0.753527
0.639137 0.978982
0.639389 0.206755
0.640352 0.393369
0.641705 0.130365
0.643079 0.222709
0.643626 0.424148
0.645972 0.849749
0.646032 0.860368
0.646166 0.115349
0.64657 0.898447
0.64722 0.823018
0.647808 0.716895
0.647861 0.596774
0.647959 0.239944
0.64798 0.59955
0.648393 0.533643
0.64929 0.623094
0.649292 0.652498
0.650141 0.922262
0.650236 0.52234
0.652009 0.318564
0.652393 0.776994
0.652591 0.0986143
0.653252 0.214876
0.65376 0.749
0.654326 0.265152
0.65463 0.374245
0.656096 0.00609136
0.656827 0.283739
0.657268 0.704828
0.657813 0.868113
0.657838 0.281408
0.659371 0.0481794
0.659452 0.405225
0.659948 0.750569
0.660084 0.0262967
0.661509 0.978203
0.661656 0.458121
0.661703 0.249289
0.663814 0.722355
0.664055 0.764322
0.666075 0.716122
0.666833 0.454618
0.666963 0.652215
0.667571 0.862293
0.667657 0.318295
0.668218 0.739796
0.668654 0.0602842
0.669107 0.679482
0.6708 0.136583
0.671466 0.329833
0.672799 0.735225
0.674465 0.738491
0.674794 0.27092
0.675934 0.4158
0.676421 0.609336
0.677644 0.163808
0.677818 0.0923725
0.678613 0.442891
0.678835 0.183652
0.67916 0.645996
0.679815 0.651014
0.680796 0.133536
0.681762 0.374387
0.682722 0.501568
0.682729 0.634866
0.68288 0.16899
0.683834 0.192432
0.683987 0.77702
0.686152 0.161459
0.687535 0.395226
0.689845 0.217296
0.691141 0.010565
0.691246 0.766364
0.695986 0.440024
0.696317 0.997904
0.697378 0.836462
0.69774 0.911266
0.698565 0.776243
0.698801 0.748563
0.698969 0.569563
0.699483 0.201923
0.700134 0.157368
0.702858 0.939554
0.702987 0.100329
0.703789 0.577892
0.70403 0.632257
0.704736 0.493722
0.705174 0.853804
0.70666 0.840858
0.706774 0.742258
0.707351 0.443974
0.709116 0.103981
0.713287 0.207228
0.714175 0.14012
0.714544 0.334559
0.714629 0.776974
0.717611 0.884779
0.718452 0.0241559
0.718896 0.492336
0.719536 0.237737
0.721075 0.11144
0.721469 0.734482
0.721654 0.847013
0.725051 0.934358
0.726039 0.539128
0.727225 0.473461
0.728832 0.484813
0.728884 0.34803
0.729857 0.713516
0.731256 0.227913
0.731862 0.408564
0.733929 0.145043
0.73467 0.597516
0.735615 0.486541
0.736126 0.0623633
0.736269 0.465239
0.736442 0.384114
0.737082 0.135934
0.737324 0.205966
0.737446 0.25102
0.738953 0.589415
0.739399 0.0770825
0.742062 0.840025
0.742556 0.13877
0.74259 0.710855
0.744467 0.254081
0.745292 0.118909
0.745484 0.355715
0.746038 0.652636
0.746046 0.789002
0.746941 0.834603
0.748671 0.913407
0.749421 0.511811
0.750273 0.835695
0.750679 0.660884
0.750834 0.273693
0.75287 0.481681
0.754073 0.696911
0.755297 0.283745
0.756674 0.423416
0.756845 0.295881
0.75721 0.423646
0.757471 0.811085
0.758434 0.00478255
0.758446 0.198814
0.758886 0.599523
0.759073 0.733177
0.759094 0.0911007
0.759268 0.0155018
0.760296 0.302934
0.760893 0.330517
0.762339 0.632974
0.764773 0.54618
0.764826 0.434113
0.769961 0.735393
0.770154 0.974641
0.771352 0.120131
0.774458 0.322647
0.775523 0.210143
0.778612 0.133392
0.780034 0.0260918
0.780094 0.0388474
0.780435 0.76386
0.780778 0.531941
0.78221 0.596978
0.783798 0.294406
0.786416 0.298355
0.788676 0.285157
0.789115 0.655389
0.793629 0.514892
0.79493 0.388764
0.796467 0.212879
0.797991 0.838525
0.798485 0.141458
0.799868 0.375827
0.800138 0.926063
0.800975 0.99177
0.801367 0.567838
0.802469 0.0919067
0.803834 0.0457243
0.804484 0.969645
0.80653 0.349844
0.808363 0.159944
0.808828 0.963632
0.809874 0.547825
0.81081 0.287013
0.810855 0.0380003
0.810892 0.662161
0.81311 0.933828
0.814997 0.64943
0.815315 0.00564881
0.815607 0.913628
0.817106 0.0939298
0.818612 0.4134
0.819004 0.00566085
0.819607 0.135722
0.821305 0.680244
0.822156 0.969676
0.822501 0.774987
0.822839 0.460734
0.823077 0.455345
0.823875 0.86694
0.826491 0.830959
0.827515 0.0519763
0.827672 0.676941
0.828171 0.0630048
0.828213 0.774132
0.831393 0.223335
0.831467 0.465536
0.833051 0.0858825
0.834654 0.0324867
0.835359 0.871279
0.836459 0.361835
0.837916 0.859389
0.83918 0.100241
0.840189 0.0524385
0.842697 0.214107
0.843739 0.723174
0.843848 0.550608
0.844 0.109361
0.844354 0.0640308
0.845937 0.66737
0.846488 0.929605
0.847265 0.978033
0.848894 0.364823
0.8493 0.192274
0.850353 0.879046
0.851304 0.868679
0.852506 0.0600463
0.852996 0.307466
0.854823 0.00202487
0.854974 0.543951
0.855063 0.0462699
0.855805 0.522082
0.856676 0.155694
0.857155 0.211783
0.861624 0.313395
0.862302 0.711414
0.863263 0.853121
0.867666 0.857727
0.868945 0.359291
0.869571 0.872171
0.869893 0.297379
0.871982 0.399764
0.87494 0.118771
0.875514 0.761664
0.877661 0.855806
0.877793 0.0691349
0.877848 0.995206
0.877914 0.10151
0.878133 0.779747
0.879202 0.751345
0.879355 0.327629
0.879982 0.852421
0.880578 0.881506
0.881591 0.907303
0.881657 0.00907563
0.885269 0.709621
0.885819 0.957259
0.886215 0.621334
0.887496 0.146542
0.887641 0.589879
0.888926 0.174247
0.889759 0.176036
0.891561 0.468436
0.893686 0.175784
0.894986 0.0273596
0.896473 0.029878
0.902633 0.549922
0.905718 0.401449
0.906598 0.196848
0.908876 0.480974
0.90901 0.725193
0.910837 0.436374
0.911471 0.095138
0.912065 0.0825165
0.912069 0.139672
0.914095 0.200024
0.915594 0.393975
0.916517 0.899993
0.919802 0.117125
0.92032 0.820862
0.920702 0.23465
0.921043 0.966307
0.921136 0.53385
0.921349 0.117067
0.924589 0.565392
0.924701 0.455774
0.924839 0.763081
0.925441 0.887311
0.926167 0.0961032
0.927392 0.684338
0.929248 0.865384
0.92956 0.111399
0.929723 0.857069
0.931246 0.44284
0.931534 0.292896
0.932603 0.253732
0.933 0.923302
0.934768 0.648956
0.936807 0.908386
0.938286 0.780267
0.939572 0.392762
0.941608 0.609883
0.942767 0.0844021
0.943819 0.773131
0.944017 0.0981097
0.945648 0.512966
0.947447 0.748226
0.94834 0.747689
0.949034 0.414215
0.949143 0.248568
0.949588 0.72275
0.950936 0.379745
0.951109 0.293682
0.951851 0.761621
0.954675 0.217413
0.955087 0.155388
0.955567 0.218411
0.955616 0.034662
0.961271 0.079726
0.963336 0.794925
0.964473 0.89856
0.965866 0.316145
0.965875 0.468884
0.966663 0.706445
0.967907 0.618417
0.968993 0.870786
0.969005 0.0632833
0.969064 0.0548922
0.969211 0.52779
0.969634 0.636685
0.969653 0.951328
0.971289 0.44833
0.973069 0.372085
0.973993 0.903702
0.974722 0.1564
0.975125 0.930874
0.975168 0.645578
0.976402 0.382263
0.976585 0.466753
0.977747 0.990554
0.978511 0.826896
0.978515 0.896308
0.979874 0.750636
0.98295 0.441825
0.984225 0.864821
0.984396 0.738116
0.984414 0.0469677
0.986233 0.61884
0.986501 0.12326
0.98669 0.300085
0.987959 0.628045
0.988586 0.159708
0.988828 0.235814
0.989053 0.0216246
0.989378 0.477175
0.991567 0.270158
0.991716 0.778322
0.99376 0.118826
0.994854 0.505111
0.995919 0.411116
0.996554 0.0790055
