3.66364e-05 0.615755
5.89113e-05 0.99013
0.00135552 0.782256
0.00181716 0.540989
0.00199712 0.565537
0.00216962 0.464886
0.00282683 0.510562
0.00305579 0.358654
0.00332741 0.923838
0.00339869 0.121719
0.00350996 0.991947
0.00352593 0.260329
0.00477548 0.261483
0.00500094 0.0507526
0.00500636 0.141899
0.00519966 0.390726
0.00559066 0.962247
0.00594759 0.961167
0.00646101 0.590271
0.00688683 0.746906
0.00760063 0.743846
0.00789408 0.675774
0.00790784 0.907011
0.0082572 0.778784
0.00939524 0.905859
0.00942063 0.332522
0.0096717 0.552234
0.0102102 0.60242
0.0111275 0.0192798
0.0116698 0.134003
0.0118595 0.322011
0.0125957 0.695368
0.0141805 0.331062
0.016222 0.643461
0.0162751 0.534783
0.0180133 0.74979
0.0189001 0.65378
0.019585 0.164624
0.0195985 0.391346
0.0202035 0.561071
0.0211558 0.564861
0.0212326 0.856463
0.0212359 0.911482
0.0214791 0.999234
0.0217551 0.638377
0.0219317 0.605752
0.0223654 0.895076
0.0227916 0.059139
0.0230138 0.793757
0.0231074 0.365981
0.0232323 0.465631
0.0242223 0.104829
0.0243631 0.470889
0.0244844 0.508907
0.0246012 0.472253
0.0246752 0.715503
0.0250749 0.433048
0.0260869 0.442942
0.0260953 0.583934
0.0262368 0.962258
0.0272186 0.462217
0.0274281 0.983793
0.0278575 0.20034
0.0284487 0.136479
0.0290996 0.0777823
0.02994 0.20106
0.0303463 0.030538
0.0304077 0.0623822
0.0307882 0.456995
0.0311298 0.198216
0.0316431 0.826272
0.0329469 0.738924
0.0339771 0.0533574
0.0350696 0.41528
0.0351037 0.988687
0.0362074 0.537017
0.0363142 0.332261
0.0364079 0.906888
0.0370561 0.801773
0.0373558 0.839646
0.0376002 0.94658
0.0382632 0.089968
0.03841 0.557513
0.0391589 0.143817
0.039329 0.00332201
0.0396569 0.513164
0.0405046 0.760537
0.0408627 0.779281
0.0424143 0.857816
0.0428664 0.455976
0.0429302 0.528705
0.0431956 0.98821
0.0433092 0.898501
0.0443852 0.982259
0.0447005 0.280945
0.0461191 0.12369
0.0469945 0.83688
0.0470951 0.527533
0.0478938 0.95046
0.048232 0.635746
0.0482381 0.736894
0.0499603 0.682267
0.050458 0.046801
0.0518217 0.966769
0.0519027 0.32927
0.053031 0.29279
0.0541551 0.18534
0.0557993 0.819412
0.0565048 0.67561
0.0575834 0.804495
0.0580065 0.915902
0.0581165 0.764326
0.0588686 0.403904
0.0592834 0.375751
0.0596297 0.19652
0.0598692 0.221113
0.0605158 0.0891063
0.0608784 0.183148
0.0613075 0.394341
0.0617042 0.0631668
0.0620782 0.348391
0.0627542 0.710315
0.0632114 0.393751
0.0654331 0.734611
0.0663489 0.125213
0.0664767 0.273731
0.0666058 0.443083
0.0676395 0.817647
0.0682503 0.0833153
0.0684482 0.409334
0.0693267 0.173303
0.0694488 0.225322
0.06949 0.917979
0.0694942 0.989442
0.071761 0.0871897
0.0720706 0.291357
0.0725497 0.343298
0.0733179 0.25399
0.0733867 0.409757
0.0734797 0.973301
0.0737627 0.729503
0.0744416 0.139676
0.074786 0.927965
0.0749627 0.898229
0.0754364 0.859415
0.0761732 0.243283
0.0763633 0.437835
0.0768637 0.848834
0.0772126 0.713007
0.0780962 0.56229
0.0785443 0.0936368
0.0788933 0.959047
0.0795589 0.146888
0.0803563 0.54892
0.0818655 0.913697
0.0822378 0.170872
0.0823898 0.725727
0.0851923 0.826344
0.0853881 0.118326
0.0855522 0.875383
0.0860055 0.495207
0.0868221 0.218558
0.0873065 0.360557
0.0884511 0.598195
0.0901378 0.946408
0.0903896 0.178157
0.0905402 0.709839
0.0907564 0.343426
0.0915084 0.981682
0.0917741 0.447166
0.0919891 0.0600058
0.0927336 0.573666
0.0928706 0.87555
0.0932768 0.702406
0.0944241 0.986345
0.0948796 0.641512
0.0948837 0.709648
0.0951907 0.870489
0.0965337 0.44184
0.0967561 0.179604
0.0971196 0.288704
0.0973742 0.567435
0.0979575 0.371935
0.0979981 0.0546679
0.0985427 0.206855
0.0990114 0.0838065
0.0991243 0.982343
0.0995186 0.60864
0.0995621 0.339709
0.0999456 0.786477
0.100861 0.164588
0.101882 0.331275
0.102755 0.00205511
0.102956 0.376879
0.103758 0.860336
0.103881 0.928838
0.104557 0.295716
0.105341 0.460608
0.105385 0.212925
0.106765 0.39406
0.106984 0.0842869
0.107189 0.524328
0.10725 0.544754
0.107643 0.158435
0.107803 0.848382
0.108253 0.411621
0.108654 0.140522
0.108868 0.752352
0.108886 0.042264
0.111387 0.0782098
0.111624 0.072507
0.11246 0.107527
0.113451 0.776496
0.114207 0.472018
0.114293 0.925414
0.115331 0.37565
0.115435 0.117455
0.115458 0.508813
0.115806 0.353279
0.116421 0.681512
0.117257 0.737616
0.117619 0.82229
0.117627 0.956559
0.118201 0.606699
0.118455 0.880859
0.118704 0.0520404
0.11925 0.231127
0.119524 0.841336
0.119723 0.185074
0.119831 0.00613712
0.119901 0.172384
0.120082 0.222061
0.120455 0.495123
0.120496 0.181253
0.120798 0.250017
0.121308 0.831607
0.121331 0.210365
0.121811 0.278076
0.121905 0.860536
0.122001 0.467524
0.122079 0.782081
0.123105 0.0308663
0.124014 0.304746
0.124157 0.713131
0.124469 0.945067
0.126363 0.790767
0.126382 0.109942
0.126401 0.423826
0.126583 0.474146
0.126721 0.792363
0.126722 0.815741
0.126808 0.262891
0.127256 0.790872
0.127713 0.465472
0.127788 0.731709
0.128258 0.624485
0.128755 0.993323
0.129448 0.634625
0.131158 0.369257
0.132003 0.569374
0.132091 0.0607279
0.132548 0.726625
0.133056 0.270211
0.133609 0.569049
0.134138 0.460407
0.134396 0.787591
0.134787 0.358524
0.13484 0.26103
0.13485 0.421721
0.13514 0.292916
0.135356 0.934643
0.137154 0.143888
0.137678 0.951285
0.138137 0.668907
0.138173 0.266208
0.138538 0.415347
0.13964 0.925602
0.13988 0.965292
0.141197 0.10181
0.141358 0.80125
0.141387 0.292895
0.141444 0.249379
0.141489 0.0115497
0.142373 0.858196
0.142803 0.0931105
0.143003 0.455976
0.144148 0.69374
0.144253 0.468408
0.144332 0.78921
0.144681 0.656388
0.144963 0.396186
0.14601 0.993496
0.146281 0.545367
0.146447 0.336281
0.146527 0.675146
0.146569 0.389694
0.146729 0.0702721
0.146776 0.862191
0.147047 0.424143
0.147115 0.56428
0.147619 0.0369041
0.147685 0.138677
0.149033 0.789935
0.150594 0.0293717
0.150621 0.490932
0.150682 0.52024
0.150995 0.766537
0.151327 0.36013
0.15178 0.964801
0.151839 0.96433
0.151869 0.460522
0.15191 0.158251
0.152981 0.144038
0.153589 0.363875
0.153917 0.880988
0.154529 0.1766
0.156512 0.493869
0.156896 0.944683
0.157078 0.0165726
0.157569 0.254257
0.157574 0.348862
0.158484 0.633104
0.158939 0.28716
0.160043 0.849492
0.160817 0.845569
0.161566 0.434965
0.162124 0.811542
0.162544 0.871076
0.162891 0.714588
0.162983 0.260914
0.162992 0.410406
0.164194 0.61147
0.164865 0.886779
0.165736 0.525846
0.165883 0.00385492
0.166223 0.704598
0.166378 0.319615
0.167382 0.192977
0.167983 0.290324
0.168445 0.0512024
0.168447 0.0814827
0.16886 0.0362057
0.169414 0.339732
0.169993 0.0701862
0.171021 0.358299
0.17116 0.692592
0.171798 0.409318
0.171963 0.182615
0.171972 0.340004
0.17215 0.319416
0.172361 0.869426
0.17312 0.636113
0.175434 0.52171
0.176228 0.871156
0.176348 0.881414
0.176972 0.375487
0.176975 0.413899
0.177454 0.477525
0.177563 0.301742
0.177896 0.892031
0.177906 0.0663713
0.178042 0.352266
0.178603 0.778862
0.178666 0.838834
0.178897 0.72969
0.179654 0.437326
0.180049 0.0810843
0.180332 0.847907
0.180421 0.340536
0.180475 0.247894
0.180621 0.702103
0.181164 0.819666
0.18146 0.799327
0.181488 0.271351
0.181552 0.347171
0.181783 0.226523
0.182486 0.0499986
0.182555 0.201281
0.18351 0.257297
0.183537 0.703001
0.183934 0.373431
0.184366 0.632842
0.184954 0.517421
0.185206 0.750329
0.185362 0.375864
0.18581 0.913174
0.186146 0.554781
0.18651 0.670212
0.187395 0.548227
0.187552 0.187122
0.188413 0.665138
0.18911 0.369536
0.1899 0.644028
0.190044 0.0704612
0.191668 0.3604
0.191799 0.56116
0.193429 0.953335
0.193464 0.544914
0.193563 0.210029
0.194018 0.866746
0.194908 0.810909
0.196006 0.274441
0.196054 0.0734505
0.19672 0.280827
0.197099 0.648267
0.197299 0.00717256
0.197736 0.345693
0.198208 0.282931
0.198397 0.453134
0.198448 0.310114
0.198698 0.52009
0.199864 0.113296
0.199875 0.291276
0.200165 0.171103
0.20046 0.128904
0.202003 0.0577753
0.202492 0.278946
0.202926 0.573818
0.203734 0.162438
0.204041 0.310264
0.204126 0.743976
0.20417 0.479827
0.206633 0.88575
0.206832 0.224871
0.207984 0.588811
0.208573 0.493661
0.209191 0.877648
0.210277 0.126503
0.210689 0.0512431
0.210925 0.0121373
0.211192 0.511133
0.211818 0.0275589
0.212279 0.771133
0.212661 0.200456
0.212718 0.143142
0.212863 0.591833
0.213328 0.410337
0.213353 0.823624
0.213803 0.383208
0.213955 0.936866
0.21464 0.447241
0.21507 0.675409
0.215492 0.777965
0.215619 0.914822
0.215669 0.756595
0.21592 0.961648
0.216416 0.301247
0.216429 0.527938
0.21669 0.91533
0.21802 0.265914
0.219118 0.718004
0.21954 0.808632
0.221552 0.620363
0.222111 0.020091
0.222717 0.20874
0.223444 0.417681
0.224398 0.454623
0.224781 0.892884
0.224947 0.692338
0.22497 0.0709304
0.225164 0.329596
0.2258 0.0225214
0.227028 0.655687
0.227106 0.972944
0.227194 0.454702
0.228558 0.382121
0.232213 0.804814
0.23271 0.163611
0.234381 0.238809
0.235009 0.80087
0.235027 0.0949767
0.236059 0.443752
0.237488 0.460414
0.237979 0.704688
0.238025 0.488076
0.238061 0.0913171
0.238258 0.40029
0.238727 0.281006
0.239036 0.475023
0.239083 0.271544
0.239802 0.347545
0.240882 0.498031
0.240966 0.910455
0.240974 0.0475499
0.241383 0.924471
0.241705 0.33207
0.242429 0.509016
0.242721 0.405615
0.242934 0.990249
0.242936 0.0270639
0.243736 0.470285
0.244285 0.698749
0.244489 0.118246
0.244692 0.534495
0.245222 0.45287
0.245265 0.165007
0.245954 0.746656
0.246285 0.30791
0.246662 0.642847
0.246764 0.364961
0.246814 0.208738
0.246864 0.036611
0.247167 0.131366
0.247413 0.271241
0.247762 0.141965
0.247954 0.367032
0.247964 0.53771
0.248189 0.31931
0.248479 0.189056
0.248801 0.598713
0.248935 0.844631
0.248969 0.414406
0.250069 0.916781
0.250137 0.0443569
0.250201 0.130587
0.250911 0.0571358
0.252015 0.615297
0.252294 0.306313
0.252462 0.125136
0.252952 0.358766
0.253427 0.354506
0.25352 0.911836
0.253649 0.0764532
0.254533 0.939949
0.25477 0.917341
0.255537 0.8162
0.25576 0.555741
0.256198 0.923563
0.256444 0.0623349
0.256715 0.601394
0.257696 0.090983
0.258338 0.883711
0.25834 0.927922
0.258835 0.243963
0.260038 0.466809
0.260685 0.33319
0.26069 0.420548
0.26102 0.959058
0.263661 0.347125
0.263675 0.580531
0.264101 0.745651
0.264378 0.396017
0.265263 0.276073
0.265584 0.66402
0.265646 0.710867
0.265901 0.999146
0.265952 0.854889
0.266821 0.457329
0.268756 0.981669
0.268777 0.335327
0.269269 0.610906
0.269421 0.155369
0.271063 0.757783
0.271294 0.637221
0.272919 0.954693
0.27421 0.648997
0.275543 0.0487862
0.27606 0.743444
0.276234 0.665216
0.276592 0.681447
0.276802 0.208213
0.278095 0.93927
0.278651 0.286475
0.27957 0.726516
0.279752 0.787339
0.281088 0.247492
0.28144 0.154358
0.28147 0.660185
0.281984 0.307869
0.282014 0.816512
0.282484 0.701493
0.282618 0.961553
0.283776 0.426688
0.283945 0.263293
0.284792 0.50158
0.285006 0.100794
0.285535 0.99
0.285804 0.510589
0.286535 0.790186
0.287007 0.728143
0.287244 0.709276
0.288094 0.997965
0.288762 0.226637
0.288876 0.144262
0.289015 0.476895
0.289052 0.0940437
0.289127 0.357415
0.289508 0.763197
0.290348 0.881317
0.290893 0.0338493
0.291205 0.278785
0.29161 0.0950044
0.292124 0.735355
0.292258 0.971959
0.292702 0.446009
0.292979 0.0980811
0.293733 0.769646
0.293779 0.548636
0.293881 0.266203
0.294987 0.844407
0.295157 0.704178
0.295476 0.0681132
0.295613 0.364753
0.296754 0.539953
0.296864 0.393245
0.297174 0.606593
0.297533 0.641679
0.298068 0.624441
0.298162 0.20338
0.298164 0.236595
0.298198 0.816255
0.299212 0.85023
0.299395 0.927292
0.299716 0.324278
0.299911 0.598307
0.299925 0.834021
0.300645 0.935741
0.300858 0.512634
0.301842 0.0560837
0.302134 0.968265
0.303143 0.92213
0.304679 0.736094
0.305243 0.216011
0.305723 0.288597
0.307833 0.751348
0.307889 0.686341
0.307923 0.259928
0.308289 0.411016
0.308964 0.764628
0.309954 0.399826
0.312087 0.238555
0.312361 0.849805
0.312553 0.0791294
0.313435 0.906092
0.314344 0.18372
0.314456 0.068185
0.314951 0.389087
0.315758 0.93899
0.316101 0.712807
0.316311 0.24106
0.317214 0.410105
0.317608 0.0370287
0.317861 0.284478
0.318541 0.723953
0.319269 0.95332
0.319982 0.940845
0.320393 0.852139
0.32075 0.842818
0.32131 0.256445
0.322678 0.251054
0.322747 0.415187
0.323167 0.466918
0.323503 0.11715
0.323579 0.385045
0.323792 0.970539
0.324214 0.062036
0.324743 0.956853
0.324897 0.53918
0.325446 0.778772
0.325803 0.770531
0.326079 0.414964
0.326111 0.950632
0.326271 0.640986
0.326602 0.195744
0.326659 0.161995
0.326776 0.124058
0.32686 0.539066
0.326894 0.108841
0.32704 0.560068
0.327587 0.756169
0.328138 0.0119462
0.3282 0.051922
0.328223 0.441018
0.328461 0.447352
0.328528 0.566491
0.329615 0.843983
0.330291 0.203269
0.330352 0.229846
0.33041 0.208823
0.330445 0.792905
0.330954 0.34715
0.33102 0.446575
0.331315 0.414856
0.332669 0.176419
0.333334 0.341838
0.334801 0.00775205
0.334804 0.0586548
0.335037 0.970791
0.335078 0.655668
0.335429 0.548799
0.335741 0.806124
0.336554 0.456079
0.337291 0.848399
0.337857 0.356169
0.338328 0.27694
0.338468 0.631245
0.338469 0.645528
0.339222 0.306606
0.339289 0.429166
0.33964 0.32509
0.34027 0.914239
0.3408 0.8188
0.340903 0.553679
0.341794 0.524827
0.342659 0.064632
0.343055 0.730006
0.345153 0.985601
0.345616 0.773268
0.345855 0.782592
0.346166 0.0171732
0.346793 0.556679
0.347285 0.827022
0.347334 0.639579
0.34779 0.302824
0.347955 0.0795724
0.348287 0.658834
0.349129 0.817762
0.34995 0.603723
0.350341 0.187516
0.351077 0.545932
0.352132 0.291011
0.354509 0.236455
0.354584 0.498927
0.35497 0.979325
0.355226 0.287272
0.35565 0.401277
0.35599 0.132097
0.356045 0.0528614
0.356088 0.778601
0.35616 0.975112
0.357541 0.196591
0.358247 0.0631042
0.358477 0.919383
0.361875 0.0300198
0.362399 0.842308
0.363505 0.430968
0.363989 0.568592
0.364067 0.877646
0.364764 0.582013
0.364815 0.447523
0.36546 0.277637
0.365545 0.714434
0.366326 0.835428
0.366464 0.159812
0.367559 0.565883
0.367634 0.821186
0.367694 0.825896
0.369534 0.765686
0.370855 0.956526
0.371309 0.589827
0.371311 0.624302
0.371516 0.0696969
0.371656 0.423133
0.372027 0.664209
0.372243 0.289837
0.372718 0.27613
0.374097 0.446018
0.374299 0.839782
0.374415 0.800272
0.374904 0.013397
0.376456 0.0902802
0.376871 0.0632856
0.377557 0.601725
0.377632 0.858476
0.378071 0.241755
0.379322 0.272916
0.379385 0.328145
0.379977 0.271578
0.380397 0.339635
0.38127 0.997877
0.381317 0.787072
0.381821 0.265652
0.381886 0.363144
0.382197 0.581399
0.383125 0.181732
0.38316 0.776294
0.38355 0.323795
0.38358 0.824307
0.383722 0.216985
0.384463 0.672385
0.384794 0.235775
0.384875 0.597744
0.38717 0.173879
0.387359 0.340498
0.387494 0.609151
0.387496 0.641059
0.387522 0.0860666
0.387906 0.536967
0.388284 0.888864
0.389226 0.721398
0.389717 0.97169
0.390274 0.335972
0.390688 0.295986
0.391039 0.194227
0.391509 0.0932332
0.39215 0.866677
0.392951 0.327938
0.393705 0.999401
0.394295 0.920874
0.394521 0.719809
0.395482 0.87032
0.39561 0.0255692
0.396103 0.304803
0.396795 0.939163
0.397312 0.618732
0.397625 0.876166
0.397643 0.188125
0.397754 0.051466
0.397892 0.364776
0.398231 0.0701605
0.398289 0.0434399
0.398429 0.394708
0.399012 0.197596
0.399025 0.408681
0.399141 0.355271
0.399737 0.378393
0.400528 0.666722
0.401281 0.323347
0.401422 0.700278
0.401746 0.149364
0.40181 0.212623
0.402217 0.0687494
0.403293 0.146207
0.403478 0.25945
0.403606 0.400557
0.403781 0.354205
0.404063 0.0878674
0.404563 0.495345
0.404828 0.94444
0.405297 0.820092
0.405723 0.989312
0.406574 0.288511
0.406598 0.684518
0.406661 0.75
0.406798 0.049207
0.407047 0.232292
0.408517 0.938997
0.408687 0.800983
0.408833 0.259167
0.40912 0.0734407
0.409889 0.0053028
0.41114 0.0247001
0.411163 0.420386
0.412848 0.733889
0.413173 0.197422
0.413349 0.163882
0.414883 0.935694
0.415881 0.714944
0.416759 0.464081
0.4168 0.161356
0.416811 0.349972
0.417434 0.809437
0.417549 0.751222
0.41799 0.153644
0.418193 0.568704
0.4186 0.407229
0.419187 0.273573
0.419515 0.788713
0.419795 0.494193
0.420792 0.251592
0.420896 0.993429
0.421145 0.190006
0.422333 0.15491
0.424075 0.42539
0.424382 0.582137
0.424596 0.178832
0.425023 0.356129
0.425407 0.815263
0.426359 0.821714
0.426923 0.300167
0.428565 0.889809
0.429628 0.758318
0.429768 0.114196
0.430202 0.397509
0.430366 0.158778
0.430859 0.450878
0.432151 0.161078
0.432369 0.82349
0.433603 0.557914
0.433929 0.0486674
0.434095 0.842759
0.434626 0.764476
0.434777 0.294827
0.435441 0.458611
0.435688 0.614366
0.436123 0.923952
0.436405 0.655251
0.436406 0.679199
0.437062 0.70012
0.437275 0.284793
0.43916 0.956529
0.439334 0.884921
0.439665 0.445447
0.439786 0.476406
0.440369 0.284717
0.441017 0.175352
0.441335 0.524276
0.441562 0.324769
0.442303 0.778996
0.443258 0.831779
0.443503 0.95104
0.444576 0.983363
0.444916 0.710504
0.444933 0.985249
0.44589 0.0662226
0.445951 0.0929013
0.445968 0.386633
0.446237 0.902284
0.446904 0.117698
0.448092 0.0884397
0.448162 0.262379
0.448209 0.0492348
0.448411 0.446756
0.44883 0.489619
0.449306 0.489922
0.449435 0.647315
0.449435 0.648575
0.449438 0.709042
0.449567 0.872282
0.449774 0.343495
0.450092 0.699956
0.451049 0.772728
0.451857 0.364283
0.451936 0.686227
0.452842 0.921679
0.454094 0.958663
0.454101 0.0819513
0.454761 0.161883
0.455168 0.0141825
0.455495 0.51187
0.455707 0.0711309
0.456025 0.412824
0.457439 0.181742
0.457587 0.657606
0.458016 0.875655
0.458294 0.53913
0.458463 0.394784
0.458728 0.835858
0.458805 0.138447
0.45895 0.575352
0.459596 0.43681
0.459867 0.980613
0.460442 0.651508
0.4609 0.345268
0.461763 0.851349
0.461892 0.0159429
0.462388 0.347418
0.463222 0.378009
0.464574 0.0915097
0.465521 0.00559417
0.465991 0.907449
0.466341 0.798928
0.466413 0.00749182
0.467726 0.0626465
0.46783 0.820472
0.467933 0.54459
0.468062 0.719366
0.468823 0.510956
0.469626 0.998592
0.470207 0.770777
0.470405 0.0927264
0.470954 0.330394
0.472051 0.761196
0.472196 0.189796
0.472429 0.117029
0.472483 0.0272126
0.472926 0.470317
0.472949 0.860266
0.473253 0.962331
0.473623 0.17833
0.473995 0.435043
0.474145 0.947237
0.474844 0.701849
0.475147 0.798474
0.475193 0.563776
0.475258 0.662935
0.475748 0.894843
0.476108 0.945824
0.476111 0.996273
0.479279 0.242084
0.479518 0.266919
0.479645 0.388233
0.47993 0.179897
0.482705 0.82667
0.482934 0.676938
0.483813 0.451448
0.48405 0.421492
0.484207 0.0714297
0.484209 0.104606
0.484347 0.421109
0.4857 0.154904
0.486707 0.0813216
0.487289 0.874254
0.488842 0.969075
0.48919 0.811976
0.489426 0.775125
0.489656 0.655603
0.489678 0.0126339
0.491266 0.700389
0.491335 0.873499
0.491792 0.54201
0.492899 0.158164
0.493088 0.332806
0.494253 0.917176
0.494296 0.638634
0.494775 0.682537
0.495217 0.118864
0.495452 0.0668756
0.496003 0.322481
0.497416 0.0658459
0.497436 0.413736
0.497659 0.156587
0.497807 0.639464
0.50042 0.558207
0.500589 0.396839
0.5013 0.343698
0.501605 0.471692
0.502032 0.655899
0.502062 0.161506
0.502075 0.379119
0.502172 0.00776251
0.502233 0.0239696
0.502503 0.568437
0.502528 0.993166
0.502692 0.747187
0.503575 0.589607
0.50435 0.618485
0.504535 0.712225
0.504681 0.1748
0.504985 0.285638
0.504988 0.336259
0.50538 0.929725
0.506217 0.995409
0.506243 0.42834
0.507495 0.467522
0.508455 0.594515
0.509265 0.223684
0.509343 0.53273
0.509434 0.0489246
0.512432 0.440905
0.512504 0.646487
0.513615 0.328382
0.514022 0.170257
0.51444 0.191935
0.514571 0.390096
0.515432 0.862148
0.516582 0.198719
0.516807 0.976343
0.516867 0.981938
0.517196 0.50755
0.517213 0.794543
0.517299 0.24329
0.5177 0.990098
0.517703 0.040719
0.518316 0.331291
0.51897 0.335072
0.519119 0.837421
0.520089 0.135107
0.52021 0.174862
0.520782 0.777238
0.520954 0.668354
0.521252 0.680173
0.521379 0.808992
0.522689 0.837952
0.522754 0.923493
0.523313 0.318165
0.523982 0.571349
0.524394 0.49018
0.524789 0.122387
0.525436 0.0108306
0.525548 0.889159
0.52555 0.918023
0.526838 0.568116
0.526852 0.805482
0.528582 0.879098
0.530851 0.0144358
0.530912 0.0450512
0.531136 0.801411
0.532013 0.538903
0.53203 0.834364
0.53258 0.0750284
0.532687 0.878083
0.53306 0.146895
0.533242 0.204055
0.533482 0.23188
0.533501 0.549287
0.533544 0.281991
0.533717 0.181685
0.534071 0.130954
0.534465 0.753964
0.534471 0.84702
0.535011 0.935101
0.535246 0.876931
0.535303 0.844708
0.53532 0.115626
0.535384 0.193661
0.535428 0.943944
0.53639 0.103236
0.536824 0.398884
0.537154 0.954158
0.539411 0.876509
0.540033 0.331858
0.540162 0.509639
0.540207 0.26133
0.540682 0.242083
0.542704 0.220774
0.543189 0.374324
0.543462 0.970931
0.54349 0.437077
0.544027 0.45941
0.544168 0.831958
0.544395 0.640316
0.544823 0.833626
0.545754 0.479329
0.546225 0.399802
0.548572 0.845212
0.548761 0.0203307
0.549161 0.74859
0.549221 0.763107
0.550735 0.194706
0.55228 0.171247
0.552821 0.267695
0.55283 0.40594
0.553069 0.432599
0.553396 0.917929
0.553522 0.0474217
0.553783 0.431957
0.554264 0.523061
0.554712 0.0414472
0.555952 0.878091
0.55797 0.802091
0.55902 0.454326
0.559577 0.805092
0.559795 0.47011
0.559903 0.291009
0.559925 0.664202
0.559988 0.710313
0.560384 0.380728
0.560631 0.530222
0.561071 0.921602
0.561847 0.962649
0.563708 0.242902
0.564849 0.41591
0.564862 0.638163
0.565268 0.462515
0.56541 0.838029
0.565461 0.706717
0.566332 0.334749
0.566699 0.513714
0.567061 0.590992
0.567546 0.751469
0.568416 0.370501
0.568431 0.615176
0.569152 0.74165
0.570233 0.910152
0.571177 0.77529
0.571463 0.575539
0.572037 0.222322
0.572044 0.338856
0.572399 0.31198
0.573626 0.928476
0.574094 0.7971
0.574834 0.227284
0.574976 0.615908
0.5752 0.388945
0.575648 0.910306
0.578401 0.192299
0.57859 0.368835
0.579428 0.442165
0.580195 0.329918
0.580655 0.0673637
0.580948 0.985814
0.581546 0.0372672
0.581806 0.405101
0.58229 0.552931
0.582325 0.127551
0.582359 0.709214
0.583102 0.200882
0.584022 0.661624
0.58471 0.227456
0.585755 0.776688
0.586145 0.340093
0.586659 0.985593
0.587278 0.387245
0.587489 0.936112
0.587919 0.152447
0.589192 0.542447
0.589865 0.86516
0.590311 0.364106
0.591431 0.172718
0.591899 0.0442142
0.591939 0.719301
0.591971 0.247894
0.591972 0.273165
0.592075 0.00175214
0.592085 0.168986
0.592231 0.620174
0.592905 0.959784
0.592981 0.228337
0.593033 0.0997015
0.593752 0.19739
0.59448 0.421741
0.595734 0.503217
0.595758 0.910634
0.595812 0.818078
0.595938 0.935181
0.596412 0.903818
0.596474 0.941955
0.596804 0.478884
0.596809 0.56308
0.597302 0.849084
0.597716 0.816157
0.597732 0.0795851
0.597943 0.624821
0.601091 0.53319
0.601164 0.759919
0.601982 0.504753
0.602053 0.700254
0.602316 0.121816
0.602792 0.12478
0.603156 0.250815
0.603366 0.767281
0.603505 0.107303
0.603644 0.451395
0.603943 0.474171
0.60426 0.79503
0.604491 0.682223
0.605325 0.703696
0.605542 0.339725
0.605583 0.0364049
0.605941 0.047033
0.605957 0.31151
0.606343 0.800947
0.607157 0.487068
0.607613 0.148559
0.607817 0.587372
0.607929 0.455925
0.609309 0.663693
0.609396 0.11132
0.610269 0.799154
0.612036 0.484572
0.61211 0.737715
0.612854 0.233007
0.613024 0.100526
0.613103 0.421272
0.613519 0.41627
0.613754 0.369471
0.614385 0.96985
0.614619 0.904142
0.614679 0.903342
0.615081 0.658383
0.615329 0.827334
0.618436 0.0453157
0.61883 0.679142
0.618977 0.138993
0.619317 0.855679
0.619646 0.387435
0.619777 0.584563
0.620182 0.394944
0.620416 0.333275
0.620737 0.72821
0.621157 0.780497
0.621532 0.0889729
0.621712 0.112753
0.621847 0.375858
0.622274 0.561466
0.622597 0.984303
0.622963 0.137872
0.623035 0.351483
0.62336 0.80874
0.624634 0.224973
0.625485 0.524642
0.625683 0.846717
0.625833 0.377045
0.626347 0.0212852
0.626871 0.825747
0.626879 0.958373
0.627517 0.67837
0.629076 0.876186
0.629207 0.088106
0.629635 0.276822
0.630112 0.291885
0.631232 0.115406
0.63173 0.488847
0.631996 0.95217
0.632982 0.52727
0.634084 0.041783
0.63448 0.709654
0.635044 0.179404
0.63528 0.144712
0.635922 0.947059
0.636424 0.371456
0.637128 0.216306
0.63737 0.274748
0.638485 0.0173218
0.639217 0.312102
0.639454 0.301468
0.639541 0.764749
0.639811 0.306469
0.641626 0.813844
0.641639 0.0194823
0.642032 0.625971
0.642295 0.0479792
0.642799 0.530269
0.642828 0.00943814
0.642905 0.301478
0.643559 0.296963
0.643781 0.0311274
0.645352 0.429095
0.646674 0.650185
0.647007 0.239535
0.648234 0.874986
0.649477 0.764317
0.649598 0.796363
0.649731 0.0229341
0.649812 0.389332
0.649863 0.250522
0.650059 0.549689
0.650209 0.0633859
0.650349 0.412494
0.650917 0.957307
0.650933 0.236129
0.651407 0.194193
0.651563 0.81562
0.651567 0.877918
0.651993 0.0430603
0.6522 0.520974
0.6525 0.561304
0.65253 0.0761305
0.653404 0.754126
0.653454 0.609313
0.653918 0.407461
0.654174 0.702564
0.655867 0.163148
0.656756 0.105237
0.657078 0.5036
0.658376 0.321287
0.658683 0.479483
0.659146 0.266595
0.659299 0.84457
0.660346 0.441371
0.663491 0.29094
0.663694 0.697282
0.663995 0.766711
0.66467 0.116089
0.66529 0.531413
0.665634 0.307563
0.668595 0.0816829
0.668714 0.0777044
0.670073 0.91019
0.670197 0.993154
0.67033 0.231206
0.671183 0.575439
0.672021 0.653981
0.672155 0.90911
0.672656 0.321377
0.673667 0.323773
0.673811 0.744657
0.673908 0.372111
0.673965 0.32516
0.673976 0.516914
0.674129 0.093824
0.675515 0.372491
0.675765 0.587984
0.676296 0.503229
0.676472 0.471199
0.67701 0.50099
0.678622 0.599097
0.67879 0.429222
0.67881 0.76077
0.679143 0.35448
0.679367 0.122125
0.680022 0.128685
0.680131 0.958107
0.680142 0.145642
0.680781 0.888336
0.681069 0.731332
0.681192 0.800577
0.681238 0.574096
0.681452 0.160287
0.681729 0.825359
0.682036 0.976668
0.682077 0.663846
0.682332 0.947046
0.682576 0.0545515
0.682693 0.0201598
0.682806 0.914744
0.683027 0.640675
0.683046 0.947375
0.683065 0.271128
0.683774 0.188622
0.683979 0.641867
0.684344 0.773905
0.685249 0.97741
0.685671 0.0648685
0.685934 0.486798
0.686336 0.246136
0.686828 0.52026
0.687144 0.832165
0.68725 0.618612
0.688841 0.356198
0.689068 0.162529
0.689118 0.00290094
0.689481 0.113566
0.690097 0.462076
0.690214 0.425932
0.690314 0.109274
0.690623 0.300254
0.691689 0.219783
0.692425 0.592811
0.694052 0.93867
0.694545 0.224447
0.694686 0.582109
0.695286 0.67649
0.695315 0.154071
0.695341 0.588364
0.695751 0.485516
0.695876 0.585268
0.696333 0.26314
0.696574 0.318303
0.696702 0.463652
0.697416 0.47687
0.697664 0.64546
0.697916 0.868562
0.698108 0.0996624
0.698471 0.195402
0.698696 0.978341
0.698735 0.646305
0.698801 0.752023
0.699502 0.523172
0.699616 0.440139
0.700239 0.909747
0.701294 0.649872
0.701302 0.77846
0.701548 0.914163
0.701712 0.675565
0.705989 0.559538
0.707213 0.124716
0.708489 0.576567
0.70861 0.606829
0.709014 0.396901
0.70972 0.269722
0.709805 0.69737
0.711105 0.534435
0.711188 0.937045
0.711465 0.584946
0.711974 0.14708
0.712686 0.119648
0.714154 0.782166
0.71508 0.344831
0.715772 0.986962
0.715971 0.317747
0.716306 0.951301
0.71682 0.600464
0.717148 0.109649
0.717151 0.158611
0.717456 0.280015
0.719121 0.259566
0.720079 0.360067
0.720227 0.849784
0.720363 0.149265
0.72046 0.76426
0.720514 0.677394
0.720627 0.583662
0.720738 0.450956
0.721069 0.998889
0.721539 0.905713
0.722852 0.96846
0.722894 0.684432
0.723196 0.760208
0.723343 0.23345
0.723386 0.953476
0.724133 0.509618
0.724855 0.643699
0.725658 0.129065
0.725869 0.6864
0.725911 0.383495
0.726646 0.741003
0.72813 0.674235
0.72949 0.544436
0.729552 0.585311
0.730585 0.935511
0.732721 0.846603
0.733007 0.643909
0.733235 0.488832
0.73345 0.0901594
0.733471 0.45036
0.733543 0.660638
0.733963 0.709731
0.734549 0.558207
0.73538 0.524348
0.735944 0.0131942
0.736286 0.75656
0.738408 0.418288
0.739893 0.385775
0.740919 0.631219
0.740948 0.117878
0.740991 0.834688
0.741142 0.369116
0.741286 0.792841
0.742208 0.297638
0.742431 0.0455845
0.742964 0.992408
0.743171 0.473992
0.743384 0.0589151
0.743463 0.378864
0.743481 0.690259
0.743586 0.456796
0.74549 0.448739
0.746553 0.310079
0.746597 0.0504931
0.747079 0.153814
0.748917 0.0539947
0.749793 0.777094
0.750597 0.278402
0.750627 0.784471
0.751156 0.672245
0.751205 0.495829
0.752854 0.221392
0.753253 0.926978
0.754422 0.567698
0.754851 0.774618
0.754906 0.702105
0.755416 0.275478
0.755825 0.153925
0.755921 0.771534
0.756007 0.208142
0.756113 0.984165
0.756234 0.0297897
0.756283 0.854767
0.758215 0.321396
0.75824 0.731834
0.759841 0.643071
0.760602 0.442628
0.760909 0.589616
0.761222 0.854611
0.76136 0.173595
0.762719 0.0115199
0.763539 0.799947
0.764026 0.988153
0.765273 0.942583
0.765364 0.469351
0.766391 0.726629
0.766895 0.209912
0.76716 0.658389
0.767173 0.881511
0.767178 0.952441
0.767249 0.149571
0.767397 0.646613
0.767801 0.42889
0.768922 0.272502
0.769063 0.638765
0.769311 0.810736
0.769606 0.76468
0.770514 0.0306389
0.770987 0.974333
0.771214 0.793179
0.771433 0.482764
0.771702 0.999604
0.773878 0.566084
0.773948 0.739781
0.774188 0.772592
0.774324 0.0719402
0.774541 0.715193
0.775509 0.973998
0.775546 0.60179
0.776519 0.948736
0.776565 0.72051
0.777029 0.526906
0.777676 0.405841
0.778238 0.850883
0.778317 0.178838
0.778589 0.748741
0.77877 0.794193
0.77883 0.803286
0.779704 0.485312
0.780466 0.299098
0.782134 0.319542
0.782916 0.470934
0.783381 0.289297
0.78346 0.613589
0.785142 0.87903
0.786434 0.591672
0.786581 0.073296
0.786847 0.538373
0.788468 0.782019
0.788568 0.457566
0.788619 0.313114
0.788744 0.417397
0.789604 0.873844
0.789939 0.511123
0.789957 0.811194
0.79048 0.5931
0.791091 0.865578
0.791836 0.379551
0.792104 0.884362
0.792516 0.810472
0.792716 0.184271
0.794068 0.894352
0.794221 0.478705
0.795145 0.999569
0.795534 0.540708
0.796192 0.606106
0.796884 0.235754
0.797528 0.046373
0.79754 0.261747
0.797557 0.535607
0.799611 0.0637248
0.799997 0.550791
0.800029 0.0939331
0.800187 0.739669
0.801022 0.77173
0.80104 0.0829538
0.801054 0.319154
0.801137 0.708804
0.801851 0.714885
0.80283 0.159119
0.803167 0.83157
0.803821 0.81325
0.805381 0.040141
0.805475 0.623956
0.806204 0.878203
0.807252 0.48463
0.80735 0.128809
0.807385 0.725742
0.807478 0.28715
0.808548 0.260321
0.808805 0.592318
0.80918 0.890142
0.80992 0.331988
0.810399 0.368049
0.810536 0.683652
0.81074 0.10747
0.810767 0.559239
0.811347 0.314448
0.811743 0.971636
0.812326 0.770196
0.81351 0.66226
0.813908 0.343764
0.815342 0.46015
0.815356 0.687709
0.815563 0.164988
0.815868 0.290728
0.816024 0.919394
0.816255 0.793666
0.818199 0.462348
0.818494 0.432734
0.818847 0.359777
0.819133 0.162444
0.819187 0.0722515
0.819691 0.538293
0.820298 0.75716
0.820471 0.656799
0.820858 0.156833
0.820881 0.543628
0.820991 0.391723
0.821536 0.551941
0.821809 0.135681
0.823362 0.247767
0.824485 0.114075
0.825155 0.384251
0.825189 0.951592
0.825692 0.397434
0.82604 0.261318
0.826378 0.939059
0.826844 0.771369
0.827519 0.116685
0.828608 0.409015
0.828687 0.746244
0.828753 0.844824
0.829605 0.172245
0.829739 0.415728
0.830558 0.191383
0.831636 0.299778
0.832851 0.719785
0.832974 0.792951
0.834984 0.569925
0.835071 0.0433326
0.835128 0.998596
0.83556 0.258602
0.835574 0.487218
0.835864 0.372962
0.836686 0.179311
0.836905 0.866306
0.837526 0.294317
0.837708 0.354866
0.838308 0.444324
0.838537 0.294005
0.840363 0.976127
0.840593 0.848834
0.840604 0.0370974
0.841942 0.516152
0.842416 0.484765
0.843337 0.9617
0.843634 0.964973
0.843773 0.284904
0.844009 0.252255
0.845475 0.890777
0.845842 0.0738825
0.846995 0.443528
0.847811 0.151179
0.848397 0.00957906
0.848436 0.667479
0.849424 0.270245
0.850431 0.19851
0.850445 0.427541
0.851965 0.981912
0.852372 0.813244
0.853077 0.666249
0.853699 0.116949
0.85396 0.508207
0.854601 0.275797
0.854743 0.666604
0.85503 0.490347
0.855091 0.515492
0.855367 0.144915
0.856269 0.309796
0.856393 0.401284
0.857064 0.681133
0.857137 0.908965
0.857527 0.4508
0.858301 0.465895
0.858402 0.159263
0.858974 0.769043
0.859178 0.208255
0.859197 0.529903
0.859218 0.875711
0.859639 0.959413
0.859807 0.777485
0.860029 0.513395
0.86059 0.933627
0.861072 0.040345
0.861109 0.664107
0.861179 0.835425
0.861345 0.621831
0.861383 0.262177
0.862147 0.099559
0.862613 0.940407
0.862641 0.4097
0.86267 0.900163
0.862953 0.650659
0.863843 0.612071
0.864055 0.168624
0.864101 0.940718
0.864136 0.536117
0.864894 0.28089
0.865922 0.553397
0.865932 0.711482
0.865958 0.149203
0.866686 0.391194
0.866889 0.799234
0.867091 0.205184
0.867431 0.912141
0.867651 0.614827
0.868081 0.84201
0.868908 0.743841
0.869311 0.506223
0.869361 0.349522
0.869912 0.609854
0.871158 0.559041
0.87222 0.402271
0.872261 0.0851609
0.8732 0.871863
0.874364 0.4296
0.874519 0.0488355
0.874813 0.979464
0.874917 0.72843
0.875906 0.346364
0.876201 0.310043
0.876667 0.145459
0.876709 0.850247
0.876785 0.123128
0.877318 0.0814329
0.880533 0.113278
0.880633 0.794343
0.880665 0.342775
0.880692 0.782594
0.88173 0.229418
0.883992 0.260595
0.884369 0.592496
0.884995 0.117319
0.886567 0.528263
0.886581 0.769276
0.886691 0.619531
0.887005 0.885817
0.887232 0.708763
0.888668 0.850224
0.888722 0.75626
0.888737 0.000528611
0.888928 0.211437
0.889716 0.455846
0.890301 0.286517
0.89177 0.976106
0.891944 0.902925
0.892027 0.303783
0.892485 0.00240983
0.893324 0.094406
0.893761 0.433991
0.894322 0.876521
0.895413 0.205588
0.895441 0.681909
0.895743 0.750868
0.896902 0.225411
0.89735 0.754386
0.897652 0.837902
0.898583 0.491196
0.898718 0.749182
0.899297 0.489897
0.899621 0.938106
0.900509 0.849915
0.900518 9.49488e-05
0.901039 0.761465
0.901202 0.508654
0.901505 0.59084
0.902102 0.634004
0.902545 0.0704169
0.903075 0.984018
0.903244 0.823706
0.903657 0.765813
0.903772 0.697431
0.904122 0.583049
0.905175 0.282015
0.905403 0.101096
0.905474 0.307796
0.90774 0.394494
0.90785 0.237502
0.907981 0.43218
0.90847 0.655456
0.911054 0.0829616
0.911438 0.542315
0.912183 0.0643645
0.912251 0.210153
0.912783 0.147139
0.912845 0.191466
0.912934 0.680808
0.913477 0.8162
0.913963 0.97962
0.914596 0.611555
0.91498 0.0706575
0.915161 0.109183
0.915667 0.620453
0.915784 0.583549
0.916654 0.210118
0.917383 0.45938
0.917945 0.895492
0.918413 0.768827
0.918462 0.589328
0.91855 0.0706252
0.918712 0.785694
0.91904 0.307347
0.920326 0.918511
0.920619 0.851315
0.920991 0.10111
0.92187 0.865586
0.923711 0.815441
0.92417 0.529205
0.924675 0.00740863
0.92524 0.515712
0.92583 0.424326
0.925989 0.0919983
0.926438 0.643732
0.927658 0.140563
0.928879 0.672111
0.92936 0.760343
0.929934 0.407071
0.929944 0.567809
0.930029 0.990346
0.931126 0.426345
0.931916 0.720223
0.933102 0.637926
0.93331 0.133355
0.933414 0.892464
0.933931 0.576024
0.934309 0.928821
0.934586 0.592641
0.93473 0.00289659
0.934959 0.856217
0.936624 0.845372
0.9372 0.521379
0.937248 0.329803
0.937832 0.149745
0.93817 0.828284
0.93873 0.236629
0.938951 0.949623
0.939411 0.684478
0.940112 0.456879
0.94021 0.110286
0.940429 0.796905
0.940878 0.330224
0.941697 0.10749
0.942465 0.0137601
0.942762 0.00509753
0.943167 0.805892
0.943867 0.577682
0.94516 0.302572
0.946219 0.108634
0.946671 0.699696
0.946721 0.544012
0.947705 0.0775618
0.948306 0.180426
0.948335 0.664252
0.948551 0.292956
0.948575 0.701133
0.948661 0.145395
0.948949 0.980268
0.949838 0.926152
0.949947 0.757515
0.950431 0.894442
0.951116 0.402273
0.951798 0.868217
0.952096 0.872445
0.952376 0.588709
0.952595 0.271845
0.952664 0.430241
0.954172 0.768535
0.954264 0.320324
0.954544 0.0181722
0.954567 0.405084
0.954602 0.990747
0.955561 0.115815
0.956129 0.657263
0.956403 0.273686
0.957036 0.908508
0.957422 0.399895
0.95922 0.615871
0.959308 0.0966198
0.959479 0.9704
0.959826 0.795512
0.960096 0.334931
0.960157 0.352453
0.960966 0.957876
0.961864 0.0409958
0.963633 0.781903
0.963971 0.454769
0.963983 0.669681
0.964146 0.393782
0.964581 0.708486
0.964707 0.822475
0.965879 0.536966
0.966629 0.127771
0.966799 0.985984
0.966964 0.765496
0.967145 0.803998
0.968092 0.724359
0.968565 0.668092
0.968909 0.448195
0.969677 0.368106
0.970206 0.255919
0.971239 0.621122
0.971488 0.805388
0.971963 0.787486
0.972098 0.0515612
0.972857 0.811822
0.972878 0.152629
0.973701 0.985001
0.974845 0.220065
0.974874 0.704799
0.977052 0.306489
0.977233 0.353013
0.977257 0.761965
0.977344 0.215697
0.977695 0.121084
0.978185 0.355066
0.978371 0.473898
0.97913 0.232961
0.979798 0.465805
0.980242 0.933546
0.981217 0.312642
0.981999 0.458642
0.982697 0.191629
0.983619 0.689382
0.984817 0.823993
0.98526 0.265
0.985832 0.882277
0.986287 0.530542
0.987732 0.805192
0.988323 0.748445
0.98861 0.561412
0.988986 0.885768
0.989386 0.613041
0.989646 0.980844
0.990673 0.238309
0.990833 0.928216
0.990911 0.245113
0.991146 0.190839
0.991257 0.0571936
0.991364 0.858205
0.991732 0.0457252
0.992912 0.865794
0.993832 0.332187
0.994362 0.235527
0.99535 0.844585
0.996188 0.935634
0.996195 0.0507133
0.997525 0.395459
0.998558 0.759934
0.999367 0.359331
0.999656 0.220946
0.99977 0.141858
0.999852 0.511809
