0.0158377 0.185063
0.0249046 0.572471
0.025865 0.712816
0.0343587 0.467372
0.036906 0.279397
0.037359 0.893249
0.0418798 0.873324
0.0469367 0.865487
0.0585983 0.861252
0.0707152 0.509665
0.0716292 0.872053
0.0905911 0.565183
0.0950912 0.197979
0.0964996 0.869333
0.125946 0.778888
0.127065 0.578656
0.127391 0.0676177
0.149847 0.475281
0.168724 0.737233
0.169913 0.733074
0.171907 0.244805
0.19473 0.83141
0.206504 0.715514
0.207809 0.651183
0.219895 0.777562
0.222284 0.927877
0.225855 0.95159
0.233964 0.23971
0.240848 0.939181
0.242246 0.425935
0.248032 0.675883
0.249207 0.420145
0.263551 0.499132
0.271585 0.524123
0.280122 0.0164947
0.288136 0.695592
0.296289 0.727875
0.297048 0.490358
0.299582 0.0697752
0.304992 0.00774061
0.312407 0.62118
0.325821 0.0689345
0.334538 0.586401
0.337757 0.690311
0.341605 0.354983
0.357714 0.0952198
0.359137 0.0134808
0.359739 0.136702
0.368531 0.897896
0.385195 0.965349
0.388844 0.298891
0.389967 0.173261
0.390511 0.321355
0.390628 0.28748
0.392467 0.192842
0.407087 0.910783
0.412693 0.124499
0.415946 0.809845
0.419699 0.873171
0.42655 0.0205232
0.437876 0.382304
0.438905 0.680991
0.440786 0.285099
0.450887 0.0645855
0.451453 0.577647
0.453781 0.692173
0.454582 0.164611
0.466173 0.972443
0.474351 0.416894
0.475475 0.316707
0.47769 0.529378
0.488529 0.709481
0.491773 0.224064
0.505443 0.974052
0.507221 0.859732
0.511546 0.557084
0.513753 0.65171
0.524232 0.764538
0.524481 0.946996
0.526555 0.815068
0.527417 0.291128
0.53318 0.157669
0.544593 0.978857
0.559201 0.498205
0.5599 0.236217
0.563258 0.681385
0.572537 0.629126
0.581035 0.463339
0.58274 0.119551
0.585513 0.71942
0.595934 0.859806
0.598928 0.186796
0.610279 0.95878
0.612251 0.104793
0.61871 0.651392
0.627271 0.539966
0.631449 0.754872
0.641675 0.639996
0.653912 0.292069
0.654606 0.961498
0.655901 0.730905
0.671748 0.07381
0.6759 0.842894
0.67869 0.736151
0.689285 0.817741
0.71174 0.20925
0.714848 0.449553
0.716566 0.326319
0.723591 0.388602
0.730034 0.68875
0.730062 0.15492
0.733932 0.189145
0.751501 0.484443
0.76535 0.23863
0.768534 0.749951
0.782826 0.953198
0.800315 0.900044
0.807433 0.532414
0.810894 0.687918
0.812437 0.624756
0.817119 0.313733
0.817705 0.169308
0.82539 0.327747
0.828749 0.784584
0.832469 0.306998
0.832867 0.994498
0.844056 0.0475003
0.846009 0.879088
0.84861 0.591098
0.865532 0.989304
0.885207 0.676243
0.887706 0.66966
0.894403 0.23564
0.903948 0.65965
0.905662 0.455961
0.908466 0.59279
0.916424 0.339282
0.932668 0.352124
0.932861 0.593986
0.935562 0.991052
0.937589 0.0619379
0.943044 0.744254
0.949251 0.0620313
0.950794 0.00102171
0.952882 0.0870108
0.956667 0.707598
0.975549 0.0549204
0.981525 0.486506
0.991034 0.302743
0.994495 0.480451
