0.000361242 0.0713999
0.00345542 0.0752835
0.00833702 0.120255
0.00888616 0.349759
0.0136118 0.773281
0.016471 0.828597
0.0176055 0.895957
0.0179275 0.308102
0.0238145 0.250972
0.0250056 0.269447
0.0255374 0.207904
0.0287882 0.843467
0.0338444 0.823445
0.036334 0.664765
0.036568 0.598016
0.0366869 0.596503
0.0369183 0.486138
0.0394703 0.376723
0.03976 0.245828
0.0403098 0.487385
0.0444913 0.76552
0.0449077 0.764251
0.0452691 0.837443
0.0506918 0.976437
0.0529478 0.894319
0.0549019 0.736426
0.055112 0.26719
0.0595544 0.931121
0.0615576 0.598087
0.0616438 0.0479771
0.0617371 0.614855
0.0627383 0.443122
0.0639027 0.0124735
0.0670009 0.0847674
0.06849 0.112088
0.0734213 0.992352
0.0744338 0.00964919
0.0746087 0.948568
0.0775405 0.223413
0.0779075 0.392055
0.079364 0.871592
0.0806735 0.879554
0.0831493 0.490723
0.0885887 0.910159
0.0893407 0.54955
0.0896481 0.716049
0.094797 0.253599
0.0957574 0.394101
0.0993323 0.477771
0.103743 0.601088
0.105947 0.650048
0.110604 0.913161
0.111762 0.388377
0.113972 0.523841
0.118737 0.604872
0.123346 0.0700632
0.123762 0.0649356
0.124418 0.0917655
0.125364 0.992976
0.125684 0.366678
0.127229 0.339729
0.12764 0.246899
0.128899 0.402295
0.131117 0.690194
0.131998 0.490077
0.135675 0.286471
0.137745 0.0806536
0.138028 0.839744
0.138238 0.368771
0.139469 0.0542561
0.14175 0.385551
0.144002 0.246066
0.145624 0.50027
0.145892 0.0104658
0.147216 0.255269
0.147308 0.806283
0.148088 0.921149
0.14825 0.630717
0.148697 0.15311
0.149484 0.37022
0.152438 0.0202757
0.156136 0.172675
0.157229 0.542987
0.159472 0.244604
0.160037 0.738569
0.160639 0.86629
0.161143 0.326196
0.161377 0.27157
0.166083 0.35495
0.169918 0.803637
0.169974 0.750025
0.170843 0.351463
0.171478 0.0292369
0.172435 0.113788
0.172886 0.698416
0.173891 0.593951
0.175134 0.477826
0.177922 0.339449
0.178508 0.177242
0.178628 0.205477
0.18051 0.828846
0.180587 0.125088
0.183622 0.136486
0.185345 0.0906245
0.185906 0.521806
0.187908 0.175413
0.188916 0.106699
0.190779 0.427907
0.192337 0.611346
0.199605 0.762093
0.200937 0.156411
0.202466 0.840411
0.203199 0.170167
0.204831 0.601763
0.205849 0.71131
0.209275 0.291208
0.211836 0.323004
0.216183 0.395638
0.216304 0.425564
0.219475 0.716283
0.220385 0.0174762
0.221777 0.406753
0.222777 0.220173
0.225001 0.597982
0.230341 0.338638
0.233799 0.45501
0.234246 0.967205
0.236394 0.0741126
0.237414 0.213642
0.241703 0.295959
0.243279 0.783687
0.243626 0.621212
0.243644 0.917064
0.243857 0.506315
0.24505 0.557779
0.248498 0.506791
0.250158 0.39825
0.251373 0.827061
0.252122 0.42174
0.256871 0.231281
0.256894 0.617059
0.26018 0.840656
0.260187 0.970707
0.261086 0.0775481
0.267941 0.285171
0.269792 0.393955
0.271263 0.116039
0.273372 0.555459
0.27368 0.739459
0.275662 0.0592709
0.27585 0.203358
0.276023 0.119315
0.276376 0.0542775
0.279277 0.809631
0.279596 0.170936
0.280247 0.118877
0.281382 0.188491
0.283351 0.280869
0.283898 0.470732
0.285217 0.649677
0.287943 0.466033
0.290018 0.335951
0.292126 0.753833
0.292693 0.288597
0.296255 0.165495
0.299993 0.982345
0.302441 0.120521
0.307421 0.818625
0.314733 0.720891
0.315934 0.895596
0.322358 0.867584
0.329601 0.607439
0.333883 0.572829
0.334901 0.685992
0.33953 0.488476
0.341096 0.795212
0.341622 0.647298
0.343641 0.577629
0.344938 0.375289
0.347034 0.602724
0.348034 0.406518
0.34828 0.540484
0.350344 0.226483
0.35088 0.244378
0.35113 0.442364
0.351687 0.799516
0.352159 0.728724
0.35222 0.767416
0.353052 0.747151
0.353385 0.334803
0.353814 0.555646
0.357344 0.877913
0.357768 0.00669445
0.359528 0.591787
0.368144 0.39704
0.368226 0.774919
0.368591 0.913845
0.369414 0.733773
0.370602 0.705149
0.371979 0.847104
0.372583 0.00822047
0.375276 0.270454
0.377138 0.55523
0.380888 0.589051
0.381947 0.389799
0.384871 0.521875
0.385202 0.0935845
0.385224 0.463067
0.391013 0.754456
0.392554 0.64864
0.396881 0.373713
0.403155 0.823301
0.403318 0.565254
0.405055 0.758073
0.406059 0.635928
0.409265 0.523799
0.415567 0.441106
0.418684 0.829311
0.419599 0.20448
0.420067 0.0685801
0.422056 0.490941
0.42305 0.194816
0.42708 0.934312
0.430408 0.859598
0.431675 0.155923
0.435297 0.0359583
0.442542 0.803941
0.445372 0.373443
0.450487 0.338385
0.450985 0.699248
0.451213 0.530389
0.451608 0.170171
0.452228 0.597344
0.452675 0.101588
0.453244 0.671837
0.454706 0.245204
0.455385 0.656778
0.455482 0.284115
0.458091 0.139214
0.461363 0.131425
0.461471 0.949843
0.462825 0.698296
0.464737 0.835536
0.466327 0.559668
0.466702 0.856843
0.468445 0.157369
0.472129 0.0771215
0.473101 0.413407
0.476178 0.122307
0.478001 0.767254
0.481521 0.924275
0.481951 0.149141
0.481984 0.705611
0.482031 0.493069
0.483628 0.338831
0.483698 0.507355
0.484655 0.59027
0.485058 0.365158
0.488632 0.430187
0.492348 0.886374
0.494377 0.985967
0.497713 0.0691655
0.497979 0.53364
0.498522 0.666159
0.501481 0.386183
0.503867 0.492217
0.505107 0.330402
0.505524 0.33588
0.50705 0.990961
0.509527 0.615349
0.510844 0.763254
0.511403 0.144277
0.51343 0.218105
0.513527 0.845544
0.513622 0.443735
0.514606 0.98616
0.51636 0.467952
0.516983 0.934257
0.517394 0.833061
0.518286 0.841149
0.519917 0.239499
0.520008 0.775815
0.521459 0.15278
0.521643 0.258518
0.522055 0.181145
0.523178 0.0469917
0.526397 0.156114
0.526516 0.162325
0.526915 0.866448
0.526994 0.182601
0.529 0.910746
0.531205 0.955605
0.540658 0.833969
0.541335 0.209182
0.543015 0.461412
0.543571 0.799484
0.545407 0.652518
0.549188 0.210338
0.553061 0.301155
0.557608 0.725283
0.557617 0.876794
0.56064 0.672271
0.560648 0.810148
0.561219 0.407421
0.564161 0.853952
0.566692 0.391717
0.569772 0.15926
0.580218 0.716892
0.581794 0.212213
0.582977 0.102844
0.583974 0.854984
0.586235 0.843085
0.586406 0.726515
0.586407 0.736932
0.586543 0.0216209
0.587355 0.680099
0.587993 0.396144
0.588325 0.983569
0.589672 0.622977
0.596135 0.247011
0.597023 0.164001
0.597465 0.601978
0.59989 0.35483
0.600008 0.337797
0.60065 0.117901
0.606714 0.0486594
0.608001 0.666289
0.609924 0.999196
0.61012 0.280785
0.611079 0.396109
0.612023 0.273386
0.617315 0.206267
0.623002 0.799325
0.626326 0.655129
0.628133 0.0237109
0.629756 0.306638
0.630146 0.871302
0.632502 0.458103
0.633703 0.649345
0.636169 0.0953474
0.637378 0.413526
0.639046 0.446899
0.639363 0.768126
0.639731 0.960702
0.640778 0.550913
0.641518 0.985902
0.643319 0.254667
0.649516 0.419979
0.650907 0.792664
0.656063 0.454465
0.658383 0.445022
0.658976 0.414259
0.661415 0.404086
0.666872 0.119327
0.667661 0.381955
0.667781 0.389536
0.667862 0.754517
0.670377 0.0186957
0.670814 0.377189
0.670936 0.4265
0.671479 0.553158
0.674924 0.456183
0.676554 0.838255
0.6814 0.285675
0.681562 0.0107385
0.682612 0.654044
0.683095 0.779443
0.685736 0.172018
0.688412 0.138923
0.689872 0.686299
0.694506 0.559675
0.697273 0.075834
0.697639 0.222375
0.698735 0.643778
0.699554 0.410236
0.70429 0.00171111
0.708986 0.919352
0.713251 0.615586
0.713778 0.468501
0.71709 0.134272
0.717301 0.672667
0.721608 0.0647752
0.721898 0.933755
0.722558 0.0367983
0.727524 0.490782
0.729607 0.504925
0.730046 0.887727
0.730085 0.537269
0.733989 0.150911
0.734275 0.964168
0.744087 0.871106
0.745573 0.839689
0.745808 0.803181
0.753959 0.791597
0.755131 0.488518
0.757849 0.165518
0.75862 0.125555
0.758831 0.670979
0.765804 0.866155
0.765988 0.965021
0.766379 0.537144
0.77146 0.922653
0.772908 0.260431
0.773649 0.724589
0.777967 0.292712
0.784083 0.0774369
0.785515 0.157242
0.789194 0.989691
0.792309 0.334797
0.804751 0.445851
0.805853 0.972119
0.811923 0.997154
0.813748 0.66047
0.814041 0.594675
0.814362 0.979428
0.8186 0.213374
0.821846 0.763348
0.822401 0.0986098
0.823292 0.0739291
0.829259 0.352588
0.83147 0.52151
0.833741 0.682668
0.83525 0.0468975
0.836045 0.414313
0.836335 0.290845
0.837286 0.273089
0.841714 0.681035
0.846427 0.897627
0.846543 0.844124
0.846604 0.877666
0.847917 0.936053
0.851224 0.521315
0.851408 0.607698
0.854234 0.108978
0.855416 0.98344
0.856257 0.116861
0.857879 0.379971
0.860951 0.0016697
0.862024 0.0407778
0.862245 0.746501
0.864024 0.644194
0.864394 0.875385
0.865479 0.11088
0.87393 0.13317
0.874005 0.405894
0.875791 0.421249
0.880605 0.335529
0.881034 0.531555
0.882464 0.579945
0.886142 0.38746
0.894223 0.211116
0.894753 0.106732
0.895169 0.101871
0.8982 0.0465255
0.899097 0.123008
0.904236 0.488316
0.905043 0.0551861
0.906138 0.46672
0.906545 0.308007
0.906848 0.392901
0.907659 0.0285027
0.908816 0.467545
0.911929 0.78266
0.916698 0.934534
0.922751 0.676145
0.923105 0.629688
0.929251 0.926312
0.93012 0.529542
0.930332 0.0853825
0.931513 0.933118
0.932525 0.947543
0.932985 0.684848
0.933281 0.652675
0.934109 0.573868
0.934301 0.798857
0.935908 0.81024
0.940425 0.72268
0.945928 0.212184
0.953139 0.407941
0.954369 0.0781183
0.954373 0.140737
0.958809 0.69808
0.958825 0.969201
0.960332 0.292061
0.964656 0.97358
0.96841 0.0610817
0.969002 0.0106119
0.969418 0.00919389
0.970524 0.605109
0.970848 0.0400685
0.972397 0.0741806
0.975709 0.744601
0.976683 0.105751
0.977217 0.0912526
0.984962 0.254652
0.985326 0.377949
0.986959 0.821566
0.987379 0.873532
0.993977 0.769287
0.996393 0.380677
