0.00420946 0.748343
0.00566976 0.291642
0.00646454 0.649595
0.00813925 0.796349
0.0102577 0.401751
0.0116385 0.608963
0.0146223 0.757457
0.0155544 0.422459
0.0165319 0.850869
0.017124 0.802614
0.0183192 0.891143
0.0206598 0.229207
0.0218609 0.41551
0.0256996 0.933218
0.0262551 0.268926
0.0262865 0.796619
0.0264584 0.686436
0.0268677 0.564766
0.0296475 0.286351
0.0303671 0.379265
0.0336836 0.12046
0.0339883 0.241496
0.0352325 0.153014
0.0414073 0.932792
0.0420152 0.150132
0.046499 0.509451
0.0529851 0.519967
0.0540556 0.512782
0.0540775 0.879854
0.0541459 0.0293289
0.0546568 0.616077
0.0551226 0.446367
0.055582 0.16618
0.0558724 0.0468295
0.0559781 0.824707
0.0573276 0.505032
0.0573916 0.581259
0.0576823 0.466401
0.0612777 0.893508
0.0633169 0.167676
0.0634421 0.271913
0.0638904 0.805896
0.0641528 0.216611
0.0682439 0.975515
0.0700699 0.665033
0.070348 0.338518
0.0708188 0.250946
0.0716726 0.60176
0.0718559 0.681765
0.0723342 0.721536
0.0738901 0.870579
0.0757722 0.503793
0.0773675 0.316347
0.0783379 0.625624
0.0802507 0.773805
0.0829836 0.704677
0.083778 0.0562044
0.0841678 0.608409
0.0860215 0.764192
0.0875943 0.197746
0.0887267 0.229535
0.0891486 0.320578
0.0903411 0.362391
0.0910453 0.198695
0.0929938 0.947573
0.0931708 0.921852
0.0938824 0.881006
0.0952043 0.0981663
0.103485 0.278247
0.104769 0.851752
0.105266 0.205736
0.107266 0.824946
0.107383 0.783659
0.109984 0.495958
0.111084 0.983619
0.111882 0.406461
0.113032 0.721306
0.113927 0.771547
0.115017 0.0989787
0.119146 0.491177
0.12191 0.940968
0.122527 0.3087
0.124301 0.131307
0.125168 0.692118
0.126274 0.295508
0.126725 0.872724
0.128395 0.936222
0.129275 0.723716
0.1334 0.0529742
0.134536 0.146701
0.136521 0.506686
0.141157 0.433336
0.145359 0.0470973
0.147897 0.701577
0.148874 0.121589
0.150781 0.169405
0.152399 0.374835
0.153467 0.326992
0.154759 0.0316742
0.155104 0.825074
0.155716 0.114292
0.155791 0.382719
0.157128 0.848774
0.160006 0.215446
0.16236 0.784121
0.163002 0.572944
0.163599 0.608806
0.164731 0.631736
0.166827 0.864305
0.167202 0.162928
0.168181 0.613588
0.168823 0.406856
0.169197 0.694287
0.170727 0.40085
0.172358 0.826076
0.17459 0.332777
0.17493 0.043013
0.180536 0.262152
0.181224 0.82476
0.184014 0.721593
0.18679 0.387877
0.187762 0.718638
0.18999 0.158658
0.19 0.328099
0.190929 0.936446
0.191441 0.551518
0.191671 0.414981
0.192365 0.0704644
0.193964 0.956305
0.197574 0.620144
0.197859 0.409248
0.199446 0.0836278
0.199807 0.162165
0.202857 0.41053
0.203093 0.385363
0.20384 0.943164
0.204061 0.649302
0.204261 0.0123322
0.204864 0.145485
0.209829 0.590148
0.210877 0.214716
0.211725 0.454678
0.21229 0.962738
0.215036 0.115699
0.217707 0.998103
0.218455 0.570343
0.222509 0.712396
0.223241 0.00852988
0.224105 0.530186
0.226234 0.319805
0.230573 0.247643
0.234865 0.371635
0.236381 0.862245
0.238224 0.837347
0.238277 0.716844
0.239008 0.00101097
0.239663 0.0113899
0.239789 0.132931
0.240008 0.812154
0.24057 0.254809
0.243053 0.985331
0.244608 0.119527
0.24466 0.00347604
0.247447 0.845932
0.249264 0.376919
0.250441 0.165049
0.252401 0.100257
0.25394 0.971002
0.254756 0.689829
0.255157 0.429084
0.258112 0.0816291
0.260796 0.198652
0.261064 0.698118
0.263192 0.468969
0.266496 0.00256092
0.26818 0.297891
0.270057 0.852497
0.271947 0.608906
0.272305 0.629904
0.272882 0.321689
0.274526 0.95317
0.28095 0.923695
0.283348 0.237792
0.287171 0.487956
0.290902 0.189946
0.291012 0.0440679
0.293594 0.435956
0.295671 0.339802
0.296018 0.181748
0.298387 0.982796
0.298579 0.210422
0.299675 0.630752
0.301344 0.692739
0.303448 0.0579576
0.305072 0.339123
0.309747 0.925599
0.309769 0.285761
0.311753 0.624802
0.312161 0.484138
0.312324 0.234402
0.3135 0.997424
0.313716 0.620713
0.3138 0.0319947
0.315099 0.875243
0.315494 0.513499
0.316144 0.437991
0.319116 0.387734
0.319422 0.528164
0.322201 0.2401
0.327571 0.488531
0.32871 0.627392
0.330956 0.372108
0.332996 0.668761
0.335626 0.871836
0.335748 0.91538
0.338074 0.0144336
0.338673 0.0816802
0.339085 0.997514
0.339617 0.949237
0.339993 0.269883
0.340681 0.820837
0.342638 0.715826
0.343482 0.910301
0.343621 0.238474
0.344125 0.716607
0.345606 0.606989
0.347806 0.569656
0.34819 0.0247747
0.349019 0.961183
0.349545 0.798531
0.350286 0.254362
0.35272 0.163091
0.353403 0.643139
0.354137 0.983225
0.35485 0.971564
0.355525 0.310799
0.35822 0.610341
0.35954 0.78898
0.360564 0.00403403
0.361043 0.0577515
0.361781 0.448733
0.365897 0.628617
0.366067 0.48381
0.366569 0.931734
0.368097 0.610568
0.371156 0.0192013
0.372899 0.305217
0.378788 0.283485
0.379769 0.782207
0.380472 0.598162
0.381123 0.540671
0.383988 0.681059
0.384665 0.0628778
0.38481 0.495008
0.387253 0.557894
0.387519 0.0285741
0.387881 0.118601
0.388289 0.971338
0.390605 0.900607
0.391237 0.517719
0.391518 0.243374
0.391984 0.0676773
0.392277 0.998814
0.392843 0.517542
0.393035 0.73605
0.394128 0.106026
0.396672 0.868204
0.400251 0.0261001
0.400422 0.893909
0.401668 0.827686
0.404419 0.0671117
0.404817 0.759667
0.404989 0.655259
0.407482 0.557813
0.416441 0.130372
0.418468 0.194957
0.421172 0.641329
0.421765 0.599437
0.422206 0.0191717
0.426587 0.649247
0.426809 0.370568
0.428114 0.308891
0.429368 0.395986
0.43136 0.866385
0.431903 0.989928
0.439808 0.844754
0.442932 0.357821
0.44463 0.897561
0.446844 0.111117
0.448186 0.662745
0.45178 0.0748808
0.452772 0.742997
0.456516 0.656432
0.458764 0.439787
0.458872 0.268317
0.462939 0.612744
0.463612 0.931591
0.463796 0.019986
0.464305 0.574489
0.465161 0.953064
0.467067 0.99688
0.468519 0.391916
0.470648 0.187757
0.473014 0.946934
0.475632 0.951673
0.476329 0.658466
0.478258 0.0796308
0.482274 0.581338
0.483526 0.626609
0.488245 0.931451
0.491254 0.50804
0.491798 0.653395
0.496369 0.4718
0.497529 0.969125
0.49832 0.255772
0.499956 0.760608
0.50002 0.838244
0.501644 0.127815
0.502683 0.587764
0.505435 0.838664
0.505645 0.373483
0.506037 0.960186
0.508044 0.702654
0.512128 0.331123
0.514766 0.671716
0.517504 0.697458
0.519326 0.308463
0.521817 0.175625
0.522337 0.923745
0.5224 0.979788
0.523076 0.3379
0.524923 0.384536
0.530949 0.660235
0.532059 0.323113
0.533234 0.0649883
0.533399 0.839781
0.534639 0.674155
0.535663 0.891697
0.536264 0.985867
0.537551 0.625825
0.538469 0.0466836
0.541758 0.320972
0.542133 0.631366
0.543064 0.270831
0.543858 0.615863
0.546173 0.533407
0.546335 0.254558
0.546674 0.949462
0.547424 0.559786
0.548245 0.347469
0.552488 0.6726
0.552508 0.998686
0.55465 0.00414025
0.555201 0.257288
0.557706 0.358396
0.558222 0.0319542
0.559122 0.165851
0.559307 0.271269
0.559351 0.00956134
0.559931 0.767846
0.560359 0.947084
0.561077 0.0257315
0.562412 0.455574
0.562878 0.292868
0.563025 0.759004
0.563512 0.942217
0.564168 0.970816
0.564819 0.91251
0.566415 0.733165
0.568664 0.528212
0.569037 0.809437
0.569647 0.0637574
0.571374 0.0846312
0.571987 0.38119
0.572528 0.471902
0.573632 0.0251006
0.575199 0.374287
0.576881 0.643759
0.579025 0.668129
0.579335 0.882025
0.580066 0.161739
0.581397 0.542565
0.581673 0.170415
0.58246 0.405932
0.584401 0.0304574
0.585116 0.0498353
0.585204 0.521991
0.585405 0.901269
0.585456 0.766161
0.585933 0.782045
0.589494 0.62295
0.592724 0.910827
0.594619 0.759219
0.595305 0.295718
0.595306 0.311707
0.59569 0.760228
0.599853 0.734144
0.600123 0.274855
0.60182 0.794755
0.602452 0.418316
0.605898 0.33474
0.607522 0.628412
0.610272 0.849031
0.610738 0.669953
0.611055 0.000689098
0.611081 0.432149
0.6125 0.28866
0.612711 0.833426
0.617933 0.5952
0.619009 0.691418
0.619221 0.253472
0.619821 0.333037
0.620162 0.0555299
0.621188 0.29987
0.622071 0.151126
0.622396 0.60976
0.6264 0.912349
0.627421 0.0724381
0.627469 0.872504
0.628953 0.816615
0.629235 0.54911
0.629383 0.0459101
0.629416 0.595032
0.631038 0.860725
0.634001 0.660194
0.63661 0.498138
0.636701 0.0358082
0.639232 0.568572
0.639417 0.673175
0.63988 0.456836
0.64012 0.503358
0.643082 0.285586
0.645055 0.43584
0.64733 0.668719
0.648185 0.0533504
0.648557 0.296829
0.649363 0.839312
0.650061 0.579742
0.650406 0.370332
0.651886 0.242135
0.65399 0.616784
0.654059 0.777418
0.656056 0.32497
0.657364 0.315127
0.659694 0.482669
0.659775 0.838181
0.660873 0.28887
0.664123 0.915503
0.664225 0.624211
0.666663 0.601014
0.666896 0.513596
0.66766 0.364612
0.667881 0.0744437
0.67132 0.876243
0.673098 0.75534
0.67344 0.499449
0.676019 0.858443
0.685192 0.0233132
0.685372 0.0433604
0.686659 0.674623
0.688993 0.912673
0.696567 0.206175
0.697431 0.727142
0.700366 0.0571229
0.7016 0.783423
0.706521 0.492031
0.70929 0.0292194
0.709441 0.57826
0.711197 0.0827956
0.712633 0.229141
0.712911 0.889352
0.715437 0.351428
0.717865 0.164864
0.719324 0.683892
0.7213 0.88465
0.722727 0.864231
0.723072 0.678433
0.723618 0.839847
0.724234 0.205224
0.726919 0.319954
0.728628 0.0431908
0.728826 0.371628
0.730591 0.0490796
0.732193 0.971868
0.735603 0.287618
0.737668 0.987532
0.738511 0.152189
0.73917 0.233873
0.7394 0.102714
0.740062 0.227154
0.740498 0.552988
0.743704 0.430176
0.746861 0.486503
0.748058 0.61623
0.749969 0.72488
0.750657 0.289108
0.754695 0.153215
0.756855 0.46414
0.757254 0.161626
0.757883 0.745554
0.758216 0.332854
0.758834 0.717499
0.759152 0.0699682
0.759356 0.495288
0.761339 0.832772
0.762782 0.0800149
0.763082 0.118483
0.76685 0.451607
0.767142 0.358326
0.769517 0.26899
0.770128 0.537186
0.774305 0.744915
0.775362 0.516432
0.777922 0.532106
0.779163 0.400932
0.77923 0.522294
0.781916 0.667132
0.782386 0.559
0.782654 0.07037
0.784162 0.41134
0.785207 0.969267
0.786469 0.187039
0.787681 0.560221
0.787733 0.42516
0.787864 0.638254
0.787871 0.752785
0.789617 0.09706
0.792534 0.115419
0.794159 0.425174
0.796086 0.816247
0.797168 0.00448632
0.798307 0.147723
0.798912 0.310303
0.799062 0.840677
0.799649 0.698365
0.799826 0.679046
0.799884 0.647911
0.800801 0.0562007
0.801391 0.97556
0.803725 0.213845
0.805007 0.750699
0.810548 0.874467
0.811205 0.919955
0.812577 0.985424
0.812961 0.442397
0.815478 0.745082
0.815619 0.102274
0.816457 0.190983
0.817106 0.0965281
0.817144 0.73876
0.818049 0.947783
0.81983 0.889624
0.821242 0.617587
0.824407 0.809576
0.824657 0.00821984
0.824767 0.864165
0.827267 0.876593
0.82769 0.987632
0.832176 0.37774
0.83221 0.94782
0.832378 0.771676
0.833849 0.500749
0.836366 0.801891
0.837838 0.549098
0.838638 0.990605
0.839493 0.354153
0.839527 0.928906
0.839541 0.165693
0.840452 0.477789
0.841029 0.17477
0.841452 0.282968
0.843789 0.556957
0.844322 0.523041
0.845086 0.354929
0.84702 0.870151
0.847749 0.120509
0.848951 0.327498
0.849477 0.161802
0.850061 0.968227
0.850562 0.402548
0.851096 0.375864
0.852261 0.953668
0.853313 0.62561
0.854264 0.621573
0.854978 0.6182
0.856002 0.83298
0.856594 0.781767
0.857108 0.412624
0.858831 0.367037
0.859246 0.341396
0.85971 0.146626
0.860915 0.402444
0.862155 0.244026
0.862637 0.335459
0.863144 0.855362
0.864732 0.556593
0.86605 0.703403
0.869185 0.3947
0.86978 0.388324
0.87026 0.459901
0.870617 0.465865
0.871989 0.521628
0.874832 0.305064
0.875738 0.520943
0.876398 0.625927
0.877963 0.92248
0.879795 0.715988
0.8802 0.523473
0.880746 0.703515
0.881123 0.0290839
0.884812 0.0429956
0.884819 0.156016
0.886283 0.756322
0.889341 0.150077
0.889932 0.0876801
0.89042 0.280777
0.890484 0.35695
0.892418 0.876978
0.893279 0.337369
0.895214 0.867172
0.896476 0.075811
0.897957 0.964409
0.898168 0.50995
0.899413 0.437645
0.900181 0.347578
0.900487 0.492946
0.900528 0.179648
0.903394 0.348524
0.905131 0.53887
0.905706 0.200813
0.905724 0.495334
0.907011 0.133156
0.907573 0.578785
0.907858 0.362215
0.909154 0.155523
0.911677 0.552491
0.91318 0.813468
0.913754 0.470675
0.914337 0.261424
0.91499 0.238024
0.918047 0.609201
0.919412 0.555599
0.9195 0.0423665
0.921324 0.690131
0.922033 0.6142
0.924396 0.326817
0.925665 0.645839
0.925952 0.468229
0.926818 0.023773
0.930253 0.755675
0.930931 0.154234
0.931977 0.741259
0.935392 0.128957
0.935977 0.957406
0.940351 0.483405
0.943554 0.306724
0.945383 0.059104
0.946997 0.181661
0.947141 0.5932
0.949417 0.849322
0.949648 0.73344
0.950341 0.374773
0.95198 0.92533
0.953417 0.0867484
0.954714 0.87468
0.955238 0.677866
0.955241 0.742606
0.955871 0.319482
0.956752 0.125697
0.95692 0.954953
0.963466 0.981276
0.965126 0.869651
0.967033 0.919846
0.971003 0.648003
0.971034 0.167783
0.971139 0.937036
0.972525 0.223756
0.974148 0.507997
0.976116 0.578446
0.976253 0.887193
0.976726 0.839888
0.977379 0.806103
0.97812 0.260689
0.979591 0.983806
0.980997 0.623386
0.98467 0.345194
0.985581 0.66042
0.98589 0.851408
0.988092 0.868945
0.989059 0.114109
0.989826 0.00315289
0.990578 0.635977
0.991337 0.404957
0.991386 0.226154
0.994151 0.703307
0.9957 0.724591
0.996909 0.0527323
0.997545 0.73852
0.998851 0.686806
0.99939 0.749671
