3.3787e-05 0.567866
0.000121126 0.0357717
0.0026647 0.785592
0.00393796 0.185241
0.00480934 0.830515
0.00516081 0.737663
0.0053271 0.532592
0.00612101 0.875746
0.0066701 0.104436
0.00670088 0.621696
0.00704453 0.397463
0.00731752 0.985648
0.00929432 0.209697
0.00929569 0.232636
0.00937589 0.580509
0.0111665 0.674715
0.0113187 0.233883
0.0122594 0.0436339
0.0128246 0.543023
0.0141897 0.486008
0.0142102 0.83029
0.0156083 0.32952
0.0161957 0.201639
0.0171861 0.846777
0.0174924 0.994681
0.0177204 0.826049
0.0189795 0.989209
0.0193519 0.247901
0.0212957 0.916849
0.0226783 0.153989
0.0248593 0.811083
0.0249987 0.15267
0.0251898 0.364338
0.0256037 0.322137
0.0256191 0.580939
0.0263433 0.751076
0.0266107 0.246574
0.0284532 0.212935
0.0297437 0.903114
0.0298865 0.302554
0.0301614 0.923477
0.0301811 0.254447
0.0306333 0.853656
0.0313105 0.235568
0.0319331 0.698829
0.0321912 0.0382922
0.0327527 0.474812
0.0327992 0.255469
0.0336924 0.268464
0.0340286 0.919157
0.0346447 0.27378
0.0354308 0.485592
0.0361618 0.770949
0.0365064 0.563112
0.036706 0.917126
0.0374664 0.697555
0.0375157 0.526837
0.0377217 0.989458
0.0377754 0.891032
0.0384666 0.508291
0.0385417 0.770818
0.0398258 0.352219
0.0400856 0.719403
0.0403264 0.765918
0.0405131 0.904143
0.0409 0.406385
0.0409453 0.168102
0.0413089 0.278422
0.0416662 0.284425
0.0417091 0.00511621
0.0418167 0.813978
0.0424037 0.678772
0.0424388 0.269741
0.0430645 0.784523
0.0437244 0.876171
0.04392 0.16298
0.044435 0.818647
0.0450756 0.58561
0.045234 0.247202
0.0456085 0.541638
0.0464409 0.532173
0.0482623 0.145274
0.0483034 0.836084
0.0490268 0.99377
0.0493988 0.245341
0.0496038 0.691761
0.0501067 0.143973
0.0507384 0.760741
0.0518689 0.760669
0.0520665 0.0813344
0.0525329 0.920398
0.0528714 0.609902
0.0533146 0.0585867
0.0540216 0.941809
0.0540482 0.387709
0.0541328 0.810418
0.0544413 0.995669
0.0548068 0.137639
0.0551366 0.681252
0.0559799 0.854736
0.0575164 0.678781
0.0581425 0.201209
0.0588707 0.440477
0.0590113 0.802225
0.0597473 0.172529
0.0628055 0.57156
0.0651952 0.735563
0.0653873 0.96434
0.0654146 0.423927
0.0661265 0.388615
0.066862 0.749668
0.0670826 0.457614
0.0673636 0.179279
0.0681776 0.861329
0.0692726 0.264168
0.0697378 0.0838457
0.0701579 0.143176
0.0704285 0.692316
0.0711235 0.373477
0.0723012 0.166044
0.0741364 0.0112524
0.0751137 0.436469
0.0758729 0.195235
0.0764973 0.690232
0.0771935 0.391899
0.0776235 0.618901
0.0776801 0.569633
0.0777096 0.0651359
0.0782317 0.839787
0.0786819 0.405953
0.0787882 0.192792
0.0789727 0.293576
0.0801895 0.745749
0.0824963 0.51561
0.0827842 0.353997
0.0830005 0.989948
0.0835743 0.633639
0.0837067 0.858903
0.0842756 0.42041
0.084811 0.418778
0.0852096 0.11707
0.0853993 0.305384
0.0855444 0.745114
0.0857834 0.761567
0.0864485 0.939203
0.0900192 0.952249
0.0900693 0.794358
0.090856 0.0168528
0.0915222 0.214039
0.0924189 0.284989
0.092514 0.882171
0.0929738 0.60985
0.0936333 0.694892
0.0940476 0.657395
0.0941848 0.964381
0.0943205 0.245126
0.0951099 0.511973
0.0954006 0.39821
0.0954904 0.906742
0.095577 0.361868
0.0957661 0.541722
0.0976585 0.34656
0.0981383 0.410186
0.098521 0.843086
0.0994207 0.964367
0.101088 0.987692
0.101542 0.614097
0.103169 0.966272
0.105495 0.0528188
0.106583 0.337542
0.108019 0.481695
0.108694 0.819365
0.108739 0.579885
0.108894 0.174154
0.109667 0.174724
0.111319 0.938996
0.112314 0.660542
0.112533 0.339734
0.113287 0.0193211
0.113432 0.448016
0.114995 0.72642
0.115856 0.184542
0.115977 0.218787
0.118578 0.943272
0.118714 0.228368
0.118832 0.210968
0.119451 0.605059
0.120027 0.293337
0.121102 0.357623
0.122107 0.255599
0.122194 0.714701
0.123183 0.334755
0.123342 0.00974542
0.12375 0.859564
0.123768 0.1684
0.12476 0.835914
0.124897 0.137993
0.125331 0.441537
0.125564 0.349541
0.126265 0.141625
0.12658 0.431969
0.127304 0.602302
0.129587 0.972846
0.129765 0.95474
0.130173 0.814881
0.13059 0.831198
0.131458 0.417836
0.131616 0.0780504
0.132109 0.348527
0.132839 0.631489
0.133385 0.805677
0.133831 0.294002
0.133975 0.724762
0.13443 0.370491
0.134811 0.776609
0.134891 0.106333
0.136414 0.717273
0.136604 0.895695
0.136623 0.215151
0.137773 0.546714
0.137792 0.873222
0.138222 0.100248
0.138771 0.328093
0.13888 0.149258
0.138968 0.641066
0.139193 0.410449
0.139382 0.591516
0.139491 0.420929
0.141223 0.543225
0.142059 0.589766
0.143005 0.489136
0.143038 0.0318248
0.14484 0.321439
0.145407 0.861885
0.145757 0.732311
0.14639 0.368872
0.146582 0.606179
0.147431 0.871482
0.14803 0.946633
0.148186 0.56003
0.148356 0.421813
0.148424 0.555251
0.148818 0.192239
0.148933 0.119655
0.149435 0.562061
0.149829 0.175092
0.149838 0.329828
0.150075 0.3074
0.15053 0.958584
0.150763 0.873506
0.151031 0.373167
0.152162 0.388435
0.15287 0.291458
0.153125 0.574799
0.153363 0.565605
0.153518 0.172365
0.155608 0.306111
0.15789 0.653677
0.158248 0.670668
0.159975 0.693036
0.160282 0.866642
0.161992 0.601
0.162038 0.367687
0.163232 0.433277
0.164251 0.569558
0.164823 0.17195
0.165974 0.51796
0.166046 0.733489
0.167355 0.731441
0.168197 0.888646
0.168418 0.593407
0.168815 0.277424
0.169488 0.57791
0.170044 0.937614
0.170352 0.109052
0.171442 0.420025
0.172197 0.112298
0.172752 0.449955
0.172829 0.737056
0.172903 0.977802
0.173249 0.799086
0.173462 0.369953
0.17351 0.19018
0.173934 0.309876
0.17398 0.08478
0.175818 0.980766
0.176578 0.752344
0.178329 0.167745
0.178506 0.145498
0.179533 0.41374
0.180635 0.929083
0.182847 0.11531
0.183138 0.995552
0.183451 0.258566
0.18394 0.479627
0.183976 0.0869921
0.184234 0.412595
0.18473 0.755176
0.185334 0.90719
0.185471 0.213793
0.185774 0.308032
0.185921 0.772892
0.186102 0.820073
0.186357 0.107977
0.187341 0.637292
0.187407 0.741835
0.187733 0.235524
0.187741 0.37002
0.187872 0.559533
0.188546 0.896436
0.189166 0.318178
0.190295 0.282253
0.190341 0.0678484
0.190435 0.63756
0.191037 0.765257
0.191522 0.905096
0.192135 0.214976
0.193613 0.0455489
0.194534 0.527313
0.195583 0.161743
0.195604 0.516692
0.196433 0.446353
0.196642 0.967374
0.197198 0.312889
0.197354 0.928101
0.197383 0.416506
0.197974 0.354203
0.198061 0.80662
0.198937 0.541294
0.198973 0.135535
0.199938 0.359019
0.20122 0.898213
0.202054 0.923059
0.202517 0.701859
0.20256 0.429508
0.202799 0.442502
0.20322 0.518996
0.203272 0.398069
0.203942 0.645924
0.204765 0.481035
0.204783 0.79452
0.205066 0.53694
0.205097 0.0608685
0.206456 0.910134
0.207464 0.845512
0.208055 0.780665
0.208085 0.285216
0.208168 0.675688
0.208175 0.796887
0.209846 0.879778
0.211328 0.792638
0.212289 0.933765
0.212991 0.74565
0.213555 0.223407
0.21361 0.144359
0.213747 0.449303
0.214767 0.592425
0.214838 0.789593
0.214891 0.680743
0.215606 0.691747
0.216395 0.946016
0.216421 0.391501
0.216663 0.460297
0.217894 0.150408
0.220173 0.446539
0.220207 0.01424
0.222179 0.159877
0.222868 0.747419
0.222947 0.0703257
0.223002 0.000904457
0.225414 0.5246
0.225868 0.165844
0.226374 0.671613
0.226854 0.737782
0.227643 0.996653
0.229016 0.0711301
0.231176 0.375145
0.233829 0.967879
0.234248 0.000662687
0.23546 0.375418
0.235463 0.426477
0.235872 0.295118
0.235935 0.366908
0.236497 0.801212
0.236643 0.262778
0.23872 0.168032
0.239448 0.407002
0.239452 0.46732
0.239456 0.535613
0.239752 0.518897
0.240044 0.413845
0.240642 0.463263
0.241545 0.640785
0.241546 0.66399
0.242676 0.654143
0.243271 0.647461
0.243426 0.267425
0.243478 0.135095
0.243556 0.452797
0.244149 0.40412
0.244258 0.246838
0.244893 0.914767
0.244952 0.902157
0.244956 0.979176
0.245674 0.0478917
0.246251 0.747542
0.246612 0.815506
0.247651 0.268356
0.247848 0.576155
0.248996 0.877892
0.250128 0.907427
0.250436 0.0795689
0.250524 0.558698
0.251324 0.00322639
0.251999 0.348699
0.253558 0.543197
0.254338 0.666054
0.254592 0.929398
0.254649 0.88265
0.255819 0.542826
0.25602 0.933593
0.256864 0.116735
0.257434 0.695678
0.257621 0.83741
0.258454 0.838534
0.258641 0.984242
0.258667 0.408572
0.258806 0.756122
0.259077 0.298743
0.260167 0.62349
0.260728 0.0480507
0.260923 0.328669
0.261405 0.437359
0.261576 0.301419
0.261652 0.577743
0.262142 0.820436
0.262897 0.511019
0.264332 0.620126
0.265546 0.0276186
0.266665 0.841913
0.266784 0.834538
0.266943 0.504175
0.267532 0.412711
0.267975 0.852035
0.268314 0.551964
0.269253 0.336185
0.269503 0.535385
0.270079 0.20952
0.272092 0.0457714
0.273462 0.0737672
0.273865 0.853743
0.275532 0.86572
0.275681 0.367982
0.276271 0.293877
0.276455 0.385746
0.276761 0.52638
0.277372 0.787055
0.27794 0.343114
0.278224 0.118906
0.278699 0.100527
0.279755 0.849746
0.279783 0.316112
0.282084 0.989857
0.282932 0.244008
0.283198 0.715494
0.283228 0.220772
0.283248 0.557244
0.283504 0.858976
0.283546 0.55521
0.284312 0.424477
0.284489 0.406277
0.285786 0.21267
0.285904 0.195316
0.286374 0.0806653
0.287371 0.847143
0.28745 0.165182
0.287536 0.620378
0.287974 0.973917
0.288296 0.385452
0.29028 0.738128
0.290332 0.617013
0.290513 0.645552
0.290599 0.0899084
0.290637 0.728016
0.290956 0.0953241
0.29129 0.704092
0.291594 0.822655
0.291733 0.155875
0.291984 0.376918
0.292032 0.181116
0.293756 0.158977
0.296088 0.35269
0.296376 0.192314
0.297658 0.741775
0.297851 0.978981
0.297862 0.169271
0.2991 0.975079
0.299315 0.583872
0.299574 0.933808
0.300017 0.378133
0.301244 0.00150011
0.301305 0.0346591
0.301538 0.949464
0.302198 0.0463632
0.302262 0.116564
0.304136 0.612997
0.305979 0.585079
0.306637 0.645805
0.30669 0.543544
0.307268 0.249517
0.307741 0.197
0.308329 0.0787301
0.309329 0.892143
0.309351 0.258558
0.31007 0.354493
0.311877 0.713371
0.312193 0.030653
0.312367 0.948417
0.313358 0.609161
0.313535 0.590241
0.31431 0.611574
0.314381 0.807185
0.315312 0.446454
0.316238 0.00610575
0.316807 0.567534
0.317159 0.496463
0.318101 0.328707
0.318464 0.417434
0.319718 0.507652
0.320541 0.338177
0.322523 0.642916
0.322919 0.297365
0.323173 0.562736
0.324563 0.923259
0.325074 0.512636
0.326912 0.411573
0.327259 0.237428
0.32782 0.675622
0.327956 0.948697
0.328977 0.12264
0.329237 0.490442
0.330847 0.553025
0.331026 0.551644
0.331048 0.918388
0.332501 0.339696
0.335214 0.934128
0.337032 0.496742
0.337335 0.586848
0.339097 0.19808
0.340199 0.721116
0.34101 0.353885
0.341226 0.990642
0.341566 0.699994
0.341629 0.765155
0.341634 0.837557
0.341703 0.00694145
0.341801 0.650463
0.343188 0.962392
0.343286 0.608473
0.343874 0.485187
0.344069 0.761328
0.34584 0.524526
0.346026 0.658517
0.347019 0.349196
0.348077 0.133399
0.348154 0.429916
0.348986 0.413564
0.349699 0.393058
0.349778 0.722164
0.349915 0.0169961
0.349986 0.216919
0.350007 0.569646
0.350506 0.95895
0.351904 0.44799
0.352172 0.955102
0.353174 0.790687
0.35345 0.442117
0.353759 0.624277
0.354701 0.46542
0.354918 0.108681
0.355359 0.517584
0.355594 0.471191
0.35627 0.822291
0.356507 0.819163
0.358448 0.436622
0.358747 0.457323
0.358781 0.0379775
0.359724 0.873125
0.362523 0.923668
0.363554 0.24729
0.364124 0.839147
0.364164 0.498425
0.364565 0.235692
0.365916 0.952011
0.366745 0.878276
0.367459 0.891126
0.369022 0.156359
0.369574 0.434942
0.370435 0.902299
0.372621 0.646766
0.373816 0.733057
0.374862 0.307842
0.37721 0.76089
0.380967 0.912662
0.381872 0.12728
0.382122 0.327505
0.383585 0.908026
0.383705 0.92582
0.383986 0.654105
0.385398 0.377725
0.385506 0.197606
0.385817 0.425167
0.386137 0.799519
0.387962 0.472649
0.388197 0.427376
0.38969 0.519537
0.389806 0.46158
0.390254 0.999485
0.390391 0.293316
0.390472 0.65627
0.390527 0.592985
0.390639 0.476542
0.390966 0.970692
0.391579 0.272072
0.39185 0.821666
0.392145 0.778364
0.392509 0.906184
0.392996 0.0770935
0.393045 0.90751
0.394834 0.980538
0.395363 0.864844
0.395527 0.616807
0.395869 0.36724
0.396731 0.861918
0.397387 0.878449
0.397786 0.59662
0.397814 0.0594554
0.398303 0.27348
0.400472 0.740323
0.402703 0.226268
0.403726 0.428557
0.40445 0.584521
0.404864 0.549872
0.405223 0.590632
0.406173 0.549726
0.406468 0.50273
0.40652 0.384041
0.407165 0.221598
0.409719 0.139599
0.41032 0.245954
0.411046 0.443429
0.411315 0.978309
0.411419 0.720592
0.412087 0.948411
0.414958 0.203119
0.415539 0.970882
0.415851 0.201315
0.416363 0.817686
0.416562 0.161447
0.416656 0.742257
0.417268 0.0217388
0.418279 0.0164961
0.418438 0.695681
0.419213 0.71487
0.419916 0.524666
0.419926 0.691313
0.420459 0.662617
0.421727 0.963067
0.422182 0.604781
0.422456 0.215045
0.423074 0.597694
0.424504 0.638688
0.426124 0.86172
0.426125 0.874758
0.426443 0.230382
0.426478 0.819074
0.427131 0.791683
0.427779 0.675407
0.428021 0.75228
0.428375 0.698012
0.42899 0.0384227
0.429103 0.928827
0.429198 0.53519
0.429448 0.728277
0.431138 0.134467
0.431627 0.350065
0.432483 0.745717
0.433031 0.957158
0.434463 0.0181561
0.435468 0.91103
0.43651 0.424597
0.437047 0.448049
0.437577 0.356938
0.437785 0.846411
0.438147 0.929386
0.438244 0.570278
0.438716 0.504706
0.439539 0.331631
0.439875 0.979961
0.440012 0.285226
0.44053 0.993368
0.442059 0.691361
0.443 0.495141
0.44367 0.768369
0.443783 0.664784
0.443811 0.126266
0.443883 0.343431
0.444092 0.85063
0.444257 0.628913
0.444561 0.743899
0.445225 0.898808
0.446624 0.412093
0.447144 0.143739
0.447881 0.540692
0.448173 0.445352
0.449235 0.286164
0.449663 0.478057
0.450383 0.586554
0.451556 0.302806
0.451671 0.232342
0.452309 0.954953
0.452692 0.386992
0.45271 0.699429
0.453239 0.580941
0.453582 0.347528
0.454103 0.112803
0.456815 0.684804
0.457178 0.782876
0.457204 0.227109
0.458784 0.776306
0.461347 0.855076
0.467089 0.363374
0.467375 0.168279
0.467542 0.974494
0.469157 0.113705
0.473296 0.686293
0.474839 0.621183
0.47498 0.991907
0.475505 0.819895
0.475919 0.775925
0.476961 0.291614
0.478302 0.827769
0.478528 0.615959
0.478996 0.48571
0.479625 0.0530846
0.480453 0.977542
0.480951 0.341543
0.483196 0.0693156
0.483692 0.404047
0.484119 0.59493
0.484181 0.632175
0.484328 0.101958
0.485543 0.524665
0.485853 0.729388
0.486117 0.174429
0.486748 0.777109
0.487837 0.0720692
0.488604 0.967406
0.488787 0.047528
0.490266 0.898481
0.491147 0.710237
0.491698 0.963189
0.49312 0.869851
0.493234 0.777466
0.495105 0.223114
0.495316 0.783086
0.495412 0.397071
0.495587 0.322639
0.496847 0.50394
0.498226 0.684918
0.500184 0.595051
0.500227 0.312134
0.501503 0.767672
0.50163 0.891545
0.502081 0.478177
0.502406 0.934189
0.502796 0.493618
0.504583 0.521127
0.504646 0.576998
0.505746 0.0779876
0.507404 0.931871
0.508758 0.692323
0.509912 0.0913956
0.511452 0.980822
0.512013 0.40989
0.512562 0.626935
0.515701 0.392348
0.515739 0.0332728
0.516008 0.549385
0.517085 0.645258
0.517801 0.675655
0.519714 0.826498
0.523333 0.665859
0.523821 0.852539
0.524179 0.876527
0.527031 0.805885
0.527815 0.993607
0.527997 0.0461882
0.52802 0.437358
0.528685 0.609344
0.528806 0.640584
0.529595 0.903094
0.530822 0.532715
0.532089 0.823648
0.534177 0.916438
0.534706 0.806435
0.535519 0.470438
0.537182 0.422746
0.539555 0.30774
0.539745 0.492313
0.540062 0.828605
0.54049 0.0134784
0.541245 0.712326
0.541267 0.076847
0.541511 0.182834
0.542046 0.170668
0.542093 0.951583
0.542467 0.237136
0.542967 0.641123
0.543219 0.877849
0.543717 0.251704
0.544485 0.152551
0.544632 0.634871
0.54493 0.630725
0.545406 0.641006
0.545706 0.685829
0.545894 0.835089
0.548677 0.617618
0.549218 0.704691
0.549509 0.596923
0.54974 0.480437
0.549755 0.739749
0.550174 0.782017
0.550272 0.428435
0.550904 0.042964
0.552699 0.212577
0.553512 0.871908
0.55363 0.851525
0.554119 0.0827054
0.554151 0.612856
0.555216 0.517288
0.555579 0.61255
0.555648 0.779744
0.555945 0.765454
0.556706 0.557701
0.557535 0.486713
0.55897 0.614713
0.559377 0.444895
0.56096 0.0572978
0.561267 0.208778
0.561535 0.726722
0.56205 0.373749
0.562217 0.179166
0.562447 0.0504402
0.563002 0.377711
0.564995 0.872787
0.565364 0.0643143
0.565577 0.654027
0.566327 0.251688
0.566826 0.645046
0.56742 0.628151
0.567794 0.912397
0.568679 0.782624
0.569379 0.55652
0.570868 0.582142
0.57121 0.319465
0.572073 0.829499
0.572985 0.159439
0.573593 0.37012
0.573909 0.688075
0.574261 0.597845
0.574753 0.871209
0.575011 0.209835
0.576526 0.665485
0.576599 0.899821
0.57771 0.570759
0.577779 0.728553
0.578555 0.773412
0.578839 0.54515
0.579724 0.415713
0.579835 0.289768
0.579848 0.503608
0.580781 0.189492
0.581047 0.651234
0.581203 0.270524
0.58143 0.0922266
0.582026 0.103499
0.582109 0.511964
0.582913 0.0109715
0.585142 0.475629
0.585837 0.154348
0.585976 0.501265
0.58719 0.909564
0.587399 0.414455
0.588896 0.573493
0.589078 0.634159
0.590305 0.249504
0.590638 0.859555
0.590834 0.143962
0.590955 0.181799
0.592283 0.508255
0.593175 0.485946
0.593855 0.923464
0.594613 0.655848
0.595218 0.824877
0.595625 0.66787
0.595921 0.649871
0.596693 0.61469
0.598828 0.501919
0.599858 0.808479
0.600098 0.849594
0.600752 0.841369
0.601398 0.700832
0.602249 0.995124
0.60364 0.371448
0.603813 0.281316
0.604646 0.286807
0.604867 0.99761
0.605164 0.986623
0.605535 0.227589
0.605692 0.865498
0.605886 0.118896
0.606115 0.980661
0.607376 0.170995
0.607803 0.343705
0.608363 0.757536
0.609346 0.275136
0.609427 0.646566
0.609832 0.438853
0.610553 0.566234
0.611184 0.177242
0.612334 0.492345
0.613118 0.679496
0.613264 0.134792
0.613272 0.26838
0.614049 0.31871
0.614964 0.702816
0.615656 0.334953
0.616339 0.805225
0.616362 0.203752
0.616533 0.0621455
0.616854 0.471074
0.616989 0.739728
0.618165 0.494861
0.618546 0.902709
0.619174 0.451661
0.619346 0.346595
0.620234 0.278228
0.620691 0.949455
0.620822 0.148986
0.620954 0.370289
0.621742 0.623064
0.623019 0.0880399
0.624157 0.1985
0.624302 0.647887
0.624483 0.677342
0.624837 0.637012
0.625739 0.799296
0.626078 0.495006
0.627801 0.450186
0.629283 0.351501
0.630284 0.17508
0.63204 0.69062
0.635379 0.819743
0.635901 0.582334
0.636178 0.249668
0.636922 0.751166
0.637693 0.705294
0.637723 0.215471
0.637812 0.706614
0.638095 0.463747
0.63867 0.127098
0.638824 0.712109
0.638907 0.115228
0.639183 0.753831
0.639477 0.686854
0.640254 0.752054
0.641154 0.880888
0.641204 0.713222
0.641271 0.843694
0.641347 0.126366
0.642173 0.999278
0.642308 0.264644
0.642828 0.00637803
0.642892 0.0932416
0.643333 0.490248
0.643941 0.721943
0.645103 0.248977
0.64512 0.535954
0.645463 0.300678
0.647123 0.191486
0.647368 0.315513
0.647436 0.461121
0.650559 0.94023
0.650882 0.381365
0.651375 0.662986
0.652716 0.191292
0.653337 0.631089
0.655105 0.346162
0.655382 0.00641244
0.656073 0.614976
0.656768 0.304222
0.656851 0.687103
0.657707 0.0855325
0.657751 0.82856
0.658936 0.732888
0.659729 0.0571092
0.660289 0.483775
0.660644 0.451671
0.660926 0.175856
0.661746 0.970231
0.662226 0.0301545
0.662606 0.416472
0.663471 0.958586
0.6649 0.980398
0.665191 0.856773
0.665405 0.458852
0.66674 0.891895
0.666846 0.672058
0.667112 0.155965
0.667406 0.0872347
0.667489 0.485353
0.667731 0.551872
0.667917 0.677841
0.668168 0.905301
0.668406 0.893885
0.668979 0.52165
0.669032 0.412142
0.669146 0.343213
0.673346 0.9217
0.674136 0.206884
0.674678 0.315885
0.675066 0.83835
0.675978 0.162013
0.676636 0.226699
0.676653 0.501272
0.677459 0.0476214
0.678119 0.148724
0.679046 0.724255
0.679605 0.117698
0.680664 0.923737
0.683251 0.3968
0.683377 0.515993
0.68441 0.874066
0.684745 0.512347
0.685899 0.897395
0.686759 0.353614
0.687459 0.117766
0.68888 0.00784466
0.689273 0.603697
0.690519 0.548369
0.690667 0.037107
0.691203 0.0511434
0.691369 0.839452
0.69163 0.221232
0.692286 0.249119
0.692921 0.920561
0.693257 0.577078
0.693259 0.610386
0.695239 0.890159
0.695442 0.298903
0.695591 0.805337
0.695965 0.0904827
0.69606 0.684785
0.696366 0.815494
0.698188 0.451582
0.698445 0.762565
0.698884 0.151785
0.698896 0.339649
0.699654 0.0870041
0.70009 0.40779
0.700216 0.529699
0.700279 0.583958
0.700402 0.653899
0.700827 0.795962
0.700946 0.804013
0.701371 0.936347
0.701624 0.200686
0.702004 0.581501
0.703003 0.370182
0.703326 0.80349
0.704895 0.167617
0.706166 0.526749
0.706224 0.501782
0.707068 0.688422
0.707332 0.13243
0.707701 0.325452
0.708958 0.454457
0.709881 0.976856
0.71002 0.303173
0.710205 0.411901
0.710734 0.309286
0.710826 0.846087
0.71099 0.605485
0.712009 0.728532
0.712619 0.98909
0.712712 0.544229
0.713102 0.111852
0.713973 0.739312
0.714096 0.81827
0.716111 0.685005
0.716667 0.020251
0.717479 0.664156
0.717715 0.628244
0.71833 0.974085
0.719259 0.58734
0.719546 0.40224
0.719871 0.865765
0.720478 0.0660212
0.72077 0.980136
0.721177 0.82727
0.721802 0.328692
0.72261 0.90605
0.722667 0.85848
0.722693 0.300536
0.723646 0.311777
0.724378 0.618054
0.724592 0.218497
0.725562 0.516911
0.725729 0.318908
0.727307 0.853579
0.727842 0.847729
0.72812 0.507948
0.729525 0.120175
0.730038 0.75655
0.730996 0.84794
0.732039 0.382146
0.732218 0.386306
0.732223 0.470009
0.733085 0.963286
0.733368 0.710785
0.733673 0.848883
0.73383 0.477103
0.734525 0.166717
0.73527 0.689228
0.735466 0.977657
0.736272 0.525212
0.73679 0.224089
0.737191 0.969292
0.73763 0.344174
0.737756 0.457614
0.73832 0.947126
0.738331 0.127633
0.738499 0.952193
0.738883 0.41416
0.739892 0.371938
0.740001 0.197893
0.740296 0.154935
0.741324 0.437969
0.741542 0.104482
0.741617 0.353445
0.742043 0.50994
0.742226 0.585601
0.742266 0.271567
0.74249 0.0223154
0.742496 0.135086
0.742738 0.204477
0.744003 0.454595
0.745555 0.544329
0.747004 0.897447
0.747255 0.10891
0.748068 0.783643
0.748904 0.834989
0.748968 0.913494
0.749793 0.774362
0.750126 0.364487
0.751384 0.511494
0.754093 0.041029
0.754623 0.946568
0.754936 0.216352
0.755526 0.120364
0.755774 0.288618
0.756244 0.191921
0.757663 0.0340625
0.757887 0.806599
0.758836 0.748702
0.759938 0.285051
0.760334 0.933528
0.7605 0.720984
0.761018 0.42501
0.762048 0.74579
0.762249 0.110651
0.763742 0.208143
0.763939 0.527877
0.764732 0.854102
0.765116 0.300229
0.765955 0.411392
0.766186 0.296002
0.766888 0.0812621
0.76927 0.11725
0.769418 0.604039
0.770002 0.423824
0.770335 0.0228791
0.772671 0.28793
0.773627 0.342467
0.773847 0.054631
0.774343 0.383422
0.774375 0.916413
0.774566 0.12499
0.775702 0.223585
0.776219 0.914197
0.77652 0.963394
0.777286 0.847093
0.777371 0.275703
0.778478 0.875586
0.781659 0.348416
0.781919 0.717143
0.78264 0.822415
0.782997 0.828081
0.784012 0.88635
0.784576 0.365241
0.785973 0.844552
0.787198 0.440739
0.78726 0.478664
0.787606 0.302085
0.790847 0.768106
0.791217 0.990038
0.791328 0.850937
0.791933 0.0239885
0.79211 0.985174
0.792125 0.245236
0.792402 0.905283
0.792482 0.247701
0.793044 0.683923
0.793326 0.430874
0.793674 0.280123
0.794033 0.316883
0.794933 0.434149
0.795124 0.657228
0.796236 0.332072
0.796471 0.291065
0.797241 0.221995
0.798114 0.90176
0.799013 0.0138057
0.799531 0.711344
0.800793 0.933084
0.800941 0.422104
0.802078 0.525184
0.802297 0.199218
0.802536 0.230158
0.802832 0.198275
0.802846 0.434561
0.803646 0.871764
0.804222 0.560754
0.804354 0.78403
0.805092 0.174503
0.806048 0.249779
0.806076 0.72556
0.806223 0.183455
0.806466 0.272498
0.807679 0.653756
0.807712 0.219086
0.807733 0.569833
0.808863 0.552042
0.810177 0.648176
0.810181 0.709417
0.811189 0.648419
0.811444 0.944439
0.811502 0.914486
0.8118 0.922908
0.813124 0.183583
0.813503 0.546774
0.814747 0.455577
0.815023 0.0927942
0.817888 0.248663
0.818868 0.705961
0.81906 0.934158
0.819449 0.487779
0.821143 0.949412
0.823653 0.137722
0.823951 0.148046
0.824261 0.351384
0.824414 0.925837
0.824417 0.967982
0.825753 0.428034
0.826422 0.667741
0.827722 0.524591
0.827839 0.487765
0.827982 0.898013
0.828195 0.47252
0.829825 0.865477
0.830172 0.708644
0.831159 0.282734
0.832964 0.629888
0.833815 0.927968
0.834323 0.471687
0.834337 0.700311
0.83505 0.676988
0.835152 0.401568
0.835652 0.810947
0.835941 0.666951
0.836407 0.485932
0.837468 0.320169
0.838894 0.293003
0.839774 0.0838237
0.84091 0.171837
0.841091 0.213
0.842205 0.939091
0.842222 0.22286
0.843428 0.489329
0.845096 0.52916
0.845239 0.935792
0.845394 0.544806
0.845568 0.454665
0.846113 0.614648
0.846957 0.802204
0.848662 0.456021
0.849052 0.0101515
0.849609 0.37902
0.850484 0.0787414
0.850798 0.366659
0.851264 0.199368
0.852461 0.310241
0.853364 0.493178
0.853886 0.260841
0.854419 0.213816
0.854463 0.967252
0.855437 0.325045
0.856545 0.951139
0.857785 0.788174
0.858727 0.618774
0.859106 0.994338
0.859206 0.679833
0.859361 0.278618
0.859439 0.586201
0.860407 0.860572
0.860441 0.434902
0.860779 0.117027
0.862061 0.662058
0.862361 0.701325
0.862523 0.428806
0.863228 0.280841
0.863372 0.688162
0.863626 0.964912
0.864785 0.433468
0.867309 0.867056
0.867933 0.352763
0.868191 0.679767
0.868871 0.114342
0.869456 0.949232
0.869531 0.205943
0.870001 0.114513
0.870396 0.745788
0.870694 0.755603
0.870761 0.883227
0.871508 0.431464
0.871906 0.124293
0.872021 0.0644498
0.872249 0.882098
0.872256 0.011507
0.872647 0.586244
0.873148 0.9929
0.873342 0.259313
0.873442 0.937529
0.874311 0.543295
0.874355 0.287591
0.874513 0.934242
0.875413 0.0627232
0.876144 0.360368
0.876636 0.618792
0.877081 0.105896
0.877179 0.752407
0.878807 0.101115
0.879297 0.351618
0.880031 0.676044
0.880776 0.209936
0.881787 0.193423
0.882597 0.80146
0.883667 0.793359
0.88544 0.587314
0.886852 0.325968
0.887022 0.175838
0.887031 0.3254
0.887064 0.891779
0.887958 0.914158
0.888635 0.281537
0.888958 0.714806
0.889142 0.804406
0.889249 0.611272
0.890707 0.115955
0.891556 0.386252
0.891639 0.782906
0.892159 0.522237
0.893302 0.73397
0.893411 0.556646
0.893889 0.591322
0.894309 0.643256
0.894812 0.112194
0.895393 0.862136
0.895824 0.113486
0.896147 0.545409
0.897103 0.613062
0.897709 0.800436
0.897953 0.902158
0.898185 0.79184
0.898225 0.469752
0.898244 0.788544
0.899853 0.835004
0.90065 0.224537
0.901985 0.657877
0.902322 0.319215
0.903117 0.686646
0.90334 0.43298
0.904272 0.0945699
0.904691 0.138537
0.904985 0.0830728
0.905242 0.40531
0.905982 0.845035
0.908073 0.985949
0.908102 0.471646
0.909774 0.569556
0.91009 0.890149
0.911819 0.938063
0.911984 0.718106
0.912169 0.831945
0.912484 0.115691
0.912552 0.262403
0.913344 0.577843
0.913835 0.827157
0.91438 0.991703
0.914974 0.969361
0.916001 0.226615
0.917039 0.672468
0.917129 0.192748
0.917995 0.735692
0.918224 0.591861
0.918474 0.787805
0.918599 0.89536
0.918785 0.0210399
0.91941 0.527283
0.91966 0.721943
0.920583 0.236812
0.921845 0.442947
0.923072 0.0681456
0.923128 0.0161068
0.92324 0.897096
0.924127 0.810564
0.924671 0.950785
0.924989 0.283086
0.926124 0.363625
0.926189 0.460718
0.92758 0.839171
0.930186 0.629382
0.931351 0.215935
0.931425 0.460704
0.932766 0.006509
0.932961 0.27765
0.933313 0.191599
0.933465 0.739528
0.93409 0.253339
0.934601 0.844783
0.936697 0.0713416
0.936824 0.20578
0.937623 0.635533
0.938469 0.854645
0.938767 0.857526
0.939027 0.229023
0.93907 0.947335
0.939259 0.121295
0.939712 0.737644
0.939744 0.275386
0.939962 0.947299
0.940209 0.0875034
0.94136 0.439751
0.941574 0.0269439
0.942295 0.151876
0.942334 0.811545
0.942402 0.946189
0.942579 0.928622
0.942662 0.316433
0.942702 0.992819
0.943822 0.810001
0.943965 0.22849
0.94409 0.316026
0.945087 0.0706232
0.945232 0.511989
0.94575 0.213002
0.947055 0.152592
0.947111 0.100154
0.948915 0.417748
0.949668 0.0668666
0.950218 0.30642
0.951097 0.0851094
0.951517 0.138147
0.951797 0.856884
0.952531 0.191743
0.953113 0.975895
0.953194 0.330694
0.953642 0.861688
0.953717 0.115292
0.954078 0.189432
0.954154 0.46023
0.957671 0.580913
0.957697 0.00738789
0.958669 0.350741
0.958825 0.97097
0.95896 0.236587
0.960309 0.913155
0.960483 0.839873
0.96076 0.488713
0.96144 0.923116
0.962498 0.698069
0.963125 0.239147
0.963596 0.158588
0.963629 0.705299
0.964367 0.1203
0.964646 0.798003
0.96542 0.817943
0.965608 0.97568
0.969616 0.33879
0.969696 0.672763
0.970418 0.822333
0.970536 0.796785
0.971098 0.250342
0.972207 0.88744
0.974044 0.756025
0.974594 0.996471
0.974598 0.0683872
0.974749 0.609375
0.975132 0.0349802
0.975356 0.801256
0.975551 0.0855998
0.975805 0.354587
0.975961 0.973689
0.975962 0.99644
0.977177 0.414796
0.978257 0.558245
0.981812 0.316707
0.982871 0.117838
0.983589 0.187618
0.983987 0.866916
0.984322 0.5
0.985543 0.0240974
0.986628 0.25701
0.987152 0.0588187
0.988069 0.46912
0.988237 0.30225
0.988886 0.20176
0.989148 0.606441
0.990487 0.116315
0.991566 0.254795
0.992257 0.863007
0.992675 0.884747
0.9928 0.98511
0.99369 0.951836
0.993963 0.532156
0.994003 0.204151
0.994622 0.604152
0.99568 0.401347
0.998356 0.376149
