0.00111452 0.73182
0.00269061 0.22109
0.00270964 0.54086
0.00277163 0.582792
0.00304614 0.196453
0.00318995 0.613423
0.00473551 0.589777
0.0066246 0.339588
0.00808354 0.860049
0.00828324 0.216497
0.00905019 0.106621
0.00986585 0.815313
0.010571 0.66608
0.0108479 0.320555
0.0109278 0.663434
0.0110234 0.269585
0.011151 0.414081
0.0112538 0.142104
0.0132061 0.955057
0.0137181 0.559438
0.0144198 0.35283
0.014925 0.844652
0.0168487 0.175587
0.0169446 0.788625
0.0169877 0.512814
0.0176837 0.210435
0.0180824 0.911114
0.0185962 0.545728
0.0188744 0.222132
0.020411 0.0470922
0.0207223 0.279552
0.0207399 0.57589
0.0211995 0.299695
0.0213814 0.356471
0.0219592 0.0689091
0.0222171 0.402972
0.0222716 0.31901
0.0225585 0.141047
0.0236342 0.220492
0.0241232 0.438767
0.024683 0.847104
0.0261845 0.0835524
0.0274904 0.0314232
0.0290553 0.331757
0.0309131 0.55638
0.0309361 0.943683
0.031158 0.672041
0.0328183 0.576357
0.0328518 0.140803
0.0335672 0.164681
0.0346664 0.637769
0.0347965 0.824347
0.0351133 0.148681
0.0352745 0.858147
0.035504 0.715083
0.0355979 0.294045
0.0364866 0.230773
0.0369574 0.143749
0.0383724 0.924438
0.0391581 0.12998
0.0396598 0.562283
0.0400218 0.646525
0.0407526 0.929754
0.0410778 0.394876
0.0415052 0.578027
0.0416049 0.253434
0.041645 0.928067
0.0426661 0.0886416
0.0429636 0.0898324
0.0429793 0.352337
0.0432973 0.697614
0.0436236 0.182388
0.0449102 0.806435
0.0455348 0.304163
0.0458299 0.263953
0.0462195 0.811861
0.0467411 0.578396
0.047111 0.794044
0.0487331 0.0576631
0.048975 0.122562
0.0497208 0.65758
0.0501669 0.155477
0.0535175 0.469076
0.0543016 0.646271
0.054723 0.729198
0.0553645 0.511689
0.0599389 0.392423
0.0608093 0.0227008
0.061892 0.21872
0.0625799 0.7802
0.0628649 0.569915
0.0633842 0.298445
0.0639969 0.596202
0.0665862 0.113719
0.0668043 0.779739
0.0670303 0.578087
0.0672794 0.764748
0.0682414 0.932626
0.0691473 0.159227
0.069451 0.263037
0.0695535 0.986513
0.069819 0.448577
0.0698198 0.462038
0.0706827 0.963533
0.0717581 0.0391436
0.0733519 0.82544
0.076328 0.845011
0.0763514 0.238873
0.0764071 0.17464
0.0766159 0.682763
0.0771768 0.10986
0.0773909 0.708917
0.0786172 0.318902
0.0802873 0.389294
0.0808036 0.065983
0.0808551 0.931517
0.0809181 0.990738
0.0809361 0.293908
0.0826121 0.461895
0.0827408 0.624149
0.0831002 0.664423
0.0844844 0.929847
0.0857959 0.971095
0.08631 0.611406
0.0863589 0.433473
0.0864338 0.693487
0.0887169 0.0644142
0.0893253 0.290622
0.0908279 0.544852
0.0908523 0.954946
0.0910465 0.218182
0.0912765 0.0840016
0.0919812 0.928484
0.0921196 0.253784
0.0924104 0.14107
0.0924384 0.612507
0.0936577 0.105299
0.0953883 0.1915
0.0971885 0.447359
0.098168 0.910314
0.0990699 0.0678707
0.0999363 0.62959
0.0999876 0.491469
0.100051 0.564542
0.100125 0.795755
0.100768 0.608878
0.101914 0.867217
0.102264 0.757546
0.102879 0.0950376
0.102971 0.626783
0.103018 0.428493
0.103443 0.562769
0.103785 0.310838
0.10465 0.849266
0.10517 0.595632
0.105526 0.569023
0.10582 0.523631
0.106106 0.320843
0.106217 0.193083
0.106382 0.954562
0.106656 0.572676
0.107252 0.580411
0.10815 0.679402
0.10829 0.0375188
0.108878 0.910343
0.109197 0.272924
0.109589 0.859369
0.110085 0.199806
0.110292 0.681351
0.111707 0.45804
0.113253 0.443261
0.114319 0.365044
0.114788 0.235617
0.115096 0.422872
0.115337 0.468846
0.116272 0.188563
0.116281 0.332952
0.118315 0.519581
0.119069 0.194073
0.120516 0.509679
0.122491 0.707384
0.123972 0.595841
0.124495 0.39279
0.124539 0.133751
0.124616 0.416994
0.125009 0.0294231
0.125335 0.505064
0.125913 0.219881
0.126139 0.0201629
0.126439 0.052667
0.1267 0.441296
0.127279 0.180938
0.127587 0.354474
0.127976 0.890157
0.128949 0.238316
0.129807 0.673349
0.130358 0.931545
0.132045 0.282732
0.1335 0.739228
0.134391 0.703356
0.135098 0.586774
0.136711 0.693537
0.137104 0.300699
0.137379 0.92559
0.137692 0.193464
0.137747 0.115606
0.137838 0.647501
0.138428 0.562681
0.138553 0.653151
0.138801 0.831837
0.138955 0.411002
0.140033 0.534502
0.140522 0.756173
0.140753 0.637238
0.141765 0.64494
0.141773 0.774177
0.142286 0.401427
0.142529 0.4927
0.1443 0.255944
0.144417 0.216074
0.144455 0.857633
0.14487 0.832368
0.145457 0.697381
0.14554 0.0947481
0.145542 0.126977
0.147071 0.828062
0.147167 0.428828
0.147566 0.135557
0.149234 0.172773
0.150068 0.195381
0.150252 0.280904
0.15278 0.768243
0.153113 0.373003
0.153479 0.519122
0.154268 0.779096
0.154346 0.0937544
0.154714 0.281564
0.155043 0.80302
0.155397 0.761705
0.155533 0.0434357
0.155894 0.112957
0.156202 0.291611
0.156894 0.92518
0.15786 0.154073
0.159562 0.755171
0.160105 0.892856
0.161437 0.277556
0.16212 0.751819
0.162779 0.819182
0.163943 0.391985
0.165491 0.410687
0.165825 0.0226552
0.165981 0.638979
0.167366 0.927429
0.167979 0.230132
0.168415 0.55656
0.169025 0.8017
0.169568 0.925337
0.170365 0.322829
0.170747 0.739403
0.171222 0.729711
0.171578 0.713519
0.172875 0.505332
0.173126 0.724832
0.173587 0.48456
0.173651 0.55401
0.173879 0.385675
0.173886 0.506491
0.174007 0.534021
0.174228 0.250279
0.174516 0.0910135
0.175245 0.33889
0.17549 0.457885
0.17601 0.206959
0.176185 0.133646
0.176186 0.155928
0.176728 0.263638
0.177164 0.593573
0.17723 0.708126
0.178776 0.684863
0.179277 0.113714
0.179747 0.00823521
0.180449 0.812912
0.18174 0.510637
0.182092 0.412525
0.183677 0.0566324
0.183782 0.824687
0.18435 0.368006
0.184727 0.700125
0.184773 0.478779
0.186687 0.640187
0.186928 0.691366
0.187042 0.623141
0.188327 0.211233
0.1886 0.798573
0.188927 0.296136
0.189319 0.877048
0.189548 0.740027
0.189681 0.967529
0.189966 0.75614
0.190483 0.45068
0.191085 0.57142
0.193477 0.767551
0.194126 0.669957
0.194202 0.95817
0.194373 0.826315
0.195399 0.0646369
0.195698 0.0954427
0.196153 0.742205
0.19677 0.119148
0.19706 0.986782
0.197314 0.252263
0.198575 0.445977
0.198628 0.346604
0.199712 0.567323
0.200037 0.0150008
0.201238 0.212817
0.201855 0.58433
0.202162 0.741249
0.20252 0.761841
0.202889 0.959112
0.202931 0.664323
0.203022 0.191192
0.203084 0.236905
0.204026 0.0696734
0.204037 0.242746
0.20483 0.576789
0.204855 0.990922
0.206832 0.225943
0.207227 0.868519
0.207248 0.218812
0.20728 0.759731
0.20772 0.145413
0.208634 0.511456
0.20924 0.702344
0.213343 0.658096
0.215189 0.679257
0.216537 0.335845
0.217537 0.140742
0.217774 0.121954
0.218561 0.355554
0.219738 0.129196
0.221229 0.202215
0.224666 0.965328
0.226399 0.0797346
0.226448 0.915833
0.227312 0.433146
0.227387 0.688582
0.228272 0.562949
0.228759 0.755858
0.228928 0.595406
0.229062 0.840126
0.229231 0.688877
0.230108 0.428842
0.230134 0.860623
0.230363 0.717997
0.230388 0.130784
0.231019 0.735076
0.231592 0.36936
0.231694 0.0844773
0.231849 0.691723
0.232969 0.504679
0.23303 0.535912
0.233349 0.892436
0.234272 0.406546
0.234285 0.627101
0.234482 0.939471
0.234726 0.0396509
0.235426 0.809321
0.235713 0.627868
0.237109 0.0884503
0.237522 0.0270901
0.238645 0.904512
0.239984 0.406842
0.240039 0.333155
0.241152 0.046912
0.24198 0.962009
0.243227 0.922998
0.246072 0.73068
0.246236 0.486704
0.24677 0.455536
0.246827 0.421552
0.246832 0.503111
0.247012 0.530186
0.247059 0.312588
0.249236 0.905889
0.249344 0.728995
0.249539 0.00748442
0.249903 0.115206
0.250388 0.27775
0.252649 0.277778
0.252756 0.0750642
0.254032 0.51444
0.254038 0.623399
0.255202 0.176189
0.255725 0.978069
0.255756 0.494828
0.255956 0.853694
0.256254 0.855785
0.256988 0.19559
0.257528 0.268231
0.258813 0.878214
0.259152 0.574433
0.259425 0.159652
0.259536 0.0175855
0.259908 0.275464
0.260731 0.110677
0.261229 0.468598
0.261405 0.440544
0.262091 0.954886
0.265166 0.643657
0.266647 0.541764
0.267846 0.68867
0.268188 0.434633
0.268397 0.948705
0.26936 0.139561
0.271175 0.637043
0.271343 0.465102
0.271379 0.0652436
0.272226 0.30724
0.272341 0.234601
0.273595 0.309096
0.274249 0.302421
0.27426 0.480972
0.274503 0.579493
0.27471 0.0501117
0.274796 0.492825
0.274993 0.800264
0.275084 0.332385
0.275749 0.519601
0.276388 0.245773
0.277217 0.189154
0.277933 0.217822
0.278016 0.609671
0.278114 0.265802
0.278318 0.694816
0.27841 0.229606
0.280187 0.0978719
0.280441 0.371547
0.282363 0.674831
0.282449 0.124885
0.283666 0.571713
0.283855 0.754009
0.283855 0.756466
0.28542 0.057583
0.28562 0.420417
0.287778 0.678139
0.287822 0.425072
0.288066 0.527357
0.288196 0.702196
0.289187 0.367862
0.292067 0.764729
0.292107 0.439714
0.292123 0.71388
0.292206 0.0989904
0.292309 0.832453
0.292548 0.856811
0.294364 0.381115
0.294696 0.948536
0.294808 0.843871
0.294884 0.107391
0.295683 0.543076
0.295897 0.136773
0.296232 0.774138
0.296795 0.237079
0.29758 0.433026
0.29768 0.114162
0.299242 0.363577
0.299291 0.180454
0.299357 0.285859
0.299412 0.214183
0.299545 0.461142
0.300045 0.856473
0.300153 0.674569
0.300166 0.889591
0.300996 0.837848
0.301258 0.236972
0.302788 0.966239
0.303533 0.485245
0.303777 0.588219
0.303986 0.0886486
0.304763 0.150499
0.306378 0.289632
0.306488 0.148629
0.306759 0.692541
0.306785 0.13531
0.30927 0.905222
0.309405 0.165109
0.309415 0.33376
0.309424 0.49568
0.310172 0.0570727
0.310467 0.0256041
0.310939 0.943299
0.311075 0.243203
0.311347 0.800811
0.311606 0.163417
0.311827 0.877327
0.312189 0.956498
0.31315 0.109169
0.313472 0.525338
0.313907 0.83699
0.319751 0.0567505
0.320376 0.559245
0.320477 0.254116
0.321992 0.715784
0.323273 0.250673
0.323799 0.0870584
0.323907 0.901845
0.324939 0.246261
0.325163 0.0224135
0.325425 0.421937
0.326397 0.747007
0.326699 0.821852
0.326957 0.165166
0.32752 0.62518
0.328343 0.462984
0.328551 0.959297
0.329588 0.389279
0.329647 0.380919
0.330311 0.541399
0.332487 0.100781
0.333251 0.944174
0.333381 0.137999
0.334986 0.109053
0.335086 0.796762
0.338263 0.188801
0.338421 0.844672
0.338623 0.23345
0.339603 0.704585
0.34036 0.425096
0.340718 0.45554
0.340817 0.1062
0.340836 0.436488
0.341354 0.131404
0.342643 0.797729
0.342651 0.934018
0.343971 0.124749
0.344123 0.667536
0.344237 0.594169
0.345863 0.92461
0.345976 0.825376
0.347175 0.976
0.347327 0.521174
0.347413 0.96546
0.348239 0.857031
0.348456 0.499987
0.349515 0.2933
0.349897 0.712597
0.35041 0.345889
0.351319 0.615417
0.352232 0.956705
0.353015 0.122411
0.353125 0.969153
0.353253 0.116106
0.353478 0.906675
0.353527 0.720515
0.355732 0.789503
0.358363 0.00745605
0.358375 0.209635
0.358505 0.396181
0.359052 0.584769
0.360183 0.58991
0.360347 0.354332
0.361406 0.145477
0.36142 0.390505
0.363468 0.800085
0.365251 0.767691
0.365475 0.538929
0.365719 0.646098
0.367386 0.652134
0.367536 0.174432
0.368091 0.501695
0.368785 0.161796
0.370104 0.33487
0.370308 0.764831
0.370651 0.524343
0.371063 0.448684
0.371223 0.137331
0.372544 0.342948
0.372901 0.34611
0.37349 0.248063
0.374534 0.799596
0.37489 0.768361
0.375562 0.0684879
0.377027 0.69239
0.37931 0.067536
0.380328 0.171424
0.380941 0.482674
0.381179 0.476532
0.381489 0.68027
0.381541 0.558795
0.381647 0.33434
0.383295 0.0400083
0.38388 0.863385
0.385536 0.710264
0.386017 0.79013
0.388441 0.531578
0.388773 0.111975
0.388846 0.335667
0.389898 0.0203271
0.390058 0.710094
0.393223 0.897137
0.393959 0.277216
0.394182 0.0213903
0.396634 0.233204
0.397086 0.830534
0.397318 0.723394
0.397938 0.14595
0.399156 0.614339
0.399397 0.671232
0.400493 0.0890032
0.401376 0.92758
0.403535 0.219699
0.40417 0.881961
0.40556 0.244401
0.405596 0.845779
0.406961 0.791661
0.406985 0.196801
0.409168 0.889481
0.409774 0.0763141
0.410739 0.282267
0.411099 0.33612
0.411996 0.413402
0.412569 0.0501589
0.412849 0.753236
0.413026 0.725205
0.413041 0.988085
0.413497 0.636718
0.414506 0.604302
0.415036 0.515648
0.41549 0.147869
0.417673 0.829193
0.417874 0.204769
0.41868 0.751016
0.418802 0.798457
0.418985 0.880701
0.419527 0.989953
0.420003 0.987547
0.420178 0.931788
0.420228 0.765938
0.421473 0.691286
0.422884 0.403088
0.423325 0.815199
0.423662 0.495468
0.424468 0.0347351
0.425096 0.594675
0.42524 0.0132737
0.42531 0.178448
0.427315 0.881259
0.428044 0.131546
0.42935 0.088214
0.430314 0.290818
0.430641 0.780562
0.431131 0.0193493
0.431173 0.728121
0.431743 0.310923
0.434518 0.947044
0.434538 0.275079
0.434921 0.721041
0.435456 0.712937
0.436232 0.747066
0.437927 0.234142
0.438514 0.0993353
0.439422 0.359448
0.4408 0.523075
0.440898 0.171395
0.442352 0.604247
0.442389 0.230419
0.44243 0.918248
0.442891 0.676974
0.44298 0.162043
0.443252 0.733519
0.443797 0.891357
0.443944 0.370485
0.444064 0.3899
0.444522 0.0735158
0.445319 0.48342
0.446092 0.468165
0.446707 0.804021
0.447417 0.734288
0.44934 0.0507359
0.45065 0.0817853
0.45238 0.155714
0.452495 0.0752485
0.453703 0.381546
0.453964 0.765197
0.454243 0.455658
0.454311 0.599904
0.45485 0.657534
0.454998 0.151007
0.455248 0.35887
0.455727 0.407391
0.455807 0.751805
0.456626 0.507502
0.457281 0.513967
0.459672 0.709832
0.45993 0.0474955
0.460136 0.501875
0.460253 0.463961
0.462156 0.456539
0.463053 0.530799
0.463402 0.397117
0.465239 0.2795
0.465597 0.290285
0.467227 0.679517
0.469555 0.816897
0.470991 0.945711
0.471204 0.520819
0.471263 0.510174
0.471865 0.638263
0.472165 0.674453
0.472171 0.771172
0.472358 0.917051
0.472594 0.88758
0.473924 0.23656
0.473986 0.288275
0.475793 0.650189
0.475855 0.702179
0.47644 0.529852
0.477399 0.642367
0.477426 0.0969377
0.47747 0.846485
0.477573 0.569319
0.477624 0.424193
0.478978 0.181992
0.479726 0.759891
0.480318 0.70449
0.480602 0.476634
0.481062 0.21012
0.483262 0.179447
0.483292 0.694375
0.485191 0.600463
0.485484 0.531546
0.485637 0.105137
0.486968 0.474568
0.487241 0.0539487
0.487699 0.750439
0.487715 0.0242527
0.488452 0.409826
0.489172 0.506834
0.489531 0.540949
0.490322 0.836863
0.491317 0.569405
0.491354 0.180637
0.49219 0.238706
0.492789 0.300748
0.493625 0.351749
0.493753 0.513878
0.496944 0.141044
0.497546 0.250702
0.498729 0.137052
0.498842 0.0324739
0.499262 0.0888301
0.499702 0.492763
0.501242 0.375067
0.502121 0.141133
0.503308 0.0996503
0.504493 0.0186836
0.505399 0.235885
0.506246 0.471557
0.506283 0.103568
0.506515 0.991669
0.506786 0.553292
0.508722 0.0950378
0.508768 0.868009
0.509143 0.157874
0.511281 0.105312
0.511743 0.8708
0.511981 0.863234
0.512721 0.304939
0.512996 0.929274
0.513102 0.697486
0.513301 0.0528615
0.51354 0.0680629
0.514587 0.657296
0.515909 0.879856
0.516177 0.386765
0.516749 0.00719635
0.516941 0.220993
0.517109 0.0576528
0.518442 0.452981
0.518729 0.271136
0.519534 0.803109
0.521383 0.879884
0.521909 0.732376
0.522576 0.935103
0.522577 0.945755
0.525732 0.972843
0.528101 0.793511
0.528579 0.82335
0.528814 0.776293
0.529167 0.713698
0.52968 0.333128
0.529778 0.982371
0.530615 0.0428665
0.530832 0.688233
0.531313 0.7718
0.531737 0.902303
0.532159 0.997244
0.53325 0.338778
0.533821 0.929086
0.534078 0.254736
0.534997 0.688821
0.535368 0.937598
0.535441 0.163599
0.536279 0.237578
0.53837 0.388292
0.538433 0.444617
0.539114 0.893851
0.539433 0.247871
0.539945 0.855343
0.541473 0.53348
0.541721 0.698557
0.542131 0.593627
0.542295 0.35747
0.542608 0.606115
0.543802 0.675149
0.544039 0.669908
0.54408 0.360381
0.544217 0.659213
0.545275 0.435425
0.545419 0.854838
0.546772 0.599159
0.546822 0.430061
0.546837 0.684896
0.547122 0.47713
0.547151 0.960166
0.547294 0.372887
0.547387 0.932894
0.548116 0.193175
0.54904 0.70968
0.549044 0.778583
0.549721 0.1576
0.550152 0.401742
0.55032 0.224486
0.550795 0.206499
0.551373 0.927914
0.551822 0.473676
0.552105 0.234973
0.55233 0.00542049
0.553281 0.9888
0.555545 0.0456628
0.556612 0.975241
0.556923 0.204774
0.557068 0.637186
0.558067 0.435501
0.55815 0.819438
0.559913 0.450996
0.560088 0.399463
0.560105 0.690158
0.56224 0.561852
0.562802 0.0141258
0.563454 0.977147
0.564473 0.102973
0.564846 0.361282
0.565832 0.939043
0.566544 0.903918
0.569525 0.00617366
0.569591 0.118152
0.570484 0.12426
0.570524 0.801773
0.573539 0.467575
0.575586 0.877381
0.576473 0.779446
0.577975 0.0277826
0.578028 0.923471
0.578296 0.418492
0.578298 0.449054
0.579036 0.856111
0.580122 0.104379
0.580203 0.476075
0.58031 0.275498
0.580393 0.659146
0.580402 0.819117
0.581662 0.989751
0.58173 0.141581
0.5827 0.432834
0.583619 0.883863
0.58371 0.415171
0.584076 0.566939
0.584292 0.195064
0.58443 0.512413
0.585874 0.783229
0.585927 0.674237
0.589243 0.407378
0.589712 0.292406
0.591011 0.127663
0.591707 0.816752
0.59193 0.567438
0.592133 0.976973
0.592205 0.197644
0.593573 0.189356
0.594777 0.415997
0.597259 0.126006
0.597303 0.872775
0.597515 0.43515
0.598755 0.276005
0.599936 0.129148
0.601895 0.0498777
0.602232 0.719135
0.602557 0.169176
0.604541 0.51912
0.604683 0.901506
0.606893 0.0432161
0.60776 0.624251
0.607902 0.00132259
0.609325 0.91729
0.609904 0.664086
0.610531 0.188158
0.6109 0.402554
0.610998 0.0392901
0.611637 0.775683
0.612108 0.692541
0.613296 0.670382
0.615171 0.175729
0.615478 0.333541
0.616727 0.33014
0.617318 0.264659
0.61819 0.926861
0.618667 0.940218
0.619915 0.915404
0.620753 0.988218
0.622051 0.81741
0.622605 0.117688
0.622636 0.650045
0.624385 0.0352989
0.624664 0.734728
0.626039 0.836503
0.626497 0.532298
0.627097 0.619259
0.62712 0.00063776
0.627188 0.141628
0.627567 0.520479
0.628513 0.416493
0.628573 0.422815
0.62861 0.0419984
0.629138 0.919003
0.629346 0.423831
0.629413 0.545272
0.629799 0.0342161
0.629955 0.659454
0.630524 0.214449
0.631576 0.893857
0.63192 0.677161
0.631963 0.40207
0.633005 0.914996
0.633735 0.18931
0.634115 0.567926
0.63564 0.206102
0.635892 0.43224
0.636453 0.862201
0.636773 0.238017
0.638682 0.324565
0.638849 0.142958
0.640539 0.53053
0.64083 0.43721
0.641809 0.888066
0.641942 0.124443
0.642018 0.394091
0.642062 0.134372
0.642647 0.967516
0.644248 0.883261
0.644768 0.608896
0.645409 0.393664
0.645495 0.829247
0.645735 0.866973
0.646521 0.0794101
0.64793 0.756635
0.64858 0.682778
0.64902 0.0765919
0.649499 0.132524
0.650912 0.874966
0.651179 0.362465
0.652892 0.154801
0.653278 0.651055
0.653948 0.908161
0.654952 0.773032
0.655397 0.261153
0.655482 0.688706
0.658018 0.301956
0.658935 0.729147
0.659483 0.928676
0.659784 0.983031
0.660889 0.555256
0.661088 0.898203
0.661108 0.240858
0.662288 0.0736286
0.664163 0.593282
0.664498 0.215605
0.664843 0.016048
0.665179 0.670365
0.665224 0.42579
0.665252 0.888798
0.665597 0.682988
0.666842 0.621734
0.668079 0.404744
0.668593 0.0354212
0.669339 0.578829
0.670016 0.966713
0.671062 0.535128
0.671186 0.629793
0.671445 0.976449
0.671651 0.443241
0.671925 0.0361534
0.672114 0.225923
0.672343 0.0654382
0.673893 0.126363
0.674441 0.331708
0.67448 0.982533
0.67456 0.333333
0.675125 0.831493
0.676333 0.134363
0.676546 0.702318
0.677137 0.64781
0.68238 0.767766
0.682532 0.311399
0.682748 0.938717
0.682756 0.0859
0.684348 0.84014
0.684486 0.153098
0.684759 0.748812
0.685431 0.0344213
0.685728 0.0322234
0.686582 0.386145
0.687794 0.747313
0.688315 0.507783
0.688747 0.777909
0.690867 0.396075
0.691139 0.973922
0.691235 0.584831
0.691637 0.344365
0.691726 0.846511
0.692039 0.0921899
0.692827 0.340229
0.694818 0.803343
0.695703 0.681302
0.697972 0.808031
0.699049 0.912669
0.700294 0.835129
0.701405 0.510443
0.701733 0.0317116
0.702171 0.391105
0.702522 0.278953
0.703204 0.743144
0.704706 0.992044
0.705082 0.320924
0.706146 0.196641
0.706256 0.0485318
0.70626 0.111605
0.706263 0.15879
0.708075 0.613564
0.708303 0.446982
0.710404 0.766627
0.711192 0.00870339
0.711607 0.982883
0.714383 0.635541
0.715106 0.786355
0.715566 0.516053
0.716577 0.512493
0.717186 0.743491
0.717578 0.335986
0.718284 0.198469
0.718839 0.523885
0.719067 0.360395
0.719287 0.0605457
0.71957 0.817006
0.721572 0.464062
0.721603 0.982598
0.722084 0.0571496
0.72224 0.686669
0.724418 0.292711
0.725269 0.598038
0.725559 0.473991
0.726053 0.764574
0.726705 0.736925
0.728091 0.0318857
0.728572 0.103432
0.729373 0.563636
0.73011 0.958782
0.731599 0.978909
0.731765 0.782111
0.731949 0.863854
0.732262 0.120936
0.732637 0.432417
0.733418 0.562208
0.733597 0.562439
0.734737 0.730094
0.734835 0.368067
0.735806 0.688332
0.735954 0.18712
0.737476 0.754999
0.738359 0.604588
0.738826 0.455516
0.740627 0.716901
0.740644 0.00355735
0.741761 0.771324
0.741952 0.994356
0.743018 0.909439
0.744154 0.999112
0.745123 0.287696
0.745202 0.611135
0.745296 0.192719
0.746498 0.386474
0.746596 0.0372196
0.747709 0.738556
0.748498 9.86597e-06
0.749941 0.256096
0.750782 0.394033
0.752566 0.380485
0.753003 0.717456
0.754687 0.0263413
0.755057 0.249831
0.755486 0.459983
0.755773 0.271048
0.756303 0.186864
0.756563 0.55235
0.757102 0.610214
0.757247 0.0477053
0.757493 0.188958
0.758129 0.868783
0.759012 0.72129
0.76072 0.423005
0.762605 0.107889
0.763315 0.0343988
0.764918 0.975869
0.765229 0.201708
0.765567 0.878995
0.765917 0.760339
0.76718 0.995518
0.767866 0.518625
0.76827 0.310904
0.769576 0.269239
0.770313 0.655658
0.771506 0.696423
0.772849 0.269519
0.772953 0.0279629
0.773445 0.281871
0.775227 0.245893
0.775289 0.274857
0.775853 0.759814
0.776319 0.586418
0.776905 0.445929
0.777222 0.764276
0.7788 0.299487
0.778858 0.26955
0.779419 0.697296
0.780235 0.406269
0.781047 0.0640585
0.781197 0.582788
0.781328 0.785621
0.781886 0.150114
0.782055 0.00655139
0.782078 0.384815
0.782202 0.466184
0.782518 0.773769
0.7828 0.520047
0.782815 0.768213
0.782958 0.180747
0.783426 0.043978
0.78383 0.827679
0.783851 0.189187
0.784034 0.256748
0.784138 0.00501033
0.784346 0.49482
0.78546 0.231547
0.786595 0.299376
0.788429 0.122616
0.788484 0.0424257
0.788628 0.466691
0.788628 0.468091
0.788943 0.764258
0.78902 0.0596866
0.78972 0.831094
0.7905 0.939832
0.790603 0.672128
0.790665 0.70589
0.790767 0.418057
0.791021 0.687889
0.791288 0.171475
0.792173 0.0501389
0.79226 0.509193
0.79291 0.438608
0.792958 0.241578
0.79357 0.52664
0.793884 0.810794
0.794608 0.98126
0.795115 0.502517
0.795243 0.646918
0.795919 0.0114091
0.796435 0.679583
0.796903 0.549733
0.797134 0.431565
0.797249 0.363121
0.797721 0.299959
0.798828 0.897259
0.799211 0.346923
0.801602 0.530931
0.801732 0.7062
0.802173 0.116872
0.803362 0.112862
0.803708 0.916279
0.804051 0.683726
0.804712 0.786104
0.80487 0.456297
0.805247 0.791907
0.806211 0.995825
0.806455 0.0824266
0.806591 0.377642
0.807348 0.0958603
0.807427 0.429888
0.807771 0.208136
0.808647 0.929857
0.809184 0.963961
0.809611 0.131569
0.809848 0.110824
0.810808 0.253329
0.810955 0.712843
0.811801 0.937982
0.812759 0.0466219
0.813012 0.287684
0.813131 0.299038
0.813435 0.401439
0.815331 0.275612
0.815343 0.463257
0.815491 0.950931
0.817542 0.422894
0.81815 0.643178
0.818201 0.510355
0.819023 0.320837
0.819556 0.275839
0.819783 0.0856605
0.819918 0.366382
0.820175 0.689355
0.820857 0.147418
0.822516 0.0277003
0.822642 0.138237
0.823313 0.423384
0.825087 0.237672
0.825193 0.0144064
0.825232 0.6755
0.826535 0.571756
0.827762 0.187915
0.828732 0.498789
0.828966 0.430256
0.829491 0.247631
0.829618 0.397527
0.832705 0.268699
0.833993 0.912914
0.83559 0.760922
0.836818 0.403918
0.838506 0.765733
0.839445 0.549054
0.839515 0.732002
0.839606 0.265728
0.840206 0.337404
0.84058 0.630924
0.840661 0.993323
0.841493 0.979663
0.841857 0.0923004
0.842934 0.193385
0.842973 0.839178
0.843689 0.873254
0.844554 0.422615
0.846383 0.163373
0.84658 0.463933
0.847193 0.771786
0.847305 0.658426
0.847316 0.846251
0.848042 0.0458153
0.850131 0.150055
0.850528 0.820306
0.851295 0.707675
0.852695 0.250176
0.85403 0.678116
0.855802 0.469974
0.857392 0.179094
0.860151 0.563481
0.860451 0.606073
0.860622 0.475001
0.86128 0.533864
0.861606 0.0123851
0.862993 0.316918
0.863592 0.387499
0.863691 0.0521673
0.863729 0.690642
0.863896 0.502829
0.86422 0.95143
0.864478 0.287066
0.86476 0.0140917
0.864834 0.264871
0.864911 0.553232
0.867311 0.891255
0.868895 0.52464
0.869388 0.801933
0.869894 0.307827
0.870103 0.819542
0.872062 0.740726
0.872661 0.813444
0.872755 0.39311
0.872925 0.246651
0.875601 0.230117
0.875667 0.337087
0.876183 0.0151217
0.877234 0.671606
0.877268 0.244301
0.877317 0.0732465
0.877756 0.452065
0.878016 0.819195
0.878841 0.683842
0.880884 0.0241273
0.881746 0.506205
0.882092 0.32778
0.882423 0.876535
0.883808 0.167841
0.88429 0.26116
0.885251 0.420264
0.885367 0.356688
0.886314 0.27809
0.886611 0.274836
0.886882 0.824468
0.88742 0.859644
0.889509 0.970529
0.889626 0.950177
0.889891 0.396933
0.890628 0.78955
0.890888 0.147445
0.891142 0.426809
0.891925 0.590371
0.892075 0.104154
0.894141 0.833355
0.896873 0.737773
0.896961 0.228211
0.896988 0.673391
0.897916 0.279672
0.89855 0.927901
0.89858 0.429947
0.898992 0.362467
0.899504 0.964069
0.899908 0.761474
0.900553 0.593388
0.900985 0.855923
0.901172 0.995745
0.901465 0.922076
0.90313 0.898364
0.903253 0.973675
0.904265 0.975633
0.904807 0.0857847
0.906019 0.454584
0.90671 0.0742768
0.907136 0.242292
0.908404 0.539619
0.909127 0.70078
0.909726 0.772652
0.909762 0.374734
0.911383 0.61694
0.911783 0.332278
0.912132 0.19797
0.912399 0.685461
0.914871 0.236626
0.915119 0.397085
0.916198 0.538491
0.916243 0.300201
0.916865 0.75018
0.917884 0.870715
0.91791 0.317194
0.919172 0.51918
0.922139 0.388766
0.922881 0.868045
0.923234 0.796762
0.923825 0.730381
0.925809 0.0777661
0.926925 0.824644
0.927426 0.252493
0.927582 0.867088
0.928646 0.759029
0.930905 0.723118
0.931438 0.682886
0.932168 0.946533
0.932247 0.273079
0.933084 0.346957
0.93351 0.507623
0.933581 0.694563
0.934538 0.782964
0.934725 0.930291
0.935091 0.0679571
0.935407 0.380144
0.935927 0.132451
0.935991 0.193261
0.937172 0.0476797
0.938156 0.591309
0.938582 0.754198
0.93914 0.13213
0.939935 0.489159
0.941687 0.938088
0.941915 0.772172
0.94342 0.0623094
0.94367 0.267183
0.944281 0.527232
0.944409 0.679061
0.94541 0.5138
0.946608 0.641782
0.946882 0.239727
0.94782 0.0134143
0.947874 0.91747
0.94793 0.855562
0.948483 0.149766
0.948593 0.00106275
0.948984 0.581787
0.950014 0.880536
0.950129 0.820529
0.951414 0.418764
0.95257 0.844736
0.95315 0.587204
0.953712 0.0445734
0.953862 0.56648
0.954045 0.635951
0.955818 0.436636
0.958175 0.0455544
0.958283 0.86074
0.958288 0.947965
0.958408 0.967309
0.960078 0.0297889
0.960947 0.630703
0.961194 0.791036
0.96146 0.258429
0.961481 0.612643
0.961791 0.821906
0.96308 0.483817
0.963329 0.678031
0.964187 0.0939366
0.964499 0.329472
0.964701 0.726132
0.964953 0.96707
0.966395 0.19736
0.967076 0.644803
0.967161 0.0754082
0.967644 0.200502
0.968116 0.123778
0.968265 0.623786
0.968373 0.451267
0.968981 0.663669
0.969867 0.548805
0.970369 0.989787
0.971156 0.221109
0.971375 0.8917
0.971437 0.939659
0.971469 0.477902
0.971708 0.496492
0.972527 0.261925
0.973069 0.378001
0.973432 0.464851
0.974759 0.780655
0.974871 0.66292
0.975536 0.836275
0.975616 0.182231
0.975623 0.303406
0.975643 0.637068
0.975744 0.330178
0.976607 0.841706
0.976703 0.442684
0.97724 0.480082
0.977329 0.974762
0.977626 0.957052
0.977875 0.148026
0.978776 0.280397
0.979135 0.327308
0.9795 0.456295
0.981057 0.629027
0.981126 0.788692
0.981281 0.391116
0.981731 0.960961
0.981924 0.203832
0.98248 0.536652
0.982565 0.976696
0.984674 0.408705
0.985365 0.0362479
0.985542 0.999632
0.98581 0.500335
0.986124 0.790788
0.986931 0.342921
0.98723 0.367732
0.987965 0.725569
0.989626 0.648834
0.989728 0.366088
0.989832 0.112378
0.990226 0.733118
0.990406 0.759787
0.99213 0.72766
0.992255 0.837829
0.992631 0.144318
0.9927 0.30147
0.992894 0.562037
0.993169 0.185887
0.993374 0.639296
0.994285 0.950907
0.994324 0.602045
0.994865 0.688256
0.994985 0.706074
0.99782 0.365846
0.999259 0.554124
