0.00148413 0.943766
0.00181648 0.529532
0.00205098 0.470852
0.00338737 0.931616
0.00366071 0.525538
0.00456966 0.802275
0.00462405 0.716481
0.0055363 0.0486355
0.00598685 0.620969
0.00640107 0.582837
0.0081138 0.368575
0.00857602 0.13717
0.00985543 0.640253
0.0112761 0.517676
0.0116155 0.221346
0.0117226 0.0218885
0.0118163 0.596609
0.0120398 0.353469
0.0124509 0.261759
0.0125497 0.922882
0.0125709 0.278348
0.0134209 0.564485
0.0136829 0.969338
0.0144168 0.303469
0.0148749 0.00270648
0.0150715 0.306154
0.0159682 0.377988
0.016059 0.904115
0.0162502 0.116284
0.0165351 0.904699
0.0165963 0.934313
0.0172717 0.284896
0.0175786 0.443506
0.0186325 0.156192
0.0189632 0.714574
0.0191849 0.441452
0.019204 0.7609
0.0211974 0.264554
0.0233986 0.260201
0.0239582 0.666057
0.0287085 0.504321
0.0289298 0.222676
0.0291653 0.180768
0.0306771 0.590719
0.0315883 0.904302
0.0317477 0.583159
0.0323435 0.596967
0.0327279 0.0575566
0.032865 0.362407
0.0332614 0.024134
0.033509 0.186534
0.0340973 0.0725998
0.0347596 0.204201
0.0350133 0.469158
0.0367839 0.226383
0.0390981 0.121991
0.0391245 0.566075
0.0420953 0.49597
0.0427587 0.645612
0.0433254 0.169786
0.0444896 0.736038
0.0447721 0.484782
0.0464314 0.371826
0.0464441 0.585368
0.0470819 0.304685
0.0487442 0.243477
0.0489026 0.905522
0.0493123 0.791256
0.0504432 0.799574
0.0525467 0.152599
0.0533216 0.175896
0.0534156 0.755375
0.0536783 0.171169
0.0550244 0.794784
0.0550259 0.820048
0.055931 0.0316294
0.0559808 0.868691
0.0580642 0.884806
0.0586498 0.728039
0.0598163 0.33318
0.0606433 0.231763
0.0621139 0.948822
0.0625781 0.75093
0.0626952 0.719027
0.0628673 0.611457
0.0635149 0.494102
0.0637655 0.706731
0.0649235 0.168939
0.0679101 0.36454
0.0679722 0.408523
0.0682951 0.836024
0.0695136 0.314361
0.0709762 0.897715
0.0716191 0.702636
0.0721967 0.409314
0.0729562 0.174631
0.0735855 0.751249
0.0736615 0.028387
0.0740761 0.996532
0.0743713 0.958943
0.0749452 0.604505
0.0764816 0.4261
0.0773997 0.856562
0.0779141 0.502203
0.0825987 0.235588
0.0842553 0.0790938
0.084338 0.468173
0.0844729 0.735574
0.0847141 0.789093
0.085267 0.0824523
0.0865022 0.843133
0.087455 0.85684
0.0884319 0.275545
0.0899297 0.448279
0.0915181 0.144017
0.0915528 0.728083
0.0917034 0.25888
0.0936668 0.257929
0.0940694 0.0251948
0.0943727 0.12218
0.096285 0.262653
0.0985929 0.0514302
0.099183 0.969256
0.0999401 0.692616
0.100535 0.684322
0.100823 0.537054
0.101287 0.326601
0.101523 0.302044
0.104323 0.362965
0.105976 0.140448
0.107266 0.825345
0.107395 0.986573
0.107562 0.793892
0.10905 0.795878
0.109375 0.259795
0.109455 0.616152
0.10993 0.5944
0.111997 0.328038
0.112817 0.1082
0.113923 0.699153
0.114319 0.363651
0.114621 0.439192
0.114775 0.0211743
0.114805 0.522273
0.116078 0.921343
0.116337 0.27192
0.116485 0.762686
0.116846 0.834172
0.118212 0.787958
0.118443 0.668358
0.11982 0.81281
0.120508 0.384762
0.122171 0.320737
0.122769 0.38616
0.122995 0.179069
0.123923 0.777172
0.1241 0.746269
0.124172 0.960883
0.125068 0.0222763
0.125527 0.7252
0.127899 0.594549
0.128766 0.177352
0.129047 0.895393
0.129181 0.141091
0.129814 0.780132
0.12988 0.887118
0.130123 0.975237
0.130823 0.745134
0.131051 0.58115
0.132213 0.0984719
0.132686 0.0612782
0.134743 0.627048
0.135486 0.115273
0.135501 0.363604
0.135702 0.7476
0.137622 0.0193523
0.137641 0.332407
0.138281 0.0915047
0.138626 0.883746
0.141578 0.50702
0.141835 0.815202
0.141837 0.857081
0.143828 0.310309
0.144106 0.985602
0.145733 0.327649
0.147923 0.134852
0.148569 0.00291656
0.148636 0.117806
0.1488 0.88352
0.149354 0.200077
0.149712 0.209351
0.151825 0.726143
0.151865 0.391408
0.152234 0.601851
0.153623 0.940186
0.153634 0.126617
0.154626 0.802521
0.155893 0.0879441
0.156904 0.0891348
0.159833 0.306463
0.160872 0.781955
0.161297 0.921686
0.16314 0.899614
0.163253 0.794323
0.163768 0.453981
0.164016 0.619245
0.164333 0.937099
0.164411 0.254684
0.164849 0.612715
0.166817 0.693143
0.167527 0.619175
0.169248 0.543847
0.169607 0.585562
0.169996 0.121003
0.170093 0.759453
0.170743 0.670249
0.171015 0.253911
0.171468 0.865955
0.171808 0.572913
0.172528 0.678067
0.173309 0.798592
0.173379 0.985797
0.173648 0.500822
0.173787 0.834951
0.174938 0.178456
0.175843 0.395626
0.175885 0.105368
0.176664 0.199619
0.177819 0.601377
0.1779 0.957898
0.179627 0.999011
0.180393 0.872089
0.181549 0.291682
0.181927 0.646577
0.182462 0.636492
0.184243 0.574671
0.184444 0.951718
0.185619 0.699894
0.188975 0.109202
0.189837 0.591742
0.18995 0.493542
0.191667 0.344975
0.192021 0.29476
0.193048 0.560357
0.193079 0.0796524
0.193252 0.978399
0.193528 0.618802
0.194564 0.030102
0.195251 0.58288
0.195387 0.87358
0.195472 0.301399
0.196529 0.0708885
0.19673 0.437667
0.196917 0.582741
0.197223 0.733948
0.198943 0.641308
0.200428 0.598386
0.200459 0.107875
0.200966 0.642077
0.201445 0.689181
0.201477 0.229459
0.20247 0.91077
0.203149 0.333191
0.204708 0.521671
0.205436 0.766644
0.206461 0.991348
0.207762 0.855116
0.209241 0.713614
0.211163 0.0186201
0.211166 0.0684427
0.211297 0.266698
0.212493 0.364305
0.214576 0.376226
0.214683 0.176752
0.214773 0.684072
0.214798 0.115226
0.21562 0.924417
0.217406 0.939834
0.218095 0.528926
0.218997 0.687899
0.21922 0.4278
0.220429 0.753358
0.220784 0.72138
0.222236 0.115077
0.222254 0.418255
0.222975 0.547726
0.224428 0.968886
0.225603 0.71347
0.22584 0.698571
0.226039 0.0374019
0.226832 0.373112
0.227089 0.6915
0.227189 0.365716
0.227475 0.169464
0.227728 0.418556
0.227994 0.89081
0.228653 0.966914
0.229588 0.688079
0.230353 0.543916
0.23131 0.623285
0.231767 0.301016
0.232338 0.908158
0.233157 0.675321
0.23495 0.800268
0.235447 0.159034
0.235721 0.755171
0.237279 0.940332
0.238403 0.838157
0.238673 0.375581
0.239808 0.45173
0.240076 0.961965
0.240302 0.759116
0.243697 0.815876
0.243723 0.259552
0.244542 0.00944237
0.245061 0.733543
0.245249 0.905704
0.245953 0.727528
0.246704 0.353152
0.247196 0.631119
0.247356 0.311776
0.249406 0.760369
0.249439 0.327421
0.250078 0.0598779
0.251232 0.457307
0.251462 0.321553
0.251725 0.739187
0.251747 0.11958
0.251957 0.634128
0.252145 0.802422
0.252665 0.545252
0.252859 0.800935
0.254303 0.0783639
0.254498 0.354568
0.255118 0.763686
0.256485 0.750359
0.256639 0.326635
0.257229 0.254784
0.258749 0.790614
0.260097 0.445152
0.260731 0.110662
0.260897 0.902852
0.260943 0.668725
0.261244 0.72254
0.262373 0.7104
0.263064 0.309478
0.264022 0.421625
0.264126 0.15965
0.266745 0.186601
0.266928 0.255046
0.267917 0.872643
0.271832 0.683228
0.272027 0.96574
0.272118 0.485778
0.275029 0.413194
0.27505 0.758744
0.275185 0.0307074
0.276258 0.0629674
0.276284 0.501408
0.277014 0.769007
0.277222 0.273186
0.278048 0.144909
0.278351 0.250363
0.27921 0.682759
0.279376 0.465832
0.27941 0.0368747
0.280324 0.410063
0.280382 0.372926
0.280618 0.3515
0.281649 0.681711
0.281984 0.31042
0.282244 0.670999
0.283783 0.548959
0.284598 0.247093
0.284605 0.359504
0.286752 0.440232
0.286776 0.84952
0.287575 0.271923
0.287644 0.440291
0.28776 0.373975
0.288368 0.608988
0.288571 0.0150314
0.288716 0.453313
0.28882 0.198695
0.28888 0.206121
0.290534 0.00854676
0.291412 0.759703
0.291531 0.757259
0.292569 0.19934
0.293039 0.100201
0.293193 0.694783
0.2946 0.347808
0.294635 0.929362
0.297577 0.373014
0.2977 0.445515
0.298565 0.990055
0.29868 0.910059
0.298709 0.397438
0.298937 0.239857
0.301507 0.425888
0.302851 0.0103317
0.303931 0.165145
0.305063 0.190446
0.305253 0.391243
0.307112 0.625187
0.307929 0.369802
0.308145 0.000979075
0.308798 0.969283
0.311344 0.762086
0.312001 0.803575
0.312373 0.0613049
0.312454 0.413115
0.312457 0.467469
0.312641 0.555699
0.313175 0.534963
0.314921 0.878142
0.31499 0.0336432
0.315648 0.097077
0.316019 0.327783
0.316084 0.43116
0.316968 0.27383
0.317724 0.987156
0.318565 0.121352
0.319229 0.281896
0.319464 0.230362
0.319481 0.519843
0.31994 0.237285
0.319944 0.305281
0.320892 0.232334
0.320975 0.623205
0.321597 0.075712
0.32362 0.0802064
0.326324 0.519222
0.328338 0.383335
0.329473 0.44434
0.329704 0.338123
0.330993 0.996011
0.331206 0.571777
0.331537 0.14297
0.331781 0.247345
0.333721 0.84073
0.334299 0.558928
0.334464 0.344646
0.335158 0.00860503
0.335218 0.0167588
0.335353 0.27451
0.336786 0.366054
0.337153 0.534141
0.337196 0.25171
0.337643 0.769431
0.338169 0.603202
0.338283 0.530524
0.338316 0.0725391
0.339341 0.29718
0.339684 0.0758349
0.342214 0.597297
0.344125 0.70835
0.344177 0.588488
0.349472 0.574385
0.349493 0.934946
0.350698 0.179423
0.351163 0.995141
0.351205 0.705211
0.352239 0.076472
0.352619 0.47276
0.353566 0.388277
0.354329 0.201147
0.354338 0.350889
0.357503 0.556417
0.35784 0.218569
0.357954 0.130981
0.358286 0.717216
0.358417 0.922132
0.358906 0.138215
0.359128 0.857525
0.359156 0.33952
0.359335 0.337872
0.359602 0.823133
0.360719 0.604541
0.36188 0.121729
0.362267 0.614477
0.362405 0.940341
0.362455 0.781332
0.362492 0.407512
0.363327 0.437922
0.365223 0.303524
0.365973 0.900175
0.367873 0.834861
0.369293 0.714389
0.369696 0.486077
0.370507 0.11314
0.370699 0.338215
0.371337 0.0646998
0.373246 0.153698
0.373497 0.367282
0.373568 0.565398
0.374099 0.483444
0.374186 0.947617
0.375725 0.801988
0.375894 0.649229
0.377808 0.817853
0.37811 0.891054
0.378549 0.267337
0.379229 0.70088
0.3798 0.303083
0.381158 0.125488
0.381999 0.262588
0.382194 0.53412
0.385451 0.268804
0.385973 0.0418428
0.385981 0.185034
0.38686 0.950732
0.387305 0.438055
0.387826 0.185517
0.388107 0.920236
0.388489 0.334204
0.388619 0.513723
0.389606 0.115815
0.390518 0.438602
0.391249 0.725579
0.391513 0.167075
0.393933 0.831661
0.394747 0.512381
0.39534 0.481203
0.395445 0.239679
0.395842 0.908262
0.395941 0.57297
0.395965 0.978353
0.397344 0.159237
0.397757 0.102173
0.398649 0.0883554
0.398663 0.334205
0.399273 0.58275
0.399453 0.61373
0.400858 0.226951
0.401049 0.434322
0.401868 0.191608
0.402064 0.492082
0.403749 0.805264
0.404043 0.755184
0.405023 0.229363
0.405533 0.786378
0.405533 0.794416
0.405544 0.98275
0.405656 0.860186
0.407299 0.46815
0.408179 0.25854
0.409551 0.31727
0.411931 0.316207
0.412383 0.919408
0.412392 0.0785648
0.413036 0.896196
0.413147 0.76597
0.413706 0.157637
0.413867 0.867298
0.413946 0.198031
0.41543 0.130785
0.415952 0.908105
0.416231 0.59261
0.416308 0.896796
0.4164 0.430107
0.418623 0.797898
0.419033 0.68187
0.421499 0.131723
0.422313 0.807865
0.423556 0.700937
0.423822 0.169997
0.423939 0.134518
0.424001 0.186022
0.424761 0.958163
0.429908 0.469511
0.432593 0.584436
0.432673 0.939181
0.432774 0.638106
0.433178 0.423575
0.434283 0.989664
0.435529 0.92924
0.436833 0.845101
0.437512 0.267296
0.437942 0.494768
0.438312 0.7131
0.438434 0.75471
0.43889 0.431259
0.439955 0.318685
0.440778 0.163814
0.440799 0.512009
0.441079 0.21111
0.442356 0.683317
0.442662 0.814379
0.44326 0.869346
0.443446 0.998915
0.443644 0.320841
0.44435 0.192543
0.445277 0.76611
0.446316 0.22519
0.448031 0.0594757
0.448788 0.77425
0.449512 0.954851
0.452444 0.222847
0.453603 0.697632
0.454439 0.763097
0.454474 0.338805
0.454638 0.107821
0.45482 0.155785
0.455076 0.459333
0.455325 0.644923
0.455581 0.953057
0.455695 0.866871
0.455932 0.849624
0.456536 0.997826
0.456595 0.996487
0.456663 0.141907
0.456914 0.35085
0.45695 0.9663
0.457248 0.974128
0.458334 0.213004
0.45923 0.272402
0.459706 0.27985
0.460941 0.0298715
0.462421 0.912506
0.462455 0.475018
0.463213 0.220307
0.463294 0.577478
0.463741 0.0923421
0.464361 0.515642
0.464382 0.863218
0.4644 0.163743
0.464622 0.908951
0.465122 0.305526
0.465713 0.242698
0.465743 0.736565
0.466026 0.504734
0.466083 0.465577
0.466342 0.81372
0.466839 0.169966
0.46722 0.574886
0.472915 0.275573
0.473453 0.323216
0.474775 0.548813
0.47491 0.814696
0.476541 0.220661
0.476668 0.351954
0.479442 0.976719
0.480384 0.806255
0.480454 0.986393
0.481034 0.735404
0.481159 0.844892
0.481861 0.633244
0.482427 0.14985
0.485483 0.504936
0.485502 0.830935
0.486098 0.842685
0.486182 0.257591
0.486343 0.965773
0.487428 0.19622
0.487766 0.883071
0.488227 0.624165
0.488781 0.943007
0.489858 0.0358038
0.491898 0.329365
0.492734 0.383685
0.493074 0.0961599
0.493991 0.514428
0.496101 0.972248
0.49621 0.795252
0.497115 0.0180569
0.497368 0.268503
0.498375 0.182281
0.498786 0.100893
0.498855 0.250736
0.499389 0.238076
0.501908 0.560006
0.503207 0.395145
0.504417 0.739385
0.50465 0.648907
0.505749 0.129634
0.506698 0.0672286
0.506935 0.0620501
0.507145 0.587618
0.507581 0.918852
0.508149 0.455972
0.508173 0.858325
0.508766 0.828783
0.509105 0.535584
0.510243 0.651029
0.510703 0.392983
0.511093 0.943169
0.511292 0.287416
0.511678 0.776525
0.512193 0.435017
0.514496 0.130402
0.514893 0.808095
0.51552 0.341199
0.517943 0.073021
0.518439 0.406343
0.518747 0.58128
0.519109 0.665499
0.519188 0.984321
0.519527 0.696991
0.519601 0.932798
0.520496 0.977177
0.522872 0.903017
0.526066 0.595244
0.52613 0.66604
0.527075 0.543434
0.527125 0.392212
0.528207 0.567726
0.528451 0.674096
0.528559 0.496873
0.528638 0.826018
0.529334 0.516414
0.529563 0.373421
0.53134 0.234111
0.532069 0.484625
0.532276 0.958219
0.532622 0.78326
0.534905 0.148584
0.535839 0.844727
0.535935 0.459738
0.536049 0.368034
0.536499 0.939537
0.5374 0.0887115
0.537685 0.866413
0.538035 0.754315
0.538541 0.266494
0.539798 0.384824
0.540288 0.614142
0.540618 0.161621
0.541916 0.985295
0.542492 0.66876
0.544584 0.823739
0.545177 0.791982
0.546223 0.373803
0.547773 0.427418
0.549014 0.280458
0.549176 0.00838624
0.551921 0.134322
0.552037 0.0877292
0.552467 0.31254
0.553254 0.541781
0.553466 0.109768
0.557472 0.440101
0.558159 0.983526
0.558429 0.51652
0.558737 0.689038
0.560612 0.206758
0.562411 0.435092
0.563125 0.439983
0.563354 0.298031
0.563705 0.193471
0.563768 0.242415
0.563807 0.904526
0.564763 0.975623
0.565593 0.918496
0.566302 0.83041
0.566331 0.328668
0.568413 0.318682
0.568741 0.828125
0.569574 0.837991
0.571534 0.766736
0.571571 0.391233
0.573476 0.403322
0.57355 0.65882
0.573898 0.508319
0.573978 0.841267
0.575494 0.327385
0.575645 0.864013
0.576877 0.56616
0.576882 0.651248
0.5801 0.74788
0.580692 0.691971
0.581061 0.885986
0.581241 0.912811
0.581676 0.235139
0.583442 0.908395
0.584903 0.466321
0.585466 0.928331
0.586546 0.0823848
0.58731 0.912097
0.588092 0.061728
0.588273 0.110827
0.589402 0.0777665
0.590376 0.445037
0.590987 0.717569
0.591154 0.530468
0.592738 0.144162
0.592905 0.951864
0.594862 0.84521
0.595461 0.906133
0.596045 0.736772
0.596484 0.112523
0.596729 0.226188
0.596878 0.728043
0.596901 0.114658
0.599313 0.65763
0.60019 0.389213
0.600664 0.364541
0.601539 0.0716116
0.602397 0.480192
0.602789 0.0753093
0.60359 0.542065
0.6041 0.106273
0.607439 0.230388
0.608116 0.602196
0.608473 0.60283
0.609179 0.464084
0.610173 0.174838
0.610777 0.331587
0.610987 0.861342
0.611203 0.487745
0.611312 0.327302
0.61263 0.468664
0.61301 0.863481
0.613791 0.986752
0.614418 0.520959
0.614563 0.967889
0.614662 0.632159
0.615631 0.904581
0.615731 0.590624
0.615803 0.800221
0.616917 0.518313
0.61887 0.343522
0.619306 0.66981
0.619309 0.721652
0.619445 0.00506566
0.619552 0.807815
0.61976 0.301264
0.622412 0.876663
0.624745 0.0962192
0.626176 0.140547
0.626544 0.332966
0.627787 0.209705
0.628019 0.112332
0.632539 0.078703
0.632885 0.894071
0.632992 0.698785
0.6331 0.517907
0.633423 0.942183
0.633884 0.680475
0.634997 0.397456
0.635243 0.534381
0.635634 0.0951793
0.635995 0.17428
0.637135 0.327636
0.63724 0.0859555
0.637702 0.850277
0.63887 0.487608
0.639075 0.933809
0.639266 0.152004
0.640604 0.634776
0.640939 0.268557
0.641342 0.0355095
0.641578 0.00287607
0.644566 0.222308
0.645322 0.923081
0.645369 0.720487
0.647361 0.195089
0.647365 0.25723
0.647672 0.430625
0.649787 0.973854
0.651062 0.406953
0.651949 0.298287
0.653614 0.291637
0.653688 0.529628
0.65485 0.0636742
0.656074 0.639082
0.656577 0.0878351
0.656593 0.36175
0.657404 0.985142
0.657736 0.567238
0.658028 0.480546
0.658455 0.659651
0.659434 0.103393
0.65962 0.23931
0.659936 0.538505
0.660364 0.741895
0.661679 0.838632
0.661877 0.160886
0.662091 0.758668
0.662328 0.744693
0.662329 0.770676
0.663917 0.456795
0.664307 0.0145259
0.66477 0.797294
0.664925 0.395798
0.666022 0.827023
0.666185 0.571284
0.668729 0.330872
0.669587 0.756796
0.671051 0.35149
0.671824 0.346894
0.672375 0.604417
0.673037 0.730219
0.673079 0.43208
0.673472 0.0452133
0.674256 0.223074
0.678151 0.677943
0.678258 0.483799
0.678393 0.743741
0.679078 0.264141
0.681449 0.120874
0.681895 0.609942
0.681897 0.647673
0.683871 0.814824
0.684061 0.0156684
0.684189 0.161964
0.68575 0.396345
0.686049 0.419145
0.686632 0.223206
0.688406 0.0389181
0.688708 0.111885
0.688818 0.959385
0.689097 0.660262
0.691752 0.271859
0.693124 0.341506
0.694111 0.926749
0.694175 0.00103558
0.694626 0.582823
0.69795 0.453027
0.698165 0.0587996
0.698328 0.801887
0.699795 0.461258
0.700608 0.122343
0.702211 0.0546871
0.705237 0.913158
0.707301 0.611797
0.707316 0.85677
0.708042 0.0547455
0.708249 0.540336
0.709298 0.179055
0.710745 0.496359
0.710832 0.961221
0.711641 0.550795
0.712417 0.588908
0.713326 0.86746
0.714023 0.58532
0.714463 0.972316
0.715101 0.696164
0.715547 0.200705
0.716947 0.724791
0.717327 0.114983
0.717466 0.452265
0.71811 0.279601
0.718194 0.690828
0.71836 0.475161
0.719007 0.342575
0.721586 0.688139
0.721839 0.944933
0.721917 0.264364
0.722532 0.590852
0.722762 0.454871
0.723921 0.942241
0.724224 0.0271505
0.724318 0.613963
0.724468 0.128411
0.72599 0.707388
0.726163 0.616997
0.727734 0.0280744
0.72783 0.630508
0.727894 0.709028
0.729383 0.740935
0.730649 0.0159101
0.730868 0.701034
0.73103 0.4186
0.732621 0.168958
0.733837 0.594491
0.734466 0.16365
0.735211 0.684933
0.735215 0.758399
0.735585 0.978899
0.736427 0.122432
0.739066 0.476838
0.73939 0.933962
0.739923 0.884808
0.740595 0.172757
0.742636 0.487966
0.743374 0.879957
0.743576 0.2891
0.744357 0.401141
0.744405 0.215811
0.744788 0.659324
0.745559 0.603379
0.746207 0.501739
0.746439 0.394693
0.747932 0.497655
0.748742 0.110059
0.749165 0.217185
0.749721 0.567301
0.750042 0.954066
0.750754 0.918323
0.750807 0.806436
0.751491 0.312333
0.75167 0.321298
0.752699 0.604324
0.753527 0.530644
0.754654 0.46361
0.754949 0.431969
0.755114 0.195178
0.755132 0.500798
0.756691 0.703936
0.757868 0.482384
0.758003 0.762268
0.758738 0.109375
0.759502 0.957824
0.759547 0.714775
0.760102 0.0405043
0.76032 0.699207
0.76142 0.180027
0.761441 0.533583
0.761544 0.274841
0.76198 0.604486
0.762558 0.32011
0.764566 0.0658409
0.76531 0.564333
0.765378 0.702092
0.765829 0.291252
0.766614 0.482746
0.767103 0.703408
0.767454 0.59243
0.767527 0.819581
0.768875 0.482171
0.76933 0.124276
0.769711 0.540616
0.770625 0.886921
0.77343 0.0323195
0.773435 0.12057
0.773738 0.21707
0.774333 0.217605
0.774355 0.581906
0.774548 0.833301
0.775265 0.870844
0.775989 0.0443388
0.776472 0.165997
0.777309 0.227329
0.777455 0.688848
0.77776 0.816693
0.780122 0.505683
0.782559 0.461856
0.782815 0.770154
0.78343 0.0992557
0.784093 0.250869
0.784686 0.21606
0.78532 0.877312
0.785322 0.899915
0.78605 0.141679
0.786191 0.505869
0.788223 0.659886
0.789985 0.276425
0.790105 0.296426
0.790212 0.0863716
0.791166 0.121616
0.792987 0.732565
0.793639 0.689913
0.794863 0.264452
0.795136 0.84312
0.797567 0.716788
0.797624 0.663403
0.798222 0.715568
0.799961 0.941602
0.80152 0.142674
0.801988 0.020173
0.802378 0.563378
0.802428 0.411623
0.804221 0.537165
0.805095 0.230548
0.806498 0.815405
0.807296 0.218407
0.807786 0.461554
0.80799 0.886459
0.810142 0.0505149
0.810433 0.951082
0.810494 0.964879
0.812122 0.328088
0.812497 0.6355
0.814571 0.49519
0.81849 0.357789
0.818821 0.926063
0.821985 0.109028
0.822398 0.0404834
0.82272 0.45432
0.823205 0.608371
0.823968 0.434413
0.825119 0.78119
0.825534 0.746987
0.827683 0.869328
0.828729 0.444779
0.829166 0.8004
0.829386 0.485868
0.829404 0.799291
0.830252 0.0401369
0.832781 0.54273
0.83545 0.403072
0.836254 0.918577
0.836292 0.56322
0.836394 0.26576
0.83642 0.717154
0.836622 0.109689
0.836706 0.513497
0.838567 0.799111
0.839516 0.744258
0.839553 0.359145
0.840073 0.100644
0.842315 0.795843
0.842597 0.530882
0.843075 0.553545
0.843176 0.255584
0.844141 0.469919
0.845717 0.970217
0.845862 0.40997
0.846219 0.406816
0.847422 0.625505
0.847751 0.145905
0.848075 0.598686
0.848088 0.816282
0.850541 0.0464642
0.850772 0.929063
0.851338 0.439683
0.851983 0.274642
0.852642 0.345675
0.852865 0.104805
0.853625 0.874935
0.85514 0.345259
0.856704 0.632359
0.857879 0.366385
0.858161 0.113477
0.861093 0.390536
0.863756 0.139266
0.866534 0.839211
0.866658 0.913277
0.867517 0.357397
0.868187 0.611638
0.868491 0.727947
0.868564 0.959332
0.868982 0.988695
0.869916 0.686662
0.87045 0.660863
0.870534 0.0648115
0.872254 0.969002
0.873267 0.997554
0.873336 0.158102
0.873865 0.0505014
0.87443 0.541704
0.874474 0.288347
0.875676 0.48992
0.875756 0.828253
0.876435 0.250894
0.876555 0.255125
0.877821 0.538568
0.878728 0.780673
0.879307 0.505078
0.879411 0.253129
0.879873 0.0172782
0.880458 0.857818
0.880899 0.27317
0.881338 0.644146
0.881694 0.624909
0.881769 0.894651
0.882357 0.775724
0.883199 0.919304
0.883378 0.933435
0.883854 0.935279
0.886427 0.182316
0.887175 0.745995
0.888241 0.664592
0.889704 0.257032
0.890822 0.0534278
0.891606 0.223298
0.891727 0.259085
0.891911 0.349789
0.892166 0.63165
0.892411 0.758275
0.897177 0.854191
0.897909 0.149817
0.898003 0.735134
0.899171 0.366869
0.900127 0.427025
0.900345 0.0947119
0.900568 0.842134
0.900802 0.77166
0.901746 0.653085
0.901956 0.173261
0.902939 0.694476
0.90299 0.55749
0.903037 0.335079
0.904045 0.283535
0.904643 0.341821
0.905715 0.346352
0.905799 0.760287
0.906781 0.261944
0.90716 0.639496
0.908278 0.419683
0.908995 0.484039
0.909348 0.410447
0.909524 0.373675
0.909783 0.727351
0.910335 0.000182276
0.911815 0.874912
0.911922 0.669874
0.913702 0.58185
0.920097 0.062201
0.920255 0.734084
0.920454 0.0713421
0.920528 0.313943
0.921415 0.228373
0.92154 0.318491
0.922569 0.61292
0.922791 0.355263
0.923131 0.0640824
0.923635 0.535548
0.923998 0.627116
0.924174 0.588568
0.924227 0.487465
0.9263 0.322924
0.928444 0.359653
0.92863 0.483102
0.928679 0.315194
0.931559 0.708531
0.931819 0.088527
0.932524 0.927726
0.933081 0.286444
0.934744 0.246547
0.93588 0.334874
0.936139 0.690804
0.936142 0.740979
0.936281 0.0727674
0.936526 0.195221
0.936638 0.067641
0.936711 0.304325
0.938661 0.0828341
0.94096 0.706561
0.941247 0.530039
0.94176 0.163213
0.943322 0.409466
0.944909 0.0884791
0.945219 0.299761
0.947158 0.890046
0.94736 0.280476
0.947408 0.0903489
0.947612 0.513376
0.948299 0.0693153
0.949567 0.36543
0.949579 0.576076
0.950895 0.69457
0.951335 0.0794614
0.952063 0.325209
0.952371 0.502008
0.952621 0.700229
0.954734 0.208889
0.954894 0.897169
0.955024 0.0928721
0.955682 0.141694
0.956293 0.416747
0.958989 0.730626
0.959203 0.322061
0.959403 0.682657
0.960661 0.821649
0.96119 0.713367
0.962556 0.676028
0.962733 0.660434
0.962758 0.0682352
0.962885 0.211205
0.963544 0.279045
0.963634 0.803747
0.963674 0.475688
0.96576 0.528156
0.966309 0.755054
0.967063 0.430321
0.967408 0.226115
0.967642 0.160189
0.968236 0.144429
0.968841 0.305858
0.969541 0.07001
0.96987 0.607064
0.971167 0.401155
0.97391 0.506922
0.974636 0.704788
0.977214 0.0399898
0.978638 0.968926
0.978795 0.613667
0.978856 0.632277
0.979049 0.875814
0.980289 0.721889
0.982097 0.0966305
0.982953 0.483759
0.983585 0.11675
0.984839 0.190204
0.98546 0.628022
0.987209 0.0212195
0.988075 0.571489
0.988784 0.498492
0.988921 0.798036
0.990069 0.0884863
0.992486 0.706771
0.993052 0.232339
0.994178 0.151241
0.99437 0.375846
0.995524 0.771006
0.997541 0.672881
0.997804 0.0848945
0.999484 0.324415
