0.00100171 0.835796
0.00160683 0.00593586
0.00288125 0.425245
0.00297771 0.0464383
0.00455315 0.524728
0.00699127 0.502322
0.00931686 0.58854
0.00961287 0.563435
0.0119354 0.599064
0.0119917 0.544896
0.0121518 0.235805
0.0122949 0.640168
0.012956 0.752227
0.0134303 0.723626
0.0145233 0.0937351
0.0151847 0.209011
0.0169729 0.263153
0.0172895 0.584982
0.017704 0.550655
0.0184278 0.715767
0.0199079 0.592704
0.0208463 0.363151
0.0222529 0.00398277
0.0231178 0.541581
0.0239849 0.114093
0.0253355 0.813608
0.0270249 0.207903
0.0274665 0.629516
0.0282543 0.87023
0.0305061 0.716149
0.0309341 0.910265
0.0309747 0.592568
0.0317564 0.729019
0.0328625 0.319777
0.0343274 0.941362
0.0382703 0.209586
0.0387206 0.777975
0.038847 0.900698
0.0404367 0.619883
0.0422844 0.674235
0.0423184 0.244903
0.0438846 0.568403
0.0438856 0.584737
0.0442553 0.798741
0.0443698 0.722721
0.0459164 0.716128
0.0468071 0.687322
0.046933 0.802508
0.0474879 0.128606
0.047755 0.617858
0.0482094 0.255267
0.0482395 0.761978
0.048393 0.341612
0.0494822 0.646691
0.0521145 0.888233
0.0527585 0.711523
0.0531397 0.118768
0.0533445 0.561525
0.0555007 0.799939
0.0556152 0.724561
0.05577 0.326476
0.0559676 0.646962
0.0565575 0.562307
0.0582273 0.626485
0.0598226 0.43792
0.0605088 0.971672
0.0609139 0.780574
0.0614569 0.90612
0.063181 0.882611
0.0634671 0.692275
0.0661586 0.927499
0.0663965 0.925326
0.0665473 0.460373
0.066593 0.228923
0.0686146 0.20586
0.0692866 0.500657
0.0712307 0.174646
0.0712368 0.276905
0.0723394 0.807885
0.0758203 0.312476
0.0779048 0.346153
0.0800339 0.130333
0.0811661 0.158044
0.0817494 0.962552
0.0826076 0.386245
0.0839196 0.436994
0.0839415 0.80452
0.0845414 0.888014
0.0845687 0.345935
0.0855272 0.455405
0.0855702 0.177826
0.0856015 0.703734
0.0862919 0.307657
0.0878514 0.519303
0.0897436 0.321151
0.091423 0.545614
0.0926331 0.884
0.0935621 0.49806
0.0948559 0.2434
0.0949336 0.548995
0.0955737 0.307075
0.0962563 0.779312
0.0974176 0.297987
0.097722 0.413662
0.0993614 0.96764
0.100306 0.838014
0.101567 0.0333713
0.10279 0.595427
0.102794 0.658116
0.105179 0.751213
0.105671 0.00859585
0.10606 0.551855
0.107084 0.760805
0.107856 0.739469
0.109509 0.518016
0.109525 0.78279
0.110018 0.0646536
0.11042 0.831403
0.110783 0.933983
0.111121 0.607091
0.11271 0.319914
0.114825 0.864348
0.115416 0.793412
0.115581 0.575123
0.117036 0.0156847
0.117332 0.995964
0.117997 0.168082
0.118225 0.00398922
0.118278 0.903513
0.119178 0.0180164
0.120119 0.833473
0.120261 0.220093
0.1218 0.094735
0.125369 0.0788465
0.126731 0.97179
0.127419 0.538429
0.127485 0.644882
0.128767 0.193193
0.129465 0.923355
0.129994 0.801565
0.130559 0.296954
0.130919 0.357569
0.131537 0.742191
0.131572 0.330335
0.132772 0.494036
0.133973 0.690764
0.134803 0.641823
0.13582 0.723414
0.136393 0.363302
0.137194 0.824508
0.140597 0.0113895
0.140656 0.99705
0.141884 0.648835
0.143211 0.945472
0.143241 0.444357
0.14748 0.702588
0.148336 0.089865
0.148984 0.967477
0.151824 0.704064
0.154871 0.924912
0.155976 0.480647
0.15612 0.912026
0.156158 0.548035
0.156838 0.971584
0.15695 0.855469
0.157234 0.633765
0.157256 0.0088518
0.158198 0.828832
0.158895 0.542559
0.16089 0.0854618
0.161547 0.121863
0.161863 0.435553
0.162947 0.648532
0.163769 0.463796
0.163823 0.378291
0.164421 0.427028
0.166231 0.838288
0.166916 0.356371
0.167488 0.978055
0.167925 0.30961
0.167958 0.871715
0.170886 0.0738604
0.171053 0.89468
0.173036 0.224275
0.174359 0.454779
0.176979 0.483123
0.177943 0.680835
0.178304 0.760539
0.179167 0.265118
0.179447 0.959272
0.180447 0.774845
0.180648 0.152064
0.18135 0.953947
0.182021 0.235095
0.183222 0.40771
0.186924 0.638264
0.187517 0.603783
0.188544 0.863401
0.189148 0.0140059
0.19139 0.69453
0.191397 0.809124
0.192495 0.271466
0.192756 0.649404
0.192873 0.621047
0.193739 0.168733
0.193945 0.642037
0.194521 0.315993
0.195542 0.46597
0.196395 0.816292
0.198052 0.651823
0.198284 0.551178
0.19855 0.0237367
0.198628 0.348209
0.198698 0.525044
0.199169 0.439327
0.199639 0.330514
0.199714 0.590388
0.199823 0.417516
0.199906 0.815235
0.200564 0.878372
0.202956 0.0745574
0.205034 0.00462166
0.205222 0.162163
0.206761 0.0378141
0.20696 0.373499
0.207281 0.775595
0.208948 0.796885
0.209295 0.627029
0.209317 0.990142
0.211104 0.0170561
0.211275 0.903218
0.211461 0.0197483
0.211769 0.202472
0.212881 0.898901
0.215552 0.783113
0.216695 0.989876
0.216708 0.211034
0.218282 0.664248
0.219064 0.813801
0.219512 0.338009
0.220498 0.914917
0.220729 0.793822
0.221419 0.391492
0.221644 0.16921
0.222955 0.211709
0.223414 0.921982
0.223855 0.336395
0.226132 0.592877
0.226252 0.61136
0.226758 0.113615
0.2268 0.823647
0.22693 0.0132847
0.228927 0.575926
0.229006 0.906307
0.230791 0.906619
0.230939 0.397894
0.231746 0.947718
0.232491 0.474362
0.236781 0.578256
0.237836 0.305749
0.239216 0.507694
0.240187 0.823091
0.240828 0.590234
0.241975 0.870808
0.244999 0.691227
0.245429 0.932771
0.246305 0.646666
0.246349 0.387236
0.246361 0.582692
0.246485 0.671511
0.246539 0.585905
0.246876 0.243838
0.248541 0.233572
0.250191 0.955378
0.250383 0.186385
0.250804 0.269914
0.251008 0.695281
0.251093 0.125221
0.252176 0.31937
0.252899 0.471835
0.25301 0.331075
0.255896 0.850072
0.25682 0.369254
0.25694 0.395853
0.257028 0.875788
0.257978 0.835469
0.258294 0.145676
0.258646 0.0653149
0.262717 0.488679
0.262739 0.849599
0.264012 0.24377
0.26458 0.791894
0.266777 0.716845
0.268003 0.324184
0.268263 0.687933
0.268595 0.269652
0.268931 0.921253
0.269022 0.457914
0.269773 0.0732387
0.269947 0.992662
0.271543 0.829048
0.273103 0.0379069
0.273319 0.678585
0.273522 0.0765912
0.27406 0.119961
0.27437 0.342654
0.276008 0.860458
0.276696 0.424482
0.27838 0.740145
0.278753 0.995707
0.279905 0.36583
0.280136 0.242653
0.281187 0.906839
0.281881 0.576151
0.285714 0.987703
0.287114 0.529429
0.287757 0.323831
0.291501 0.25072
0.291634 0.484758
0.292279 0.328599
0.293548 0.654994
0.296105 0.643002
0.29623 0.730396
0.296251 0.0862454
0.296451 0.458683
0.298363 0.584089
0.299937 0.0455681
0.300571 0.689751
0.301104 0.650803
0.301622 0.357146
0.302046 0.493754
0.302695 0.388608
0.303178 0.505265
0.303706 0.389407
0.305814 0.823709
0.305845 0.338817
0.306289 0.806824
0.306602 0.0634678
0.310566 0.676812
0.31144 0.370014
0.311771 0.940737
0.31242 0.835129
0.313415 0.569472
0.314385 0.863965
0.314561 0.830394
0.315425 0.349021
0.316553 0.29958
0.317134 0.0681334
0.317973 0.165819
0.318917 0.0399345
0.320257 0.563333
0.320439 0.62259
0.322053 0.748919
0.322585 0.679613
0.323233 0.568698
0.325326 0.758254
0.327217 0.535536
0.327823 0.71862
0.328523 0.49207
0.32969 0.0948948
0.332054 0.837887
0.332637 0.626319
0.333126 0.855441
0.33332 0.108213
0.333624 0.21805
0.334661 0.648172
0.335554 0.661457
0.33561 0.598313
0.338272 0.343701
0.338966 0.00841094
0.339161 0.282361
0.340646 0.238352
0.340859 0.814713
0.340873 0.0596549
0.34222 0.69616
0.342487 0.185029
0.344586 0.464345
0.344844 0.79552
0.346188 0.381765
0.346411 0.134376
0.347045 0.787042
0.347403 0.796849
0.349306 0.781788
0.349314 0.92861
0.351252 0.495581
0.351327 0.74899
0.353009 0.0297783
0.35318 0.890058
0.353369 0.0662413
0.353408 0.721739
0.353919 0.31323
0.354811 0.3005
0.355517 0.178854
0.356561 0.720244
0.357021 0.450107
0.357182 0.165982
0.357365 0.240235
0.357471 0.0118743
0.357978 0.536731
0.359718 0.774145
0.359788 0.956216
0.359796 0.0880516
0.360294 0.466407
0.360568 0.0694625
0.360703 0.340385
0.361303 0.417571
0.362649 0.0337593
0.362699 0.883046
0.365176 0.515065
0.367598 0.216591
0.367726 0.373977
0.369375 0.0774456
0.369609 0.0139528
0.369892 0.78202
0.372219 0.883883
0.375017 0.90604
0.375565 0.116753
0.375855 0.993653
0.376254 0.702229
0.378134 0.303066
0.378331 0.607539
0.379023 0.233861
0.379063 0.909089
0.379935 0.573435
0.380026 0.0981369
0.380732 0.956738
0.381476 0.461405
0.381908 0.724315
0.382819 0.0448242
0.382896 0.329405
0.383147 0.545799
0.3865 0.908094
0.386871 0.142932
0.387155 0.914184
0.387619 0.717246
0.388985 0.664693
0.389293 0.84834
0.389511 0.504327
0.390681 0.179639
0.391622 0.996497
0.391696 0.242729
0.39191 0.833021
0.392457 0.0317516
0.392785 0.529706
0.393965 0.366491
0.394307 0.113684
0.394673 0.263575
0.395655 0.766116
0.395971 0.0927584
0.396129 0.731575
0.396295 0.530308
0.396618 0.959101
0.397136 0.667533
0.397342 0.126264
0.398928 0.788247
0.399382 0.418667
0.399524 0.806383
0.401336 0.257408
0.40234 0.12271
0.402724 0.574228
0.403081 0.57523
0.405002 0.871471
0.405045 0.594463
0.405416 0.819972
0.406998 0.423413
0.408686 0.793149
0.409134 0.320026
0.41098 0.334339
0.412427 0.655595
0.41305 0.124773
0.413753 0.951066
0.414065 0.188332
0.414695 0.776079
0.416006 0.805962
0.417087 0.988457
0.41869 0.917843
0.419473 0.0878149
0.419903 0.316023
0.420316 0.242852
0.420612 0.225479
0.422173 0.461214
0.422864 0.0836543
0.422896 0.614235
0.423308 0.530679
0.423473 0.304118
0.424099 0.831304
0.42432 0.54937
0.426877 0.527931
0.427886 0.475621
0.428252 0.626161
0.431808 0.398092
0.43348 0.500972
0.434487 0.431428
0.438671 0.735679
0.438896 0.526866
0.442181 0.737237
0.442662 0.813886
0.443928 0.101547
0.444222 0.0320975
0.447095 0.320584
0.44981 0.962749
0.449967 0.601597
0.450025 0.568177
0.450074 0.390744
0.450813 0.809345
0.451245 0.0725213
0.451496 0.29023
0.451645 0.792978
0.45215 0.277138
0.453447 0.0759004
0.45464 0.133813
0.455793 0.508405
0.456995 0.7225
0.458974 0.983113
0.459606 0.593166
0.461624 0.510928
0.461858 0.446011
0.46381 0.254746
0.464397 0.114218
0.464789 0.710705
0.465396 0.91899
0.466094 0.647337
0.466784 0.237258
0.468383 0.1187
0.468582 0.465725
0.469611 0.754809
0.470472 0.223339
0.471205 0.545183
0.473098 0.359264
0.474011 0.694745
0.474237 0.499308
0.474331 0.0781057
0.474461 0.261968
0.47594 0.118877
0.476989 0.756883
0.477183 0.0147583
0.477655 0.950978
0.477689 0.521967
0.479628 0.107955
0.481546 0.348198
0.481985 0.722892
0.483538 0.824874
0.484215 0.194335
0.484553 0.876209
0.486109 0.0333278
0.486988 0.813661
0.487758 0.748466
0.488206 0.272815
0.488451 0.388124
0.488588 0.698038
0.490379 0.802457
0.491889 0.176148
0.493292 0.756373
0.494176 0.611542
0.496119 0.264923
0.496929 0.883776
0.497055 0.00458119
0.497377 0.420703
0.497905 0.283455
0.497994 0.788177
0.498 0.882868
0.499652 0.649746
0.499666 0.881046
0.501494 0.603608
0.502145 0.546265
0.503811 0.559815
0.504088 0.199012
0.504315 0.0184136
0.504515 0.388182
0.504804 0.24799
0.505973 0.896403
0.506072 0.550482
0.50707 0.324802
0.507463 0.934875
0.512624 0.676115
0.513361 0.0608275
0.513569 0.557266
0.514792 0.106807
0.514949 0.742822
0.51531 0.818409
0.515402 0.365635
0.516288 0.24541
0.517481 0.309341
0.518678 0.422539
0.519082 0.217752
0.52341 0.947067
0.523729 0.311942
0.524407 0.716378
0.525326 0.149383
0.525501 0.0885843
0.526359 0.507762
0.526536 0.483394
0.527425 0.431994
0.527535 0.273821
0.528558 0.466992
0.530174 0.626701
0.5306 0.791436
0.531309 0.709533
0.531499 0.89827
0.531946 0.41574
0.532407 0.16239
0.533109 0.967537
0.535097 0.368094
0.535419 0.785014
0.53597 0.0483826
0.53664 0.310904
0.537187 0.49982
0.53792 0.817469
0.537998 0.137864
0.539185 0.082849
0.539504 0.444264
0.541396 0.238435
0.541402 0.343763
0.541523 0.38016
0.542084 0.813706
0.545311 0.04715
0.545722 0.954719
0.546022 0.990424
0.546337 0.283531
0.548187 0.381273
0.549593 0.00811873
0.550822 0.659418
0.551696 0.351314
0.553569 0.827476
0.55416 0.767121
0.554734 0.421997
0.555803 0.384093
0.556666 0.884908
0.557567 0.0327827
0.557625 0.00517774
0.558073 0.526749
0.558267 0.795503
0.559254 0.3889
0.560315 0.213339
0.561024 0.124948
0.561308 0.906687
0.562727 0.758721
0.563069 0.505029
0.563389 0.871
0.565123 0.0210632
0.565616 0.315293
0.566791 0.0622164
0.568691 0.993052
0.569952 0.184386
0.571078 0.104689
0.571488 0.00404044
0.572521 0.368234
0.572563 0.0663224
0.574013 0.437816
0.574827 0.123459
0.575662 0.158417
0.576352 0.753449
0.577423 0.748824
0.577466 0.469789
0.580935 0.774299
0.581055 0.792485
0.58437 0.502185
0.586225 0.680296
0.586305 0.0310569
0.586551 0.161635
0.587223 0.457997
0.587524 0.519568
0.587958 0.813463
0.589581 0.0885159
0.590002 0.157942
0.591482 0.0327734
0.592795 0.10805
0.593221 0.262369
0.594154 0.95067
0.594603 0.497395
0.595283 0.916976
0.595322 0.574994
0.59914 0.743888
0.599729 0.640309
0.60094 0.998002
0.602136 0.097942
0.606831 0.016913
0.607773 0.842192
0.609105 0.235031
0.609129 0.624925
0.609191 0.680976
0.610112 0.144543
0.610669 0.514711
0.61068 0.690992
0.61095 0.240914
0.611062 0.126983
0.611166 0.871935
0.611719 0.165271
0.612539 0.943484
0.613561 0.118201
0.61612 0.12295
0.617157 0.560641
0.618699 0.482225
0.619566 0.0473724
0.619642 0.317803
0.620958 0.446941
0.62101 0.309774
0.621583 0.942532
0.622296 0.929313
0.623079 0.080627
0.623912 0.0957838
0.624886 0.452011
0.625051 0.239114
0.625293 0.305469
0.625953 0.398604
0.626429 0.397239
0.626463 0.955713
0.62768 0.415729
0.627835 0.0232245
0.628918 0.216692
0.629239 0.624424
0.629405 0.404248
0.630322 0.818142
0.633039 0.485233
0.63326 0.20484
0.633474 0.797637
0.633824 0.686322
0.635672 0.737169
0.635835 0.471992
0.636055 0.170906
0.636806 0.80427
0.636939 0.0317019
0.638328 0.379397
0.638344 0.648765
0.638728 0.109989
0.640024 0.891651
0.641578 0.00885542
0.644506 0.218968
0.644848 0.968242
0.646475 0.311784
0.646597 0.358661
0.647158 0.777705
0.647178 0.122949
0.647272 0.699556
0.648298 0.940836
0.648649 0.848594
0.648821 0.741588
0.656388 0.911667
0.656917 0.80272
0.658525 0.833826
0.660412 0.54089
0.660659 0.692755
0.660664 0.776067
0.660765 0.469591
0.660933 0.294269
0.661104 0.179319
0.66122 0.126488
0.661268 0.933058
0.662046 0.0104516
0.662165 0.0115916
0.664793 0.177734
0.664876 0.56261
0.665255 0.944584
0.666844 0.650895
0.668701 0.857752
0.66884 0.194276
0.669093 0.454536
0.671217 0.141301
0.671516 0.161565
0.673011 0.290964
0.673426 0.274058
0.673644 0.930921
0.674012 0.115639
0.674104 0.672444
0.674139 0.260416
0.676308 0.707356
0.676705 0.385957
0.677843 0.510919
0.678011 0.329641
0.678699 0.893915
0.678821 0.944056
0.680487 0.950828
0.684746 0.524853
0.687028 0.874798
0.687245 0.519225
0.687254 0.670024
0.687532 0.342765
0.687549 0.627661
0.687994 0.11064
0.688262 0.625735
0.689184 0.120624
0.689979 0.470297
0.689984 0.567485
0.690283 0.594221
0.691781 0.756718
0.691824 0.478755
0.692131 0.644081
0.69223 0.306026
0.693501 0.67264
0.697266 0.940892
0.700038 0.53558
0.701282 0.450245
0.702113 0.410148
0.703959 0.44574
0.70763 0.137871
0.708744 0.853107
0.710015 0.221552
0.712828 0.501713
0.712949 0.531373
0.71484 0.3167
0.715304 0.115176
0.716518 0.522223
0.721136 0.136483
0.722261 0.0455626
0.722645 0.491407
0.724422 0.368141
0.724806 0.822885
0.724835 0.30765
0.726692 0.511541
0.727492 0.965915
0.729223 0.0486795
0.729575 0.973726
0.730037 0.731051
0.73215 0.24634
0.732819 0.480866
0.733215 0.14347
0.733406 0.353479
0.734689 0.917607
0.735615 0.474074
0.736549 0.183311
0.737199 0.09784
0.738033 0.119164
0.738789 0.823279
0.73932 0.743501
0.740059 0.178341
0.74054 0.260069
0.74078 0.297795
0.741113 0.881549
0.741708 0.882561
0.743023 0.985613
0.744353 0.349331
0.744409 0.285536
0.746645 0.861821
0.747378 0.187015
0.747696 0.525522
0.748007 0.74949
0.748724 0.797114
0.749203 0.851191
0.749785 0.628831
0.750333 0.841579
0.752804 0.383023
0.75381 0.279716
0.753942 0.497099
0.75491 0.778858
0.757665 0.0699073
0.758428 0.898172
0.758594 0.69703
0.758777 0.761915
0.758827 0.610246
0.75996 0.652992
0.760628 0.87923
0.760896 0.386131
0.760995 0.0457829
0.761359 0.162748
0.761557 0.489745
0.761966 0.357337
0.762973 0.285414
0.76356 0.154599
0.764052 0.415347
0.764961 0.699354
0.765236 0.315488
0.765551 0.612108
0.765695 0.028711
0.765711 0.300083
0.766207 0.644972
0.766684 0.658329
0.768853 0.104072
0.769865 0.121565
0.770208 0.88556
0.772165 0.784752
0.77242 0.0694154
0.772433 0.279632
0.773246 0.943745
0.774111 0.479519
0.774459 0.333589
0.775474 0.388429
0.776215 0.844675
0.77667 0.488807
0.777495 0.354527
0.778349 0.710687
0.778864 0.3605
0.779096 0.271501
0.779395 0.283891
0.779522 0.421054
0.779806 0.191492
0.780055 0.392233
0.781181 0.306259
0.781803 0.755542
0.783562 0.326679
0.783921 0.36643
0.785562 0.948057
0.78696 0.445002
0.788485 0.0751712
0.788692 0.548577
0.788939 0.690949
0.788981 0.410693
0.789031 0.24748
0.792069 0.29801
0.79226 0.513826
0.792286 0.946226
0.793614 0.276117
0.794128 0.907374
0.7944 0.480877
0.794925 0.302572
0.79502 0.897563
0.797055 0.109026
0.799204 0.226515
0.800607 0.805988
0.800665 0.768741
0.800933 0.279445
0.801252 0.63737
0.802007 0.340201
0.803549 0.242063
0.803944 0.890634
0.803962 0.181924
0.805231 0.522969
0.806487 0.633278
0.806489 0.659355
0.806691 0.0506463
0.809945 0.737175
0.81203 0.780651
0.812055 0.216384
0.812108 0.0947216
0.812201 0.671007
0.812656 0.304785
0.812693 0.92562
0.813107 0.885774
0.814339 0.587554
0.814661 0.00976435
0.814761 0.689867
0.817517 0.000371933
0.817941 0.129646
0.819732 0.238933
0.820785 0.928798
0.821343 0.315714
0.822619 0.764004
0.822835 0.382338
0.823131 0.366694
0.825152 0.330648
0.82722 0.0844623
0.82788 0.179914
0.82889 0.15311
0.829117 0.962877
0.829477 0.0224429
0.830013 0.0304844
0.830475 0.788357
0.832107 0.217574
0.832869 0.0234321
0.833039 0.885668
0.83427 0.5743
0.835147 0.315439
0.836137 0.960091
0.836947 0.563017
0.837298 0.47238
0.838303 0.353976
0.838451 0.840367
0.839785 0.26034
0.841713 0.669076
0.842801 0.96413
0.843737 0.690679
0.844345 0.908333
0.844421 0.189134
0.845389 0.45301
0.845488 0.122179
0.845837 0.988278
0.845853 0.252175
0.846019 0.0376425
0.847275 0.14385
0.849528 0.0131385
0.849967 0.399235
0.851823 0.596732
0.852037 0.18848
0.854382 0.603672
0.854935 0.890168
0.855014 0.215509
0.855488 0.184193
0.856966 0.0311462
0.857692 0.234373
0.858632 0.0241125
0.858809 0.00561478
0.862836 0.677976
0.863725 0.630591
0.863845 0.649066
0.865097 0.682809
0.866211 0.40188
0.866741 0.322814
0.867335 0.295127
0.871796 0.267949
0.872006 0.809232
0.872151 0.243061
0.872693 0.356249
0.874034 0.881878
0.874581 0.0868469
0.875632 0.743191
0.875681 0.563386
0.877766 0.60896
0.87785 0.0249929
0.879029 0.843723
0.87951 0.932135
0.879692 0.985577
0.881411 0.867604
0.881624 0.460455
0.881969 0.260538
0.882096 0.395079
0.882686 0.302448
0.883285 0.374649
0.883507 0.0950074
0.884089 0.887423
0.884443 0.829046
0.884644 0.215101
0.884798 0.805833
0.887568 0.362392
0.887756 0.513217
0.889078 0.739723
0.889694 0.0835296
0.889983 0.952604
0.889992 0.0948556
0.890046 0.00280834
0.890381 0.63878
0.890385 0.700507
0.890702 0.0260225
0.891971 0.351321
0.894812 0.11289
0.894876 0.18803
0.895127 0.399063
0.895619 0.666064
0.896803 0.564076
0.897111 0.736531
0.897787 0.0981966
0.899357 0.487712
0.899476 0.495144
0.900139 0.63775
0.90031 0.504972
0.901389 0.638927
0.901482 0.211167
0.904398 0.222904
0.904409 0.397964
0.905089 0.833472
0.905701 0.11509
0.905927 0.90958
0.907676 0.317867
0.908939 0.535686
0.90941 0.447285
0.910168 0.185929
0.9134 0.519222
0.913894 0.817561
0.915037 0.0203169
0.916428 0.398715
0.91797 0.326365
0.918733 0.151624
0.918765 0.683997
0.919085 0.06292
0.919451 0.210549
0.9195 0.0351506
0.920042 0.14686
0.920387 0.9462
0.920674 0.759996
0.921519 0.97255
0.922255 0.34071
0.92253 0.959066
0.923737 0.247222
0.925006 0.568584
0.925761 0.262063
0.926256 0.592372
0.928118 0.882674
0.931674 0.639781
0.933387 0.442432
0.936122 0.409603
0.938136 0.243388
0.938195 0.242596
0.938467 0.809721
0.938786 0.173038
0.939621 0.206493
0.941002 0.427072
0.942008 0.327874
0.942647 0.0617474
0.942709 0.114511
0.94284 0.307421
0.943225 0.781879
0.944014 0.042832
0.946713 0.400688
0.947812 0.874441
0.950325 0.110273
0.950504 0.113172
0.9519 0.580353
0.952056 0.202171
0.952408 0.116018
0.953868 0.658135
0.955651 0.617774
0.956537 0.525105
0.956695 0.17837
0.956797 0.880855
0.956856 0.873176
0.957808 0.886992
0.958329 0.636983
0.958572 0.727059
0.961008 0.660199
0.961113 0.422298
0.96114 0.874756
0.961265 0.976034
0.962935 0.0427251
0.964224 0.707868
0.964965 0.159324
0.965608 0.968832
0.968447 0.681368
0.968749 0.755994
0.969173 0.891514
0.970417 0.795613
0.970419 0.827561
0.971289 0.448651
0.971512 0.204658
0.972709 0.314428
0.973191 0.428808
0.974008 0.152236
0.974058 0.988288
0.974936 0.756647
0.975463 0.6086
0.976183 0.706343
0.977216 0.0609645
0.978227 0.0651213
0.979127 0.192757
0.980005 0.951318
0.980938 0.628639
0.981393 0.272755
0.983136 0.567849
0.983673 0.594565
0.983826 0.169385
0.983863 0.779232
0.984066 0.197821
0.984415 0.0593333
0.984779 0.187952
0.985861 0.359513
0.986264 0.138847
0.988321 0.718478
0.988692 0.943377
0.988859 0.756683
0.989446 0.617352
0.98994 0.921873
0.990351 0.827556
0.991129 0.91107
0.991195 0.0115124
0.992184 0.641796
0.992197 0.856763
0.994772 0.137015
0.995196 0.258917
0.995254 0.241753
0.995985 0.522046
0.996024 0.175634
0.996446 0.275121
0.999928 0.781356
