0.00162784 0.359156
0.00228358 0.380178
0.00646304 0.624378
0.00710185 0.36085
0.00739334 0.259805
0.00741168 0.568085
0.00853014 0.366093
0.010302 0.144935
0.0110638 0.949955
0.0126936 0.340894
0.0142505 0.507428
0.01454 0.3746
0.0175981 0.77061
0.0176118 0.00200397
0.0179388 0.496702
0.0199655 0.560959
0.0199916 0.999486
0.0201042 0.890814
0.0224569 0.432668
0.0246078 0.582535
0.0249376 0.126038
0.0268222 0.800192
0.0286178 0.979501
0.0289742 0.969554
0.0290801 0.748558
0.0301302 0.39789
0.0309332 0.893853
0.0313193 0.383486
0.0330987 0.289968
0.0331171 0.59846
0.0334179 0.65532
0.0335055 0.127546
0.0343766 0.767592
0.0345068 0.955649
0.0345944 0.427648
0.0347262 0.643951
0.0367737 0.0555024
0.0374425 0.296266
0.0395667 0.997212
0.0429106 0.199199
0.045386 0.802277
0.0462755 0.752825
0.0474825 0.038305
0.0477418 0.39591
0.0506946 0.0248975
0.0508544 0.710172
0.0520652 0.0605867
0.0551196 0.395003
0.0575786 0.722733
0.0576186 0.395777
0.0582766 0.455149
0.0588325 0.797079
0.0592496 0.808097
0.0602211 0.136666
0.0616526 0.195637
0.0621274 0.174699
0.0629923 0.711217
0.06434 0.362279
0.0649856 0.212664
0.0651919 0.679667
0.0670539 0.97418
0.0673451 0.869785
0.069143 0.0863321
0.0708681 0.0807371
0.0711674 0.111175
0.0726161 0.458892
0.0732812 0.636325
0.0734534 0.532011
0.0745789 0.447978
0.0756796 0.947754
0.0761536 0.913276
0.0765046 0.813208
0.0775684 0.692243
0.0789534 0.969846
0.0811004 0.0552699
0.0824354 0.492031
0.0851667 0.396872
0.0852651 0.0507008
0.0872858 0.0130345
0.0878612 0.682702
0.0900291 0.11899
0.0933185 0.404118
0.098485 0.237794
0.0995629 0.352912
0.100032 0.229675
0.102089 0.815959
0.103929 0.728693
0.104107 0.73232
0.105947 0.647786
0.109515 0.617716
0.110663 0.912604
0.111888 0.508994
0.115248 0.969244
0.11579 0.0768756
0.118203 0.641863
0.121448 0.173601
0.122262 0.861279
0.122967 0.699923
0.124551 0.321897
0.124721 0.192429
0.125184 0.959303
0.125371 0.115067
0.12671 0.612685
0.127151 0.0188647
0.127666 0.675205
0.129455 0.744037
0.129477 0.119421
0.129566 0.619869
0.131676 0.0723124
0.131906 0.945246
0.134402 0.893012
0.1366 0.844495
0.138186 0.492507
0.138233 0.278541
0.139 0.170418
0.140546 0.151741
0.140975 0.367865
0.141757 0.508902
0.142018 0.894549
0.143426 0.559408
0.144683 0.684688
0.144717 0.256131
0.145324 0.455306
0.146219 0.505062
0.147049 0.457522
0.148059 0.419432
0.148344 0.223289
0.14911 0.0988873
0.151028 0.326044
0.151296 0.83059
0.151426 0.0186703
0.153887 0.383677
0.154213 0.862871
0.155802 0.572423
0.155833 0.0927822
0.156076 0.166055
0.158478 0.541864
0.160811 0.742856
0.162032 0.265944
0.162203 0.138777
0.164969 0.630009
0.165026 0.590837
0.166119 0.962753
0.166401 0.698896
0.166463 0.741924
0.166625 0.471645
0.16675 0.5635
0.168897 0.659795
0.17378 0.71786
0.176031 0.560156
0.176804 0.551428
0.17717 0.700207
0.177227 0.653592
0.177407 0.683899
0.177698 0.568399
0.181003 0.11269
0.183352 0.594797
0.187536 0.925204
0.188144 0.142373
0.189403 0.29899
0.190161 0.0396305
0.190729 0.583379
0.190851 0.63341
0.190959 0.445958
0.193467 0.599503
0.193573 0.379306
0.19382 0.526014
0.195616 0.723942
0.195828 0.279446
0.196471 0.0899549
0.197134 0.233523
0.197189 0.153059
0.198875 0.49069
0.20087 0.0253444
0.201483 0.331068
0.202762 0.82058
0.2057 0.191767
0.207159 0.721596
0.208566 0.376054
0.209386 0.151489
0.209968 0.925943
0.210572 0.0836939
0.212343 0.847869
0.213475 0.882687
0.214978 0.12794
0.215137 0.808871
0.215338 0.192242
0.217165 0.890565
0.219084 0.138117
0.219418 0.753921
0.219476 0.726214
0.219964 0.936545
0.222561 0.579487
0.223154 0.547542
0.228859 0.425629
0.232236 0.197486
0.233002 0.066565
0.235742 0.119285
0.237047 0.0525129
0.237268 0.765992
0.237448 0.79583
0.238604 0.220534
0.239171 0.747456
0.239579 0.608317
0.241693 0.140245
0.243211 0.65352
0.245178 0.70578
0.245314 0.99216
0.247265 0.780171
0.247662 0.461887
0.251131 0.752098
0.252068 0.500122
0.252704 0.193314
0.255686 0.313696
0.255806 0.325707
0.259833 0.020326
0.259906 0.243783
0.259932 0.682803
0.261321 0.0180625
0.263429 0.446166
0.263605 0.413087
0.264786 0.262231
0.265346 0.674927
0.267254 0.745596
0.269818 0.8299
0.270468 0.758329
0.271903 0.874777
0.272062 0.538145
0.273597 0.345316
0.274516 0.792057
0.277476 0.533361
0.277594 0.529445
0.277955 0.588322
0.280475 0.94911
0.282035 0.163526
0.282382 0.986579
0.283187 0.530549
0.283479 0.432361
0.28437 0.413182
0.2881 0.0910361
0.288574 0.0609174
0.289222 0.949753
0.28949 0.462852
0.289615 0.556625
0.289632 0.850364
0.291517 0.524745
0.291994 0.536756
0.293631 0.0624487
0.294854 0.606519
0.29509 0.57675
0.295357 0.0713012
0.296553 0.165606
0.298214 0.0826799
0.301619 0.308161
0.303773 0.50695
0.303875 0.223609
0.30581 0.752504
0.306899 0.0562297
0.30847 0.453853
0.309993 0.0597846
0.312246 0.925645
0.315255 0.497139
0.317157 0.456932
0.319534 0.41482
0.319663 0.577598
0.320439 0.619937
0.322703 0.665225
0.323277 0.31517
0.323774 0.667041
0.323854 0.0101238
0.324089 0.969273
0.326219 0.768651
0.326726 0.279945
0.326731 0.375724
0.327393 0.499593
0.327506 0.394748
0.329752 0.146266
0.330386 0.800287
0.330896 0.370443
0.331371 0.353198
0.332813 0.592114
0.334034 0.107532
0.334164 0.294807
0.334318 0.874378
0.335923 0.856545
0.336511 0.7357
0.33849 0.00343611
0.339077 0.87111
0.339714 0.576096
0.34009 0.895498
0.340799 0.811928
0.343094 0.376128
0.343771 0.759222
0.344591 0.532661
0.344954 0.639483
0.345869 0.017352
0.345965 0.639868
0.347462 0.792934
0.347663 0.175335
0.348615 0.174437
0.351467 0.0975655
0.352752 0.707345
0.353932 0.531006
0.354384 0.131718
0.35439 0.231433
0.354746 0.222206
0.357124 0.180431
0.358444 0.367382
0.35883 0.855223
0.359041 0.407893
0.359092 0.26373
0.359188 0.871212
0.360819 0.278312
0.363666 0.132412
0.364008 0.87825
0.366967 0.617339
0.367227 0.978411
0.367626 0.697662
0.373712 0.969455
0.376051 0.285291
0.376867 0.000745115
0.377067 0.366115
0.377209 0.752563
0.377674 0.560963
0.377831 0.201893
0.378109 0.875104
0.378548 0.256161
0.380339 0.364477
0.381064 0.53445
0.385637 0.401018
0.389948 0.861818
0.391208 0.0332585
0.391989 0.157649
0.393926 0.718812
0.394654 0.950661
0.395743 0.247679
0.396402 0.330733
0.397644 0.211103
0.397851 0.690237
0.397951 0.366215
0.398493 0.465872
0.399139 0.334202
0.400938 0.563781
0.401311 0.826152
0.401422 0.696098
0.403056 0.157153
0.403414 0.180045
0.408217 0.906524
0.408725 0.438926
0.409068 0.213581
0.409511 0.654541
0.411229 0.524733
0.412102 0.19545
0.41221 0.0124437
0.412934 0.184522
0.413178 0.290008
0.414423 0.213141
0.417556 0.864258
0.419752 0.777281
0.422159 0.219207
0.422981 0.0376247
0.425784 0.155514
0.426912 0.10612
0.427297 0.576532
0.428957 0.478235
0.430282 0.750305
0.43152 0.554242
0.431585 0.654192
0.432353 0.559358
0.432581 0.392346
0.434224 0.997328
0.434508 0.774997
0.439345 0.070461
0.439658 0.325524
0.441311 0.106599
0.44133 0.43954
0.442207 0.169558
0.442817 0.422125
0.443453 0.116647
0.443893 0.501766
0.444487 0.497276
0.447249 0.911911
0.44808 0.873238
0.448241 0.578188
0.450148 0.637822
0.451458 0.658665
0.452509 0.313264
0.452891 0.732296
0.454751 0.997655
0.456429 0.194412
0.457983 0.328647
0.458575 0.266844
0.460732 0.523822
0.461223 0.780924
0.462721 0.95023
0.463762 0.441672
0.469383 0.914104
0.472598 0.958025
0.473002 0.7519
0.475783 0.485953
0.475791 0.625489
0.477774 0.951704
0.481018 0.472282
0.482093 0.535424
0.482889 0.917209
0.484367 0.75697
0.484827 0.492679
0.484904 0.777549
0.486816 0.91432
0.487887 0.92332
0.487911 0.316
0.49005 0.274269
0.492301 0.105436
0.493872 0.506198
0.494877 0.399619
0.495028 0.935832
0.495656 0.496563
0.497455 0.724051
0.498859 0.315139
0.502057 0.0679108
0.502085 0.542549
0.502113 0.00493851
0.503608 0.13696
0.504311 0.951013
0.507909 0.425767
0.508595 0.94936
0.509659 0.837928
0.512037 0.804973
0.513733 0.302827
0.514122 0.854726
0.514735 0.148601
0.515161 0.318628
0.515508 0.15047
0.515747 0.167558
0.516079 0.74815
0.518588 0.911204
0.518896 0.0803019
0.518996 0.769937
0.523161 0.771715
0.523961 0.208926
0.52403 0.37446
0.524394 0.492168
0.524997 0.623278
0.527319 0.647394
0.527957 0.375899
0.529156 0.517804
0.530233 0.63325
0.53087 0.333462
0.532484 0.463994
0.533035 0.727402
0.533477 0.150948
0.534403 0.716986
0.534506 0.43892
0.53483 0.883091
0.536932 0.21428
0.537073 0.594459
0.538456 0.837258
0.538778 0.239847
0.539164 0.7248
0.545179 0.825212
0.545663 0.962453
0.548224 0.995204
0.552041 0.145042
0.553459 0.983262
0.553717 0.325825
0.554882 0.898745
0.556426 0.852394
0.556625 0.190505
0.556766 0.564955
0.559821 0.916135
0.560847 0.155608
0.561376 0.0458778
0.562398 0.22511
0.562982 0.0462647
0.565231 0.839982
0.566139 0.0944286
0.566529 0.657199
0.571105 0.560958
0.572368 0.791981
0.573529 0.294863
0.573592 0.366144
0.574157 0.864429
0.57446 0.946944
0.574753 0.874457
0.575417 0.0407607
0.575715 0.0343991
0.575786 0.234095
0.576156 0.45458
0.577916 0.0329336
0.579053 0.136835
0.579754 0.922259
0.580741 0.506766
0.581095 0.470232
0.58134 0.589149
0.581568 0.408558
0.581716 0.906719
0.58305 0.328986
0.583983 0.00096127
0.584411 0.189857
0.584425 0.427364
0.584749 0.868467
0.584962 0.463291
0.58779 0.993144
0.58819 0.712701
0.590904 0.321674
0.59262 0.157
0.593151 0.0944865
0.593483 0.663786
0.596074 0.219832
0.599322 0.797503
0.600159 0.871811
0.601411 0.91965
0.6019 0.12685
0.602375 0.11643
0.602596 0.827601
0.602662 0.94595
0.602863 0.32068
0.604843 0.593206
0.605345 0.025422
0.605528 0.116306
0.606545 0.194445
0.607279 0.532943
0.607537 0.88237
0.607639 0.584355
0.608261 0.0340915
0.609508 0.994321
0.611111 0.935181
0.611185 0.181781
0.611275 0.695909
0.617567 0.441115
0.617829 0.84657
0.618385 0.19491
0.618874 0.411095
0.619867 0.0993876
0.62046 0.0752927
0.62323 0.626255
0.626298 0.195016
0.62761 0.243049
0.6294 0.319997
0.633337 0.489852
0.633649 0.742715
0.634426 0.802789
0.634921 0.121038
0.636274 0.853393
0.636476 0.247078
0.636888 0.169979
0.637126 0.184038
0.639008 0.802797
0.639927 0.249702
0.640782 0.615261
0.641434 0.579762
0.642997 0.849064
0.64495 0.671464
0.646071 0.523418
0.647526 0.962368
0.648395 0.568126
0.651607 0.551823
0.652236 0.129278
0.653486 0.137288
0.654073 0.00283353
0.654675 0.119676
0.655438 0.947095
0.656929 0.00901559
0.661187 0.570041
0.661372 0.680334
0.661516 0.105671
0.661675 0.76569
0.662162 0.956541
0.665569 0.223728
0.667804 0.774468
0.67131 0.705322
0.6733 0.151765
0.673323 0.531986
0.674258 0.248932
0.67516 0.407702
0.67821 0.68331
0.680671 0.0297451
0.682369 0.579589
0.683864 0.698368
0.684982 0.496689
0.685866 0.355332
0.687041 0.0921208
0.688714 0.216789
0.689954 0.0627464
0.690073 0.0607323
0.690191 0.0466814
0.690404 0.612352
0.691602 0.762372
0.691683 0.123519
0.691697 0.352659
0.693278 0.921939
0.694498 0.421172
0.695043 0.590257
0.697598 0.522893
0.702517 0.196643
0.703826 0.195722
0.704435 0.434053
0.705107 0.738304
0.70549 0.175156
0.705556 0.278259
0.706408 0.597526
0.70844 0.75814
0.70951 0.735146
0.713838 0.481992
0.715845 0.206725
0.716111 0.673046
0.716127 0.950483
0.716962 0.979837
0.717054 0.521984
0.718605 0.587988
0.71903 0.743286
0.719381 0.633755
0.72004 0.718814
0.720507 0.563473
0.720891 0.0105152
0.721206 0.301227
0.721658 0.913662
0.721905 0.0566839
0.722851 0.949082
0.723366 0.621262
0.724391 0.838171
0.7245 0.667632
0.726363 0.984136
0.727657 0.723606
0.728313 0.760031
0.72832 0.88109
0.72834 0.209351
0.728516 0.164893
0.729621 0.738034
0.730623 0.588457
0.730831 0.0758718
0.730966 0.349401
0.732135 0.990089
0.732932 0.395533
0.73348 0.593645
0.736016 0.22013
0.736861 0.42895
0.738956 0.627929
0.738978 0.00489351
0.739298 0.380701
0.740719 0.258508
0.74122 0.680425
0.741465 0.798026
0.741821 0.78408
0.746096 0.634094
0.74655 0.261994
0.749001 0.466701
0.749159 0.113932
0.750693 0.891793
0.75089 0.216544
0.752587 0.72753
0.753265 0.124539
0.754923 0.989983
0.755419 0.327586
0.756992 0.763942
0.757462 0.66773
0.75757 0.478712
0.759828 0.426711
0.761173 0.0266122
0.762859 0.364056
0.763188 0.89791
0.767623 0.431429
0.76848 0.838233
0.769291 0.475267
0.769899 0.697421
0.770444 0.848356
0.775323 0.847849
0.776224 0.993298
0.778109 0.683996
0.778902 0.00208991
0.779558 0.0292329
0.783892 0.870238
0.783932 0.539956
0.78432 0.0684547
0.788027 0.374994
0.791114 0.258524
0.791408 0.189332
0.791461 0.0877604
0.79335 0.829064
0.794178 0.741884
0.794812 0.40359
0.795257 0.88412
0.797292 0.0911686
0.799891 0.765158
0.802279 0.907803
0.802329 0.749443
0.808735 0.405887
0.809384 0.310853
0.81049 0.909844
0.811931 0.130899
0.812481 0.369216
0.812832 0.260273
0.815712 0.667916
0.816249 0.689153
0.816684 0.000703477
0.816916 0.899918
0.817197 0.622999
0.818643 0.934864
0.819062 0.973595
0.819788 0.171038
0.820179 0.748131
0.821281 0.274986
0.821449 0.0853652
0.822966 0.590008
0.823343 0.925775
0.824174 0.892079
0.825043 0.491725
0.826756 0.280727
0.826933 0.255733
0.827309 0.576333
0.829053 0.894585
0.830037 0.434513
0.830665 0.988818
0.831926 0.183354
0.833226 0.0253494
0.835808 0.418748
0.837514 0.100661
0.838292 0.171958
0.839475 0.0561875
0.841296 0.661619
0.841682 0.158007
0.844943 0.961774
0.845017 0.205196
0.846132 0.937799
0.846831 0.690384
0.847254 0.804937
0.848534 0.313083
0.848794 0.672097
0.849276 0.782829
0.849643 0.949891
0.849782 0.294178
0.850189 0.130574
0.850976 0.360519
0.851827 0.662403
0.854225 0.967743
0.854511 0.764227
0.85531 0.18944
0.85566 0.0762395
0.856847 0.0329411
0.858027 0.864734
0.860749 0.616742
0.862465 0.449673
0.862649 0.539054
0.865204 0.485199
0.865461 0.803703
0.867589 0.572441
0.867751 0.289663
0.869348 0.135385
0.871667 0.109405
0.872069 0.865729
0.872361 0.775101
0.875103 0.860755
0.875554 0.441783
0.875831 0.0936359
0.878098 0.196706
0.878241 0.602939
0.879887 0.254769
0.880339 0.85959
0.880898 0.248901
0.883649 0.482942
0.883838 0.658578
0.884571 0.978363
0.885205 0.63337
0.887408 0.666262
0.887751 0.429436
0.888491 0.868018
0.889476 0.429781
0.890187 0.379544
0.890279 0.913982
0.892555 0.172084
0.89461 0.711621
0.896676 0.426241
0.897352 0.789612
0.900156 0.919436
0.901569 0.669368
0.902019 0.228169
0.908114 0.675163
0.909996 0.296661
0.910984 0.903035
0.911864 0.705149
0.912257 0.299859
0.914629 0.169794
0.915499 0.799047
0.917286 0.829695
0.917492 0.288872
0.917726 0.214211
0.920971 0.763151
0.921327 0.747209
0.922463 0.831372
0.922745 0.569526
0.923059 0.845595
0.923706 0.729273
0.923757 0.59184
0.924262 0.0694027
0.925592 0.421631
0.926054 0.197778
0.927153 0.656458
0.928299 0.923547
0.928789 0.16055
0.92992 0.165706
0.930556 0.854922
0.930597 0.550624
0.931468 0.176762
0.934248 0.910486
0.934818 0.488404
0.938897 0.0486041
0.939433 0.0542898
0.94224 0.220875
0.942722 0.321284
0.943888 0.927466
0.944378 0.168977
0.946495 0.73855
0.947978 0.671069
0.949508 0.383306
0.949521 0.593014
0.951205 0.896703
0.951228 0.29051
0.951384 0.90692
0.951593 0.416452
0.963608 0.364687
0.966114 0.484094
0.966444 0.032559
0.968755 0.871347
0.968955 0.222215
0.969003 0.0410251
0.971007 0.720091
0.972533 0.356021
0.973719 0.294065
0.975047 0.614752
0.975842 0.983944
0.978285 0.0365851
0.978488 0.444304
0.979641 0.826315
0.980394 0.485819
0.981668 0.892575
0.982858 0.892439
0.98348 0.344696
0.9855 0.29965
0.986383 0.136646
0.986601 0.811353
0.987553 0.801964
0.98983 0.0814479
0.989905 0.330677
0.990916 0.322445
0.992399 0.251849
0.995896 0.0256286
0.998306 0.529359
0.998323 0.813073
0.999601 0.296801
0.999909 0.47648
