0.00154711 0.00220401
0.00350758 0.951899
0.00428894 0.0842184
0.00496766 0.491519
0.00861898 0.859122
0.00921255 0.835395
0.0108253 0.941445
0.0141094 0.136179
0.0172508 0.93447
0.0210825 0.33292
0.0219998 0.750437
0.0224034 0.534334
0.0249518 0.364202
0.02609 0.495034
0.0275612 0.22136
0.0278969 0.863617
0.0293268 0.895798
0.0314022 0.776549
0.0334041 0.423487
0.0340658 0.543209
0.0351408 0.61219
0.035166 0.03544
0.0359304 0.882128
0.0362575 0.379479
0.0373321 0.441213
0.0395726 0.0974758
0.0396693 0.721917
0.0403065 0.431411
0.0407699 0.218938
0.0408867 0.183083
0.0412214 0.80881
0.0415681 0.634243
0.0417924 0.404236
0.0427222 0.0327756
0.0467574 0.851662
0.0477169 0.977763
0.0487645 0.584941
0.049525 0.366451
0.0523506 0.857008
0.0543097 0.782466
0.0554001 0.10877
0.055489 0.603067
0.0560451 0.950099
0.0560465 0.973532
0.0561076 0.999678
0.0584886 0.0185104
0.0601998 0.778852
0.0641994 0.998959
0.0652787 0.139739
0.065744 0.960278
0.0657591 0.2126
0.0658376 0.532963
0.0662476 0.422962
0.067546 0.245642
0.0689719 0.210634
0.0696235 0.161494
0.073032 0.449265
0.0734958 0.243671
0.0744498 0.277788
0.0750941 0.106251
0.0757111 0.475807
0.0762837 0.0995724
0.0762961 0.309147
0.0803179 0.903369
0.0817311 0.654694
0.0817934 0.701807
0.0824953 0.498768
0.0851169 0.559959
0.0852099 0.122814
0.0874036 0.992104
0.0877146 0.219007
0.0884149 0.990039
0.0940142 0.0968153
0.0947034 0.679419
0.0957538 0.334722
0.0959572 0.7531
0.0964667 0.316079
0.0983271 0.583137
0.0995244 0.706164
0.102583 0.115698
0.102961 0.461749
0.103883 0.969738
0.104483 0.0473941
0.105456 0.397298
0.105488 0.932989
0.108318 0.4994
0.109229 0.819651
0.109947 0.879264
0.110299 0.792336
0.11037 0.989677
0.117537 0.44391
0.118149 0.733511
0.119028 0.508984
0.120808 0.42719
0.121339 0.337433
0.123044 0.00855459
0.129043 0.825026
0.12937 0.329382
0.130001 0.92807
0.130027 0.355797
0.13258 0.277132
0.132959 0.642052
0.133218 0.991925
0.133278 0.0115989
0.133369 0.536504
0.133546 0.511965
0.134492 0.414161
0.137522 0.340064
0.138908 0.625829
0.139041 0.863811
0.139109 0.00887109
0.141147 0.255732
0.141758 0.526418
0.14235 0.476504
0.143369 0.608387
0.144715 0.232174
0.145469 0.904569
0.146722 0.962863
0.14681 0.43512
0.148734 0.770736
0.149274 0.849105
0.150205 0.4926
0.150279 0.747559
0.150858 0.467103
0.15147 0.763568
0.152393 0.274908
0.153236 0.444236
0.154882 0.0959965
0.154924 0.803766
0.155116 0.0310167
0.156681 0.339365
0.159112 0.201606
0.160855 0.486518
0.161987 0.523261
0.163359 0.577287
0.163924 0.0714401
0.164201 0.725007
0.167066 0.880939
0.167139 0.10035
0.167752 0.407741
0.168394 0.196062
0.171173 0.902652
0.171466 0.820875
0.172454 0.440233
0.172964 0.99926
0.173803 0.11
0.174007 0.540322
0.174059 0.402427
0.174321 0.809206
0.176678 0.423751
0.177625 0.336349
0.178026 0.0763629
0.178425 0.787655
0.179579 0.187205
0.180976 0.668613
0.181455 0.715765
0.183817 0.419452
0.184485 0.641503
0.18469 0.0875163
0.185314 0.566414
0.1856 0.376446
0.185868 0.880005
0.186893 0.115752
0.187436 0.23924
0.187999 0.705281
0.189889 0.457745
0.190716 0.366369
0.192257 0.270697
0.193538 0.786474
0.195271 0.925393
0.195281 0.0799401
0.195356 0.340807
0.197831 0.939901
0.199466 0.428325
0.19969 0.185522
0.200454 0.0337279
0.200639 0.142033
0.20352 0.557425
0.204145 0.0633392
0.205972 0.776736
0.20722 0.73893
0.208677 0.22944
0.210281 0.191759
0.211388 0.800603
0.211432 0.535093
0.212215 0.698443
0.213961 0.0486895
0.214693 0.345168
0.214812 0.337073
0.215654 0.489747
0.215684 0.99551
0.217044 0.865836
0.217351 0.0229751
0.217698 0.849918
0.220192 0.764454
0.221196 0.640626
0.223428 0.14753
0.223959 0.074099
0.226144 0.800456
0.22637 0.604478
0.226589 0.281416
0.227784 0.365711
0.22889 0.961352
0.229886 0.697104
0.230939 0.392392
0.23107 0.595139
0.23399 0.666067
0.23456 0.252485
0.23578 0.755068
0.235919 0.0940021
0.236971 0.763651
0.23702 0.593121
0.237408 0.116924
0.239596 0.896837
0.239944 0.741014
0.241303 0.576755
0.241616 0.838
0.241943 0.339765
0.243941 0.911829
0.244045 0.656953
0.245561 0.150764
0.246016 0.78646
0.246795 0.884663
0.24699 0.166416
0.247154 0.921056
0.24871 0.0638684
0.249719 0.032697
0.251693 0.204317
0.251814 0.230885
0.251938 0.320377
0.252139 0.70248
0.253235 0.121151
0.254157 0.624977
0.254835 0.0134715
0.254902 0.140242
0.256803 0.0956126
0.257136 0.686004
0.257631 0.999181
0.257888 0.315925
0.258225 0.981128
0.258361 0.269488
0.258628 0.756588
0.25943 0.231859
0.260035 0.407211
0.261743 0.122974
0.262325 0.898234
0.262864 0.953288
0.263224 0.0112973
0.264687 0.601022
0.265503 0.315638
0.265538 0.896707
0.266445 0.135188
0.26654 0.730499
0.267046 0.239813
0.268747 0.826222
0.270346 0.705402
0.271553 0.986099
0.27308 0.664112
0.273488 0.510009
0.273699 0.06718
0.275321 0.315913
0.275575 0.584063
0.276039 0.391641
0.276574 0.37719
0.277201 0.918104
0.278376 0.660817
0.278549 0.571655
0.281704 0.596535
0.2832 0.747035
0.284248 0.358658
0.284545 0.342389
0.284636 0.868891
0.284971 0.513871
0.285231 0.870975
0.285316 0.302332
0.287576 0.289086
0.287892 0.608036
0.289668 0.441842
0.291005 0.921703
0.292368 0.833453
0.292973 0.0041255
0.293085 0.878791
0.293358 0.468965
0.294431 0.509771
0.294714 0.26188
0.295059 0.0551542
0.295503 0.518818
0.296465 0.693106
0.296996 0.607411
0.298773 0.469596
0.300341 0.832102
0.300915 0.474401
0.301563 0.368683
0.303495 0.835218
0.30542 0.196691
0.305807 0.69394
0.306334 0.551691
0.307201 0.119538
0.308552 0.836233
0.309088 0.848297
0.309297 0.358556
0.309405 0.176372
0.311234 0.910375
0.31416 0.0893463
0.318204 0.0565501
0.318369 0.82919
0.318409 0.502665
0.321332 0.622234
0.3231 0.338355
0.323377 0.995296
0.3241 0.148833
0.3247 0.235982
0.325098 0.916923
0.325823 0.108927
0.329746 0.0336209
0.330153 0.888346
0.330697 0.0234176
0.330944 0.179259
0.33243 0.158822
0.334116 0.491524
0.33595 0.308776
0.337265 0.404863
0.338355 0.739033
0.339085 0.00476904
0.34091 0.676036
0.341883 0.0301505
0.344728 0.836705
0.344992 0.27223
0.345268 0.919864
0.34532 0.796558
0.345518 0.127939
0.346936 0.949974
0.347333 0.633365
0.347418 0.0593687
0.347425 0.180411
0.350113 0.35297
0.350356 0.439885
0.352557 0.433113
0.354126 0.790932
0.3542 0.0408967
0.355947 0.407688
0.356013 0.517358
0.356126 0.404444
0.3582 0.273932
0.364388 0.270257
0.369531 0.702817
0.369677 0.164664
0.371827 0.30312
0.372343 0.974064
0.372457 0.888464
0.372995 0.921417
0.375342 0.364737
0.376716 0.462638
0.377348 0.0961536
0.377684 0.742918
0.377782 0.384914
0.37967 0.121671
0.381025 0.88033
0.381259 0.822308
0.381267 0.958612
0.382098 0.927327
0.383502 0.526335
0.385634 0.355852
0.385975 0.0900767
0.386154 0.0972965
0.386376 0.817467
0.386896 0.554435
0.389463 0.702335
0.390123 0.804032
0.391228 0.369158
0.392284 0.120342
0.393532 0.0999033
0.394612 0.237538
0.395672 0.0528036
0.39583 0.71528
0.396504 0.0455301
0.397704 0.217449
0.398192 0.417747
0.398616 0.532214
0.399424 0.119644
0.399605 0.168421
0.401612 0.894508
0.401798 0.0124479
0.402193 0.654398
0.402937 0.162024
0.404767 0.918395
0.40662 0.05908
0.406745 0.159724
0.407913 0.787014
0.409479 0.120101
0.411933 0.362086
0.412401 0.222186
0.412495 0.807465
0.413215 0.904605
0.413537 0.318653
0.414044 0.845592
0.414535 0.0812643
0.414671 0.380401
0.415814 0.594059
0.416509 0.268302
0.416749 0.29763
0.416796 0.0947224
0.419133 0.369157
0.419957 0.215585
0.421189 0.91843
0.421356 0.730984
0.421581 0.516341
0.423561 0.781517
0.424255 0.448051
0.424474 0.131563
0.427133 0.824992
0.427828 0.508391
0.429855 0.574949
0.429856 0.5869
0.430753 0.659149
0.431066 0.930286
0.431597 0.849632
0.432961 0.771964
0.433743 0.924576
0.433806 0.972559
0.436492 0.117999
0.437163 0.398012
0.437312 0.89813
0.437678 0.0533739
0.437993 0.344407
0.438003 0.510106
0.438511 0.0625514
0.43881 0.0765931
0.439353 0.211641
0.439448 0.798367
0.44015 0.598051
0.441285 0.674317
0.442443 0.147177
0.442512 0.298389
0.442587 0.567442
0.444445 0.782032
0.444949 0.254671
0.445376 0.439576
0.445648 0.00214555
0.446298 0.929377
0.447134 0.975268
0.448018 0.838655
0.448162 0.264853
0.449655 0.343318
0.450018 0.458303
0.452206 0.225052
0.454177 0.355591
0.454337 0.041382
0.456453 0.610477
0.45851 0.172099
0.459717 0.462831
0.462163 0.576141
0.464311 0.67793
0.465287 0.0801534
0.465449 0.801147
0.467866 0.431352
0.469181 0.532385
0.470127 0.423209
0.470226 0.0965731
0.470661 0.391477
0.471964 0.301398
0.475922 0.813711
0.476469 0.0199317
0.476907 0.37369
0.481617 0.538448
0.48195 0.128292
0.482561 0.39533
0.484346 0.396229
0.487865 0.542982
0.488781 0.943156
0.488934 0.511574
0.490749 0.0254297
0.490878 0.192074
0.491681 0.679358
0.491927 0.810867
0.493703 0.666415
0.495256 0.772999
0.496317 0.60528
0.49712 0.0967745
0.497309 0.280197
0.498495 0.208614
0.498847 0.127869
0.499825 0.564865
0.499976 0.104561
0.500178 0.495938
0.501961 0.454685
0.50262 0.539414
0.503018 0.218312
0.503552 0.204237
0.503851 0.22756
0.505506 0.0387045
0.505727 0.761802
0.505876 0.25004
0.506236 0.312369
0.506465 0.16018
0.506483 0.458592
0.506798 0.754351
0.507021 0.508058
0.508287 0.780122
0.509548 0.978532
0.512703 0.000946788
0.513437 0.331979
0.513671 0.268948
0.514517 0.479764
0.515962 0.771421
0.518223 0.779839
0.518994 0.727713
0.520268 0.142812
0.52082 0.424174
0.521442 0.877315
0.521952 0.440662
0.524168 0.684209
0.526872 0.133704
0.526878 0.242068
0.528843 0.271788
0.52911 0.746867
0.530055 0.638271
0.530088 0.192033
0.530554 0.0288429
0.530702 0.504073
0.532136 0.610472
0.532274 0.923399
0.533524 0.93616
0.535433 0.0224188
0.536789 0.806655
0.53695 0.51169
0.537594 0.349122
0.537849 0.631359
0.538514 0.803525
0.53877 0.108975
0.539447 0.481996
0.54076 0.560818
0.540896 0.844678
0.541232 0.493235
0.542653 0.36478
0.543452 0.789868
0.543924 0.735777
0.544265 0.464562
0.544793 0.33302
0.547693 0.0837168
0.552289 0.322045
0.552586 0.315449
0.552999 0.247444
0.554084 0.491705
0.554867 0.656073
0.555391 0.454516
0.556047 0.478975
0.556244 0.790891
0.556506 0.192715
0.561053 0.620326
0.562644 0.354726
0.563229 0.196361
0.563956 0.410678
0.56618 0.789958
0.566404 0.546733
0.567684 0.0721283
0.568064 0.453828
0.568502 0.817604
0.569197 0.490751
0.569637 0.896852
0.571882 0.626902
0.572038 0.238029
0.572777 0.659855
0.574593 0.17688
0.575621 0.454999
0.57606 0.832001
0.576551 0.0901356
0.579038 0.889772
0.57966 0.347265
0.580456 0.721763
0.584387 0.789624
0.584446 0.77624
0.585618 0.48303
0.585744 0.59694
0.587026 0.149556
0.589851 0.625298
0.590344 0.91743
0.591024 0.340783
0.591109 0.760979
0.591518 0.643551
0.593143 0.959623
0.593954 0.57846
0.594679 0.765369
0.595566 0.683877
0.596125 0.0671064
0.597527 0.628767
0.598477 0.599725
0.598954 0.623186
0.599115 0.325107
0.599605 0.558784
0.599756 0.102299
0.601673 0.323657
0.60218 0.832736
0.60274 0.257141
0.603181 0.670645
0.604119 0.427819
0.60486 0.883094
0.606246 0.181139
0.607798 0.26642
0.608029 0.136724
0.608638 0.375947
0.609207 0.935693
0.610149 0.769072
0.613739 0.118385
0.615703 0.119187
0.615762 0.105169
0.616369 0.321828
0.617217 0.567628
0.617929 0.528285
0.619866 0.0914987
0.621059 0.146366
0.622138 0.272026
0.625253 0.620685
0.627516 0.669354
0.630188 0.563639
0.632815 0.716492
0.633048 0.640305
0.633119 0.835947
0.633689 0.408293
0.635832 0.426004
0.635849 0.719868
0.639294 0.611631
0.639748 0.252359
0.642732 0.402818
0.642879 0.872021
0.643897 0.970478
0.64392 0.355129
0.645908 0.781927
0.646074 0.571261
0.650105 0.312455
0.650145 0.980694
0.651308 0.526871
0.652648 0.0522809
0.65273 0.428282
0.65311 0.819749
0.65503 0.087705
0.655794 0.934792
0.657381 0.598089
0.658291 0.892967
0.658421 0.0785355
0.659713 0.796006
0.659978 0.248623
0.661849 0.690561
0.662785 0.429835
0.663323 0.465277
0.665253 0.899684
0.665677 0.0262273
0.666412 0.379024
0.668338 0.757559
0.668792 0.381859
0.668813 0.732191
0.671183 0.574601
0.671301 0.561489
0.671755 0.194555
0.672021 0.661862
0.673708 0.0150843
0.674862 0.406777
0.675879 0.500225
0.678722 0.272797
0.680364 0.885011
0.681103 0.290565
0.682866 0.926239
0.685518 0.506272
0.686006 0.702609
0.686807 0.168261
0.687332 0.990105
0.689076 0.298105
0.692336 0.0859065
0.692494 0.753986
0.69317 0.106291
0.695686 0.394912
0.69756 0.89712
0.697854 0.840325
0.698358 0.297116
0.699163 0.828478
0.699863 0.590142
0.700007 0.0264514
0.700432 0.155569
0.703377 0.653575
0.704323 0.550199
0.704988 0.737947
0.706554 0.0446903
0.706958 0.838315
0.707433 0.832944
0.707516 0.213789
0.718185 0.532313
0.719755 0.926446
0.72111 0.701666
0.7212 0.207342
0.722105 0.413163
0.722387 0.166219
0.723419 0.509618
0.724138 0.587928
0.724634 0.922197
0.725267 0.567578
0.725582 0.84954
0.72588 0.860107
0.726313 0.139968
0.72635 0.760592
0.726394 0.501005
0.72695 0.852163
0.727553 0.980173
0.728136 0.78256
0.731362 0.998841
0.731588 0.802425
0.731968 0.178106
0.733043 0.255102
0.734172 0.227575
0.736233 0.872649
0.736787 0.172215
0.739393 0.982282
0.739792 0.681615
0.74009 0.693238
0.740838 0.262747
0.740952 0.185936
0.741999 0.783825
0.743568 0.141526
0.744359 0.448999
0.745836 0.264788
0.747416 0.8135
0.7475 0.240419
0.749142 0.823166
0.750261 0.637015
0.750488 0.443823
0.751422 0.142111
0.752023 0.245203
0.75305 0.503802
0.753379 0.0401291
0.755937 0.0389766
0.758672 0.000198838
0.759065 0.598587
0.759527 0.371596
0.759968 0.789179
0.762265 0.390194
0.762389 0.474489
0.763105 0.503931
0.763551 0.00849607
0.763735 0.0888141
0.769648 0.473295
0.770314 0.671006
0.77266 0.0955189
0.774159 0.283671
0.776047 0.0243019
0.776522 0.0123405
0.776914 0.593487
0.777024 0.449159
0.778443 0.296912
0.780164 0.212106
0.780996 0.202665
0.785084 0.90237
0.787518 0.808564
0.788465 0.72552
0.788894 0.948617
0.78915 0.245279
0.789487 0.916062
0.789532 0.666094
0.790051 0.387894
0.790691 0.137201
0.791123 0.403954
0.791997 0.0924209
0.792072 0.354728
0.792377 0.483692
0.792734 0.477369
0.793089 0.439129
0.793131 0.159335
0.79343 0.174558
0.793964 0.15617
0.795749 0.154902
0.797046 0.948906
0.799436 0.123976
0.800449 0.148607
0.800748 0.168816
0.801013 0.617551
0.80209 0.72586
0.802287 0.03794
0.803649 0.925875
0.804261 0.207071
0.808665 0.230218
0.810372 0.918087
0.811093 0.0362263
0.812227 0.106701
0.812917 0.690557
0.815933 0.391178
0.81786 0.765557
0.818127 0.256359
0.819223 0.673129
0.820857 0.151856
0.821658 0.613806
0.82536 0.819682
0.826383 0.0215098
0.826863 0.0808858
0.827318 0.734934
0.831172 0.511632
0.831594 0.600265
0.831973 0.973637
0.838607 0.466309
0.841345 0.489227
0.845514 0.552872
0.846043 0.444308
0.846177 0.700079
0.846734 0.0588987
0.850863 0.448318
0.851531 0.684151
0.851599 0.820063
0.852674 0.894859
0.853048 0.171411
0.855144 0.398361
0.856042 0.502769
0.857277 0.260883
0.857705 0.440426
0.85772 0.702875
0.857847 0.834716
0.858545 0.569042
0.858697 0.116102
0.8599 0.345302
0.864411 0.150552
0.868834 0.485674
0.870234 0.0304291
0.871585 0.72492
0.872125 0.811624
0.872344 0.492319
0.87347 0.412997
0.874008 0.451749
0.874496 0.652078
0.877395 0.378591
0.878462 0.31785
0.879481 0.441641
0.881561 0.394832
0.881712 0.928197
0.882961 0.924725
0.883944 0.449572
0.885311 0.414276
0.886258 0.332993
0.886622 0.45485
0.88721 0.342497
0.887673 0.116062
0.889227 0.243449
0.88988 0.214054
0.891018 0.335971
0.891374 0.319192
0.893079 0.985304
0.893666 0.84764
0.894823 0.285
0.895362 0.347458
0.895378 0.614149
0.896216 0.697583
0.896502 0.511419
0.897638 0.607212
0.898325 0.143946
0.89943 0.727659
0.900828 0.219172
0.901632 0.730404
0.903211 0.262
0.904016 0.791797
0.906368 0.325402
0.907723 0.0983596
0.908068 0.89892
0.908172 0.642494
0.90905 0.403535
0.909124 0.648922
0.909788 0.811281
0.910278 0.04398
0.910585 0.206817
0.912469 0.863267
0.912676 0.340844
0.913696 0.483841
0.91371 0.720463
0.913879 0.563916
0.915197 0.723803
0.916516 0.883362
0.917532 0.953636
0.918046 0.596827
0.919533 0.598023
0.919641 0.401203
0.920095 0.0350122
0.920522 0.215307
0.921775 0.272568
0.922449 0.603922
0.922636 0.739533
0.926277 0.935723
0.928462 0.663981
0.929508 0.243415
0.92983 0.650059
0.930258 0.845521
0.931635 0.986209
0.932946 0.027691
0.934229 0.584087
0.935061 0.564573
0.935983 0.0606431
0.936735 0.708416
0.93919 0.966695
0.939343 0.535731
0.93958 0.51346
0.941305 0.521303
0.94218 0.211429
0.942419 0.241657
0.944583 0.613355
0.945107 0.420164
0.94608 0.773606
0.946431 0.658597
0.948216 0.664325
0.948357 0.0428765
0.949695 0.521751
0.952815 0.959528
0.952914 0.617106
0.953339 0.762668
0.956161 0.197595
0.956285 0.287971
0.956888 0.423167
0.957217 0.941046
0.957633 0.934706
0.957835 0.334074
0.959556 0.25052
0.96053 0.633373
0.962113 0.230357
0.962901 0.4853
0.966552 0.836514
0.966953 0.576755
0.967004 0.442649
0.967068 0.519025
0.967683 0.850357
0.967735 0.713848
0.969393 0.593801
0.970339 0.489557
0.973373 0.4874
0.973938 0.979447
0.976025 0.0443442
0.976249 0.82387
0.977878 0.193364
0.978146 0.695687
0.97891 0.546749
0.979105 0.810502
0.979697 0.770292
0.980261 0.248746
0.981996 0.412717
0.983747 0.827492
0.984442 0.518546
0.985047 0.684984
0.99031 0.136175
0.990319 0.29469
0.991306 0.881091
0.991481 0.829441
0.991622 0.18805
0.992068 0.682816
0.992086 0.980985
0.997419 0.614483
0.998455 0.0325686
0.998859 0.819799
0.999455 0.840651
0.999761 0.987906
