0.00135434 0.762322
0.00198728 0.400283
0.00740833 0.511728
0.00812916 0.626861
0.0102676 0.567826
0.0185558 0.867784
0.0191207 0.3616
0.0199055 0.551991
0.0250363 0.784688
0.0337345 0.975788
0.0363607 0.113458
0.038419 0.707826
0.038689 0.245704
0.0419553 0.142902
0.0585477 0.0110114
0.0648155 0.353456
0.0684869 0.0586726
0.0726531 0.0803609
0.0741926 0.955034
0.0940683 0.00564456
0.0995039 0.362681
0.10468 0.353425
0.109921 0.443085
0.110012 0.977116
0.111 0.571734
0.120215 0.46146
0.132313 0.790095
0.133129 0.49474
0.13814 0.718894
0.152191 0.866305
0.169951 0.36705
0.17219 0.995458
0.183222 0.416742
0.183592 0.633235
0.186764 0.936867
0.19442 0.610995
0.208 0.849359
0.221611 0.607855
0.225867 0.153205
0.226309 0.567751
0.247241 0.372159
0.258753 0.858579
0.26045 0.389076
0.268303 0.367183
0.274053 0.0144928
0.280504 0.433937
0.312989 0.407436
0.314041 0.0893411
0.318246 0.753316
0.324932 0.125038
0.344565 0.0975465
0.345015 0.672995
0.361125 0.426834
0.371447 0.913758
0.373159 0.680556
0.374031 0.333977
0.383664 0.240794
0.387249 0.497498
0.398937 0.92974
0.401296 0.587103
0.40198 0.0790307
0.412048 0.28767
0.413509 0.844531
0.418684 0.820726
0.421433 0.0190167
0.425387 0.482227
0.430565 0.509098
0.43229 0.494322
0.441705 0.736285
0.442215 0.302191
0.449394 0.961115
0.450394 0.775146
0.456171 0.858274
0.458099 0.264742
0.462822 0.64586
0.464788 0.692031
0.473519 0.439123
0.482305 0.0959763
0.49685 0.553802
0.512551 0.446475
0.515464 0.404797
0.527377 0.630692
0.530456 0.369621
0.539349 0.831407
0.539436 0.29497
0.541551 0.847888
0.5439 0.333783
0.555356 0.863532
0.555694 0.549373
0.555733 0.19875
0.556947 0.609319
0.570475 0.965072
0.574907 0.454107
0.575281 0.755422
0.579989 0.870389
0.598648 0.485276
0.608319 0.0169739
0.613166 0.482199
0.619807 0.0934018
0.625986 0.945025
0.63957 0.257012
0.640747 0.0268041
0.646646 0.176885
0.657449 0.744073
0.664506 0.346509
0.66649 0.699591
0.686644 0.425502
0.702068 0.661595
0.706278 0.41083
0.739529 0.271432
0.74905 0.2902
0.750372 0.504731
0.753584 0.491754
0.772489 0.231068
0.780252 0.69626
0.782501 0.495659
0.790702 0.333424
0.79759 0.0993327
0.804005 0.90962
0.82173 0.813283
0.822004 0.428414
0.842835 0.524389
0.847088 0.00661062
0.848352 0.246148
0.855004 0.0500983
0.866202 0.249164
0.868118 0.452756
0.870243 0.174004
0.872537 0.731582
0.872789 0.967996
0.890206 0.684561
0.89657 0.645655
0.89939 0.0529167
0.903034 0.295524
0.904255 0.811201
0.90851 0.334894
0.913491 0.0466009
0.924063 0.72093
0.924886 0.552801
0.927755 0.778927
0.927888 0.00733731
0.94046 0.314604
0.959406 0.741339
0.962945 0.220423
0.963741 0.591994
0.96476 0.729512
0.978863 0.757851
0.983366 0.428637
0.987933 0.197273
0.987988 0.110149
