8.58591e-05 0.443042
0.00198581 0.375552
0.00526282 0.452185
0.00625358 0.10396
0.00967474 0.603363
0.00980668 0.820848
0.00991908 0.70993
0.017114 0.634206
0.0226984 0.492425
0.0295146 0.0524469
0.0339901 0.270954
0.0359719 0.580389
0.0362169 0.697513
0.0441782 0.502185
0.0467101 0.0568628
0.0473413 0.66553
0.0491911 0.754749
0.0492404 0.584015
0.0494497 0.101248
0.0499381 0.310444
0.0500827 0.740023
0.0509792 0.807975
0.0522973 0.961007
0.0529056 0.184851
0.0582668 0.290662
0.0587197 0.902753
0.059876 0.335511
0.0611871 0.371812
0.0630988 0.50182
0.065022 0.824584
0.0659999 0.259991
0.069781 0.809092
0.0717672 0.191437
0.0730435 0.642255
0.0753992 0.234464
0.0793436 0.527161
0.082515 0.829479
0.0885282 0.893615
0.0893838 0.273802
0.0900151 0.884097
0.0957703 0.610836
0.0968345 0.497268
0.0986499 0.0085482
0.103015 0.373622
0.103317 0.455581
0.108344 0.931361
0.111862 0.0724234
0.112972 0.720822
0.117561 0.841458
0.118684 0.718496
0.118938 0.988227
0.120238 0.847354
0.121944 0.507487
0.122722 0.594351
0.125652 0.828122
0.126143 0.0805198
0.12643 0.915408
0.127416 0.482196
0.129123 0.172523
0.132694 0.180427
0.134204 0.558666
0.13786 0.0164356
0.138295 0.325631
0.144509 0.759082
0.144767 0.101081
0.148544 0.571089
0.156173 0.798276
0.156417 0.892531
0.164841 0.480872
0.166091 0.498759
0.167564 0.24552
0.168783 0.742436
0.177336 0.48785
0.179355 0.412015
0.181048 0.865735
0.181869 0.670488
0.182133 0.106889
0.186003 0.151961
0.187993 0.605314
0.189086 0.969326
0.190238 0.337329
0.194505 0.0390488
0.199421 0.668267
0.200453 0.020517
0.205126 0.559079
0.206977 0.654559
0.207577 0.742264
0.220474 0.504252
0.220504 0.0130986
0.221097 0.971723
0.221383 0.78998
0.221765 0.200419
0.222396 0.810729
0.222901 0.296611
0.224761 0.556609
0.226815 0.0757261
0.227784 0.372379
0.228262 0.391903
0.228736 0.371599
0.231552 0.691111
0.231861 0.893463
0.231904 0.61813
0.232237 0.204585
0.232928 0.824794
0.233464 0.828515
0.234007 0.94946
0.235034 0.211191
0.242101 0.986025
0.244548 0.12114
0.246585 0.357796
0.247614 0.642153
0.249015 0.201942
0.250565 0.243317
0.253584 0.983837
0.255566 0.29785
0.256237 0.581189
0.256595 0.58468
0.256995 0.314849
0.263872 0.903889
0.2645 0.444138
0.266309 0.861542
0.267306 0.61221
0.269273 0.673744
0.2706 0.970358
0.270601 0.989713
0.270623 0.353717
0.271106 0.486411
0.274453 0.734323
0.277166 0.328567
0.280805 0.495258
0.280971 0.272422
0.288399 0.126906
0.289634 0.876935
0.290009 0.181623
0.292437 0.994707
0.292726 0.852831
0.293523 0.233598
0.295602 0.189458
0.296656 0.899851
0.297156 0.293452
0.301201 0.277537
0.303161 0.226521
0.304045 0.0763286
0.30518 0.158402
0.307288 0.589151
0.314306 0.549284
0.314329 0.926429
0.315776 0.249736
0.317606 0.00140303
0.32615 0.59493
0.326874 0.770851
0.331808 0.691296
0.336799 0.586515
0.338121 0.803809
0.341077 0.475145
0.34691 0.512003
0.350436 0.781324
0.350905 0.659449
0.352561 0.500741
0.353584 0.678721
0.356749 0.884344
0.36309 0.446012
0.364263 0.162084
0.366774 0.368919
0.371306 0.545365
0.373831 0.970994
0.377542 0.346734
0.379699 0.595988
0.37985 0.137734
0.382637 0.973225
0.391074 0.777761
0.397674 0.705816
0.399375 0.288061
0.399784 0.167486
0.402833 0.406624
0.40676 0.411961
0.40697 0.944517
0.407398 0.143893
0.407797 0.840134
0.409131 0.256531
0.409647 0.939606
0.410738 0.273729
0.411287 0.492292
0.413982 0.798752
0.414723 0.257291
0.415023 0.296612
0.418706 0.196814
0.41903 0.630584
0.423562 0.814294
0.423815 0.0606471
0.424185 0.276733
0.425707 0.852376
0.42653 0.683731
0.42672 0.884129
0.430216 0.643954
0.431767 0.704574
0.434009 0.386781
0.434226 0.029901
0.43539 0.596247
0.436062 0.894276
0.437764 0.506308
0.439399 0.980253
0.441586 0.741852
0.448449 0.0809811
0.448713 0.52524
0.449639 0.0803286
0.450096 0.765847
0.450805 0.674481
0.451823 0.791549
0.452574 0.409081
0.456484 0.12204
0.459245 0.533623
0.461495 0.346436
0.462384 0.281935
0.466113 0.958396
0.466455 0.708735
0.466479 0.110579
0.467031 0.388294
0.467372 0.12496
0.46766 0.96085
0.470099 0.957916
0.470948 0.218852
0.474478 0.548397
0.474883 0.363193
0.475929 0.937117
0.477025 0.355859
0.478221 0.45522
0.478696 0.444917
0.478826 0.632427
0.479478 0.579866
0.480133 0.602055
0.481333 0.760411
0.481443 0.614595
0.483082 0.164424
0.484092 0.136352
0.48495 0.561
0.485695 0.0681331
0.487588 0.883944
0.489303 0.712931
0.492613 0.354519
0.493416 0.842265
0.493691 0.466514
0.494246 0.79726
0.49525 0.672759
0.495582 0.248006
0.496163 0.0149631
0.501695 0.979199
0.502663 0.25944
0.505438 0.898942
0.506362 0.423657
0.50853 0.862794
0.512624 0.667936
0.515644 0.424735
0.517085 0.641087
0.517091 0.747267
0.51734 0.93061
0.519618 0.214414
0.520942 0.472969
0.521161 0.150822
0.524029 0.363918
0.52625 0.691363
0.529984 0.445681
0.530684 0.207563
0.537526 0.207443
0.540239 0.791481
0.540798 0.185495
0.540832 0.76424
0.543756 0.90703
0.545241 0.867747
0.545539 0.880052
0.549752 0.675134
0.54981 0.653266
0.550867 0.427076
0.554213 0.664352
0.554778 0.161534
0.556119 0.699458
0.557047 0.294673
0.558567 0.837453
0.559465 0.932993
0.559553 0.399342
0.563681 0.793449
0.563917 0.745312
0.564624 0.63017
0.564968 0.415328
0.567438 0.935603
0.569198 0.514747
0.571214 0.402354
0.571818 0.548021
0.572224 0.361541
0.572272 0.174646
0.57311 0.251052
0.574827 0.112268
0.576678 0.234326
0.576786 0.0342266
0.577123 0.707828
0.577613 0.945324
0.579954 0.28795
0.580788 0.303373
0.585085 0.52269
0.586873 0.570016
0.590015 0.386253
0.591853 0.27633
0.593739 0.971161
0.595403 0.936101
0.597417 0.782503
0.597698 0.507564
0.598093 0.143879
0.598126 0.69736
0.598953 0.607878
0.601966 0.250044
0.603563 0.0836976
0.603655 0.632802
0.614155 0.102121
0.61437 0.712519
0.615273 0.892858
0.615776 0.33895
0.617966 0.158237
0.618399 0.439688
0.620428 0.531861
0.621345 0.942146
0.621886 0.0407702
0.622092 0.498718
0.625811 0.00419651
0.625923 0.891807
0.626977 0.603163
0.631913 0.562332
0.631933 0.893372
0.633783 0.986105
0.634176 0.597407
0.63634 0.964972
0.636414 0.217927
0.640195 0.750318
0.644244 0.81208
0.645428 0.712956
0.646588 0.208497
0.653777 0.0332378
0.656548 0.595439
0.659223 0.555011
0.661427 0.608197
0.661915 0.812721
0.662003 0.281762
0.667987 0.852603
0.668816 0.783008
0.669463 0.665903
0.669568 0.435328
0.672103 0.0370338
0.675126 0.840877
0.679835 0.980716
0.682069 0.541254
0.688084 0.629496
0.688175 0.150488
0.691334 0.249672
0.69146 0.37371
0.691594 0.617585
0.693024 0.651942
0.693882 0.0702351
0.69556 0.279107
0.698096 0.905451
0.700163 0.633039
0.700625 0.405454
0.700798 0.307526
0.703211 0.872694
0.705804 0.439814
0.706762 0.552704
0.713449 0.934177
0.714156 0.81902
0.714315 0.492187
0.717433 0.895873
0.719238 0.228728
0.720909 0.313223
0.721898 0.938075
0.72503 0.573469
0.728873 0.162052
0.730075 0.368971
0.730565 0.611828
0.730647 0.98995
0.732954 0.758708
0.73395 0.4937
0.734197 0.651537
0.735548 0.347562
0.736588 0.834386
0.738845 0.771107
0.741157 0.629022
0.741771 0.943606
0.744739 0.827553
0.749377 0.785289
0.755775 0.303473
0.757875 0.608702
0.761309 0.327643
0.762614 0.254821
0.764425 0.693888
0.765344 0.142647
0.766418 0.1785
0.76912 0.604351
0.770286 0.200085
0.772016 0.276636
0.772861 0.471768
0.773683 0.287978
0.77429 0.488328
0.783565 0.375806
0.786735 0.653572
0.789813 0.385286
0.790373 0.80004
0.790813 0.187248
0.790931 0.178284
0.791354 0.281974
0.798565 0.478844
0.805644 0.452077
0.805894 0.654336
0.810367 0.84362
0.811222 0.203262
0.81195 0.44584
0.818859 0.55794
0.820155 0.347085
0.828624 0.688769
0.828919 0.645866
0.829601 0.0974561
0.831522 0.388296
0.835048 0.657289
0.836806 0.205738
0.83789 0.409795
0.845864 0.429004
0.849486 0.308546
0.853038 0.00239319
0.854191 0.386236
0.85474 0.609456
0.856464 0.59425
0.857332 0.172756
0.858071 0.602518
0.858239 0.419792
0.860877 0.756643
0.866453 0.471553
0.870711 0.0367892
0.873029 0.995414
0.874786 0.523805
0.878641 0.320069
0.884636 0.0789539
0.885567 0.724586
0.886107 0.793415
0.889012 0.619417
0.889689 0.00448328
0.890952 0.236907
0.89727 0.418291
0.897537 0.896501
0.899863 0.992862
0.901154 0.68816
0.903128 0.873758
0.905601 0.441273
0.906817 0.875015
0.910184 0.468172
0.913114 0.715123
0.915097 0.0426442
0.916024 0.616188
0.920326 0.915162
0.92266 0.14184
0.923386 0.34495
0.923713 0.843514
0.924185 0.775367
0.924346 0.482688
0.925844 0.659117
0.926107 0.0832849
0.927566 0.599919
0.92859 0.803992
0.930627 0.0481146
0.931243 0.405735
0.931757 0.0458981
0.934785 0.934235
0.939173 0.682895
0.939414 0.731663
0.940114 0.492442
0.940379 0.94484
0.940394 0.208088
0.940812 0.222808
0.943937 0.742888
0.944502 0.23715
0.94714 0.574276
0.947835 0.255343
0.948181 0.0739355
0.952186 0.393523
0.953208 0.57112
0.955225 0.467556
0.955817 0.416272
0.956172 0.379856
0.956543 0.614905
0.958289 0.962037
0.96031 0.92293
0.96847 0.072593
0.971842 0.746471
0.977586 0.2867
0.978175 0.18269
0.979355 0.0150231
0.982877 0.210135
0.98663 0.286124
0.987931 0.159871
0.989278 0.802935
0.992762 0.34593
0.994966 0.391814
0.995514 0.609728
0.995803 0.457036
0.998733 0.69966
