0.000242513 0.0759183
0.00138178 0.223585
0.00212709 0.750017
0.00270115 0.39824
0.00301554 0.682119
0.00346585 0.250547
0.0045977 0.273571
0.00518325 0.114854
0.00589577 0.090209
0.00600253 0.884498
0.00601529 0.0990267
0.00650773 0.375428
0.0067369 0.227136
0.00704479 0.401822
0.00717554 0.599248
0.00736721 0.820722
0.00883581 0.503541
0.00999639 0.00925587
0.0104172 0.082071
0.0108181 0.819957
0.0112591 0.230902
0.0117231 0.02948
0.0123916 0.26583
0.0125883 0.570921
0.0130507 0.343296
0.0132497 0.688216
0.0137063 0.360969
0.0150593 0.101064
0.0159399 0.901691
0.0161126 0.804312
0.0165264 0.759168
0.0176114 0.99406
0.0177933 0.052801
0.0190002 0.336684
0.0207583 0.884124
0.0211186 0.941013
0.0214119 0.869842
0.0221139 0.668798
0.0222488 0.935972
0.0222991 0.780938
0.0238558 0.94388
0.0246687 0.606991
0.0264499 0.543573
0.026927 0.562573
0.028777 0.655478
0.0297389 0.822393
0.030019 0.529743
0.0302964 0.191129
0.0312754 0.645538
0.0314692 0.903147
0.031474 0.984118
0.0321021 0.539762
0.0321926 0.0610434
0.0322948 0.778462
0.0323947 0.458149
0.0332599 0.998816
0.0349574 0.528256
0.0354936 0.541032
0.0357278 0.476953
0.0364674 0.907692
0.0367128 0.0323846
0.036867 0.624282
0.0383564 0.656134
0.0397526 0.122266
0.0402801 0.98818
0.0403335 0.885106
0.0408908 0.252291
0.0429092 0.17457
0.0435352 0.696857
0.0440416 0.206414
0.0440459 0.280169
0.0449797 0.97463
0.0453063 0.462747
0.0458984 0.414703
0.046163 0.860863
0.0464133 0.0685855
0.0466629 0.263058
0.0470208 0.27864
0.0479716 0.259436
0.0491531 0.11596
0.0498377 0.622257
0.0508365 0.409819
0.0509251 0.898715
0.0511822 0.219544
0.0520248 0.380311
0.052731 0.250252
0.054067 0.703824
0.054279 0.26735
0.055591 0.317558
0.0558263 0.272434
0.0560104 0.366495
0.0563953 0.835193
0.0565233 0.987029
0.0566608 0.29843
0.0571093 0.836155
0.0577937 0.33821
0.0578563 0.391232
0.0582995 0.839157
0.0591793 0.626253
0.0604743 0.392027
0.061218 0.890418
0.0615583 0.609663
0.0621576 0.683436
0.0638727 0.508393
0.0641808 0.686608
0.0642915 0.547562
0.0648805 0.446065
0.0650431 0.180105
0.0669222 0.762142
0.0682524 0.117994
0.0684102 0.76945
0.0688545 0.23702
0.0699164 0.0842253
0.0701902 0.686819
0.0713344 0.917766
0.0726506 0.0392412
0.0739913 0.570967
0.0752275 0.34824
0.0753982 0.216847
0.0754334 0.809859
0.0766844 0.835141
0.077008 0.273881
0.0788329 0.944139
0.07904 0.425151
0.0796731 0.0661489
0.0797888 0.0107826
0.0799916 0.419479
0.0802369 0.542184
0.0818905 0.333496
0.0823514 0.080717
0.0836688 0.221782
0.0839009 0.122851
0.084416 0.779003
0.0848192 0.556303
0.0857604 0.37532
0.086233 0.317809
0.0866965 0.107551
0.0873289 0.737686
0.0874811 0.295609
0.0879269 0.786908
0.088112 0.899056
0.0890337 0.388646
0.089118 0.806096
0.0892974 0.821627
0.0896013 0.929123
0.0898103 0.442295
0.090093 0.192588
0.0904905 0.874053
0.0911091 0.270571
0.0911625 0.167966
0.09192 0.8993
0.0932247 0.827449
0.0937461 0.590799
0.0944365 0.195113
0.0950151 0.918046
0.0952198 0.359849
0.0964874 0.663703
0.0967075 0.363627
0.0968749 0.176463
0.0970965 0.900712
0.0978033 0.779966
0.0987687 0.00536022
0.0998863 0.789726
0.100122 0.745776
0.100283 0.458427
0.100914 0.0640104
0.101454 0.135203
0.10151 0.0861224
0.101634 0.155281
0.101689 0.0842166
0.101826 0.385694
0.102198 0.641569
0.102211 0.857037
0.102537 0.336896
0.103877 0.860921
0.103888 0.0426489
0.10403 0.436602
0.105078 0.0411981
0.10537 0.949012
0.106006 0.636788
0.10668 0.970764
0.107166 0.133245
0.107837 0.413305
0.108461 0.897274
0.109501 0.377877
0.10954 0.0332805
0.110443 0.214879
0.111365 0.710864
0.111848 0.836098
0.113891 0.167015
0.114612 0.279182
0.114852 0.321314
0.115036 0.407518
0.115259 0.153202
0.116125 0.711658
0.11691 0.899881
0.117659 0.500703
0.118927 0.809684
0.119049 0.859887
0.119325 0.501237
0.119453 0.645741
0.122527 0.305444
0.123133 0.496629
0.123303 0.352769
0.123691 0.874521
0.123762 0.0742489
0.125086 0.327505
0.125389 0.417
0.127562 0.940897
0.12817 0.15229
0.128435 0.607912
0.129556 0.439667
0.129744 0.611475
0.131536 0.718344
0.132506 0.0208198
0.134125 0.242748
0.134514 0.773094
0.135362 0.0255853
0.135529 0.835346
0.135836 0.98901
0.136458 0.453241
0.136518 0.455251
0.137289 0.411845
0.137382 0.978253
0.137733 0.877489
0.138033 0.919424
0.138326 0.839713
0.138397 0.0444891
0.138585 0.198297
0.142882 0.413622
0.143056 0.349012
0.143326 0.876684
0.143611 0.672096
0.143852 0.715378
0.14432 0.591695
0.146048 0.626422
0.14802 0.769781
0.148248 0.605062
0.14858 0.176075
0.149885 0.120314
0.151127 0.995417
0.151574 0.509365
0.152016 0.936997
0.152788 0.901182
0.152816 0.376047
0.152916 0.0522045
0.153136 0.759235
0.153247 0.623601
0.153252 0.712587
0.153253 0.716273
0.153811 0.104042
0.154131 0.47218
0.154627 0.818823
0.155391 0.658522
0.155393 0.683042
0.156725 0.0688685
0.156875 0.599948
0.15694 0.690247
0.157759 0.462919
0.159141 0.68706
0.161491 0.187004
0.161905 0.132672
0.162275 0.35955
0.162457 0.4085
0.162739 0.155858
0.162921 0.219052
0.163267 0.0262338
0.163756 0.240212
0.163904 0.736119
0.164566 0.855386
0.164626 0.8697
0.16498 0.814445
0.166288 0.799531
0.166386 0.454995
0.166838 0.0524903
0.166943 0.815646
0.169282 0.118209
0.169694 0.0490538
0.169816 0.0903431
0.17071 0.122873
0.172209 0.308317
0.173672 0.903684
0.174783 0.583412
0.175315 0.523419
0.175697 0.94321
0.17606 0.0322266
0.176114 0.949375
0.17632 0.41738
0.176909 0.312948
0.177638 0.565872
0.17768 0.260987
0.177941 0.662302
0.178625 0.146881
0.178757 0.36741
0.17938 0.844977
0.179453 0.058448
0.180964 0.468595
0.181358 0.0827222
0.181518 0.777701
0.183211 0.231351
0.18401 0.648245
0.184991 0.145033
0.185203 0.710344
0.185271 0.855576
0.185277 0.947544
0.186487 0.292919
0.186871 0.744539
0.187203 0.320131
0.188727 0.941308
0.188865 0.260324
0.190266 0.803639
0.190295 0.294314
0.190583 0.127785
0.190839 0.433666
0.191042 0.838629
0.19124 0.164735
0.192751 0.562477
0.192919 0.394832
0.193474 0.721148
0.19443 0.793052
0.194876 0.277009
0.195116 0.321724
0.196924 0.693844
0.19805 0.621448
0.19854 0.868446
0.198775 0.805697
0.199605 0.757288
0.200471 0.323937
0.202048 0.814233
0.203699 0.576642
0.204366 0.782986
0.204904 0.813457
0.205553 0.72837
0.206124 0.324227
0.207241 0.0958283
0.20759 0.965456
0.20787 0.677142
0.208105 0.618846
0.208415 0.835364
0.208499 0.249534
0.209372 0.916072
0.209786 0.870928
0.210028 0.935318
0.210135 0.736807
0.210161 0.169652
0.211287 0.108128
0.21203 0.590553
0.212148 0.571008
0.213171 0.757918
0.214179 0.699879
0.21454 0.77563
0.21454 0.780858
0.21473 0.964664
0.215411 0.407395
0.21606 0.326691
0.216474 0.286164
0.216787 0.539928
0.216913 0.655841
0.217067 0.236806
0.217707 0.00556911
0.219666 0.920586
0.220035 0.133385
0.220465 0.356834
0.220533 0.49093
0.220552 0.814683
0.220586 0.390767
0.220847 0.772477
0.221025 0.769788
0.221624 0.831361
0.221834 0.355998
0.222313 0.413534
0.222335 0.785756
0.222598 0.197379
0.222617 0.518785
0.222837 0.214725
0.223386 0.443298
0.223663 0.111743
0.223767 0.853462
0.224839 0.875086
0.22683 0.332259
0.227092 0.738693
0.227098 0.833556
0.228087 0.449775
0.228374 0.286573
0.228525 0.823068
0.228953 0.0159634
0.229098 0.446842
0.229802 0.28986
0.229867 0.375659
0.229942 0.640596
0.231349 0.284457
0.232016 0.493727
0.232892 0.211481
0.233035 0.613628
0.233056 0.979073
0.233614 0.352723
0.233622 0.48023
0.23429 0.707204
0.235202 0.0399456
0.235308 0.827394
0.236216 0.0770671
0.237887 0.163746
0.238093 0.626187
0.238504 0.542553
0.239486 0.0418306
0.239537 0.896572
0.239906 0.0996973
0.240235 0.629356
0.24062 0.102961
0.241006 0.586294
0.241056 0.424654
0.241622 0.936996
0.241783 0.653896
0.243382 0.519795
0.246556 0.867231
0.248042 0.840683
0.248179 0.146628
0.248783 0.289517
0.248853 0.479751
0.249339 0.640972
0.251504 0.0238136
0.251672 0.844398
0.2522 0.725206
0.25286 0.816901
0.254302 0.0520439
0.254963 0.161019
0.25621 0.128583
0.257098 0.0406179
0.257767 0.290155
0.259548 0.224217
0.259593 0.979877
0.260026 0.249721
0.261298 0.628309
0.26132 0.997518
0.262156 0.0615351
0.26292 0.902627
0.264795 0.410603
0.265153 0.431742
0.265383 0.284069
0.265749 0.441191
0.266453 0.267493
0.267151 0.0090188
0.267736 0.833765
0.26937 0.293959
0.269426 0.251148
0.26957 0.670099
0.269762 0.891683
0.270867 0.46667
0.27113 0.889359
0.271295 0.66041
0.271802 0.180752
0.271839 0.798949
0.272918 0.93249
0.272928 0.107245
0.273067 0.437241
0.273246 0.446347
0.273827 0.216684
0.273936 0.0375284
0.274333 0.714666
0.274492 0.393303
0.274612 0.409869
0.274634 0.780737
0.274844 0.304623
0.274924 0.645256
0.275585 0.751383
0.275601 0.0225352
0.275927 0.50594
0.27809 0.856209
0.278614 0.667636
0.27956 0.569621
0.279612 0.441721
0.280055 0.887705
0.281824 0.619041
0.281972 0.111388
0.282163 0.309774
0.283218 0.0453601
0.283405 0.188211
0.285531 0.920603
0.28621 0.333124
0.287773 0.60137
0.287884 0.473602
0.288012 0.625705
0.288324 0.85386
0.288622 0.87763
0.289021 0.570428
0.289445 0.70504
0.290477 0.0535184
0.290626 0.548761
0.292195 0.923946
0.292463 0.43188
0.293301 0.508583
0.293832 0.434784
0.294263 0.67434
0.294524 0.0682596
0.294981 0.741874
0.29527 0.597275
0.296508 0.411426
0.297365 0.816007
0.297377 0.0206432
0.299022 0.665539
0.299038 0.939744
0.299111 0.160094
0.299926 0.862775
0.300432 0.354934
0.3007 0.866085
0.301078 0.219782
0.301355 0.878397
0.302242 0.78792
0.304671 0.608125
0.305182 0.19539
0.305423 0.245943
0.305872 0.788637
0.307108 0.570551
0.307221 0.46627
0.307583 0.549136
0.30766 0.842999
0.308011 0.74531
0.308475 0.539614
0.309222 0.100186
0.309326 0.838462
0.309763 0.179455
0.310275 0.796061
0.310327 0.659904
0.310394 0.798007
0.311208 0.478101
0.311513 0.601383
0.312706 0.651845
0.312783 0.93749
0.31298 0.258031
0.313189 0.76426
0.31369 0.183508
0.314487 0.590767
0.314768 0.31204
0.315006 0.308404
0.315573 0.835623
0.315611 0.470208
0.315738 0.605406
0.316467 0.854363
0.317205 0.264198
0.317761 0.600971
0.317948 0.749018
0.31851 0.203225
0.318984 0.164881
0.319638 0.151515
0.319964 0.642535
0.320332 0.822776
0.320358 0.258415
0.320863 0.743358
0.320887 0.14215
0.321115 0.976946
0.321908 0.305558
0.321958 0.146063
0.322493 0.141762
0.324196 0.765456
0.324435 0.77701
0.325691 0.894988
0.325979 0.725134
0.326724 0.255409
0.327736 0.251192
0.328472 0.62512
0.328981 0.184249
0.329445 0.981692
0.331087 0.582001
0.332088 0.402864
0.333483 0.852835
0.333517 0.418446
0.333819 0.49398
0.334295 0.495816
0.334891 0.514086
0.335041 0.0259509
0.335057 0.303458
0.33592 0.807372
0.335931 0.996974
0.336574 0.800541
0.337907 0.19986
0.338704 0.596992
0.33991 0.871491
0.340387 0.892377
0.342022 0.361548
0.342818 0.734042
0.343124 0.88744
0.343203 0.208539
0.343773 0.795975
0.343819 0.569556
0.344859 0.0383178
0.344937 0.362344
0.34523 0.276638
0.34529 0.296563
0.345556 0.7517
0.345638 0.142407
0.345772 0.394343
0.345837 0.47846
0.346355 0.194883
0.346684 0.719548
0.346838 0.304793
0.348015 0.0943864
0.349059 0.634696
0.349312 0.895012
0.349684 0.146786
0.349912 0.965303
0.351212 0.815986
0.351515 0.918786
0.351556 0.595838
0.352554 0.382351
0.35273 0.34111
0.353 0.865534
0.353421 0.944947
0.353765 0.734989
0.353891 0.838099
0.353983 0.390553
0.354147 0.153183
0.354463 0.462654
0.354704 0.506242
0.354869 0.291193
0.355539 0.53821
0.355747 0.0373248
0.35645 0.86235
0.357222 0.823804
0.357566 0.608187
0.357663 0.242318
0.358798 0.32065
0.359092 0.260639
0.359525 0.529301
0.362291 0.0299558
0.362329 0.658687
0.363756 0.645992
0.365435 0.864475
0.366035 0.952016
0.36608 0.704232
0.366776 0.399833
0.366888 0.283773
0.367153 0.741313
0.36737 0.394474
0.367497 0.515052
0.367854 0.527911
0.368754 0.646883
0.369101 0.485621
0.369994 0.486118
0.371082 0.766802
0.371824 0.243999
0.372081 0.561674
0.374036 0.431345
0.37425 0.0254641
0.374425 0.965127
0.374926 0.37964
0.375967 0.883776
0.376241 0.489211
0.37682 0.211221
0.376952 0.431859
0.378214 0.6415
0.380343 0.423793
0.38047 0.551447
0.380798 0.0651472
0.38133 0.00658628
0.381524 0.27955
0.381913 0.820133
0.383069 0.242216
0.384499 0.280784
0.385286 0.503575
0.386003 0.558853
0.386936 0.236064
0.387267 0.790806
0.387885 0.180265
0.388044 0.852187
0.38813 0.297146
0.389482 0.0174092
0.389695 0.612029
0.389817 0.649241
0.391352 0.445259
0.391381 0.938094
0.391604 0.682385
0.391761 0.321734
0.391828 0.447268
0.392081 0.698434
0.392404 0.13564
0.392691 0.957083
0.393011 0.337383
0.393617 0.518652
0.393778 0.224979
0.394617 0.322939
0.395708 0.662885
0.395995 0.48925
0.397686 0.905427
0.398393 0.795991
0.39952 0.732228
0.399523 0.786379
0.399959 0.113347
0.40036 0.845207
0.400485 0.945906
0.401149 0.112037
0.401798 0.0205716
0.40258 0.167847
0.402954 0.44465
0.403682 0.681929
0.403816 0.943233
0.404062 0.0675423
0.40422 0.726089
0.406081 0.997851
0.407194 0.715387
0.407592 0.393472
0.408875 0.954704
0.409432 0.316091
0.409655 0.07058
0.409836 0.109426
0.410055 0.787749
0.410346 0.689757
0.410658 0.935498
0.41122 0.381769
0.411525 0.506812
0.411704 0.51177
0.411898 0.777002
0.413545 0.442622
0.414879 0.868896
0.415778 0.975573
0.415949 0.850801
0.417133 0.751505
0.417472 0.443897
0.418133 0.553052
0.418228 0.150954
0.419013 0.354086
0.419344 0.915559
0.41947 0.0337973
0.420321 0.337387
0.420544 0.0901312
0.420771 0.89118
0.421188 0.912763
0.423253 0.612592
0.423736 0.735619
0.424006 0.263518
0.424277 0.823591
0.424796 0.542832
0.425792 0.286582
0.425867 0.54039
0.426279 0.465146
0.42667 0.0481946
0.42757 0.177372
0.428441 0.799629
0.428769 0.328505
0.429105 0.971559
0.431212 0.38588
0.431365 0.950793
0.431496 0.150973
0.434483 0.347545
0.435509 0.59543
0.43581 0.654818
0.435827 0.94214
0.436525 0.668248
0.437489 0.877112
0.438397 0.1353
0.440582 0.859231
0.440947 0.994596
0.441206 0.348334
0.441292 0.787792
0.441658 0.946354
0.442882 0.517793
0.444085 0.742548
0.445369 0.313102
0.445416 0.105725
0.446539 0.977574
0.446729 0.171539
0.447127 0.857027
0.447714 0.733365
0.448024 0.932148
0.449167 0.157906
0.449384 0.791823
0.45088 0.938252
0.451094 0.52953
0.451748 0.52241
0.454957 0.465112
0.457398 0.489343
0.457503 0.248648
0.457575 0.469241
0.457973 0.158885
0.458992 0.281877
0.459039 0.0640993
0.460223 0.965398
0.460609 0.451267
0.460974 0.586397
0.461419 0.0644222
0.462861 0.302226
0.462918 0.26699
0.463321 0.0335988
0.464251 0.666998
0.465953 0.266461
0.46598 0.72097
0.467055 0.796917
0.468243 0.757516
0.468898 0.76568
0.468981 0.160973
0.469199 0.834545
0.469689 0.0580793
0.470662 0.412561
0.471065 0.190291
0.472147 0.381262
0.472337 0.568966
0.473758 0.451405
0.474437 0.863394
0.47459 0.436431
0.476233 0.0548348
0.476812 0.786745
0.477836 0.997917
0.479723 0.706429
0.479915 0.924139
0.480805 0.882271
0.482191 0.191883
0.482244 0.0736803
0.482467 0.827317
0.482781 0.0989633
0.483695 0.469835
0.483764 0.623309
0.484291 0.478533
0.484446 0.0820057
0.485128 0.549069
0.485306 0.541035
0.486083 0.603222
0.487291 0.892795
0.487341 0.746526
0.487784 0.193739
0.48928 0.337281
0.489968 0.88721
0.490493 0.712842
0.490907 0.667174
0.491693 0.882742
0.492126 0.163503
0.49292 0.50852
0.493054 0.764283
0.494724 0.824337
0.495416 0.454415
0.495894 0.485601
0.496475 0.261792
0.49675 0.880219
0.496758 0.0153725
0.496821 0.0779665
0.498213 0.470624
0.498366 0.0331653
0.498402 0.635937
0.499129 0.860131
0.49967 0.948212
0.500349 0.361101
0.502929 0.733173
0.503135 0.1899
0.503181 0.96248
0.504596 0.753257
0.505705 0.386833
0.505779 0.629989
0.505962 0.703984
0.506622 0.80388
0.507201 0.519864
0.507949 0.0915253
0.508646 0.808445
0.509051 0.621824
0.509178 0.760395
0.509951 0.747214
0.510141 0.947401
0.510449 0.115833
0.512664 0.350638
0.512901 0.325463
0.513429 0.192724
0.513838 0.0694572
0.51422 0.496237
0.514809 0.389167
0.515811 0.242768
0.515995 0.333503
0.516072 0.623249
0.516242 0.474607
0.51637 0.632861
0.516715 0.426699
0.517356 0.197442
0.517444 0.686933
0.518447 0.541246
0.520206 0.0978822
0.520681 0.0903896
0.522489 0.478961
0.522594 0.231793
0.52276 0.0260497
0.523913 0.405893
0.524071 0.0525677
0.524347 0.698034
0.52483 0.820334
0.525128 0.821596
0.526249 0.663431
0.526447 0.994662
0.526886 0.379992
0.527121 0.328896
0.527454 0.912393
0.528162 0.823829
0.52888 0.887152
0.529148 0.388402
0.529778 0.971868
0.529794 0.244234
0.530373 0.976457
0.530516 0.389092
0.530569 0.266467
0.530817 0.441639
0.531038 0.163931
0.531103 0.25171
0.53164 0.272838
0.532543 0.453857
0.53275 0.934604
0.53338 0.512239
0.534258 0.272975
0.535318 0.0846097
0.535751 0.374207
0.53713 0.547993
0.539162 0.691687
0.539191 0.188482
0.539658 0.0334541
0.539828 0.883364
0.540085 0.204443
0.540271 0.337221
0.540494 0.0861384
0.540759 0.530929
0.540928 0.384517
0.541695 0.262017
0.542416 0.390229
0.542467 0.236025
0.543612 0.486099
0.544053 0.902656
0.544779 0.0973915
0.544955 0.063695
0.54731 0.640909
0.548972 0.574535
0.5498 0.481125
0.552648 0.360355
0.553456 0.941595
0.554024 0.474293
0.554228 0.908269
0.555089 0.382763
0.555266 0.350475
0.555527 0.744496
0.555559 0.287278
0.555659 0.95831
0.556623 0.16125
0.556788 0.940355
0.557668 0.731527
0.558082 0.686368
0.559359 0.149927
0.559379 0.482665
0.560704 0.755886
0.560772 0.890671
0.563339 0.0314963
0.563403 0.12196
0.563968 0.602863
0.564356 0.128489
0.564403 0.914108
0.566158 0.425226
0.566453 0.38226
0.56647 0.655933
0.567653 0.538511
0.568021 0.72823
0.568479 0.434535
0.569363 0.288897
0.57102 0.13843
0.574348 0.0629018
0.574546 0.38608
0.574788 0.454571
0.574928 0.819935
0.575654 0.0163371
0.575836 0.0779971
0.576797 0.230473
0.578023 0.826276
0.578144 0.863049
0.578304 0.55939
0.579007 0.365554
0.579729 0.513003
0.580256 0.370864
0.580281 0.781263
0.58087 0.687717
0.581989 0.49287
0.582685 0.192588
0.583519 0.197641
0.583547 0.680348
0.584833 0.295934
0.584898 0.377327
0.585243 0.171181
0.585243 0.179015
0.585264 0.524784
0.585681 0.542227
0.585826 0.982701
0.586746 0.436211
0.587074 0.957167
0.587209 0.218713
0.588101 0.207259
0.588225 0.30068
0.589064 0.390587
0.589185 0.42761
0.589246 0.463031
0.590304 0.232411
0.591493 0.2198
0.591935 0.658146
0.59237 0.959608
0.593202 0.941824
0.595158 0.812035
0.597009 0.929796
0.597472 0.713997
0.598543 0.718912
0.599241 0.446679
0.599501 0.807462
0.599702 0.19635
0.600081 0.568783
0.600157 0.833885
0.600421 0.284397
0.600972 0.531988
0.601073 0.240703
0.601368 0.185935
0.602878 0.570991
0.603178 0.617152
0.603298 0.628646
0.604173 0.340663
0.604994 0.130397
0.605139 0.570526
0.605326 0.717063
0.605394 0.856191
0.605519 0.957407
0.605977 0.660785
0.606219 0.721817
0.607247 0.994254
0.60741 0.747125
0.607847 0.0916167
0.608029 0.149348
0.609106 0.242059
0.610104 0.0112993
0.610164 0.0301204
0.610364 0.393964
0.611458 0.776548
0.611467 0.922643
0.611616 0.426674
0.612526 0.724659
0.612988 0.481773
0.613689 0.27698
0.613813 0.352118
0.613831 0.655539
0.613853 0.0203495
0.614769 0.419232
0.614852 0.820285
0.615589 0.201499
0.616174 0.0288365
0.616536 0.127957
0.617913 0.258197
0.617925 0.472679
0.618464 0.532836
0.618486 0.89173
0.619164 0.287401
0.621087 0.60586
0.621152 0.706311
0.621643 0.961573
0.624489 0.781808
0.625419 0.415771
0.625587 0.247758
0.626053 0.0691736
0.626063 0.241354
0.626194 0.436682
0.626262 0.592041
0.6269 0.315482
0.627039 0.638349
0.627922 0.489205
0.628188 0.953124
0.629238 0.600866
0.630318 0.761682
0.630969 0.696231
0.631967 0.465159
0.632086 0.464366
0.632706 0.883063
0.633237 0.816105
0.633429 0.0440672
0.63366 0.92352
0.633921 0.312885
0.634093 0.194186
0.634663 0.779899
0.634814 0.323008
0.634958 0.741982
0.635099 0.110554
0.635796 0.824539
0.636974 0.614993
0.638249 0.0439289
0.63843 0.0900066
0.638761 0.661865
0.63894 0.672434
0.639207 0.158259
0.63946 0.410075
0.640782 0.626625
0.641496 0.631532
0.642262 0.498944
0.642788 0.330086
0.643965 0.120954
0.644022 0.0816648
0.644867 0.285101
0.64567 0.777112
0.646378 0.676785
0.646758 0.0557144
0.647522 0.90338
0.647784 0.308507
0.647922 0.621403
0.648151 0.479466
0.650894 0.572868
0.651464 0.146709
0.653051 0.82011
0.653766 0.85295
0.654812 0.422014
0.655805 0.120856
0.655973 0.935312
0.656985 0.948853
0.657812 0.841073
0.65983 0.76746
0.659838 0.890021
0.661432 0.688629
0.662209 0.751575
0.66275 0.845847
0.663067 0.168718
0.66376 0.821266
0.66483 0.795618
0.665045 0.415987
0.665053 0.544543
0.666097 0.0934231
0.666423 0.569385
0.666507 0.979368
0.667124 0.351303
0.667145 0.712686
0.667985 0.826956
0.668162 0.799058
0.669285 0.680761
0.670323 0.118053
0.671077 0.7931
0.671484 0.630217
0.672099 0.960069
0.673488 0.313204
0.675273 0.31786
0.675644 0.549215
0.676817 0.265757
0.676881 0.345318
0.678402 0.895902
0.678812 0.795324
0.679806 0.504231
0.680008 0.888963
0.680211 0.311536
0.680775 0.785732
0.680815 0.457109
0.681149 0.0738752
0.682155 0.986737
0.682212 0.93905
0.682462 0.144542
0.68287 0.992638
0.683866 0.730839
0.684471 0.9013
0.685272 0.37452
0.68543 0.0229792
0.686105 0.363138
0.686957 0.692116
0.688035 0.809762
0.689017 0.301393
0.689401 0.76318
0.690854 0.185413
0.691072 0.850752
0.691263 0.0517917
0.691697 0.346774
0.69251 0.0217029
0.693634 0.898702
0.693835 0.293421
0.694275 0.685583
0.694796 0.430158
0.694909 0.331136
0.695341 0.592817
0.695372 0.110257
0.695674 0.188616
0.695779 0.963214
0.696095 0.266988
0.69617 0.535862
0.69805 0.118298
0.698335 0.922022
0.699764 0.930881
0.7008 0.345046
0.701114 0.618328
0.701674 0.0284884
0.703093 0.88705
0.703393 0.925737
0.703842 0.4684
0.704546 0.30666
0.70539 0.496314
0.707422 0.648265
0.707684 0.0441487
0.707865 0.0804982
0.708272 0.931835
0.708434 0.654433
0.708738 0.753133
0.709306 0.31143
0.709475 0.145969
0.709952 0.167638
0.710046 0.738421
0.711506 0.279591
0.714497 0.558277
0.714788 0.447848
0.715069 0.157749
0.716071 0.998945
0.716103 0.543778
0.71699 0.457738
0.717103 0.342493
0.718654 0.412011
0.718777 0.491399
0.718979 0.886071
0.721667 0.0536526
0.722298 0.655683
0.723029 0.956137
0.724627 0.810985
0.725283 0.839083
0.7255 0.480027
0.726125 0.990058
0.727062 0.734404
0.727553 0.982678
0.727648 0.572526
0.727947 0.613318
0.728212 0.0586962
0.728375 0.795781
0.729247 0.447503
0.731983 0.441432
0.732481 0.804886
0.733456 0.203008
0.734194 0.589865
0.73432 0.724492
0.73569 0.749944
0.737588 0.644019
0.738231 0.441012
0.738449 0.119703
0.738456 0.232731
0.739161 0.0819245
0.74009 0.699186
0.74089 0.138667
0.741302 0.0553534
0.742308 0.974461
0.743751 0.223339
0.746083 0.410714
0.746719 0.101534
0.747612 0.118928
0.748257 0.949316
0.74856 0.0515452
0.748949 0.586407
0.749224 0.20913
0.749269 0.96972
0.749866 0.998626
0.749901 0.584734
0.750564 0.725133
0.751263 0.481592
0.752255 0.14959
0.752398 0.555314
0.752682 0.319233
0.753312 0.919049
0.755993 0.977045
0.756064 0.169518
0.756477 0.111813
0.756529 0.975045
0.757497 0.25128
0.758092 0.252299
0.758806 0.255641
0.758882 0.525094
0.759154 0.10741
0.759711 0.464061
0.760109 0.157673
0.760261 0.712458
0.760362 0.398743
0.76051 0.888969
0.762044 0.678319
0.76233 0.488022
0.764317 0.879735
0.76504 0.02014
0.765826 0.236718
0.765887 0.262473
0.766741 0.610877
0.767145 0.407374
0.767648 0.865519
0.769819 0.344852
0.770517 0.0708586
0.77056 0.808682
0.773154 0.403233
0.773608 0.0225951
0.773776 0.846592
0.774153 0.182985
0.774222 0.342915
0.774998 0.398074
0.776299 0.257303
0.776529 0.121871
0.776536 0.247656
0.777017 0.316533
0.77784 0.16419
0.777882 0.863961
0.778155 0.447874
0.778176 0.81223
0.778686 0.37409
0.779605 0.813639
0.779864 0.169037
0.78049 0.693234
0.780761 0.24307
0.781091 0.792412
0.781295 0.222725
0.782181 0.116971
0.783115 0.806971
0.783891 0.864517
0.784426 0.847451
0.785691 0.102367
0.786662 0.42736
0.787184 0.208421
0.788829 0.851854
0.790934 0.219858
0.791259 0.68383
0.791866 0.891325
0.793919 0.392097
0.793974 0.315186
0.794162 0.479818
0.794743 0.252832
0.795138 0.879458
0.795353 0.493206
0.796042 0.076561
0.79636 0.420038
0.797423 0.286653
0.798836 0.0430177
0.799567 0.319085
0.799653 0.773788
0.801595 0.408855
0.802417 0.215627
0.802763 0.0426644
0.803634 0.675784
0.803926 0.590743
0.804142 0.211699
0.804935 0.534723
0.805234 0.573481
0.807232 0.14628
0.807574 0.899836
0.808252 0.291406
0.809091 0.396402
0.809455 0.506581
0.810073 0.902089
0.810247 0.828384
0.810854 0.0288278
0.811034 0.0427861
0.811931 0.123871
0.81272 0.381232
0.813399 0.793409
0.814013 0.110199
0.814081 0.265997
0.81599 0.342951
0.816059 0.50098
0.817905 0.522414
0.81886 0.586961
0.818865 0.671352
0.818977 0.552592
0.819914 0.288024
0.819961 0.0882784
0.820362 0.816201
0.820688 0.305413
0.820836 0.796218
0.82097 0.0456257
0.820992 0.404504
0.822034 0.930844
0.822343 0.122348
0.822464 0.158707
0.823193 0.396871
0.82342 0.223794
0.823511 0.755954
0.823667 0.379525
0.8239 0.285784
0.823902 0.322121
0.825454 0.399662
0.826059 0.566671
0.826987 0.177868
0.827034 0.954157
0.82708 0.73274
0.827218 0.0598171
0.827662 0.508595
0.827884 0.254781
0.829078 0.313429
0.830315 0.107622
0.830618 0.203551
0.831152 0.167491
0.831443 0.0653505
0.832674 0.74423
0.832734 0.759115
0.832996 0.170847
0.833563 0.697933
0.834963 0.224547
0.835367 0.0184538
0.836033 0.204222
0.838431 0.513013
0.83852 0.0128819
0.839265 0.527411
0.839972 0.403707
0.840039 0.541966
0.841215 0.295151
0.842284 0.273612
0.845132 0.136987
0.84581 0.52415
0.845812 0.555761
0.845911 0.2227
0.846246 0.857936
0.846325 0.187793
0.846417 0.727897
0.846586 0.56559
0.849098 0.784383
0.84911 0.987125
0.850452 0.550164
0.851725 0.947888
0.852253 0.814069
0.853368 0.564109
0.853862 0.857493
0.855057 0.949912
0.8551 0.659137
0.856473 0.748719
0.859079 0.537372
0.859358 0.236207
0.859631 0.815384
0.859776 0.253314
0.861361 0.902007
0.86174 0.266998
0.861928 0.426049
0.863018 0.741577
0.86309 0.949491
0.863588 0.321765
0.863718 0.512812
0.864443 0.686666
0.864536 0.258663
0.864601 0.345167
0.864733 0.559309
0.864807 0.811646
0.864809 0.850159
0.866836 0.919558
0.866856 0.256663
0.867753 0.323042
0.867787 0.889702
0.868404 0.267359
0.87031 0.293519
0.870495 0.407271
0.871662 0.0313209
0.872215 0.316306
0.873785 0.699905
0.873928 0.111867
0.875088 0.599471
0.876015 0.17667
0.878457 0.230383
0.878711 0.489235
0.879634 0.0101849
0.880178 0.159117
0.88172 0.0632484
0.882811 0.3995
0.88344 0.974209
0.883921 0.0609925
0.883942 0.41051
0.884124 0.468664
0.884392 0.978899
0.884419 0.433345
0.884588 0.270693
0.885771 0.155627
0.886294 0.94266
0.887587 0.669263
0.889145 0.85264
0.890589 0.127713
0.890777 0.289598
0.891428 0.224969
0.89212 0.86004
0.893053 0.535812
0.893854 0.0116302
0.89425 0.661469
0.894465 0.273433
0.896196 0.367467
0.896464 0.869156
0.89795 0.850222
0.89917 0.357235
0.899289 0.356089
0.899463 0.273142
0.900715 0.324643
0.901947 0.0174378
0.90234 0.621367
0.902432 0.178682
0.902964 0.118681
0.904248 0.694298
0.904316 0.837034
0.90504 0.00546521
0.907429 0.16309
0.908417 0.768407
0.911122 0.231192
0.911436 0.503613
0.911459 0.894642
0.911804 0.689482
0.911981 0.671579
0.912309 0.172898
0.912676 0.351104
0.913158 0.4453
0.913623 0.256157
0.914552 0.883202
0.916052 0.0845959
0.916346 0.0330605
0.917032 0.557624
0.917234 0.950355
0.917281 0.737977
0.917878 0.78223
0.918047 0.611134
0.918289 0.685612
0.918848 0.0797128
0.919161 0.338462
0.92007 0.624355
0.920398 0.133313
0.920447 0.950072
0.922387 0.558092
0.923979 0.322131
0.924865 0.210507
0.925767 0.361082
0.92598 0.949668
0.927427 0.268725
0.927613 0.394702
0.928765 0.756905
0.929627 0.242536
0.929775 0.733763
0.930095 0.102833
0.931044 0.049381
0.931098 0.963164
0.931459 0.0260805
0.931882 0.140305
0.932957 0.205107
0.933056 0.86843
0.933176 0.890356
0.933287 0.756844
0.939385 0.247375
0.942645 0.03657
0.942691 0.810175
0.942963 0.385032
0.944273 0.391421
0.944664 0.976113
0.945325 0.0695692
0.945608 0.829113
0.945971 0.936679
0.946009 0.571154
0.946718 0.483695
0.947246 0.361537
0.94925 0.0375191
0.949516 0.508591
0.95156 0.867119
0.952277 0.920448
0.952332 0.837768
0.955964 0.893959
0.956037 0.115405
0.956419 0.540307
0.956637 0.196262
0.956876 0.210156
0.957484 0.436646
0.957552 0.579672
0.957687 0.851111
0.958793 0.440577
0.958973 0.454042
0.9593 0.962562
0.960656 0.74596
0.961381 0.928471
0.961543 0.646749
0.96164 0.281255
0.961789 0.782163
0.962912 0.670808
0.963442 0.573303
0.964356 0.935683
0.964554 0.258118
0.964599 0.0116096
0.964775 0.970181
0.968666 0.367158
0.969404 0.773096
0.970433 0.0610759
0.970763 0.605745
0.971467 0.453655
0.971786 0.805342
0.971972 0.941533
0.972817 0.141854
0.973087 0.665683
0.97409 0.52931
0.974662 0.152637
0.974692 0.654894
0.975072 0.0300979
0.975337 0.495441
0.975866 0.381821
0.977952 0.431144
0.978231 0.123068
0.978406 0.0740786
0.97908 0.400619
0.979463 0.826068
0.979788 0.297921
0.980529 0.746959
0.981609 0.899385
0.98264 0.224987
0.98324 0.317771
0.986157 0.346859
0.987326 0.984558
0.98736 0.566558
0.988245 0.439775
0.989681 0.564988
0.989695 0.802487
0.991093 0.306812
0.991922 0.240621
0.992492 0.813085
0.993865 0.889354
0.994959 0.279028
0.996646 0.625261
0.997125 0.679487
0.997226 0.384572
0.997575 0.24203
0.997695 0.262971
0.997987 0.16342
0.998411 0.298032
0.99862 0.804277
