0.00411065 0.0876894
0.0182309 0.407577
0.0206765 0.509696
0.0275771 0.487871
0.0354206 0.313341
0.0434472 0.216343
0.0454255 0.466939
0.0507923 0.665594
0.0521517 0.514296
0.0539413 0.59079
0.0588946 0.842314
0.0653007 0.508909
0.0663238 0.704851
0.0669772 0.685239
0.0679309 0.71452
0.0734271 0.0886084
0.0754498 0.085339
0.0764633 0.1189
0.0776411 0.914652
0.0809982 0.336036
0.0884203 0.0805979
0.089054 0.730799
0.101768 0.41754
0.103993 0.813741
0.109544 0.104313
0.115008 0.938468
0.11675 0.215225
0.124857 0.465293
0.135385 0.414352
0.135561 0.378151
0.136549 0.983962
0.137569 0.114781
0.138003 0.416822
0.140363 0.0826304
0.14151 0.352685
0.145594 0.992347
0.146783 0.978068
0.147503 0.0888034
0.160741 0.569582
0.171195 0.277379
0.173325 0.0756377
0.181824 0.912222
0.182624 0.363168
0.183382 0.0963657
0.186748 0.670904
0.188122 0.768077
0.190522 0.103556
0.196855 0.53587
0.199066 0.705826
0.206679 0.647061
0.23061 0.86267
0.241348 0.329072
0.242042 0.00767429
0.247021 0.674074
0.257824 0.244847
0.264498 0.416543
0.267985 0.0252322
0.273108 0.119567
0.280448 0.481727
0.286667 0.00690297
0.293129 0.619996
0.294648 0.152797
0.297398 0.370568
0.301326 0.378972
0.303597 0.546696
0.307567 0.272998
0.310356 0.1487
0.314356 0.387496
0.316245 0.129614
0.317861 0.29484
0.321285 0.839832
0.324967 0.717001
0.325831 0.236348
0.342154 0.587453
0.344453 0.222591
0.345415 0.397763
0.348011 0.0249195
0.353397 0.544683
0.355306 0.621159
0.367451 0.743169
0.367559 0.572504
0.368376 0.294564
0.368558 0.346918
0.369736 0.156727
0.369834 0.804655
0.37005 0.431621
0.370485 0.748134
0.378694 0.704132
0.382959 0.394872
0.389153 0.492893
0.394334 0.566283
0.405964 0.0369459
0.408771 0.218072
0.409097 0.689111
0.417181 0.554185
0.41857 0.909988
0.427628 0.136416
0.427962 0.764491
0.434001 0.257035
0.438365 0.606512
0.438398 0.148026
0.441469 0.77579
0.445333 0.70529
0.457315 0.0923126
0.466633 0.697664
0.467836 0.925362
0.468161 0.379206
0.470344 0.0728096
0.475362 0.415345
0.47878 0.855699
0.484081 0.950679
0.485199 0.73269
0.49747 0.973979
0.499359 0.729566
0.510374 0.848517
0.517316 0.530581
0.519115 0.76905
0.519227 0.643191
0.530776 0.758859
0.537948 0.292287
0.546974 0.984619
0.550888 0.782815
0.553498 0.63397
0.56118 0.749121
0.566848 0.0193031
0.584441 0.700434
0.588957 0.600931
0.59182 0.711579
0.593067 0.672529
0.600971 0.51801
0.606827 0.946374
0.60949 0.706123
0.617648 0.805869
0.639039 0.328893
0.639146 0.124552
0.639779 0.758099
0.639802 0.146193
0.63987 0.288874
0.652618 0.548881
0.653081 0.335203
0.654492 0.0457832
0.659402 0.572671
0.660687 0.174241
0.670301 0.742669
0.684513 0.617452
0.691408 0.485973
0.699529 0.976162
0.702841 0.64587
0.706557 0.10871
0.706856 0.125084
0.709917 0.579455
0.711367 0.947302
0.71594 0.796965
0.715965 0.216169
0.72672 0.988848
0.731865 0.459099
0.739328 0.881542
0.751974 0.430814
0.752728 0.106104
0.766313 0.415266
0.766934 0.859681
0.768626 0.298546
0.769828 0.494555
0.779499 0.0409581
0.796337 0.0287587
0.798924 0.514023
0.80676 0.216736
0.810048 0.478792
0.811336 0.119212
0.812225 0.0680467
0.81319 0.275925
0.813247 0.234742
0.813336 0.745223
0.819615 0.265804
0.819895 0.968575
0.822148 0.842998
0.827166 0.182145
0.829672 0.297966
0.832202 0.825987
0.840661 0.987266
0.84221 0.0316537
0.846001 0.743348
0.863116 0.398067
0.870138 0.416741
0.879101 0.0432632
0.885221 0.902722
0.887245 0.919966
0.891446 0.526472
0.89636 0.13041
0.901422 0.194451
0.902064 0.995326
0.919873 0.310075
0.935539 0.603577
0.949428 0.0308236
0.956569 0.0520233
0.962899 0.450551
0.97271 0.342227
0.98186 0.126008
0.984906 0.321436
0.992471 0.466776
