0.00104175 0.508676
0.00310658 0.212222
0.00348671 0.601208
0.003594 0.404364
0.00362044 0.848737
0.00421673 0.870669
0.00520405 0.464544
0.00614046 0.202677
0.00705268 0.534354
0.00751313 0.273263
0.00851653 0.137367
0.00902835 0.739479
0.00911569 0.207439
0.0100829 0.463027
0.0109183 0.503127
0.0112666 0.357713
0.0113817 0.292188
0.0119986 0.660844
0.0126024 0.808725
0.0129071 0.929456
0.0158604 0.565331
0.0160167 0.193457
0.0162114 0.464316
0.0163279 0.422426
0.0178935 0.736089
0.0184691 0.409559
0.0189574 0.617824
0.0191814 0.381721
0.0194149 0.306974
0.0194507 0.907961
0.0208689 0.744397
0.0220735 0.989406
0.0228446 0.948606
0.0231719 0.450089
0.0235009 0.980132
0.0246581 0.428972
0.0248395 0.477547
0.0258757 0.893284
0.0261705 0.848135
0.0266968 0.69277
0.0273181 0.135847
0.0277027 0.598526
0.028661 0.705358
0.0294541 0.0350424
0.0296225 0.865112
0.0298763 0.130296
0.0305289 0.099594
0.0311042 0.768087
0.031356 0.00108062
0.0320367 0.440071
0.0334682 0.500278
0.0348428 0.603251
0.0349585 0.547838
0.0350412 0.937261
0.0352392 0.265643
0.0358225 0.0687658
0.0359744 0.620976
0.0374694 0.747441
0.0384328 0.940621
0.0398479 0.723173
0.0399742 0.847218
0.0405129 0.901068
0.0407331 0.601884
0.041083 0.481858
0.0415068 0.604747
0.0432747 0.317424
0.0435621 0.14872
0.0446905 0.112819
0.0456438 0.134845
0.0459789 0.766622
0.0466513 0.0679541
0.0467123 0.0931693
0.0483664 0.893685
0.0485344 0.718425
0.0495884 0.43144
0.0496017 0.65644
0.0513813 0.565803
0.05206 0.972243
0.052274 0.569704
0.0525338 0.935511
0.0539933 0.465238
0.0541283 0.733915
0.0541535 0.157799
0.0549684 0.85335
0.0549982 0.355333
0.0552466 0.529895
0.0580446 0.556396
0.0600974 0.0568709
0.0618717 0.877099
0.0628652 0.576145
0.0637171 0.893579
0.0638233 0.677663
0.0643519 0.561633
0.0653795 0.833264
0.066643 0.0696626
0.0678949 0.109236
0.0694664 0.521839
0.0702191 0.172618
0.0706549 0.496338
0.0712232 0.0477723
0.0713323 0.88261
0.0722892 0.964609
0.0741084 0.540371
0.0760914 0.867697
0.0760964 0.952308
0.077206 0.600824
0.0774568 0.816818
0.077512 0.744032
0.0779238 0.665195
0.0782438 0.0437502
0.0785027 0.395118
0.0788329 0.944812
0.0795205 0.501064
0.0796149 0.0870701
0.0803889 0.0956307
0.0805725 0.181944
0.0812401 0.402922
0.0813981 0.0582686
0.0818627 0.866481
0.0898333 0.8288
0.0907685 0.545558
0.0922341 0.178038
0.0941647 0.626454
0.0942418 0.921515
0.0946141 0.179879
0.094937 0.606543
0.0959097 0.954106
0.0974811 0.364737
0.0977192 0.366391
0.0979672 0.535185
0.0983644 0.210053
0.0984603 0.821502
0.0988795 0.867794
0.0992539 0.159967
0.0998303 0.847948
0.100063 0.757454
0.100864 0.223912
0.101132 0.721171
0.101708 0.413448
0.102164 0.0773736
0.102509 0.869701
0.103801 0.588251
0.104001 0.948276
0.104136 0.215379
0.104265 0.385851
0.104812 0.580136
0.105462 0.494439
0.105644 0.558869
0.105791 0.0269069
0.107467 0.192844
0.107723 0.492189
0.108543 0.287707
0.111579 0.303198
0.112186 0.517808
0.112473 0.334421
0.112714 0.389522
0.114367 0.164829
0.114704 0.822887
0.115223 0.553522
0.115589 0.711192
0.116409 0.49321
0.116657 0.658294
0.11988 0.820299
0.121238 0.646672
0.121587 0.505366
0.123723 0.415597
0.124844 0.251211
0.124902 0.226846
0.126225 0.464277
0.127054 0.397233
0.128034 0.862983
0.128839 0.404073
0.128924 0.827283
0.129056 0.0467235
0.131014 0.958367
0.131121 0.743719
0.132349 0.392702
0.13236 0.573718
0.132748 0.0991565
0.133321 0.722272
0.134041 0.82198
0.134761 0.925139
0.135143 0.345673
0.135267 0.429366
0.135289 0.804453
0.136103 0.475907
0.136227 0.573342
0.136241 0.804103
0.136657 0.786492
0.13703 0.069916
0.137545 0.719408
0.137555 0.888426
0.137723 0.708447
0.138102 0.085592
0.138662 0.485461
0.139365 0.315973
0.139552 0.450762
0.140032 0.521001
0.141284 0.56441
0.141994 0.488721
0.142759 0.350826
0.143815 0.103857
0.143901 0.549693
0.14409 0.723027
0.146529 0.708729
0.146543 0.946205
0.146634 0.470789
0.147166 0.421487
0.14734 0.347046
0.148003 0.486795
0.149537 0.273649
0.149703 0.0505384
0.151265 0.310598
0.152489 0.879157
0.152707 0.550546
0.152708 0.567318
0.153632 0.0960477
0.154478 0.315661
0.154924 0.802334
0.155175 0.0260769
0.156778 0.974184
0.157364 0.817565
0.159262 0.721571
0.159548 0.521898
0.159712 0.275489
0.160067 0.241389
0.160291 0.00865922
0.161779 0.0241459
0.162006 0.827307
0.16318 0.566686
0.163206 0.00495525
0.164098 0.998416
0.165085 0.576318
0.166129 0.123296
0.166354 0.90632
0.167336 0.418386
0.167485 0.912313
0.168338 0.263057
0.16878 0.690266
0.169215 0.996729
0.171651 0.941507
0.173564 0.0830596
0.174514 0.0639734
0.174822 0.229526
0.175471 0.135532
0.175858 0.6411
0.17605 0.864069
0.176969 0.309526
0.177742 0.313329
0.177853 0.17573
0.178066 0.753313
0.178463 0.431178
0.179497 0.813708
0.179508 0.989606
0.180666 0.449959
0.181496 0.394992
0.182687 0.41918
0.183072 0.891016
0.183091 0.215224
0.183225 0.45506
0.183735 0.0337076
0.183783 0.84459
0.184063 0.543519
0.185359 0.32655
0.185644 0.127089
0.186042 0.800344
0.18731 0.120454
0.188738 0.118834
0.189324 0.961612
0.189593 0.497259
0.191115 0.0708131
0.191188 0.294521
0.191571 0.730958
0.191827 0.0397109
0.192055 0.872159
0.192348 0.80033
0.192358 0.968526
0.192603 0.0768924
0.192701 0.727505
0.193083 0.146427
0.193848 0.997552
0.195571 0.963015
0.195944 0.238042
0.19743 0.213489
0.199176 0.547566
0.200355 0.367893
0.201332 0.787686
0.20144 0.599217
0.201556 0.555825
0.204038 0.27402
0.204053 0.520089
0.204506 0.130043
0.205544 0.5819
0.205715 0.448675
0.207117 0.0116192
0.207591 0.973784
0.207878 0.806042
0.208864 0.380649
0.2093 0.709292
0.209678 0.0534022
0.210016 0.747086
0.210288 0.317584
0.210797 0.862586
0.211369 0.476983
0.212236 0.0468338
0.212614 0.40975
0.213284 0.663639
0.213875 0.591623
0.213934 0.582668
0.213996 0.623669
0.216813 0.976804
0.217199 0.460543
0.217687 0.664574
0.218198 0.246
0.219855 0.096957
0.220486 0.701993
0.221599 0.413715
0.221765 0.197891
0.222396 0.805399
0.224196 0.0630272
0.22449 0.997882
0.224505 0.257459
0.224978 0.210146
0.225673 0.879145
0.226093 0.943437
0.226345 0.172909
0.227822 0.00192448
0.228154 0.586242
0.228547 0.190078
0.22888 0.782121
0.230544 0.757603
0.231032 0.952711
0.231311 0.645402
0.231484 0.547052
0.233058 0.0109182
0.233256 0.327397
0.235265 0.101866
0.235315 0.93586
0.235365 0.775097
0.235502 0.0828431
0.235637 0.356098
0.237622 0.70533
0.238102 0.777784
0.239224 0.645282
0.239297 0.865929
0.239721 0.998092
0.240365 0.806613
0.241225 0.274439
0.242107 0.0966353
0.242474 0.252889
0.242785 0.48891
0.245293 0.636193
0.245312 0.959016
0.245687 0.265684
0.245715 0.728183
0.245971 0.0306827
0.246355 0.480276
0.247008 0.467184
0.248623 0.600502
0.249144 0.359383
0.24935 0.821166
0.249396 0.596501
0.249875 0.641367
0.250504 0.224903
0.250883 0.59473
0.252262 0.773971
0.252349 0.231233
0.252507 0.886133
0.253544 0.309619
0.253857 0.571796
0.256102 0.303434
0.256262 0.00284285
0.256551 0.852977
0.256754 0.25906
0.257704 0.227365
0.258314 0.484934
0.259907 0.250138
0.261002 0.66661
0.261476 0.634128
0.262627 0.965237
0.263522 0.0154309
0.264378 0.393395
0.264556 0.395527
0.264616 0.402593
0.265751 0.473452
0.266195 0.935339
0.266811 0.286925
0.267004 0.543806
0.269198 0.413159
0.270433 0.173112
0.270794 0.226597
0.270951 0.879056
0.27186 0.145704
0.273216 0.938791
0.27335 0.186524
0.274456 0.779285
0.275688 0.496507
0.27635 0.614749
0.277176 0.494517
0.277748 0.112601
0.278256 0.653181
0.279063 0.213367
0.279543 0.277909
0.281206 0.223721
0.281351 0.669344
0.282651 0.513672
0.282931 0.221875
0.283472 0.311295
0.283935 0.0955034
0.285072 0.201823
0.285237 0.985741
0.285417 0.00423061
0.288706 0.285845
0.288817 0.148928
0.288895 0.460533
0.288911 0.734808
0.292872 0.291168
0.293219 0.138687
0.294043 0.980098
0.294413 0.19303
0.294959 0.379317
0.298009 0.629733
0.298227 0.307445
0.298333 0.0794372
0.298884 0.336733
0.299003 0.342177
0.299936 0.0221282
0.29996 0.425304
0.300007 0.219398
0.300974 0.462175
0.301438 0.268939
0.303483 0.635982
0.304143 0.735002
0.305229 0.991417
0.305483 0.245346
0.306409 0.822866
0.306477 0.957877
0.306809 0.547102
0.306935 0.658375
0.307426 0.914607
0.307715 0.763106
0.307824 0.591894
0.307824 0.593201
0.308403 0.323272
0.308599 0.627416
0.308603 0.683656
0.30879 0.832306
0.309035 0.951011
0.309968 0.626634
0.31012 0.187289
0.310433 0.443299
0.311586 0.831649
0.312522 0.558316
0.313855 0.953127
0.314169 0.238384
0.315036 0.815177
0.315359 0.234366
0.315829 0.13489
0.31696 0.142057
0.317306 0.961041
0.317703 0.637944
0.317921 0.295316
0.318395 0.269236
0.320349 0.0980684
0.320504 0.709759
0.323691 0.276608
0.324411 0.381904
0.32661 0.334059
0.327322 0.295819
0.327502 0.319263
0.328589 0.593154
0.329336 0.142675
0.331298 0.124654
0.331401 0.85861
0.332202 0.322422
0.332307 0.0891157
0.332406 0.752047
0.333469 0.615265
0.333539 0.78267
0.334476 0.534122
0.334647 0.413397
0.336328 0.666073
0.336727 0.36741
0.337068 0.0997243
0.337518 0.659786
0.338491 0.0242777
0.34035 0.268866
0.340452 0.977566
0.340618 0.766445
0.341403 0.962948
0.34214 0.347575
0.342915 0.370262
0.343313 0.0531048
0.344444 0.0633088
0.344612 0.887016
0.344819 0.370838
0.345178 0.406432
0.345241 0.463102
0.345775 0.433217
0.346152 0.777725
0.346595 0.216376
0.347008 0.161457
0.347476 0.030449
0.347615 0.363263
0.348336 0.484509
0.348356 0.826975
0.348435 0.152684
0.348745 0.360404
0.348911 0.148087
0.349569 0.211521
0.350066 0.557177
0.350385 0.9195
0.350721 0.563792
0.351191 0.471586
0.35244 0.455789
0.352751 0.692193
0.354542 0.787878
0.354545 0.843038
0.355962 0.646338
0.356099 0.949247
0.35612 0.311224
0.357642 0.89323
0.357976 0.507562
0.361205 0.767585
0.361416 0.327119
0.362512 0.739498
0.363031 0.458786
0.363171 0.815767
0.364271 0.308492
0.364771 0.713332
0.364988 0.352812
0.36691 0.660166
0.368834 0.997746
0.369625 0.285543
0.370832 0.579225
0.370983 0.104325
0.371084 0.805136
0.371249 0.581501
0.371444 0.855412
0.371727 0.610472
0.372425 0.339953
0.372552 0.481694
0.37278 0.318563
0.375047 0.419411
0.375605 0.79022
0.376335 0.061787
0.3764 0.155413
0.377145 0.671569
0.377498 0.610101
0.377703 0.0499623
0.37902 0.185134
0.379389 0.391914
0.38045 0.224093
0.380472 0.591392
0.380883 0.501615
0.383623 0.545155
0.383644 0.899415
0.383777 0.141435
0.384097 0.5161
0.384445 0.369426
0.384942 0.726948
0.385264 0.139477
0.385275 0.313371
0.38585 0.982482
0.386027 0.953349
0.386513 0.131396
0.387008 0.438414
0.387163 0.0533994
0.387743 0.794333
0.388134 0.371058
0.388488 0.325493
0.388562 0.556096
0.389927 0.503926
0.390888 0.651737
0.391126 0.652178
0.391206 0.999582
0.392817 0.0769722
0.39296 0.487024
0.394244 0.0538292
0.394745 0.472749
0.396192 0.799116
0.396237 0.563611
0.397819 0.146696
0.398131 0.385636
0.398431 0.429841
0.398895 0.2278
0.398971 0.499218
0.399004 0.0537001
0.401318 0.949081
0.402194 0.682792
0.402766 0.29391
0.402864 0.932916
0.406072 0.859997
0.406722 0.769314
0.40853 0.170728
0.41047 0.775797
0.412321 0.880152
0.414359 0.138142
0.415442 0.334083
0.415835 0.943796
0.416362 0.798363
0.416839 0.812878
0.417213 0.0920522
0.418483 0.439907
0.418716 0.355721
0.420697 0.646677
0.420733 0.267731
0.421073 0.97551
0.42162 0.171369
0.422112 0.431405
0.422502 0.993972
0.422733 0.86725
0.422887 0.467099
0.423494 0.661618
0.424152 0.723432
0.424767 0.0591546
0.424842 0.321556
0.427342 0.339235
0.428388 0.91978
0.429439 0.5729
0.431174 0.736229
0.431379 0.190538
0.43273 0.899101
0.433133 0.666226
0.433153 0.00293942
0.434426 0.400585
0.43458 0.98371
0.434654 0.229738
0.435863 0.547329
0.436478 0.88835
0.437109 0.496798
0.4377 0.417253
0.438528 0.339855
0.438777 0.525257
0.439517 0.959299
0.440558 0.463099
0.440602 0.192744
0.441175 0.821792
0.441803 0.377482
0.442585 0.522269
0.44505 0.955999
0.4471 0.40633
0.447155 0.33071
0.447429 0.939691
0.448038 0.172543
0.448751 0.156233
0.449153 0.914138
0.449664 0.504189
0.450074 0.386933
0.450835 0.180354
0.45101 0.131076
0.451238 0.963758
0.452397 0.443568
0.45247 0.666681
0.452763 0.586783
0.452982 0.274912
0.453032 0.113241
0.454388 0.891623
0.454593 0.352522
0.457957 0.887263
0.458065 0.692775
0.459403 0.18036
0.45944 0.804035
0.460543 0.344227
0.461956 0.0865355
0.46292 0.291448
0.463326 0.111769
0.463611 0.903174
0.464851 0.755251
0.464857 0.857589
0.466623 0.527354
0.467918 0.298318
0.468965 0.889586
0.469598 0.541055
0.472125 0.997347
0.472146 0.362033
0.472281 0.630334
0.47234 0.613052
0.472791 0.19995
0.472967 0.153676
0.474129 0.679638
0.476163 0.873069
0.476953 0.142396
0.477136 0.231386
0.478048 0.560308
0.478606 0.932542
0.478621 0.183698
0.480162 0.078438
0.480754 0.0294865
0.481923 0.676233
0.481931 0.80799
0.48416 0.274956
0.485374 0.688983
0.485379 0.75881
0.487267 0.502979
0.487382 0.432625
0.48824 0.84648
0.489525 0.444763
0.490061 0.459973
0.490862 0.91225
0.49112 0.254241
0.49184 0.350991
0.492299 0.0711171
0.492878 0.795991
0.4948 0.0962155
0.494894 0.678598
0.495032 0.998545
0.497178 0.0641372
0.497844 0.257998
0.498652 0.844895
0.498898 0.971474
0.499629 0.267616
0.500523 0.287389
0.501593 0.272722
0.50168 0.733482
0.501942 0.138304
0.502246 0.246411
0.502451 0.686515
0.503002 0.959048
0.503829 0.855644
0.504627 0.259303
0.505351 0.429448
0.507066 0.256744
0.508629 0.521531
0.50925 0.959051
0.509814 0.438733
0.511161 0.0820858
0.511348 0.22233
0.512062 0.223762
0.514899 0.900971
0.515764 0.446615
0.516152 0.960596
0.516979 0.864172
0.519257 0.145237
0.519478 0.865126
0.519623 0.309325
0.519661 0.946587
0.520548 0.843697
0.522292 0.160196
0.522297 0.244588
0.523161 0.760108
0.523638 0.783068
0.52448 0.938262
0.525094 0.252008
0.526101 0.185501
0.526444 0.946155
0.527142 0.668537
0.529113 0.803342
0.530077 0.0071588
0.531385 0.981483
0.532122 0.368974
0.532138 0.635798
0.533183 0.207101
0.533584 0.946622
0.535586 0.595541
0.536146 0.00266481
0.536169 0.384185
0.537721 0.473183
0.53796 0.486271
0.538045 0.921948
0.538905 0.375703
0.539608 0.18812
0.540331 0.350102
0.541934 0.292449
0.541973 0.948369
0.542133 0.625199
0.543636 0.884719
0.544115 0.948079
0.544569 0.573021
0.545774 0.816395
0.546124 0.705323
0.547575 0.0982686
0.548192 0.455052
0.549796 0.428313
0.550491 0.104254
0.552229 0.317844
0.553481 0.357144
0.553911 0.578449
0.55459 0.999078
0.554863 0.589611
0.555358 0.905301
0.555799 0.308224
0.555976 0.293194
0.557019 0.823744
0.557083 0.897053
0.558322 0.718787
0.55858 0.0465972
0.558992 0.983852
0.560083 0.317239
0.560746 0.45183
0.560767 0.813377
0.561319 0.0855509
0.561583 0.524644
0.562109 0.362759
0.562985 0.0916811
0.563877 0.077253
0.56434 0.866909
0.564623 0.615809
0.564751 0.766331
0.565462 0.716312
0.566187 0.897899
0.567275 0.197626
0.571009 0.945071
0.571326 0.271761
0.571352 0.712331
0.571839 0.89739
0.572275 0.231035
0.573165 0.187266
0.573594 0.393528
0.57368 0.846361
0.574077 0.512839
0.57516 0.708036
0.57569 0.617833
0.576954 0.873125
0.577344 0.414138
0.577416 0.637079
0.578758 0.186101
0.579082 0.63298
0.580079 0.380142
0.580142 0.440842
0.582413 0.618388
0.584638 0.0178595
0.584977 0.707434
0.587231 0.587515
0.58841 0.413125
0.588652 0.482258
0.593509 0.10895
0.594721 0.473436
0.596999 0.758829
0.597433 0.0550561
0.597473 0.721432
0.598637 0.29465
0.599004 0.46204
0.600582 0.983218
0.600701 0.973988
0.601272 0.57861
0.601357 0.0145535
0.601455 0.656346
0.602401 0.549643
0.602549 0.0397672
0.602848 0.0619014
0.605087 0.693182
0.606167 0.854343
0.608499 0.0355654
0.609417 0.471654
0.610137 0.573788
0.610361 0.329843
0.610499 0.650831
0.611971 0.396621
0.612647 0.762763
0.613112 0.566475
0.613398 0.385186
0.614008 0.628792
0.615266 0.774734
0.615859 0.749144
0.616767 0.99834
0.616773 0.108762
0.61696 0.248905
0.617422 0.0113638
0.618007 0.838411
0.620589 0.247556
0.620683 0.822809
0.621223 0.896208
0.623085 0.192059
0.623192 0.983436
0.626062 0.221866
0.627771 0.943585
0.628277 0.448258
0.628515 0.456509
0.629236 0.564348
0.629521 0.367274
0.62965 0.528174
0.632403 0.79046
0.63475 0.247031
0.634847 0.878617
0.635272 0.0101537
0.637277 0.72112
0.637585 0.897543
0.637602 0.181586
0.63769 0.650501
0.637932 0.716277
0.638338 0.554583
0.638443 0.310155
0.638692 0.497333
0.640448 0.00899791
0.640832 0.468367
0.641107 0.0797416
0.641512 0.895594
0.641719 0.374196
0.643081 0.263923
0.645116 0.458645
0.646052 0.190383
0.646976 0.728567
0.647469 0.0139136
0.647699 0.878144
0.648227 0.754249
0.648754 0.616477
0.652324 0.611733
0.653207 0.447
0.653363 0.0789765
0.653893 0.986371
0.65406 0.79502
0.65407 0.962395
0.654442 0.202093
0.65446 0.503752
0.6567 0.155632
0.659028 0.279104
0.659801 0.273202
0.660506 0.128476
0.661409 0.293554
0.661574 0.0679938
0.662401 0.966475
0.66291 0.528727
0.663152 0.58839
0.664231 0.724224
0.664913 0.199176
0.665329 0.190879
0.667829 0.208597
0.668428 0.267297
0.669599 0.945411
0.669674 0.206865
0.6697 0.646246
0.670229 0.541791
0.672002 0.33699
0.672128 0.461865
0.672526 0.147775
0.672738 0.707177
0.672765 0.155683
0.673366 0.25634
0.673903 0.27969
0.674444 0.378862
0.675568 0.265213
0.675701 0.501575
0.676581 0.300848
0.678351 0.0436884
0.682016 0.644485
0.682149 0.884995
0.682281 0.0955762
0.684382 0.416262
0.684965 0.200281
0.68559 0.707291
0.686572 0.212102
0.686585 0.440154
0.687337 0.0709752
0.689164 0.775622
0.689373 0.299961
0.690505 0.323431
0.691661 0.737976
0.69176 0.413876
0.692611 0.717161
0.693016 0.526164
0.69341 0.146263
0.699248 0.268922
0.701488 0.905352
0.704144 0.552973
0.705776 0.969856
0.706167 0.541791
0.706436 0.0730166
0.708182 0.410099
0.70822 0.0464612
0.709688 0.720335
0.711165 0.542447
0.711592 0.729371
0.713566 0.895959
0.714133 0.429807
0.71429 0.0668159
0.714702 0.989748
0.714731 0.491199
0.716648 0.708456
0.717189 0.800389
0.717393 0.219988
0.71924 0.272031
0.71932 0.612806
0.721263 0.275305
0.722076 0.923718
0.724081 0.635843
0.725132 0.288978
0.725289 0.931543
0.725641 0.845797
0.725718 0.138855
0.728073 0.724857
0.728677 0.869358
0.728786 0.710715
0.730616 0.460794
0.731874 0.60816
0.732215 0.342251
0.733493 0.815218
0.73383 0.482057
0.734196 0.632237
0.734885 0.216171
0.736139 0.29076
0.73638 0.332477
0.737783 0.915245
0.739061 0.396078
0.73987 0.999935
0.740242 0.25466
0.741948 0.926846
0.742187 0.935175
0.743464 0.404237
0.744266 0.871219
0.744284 0.177081
0.744347 0.242947
0.744985 0.955454
0.745351 0.107403
0.74603 0.524315
0.74612 0.0374649
0.746295 0.976165
0.747472 0.769757
0.747702 0.628681
0.747879 0.607531
0.747885 0.702261
0.750391 0.816737
0.750643 0.0572748
0.75083 0.198568
0.751046 0.836883
0.751429 0.267568
0.75183 0.0117146
0.752354 0.811966
0.75317 0.528766
0.754195 0.756326
0.755691 0.896996
0.755807 0.846529
0.755897 0.357323
0.756049 0.915255
0.758076 0.983448
0.758145 0.145703
0.759594 0.500151
0.759783 0.679527
0.760358 0.337596
0.761634 0.776064
0.76225 0.13118
0.762376 0.258591
0.762602 0.047516
0.762862 0.417197
0.764394 0.175751
0.76488 0.345439
0.76582 0.130842
0.766726 0.36905
0.766781 0.28893
0.766878 0.923201
0.767058 0.93935
0.767333 0.560775
0.767706 0.827419
0.768854 0.1376
0.769014 0.824471
0.769144 0.00473267
0.769379 0.951265
0.771003 0.253359
0.771144 0.612399
0.771358 0.213374
0.771804 0.702121
0.772504 0.476816
0.773322 0.22262
0.773587 0.674549
0.77458 0.365995
0.77676 0.00101046
0.777212 0.608101
0.778137 0.151364
0.779812 0.302783
0.780286 0.270997
0.780841 0.598096
0.783849 0.147887
0.785286 0.299758
0.785787 0.71784
0.787423 0.2241
0.787693 0.757485
0.788189 0.0956438
0.788312 0.168145
0.789768 0.627732
0.789813 0.38293
0.789888 0.644494
0.790304 0.634506
0.791393 0.936212
0.793061 0.971699
0.793481 0.0416965
0.79359 0.863558
0.794137 0.0541885
0.794835 0.795378
0.796133 0.611633
0.797001 0.196033
0.797628 0.741541
0.798141 0.362545
0.798728 0.218174
0.799153 0.358289
0.800798 0.0162079
0.80101 0.574615
0.80125 0.600625
0.801635 0.0855389
0.804929 0.439954
0.805843 0.79619
0.806307 0.604856
0.806671 0.719904
0.807513 0.876961
0.807566 0.767382
0.808333 0.653672
0.809897 0.935222
0.809935 0.581023
0.810548 0.876283
0.811951 0.45531
0.812312 0.522476
0.812694 0.952738
0.813548 0.299749
0.81381 0.69654
0.815495 0.0326771
0.81584 0.825043
0.815861 0.180368
0.81647 0.405496
0.816596 0.522005
0.81673 0.783622
0.816987 0.0979239
0.817074 0.556626
0.817327 0.813435
0.817891 0.292562
0.81818 0.156869
0.818228 0.959894
0.819165 0.714336
0.819441 0.345144
0.81964 0.686597
0.82013 0.931716
0.820672 0.0384633
0.820852 0.0655308
0.820914 0.102337
0.820992 0.414717
0.82217 0.209843
0.822175 0.295589
0.822273 0.941897
0.824403 0.748139
0.825142 0.167914
0.825265 0.232401
0.827287 0.219458
0.827438 0.756266
0.828903 0.377593
0.828991 0.857935
0.829125 0.103595
0.829413 0.943398
0.830288 0.649756
0.830449 0.357672
0.831536 0.622884
0.832705 0.267157
0.832968 0.694518
0.833239 0.254991
0.83448 0.111083
0.834544 0.188578
0.835491 0.0949774
0.836661 0.764913
0.838729 0.513499
0.838997 0.0247596
0.839225 0.856378
0.839838 0.150769
0.841006 0.788601
0.842242 0.55649
0.843017 0.583169
0.844225 0.887251
0.844282 0.844557
0.84523 0.776447
0.845409 0.791109
0.848206 0.798748
0.84862 0.75542
0.850604 0.100253
0.854318 0.524283
0.854589 0.0743302
0.854673 0.488618
0.855107 0.781127
0.857319 0.959198
0.857326 0.075686
0.857757 0.327263
0.858045 0.161533
0.858087 0.874476
0.858501 0.827478
0.858664 0.563568
0.861243 0.90608
0.861246 0.955808
0.862085 0.0696166
0.862255 0.915558
0.863325 0.897111
0.863545 0.597951
0.863991 0.0993224
0.865886 0.952771
0.867048 0.476541
0.868385 0.952926
0.868684 0.96509
0.869311 0.503687
0.869627 0.816978
0.870227 0.900535
0.871278 0.574605
0.8737 0.271412
0.874183 0.3997
0.874754 0.986548
0.875808 0.696628
0.876247 0.0854325
0.87649 0.173317
0.876549 0.164441
0.877208 0.232704
0.878798 0.957407
0.878968 0.815338
0.879626 0.877935
0.879838 0.437391
0.879972 0.696246
0.881307 0.119482
0.88489 0.338643
0.885569 0.754718
0.8857 0.963358
0.886012 0.204772
0.886256 0.300498
0.887244 0.903303
0.88793 0.439473
0.88888 0.409782
0.889138 0.741662
0.890921 0.706819
0.8928 0.28596
0.89287 0.473502
0.894 0.453262
0.894639 0.199117
0.895191 0.481692
0.896823 0.905032
0.897432 0.137978
0.897578 0.59088
0.898952 0.685783
0.899616 0.853417
0.899864 0.0218276
0.900341 0.0381351
0.901093 0.674239
0.90119 0.292458
0.901372 0.360058
0.901846 0.327646
0.901879 0.875711
0.9019 0.241539
0.902403 0.693721
0.902713 0.890203
0.904325 0.994822
0.905319 0.69656
0.90558 0.075742
0.906045 0.902518
0.906447 0.655728
0.906662 0.270446
0.907105 0.717072
0.907792 0.266821
0.90805 0.592651
0.909179 0.570054
0.909212 0.118104
0.911217 0.818317
0.9119 0.301314
0.912212 0.541671
0.91233 0.531463
0.912602 0.105514
0.912933 0.671839
0.913167 0.593015
0.913183 0.860731
0.913492 0.0594753
0.914204 0.0307523
0.914371 0.830386
0.914552 0.87471
0.914765 0.454945
0.915012 0.606427
0.915381 0.813771
0.915581 0.164921
0.916051 0.0758226
0.91656 0.618719
0.916667 0.424834
0.91856 0.243744
0.91893 0.463329
0.918998 0.59233
0.919907 0.88097
0.920758 0.181617
0.921283 0.00222458
0.921369 0.454298
0.921389 0.791051
0.921515 0.909876
0.921589 0.152891
0.923611 0.124194
0.92412 0.68758
0.924471 0.581376
0.924971 0.989801
0.928184 0.980596
0.928248 0.0584121
0.928295 0.85019
0.929161 0.405625
0.929585 0.534422
0.930532 0.454134
0.932147 0.587952
0.932179 0.131877
0.932372 0.369333
0.932445 0.606565
0.933864 0.460477
0.93431 0.956159
0.934382 0.151699
0.934542 0.843563
0.935081 0.903729
0.935515 0.198249
0.936049 0.183445
0.937582 0.937851
0.937619 0.560086
0.938598 0.0197001
0.940043 0.301238
0.940812 0.234642
0.940979 0.0276067
0.941655 0.403422
0.941995 0.111866
0.942093 0.764506
0.942101 0.892561
0.942569 0.764675
0.943538 0.0357128
0.944123 0.881051
0.944772 0.784733
0.946659 0.504913
0.94668 0.844265
0.947303 0.326262
0.947763 0.0551614
0.948472 0.976459
0.948498 0.412881
0.94874 0.466713
0.948763 0.867682
0.949618 0.236598
0.949629 0.414296
0.949842 0.99612
0.950154 0.240507
0.950365 0.79285
0.950715 0.665256
0.951397 0.127882
0.951416 0.440843
0.951846 0.679076
0.95257 0.851577
0.952913 0.616339
0.953179 0.0878885
0.954162 0.596214
0.954267 0.368534
0.954579 0.604962
0.956243 0.572665
0.956387 0.989557
0.956758 0.233552
0.957038 0.938123
0.957637 0.000658528
0.958908 0.373988
0.95923 0.771216
0.959311 0.142889
0.959916 0.306439
0.960153 0.298295
0.960304 0.827793
0.960818 0.461945
0.961735 0.881231
0.961888 0.44713
0.962129 0.502778
0.962848 0.588218
0.962969 0.620976
0.964928 0.546034
0.965741 0.21705
0.966096 0.180939
0.966736 0.925409
0.966775 0.581791
0.967126 0.479258
0.967184 0.46776
0.967324 0.808024
0.967479 0.413556
0.967945 0.245051
0.969066 0.0856576
0.970437 0.126254
0.970472 0.714852
0.970655 0.804937
0.970884 0.643575
0.972143 0.800936
0.972308 0.587859
0.972717 0.45452
0.974874 0.708555
0.975627 0.360883
0.97568 0.247094
0.975787 0.0580065
0.976027 0.0911537
0.976305 0.758143
0.976593 0.593383
0.976642 0.413963
0.979132 0.273557
0.980337 0.52658
0.980799 0.281644
0.982621 0.912456
0.982783 0.634155
0.983018 0.591629
0.983267 0.766237
0.983646 0.139962
0.984987 0.671719
0.985103 0.620102
0.988795 0.682114
0.989072 0.337794
0.989186 0.249964
0.989891 0.101873
0.990044 0.675324
0.99152 0.472346
0.991968 0.0120822
0.993017 0.632276
0.993596 0.363857
0.994341 0.889742
0.994534 0.128286
0.994688 0.728261
0.994977 0.578387
0.995587 0.834233
0.995877 0.709584
0.995883 0.809269
0.998519 0.10421
0.998894 0.41289
0.999206 0.648715
0.999999 0.986961
