0.00014725 0.474847
0.000763352 0.829673
0.00117324 0.718717
0.00135205 0.72384
0.00296343 0.806435
0.00298098 0.101372
0.00473216 0.533435
0.00526409 0.473543
0.00655233 0.12503
0.00702787 0.117357
0.0077468 0.200418
0.00915381 0.848145
0.010064 0.145778
0.011605 0.0447206
0.013898 0.58404
0.0156943 0.773289
0.0162407 0.957526
0.0164319 0.171064
0.0183562 0.513199
0.0192002 0.696967
0.0192855 0.131486
0.0201393 0.481149
0.021825 0.812629
0.0219517 0.94184
0.0240041 0.43722
0.0240923 0.919613
0.0257345 0.520298
0.0282076 0.0844936
0.028299 0.621139
0.0291182 0.389366
0.0292395 0.428511
0.030161 0.91666
0.0306013 0.316845
0.0306141 0.530951
0.0316513 0.963124
0.0323126 0.0777579
0.0337464 0.175235
0.0342272 0.257143
0.0343191 0.801708
0.0347058 0.300193
0.0352996 0.279589
0.0373343 0.477113
0.0376272 0.400486
0.0380022 0.702271
0.0385362 0.677261
0.0447731 0.500943
0.0458957 0.369646
0.0459053 0.529805
0.0465543 0.43744
0.0471512 0.469585
0.0476346 0.595446
0.0477416 0.392928
0.0481661 0.527587
0.0497093 0.463478
0.0499145 0.912653
0.0519546 0.200298
0.0519722 0.496956
0.0524286 0.16683
0.0524911 0.218287
0.0532425 0.847487
0.0538199 0.551723
0.0543088 0.768699
0.0549415 0.401495
0.0555846 0.209852
0.0567365 0.571037
0.0583575 0.814151
0.0584277 0.99508
0.0588122 0.456287
0.0594082 0.472999
0.0594573 0.299432
0.0604267 0.59175
0.0618517 0.54105
0.0625669 0.561884
0.0628751 0.742604
0.0632205 0.546154
0.063522 0.614691
0.0644462 0.147889
0.0648528 0.980622
0.0663813 0.670061
0.0684075 0.72495
0.0684518 0.46959
0.0689563 0.949273
0.0702521 0.727789
0.0704957 0.82109
0.0710398 0.966499
0.0712722 0.871279
0.0719968 0.0504552
0.0729532 0.123986
0.0731566 0.543648
0.0733618 0.991899
0.0734927 0.191829
0.0761725 0.23188
0.0771281 0.29213
0.0777305 0.416837
0.0780178 0.245989
0.0784722 0.882224
0.080099 0.223731
0.0808021 0.0414786
0.0817344 0.709925
0.0819293 0.985127
0.0819651 0.587797
0.0820149 0.424428
0.0835185 0.696228
0.0838919 0.970887
0.0842603 0.162797
0.0842774 0.450244
0.0859075 0.847811
0.0862245 0.176011
0.0862904 0.282253
0.0863842 0.860033
0.086451 0.982053
0.0877163 0.248137
0.08946 0.554556
0.0908659 0.183946
0.0917312 0.726569
0.0931524 0.613062
0.0933145 0.337007
0.0951937 0.921243
0.0956871 0.213767
0.0974196 0.330435
0.0985885 0.977792
0.0990272 0.35096
0.10008 0.0430777
0.101674 0.836747
0.102054 0.221992
0.103375 0.415971
0.103533 0.0811938
0.104064 0.997573
0.104147 0.393288
0.104822 0.74042
0.106393 0.140791
0.106415 0.516926
0.107002 0.378457
0.107894 0.373076
0.108548 0.366933
0.109928 0.56689
0.110316 0.0849721
0.111627 0.120819
0.112628 0.936587
0.112822 0.198595
0.112976 0.789522
0.11562 0.218059
0.116207 0.0881911
0.116904 0.806324
0.11838 0.609552
0.119179 0.0416051
0.119829 0.963883
0.120878 0.596966
0.121894 0.675497
0.12453 0.970485
0.124935 0.78442
0.124972 0.408017
0.126117 0.643261
0.126482 0.787508
0.128777 0.350777
0.129462 0.859695
0.130274 0.522368
0.130829 0.836804
0.133224 0.0909361
0.135768 0.849123
0.136786 0.960892
0.137073 0.78786
0.139921 0.649544
0.140344 0.769732
0.140599 0.0458803
0.142354 0.546448
0.142519 0.311848
0.143215 0.0177412
0.144571 0.805608
0.145002 0.0531393
0.145642 0.799871
0.147192 0.863904
0.148506 0.942475
0.149337 0.911871
0.153839 0.563599
0.15444 0.671323
0.15638 0.275806
0.156541 0.98326
0.156885 0.762024
0.158287 0.32406
0.160304 0.225833
0.16097 0.421204
0.163125 0.647425
0.163573 0.169505
0.165674 0.477943
0.165727 0.374062
0.165875 0.861548
0.166156 0.591704
0.166474 0.92078
0.166637 0.674825
0.167707 0.645844
0.16976 0.154466
0.170532 0.131525
0.17064 0.94772
0.171413 0.93641
0.173693 0.258759
0.173809 0.199487
0.174164 0.180813
0.174399 0.121656
0.17449 0.657456
0.17481 0.0266742
0.175739 0.643638
0.176432 0.291859
0.178671 0.930528
0.180019 0.581371
0.180125 0.360383
0.18106 0.0774617
0.181346 0.879534
0.181717 0.121126
0.182442 0.299966
0.183683 0.154165
0.184108 0.307537
0.184517 0.18164
0.185291 0.19157
0.1861 0.789621
0.186543 0.234541
0.187565 0.412318
0.188482 0.823879
0.189312 0.773443
0.189467 0.376102
0.191204 0.564577
0.194748 0.130009
0.195619 0.764044
0.195785 0.554881
0.198025 0.203426
0.198708 0.680038
0.199865 0.128041
0.20067 0.655106
0.201343 0.96835
0.201709 0.118483
0.201787 0.432069
0.202394 0.631878
0.203046 0.590979
0.203403 0.591253
0.203491 0.0729802
0.203908 0.0882167
0.206197 0.546338
0.206248 0.405157
0.206562 0.695618
0.206667 0.445578
0.206858 0.664533
0.207074 0.288079
0.209094 0.238806
0.210218 0.137039
0.211073 0.503599
0.211514 0.918403
0.211521 0.0395868
0.214468 0.567739
0.21456 0.113651
0.216236 0.273162
0.218632 0.547604
0.218676 0.28016
0.219686 0.255398
0.220284 0.307853
0.220749 0.132399
0.221804 0.853952
0.222616 0.505816
0.224293 0.691264
0.225156 0.194317
0.227293 0.111036
0.227632 0.819112
0.229384 0.251739
0.230212 0.175453
0.231737 0.807352
0.232104 0.965014
0.23497 0.14765
0.235425 0.785372
0.235482 0.744736
0.236108 0.27438
0.236455 0.102271
0.236754 0.132834
0.237361 0.328315
0.237551 0.518837
0.237747 0.80797
0.238832 0.0410625
0.23985 0.154201
0.239952 0.878664
0.240754 0.345873
0.243084 0.509103
0.244286 0.716499
0.246 0.515534
0.246884 0.383601
0.247113 0.229729
0.247791 0.624352
0.24926 0.304783
0.250422 0.8501
0.250816 0.464298
0.253555 0.503243
0.253915 0.552534
0.254573 0.600738
0.255555 0.107763
0.25626 0.953999
0.256901 0.734642
0.257988 0.997952
0.260271 0.378804
0.261881 0.430359
0.262037 0.0501112
0.263917 0.6495
0.264105 0.813278
0.264351 0.945108
0.265436 0.187084
0.265839 0.954725
0.2661 0.342915
0.266185 0.775665
0.266495 0.98168
0.268038 0.918323
0.268329 0.808121
0.270782 0.0338261
0.27198 0.170041
0.272552 0.775712
0.272926 0.0667902
0.275346 0.73327
0.27548 0.997141
0.276548 0.946371
0.277621 0.98202
0.280433 0.2305
0.282089 0.0755245
0.283301 0.434971
0.284794 0.529246
0.285576 0.680998
0.285587 0.85994
0.286002 0.838549
0.288018 0.724435
0.29162 0.258427
0.292175 0.585455
0.293126 0.572583
0.294244 0.359078
0.295471 0.978149
0.296183 0.93998
0.298856 0.880698
0.298894 0.508647
0.299278 0.959281
0.300287 0.925582
0.301941 0.728571
0.302713 0.702062
0.308342 0.300373
0.31025 0.364914
0.3105 0.565858
0.310777 0.233622
0.310914 0.523814
0.311529 0.863966
0.31157 0.558869
0.312341 0.514539
0.312746 0.313666
0.312901 0.934021
0.31299 0.42809
0.313183 0.669224
0.313467 0.447912
0.314094 0.982854
0.31445 0.966043
0.315417 0.205751
0.31765 0.73741
0.31817 0.477078
0.318182 0.690526
0.322204 0.280382
0.32226 0.215476
0.324277 0.117782
0.324926 0.0345809
0.325759 0.0307823
0.327079 0.220496
0.327173 0.794042
0.327186 0.0135717
0.32865 0.62647
0.329483 0.626952
0.329957 0.59285
0.331107 0.919779
0.331499 0.506945
0.33351 0.305598
0.334932 0.201969
0.335039 0.995498
0.335507 0.865609
0.335661 0.449493
0.336176 0.112744
0.337508 0.489601
0.338041 0.455451
0.338832 0.754495
0.340626 0.902045
0.342417 0.00820912
0.343341 0.539639
0.345618 0.802203
0.345782 0.561788
0.347162 0.758497
0.353061 0.889262
0.353162 0.588602
0.353426 0.0340188
0.353778 0.949909
0.354244 0.78185
0.354776 0.723391
0.355029 0.971223
0.355503 0.930805
0.356647 0.168811
0.357042 0.804297
0.357219 0.777644
0.358219 0.584772
0.358284 0.682115
0.360427 0.704396
0.361843 0.500957
0.36235 0.00890154
0.362934 0.823748
0.36547 0.453605
0.365646 0.418297
0.366233 0.284672
0.366824 0.203022
0.366996 0.0950295
0.367457 0.851016
0.369636 0.465237
0.372051 0.0672119
0.373696 0.708766
0.373869 0.623134
0.375377 0.95843
0.376713 0.406781
0.37691 0.721452
0.377715 0.263685
0.378582 0.82686
0.378962 0.21302
0.380569 0.229608
0.380846 0.873862
0.381859 0.898375
0.385092 0.247109
0.386783 0.661784
0.388639 0.858036
0.388648 0.0142737
0.390527 0.578905
0.390811 0.358766
0.391327 0.026173
0.392237 0.320119
0.394672 0.250653
0.396458 0.265601
0.397167 0.186602
0.401428 0.793803
0.402046 0.193967
0.402957 0.490802
0.405298 0.846114
0.405631 0.432843
0.405923 0.34205
0.406808 0.227241
0.40793 0.0811917
0.408577 0.959501
0.409058 0.0309213
0.410844 0.0617176
0.412562 0.934235
0.414088 0.571534
0.416829 0.651263
0.41971 0.0621939
0.420801 0.402476
0.42081 0.556186
0.422493 0.841992
0.423691 0.975804
0.42522 0.668624
0.425679 0.39073
0.428084 0.812675
0.428272 0.965372
0.428783 0.55219
0.429075 0.470406
0.432319 0.982508
0.43321 0.964761
0.433551 0.6859
0.434959 0.355642
0.437538 0.704062
0.437686 0.191087
0.438531 0.39446
0.440642 0.873818
0.440982 0.58065
0.441686 0.410129
0.441837 0.946115
0.442193 0.932051
0.442729 0.946017
0.442956 0.769183
0.443458 0.19902
0.443963 0.684518
0.444206 0.774986
0.448266 0.00148481
0.452341 0.502353
0.456537 0.019748
0.458799 0.0336131
0.460104 0.965377
0.460388 0.734579
0.460507 0.733434
0.462304 0.94559
0.464439 0.832984
0.465122 0.31379
0.465286 0.0633581
0.466541 0.154734
0.46704 0.539633
0.467492 0.14655
0.467931 0.520008
0.467947 0.785275
0.468622 0.137118
0.470391 0.869213
0.473871 0.356078
0.474569 0.0858955
0.474589 0.421388
0.474763 0.348364
0.474898 0.605051
0.475706 0.185007
0.475967 0.572704
0.475989 0.947314
0.476677 0.510414
0.477386 0.429474
0.477915 0.322358
0.478516 0.415854
0.479252 0.786464
0.482596 0.988193
0.484427 0.769397
0.486122 0.245978
0.488602 0.941571
0.488816 0.522424
0.489455 0.277491
0.489946 0.523119
0.491226 0.0415885
0.491542 0.353956
0.491774 0.246612
0.491984 0.782299
0.492442 0.477663
0.493697 0.57037
0.496002 0.301733
0.496943 0.12331
0.498958 0.994764
0.499451 0.274115
0.501483 0.427953
0.501911 0.623204
0.502297 0.105503
0.502347 0.938738
0.503715 0.940719
0.504148 0.214773
0.507246 0.278474
0.507869 0.753694
0.509853 0.0997477
0.510021 0.915605
0.512643 0.987581
0.51378 0.104122
0.515242 0.679281
0.516666 0.598771
0.517625 0.71962
0.521151 0.990092
0.524461 0.617898
0.526324 0.924924
0.526564 0.964943
0.526604 0.626631
0.527608 0.500557
0.528426 0.247864
0.529436 0.226304
0.529907 0.143091
0.530202 0.100462
0.533566 0.649173
0.533722 0.270185
0.535655 0.761435
0.535749 0.332649
0.536508 0.0961194
0.536606 0.74224
0.540168 0.60361
0.540876 0.496733
0.541304 0.692814
0.542592 0.340512
0.543355 0.172055
0.544278 0.675295
0.544317 0.335457
0.544699 0.761086
0.544779 0.0959906
0.54572 0.913983
0.546801 0.0912342
0.547776 0.46738
0.54822 0.939089
0.551749 0.241774
0.551891 0.624708
0.55231 0.672588
0.553841 0.398318
0.554799 0.514824
0.555421 0.964318
0.556135 0.955952
0.556334 0.308306
0.557103 0.222888
0.55754 0.572076
0.558668 0.531244
0.558862 0.786755
0.560735 0.275314
0.56101 0.900292
0.561251 0.953279
0.564183 0.21575
0.566209 0.2774
0.56629 0.643438
0.567052 0.439497
0.571133 0.028091
0.57126 0.161074
0.57155 0.0464346
0.571643 0.609893
0.572034 0.175864
0.572893 0.609434
0.57326 0.786177
0.574 0.222239
0.574354 0.175891
0.574998 0.997021
0.576493 0.121709
0.576728 0.0757859
0.576968 0.102985
0.577669 0.887627
0.577702 0.432381
0.578284 0.212165
0.578323 0.873266
0.578592 0.403944
0.579827 0.15942
0.579971 0.568666
0.58033 0.605028
0.582109 0.501226
0.582273 0.269741
0.582392 0.268987
0.582478 0.705596
0.582622 0.127067
0.582712 0.633635
0.584356 0.279752
0.58871 0.454544
0.589317 0.642825
0.590062 0.17969
0.590888 0.0478367
0.591093 0.496205
0.592991 0.403147
0.59432 0.740019
0.59512 0.187193
0.59551 0.735344
0.595909 0.450385
0.59591 0.453523
0.597952 0.787241
0.599739 0.815252
0.600153 0.768448
0.600339 0.900624
0.600855 0.573493
0.604395 0.0728005
0.604929 0.0428684
0.606487 0.226816
0.6074 0.576627
0.60821 0.177433
0.608803 0.159035
0.608831 0.629126
0.61188 0.867082
0.613546 0.870231
0.614585 0.33252
0.615047 0.0938988
0.61519 0.503223
0.615435 0.614321
0.615507 0.826352
0.616255 0.399469
0.616796 0.486713
0.617117 0.89201
0.617586 0.771482
0.61837 0.939794
0.619159 0.197703
0.619278 0.207272
0.61953 0.436188
0.622535 0.946855
0.622908 0.21119
0.623397 0.440391
0.624696 0.264981
0.624809 0.166694
0.624886 0.462663
0.627213 0.568713
0.627364 0.0984073
0.628476 0.792708
0.628787 0.0188832
0.629909 0.883783
0.629958 0.706483
0.630567 0.936526
0.632491 0.273894
0.63251 0.598821
0.632694 0.693657
0.640687 0.0235418
0.64206 0.102949
0.642862 0.589654
0.644565 0.198141
0.644615 0.0478808
0.645116 0.463795
0.64545 0.0730084
0.645557 0.876024
0.645922 0.0167889
0.64687 0.938144
0.646888 0.239757
0.647023 0.513207
0.647661 0.245014
0.64839 0.483773
0.65177 0.300796
0.652862 0.643442
0.652897 0.238512
0.653792 0.279463
0.653914 0.327491
0.654639 0.513531
0.654928 0.370185
0.65722 0.898923
0.657461 0.939083
0.65819 0.20766
0.659132 0.0371025
0.660066 0.723878
0.660569 0.19172
0.660947 0.528395
0.66137 0.645006
0.662043 0.955299
0.663631 0.64188
0.664312 0.0938071
0.66434 0.558404
0.665816 0.36855
0.667788 0.50755
0.668833 0.0764574
0.669497 0.243293
0.669943 0.72585
0.670007 0.814882
0.672066 0.414023
0.67292 0.759132
0.673497 0.472071
0.675686 0.258996
0.675937 0.48115
0.677857 0.748097
0.677887 0.248304
0.678304 0.253264
0.67933 0.492776
0.680526 0.596511
0.68133 0.112941
0.682122 0.42248
0.683004 0.25352
0.684169 0.824843
0.687382 0.828646
0.68762 0.834792
0.688086 0.656466
0.688382 0.641847
0.689649 0.936553
0.690343 0.598399
0.691447 0.148216
0.694393 0.66711
0.694649 0.96583
0.695001 0.87448
0.695843 0.0273969
0.69591 0.160147
0.696254 0.940304
0.696267 0.163739
0.696458 0.375712
0.697926 0.0479497
0.700579 0.635096
0.701855 0.0839187
0.702026 0.942891
0.703456 0.981076
0.703893 0.33654
0.706015 0.992579
0.706465 0.54983
0.707553 0.847209
0.708788 0.592722
0.709233 0.0704501
0.711321 0.16756
0.713866 0.942049
0.714032 0.73388
0.714689 0.771737
0.720281 0.770869
0.720299 0.0576666
0.721112 0.736399
0.721156 0.473393
0.721633 0.479745
0.722271 0.205291
0.723807 0.0296407
0.725253 0.328451
0.725653 0.0416915
0.726457 0.557448
0.727043 0.412733
0.727794 0.0276974
0.728222 0.232144
0.728337 0.166259
0.729266 0.771828
0.729673 0.607457
0.731062 0.955935
0.731111 0.78798
0.732316 0.0347268
0.733234 0.463522
0.734436 0.663224
0.735086 0.584821
0.7364 0.676571
0.737029 0.254019
0.737234 0.690805
0.738774 0.566793
0.73924 0.409981
0.739447 0.884881
0.740408 0.0403387
0.74075 0.788118
0.743075 0.863787
0.745278 0.884619
0.746496 0.354863
0.746539 0.0872001
0.747018 0.125492
0.747829 0.759379
0.748257 0.947578
0.748755 0.322114
0.748896 0.698404
0.749947 0.355655
0.750567 0.778595
0.751493 0.342222
0.751593 0.0178166
0.751779 0.148568
0.751896 0.111014
0.753864 0.199855
0.75541 0.176952
0.756627 0.629947
0.757217 0.550637
0.757908 0.152642
0.758163 0.446001
0.761674 0.450908
0.765115 0.294789
0.765855 0.731931
0.766134 0.412491
0.766976 0.565877
0.766997 0.915763
0.76706 0.975524
0.767165 0.736136
0.767788 0.218603
0.769836 0.634029
0.770197 0.699332
0.774159 0.295927
0.776354 0.188148
0.777789 0.306232
0.778021 0.191273
0.779388 0.175997
0.779903 0.830905
0.780064 0.527934
0.780626 0.981492
0.780641 0.225792
0.781062 0.31138
0.781513 0.888166
0.783108 0.690718
0.783986 0.446531
0.785016 0.763907
0.785506 0.997357
0.787025 0.528273
0.787398 0.800364
0.788334 0.537432
0.788518 0.62488
0.788585 0.742697
0.789183 0.803377
0.790077 0.817445
0.790227 0.351114
0.790587 0.402878
0.791089 0.840588
0.792958 0.251588
0.793277 0.613739
0.793529 0.847445
0.795092 0.106307
0.795097 0.202375
0.797253 0.433018
0.797399 0.881317
0.798819 0.756901
0.799883 0.638746
0.802272 0.791057
0.802888 0.135529
0.803355 0.990363
0.804424 0.946434
0.805288 0.481073
0.806743 0.928288
0.806895 0.49003
0.808144 0.479312
0.808372 0.305671
0.810856 0.054647
0.813349 0.94993
0.814076 0.175517
0.816504 0.982464
0.81685 0.789677
0.817473 0.26935
0.818154 0.717293
0.820212 0.309618
0.82078 0.849164
0.821496 0.883271
0.821869 0.150722
0.821954 0.581241
0.822161 0.0588102
0.822918 0.778288
0.826285 0.3661
0.828019 0.516093
0.830087 0.269798
0.830392 0.391569
0.832571 0.0152131
0.833016 0.493998
0.833599 0.294592
0.834658 0.0943385
0.836776 0.688932
0.838026 0.708517
0.838177 0.238861
0.839016 0.343864
0.840756 0.589871
0.842271 0.0530888
0.842642 0.285266
0.844221 0.820837
0.845265 0.366993
0.848001 0.353604
0.851095 0.355273
0.852033 0.124687
0.852476 0.569967
0.856645 0.640296
0.857034 0.172708
0.857609 0.826997
0.85792 0.0672594
0.857986 0.166669
0.858208 0.896121
0.858815 0.0968076
0.859644 0.0369566
0.860886 0.907567
0.860998 0.793643
0.862231 0.517408
0.863291 0.332376
0.863378 0.792158
0.865151 0.589283
0.865399 0.75767
0.865648 0.947571
0.866149 0.361427
0.868643 0.280932
0.868734 0.818086
0.871005 0.982655
0.871546 0.0794087
0.872052 0.574526
0.872298 0.715011
0.87479 0.602225
0.876298 0.932222
0.8772 0.10079
0.877645 0.58269
0.87805 0.389541
0.879561 0.787158
0.879964 0.56261
0.880014 0.396792
0.881147 0.433386
0.883799 0.0104055
0.883843 0.74761
0.884764 0.224154
0.885762 0.00481305
0.885875 0.899397
0.886067 0.123047
0.887856 0.197765
0.888958 0.709602
0.889059 0.406335
0.890581 0.00256166
0.89112 0.0457905
0.891666 0.223367
0.893016 0.922123
0.893587 0.523067
0.896849 0.345954
0.897016 0.152114
0.898019 0.997192
0.898094 0.266793
0.898753 0.335299
0.898851 0.990772
0.901645 0.942311
0.903343 0.492578
0.904109 0.36665
0.904314 0.799961
0.904565 0.0253939
0.905435 0.638141
0.90722 0.64837
0.908408 0.608014
0.909167 0.37272
0.910724 0.538104
0.913707 0.668629
0.914675 0.945348
0.917134 0.267709
0.918906 0.0595899
0.92171 0.173128
0.921835 0.281051
0.921903 0.430157
0.922248 0.22322
0.923559 0.257737
0.924119 0.667083
0.92423 0.526214
0.924772 0.63642
0.92527 0.0202855
0.929888 0.625569
0.930715 0.522469
0.930725 0.689069
0.930736 0.886192
0.931644 0.136507
0.931742 0.790273
0.932812 0.772053
0.932866 0.684036
0.933272 0.500303
0.93397 0.238096
0.934056 0.679807
0.93532 0.927304
0.93733 0.702204
0.937588 0.0466374
0.937892 0.155738
0.938218 0.636208
0.939517 0.459647
0.939684 0.272969
0.941135 0.65945
0.94127 0.932212
0.942935 0.911451
0.945384 0.0687774
0.947227 0.0383153
0.948484 0.178114
0.94869 0.627954
0.949591 0.775837
0.95031 0.859555
0.951018 0.757147
0.951427 0.631665
0.953382 0.492297
0.95417 0.727798
0.955185 0.785887
0.955836 0.732285
0.956482 0.601187
0.957219 0.981321
0.957989 0.922504
0.95871 0.0335916
0.960145 0.163673
0.96133 0.0759837
0.961574 0.169605
0.962355 0.295546
0.963018 0.445696
0.963992 0.810102
0.965588 0.644053
0.965825 0.618142
0.965843 0.923825
0.966832 0.545515
0.967092 0.912058
0.97043 0.0116133
0.970751 0.405664
0.973278 0.876694
0.973354 0.160664
0.974007 0.132005
0.974051 0.876559
0.974829 0.959196
0.975009 0.981004
0.976581 0.40476
0.97721 0.968707
0.978078 0.561826
0.979203 0.459134
0.979735 0.409229
0.980082 0.244797
0.980119 0.854808
0.980169 0.703734
0.980347 0.691435
0.981219 0.349489
0.981913 0.0147942
0.982346 0.28679
0.982975 0.855363
0.985176 0.850751
0.985674 0.227604
0.985992 0.574532
0.987525 0.33937
0.9895 0.530815
0.990528 0.809935
0.991957 0.823044
0.992351 0.451689
0.992981 0.0393659
0.993917 0.767684
0.994168 0.972956
0.995029 0.453649
0.996321 0.162823
0.996963 0.949791
0.997798 0.995909
0.998273 0.979259
0.998307 0.539666
0.998964 0.594632
0.999892 0.185597
