0.000669303 0.248981
0.00192708 0.388474
0.00266633 0.813086
0.00404881 0.0484102
0.00445612 0.89394
0.00476661 0.112414
0.0047808 0.350954
0.00519394 0.29454
0.00542794 0.227392
0.00588327 0.880102
0.00632259 0.263781
0.00741913 0.693253
0.0112053 0.326964
0.013585 0.322638
0.0143809 0.700189
0.0145433 0.42897
0.0152397 0.133735
0.0160481 0.72122
0.0164726 0.854377
0.0169514 0.901998
0.0172632 0.142245
0.0178406 0.846567
0.0180544 0.439825
0.0212081 0.445109
0.0214846 0.0909039
0.0217805 0.0642251
0.0221846 0.856903
0.0230033 0.616224
0.023714 0.560375
0.0244049 0.173337
0.0255953 0.180433
0.0263552 0.951197
0.027834 0.805265
0.0289602 0.734403
0.0291879 0.561059
0.0308766 0.943051
0.0332473 0.787598
0.035249 0.42952
0.0364663 0.889191
0.0368184 0.807131
0.0369063 0.284272
0.0376056 0.0380781
0.03769 0.45505
0.0379594 0.983333
0.0399797 0.93917
0.0403103 0.495353
0.040385 0.750835
0.0419081 0.349339
0.0419362 0.822381
0.0444575 0.197709
0.0451535 0.895001
0.0467521 0.761909
0.0473214 0.330741
0.048934 0.434006
0.0520647 0.0508976
0.0525743 0.616217
0.0528198 0.742694
0.0538821 0.596129
0.0553042 0.498346
0.0559507 0.363147
0.056257 0.511371
0.0581974 0.123883
0.0583553 0.777093
0.0610901 0.741516
0.0619119 0.552694
0.062111 0.900385
0.0622283 0.870892
0.0632063 0.308138
0.0634658 0.67051
0.0657139 0.453293
0.068616 0.229089
0.0693841 0.138638
0.069821 0.48223
0.070499 0.876962
0.0712536 0.55849
0.0718733 0.975043
0.0720805 0.45665
0.07213 0.288679
0.0728558 0.487978
0.0745548 0.0426425
0.0803831 0.999515
0.0807077 0.454956
0.0813749 0.667835
0.083094 0.560512
0.0833236 0.420454
0.0837625 0.795618
0.083833 0.981313
0.0845584 0.172675
0.0850392 0.253143
0.0860256 0.832132
0.0862895 0.267664
0.086318 0.746458
0.0863506 0.294226
0.0867175 0.460278
0.0870744 0.458924
0.0886203 0.442055
0.0888511 0.320623
0.0893182 0.171207
0.0903159 0.940143
0.0905566 0.983973
0.090558 0.00754602
0.0920344 0.822114
0.0921661 0.0360688
0.0932426 0.128044
0.0932734 0.646001
0.0936475 0.934191
0.0945657 0.364888
0.0954081 0.524167
0.0954881 0.867971
0.0971036 0.0208465
0.0988439 0.270148
0.0993085 0.0773666
0.100224 0.466693
0.10057 0.272975
0.102127 0.450779
0.103307 0.285671
0.104781 0.061428
0.104819 0.692233
0.104988 0.525536
0.10648 0.613847
0.107739 0.761283
0.108103 0.890027
0.108865 0.693067
0.109459 0.673402
0.110471 0.689009
0.115004 0.869971
0.115312 0.0548471
0.115709 0.727156
0.116759 0.370359
0.117075 0.674477
0.118037 0.842927
0.118102 0.945873
0.118301 0.290957
0.120057 0.796745
0.120689 0.426504
0.121363 0.752168
0.121408 0.508814
0.121729 0.902732
0.122033 0.00303597
0.123921 0.734831
0.124281 0.791275
0.124933 0.749679
0.124942 0.891892
0.125417 0.877387
0.126044 0.416078
0.126391 0.250597
0.127039 0.14621
0.128589 0.187601
0.130517 0.591822
0.130985 0.456572
0.134305 0.264924
0.134874 0.835587
0.135726 0.143051
0.138117 0.324938
0.138211 0.908792
0.138364 0.487236
0.139857 0.58209
0.139932 0.839365
0.13994 0.973517
0.140064 0.0531081
0.142165 0.373826
0.142572 0.207287
0.142645 0.426322
0.143784 0.570114
0.144577 0.9003
0.144871 0.838676
0.146134 0.0807726
0.147365 0.766947
0.147746 0.174959
0.148221 0.147164
0.149279 0.93849
0.149545 0.397861
0.151092 0.397866
0.153189 0.641611
0.15372 0.572657
0.154793 0.61063
0.156398 0.576761
0.156877 0.623724
0.15807 0.675555
0.158086 0.951083
0.160562 0.56269
0.161896 0.992008
0.161952 0.934827
0.16462 0.77655
0.165478 0.181061
0.166439 0.341567
0.166694 0.630386
0.167075 0.0309547
0.16858 0.323941
0.169033 0.946073
0.174472 0.345787
0.174532 0.356531
0.174666 0.615957
0.175537 0.255642
0.177174 0.757817
0.177272 0.418314
0.177293 0.764349
0.177492 0.102953
0.17991 0.740601
0.181417 0.0819305
0.183269 0.206744
0.183342 0.424143
0.183874 0.378292
0.185377 0.637962
0.185545 0.462318
0.18581 0.910005
0.186702 0.898394
0.187192 0.144225
0.188493 0.0067419
0.188923 0.233525
0.192305 0.0705519
0.194558 0.932985
0.196289 0.0303845
0.196387 0.67555
0.196599 0.230921
0.197123 0.0457605
0.197642 0.767834
0.197837 0.0479595
0.198142 0.17337
0.200206 0.865192
0.201476 0.215371
0.201684 0.703646
0.202024 0.412067
0.20235 0.891919
0.203389 0.350882
0.205389 0.967548
0.205477 0.446575
0.2063 0.292479
0.206532 0.180314
0.207556 0.40044
0.20807 0.0299665
0.211664 0.437242
0.212238 0.0761671
0.212281 0.801922
0.213669 0.136351
0.214618 0.0837293
0.214883 0.541081
0.215498 0.881766
0.216359 0.337696
0.216743 0.792854
0.218569 0.488469
0.219694 0.4055
0.220898 0.624886
0.223159 0.62853
0.225474 0.547882
0.229092 0.356799
0.232752 0.870042
0.233 0.0232304
0.23456 0.245168
0.235897 0.718869
0.236636 0.146509
0.237169 0.0922526
0.237828 0.175863
0.238149 0.576746
0.238302 0.139381
0.238461 0.81913
0.239506 0.376181
0.240321 0.0824153
0.240537 0.705852
0.240558 0.061271
0.241564 0.970298
0.241667 0.692686
0.242238 0.295125
0.242269 0.818224
0.243449 0.641893
0.243931 0.748564
0.245156 0.335609
0.245258 0.055203
0.245646 0.573512
0.248309 0.325905
0.248944 3.12668e-05
0.251138 0.87948
0.251416 0.543378
0.252531 0.293871
0.252613 0.664331
0.253234 0.0995189
0.255373 0.0478643
0.255666 0.978547
0.255799 0.213516
0.255965 0.995461
0.256441 0.999959
0.256583 0.39763
0.257109 0.235354
0.257289 0.253272
0.258075 0.46441
0.261615 0.959804
0.265325 0.31806
0.26554 0.930306
0.266456 0.32828
0.267662 0.59687
0.267785 0.658336
0.268311 0.507792
0.268837 0.347026
0.269041 0.767643
0.269141 0.455501
0.269197 0.399369
0.269844 0.276011
0.270963 0.0831439
0.272293 0.420361
0.272409 0.374003
0.272436 0.828621
0.272693 0.147658
0.273703 0.130738
0.274593 0.0914376
0.27485 0.404902
0.276378 0.0863812
0.276767 0.626902
0.277185 0.644478
0.277447 0.0526415
0.278726 0.544415
0.279219 0.82883
0.279423 0.270594
0.279693 0.797929
0.279929 0.768763
0.280527 0.80922
0.280646 0.810868
0.28505 0.836621
0.286923 0.307
0.286925 0.354608
0.287006 0.707114
0.287132 0.83209
0.287484 0.735458
0.289319 0.581887
0.290615 0.363487
0.291446 0.34031
0.291584 0.644534
0.292499 0.0327023
0.293713 0.434474
0.294867 0.827051
0.297874 0.374212
0.298165 0.254423
0.298234 0.412194
0.298431 0.729064
0.2987 0.247516
0.300264 0.531297
0.300958 0.200672
0.302299 0.737102
0.303046 0.299551
0.303615 0.85565
0.304564 0.802323
0.307319 0.116523
0.307698 0.484949
0.308573 0.193005
0.308682 0.0217775
0.310184 0.264331
0.310917 0.578176
0.311145 0.407422
0.311209 0.485137
0.311634 0.637672
0.312343 0.54586
0.312392 0.367637
0.314692 0.0223172
0.316187 0.147248
0.318309 0.813406
0.320718 0.303158
0.321909 0.322338
0.322732 0.15381
0.322902 0.0125242
0.324529 0.354689
0.324643 0.273824
0.325312 0.522719
0.325426 0.43287
0.327051 0.743072
0.328612 0.974236
0.328828 0.610156
0.329328 0.0190183
0.329938 0.273245
0.333686 0.25581
0.333874 0.423565
0.334532 0.483164
0.334945 0.427391
0.33517 0.203231
0.335343 0.10575
0.335487 0.52726
0.335501 0.758576
0.336026 0.593975
0.336723 0.301582
0.337606 0.145348
0.337647 0.827541
0.338603 0.906778
0.341157 0.827682
0.341231 0.0723335
0.343133 0.0443433
0.343457 0.486636
0.343877 0.542742
0.344227 0.425276
0.344769 0.540421
0.3455 0.817451
0.345531 0.346083
0.348018 0.134504
0.348095 0.425448
0.348864 0.354665
0.350569 0.0209495
0.351756 0.966538
0.353152 0.425774
0.35467 0.930284
0.354992 0.344629
0.355057 0.440446
0.35506 0.486754
0.357254 0.374663
0.358488 0.105956
0.360096 0.125878
0.360204 0.952145
0.362224 0.903679
0.362453 0.754495
0.36456 0.158955
0.365614 0.876203
0.366125 0.45453
0.366368 0.539214
0.366529 0.257531
0.366779 0.451088
0.368543 0.106633
0.370894 0.613597
0.372323 0.636583
0.372404 0.996493
0.372773 0.202514
0.374338 0.505384
0.375505 0.105571
0.376688 0.00093691
0.376882 0.252371
0.377006 0.342583
0.377415 0.220952
0.378284 0.81659
0.379322 0.259345
0.380148 0.145554
0.380313 0.913193
0.380802 0.141094
0.381412 0.38427
0.383181 0.128989
0.383219 0.753971
0.383428 0.280244
0.38417 0.739362
0.384796 0.260554
0.385088 0.175326
0.385392 0.281593
0.385709 0.604651
0.385839 0.803791
0.385996 0.4345
0.386144 0.9165
0.386428 0.691688
0.387477 0.329781
0.389276 0.563108
0.390123 0.796488
0.393241 0.209283
0.394581 0.725795
0.395354 0.711424
0.396654 0.560612
0.397498 0.74611
0.39791 0.672869
0.398398 0.870075
0.398506 0.688587
0.398683 0.66807
0.398818 0.935635
0.398988 0.784958
0.399372 0.24212
0.399797 0.38052
0.401549 0.827532
0.402394 0.0299031
0.402438 0.773111
0.402484 0.549573
0.40327 0.756258
0.40403 0.531052
0.40606 0.652684
0.406207 0.112997
0.40624 0.669413
0.406847 0.872901
0.406927 0.219248
0.407293 0.379328
0.408112 0.135706
0.410122 0.925899
0.411023 0.0613849
0.411206 0.135458
0.414246 0.226513
0.414414 0.0609262
0.414812 0.751415
0.415485 0.0490376
0.415884 0.759954
0.415987 0.490599
0.416949 0.657991
0.417868 0.115047
0.418497 0.679362
0.418525 0.151472
0.418711 0.276385
0.419961 0.286532
0.4204 0.665561
0.422189 0.727264
0.423252 0.60158
0.423658 0.423215
0.42391 0.659027
0.424058 0.149088
0.424541 0.262207
0.424581 0.938726
0.424693 0.809229
0.425661 0.088875
0.426017 0.068002
0.427201 0.973801
0.428979 0.85815
0.42922 0.89903
0.430849 0.277618
0.431732 0.113589
0.432463 0.412893
0.432729 0.881061
0.436694 0.509721
0.438052 0.34122
0.438392 0.0570912
0.439444 0.732477
0.439827 0.168476
0.442019 0.0135196
0.445218 0.772005
0.445398 0.804324
0.445663 0.252871
0.445754 0.795722
0.446741 0.371315
0.447743 0.216784
0.448105 0.303915
0.449268 0.840677
0.449435 0.65846
0.450582 0.93332
0.450805 0.67654
0.451184 0.0486992
0.45267 0.0196538
0.453033 0.126609
0.45313 0.74817
0.454587 0.244925
0.455028 0.650893
0.455142 0.577377
0.455151 0.718518
0.455807 0.747727
0.45631 0.20768
0.45635 0.869313
0.457434 0.0927247
0.460257 0.544056
0.46073 0.480683
0.46162 0.454312
0.462796 0.208413
0.464503 0.896908
0.465013 0.473466
0.466285 0.844972
0.468833 0.679748
0.469179 0.496415
0.469214 0.0735547
0.470699 0.0392187
0.472261 0.283555
0.473809 0.312979
0.474818 0.265271
0.475565 0.812631
0.475992 0.99316
0.476433 0.417184
0.476625 0.62994
0.476765 0.995069
0.477008 0.0723565
0.47712 0.951444
0.477135 0.208306
0.477508 0.4765
0.477579 0.670561
0.478587 0.608671
0.478658 0.798397
0.478716 0.785059
0.48063 0.94401
0.481418 0.197363
0.482156 0.602558
0.483378 0.138958
0.483539 0.842147
0.484143 0.998247
0.485823 0.226841
0.486567 0.727306
0.486918 0.639087
0.487379 0.380447
0.488362 0.904041
0.48884 0.936377
0.489246 0.749959
0.491517 0.934188
0.492498 0.419801
0.493087 0.311189
0.493645 0.688737
0.494043 0.385307
0.494475 0.635241
0.495053 0.36359
0.495777 0.526817
0.496421 0.347594
0.498333 0.476632
0.499256 0.998686
0.499606 0.879889
0.499662 0.817676
0.501068 0.449344
0.50435 0.617326
0.509127 0.893429
0.509336 0.415405
0.510347 0.406578
0.510476 0.561913
0.510945 0.455847
0.511245 0.488445
0.513241 0.0405442
0.513401 0.724214
0.514031 0.313472
0.514205 0.249252
0.515459 0.321212
0.515998 0.379764
0.517318 0.560438
0.51734 0.926838
0.51748 0.289313
0.517772 0.187963
0.518824 0.872748
0.51894 0.827431
0.521385 0.922889
0.522428 0.453237
0.523387 0.558817
0.523882 0.886371
0.524014 0.108966
0.525333 0.269855
0.525509 0.236323
0.526732 0.780127
0.527835 0.315012
0.528048 0.898942
0.529303 0.997471
0.529954 0.937515
0.530301 0.761226
0.530326 0.182402
0.530391 0.288862
0.530632 0.32705
0.531143 0.922164
0.531159 0.192213
0.531195 0.795446
0.531238 0.514048
0.531458 0.21322
0.531682 0.972131
0.53247 0.216743
0.532578 0.0385027
0.533684 0.623766
0.535095 0.340569
0.535973 0.0951921
0.536309 0.743765
0.536507 0.0704098
0.536619 0.959531
0.53686 0.00978661
0.537423 0.475718
0.53764 0.110878
0.538476 0.170238
0.539082 0.35096
0.539185 0.0837334
0.539376 0.284476
0.539555 0.295452
0.540388 0.298181
0.540425 0.929291
0.540574 0.426584
0.541837 0.655266
0.542575 0.0622296
0.545803 0.316554
0.546631 0.219113
0.547197 0.737199
0.547438 0.788167
0.548508 0.776005
0.549329 0.572626
0.54969 0.642257
0.5498 0.482604
0.549891 0.0215265
0.550212 0.408722
0.550379 0.225526
0.551007 0.781036
0.551146 0.105836
0.551788 0.903392
0.555243 0.967672
0.555379 0.248323
0.555508 0.417464
0.557348 0.353317
0.557696 0.194261
0.559376 0.428076
0.56002 0.260578
0.560763 0.750657
0.56081 0.528848
0.560821 0.714091
0.560923 0.425248
0.561253 0.972359
0.561402 0.480719
0.565247 0.10024
0.567249 0.761133
0.568546 0.547523
0.569401 0.925612
0.569611 0.450749
0.571836 0.847857
0.572749 0.200666
0.572876 0.327137
0.573129 0.576081
0.573694 0.0735367
0.573949 0.353535
0.574595 0.211472
0.575411 0.925909
0.575419 0.0733967
0.576391 0.404368
0.577562 0.0868574
0.578328 0.955404
0.57916 0.940531
0.58017 0.913547
0.580906 0.290833
0.581077 0.160786
0.581201 0.247812
0.581374 0.153383
0.581775 0.900011
0.581811 0.501366
0.58218 0.693268
0.582683 0.148024
0.582703 0.489849
0.582943 0.52021
0.583159 0.156294
0.583964 0.68289
0.584514 0.932469
0.587529 0.605502
0.588297 0.51617
0.591373 0.207335
0.591572 0.548287
0.591998 0.70342
0.592337 0.414572
0.592678 0.146902
0.593888 0.479403
0.594588 0.238429
0.595296 0.144222
0.596457 0.64935
0.597178 0.77728
0.597337 0.445438
0.598184 0.67348
0.598743 0.069858
0.598751 0.212212
0.598842 0.745421
0.599077 0.695014
0.599236 0.362875
0.599323 0.818783
0.599339 0.0969162
0.599525 0.223911
0.599913 0.742188
0.600866 0.753813
0.601031 0.527431
0.60181 0.617386
0.602124 0.894699
0.602669 0.0628993
0.603517 0.31309
0.60409 0.933146
0.604113 0.327563
0.604935 0.142357
0.606103 0.781332
0.606777 0.104139
0.607881 0.659686
0.608444 0.124365
0.608985 0.216743
0.609314 0.738928
0.611302 0.156296
0.611367 0.25104
0.611619 0.474533
0.613189 0.872406
0.613231 0.575113
0.613872 0.354559
0.614244 0.594406
0.614258 0.828719
0.615487 0.485787
0.615649 0.214427
0.617706 0.787773
0.618272 0.302784
0.618545 0.880044
0.618647 0.604318
0.618759 0.490019
0.620443 0.78351
0.621573 0.783414
0.622484 0.0904231
0.623291 0.645022
0.623834 0.780187
0.624375 0.875993
0.625342 0.130274
0.625507 0.897491
0.625519 0.0935881
0.626197 0.485299
0.626694 0.845779
0.627359 0.0192123
0.627756 0.693626
0.628206 0.266937
0.629527 0.460032
0.629939 0.388646
0.63017 0.271073
0.630373 0.686814
0.630495 0.731719
0.630578 0.130487
0.63065 0.333079
0.632156 0.64243
0.633027 0.28451
0.633058 0.810505
0.633528 0.71146
0.63402 0.969782
0.634144 0.0544291
0.634514 0.277042
0.635423 0.546383
0.635517 0.132921
0.636203 0.667627
0.63623 0.116008
0.636311 0.476825
0.636649 0.154496
0.637145 0.49577
0.637307 0.223315
0.637404 0.844211
0.63774 0.502253
0.638676 0.230117
0.639243 0.750535
0.63949 0.912747
0.640566 0.995996
0.640589 0.377539
0.642021 0.451067
0.644136 0.990876
0.644238 0.714556
0.644305 0.840277
0.645063 0.576316
0.646389 0.861409
0.647531 0.0583112
0.647827 0.0309436
0.648006 0.0290066
0.648365 0.0721532
0.648692 0.572463
0.650954 0.578721
0.651427 0.529013
0.651919 0.805797
0.65272 0.260649
0.653544 0.116265
0.653588 0.858338
0.654526 0.610691
0.657094 0.779292
0.658901 0.143312
0.658905 0.221427
0.660074 0.867711
0.660231 0.500729
0.660478 0.659552
0.66261 0.494172
0.662644 0.0640569
0.662714 0.23838
0.666307 0.628727
0.666474 0.429581
0.666822 0.270753
0.667102 0.97523
0.668713 0.0522374
0.669642 0.674524
0.670919 0.139327
0.670997 0.446722
0.671222 0.229105
0.672999 0.0991397
0.673012 0.321518
0.673213 0.692617
0.674719 0.00181961
0.67605 0.373058
0.676188 0.693271
0.679044 0.688911
0.679591 0.884958
0.679801 0.419369
0.680652 0.721746
0.681581 0.333928
0.681673 0.882892
0.681783 0.723811
0.682202 0.766338
0.683727 0.404091
0.686053 0.485778
0.686225 0.389228
0.686398 0.287153
0.686852 0.926386
0.687193 0.652337
0.688244 0.317541
0.690911 0.13353
0.691779 0.735978
0.692759 0.207707
0.692815 0.143655
0.69441 0.949063
0.695033 0.418343
0.695305 0.989874
0.695517 0.54807
0.6962 0.0290169
0.696845 0.86551
0.696899 0.78384
0.697023 0.863244
0.69784 0.602286
0.698009 0.437451
0.698211 0.829087
0.69898 0.757489
0.699165 0.85915
0.699318 0.441507
0.700396 0.554622
0.700507 0.427026
0.702672 0.812505
0.704797 0.525332
0.705838 0.0177913
0.705984 0.476023
0.706461 0.489372
0.706646 0.606145
0.707932 0.212911
0.708356 0.348095
0.708478 0.384203
0.709093 0.722367
0.709147 0.636597
0.709214 0.767358
0.709652 0.122713
0.713087 0.860719
0.713137 0.685666
0.713585 0.22638
0.714629 0.767246
0.714848 0.446031
0.715364 0.120536
0.715732 0.314246
0.716975 0.199429
0.718084 0.833185
0.719118 0.217194
0.72203 0.1597
0.722577 0.352655
0.722757 0.377664
0.722782 0.799717
0.722791 0.940873
0.723312 0.706641
0.725251 0.292356
0.72528 0.774812
0.725394 0.701203
0.726131 0.0896957
0.72636 0.939988
0.726549 0.110254
0.726811 0.514669
0.727908 0.949752
0.729856 0.69784
0.733024 0.940145
0.733562 0.980908
0.734832 0.322361
0.734947 0.249182
0.735041 0.834475
0.735858 0.569456
0.73617 0.803693
0.737394 0.37773
0.739465 0.190063
0.739627 0.916324
0.740837 0.248722
0.741432 0.2491
0.741609 0.216312
0.742224 0.561449
0.74258 0.542165
0.743246 0.728856
0.743915 0.980553
0.744233 0.330714
0.744782 0.544855
0.745398 0.900253
0.745569 0.784231
0.745935 0.928988
0.746655 0.029744
0.747945 0.704561
0.748532 0.584499
0.749402 0.194726
0.750069 0.413216
0.751786 0.262974
0.755009 0.431388
0.75512 0.304153
0.75527 0.830896
0.756114 0.999802
0.756136 0.376774
0.756868 0.687638
0.757721 0.0149648
0.759692 0.146428
0.759718 0.575227
0.761805 0.648694
0.763044 0.478552
0.764732 0.854267
0.76513 0.534574
0.765363 0.46165
0.765494 0.663466
0.765747 0.911424
0.767502 0.404126
0.767824 0.810339
0.769513 0.202489
0.771376 0.511199
0.771651 0.137185
0.772789 0.256763
0.77341 0.696678
0.773713 0.800144
0.774183 0.700378
0.779314 0.927049
0.780609 0.697269
0.781372 0.518013
0.781385 0.730358
0.78261 0.332876
0.783703 0.700503
0.785058 0.469634
0.785134 0.745528
0.786281 0.0186433
0.787086 0.550044
0.788557 0.272559
0.788925 0.467161
0.789734 0.0536445
0.791299 0.367017
0.79163 0.925633
0.79339 0.510718
0.793877 0.694322
0.793974 0.319021
0.794013 0.974143
0.794906 0.990418
0.795045 0.316618
0.796126 0.49455
0.796287 0.191916
0.796477 0.388495
0.79859 0.897734
0.799181 0.826955
0.800847 0.827153
0.801291 0.292789
0.801471 0.318158
0.803411 0.928721
0.803899 0.138661
0.804118 0.803241
0.805035 0.220813
0.805112 0.510708
0.805463 0.415993
0.805503 0.0841539
0.807535 0.245888
0.807681 0.702288
0.808477 0.0701021
0.809264 0.301393
0.80971 0.78899
0.810012 0.864586
0.812634 0.947324
0.812743 0.779625
0.814636 0.583055
0.814962 0.065998
0.815984 0.244957
0.816021 0.863897
0.816719 0.602371
0.822609 0.586392
0.822734 0.689909
0.823919 0.599057
0.824035 0.548723
0.825962 0.93766
0.827286 0.18888
0.829178 0.00268014
0.829201 0.388888
0.832069 0.575202
0.83366 0.321842
0.83422 0.730015
0.83508 0.186962
0.835515 0.506785
0.835516 0.513954
0.835821 0.637745
0.836007 0.763511
0.836538 0.69429
0.836646 0.509437
0.836984 0.19628
0.838028 0.732599
0.83852 7.49901e-06
0.83886 0.720982
0.839463 0.846597
0.840579 0.610639
0.841251 0.902845
0.841417 0.698291
0.842663 0.644543
0.843567 0.833147
0.844089 0.596739
0.844804 0.628921
0.845462 0.683057
0.84615 0.247833
0.847114 0.43703
0.84736 0.586406
0.84753 0.436973
0.84757 0.10569
0.847589 0.432715
0.849036 0.752594
0.84904 0.813631
0.84952 0.875707
0.851962 0.929264
0.854089 0.680017
0.855333 0.587575
0.855684 0.473365
0.856113 0.696908
0.857799 0.0293981
0.8578 0.0502788
0.858557 0.762502
0.858732 0.706367
0.859708 0.119312
0.860085 0.455392
0.860831 0.979289
0.861214 0.428961
0.862826 0.515438
0.862899 0.748905
0.8629 0.753233
0.8636 0.527974
0.863612 0.731123
0.863725 0.633792
0.864753 0.909461
0.864754 0.913077
0.864942 0.0799545
0.86622 0.566296
0.866494 0.172381
0.868385 0.944795
0.868548 0.692656
0.86981 0.901381
0.869889 0.230518
0.870506 0.590565
0.870561 0.512809
0.871214 0.494512
0.871729 0.143057
0.871889 0.846566
0.873286 0.32007
0.874352 0.233581
0.874964 0.521758
0.875 0.132528
0.875274 0.733439
0.87603 0.436216
0.876328 0.447855
0.878423 0.652296
0.878703 0.367441
0.879349 0.226559
0.879598 0.40476
0.879865 0.896204
0.881629 0.534273
0.882074 0.0255174
0.884247 0.533026
0.885385 0.66673
0.886931 0.648781
0.887453 0.420615
0.887762 0.609294
0.88819 0.80294
0.888748 0.187939
0.888994 0.315339
0.889239 0.446973
0.889378 0.77891
0.889465 0.236486
0.890229 0.0783445
0.8903 0.276162
0.891318 0.388026
0.892086 0.291048
0.892318 0.195021
0.892615 0.181709
0.893028 0.125984
0.893742 0.11372
0.89544 0.655894
0.895803 0.760235
0.898372 0.941296
0.898611 0.953735
0.900766 0.166251
0.901265 0.556041
0.902027 0.374828
0.902886 0.798255
0.903115 0.651912
0.904703 0.34664
0.904981 0.0102484
0.905328 0.845355
0.906128 0.287668
0.90701 0.115531
0.90813 0.935624
0.908255 0.0403386
0.908256 0.06543
0.908308 0.925133
0.909055 0.494235
0.909113 0.468908
0.909627 0.103052
0.910341 0.101823
0.910926 0.932659
0.912039 0.640444
0.912612 0.277835
0.913066 0.896774
0.914096 0.205486
0.915492 0.668926
0.915686 0.933273
0.916021 0.561685
0.916306 0.3577
0.916527 0.0661308
0.91704 0.682909
0.917222 0.744608
0.919254 0.894508
0.919357 0.630256
0.919851 0.936969
0.920179 0.444009
0.92172 0.349377
0.923808 0.439014
0.927436 0.41111
0.928923 0.409888
0.92938 0.0901856
0.929938 0.464697
0.930123 0.583387
0.930784 0.69385
0.931225 0.103575
0.932563 0.584022
0.933141 0.294543
0.934562 0.185959
0.93474 0.181784
0.936334 0.958078
0.937581 0.927943
0.937941 0.96666
0.938416 0.951802
0.939265 0.222295
0.939345 0.565253
0.940191 0.785867
0.9431 0.679646
0.943616 0.35952
0.944168 0.633368
0.945275 0.237697
0.945947 0.531163
0.947336 0.879085
0.95093 0.280037
0.951943 0.308729
0.953019 0.3874
0.953456 0.736509
0.954222 0.615348
0.954723 0.0213301
0.954783 0.0385311
0.954858 0.296432
0.957363 0.402659
0.957716 0.325984
0.959357 0.917762
0.961019 0.85182
0.961433 0.801119
0.962005 0.411947
0.962492 0.598463
0.965743 0.244216
0.968383 0.605086
0.968748 0.741147
0.969154 0.56553
0.97101 0.760068
0.971345 0.401073
0.971524 0.412229
0.974621 0.448545
0.976871 0.278929
0.978274 0.852008
0.978513 0.870191
0.979775 0.0736882
0.980342 0.603537
0.980344 0.633943
0.980962 0.0276584
0.981667 0.880037
0.981763 0.485116
0.981849 0.928236
0.982137 0.770003
0.982296 0.451701
0.98236 0.518584
0.983471 0.192865
0.984122 0.133252
0.984614 0.405138
0.986345 0.49432
0.986399 0.408808
0.986441 0.115059
0.988367 0.491497
0.988623 0.784792
0.988828 0.230093
0.989101 0.818224
0.989445 0.59507
0.990387 0.441386
0.990486 0.105351
0.993546 0.527422
0.993594 0.337897
0.994015 0.405688
0.996543 0.902411
0.997621 0.00937403
0.997864 0.0949971
0.997915 0.959623
0.997916 0.976309
0.99913 0.378933
0.999407 0.0260985
0.999474 0.153252
0.999632 0.821614
