0.000822626 0.825884
0.00115123 0.34871
0.00141538 0.788312
0.00177281 0.795598
0.00189318 0.818605
0.00224889 0.79702
0.00400918 0.382363
0.00585004 0.32166
0.00598708 0.624796
0.00690171 0.997029
0.0083464 0.277902
0.00892223 0.955857
0.00895348 0.48121
0.00912225 0.317721
0.0103254 0.538202
0.0103631 0.173093
0.0116349 0.546978
0.0120475 0.481971
0.0120646 0.769222
0.0123545 0.642373
0.012996 0.42434
0.0130765 0.776361
0.0148917 0.285176
0.0154117 0.0252815
0.0157492 0.696777
0.0163187 0.268239
0.0166425 0.710868
0.0168716 0.561575
0.0169792 0.369905
0.0182074 0.0110224
0.0183014 0.590814
0.0184116 0.443269
0.0185852 0.361049
0.0186826 0.998677
0.0187746 0.545058
0.0192703 0.875822
0.0197843 0.515546
0.020735 0.493142
0.0210877 0.420889
0.0219899 0.584307
0.0237485 0.140543
0.0250607 0.195737
0.0259576 0.269755
0.0261608 0.685073
0.0265178 0.684345
0.0287018 0.391371
0.0306618 0.332058
0.0311509 0.55387
0.0316359 0.704055
0.0317098 0.947133
0.0344942 0.743343
0.0359618 0.410595
0.0364358 0.375906
0.0365825 0.842371
0.0366981 0.784727
0.0368165 0.774527
0.0392083 0.973866
0.0405031 0.734882
0.041807 0.65072
0.0418458 0.302962
0.0423212 0.292472
0.0425308 0.814674
0.0431688 0.538365
0.0445136 0.139934
0.0450551 0.240624
0.0452291 0.165495
0.0456426 0.114849
0.0479796 0.393854
0.0481795 0.753065
0.0483644 0.861002
0.0501148 0.27879
0.0534465 0.275187
0.054763 0.401483
0.0548202 0.363774
0.0562195 0.881294
0.05648 0.259654
0.0570838 0.40774
0.0577012 0.783948
0.0582324 0.712716
0.0586244 0.299631
0.0590382 0.254197
0.0591557 0.229659
0.0591713 0.492163
0.0600336 0.984228
0.0602191 0.103036
0.0604298 0.643889
0.060867 0.991973
0.0610918 0.769597
0.0620578 0.00496196
0.062279 0.72262
0.0631975 0.159868
0.063286 0.647989
0.0638793 0.618557
0.0642291 0.499157
0.0653235 0.891783
0.0654595 0.177685
0.0663719 0.51308
0.0673467 0.89677
0.0690778 0.99039
0.0692625 0.0941245
0.0712016 0.685474
0.0714903 0.538003
0.0717086 0.206692
0.0718218 0.109619
0.073412 0.835605
0.0740819 0.0950898
0.0741577 0.36909
0.0747022 0.520534
0.0756406 0.291748
0.0760175 0.625472
0.0760934 0.901741
0.0773113 0.370217
0.0787845 0.130478
0.0794901 0.990542
0.079715 0.769293
0.0811255 0.476282
0.0815648 0.858825
0.0816484 0.2643
0.0818723 0.0275082
0.0822155 0.795519
0.082269 0.694409
0.0823288 0.700011
0.0829849 0.726551
0.0839826 0.495588
0.0840494 0.618258
0.0850094 0.753727
0.0858189 0.35886
0.0859821 0.10104
0.0861979 0.728671
0.0872803 0.920112
0.0881348 0.281969
0.0888055 0.554688
0.0888531 0.353518
0.0889183 0.450329
0.089236 0.789266
0.0908984 0.729232
0.0910424 0.149396
0.091516 0.109276
0.0916108 0.703264
0.091953 0.45473
0.0921851 0.354641
0.0924505 0.815421
0.0934723 0.988808
0.0949072 0.105459
0.094941 0.672589
0.0955323 0.610803
0.0961696 0.323122
0.0973242 0.727908
0.0977257 0.476289
0.0983142 0.366949
0.0985538 0.393882
0.100917 0.105428
0.101223 0.249348
0.101414 0.463826
0.102539 0.375402
0.104089 0.428454
0.105917 0.149003
0.106326 0.0260576
0.106549 0.768831
0.106925 0.0930459
0.108358 0.169901
0.108979 0.613384
0.109024 0.371063
0.109588 0.846229
0.109895 0.00928472
0.112427 0.555119
0.112594 0.36023
0.114924 0.535575
0.115379 0.175661
0.115957 0.882097
0.116908 0.879469
0.117252 0.648044
0.117552 0.691004
0.118047 0.0208747
0.118335 0.864082
0.118343 0.997185
0.118622 0.679898
0.118991 0.885465
0.120606 0.0260772
0.122083 0.8461
0.122624 0.945264
0.124125 0.172141
0.125801 0.338125
0.126593 0.644432
0.127964 0.698818
0.129807 0.660843
0.130965 0.128819
0.132049 0.34863
0.13253 0.434044
0.132837 0.592162
0.134336 0.79167
0.134712 0.104818
0.137238 0.551359
0.138553 0.662934
0.139886 0.0631768
0.140514 0.618351
0.14072 0.0761813
0.142213 0.168492
0.143703 0.212732
0.144718 0.28375
0.146834 0.834758
0.146908 0.0757857
0.147185 0.733657
0.147672 0.916471
0.147723 0.787647
0.147769 0.549341
0.147944 0.501213
0.148475 0.42624
0.149762 0.0446908
0.149863 0.754768
0.150406 0.86942
0.150864 0.567758
0.151978 0.301496
0.153401 0.217776
0.153866 0.0339636
0.154005 0.357276
0.154245 0.392051
0.154913 0.627861
0.154965 0.497464
0.155458 0.784431
0.155709 0.994525
0.159105 0.0707487
0.159363 0.421654
0.15974 0.74349
0.162964 0.937059
0.163806 0.0924565
0.164077 0.639561
0.165218 0.812209
0.165908 0.414927
0.165983 0.675497
0.166306 0.109016
0.16908 0.729477
0.169217 0.0330359
0.169543 0.508849
0.171115 0.929279
0.172497 0.151001
0.17356 0.0286507
0.173745 0.135758
0.173825 0.472377
0.174965 0.63741
0.175353 0.161127
0.175447 0.745842
0.176731 0.32466
0.176762 0.841764
0.176926 0.592615
0.177156 0.464985
0.178441 0.065475
0.179159 0.121551
0.18075 0.860044
0.180798 0.67059
0.180973 0.604742
0.181116 0.016853
0.182508 0.416742
0.183095 0.280777
0.183802 0.15867
0.184172 0.380187
0.185603 0.437993
0.186362 0.190576
0.186415 0.0702052
0.186864 0.61603
0.188537 0.740981
0.188877 0.451859
0.189169 0.37034
0.190744 0.830638
0.191511 0.724941
0.193352 0.668761
0.194268 0.0567808
0.195713 0.351451
0.196229 0.0180593
0.19671 0.110603
0.197464 0.784908
0.19766 0.0668955
0.197724 0.153297
0.198518 0.487341
0.198661 0.895828
0.198804 0.297271
0.199202 0.98848
0.201475 0.192996
0.203231 0.702743
0.203362 0.907228
0.203403 0.58914
0.203679 0.238355
0.203998 0.596859
0.20474 0.0684601
0.205021 0.787221
0.205744 0.942425
0.205813 0.103804
0.206525 0.0674109
0.2069 0.369423
0.207685 0.561973
0.207974 0.425209
0.209042 0.365399
0.209405 0.46866
0.209972 0.00340071
0.210985 0.0207919
0.21349 0.133499
0.213696 0.580748
0.215715 0.523524
0.215908 0.767163
0.21595 0.475473
0.216053 0.211072
0.216458 0.0171877
0.218232 0.817231
0.218423 0.0350743
0.219363 0.837101
0.219751 0.360114
0.220408 0.391874
0.221112 0.232325
0.223648 0.85935
0.225872 0.225004
0.226299 0.404743
0.226831 0.352114
0.227267 0.684201
0.230159 0.286275
0.230291 0.496286
0.231407 0.259685
0.231676 0.778826
0.232442 0.661101
0.232579 0.961638
0.232652 0.183898
0.232697 0.945889
0.234749 0.421922
0.234903 0.0211767
0.23548 0.708758
0.237686 0.784312
0.237913 0.596889
0.237984 0.797352
0.238243 0.155568
0.239032 0.409994
0.240124 0.756154
0.240194 0.938194
0.240763 0.501993
0.240907 0.917281
0.241109 0.31524
0.24111 0.33454
0.242749 0.889903
0.243715 0.115923
0.244193 0.152321
0.244501 0.325379
0.24475 0.511563
0.245913 0.0514239
0.247926 0.886517
0.252025 0.786037
0.253322 0.586615
0.254168 0.79974
0.255031 0.30104
0.256084 0.00719045
0.256099 0.262322
0.256949 0.535233
0.257198 0.73217
0.258403 0.977101
0.259122 0.0608198
0.261403 0.405967
0.262178 0.431284
0.262506 0.936978
0.263233 0.155083
0.263989 0.866171
0.264698 0.786108
0.264712 0.0212038
0.265077 0.154956
0.2675 0.878459
0.268574 0.917559
0.268598 0.324922
0.268629 0.845556
0.27055 0.127004
0.270576 0.573749
0.27173 0.964205
0.273267 0.796788
0.274218 0.782664
0.274406 0.941394
0.275734 0.259625
0.276462 0.495832
0.276492 0.000617256
0.276881 0.53335
0.278006 0.454271
0.278057 0.297922
0.278162 0.076723
0.279386 0.648092
0.279644 0.98052
0.279767 0.0435349
0.282112 0.448318
0.282299 0.595551
0.282809 0.176391
0.282897 0.657124
0.28323 0.251734
0.283574 0.0265376
0.283843 0.549858
0.284228 0.0195341
0.28498 0.661586
0.285297 0.991069
0.285917 0.406699
0.286155 0.412524
0.286186 0.932618
0.286218 0.462753
0.287335 0.246391
0.287727 0.826403
0.288258 0.758951
0.288815 0.113067
0.289328 0.729814
0.289484 0.360875
0.290083 0.419442
0.291574 0.478537
0.294695 0.932899
0.295299 0.0948521
0.295341 0.789622
0.2954 0.779509
0.296114 0.796125
0.296151 0.409117
0.298221 0.206243
0.298319 0.850993
0.300614 0.413276
0.301143 0.310558
0.301147 0.373756
0.302007 0.836949
0.303299 0.538681
0.304932 0.997247
0.305355 0.106408
0.308342 0.304356
0.308721 0.672157
0.309245 0.485619
0.309475 0.353184
0.309673 0.672785
0.310513 0.787994
0.311039 0.632339
0.311822 0.799509
0.312105 0.543893
0.312343 0.549038
0.312447 0.295922
0.312606 0.976399
0.31263 0.377853
0.312674 0.11685
0.312884 0.635523
0.313524 0.399559
0.315395 0.844322
0.317221 0.528565
0.317676 0.185767
0.318513 0.245386
0.3186 0.703227
0.319471 0.348962
0.319558 0.806131
0.320499 0.623677
0.3207 0.00352574
0.322135 0.123042
0.32271 0.778747
0.32304 0.330382
0.323106 0.439879
0.32341 0.546319
0.324952 0.466315
0.325338 0.950078
0.326486 0.254945
0.329043 0.22885
0.330412 0.241929
0.33097 0.607111
0.331073 0.344667
0.331284 0.890794
0.332952 0.926931
0.334054 0.453004
0.334914 0.907181
0.335294 0.282721
0.335303 0.442395
0.335344 0.126114
0.336313 0.40803
0.33641 0.0487892
0.337533 0.908883
0.339433 0.852632
0.339495 0.895519
0.340455 0.0239367
0.340911 0.69885
0.341163 0.918257
0.341276 0.821247
0.341628 0.744235
0.342234 0.929065
0.343506 0.306315
0.344599 0.681801
0.344762 0.409877
0.347272 0.59569
0.347616 0.386554
0.348206 0.298056
0.348675 0.178607
0.348834 0.856407
0.349357 0.647494
0.350149 0.953856
0.351761 0.0452162
0.35192 0.716481
0.351975 0.648625
0.351978 0.698557
0.352254 0.330477
0.352763 0.890772
0.353291 0.766328
0.355384 0.943002
0.357316 0.407838
0.358161 0.617715
0.359851 0.019867
0.360035 0.116511
0.361374 0.606616
0.361901 0.462849
0.36206 0.149924
0.365538 0.589806
0.366511 0.942801
0.367041 0.851425
0.367912 0.498216
0.369111 0.64322
0.369989 0.407079
0.370776 0.626474
0.372521 0.951974
0.372597 0.241658
0.373456 0.676472
0.374236 0.783535
0.374758 0.553827
0.376053 0.314992
0.3761 0.107624
0.376217 0.074484
0.376852 0.750434
0.379724 0.0274009
0.379853 0.188363
0.380498 0.0370493
0.382126 0.395047
0.3823 0.317804
0.383376 0.405287
0.384414 0.838274
0.384896 0.942339
0.385876 0.422097
0.386319 0.86337
0.387264 0.741806
0.387824 0.151575
0.387832 0.294985
0.38853 0.018213
0.388761 0.898214
0.389672 0.213119
0.39104 0.215124
0.391759 0.294233
0.39204 0.0092365
0.393704 0.976509
0.394535 0.948261
0.394563 0.422476
0.394877 0.700125
0.394914 0.323034
0.394962 0.125659
0.395345 0.570111
0.395615 0.102948
0.397578 0.0861565
0.397677 0.76424
0.398002 0.218585
0.399962 0.16515
0.404167 0.831262
0.404897 0.11053
0.407672 0.741345
0.408719 0.34749
0.409041 0.751152
0.40928 0.768381
0.410388 0.383204
0.413802 0.768601
0.414819 0.864812
0.415356 0.886745
0.415555 0.23604
0.415566 0.41693
0.417468 0.379298
0.418563 0.785439
0.418644 0.157214
0.420005 0.0240025
0.420042 0.637394
0.421025 0.163242
0.421339 0.44684
0.421872 0.396168
0.423734 0.702349
0.424368 0.345241
0.425444 0.441114
0.425539 0.0325356
0.425642 0.77323
0.427968 0.851911
0.427999 0.379432
0.429147 0.66615
0.429476 0.198759
0.429848 0.449171
0.43047 0.916095
0.430874 0.707122
0.433571 0.0252666
0.43391 0.729782
0.435582 0.83454
0.436598 0.901261
0.437081 0.0193268
0.438702 0.270064
0.442241 0.749257
0.444898 0.394593
0.445106 0.892565
0.44527 0.660125
0.445418 0.132992
0.449217 0.998286
0.449684 0.84412
0.449962 0.516525
0.449976 0.751464
0.451589 0.858
0.45248 0.823318
0.453405 0.377906
0.453736 0.944606
0.45391 0.864194
0.453929 0.190351
0.454336 0.0304094
0.454967 0.638223
0.45535 0.0694405
0.457502 0.23395
0.458804 0.117285
0.459475 0.393698
0.459686 0.935623
0.46089 0.173166
0.461331 0.587962
0.464229 0.298611
0.464943 0.300802
0.465369 0.457986
0.466251 0.272168
0.466262 0.460572
0.467432 0.137512
0.467508 0.406495
0.467755 0.566876
0.46792 0.32625
0.468538 0.714832
0.468725 0.866746
0.470396 0.948424
0.471072 0.313196
0.473977 0.131161
0.475114 0.24551
0.478149 0.249685
0.478428 0.942908
0.479782 0.702866
0.480384 0.817369
0.481275 0.792844
0.481294 0.107605
0.481761 0.965022
0.482363 0.0806588
0.482721 0.100099
0.482728 0.2133
0.48311 0.627988
0.483482 0.880983
0.4839 0.915034
0.483931 0.420218
0.484698 0.322199
0.484743 0.0714726
0.48674 0.633057
0.486944 0.0664305
0.48788 0.792306
0.488842 0.967815
0.490481 0.506868
0.491857 0.637921
0.492533 0.00220842
0.494271 0.218053
0.494643 0.466352
0.495151 0.999481
0.496443 0.714807
0.4973 0.121627
0.497778 0.156773
0.498783 0.0434165
0.500004 0.575121
0.500099 0.16119
0.501576 0.980978
0.503035 0.50212
0.50329 0.796402
0.503748 0.500038
0.504183 0.809836
0.505881 0.341937
0.50715 0.663816
0.507573 0.77559
0.511264 0.810031
0.511276 0.00964227
0.511769 0.297986
0.512199 0.531477
0.513042 0.700492
0.513098 0.646489
0.513259 0.345248
0.513968 0.254274
0.51414 0.152872
0.514171 0.669091
0.51454 0.869102
0.515041 0.291934
0.515323 0.0254009
0.515329 0.136128
0.515671 0.875072
0.515676 0.959252
0.517086 0.659283
0.517787 0.44135
0.517852 0.538505
0.520816 0.35041
0.520904 0.832545
0.521586 0.293362
0.522057 0.217569
0.522677 0.63892
0.523192 0.284303
0.523571 0.663083
0.524154 0.463005
0.524203 0.27942
0.525168 0.501347
0.525514 0.318147
0.52578 0.787622
0.525809 0.277929
0.526353 0.422188
0.52747 0.186996
0.527782 0.43226
0.528056 0.03667
0.52898 0.568256
0.530066 0.823865
0.531474 0.491275
0.531918 0.944256
0.532202 0.714937
0.532769 0.253974
0.532943 0.173719
0.534755 0.632547
0.53501 0.905518
0.535231 0.628882
0.538693 0.821287
0.538867 0.745977
0.538974 0.535383
0.538984 0.711515
0.539253 0.227377
0.539998 0.746657
0.540097 0.415771
0.540357 0.778721
0.541828 0.508256
0.542419 0.443237
0.542776 0.430441
0.544277 0.659274
0.545693 0.461947
0.546994 0.329215
0.547109 0.257076
0.547378 0.789921
0.548066 0.3459
0.548321 0.634821
0.550083 0.246695
0.55027 0.381845
0.550567 0.378277
0.552396 0.114667
0.552936 0.202397
0.553214 0.873722
0.554174 0.995542
0.555747 0.439497
0.555969 0.174757
0.556196 0.988203
0.556811 0.329239
0.558446 0.800586
0.560653 0.901771
0.561393 0.32531
0.561615 0.0673402
0.562672 0.833316
0.563102 0.0628931
0.565375 0.25743
0.566515 0.411397
0.567005 0.659224
0.567081 0.933114
0.56878 0.490322
0.569526 0.0299502
0.570484 0.123251
0.570618 0.373668
0.571054 0.707196
0.571298 0.798939
0.571407 0.642354
0.572572 0.218858
0.573799 0.845247
0.574591 0.144236
0.575017 0.306686
0.575146 0.471679
0.576467 0.678979
0.576916 0.235111
0.578539 0.513264
0.580819 0.822144
0.582218 0.333512
0.583364 0.601477
0.583402 0.235883
0.583711 0.430479
0.584306 0.425927
0.584387 0.798077
0.584893 0.300856
0.585217 0.739126
0.585405 0.898075
0.586367 0.070884
0.587846 0.931823
0.588966 0.758249
0.58913 0.516112
0.589461 0.0715041
0.591656 0.954662
0.591728 0.174676
0.592468 0.616247
0.59267 0.00765567
0.59295 0.714058
0.593616 0.903779
0.593888 0.472077
0.59403 0.858948
0.594284 0.126847
0.595364 0.288845
0.595415 0.143625
0.596368 0.160642
0.597577 0.472434
0.597953 0.794324
0.59797 0.0755806
0.598048 0.38663
0.601005 0.0904773
0.601645 0.839604
0.60319 0.815754
0.604826 0.307903
0.605252 0.467474
0.605518 0.937802
0.60603 0.550212
0.60727 0.379014
0.607921 0.321625
0.608844 0.833504
0.609486 0.6302
0.611626 0.59444
0.611928 0.668667
0.61252 0.620208
0.613688 0.251028
0.61514 0.657482
0.615357 0.309642
0.61667 0.367653
0.617371 0.156122
0.618098 0.374148
0.618803 0.221104
0.619408 0.398812
0.619849 0.804576
0.619865 0.0694674
0.620228 0.175953
0.620915 0.717507
0.623277 0.412015
0.625044 0.122822
0.625108 0.190707
0.627003 0.0348416
0.628589 0.693044
0.628774 0.805982
0.62923 0.469642
0.630518 0.11608
0.630534 0.392984
0.631165 0.983267
0.632546 0.194252
0.632838 0.105056
0.632915 0.404249
0.633191 0.0393688
0.634369 0.839676
0.635026 0.881634
0.635129 0.620513
0.63541 0.329866
0.635958 0.549313
0.636067 0.382719
0.637578 0.76984
0.637592 0.00283151
0.637969 0.352834
0.638209 0.370094
0.639578 0.392635
0.640909 0.762723
0.64116 0.969827
0.642224 0.862183
0.642353 0.0318947
0.64294 0.887947
0.64387 0.51993
0.644366 0.860163
0.645239 0.525401
0.646045 0.0804929
0.647753 0.790135
0.647969 0.413627
0.649185 0.846821
0.649555 0.0665858
0.649901 0.886102
0.651174 0.274974
0.652455 0.806177
0.655861 0.0575629
0.656194 0.65452
0.656245 0.503329
0.656555 0.722187
0.656775 0.413197
0.657631 0.803722
0.659792 0.124493
0.660277 0.27633
0.661423 0.530254
0.662789 0.487257
0.662879 0.0139472
0.663005 0.128413
0.66353 0.954351
0.664814 0.520443
0.665237 0.632962
0.667845 0.462742
0.668718 0.149128
0.668774 0.0883313
0.669167 0.692026
0.669837 0.94773
0.669897 0.960838
0.671341 0.221104
0.67146 0.233521
0.671472 0.425917
0.671497 0.84145
0.671545 0.660863
0.671651 0.439022
0.672619 0.706256
0.672995 0.0214864
0.675547 0.914201
0.675688 0.285833
0.676522 0.297523
0.676778 0.604382
0.678466 0.9812
0.67975 0.557749
0.679987 0.535313
0.680388 0.287787
0.681854 0.920306
0.682231 0.260831
0.68239 0.923049
0.683426 0.335508
0.683669 0.42304
0.684142 0.369756
0.684419 0.0305697
0.684943 0.838452
0.686436 0.931834
0.68655 0.838847
0.688148 0.700918
0.688408 0.0696601
0.688717 0.268803
0.689406 0.838392
0.690549 0.0593756
0.690822 0.63831
0.691384 0.0902948
0.6915 0.0351945
0.691549 0.863897
0.691632 0.265483
0.692042 0.156601
0.692486 0.612305
0.693307 0.404904
0.694647 0.931308
0.696078 0.983963
0.696435 0.986272
0.698574 0.937795
0.700197 0.216511
0.700507 0.419833
0.701168 0.523409
0.702208 0.00768972
0.702276 0.144697
0.702923 0.0186699
0.703452 0.919075
0.704158 0.776447
0.705888 0.856183
0.706022 0.10599
0.706668 0.971104
0.708439 0.741948
0.709177 0.145671
0.709354 0.112499
0.710243 0.056348
0.710875 0.675432
0.711451 0.357629
0.711547 0.966934
0.712357 0.587313
0.71308 0.735419
0.714199 0.548986
0.715586 0.861274
0.718232 0.327425
0.719807 0.798734
0.720035 0.627644
0.721403 0.614622
0.723333 0.0616298
0.724981 0.760958
0.725415 0.0424481
0.726012 0.0913967
0.726521 0.643763
0.726724 0.0535247
0.727055 0.618347
0.727146 0.150688
0.727354 0.639824
0.728956 0.562065
0.729536 0.316429
0.72965 0.231752
0.730096 0.719858
0.730765 0.972001
0.731118 0.894646
0.732074 0.967151
0.732833 0.721316
0.735394 0.770643
0.736969 0.242821
0.737307 0.920335
0.7376 0.841674
0.737839 0.859912
0.737918 0.192022
0.739592 0.315924
0.739601 0.479996
0.739873 0.0418376
0.740474 0.147997
0.742515 0.444399
0.743823 0.438626
0.745182 0.280252
0.746036 0.619162
0.74751 0.399897
0.750498 0.624847
0.750855 0.619901
0.750978 0.692378
0.752613 0.168906
0.754066 0.590903
0.754924 0.00570571
0.755712 0.250137
0.757967 0.157493
0.758096 0.311381
0.758438 0.0696788
0.758792 0.0122253
0.759285 0.308889
0.760198 0.654082
0.760893 0.322166
0.76096 0.450157
0.761532 0.0722789
0.76189 0.0884794
0.761963 0.313392
0.761995 0.842799
0.762453 0.553761
0.763389 0.284145
0.763407 0.576428
0.763449 0.29269
0.763744 0.245036
0.765254 0.617992
0.766148 0.647274
0.766461 0.9168
0.766967 0.407503
0.767054 0.879964
0.768259 0.135453
0.768771 0.739129
0.768944 0.649576
0.769055 0.507047
0.769131 0.776852
0.769466 0.414546
0.769911 0.898269
0.770264 0.828599
0.770586 0.235375
0.771264 0.637464
0.771588 0.0737071
0.772203 0.42329
0.773018 0.12018
0.773061 0.836519
0.773218 0.477066
0.773618 0.194118
0.774103 0.347966
0.775126 0.546538
0.776296 0.207551
0.776717 0.280358
0.777227 0.853371
0.777454 0.676513
0.777516 0.707724
0.781187 0.401983
0.781781 0.391154
0.783699 0.636061
0.783769 0.798887
0.78386 0.329381
0.784033 0.235985
0.785094 0.0793475
0.785332 0.0742082
0.785354 0.446712
0.785448 0.0318179
0.785653 0.478316
0.785901 0.635785
0.786716 0.330515
0.787903 0.292671
0.788793 0.240168
0.789731 0.0162188
0.789746 0.262209
0.790588 0.41893
0.790884 0.391163
0.790928 0.132054
0.791826 0.223986
0.793146 0.397702
0.794931 0.406734
0.795246 0.699457
0.795315 0.852578
0.795562 0.00709686
0.795686 0.0925425
0.796411 0.274701
0.797611 0.456481
0.798235 0.935223
0.798251 0.212237
0.798537 0.0044716
0.799935 0.505939
0.800123 0.662118
0.800506 0.0974992
0.801002 0.435956
0.804862 0.307948
0.80499 0.459878
0.805813 0.303239
0.805968 0.904935
0.806634 0.0998676
0.807196 0.547031
0.80825 0.265728
0.809044 0.607519
0.810068 0.808916
0.810268 0.168722
0.810302 0.74659
0.81041 0.562025
0.810447 0.174799
0.811105 0.25027
0.811528 0.358413
0.811585 0.302829
0.811712 0.437448
0.81238 0.669094
0.812556 0.630686
0.813548 0.298927
0.815045 0.468554
0.815619 0.105006
0.815869 0.306514
0.8189 0.244235
0.819629 0.502716
0.82108 0.884588
0.82149 0.777287
0.82325 0.362677
0.824902 0.12608
0.825884 0.63932
0.826698 0.312707
0.826943 0.428673
0.827306 0.527363
0.828657 0.233335
0.828663 0.341957
0.828996 0.927739
0.832353 0.352097
0.832775 0.455787
0.834295 0.991492
0.834741 0.496166
0.83566 0.941866
0.837445 0.934939
0.838114 0.174717
0.839326 0.54638
0.840403 0.651504
0.840471 0.790914
0.841351 0.584896
0.842412 0.412082
0.842603 0.636577
0.843364 0.410918
0.843564 0.77711
0.843736 0.676514
0.844031 0.621409
0.844296 0.0878243
0.844722 0.245939
0.845299 0.947804
0.847437 0.870095
0.848618 0.723082
0.849058 0.116528
0.849871 0.787238
0.850227 0.765136
0.852366 0.710062
0.852687 0.107032
0.853229 0.224893
0.853277 0.0266888
0.856198 0.112268
0.856443 0.235426
0.856583 0.588557
0.857273 0.189952
0.857792 0.904575
0.857868 0.183294
0.858375 0.709028
0.858434 0.700473
0.859345 0.019573
0.86004 0.690051
0.860089 0.518269
0.860275 0.649615
0.862801 0.10363
0.863021 0.802442
0.863894 0.464143
0.86455 0.498494
0.864589 0.140429
0.864747 0.795853
0.865504 0.518391
0.866535 0.849307
0.866591 0.790788
0.867067 0.796452
0.867117 0.636385
0.867862 0.150664
0.869478 0.317995
0.87009 0.607393
0.870713 0.0799438
0.871858 0.311102
0.873255 0.79435
0.873653 0.484776
0.873672 0.800312
0.874202 0.706157
0.875204 0.561511
0.875596 0.147917
0.876339 0.630945
0.876471 0.845455
0.876542 0.040346
0.876873 0.603204
0.876942 0.768097
0.877281 0.458532
0.8773 0.780392
0.877701 0.528788
0.877884 0.590808
0.877921 0.214491
0.879142 0.733079
0.87923 0.223721
0.879244 0.454818
0.880089 0.650357
0.880794 0.504098
0.880965 0.37254
0.881496 0.306662
0.882415 0.75413
0.88329 0.454235
0.883539 0.640317
0.883542 0.693404
0.884218 0.05251
0.884259 0.745285
0.884742 0.855767
0.885315 0.484478
0.885614 0.510549
0.886823 0.840514
0.88773 0.0838002
0.888618 0.00359136
0.888878 0.372435
0.889023 0.808103
0.889216 0.0461693
0.889926 0.983816
0.891259 0.381977
0.892914 0.213407
0.893175 0.60051
0.895405 0.0758817
0.89589 0.228587
0.895892 0.258171
0.895953 0.28373
0.896302 0.151488
0.896842 0.230577
0.896982 0.577893
0.897795 0.242499
0.898338 0.359179
0.898778 0.754088
0.899543 0.625483
0.899692 0.115153
0.899925 0.0318754
0.900808 0.881002
0.901633 0.742434
0.902345 0.710392
0.903175 0.654619
0.903242 0.779871
0.903683 0.199402
0.904101 0.220273
0.906049 0.972345
0.906062 0.189527
0.906073 0.370746
0.906547 0.340385
0.906854 0.502815
0.907007 0.0594001
0.908384 0.211319
0.908489 0.966859
0.908709 0.664858
0.909049 0.389456
0.909773 0.551915
0.911016 0.442733
0.91151 0.743506
0.912423 0.0853574
0.912656 0.0148678
0.913895 0.840203
0.916158 0.868296
0.916516 0.876091
0.916522 0.988916
0.917259 0.373143
0.917437 0.370502
0.917438 0.379753
0.919432 0.900844
0.921642 0.0428903
0.92255 0.293815
0.924182 0.729074
0.926249 0.466579
0.926313 0.546602
0.927337 0.756428
0.928398 0.58863
0.928566 0.40214
0.928631 0.5032
0.928864 0.423389
0.930147 0.98056
0.930182 0.571052
0.931378 0.664527
0.932106 0.900821
0.932837 0.190623
0.933125 0.0304811
0.933343 0.701854
0.933387 0.439278
0.934269 0.259127
0.935211 0.0880526
0.935841 0.686851
0.936276 0.986849
0.937093 0.729289
0.938687 0.518199
0.940989 0.20406
0.941287 0.212655
0.943978 0.44658
0.944683 0.291493
0.944901 0.955321
0.945009 0.757828
0.948227 0.845725
0.949616 0.19036
0.949713 0.822941
0.949731 0.120578
0.949955 0.8963
0.950173 0.555409
0.950202 0.0371849
0.950726 0.845263
0.95121 0.981423
0.951346 0.268609
0.951384 0.913353
0.951444 0.911912
0.951571 0.0609467
0.952642 0.054834
0.952734 0.59846
0.953185 0.18913
0.95377 0.0128987
0.954047 0.671623
0.954156 0.494839
0.954282 0.624722
0.954501 0.291807
0.956715 0.512376
0.957434 0.59474
0.957884 0.15506
0.958768 0.00931288
0.959429 0.1203
0.960393 0.321041
0.961636 0.213518
0.962789 0.601587
0.963135 0.411461
0.963744 0.653188
0.964218 0.615455
0.964379 0.315255
0.965074 0.997566
0.966723 0.709002
0.966906 0.79746
0.96772 0.477805
0.968979 0.626556
0.968993 0.858546
0.969588 0.867
0.971045 0.359537
0.972032 0.949546
0.972563 0.864258
0.975244 0.922098
0.976343 0.393464
0.976959 0.7457
0.977318 0.776622
0.977409 0.319332
0.977816 0.145883
0.978939 0.026498
0.979646 0.908539
0.981546 0.841065
0.982384 0.933616
0.982458 0.176005
0.982837 0.543868
0.983251 0.496087
0.983741 0.726618
0.983793 0.615912
0.984568 0.630984
0.984882 0.906176
0.985861 0.364006
0.985993 0.579267
0.98701 0.673067
0.987894 0.54133
0.990091 0.466359
0.991453 0.344738
0.991621 0.168711
0.991951 0.716754
0.99342 0.416979
0.996458 0.462946
0.996723 0.91543
0.997162 0.300792
0.999794 0.531854
