0.000274683 0.616611
0.000639318 0.745026
0.00491634 0.629014
0.00746635 0.486893
0.00772368 0.81187
0.0107542 0.745717
0.0108806 0.871085
0.0114862 0.0477521
0.0133449 0.28773
0.0137859 0.698958
0.0149374 0.0521991
0.015999 0.895609
0.0160244 0.322263
0.0202712 0.69728
0.0203444 0.92753
0.021844 0.132133
0.0223262 0.236292
0.0223604 0.811788
0.0223724 0.0136692
0.0228351 0.788823
0.0229656 0.982264
0.0236061 0.747169
0.0245133 0.995402
0.0246131 0.671591
0.026151 0.519631
0.0265701 0.562964
0.0280975 0.234129
0.0301297 0.389061
0.0307372 0.600368
0.0310255 0.445665
0.0314212 0.096921
0.0322143 0.425713
0.0326559 0.84785
0.0337018 0.426854
0.0340572 0.39853
0.034137 0.740502
0.0343293 0.972801
0.0347034 0.260709
0.0349625 0.614863
0.0351559 0.865811
0.0361521 0.608606
0.0368486 0.314037
0.0374317 0.115274
0.0400021 0.315728
0.0401881 0.441111
0.0403216 0.684578
0.0403331 0.878837
0.0430987 0.359753
0.0457161 0.351133
0.0473762 0.252523
0.0474772 0.949116
0.0496302 0.135469
0.0502198 0.0435035
0.0509694 0.6428
0.0512234 0.910996
0.0521008 0.657848
0.0543414 0.316036
0.0549305 0.216315
0.0568091 0.790096
0.0573292 0.531352
0.060463 0.201361
0.0609432 0.272093
0.0610648 0.316153
0.0618902 0.18898
0.0619673 0.485167
0.0619676 0.4889
0.0635619 0.28462
0.0646376 0.364589
0.0647889 0.906986
0.0656854 0.975266
0.0676785 0.473058
0.0679835 0.59796
0.0685597 0.282216
0.0705027 0.939166
0.0720521 0.97943
0.0723312 0.670751
0.0730733 0.143291
0.0730865 0.365427
0.0742695 0.248287
0.074796 0.0966627
0.075476 0.52479
0.0770504 0.985666
0.0793957 0.403989
0.0801089 0.390277
0.0811689 0.205237
0.0823041 0.28429
0.0830101 0.151242
0.0847078 0.683703
0.0856788 0.00293501
0.0860891 0.898812
0.0862675 0.897125
0.0869419 0.231719
0.0871235 0.285114
0.0888179 0.761695
0.08904 0.49539
0.0923908 0.812331
0.0926181 0.63203
0.0930324 0.595111
0.0932493 0.241722
0.0939833 0.578068
0.0946391 0.5992
0.0984649 0.900118
0.0984959 0.420493
0.0988433 0.259426
0.0990019 0.924704
0.100874 0.387374
0.101418 0.538278
0.102211 0.864378
0.102665 0.486369
0.102765 0.179135
0.103054 0.0308495
0.103535 0.119981
0.104178 0.923619
0.105219 0.40779
0.106849 0.811768
0.107138 0.67188
0.109376 0.281842
0.109944 0.83319
0.110031 0.297324
0.110462 0.541654
0.110869 0.373667
0.11289 0.346371
0.113025 0.613615
0.113065 0.275937
0.114855 0.374111
0.115312 0.0453459
0.115562 0.253115
0.117656 0.451992
0.118534 0.209362
0.119571 0.628254
0.119738 0.430736
0.120263 0.26198
0.120595 0.839904
0.120626 0.36582
0.120728 0.076946
0.121482 0.743619
0.122803 0.945338
0.124399 0.767738
0.12525 0.0825275
0.125803 0.377906
0.126311 0.913063
0.127292 0.396555
0.127761 0.278194
0.131145 0.147997
0.13162 0.133719
0.133968 0.601192
0.135893 0.951763
0.136195 0.0320862
0.136278 0.421916
0.136377 0.0908896
0.137324 0.00306441
0.139153 0.7511
0.139933 0.858837
0.141925 0.337031
0.14287 0.209151
0.143209 0.906755
0.14373 0.670192
0.143825 0.258506
0.147859 0.0737454
0.14795 0.590237
0.148263 0.856883
0.149192 0.475053
0.150196 0.34015
0.150479 0.108194
0.151127 0.996309
0.151246 0.986633
0.151512 0.455498
0.154492 0.550217
0.154739 0.703992
0.156297 0.882485
0.156652 0.843369
0.159115 0.238374
0.161085 0.349222
0.161438 0.287402
0.161944 0.790079
0.162869 0.344776
0.163035 0.137608
0.163582 0.323348
0.163834 0.555206
0.163858 0.960847
0.164595 0.347368
0.167124 0.853177
0.167635 0.439284
0.168161 0.287839
0.168611 0.847016
0.171015 0.256134
0.171532 0.944468
0.173725 0.803263
0.175794 0.569858
0.178318 0.996034
0.178677 0.0187854
0.178852 0.97324
0.179069 0.608033
0.181118 0.0551709
0.182844 0.0616128
0.184098 0.129236
0.185341 0.0260726
0.186965 0.321279
0.192805 0.469444
0.19391 0.0461136
0.194021 0.916483
0.194186 0.68287
0.194355 0.516618
0.195231 0.242667
0.19593 0.999392
0.196195 0.456768
0.196236 0.137286
0.197059 0.974401
0.197376 0.301631
0.199587 0.457467
0.19965 0.510067
0.201339 0.905833
0.201659 0.290766
0.202007 0.133981
0.204073 0.861037
0.204549 0.853403
0.205207 0.908596
0.205424 0.559535
0.205447 0.952958
0.205746 0.974764
0.206281 0.960422
0.206432 0.502035
0.206789 0.495398
0.207368 0.230142
0.207787 0.28325
0.20791 0.336866
0.208077 0.149405
0.208353 0.785902
0.20836 0.902398
0.208594 0.839328
0.213001 0.91524
0.214568 0.23636
0.214741 0.158069
0.216722 0.440119
0.217252 0.350433
0.217316 0.430096
0.217925 0.663074
0.218896 0.989608
0.21907 0.906551
0.219315 0.0257098
0.220394 0.157795
0.220599 0.603354
0.220676 0.893946
0.221763 0.17096
0.222447 0.672608
0.222474 0.128721
0.223338 0.642073
0.224189 0.941734
0.224278 0.448396
0.224404 0.554355
0.224971 0.0878823
0.22498 0.238133
0.225332 0.159822
0.225378 0.935447
0.225878 0.331435
0.225924 0.0995303
0.227443 0.634664
0.227634 0.844963
0.227791 0.485924
0.228836 0.0411435
0.230618 0.000351926
0.230808 0.193385
0.231097 0.0437542
0.235188 0.79815
0.237603 0.394451
0.238226 0.859183
0.240653 0.66257
0.240663 0.826665
0.241497 0.840288
0.242038 0.928777
0.242183 0.372083
0.243616 0.460168
0.243711 0.052772
0.246592 0.474432
0.249625 0.446863
0.25142 0.607804
0.25151 0.123991
0.252073 0.589038
0.255342 0.540481
0.256936 0.330174
0.257783 0.56083
0.258482 0.308688
0.258669 0.445309
0.259568 0.551986
0.260078 0.132997
0.261907 0.867509
0.264947 0.957476
0.265121 0.883818
0.265567 0.378514
0.265831 0.824518
0.265996 0.599983
0.266322 0.0822138
0.266498 0.0381474
0.266766 0.532268
0.266827 0.555926
0.269296 0.0533155
0.271597 0.730152
0.272828 0.413814
0.27355 0.559251
0.273901 0.452351
0.27538 0.317618
0.276217 0.377205
0.278 0.351996
0.279627 0.69625
0.279938 0.924844
0.279948 0.0866229
0.279948 0.0942066
0.280091 0.488622
0.2801 0.64709
0.282174 0.505637
0.285008 0.132224
0.285747 0.541817
0.286152 0.35961
0.287563 0.0785962
0.288253 0.670474
0.288322 0.824872
0.288798 0.829009
0.289008 0.349271
0.289527 0.0739977
0.289668 0.447422
0.290397 0.710889
0.291158 0.499317
0.291474 0.808805
0.292027 0.0899862
0.29399 0.0820928
0.29662 0.290255
0.296657 0.916506
0.297074 0.917663
0.297509 0.234856
0.297707 0.562636
0.298016 0.761826
0.299235 0.234638
0.299424 0.418945
0.299651 0.234284
0.299889 0.226249
0.300099 0.756309
0.300925 0.646878
0.301016 0.183328
0.301606 0.0922233
0.301796 0.292809
0.30189 0.859312
0.302262 0.12227
0.302694 0.381212
0.302808 0.288795
0.303144 0.938456
0.303554 0.834035
0.303743 0.0118537
0.304231 0.214202
0.304614 0.643838
0.308389 0.100705
0.308806 0.102246
0.30922 0.0629402
0.310543 0.289962
0.310958 0.264752
0.31146 0.711095
0.312208 0.279508
0.312466 0.621891
0.314313 0.656662
0.31479 0.670394
0.315918 0.626729
0.318783 0.778709
0.319035 0.019012
0.319115 0.365093
0.319881 0.245997
0.320246 0.380298
0.321456 0.712344
0.322078 0.166417
0.323491 0.911997
0.323535 0.658398
0.324429 0.676778
0.324612 0.749833
0.325433 0.559305
0.325774 0.288348
0.326148 0.577587
0.326249 0.27238
0.326454 0.706309
0.32724 0.917439
0.328713 0.683359
0.330142 0.68832
0.330389 0.851424
0.331141 0.480335
0.333614 0.0422223
0.334433 0.813267
0.33477 0.475129
0.335556 0.697685
0.335955 0.393739
0.336938 0.910149
0.337275 0.580158
0.33738 0.340598
0.338533 0.726984
0.339888 0.503879
0.339963 0.751449
0.341164 0.951511
0.341996 0.933837
0.344055 0.539451
0.345233 0.333004
0.345612 0.697799
0.346101 0.919916
0.346111 0.0841996
0.346581 0.985976
0.348299 0.866374
0.348625 0.341514
0.349362 0.727518
0.349741 0.0906462
0.349949 0.591467
0.349987 0.226906
0.350504 0.92388
0.351322 0.664801
0.351338 0.939053
0.352309 0.260672
0.352437 0.401333
0.352613 0.362487
0.353661 0.977147
0.354116 0.630366
0.355944 0.35648
0.358346 0.719336
0.358784 0.0826034
0.359648 0.605371
0.360196 0.81959
0.361201 0.702133
0.361986 0.895818
0.362362 0.210556
0.363185 0.0530003
0.366269 0.880211
0.367065 0.256658
0.367539 0.235047
0.368077 0.27448
0.368323 0.412195
0.369856 0.175781
0.371537 0.424059
0.374936 0.548971
0.375515 0.288661
0.37697 0.737174
0.377262 0.639768
0.37734 0.948564
0.37738 0.617539
0.378205 0.488948
0.378473 0.997587
0.378704 0.881994
0.37883 0.987678
0.378932 0.711851
0.379043 0.571968
0.379578 0.559105
0.382756 0.982465
0.38366 0.179638
0.384786 0.105756
0.38596 0.823722
0.386133 0.735272
0.387274 0.914494
0.387984 0.853167
0.388029 0.600288
0.389555 0.25839
0.391873 0.208249
0.392566 0.849371
0.395912 0.0971191
0.397862 0.871167
0.398854 0.542711
0.399233 0.901738
0.399639 0.725823
0.400491 0.04948
0.400703 0.607895
0.400769 0.723669
0.401651 0.551665
0.401851 0.916331
0.401966 0.842612
0.402065 0.510802
0.402393 0.0237594
0.405109 0.660673
0.40539 0.389169
0.405959 0.960521
0.412389 0.0196635
0.41306 0.303629
0.41372 0.388483
0.416507 0.237232
0.416512 0.321459
0.418002 0.353561
0.419207 0.60383
0.421453 0.363596
0.421613 0.0515313
0.42226 0.930513
0.422567 0.0861888
0.423541 0.446603
0.425709 0.884433
0.425859 0.410464
0.425872 0.631168
0.425936 0.700086
0.429299 0.228002
0.429825 0.0762134
0.430008 0.138633
0.431254 0.087843
0.431372 0.0693545
0.431403 0.594206
0.432435 0.928213
0.433135 0.704379
0.434207 0.713723
0.434391 0.801492
0.434649 0.145753
0.436044 0.584438
0.438887 0.367154
0.439021 0.632011
0.439141 0.649837
0.43927 0.809813
0.440108 0.898686
0.440303 0.173678
0.441278 0.556867
0.441379 0.257772
0.44169 0.480558
0.441803 0.380276
0.442075 0.949295
0.444563 0.763974
0.445401 0.847917
0.445787 0.348968
0.44785 0.015245
0.449293 0.270087
0.449525 0.162892
0.451481 0.0339242
0.452075 0.0315866
0.452678 0.154643
0.454489 0.603234
0.454961 0.524318
0.45524 0.213668
0.456573 0.614959
0.456692 0.617891
0.456928 0.595111
0.457616 0.157664
0.460022 0.597281
0.460629 0.787222
0.46076 0.990791
0.463194 0.904576
0.464509 0.00850455
0.466257 0.379835
0.466352 0.974701
0.469285 0.269463
0.469405 0.296923
0.471166 0.882282
0.471477 0.111095
0.472961 0.0557761
0.473842 0.864214
0.477075 0.205787
0.478299 0.772476
0.481141 0.544383
0.481604 0.311961
0.482926 0.544852
0.483237 0.757089
0.484549 0.809113
0.48459 0.506435
0.485033 0.957224
0.487835 0.0412568
0.488187 0.956309
0.488245 0.931389
0.488552 0.0928793
0.48936 0.667122
0.490229 0.271464
0.49051 0.000672393
0.491468 0.104053
0.492806 0.595293
0.494937 0.406114
0.495331 0.0273629
0.496053 0.166281
0.49657 0.845083
0.496825 0.144428
0.49757 0.664482
0.497904 0.265862
0.497964 0.276082
0.499224 0.462079
0.5006 0.577292
0.50138 0.696048
0.501593 0.266195
0.502167 0.9282
0.503606 0.113919
0.503608 0.144113
0.504767 0.616582
0.50547 0.438046
0.505833 0.538779
0.506919 0.782289
0.507227 0.97042
0.507695 0.829285
0.50779 0.426208
0.508642 0.751195
0.508885 0.834471
0.509675 0.108282
0.51014 0.9285
0.510442 0.995542
0.511483 0.488667
0.512437 0.534289
0.513059 0.975347
0.514701 0.5773
0.519659 0.904731
0.52037 0.860293
0.522305 0.381057
0.522646 0.107384
0.52373 0.331476
0.524617 0.236632
0.526087 0.946671
0.526303 0.582051
0.526553 0.777533
0.531288 0.362903
0.53209 0.837837
0.532451 0.908118
0.53274 0.764756
0.533484 0.273313
0.534028 0.4057
0.534268 0.449757
0.535176 0.699993
0.538423 0.282024
0.538658 0.219478
0.540548 0.991078
0.541288 0.432665
0.542547 0.579898
0.542882 0.21461
0.544907 0.255442
0.54874 0.671376
0.549726 0.249998
0.550086 0.292612
0.550436 0.18064
0.550564 0.328415
0.55067 0.112162
0.551142 0.0502372
0.551286 0.467411
0.55202 0.801488
0.552577 0.158875
0.553571 0.869292
0.554045 0.838915
0.556883 0.52676
0.55691 0.993814
0.557632 0.116962
0.558924 0.838572
0.55902 0.453677
0.559842 0.267766
0.560441 0.331804
0.562564 0.0177938
0.563794 0.687665
0.5638 0.786575
0.565515 0.60941
0.566346 0.571857
0.567298 0.576226
0.567856 0.953336
0.569045 0.937782
0.571665 0.966486
0.573712 0.375032
0.573833 0.410162
0.574345 0.0204359
0.574792 0.527716
0.574899 0.327319
0.575105 0.786935
0.576363 0.925778
0.577002 0.678388
0.577424 0.769595
0.578279 0.133408
0.578682 0.916734
0.579519 0.980532
0.581181 0.908704
0.581865 0.408974
0.581927 0.454874
0.582383 0.10659
0.582388 0.188243
0.583133 0.720811
0.5837 0.25077
0.583729 0.73829
0.583859 0.914796
0.583917 0.893671
0.584409 0.163584
0.586334 0.508356
0.590178 0.117359
0.590187 0.281305
0.590358 0.146625
0.591059 0.932769
0.592656 0.76579
0.593527 0.415571
0.593595 0.55095
0.595203 0.583582
0.595616 0.51571
0.595976 0.576717
0.598714 0.579763
0.599195 0.677582
0.599789 0.660476
0.599961 0.538686
0.601034 0.573943
0.601559 0.399897
0.602144 0.241329
0.602219 0.488664
0.603137 0.928095
0.603423 0.729925
0.604979 0.889987
0.606157 0.680268
0.606298 0.0526288
0.60666 0.141168
0.607865 0.385239
0.609211 0.0162106
0.609384 0.922525
0.609659 0.545765
0.609749 0.0507991
0.610204 0.70167
0.610353 0.208245
0.612348 0.736293
0.613211 0.236497
0.613851 0.991955
0.616429 0.321357
0.617029 0.408733
0.617452 0.50945
0.618462 0.493493
0.619675 0.876105
0.619778 0.608284
0.620459 0.0580903
0.621622 0.596825
0.621835 0.174798
0.622835 0.993572
0.623294 0.703242
0.624567 0.0991816
0.624969 0.861454
0.625399 0.0867035
0.628155 0.40084
0.629413 0.546485
0.629435 0.914199
0.63048 0.469003
0.632801 0.478578
0.634484 0.766716
0.634556 0.978825
0.636589 0.156509
0.637572 0.678068
0.637978 0.503633
0.640615 0.817663
0.640975 0.869974
0.642255 0.380382
0.644196 0.995054
0.64734 0.838167
0.649324 0.19258
0.649839 0.838495
0.650824 0.401041
0.650935 0.264437
0.650976 0.956022
0.653194 0.240204
0.653869 0.569687
0.654872 0.442157
0.655328 0.0963622
0.656509 0.94578
0.656884 0.244137
0.656913 0.728401
0.657853 0.538504
0.659277 0.4682
0.659671 0.0892456
0.660727 0.841549
0.661043 0.141941
0.66174 0.868104
0.661962 0.592094
0.662168 0.056108
0.662759 0.992975
0.663884 0.901718
0.669008 0.024275
0.669341 0.608945
0.669733 0.196306
0.669862 0.372045
0.669928 0.474005
0.67136 0.552003
0.67162 0.921065
0.673139 0.452255
0.673584 0.932409
0.674696 0.614493
0.67496 0.046182
0.675243 0.803096
0.675586 0.573071
0.675932 0.384706
0.676323 0.96752
0.676892 0.519463
0.677074 0.583072
0.678603 0.280822
0.679818 0.708522
0.680143 0.170827
0.680679 0.168945
0.680733 0.0856319
0.680938 0.516634
0.681654 0.564695
0.682509 0.921082
0.682652 0.337513
0.685766 0.673054
0.687059 0.40523
0.687133 0.638486
0.688944 0.0772398
0.688966 0.450659
0.689274 0.621878
0.689423 0.12742
0.689605 0.192195
0.689992 0.69615
0.690176 0.782565
0.690731 0.11749
0.691021 0.992191
0.691283 0.395025
0.691927 0.217227
0.692674 0.768907
0.69367 0.510364
0.69647 0.567129
0.696473 0.622407
0.69827 0.824992
0.701708 0.610183
0.702545 0.668323
0.70522 0.626126
0.705351 0.831073
0.705405 0.733312
0.705614 0.2605
0.706806 0.294182
0.707521 0.310359
0.707624 0.0347897
0.709229 0.0187021
0.709738 0.564338
0.710257 0.290075
0.710765 0.821968
0.710978 0.406969
0.712569 0.148248
0.712793 0.908451
0.7129 0.706129
0.713835 0.429704
0.713881 0.19427
0.713985 0.945983
0.714157 0.835659
0.714366 0.353745
0.715579 0.737845
0.718845 0.635567
0.718859 0.862845
0.718932 0.0881181
0.719033 0.792357
0.719388 0.760167
0.71987 0.854276
0.720612 0.32749
0.722782 0.80003
0.7235 0.86484
0.725351 0.970236
0.72562 0.494605
0.726243 0.965449
0.727014 0.919648
0.727205 0.135433
0.728454 0.129081
0.729507 0.822381
0.730683 0.5879
0.730932 0.7732
0.731649 0.827429
0.732921 0.202135
0.733998 0.312056
0.734246 0.477641
0.73455 0.580716
0.736755 0.637526
0.737477 0.773352
0.737857 0.166776
0.738593 0.534177
0.739881 0.17973
0.740153 0.752514
0.74062 0.594825
0.741248 0.153255
0.741956 0.0585712
0.74211 0.642807
0.742281 0.511876
0.742302 0.867529
0.742715 0.807742
0.745023 0.606248
0.745681 0.65802
0.746104 0.778334
0.747501 0.244786
0.74863 0.230979
0.748667 0.844089
0.750466 0.0763517
0.750642 0.0364254
0.752822 0.685153
0.754848 0.732105
0.755266 0.753008
0.756091 0.615918
0.756529 0.978372
0.756696 0.792851
0.757286 0.701098
0.757747 0.452686
0.759849 0.776761
0.760155 0.932671
0.760243 0.41054
0.761536 0.133904
0.762041 0.623832
0.764979 0.00180413
0.765438 0.722439
0.766463 0.94881
0.767017 0.248259
0.767318 0.318556
0.767667 0.186361
0.768064 0.851657
0.768336 0.428745
0.770561 0.813652
0.772051 0.866728
0.772598 0.0621564
0.77294 0.800967
0.773616 0.170474
0.774355 0.587659
0.77439 0.176014
0.774611 0.881275
0.774799 0.0416103
0.775983 0.948294
0.776481 0.3148
0.776992 0.903191
0.777044 0.785873
0.780282 0.194549
0.781561 0.696513
0.782019 0.401612
0.782806 0.613909
0.783489 0.0999822
0.785007 0.61584
0.785731 0.773275
0.786584 0.125357
0.786787 0.528403
0.786828 0.209509
0.787058 0.0913331
0.787134 0.365983
0.790062 0.572949
0.793508 0.483198
0.793843 0.125525
0.794611 0.0248604
0.795942 0.39386
0.796938 0.134902
0.797126 0.300833
0.797764 0.0269661
0.798068 0.136521
0.799282 0.538065
0.800794 0.953112
0.800826 0.485414
0.801874 0.0900886
0.802153 0.78213
0.80299 0.855257
0.803635 0.69434
0.804208 0.326886
0.804493 0.116679
0.805145 0.0641341
0.805415 0.610386
0.806198 0.768125
0.806767 0.335994
0.806917 0.856101
0.807439 0.63375
0.807845 0.453538
0.810139 0.00739942
0.810859 0.104164
0.810924 0.206407
0.812543 0.406804
0.813101 0.790762
0.815406 0.523495
0.820076 0.019748
0.820631 0.347896
0.820981 0.22456
0.822187 0.49333
0.822748 0.925162
0.823053 0.0457203
0.823228 0.991613
0.823287 0.979449
0.82474 0.403145
0.827764 0.22178
0.828176 0.14929
0.828235 0.150831
0.829874 0.68903
0.830261 0.195709
0.831578 0.338919
0.831941 0.424429
0.832225 0.209127
0.8323 0.462395
0.832511 0.009376
0.834251 0.253395
0.835086 0.298065
0.835318 0.188522
0.835971 0.164755
0.836064 0.732713
0.83618 0.685314
0.836965 0.863988
0.838301 0.324173
0.838365 0.404564
0.838776 0.314184
0.840105 0.641923
0.840538 0.925839
0.842914 0.849503
0.845062 0.958116
0.846497 0.071434
0.847554 0.844876
0.847557 0.894769
0.848538 0.375952
0.848693 0.975543
0.850466 0.788681
0.85052 0.68516
0.851092 0.303682
0.851966 0.985958
0.852691 0.177782
0.852914 0.919843
0.853405 0.181163
0.856375 0.0902563
0.8585 0.811762
0.858561 0.828188
0.860222 0.757855
0.864601 0.345433
0.866049 0.691068
0.866277 0.516426
0.868868 0.0725575
0.869217 0.933076
0.871024 0.298778
0.871192 0.124277
0.873913 0.850865
0.875182 0.179678
0.875674 0.452729
0.875916 0.520915
0.875948 0.0558789
0.875971 0.443167
0.876077 0.231367
0.877082 0.114536
0.877129 0.911143
0.87757 0.314716
0.878424 0.672558
0.881774 0.982659
0.881869 0.56562
0.883667 0.794627
0.883712 0.547336
0.885464 0.989433
0.887006 0.904177
0.888311 0.847251
0.888469 0.50496
0.891838 0.117362
0.893412 0.58151
0.895003 0.311668
0.895737 0.648546
0.895862 0.759545
0.896102 0.781806
0.896488 0.280087
0.896976 0.483006
0.898708 0.591019
0.898987 0.268206
0.899772 0.465891
0.901575 0.766916
0.902312 0.158367
0.903848 0.971157
0.904276 0.164796
0.905011 0.523048
0.905805 0.857553
0.906546 0.315075
0.907105 0.709363
0.908352 0.672066
0.908794 0.100433
0.908958 0.863196
0.909522 0.344639
0.910688 0.939622
0.911513 0.806915
0.911828 0.0859419
0.912384 0.443039
0.912787 0.215275
0.913064 0.865602
0.914833 0.604154
0.91515 0.924355
0.916297 0.211894
0.917122 0.0676594
0.917833 0.0221567
0.918169 0.667606
0.918652 0.77585
0.91889 0.78807
0.91996 0.770632
0.920059 0.431247
0.920924 0.96901
0.921065 0.332346
0.922535 0.0405461
0.923312 0.103273
0.923554 0.173079
0.925019 0.793929
0.926734 0.61386
0.92678 0.387278
0.926909 0.55634
0.927551 0.345898
0.929789 0.960924
0.93014 0.870521
0.931876 0.0379125
0.932756 0.835315
0.933506 0.443275
0.933791 0.229436
0.934724 0.914169
0.935606 0.725565
0.935809 0.145164
0.935924 0.083067
0.937089 0.652903
0.937556 0.498416
0.938031 0.486768
0.938808 0.54922
0.939106 0.546819
0.942393 0.798153
0.944775 0.831448
0.944911 0.126046
0.945843 0.782744
0.945986 0.183076
0.946148 0.914745
0.947598 0.284775
0.948719 0.124873
0.949074 0.0792063
0.949418 0.868755
0.950169 0.484588
0.951535 0.455882
0.951564 0.928916
0.953179 0.0778708
0.953381 0.47644
0.954141 0.249725
0.954881 0.688651
0.955757 0.400268
0.956271 0.0476393
0.957577 0.997021
0.958069 0.266808
0.958902 0.273325
0.959176 0.879331
0.959845 0.109052
0.960114 0.640144
0.960248 0.891877
0.964437 0.285552
0.965064 0.822999
0.96605 0.401636
0.966988 0.170737
0.967086 0.806355
0.967094 0.944349
0.968094 0.755633
0.968414 0.131926
0.968836 0.221317
0.96942 0.0337922
0.969709 0.900667
0.970218 0.453425
0.971259 0.955895
0.972509 0.962832
0.974566 0.525355
0.974577 0.708734
0.975854 0.173702
0.977449 0.985012
0.978812 0.884648
0.978937 0.998941
0.980989 0.487708
0.981409 0.535627
0.98146 0.406029
0.981687 0.217839
0.981977 0.0905991
0.9856 0.980065
0.985864 0.417397
0.988224 0.0856159
0.989186 0.246466
0.990265 0.387301
0.990577 0.623745
0.990981 0.420852
0.992154 0.130421
0.99281 0.158432
0.993378 0.707973
0.994389 0.68973
0.995772 0.939119
0.996684 0.260723
0.996693 0.419262
0.997463 0.360398
0.997572 0.188928
0.997948 0.513746
0.998384 0.840652
0.998438 0.751665
0.999205 0.63102
0.99964 0.950733
0.999891 0.161625
0.999908 0.455583
