0.000279296 0.694139
0.00288403 0.471984
0.00674207 0.313978
0.00817873 0.459908
0.0121375 0.994964
0.012159 0.355752
0.0124777 0.71345
0.0134839 0.623549
0.0140118 0.495514
0.014819 0.0635891
0.0149384 0.0703485
0.0149611 0.450687
0.0189632 0.713705
0.0196725 0.63505
0.0203557 0.117531
0.022785 0.947926
0.0239841 0.101445
0.0241018 0.0789263
0.0275935 0.764267
0.0302152 0.826202
0.030538 0.252271
0.0307723 0.190171
0.0309151 0.590792
0.0339142 0.996046
0.0357922 0.559903
0.0378365 0.918619
0.0381064 0.453812
0.0391431 0.877752
0.0402941 0.223144
0.043018 0.00334187
0.0432647 0.149056
0.0470817 0.301625
0.0471008 0.622529
0.0500306 0.864965
0.0514509 0.734624
0.0542652 0.0350082
0.0549693 0.869019
0.0550566 0.336079
0.0558091 0.983273
0.0558347 0.414349
0.0610063 0.333091
0.0632185 0.512735
0.0647407 0.0968467
0.0651126 0.347416
0.0689772 0.299706
0.0724482 0.637103
0.0736959 0.606811
0.0737782 0.989824
0.0746539 0.708329
0.0754908 0.773277
0.0812835 0.131636
0.0823482 0.0261828
0.08239 0.728779
0.0830057 0.0764214
0.0847056 0.647655
0.0847479 0.358399
0.0901651 0.40407
0.0902986 0.647961
0.0904154 0.61137
0.0908881 0.555737
0.0911252 0.541042
0.0917995 0.874032
0.0925642 0.726488
0.0927457 0.776283
0.0933236 0.490271
0.096323 0.900189
0.0975302 0.189691
0.0976348 0.948628
0.0983941 0.710048
0.0996664 0.0931914
0.100422 0.785621
0.101093 0.0779296
0.101513 0.126483
0.106584 0.349117
0.109311 0.184976
0.11172 0.678979
0.11208 0.729052
0.114037 0.612935
0.120528 0.707929
0.121982 0.15249
0.122176 0.41697
0.123159 0.929067
0.125345 0.666397
0.125562 0.320709
0.126084 0.0880032
0.126905 0.884577
0.127829 0.427809
0.128486 0.464148
0.131336 0.371616
0.131601 0.823795
0.132726 0.719405
0.132998 0.298614
0.134075 0.399433
0.134897 0.20975
0.135103 0.681583
0.136619 0.158708
0.136834 0.769004
0.138778 0.43587
0.139609 0.403208
0.142826 0.479741
0.143052 0.282511
0.144507 0.731713
0.14607 0.997971
0.148721 0.550118
0.149045 0.00304687
0.149419 0.281337
0.149449 0.79639
0.150255 0.32765
0.150999 0.842414
0.152254 0.935598
0.153029 0.954075
0.15361 0.716829
0.15418 0.306354
0.154298 0.284547
0.155187 0.235941
0.158956 0.577307
0.160978 0.565123
0.162825 0.60592
0.164785 0.536097
0.165415 0.130426
0.165699 0.89519
0.166698 0.693834
0.166821 0.755581
0.166839 0.0634551
0.167195 0.0504162
0.16733 0.317982
0.168063 0.628164
0.170115 0.118699
0.172426 0.970158
0.172615 0.139157
0.174312 0.667282
0.175527 0.0847456
0.176131 0.227814
0.178073 0.86901
0.178501 0.0616231
0.179303 0.540854
0.180134 0.51428
0.181159 0.736308
0.189756 0.226737
0.189788 0.767422
0.19068 0.755764
0.190944 0.199733
0.191869 0.734027
0.192447 0.449541
0.196235 0.118526
0.197655 0.990416
0.200946 0.306936
0.200991 0.052194
0.204998 0.399753
0.205385 0.907958
0.206076 0.512789
0.206431 0.48848
0.208748 0.427751
0.21098 0.938991
0.211829 0.213873
0.21259 0.000180748
0.219553 0.0329909
0.2198 0.179143
0.222079 0.476604
0.224367 0.93795
0.225368 0.764214
0.226875 0.0873
0.227677 0.562954
0.228231 0.883307
0.229356 0.780662
0.23046 0.333329
0.232656 0.249499
0.235488 0.843951
0.235724 0.808038
0.238821 0.872068
0.239465 0.680542
0.239588 0.750883
0.240405 0.482592
0.241706 0.347182
0.245728 0.956056
0.247965 0.54887
0.251066 0.661157
0.253828 0.08588
0.256617 0.956088
0.256955 0.650484
0.257011 0.583849
0.258515 0.860408
0.261048 0.436655
0.264424 0.175413
0.265628 0.403839
0.267077 0.770692
0.268036 0.873861
0.271192 0.919247
0.271804 0.209208
0.27347 0.214235
0.274308 0.29349
0.2749 0.243983
0.278258 0.686458
0.279354 0.106617
0.27953 0.0601947
0.280779 0.0557842
0.281903 0.936454
0.285079 0.315384
0.285166 0.790161
0.288195 0.687216
0.290073 0.262648
0.290231 0.918746
0.290673 0.335021
0.291575 0.492765
0.292676 0.00104069
0.294144 0.670758
0.294267 0.750616
0.295979 0.522979
0.296661 0.986943
0.297213 0.260823
0.299072 0.501756
0.29918 0.322553
0.302393 0.315031
0.303092 0.0603369
0.307075 0.00659087
0.307704 0.573309
0.314889 0.332895
0.315264 0.63907
0.316739 0.435168
0.318027 0.0817706
0.318503 0.0818618
0.320018 0.542716
0.320495 0.558648
0.322872 0.510682
0.323358 0.677929
0.327659 0.961344
0.327709 0.811483
0.328764 0.532214
0.330192 0.529169
0.337429 0.173652
0.338111 0.631042
0.341267 0.671059
0.341857 0.598338
0.34215 0.519732
0.343033 0.354442
0.344817 0.341434
0.345754 0.0866493
0.346673 0.538704
0.347489 0.248844
0.347521 0.78099
0.355261 0.877443
0.355375 0.78267
0.357893 0.103653
0.360228 0.35525
0.360342 0.262912
0.361373 0.590165
0.365254 0.826334
0.365588 0.438255
0.365884 0.41736
0.36739 0.726993
0.368441 0.380911
0.368452 0.579137
0.371819 0.165657
0.374314 0.0877763
0.37575 0.229058
0.379429 0.0696934
0.379767 0.751348
0.379864 0.370326
0.382974 0.641363
0.384999 0.673868
0.385222 0.425963
0.38668 0.922217
0.389465 0.735996
0.390804 0.244165
0.392261 0.738173
0.397308 0.559635
0.398871 0.819757
0.400121 0.836384
0.403098 0.869815
0.404175 0.961391
0.40624 0.677091
0.40687 0.267045
0.409109 0.895375
0.414156 0.727904
0.415043 0.625014
0.416774 0.712905
0.41898 0.80311
0.424846 0.388033
0.42696 0.910553
0.427783 0.7504
0.429399 0.912597
0.432099 0.281613
0.435572 0.655136
0.43588 0.839636
0.43707 0.83169
0.438129 0.639967
0.439278 0.944802
0.439464 0.0721098
0.439932 0.941665
0.441094 0.473144
0.441097 0.517121
0.441407 0.730766
0.442181 0.7279
0.444593 0.276624
0.445592 0.0654387
0.447242 0.801058
0.448831 0.506462
0.449003 0.387004
0.449093 0.911025
0.450925 0.694295
0.451585 0.785552
0.452419 0.803628
0.454002 0.417447
0.458884 0.460133
0.459503 0.864986
0.460245 0.336
0.46131 0.232958
0.461671 0.311323
0.461937 0.775328
0.4629 0.959696
0.463639 0.377765
0.46373 0.908571
0.464439 0.832749
0.464518 0.160164
0.464707 0.327816
0.465013 0.477896
0.468827 0.575579
0.469376 0.797491
0.469721 0.605682
0.472112 0.785683
0.472739 0.330917
0.472961 0.0552596
0.473755 0.395924
0.478117 0.711677
0.479404 0.339136
0.479444 0.0227458
0.481478 0.19935
0.484643 0.387504
0.484679 0.99854
0.488098 0.456018
0.489345 0.416514
0.490127 0.568845
0.490816 0.146596
0.497378 0.43324
0.49962 0.120926
0.500378 0.861543
0.500609 0.731675
0.501994 0.00816562
0.503354 0.873146
0.504397 0.401372
0.509376 0.0826106
0.509396 0.415067
0.510442 0.00440927
0.513823 0.817237
0.513952 0.988131
0.515874 0.287776
0.517851 0.521803
0.518885 0.898268
0.520505 0.122356
0.520576 0.327179
0.521201 0.82857
0.522955 0.30299
0.524843 0.0440276
0.525203 0.0807723
0.529486 0.0683586
0.537755 0.0413149
0.53867 0.423144
0.540207 0.260892
0.540779 0.864176
0.540865 0.31621
0.54237 0.610785
0.548628 0.784087
0.54915 0.562009
0.549562 0.492134
0.550339 0.543372
0.550926 0.406413
0.551071 0.854869
0.555184 0.983052
0.555962 0.0553113
0.562344 0.323286
0.563247 0.495383
0.564476 0.148679
0.566146 0.212208
0.566211 0.306256
0.567356 0.553724
0.568373 0.636982
0.569852 0.504738
0.570954 0.0261383
0.571071 0.990299
0.571211 0.346388
0.571985 0.352992
0.572471 0.523322
0.573125 0.513298
0.573562 0.859019
0.574301 0.279193
0.574714 0.213958
0.574859 0.657312
0.575198 0.354987
0.576491 0.081614
0.578921 0.917425
0.580739 0.487098
0.582756 0.384998
0.585894 0.116468
0.58633 0.44778
0.589076 0.604849
0.589901 0.47028
0.590531 0.0617521
0.591097 0.564381
0.593767 0.434443
0.59463 0.943154
0.594754 0.0252892
0.595341 0.89539
0.596363 0.0720005
0.596676 0.328112
0.596723 0.124656
0.596912 0.292669
0.597179 0.795829
0.598974 0.954007
0.600689 0.779315
0.601368 0.198505
0.603079 0.95401
0.604029 0.913346
0.604922 0.926232
0.607869 0.461765
0.60828 0.360639
0.609776 0.504611
0.611094 0.656711
0.613451 0.274951
0.613545 0.847456
0.614484 0.633618
0.614888 0.420121
0.617001 0.929697
0.617111 0.786331
0.621023 0.529547
0.622171 0.831745
0.630845 0.611592
0.631101 0.911931
0.635882 0.26654
0.636304 0.358984
0.636672 0.541589
0.639118 0.661607
0.639691 0.288878
0.639831 0.647175
0.646298 0.329883
0.646814 0.994425
0.647745 0.64822
0.648548 0.138885
0.649003 0.79928
0.650548 0.75181
0.650657 0.591038
0.65328 0.680443
0.654621 0.218
0.654788 0.0143146
0.655296 0.561305
0.662703 0.05439
0.662784 0.406896
0.663316 0.358283
0.664132 0.059602
0.666644 0.285854
0.668232 0.967512
0.668286 0.878251
0.670107 0.482665
0.67103 0.00301283
0.671157 0.130173
0.671376 0.809177
0.671638 0.217896
0.674375 0.213961
0.676712 0.503305
0.679193 0.19954
0.679419 0.00277184
0.680009 0.914681
0.680331 0.321661
0.681437 0.91778
0.681816 0.279851
0.681922 0.0689353
0.682243 0.457171
0.68253 0.283568
0.687333 0.998253
0.688564 0.690547
0.689865 0.563824
0.6913 0.683748
0.691576 0.320699
0.691745 0.15217
0.693782 0.392277
0.698251 0.507586
0.6989 0.420315
0.698968 0.550631
0.69981 0.714168
0.699915 0.471078
0.700476 0.898848
0.701012 0.908274
0.702749 0.101751
0.704046 0.897555
0.705824 0.788502
0.707626 0.0734206
0.70899 0.00178679
0.712142 0.966326
0.712462 0.351017
0.712952 0.57945
0.713433 0.672112
0.716403 0.579686
0.720517 0.723217
0.728992 0.163513
0.729024 0.697773
0.73035 0.986959
0.731136 0.204233
0.731913 0.269402
0.73427 0.88401
0.73701 0.918636
0.740885 0.0532652
0.741229 0.83851
0.742416 0.77804
0.743817 0.328266
0.74458 0.158393
0.744583 0.211706
0.74464 0.165177
0.746707 0.899528
0.747319 0.192291
0.747805 0.358051
0.749811 0.0811246
0.75039 0.800693
0.751832 0.0437558
0.752086 0.308188
0.752339 0.557906
0.753623 0.148355
0.755199 0.636741
0.755743 0.768501
0.756546 0.262829
0.758709 0.626081
0.759829 0.43773
0.761485 0.285995
0.761845 0.327028
0.762806 0.477892
0.764085 0.969822
0.766584 0.98441
0.766875 0.875335
0.768497 0.130133
0.768497 0.132247
0.77062 0.805534
0.772826 0.888132
0.775179 0.435856
0.775573 0.0574024
0.77583 0.381244
0.778193 0.0847992
0.778592 0.793547
0.779047 0.435598
0.7804 0.181398
0.781328 0.775658
0.784257 0.00814606
0.784285 0.478816
0.784802 0.174249
0.786866 0.849894
0.790856 0.912244
0.79175 0.937456
0.791754 0.00549871
0.792544 0.291465
0.795609 0.79389
0.795798 0.977265
0.796606 0.549504
0.796923 0.879403
0.796996 0.113762
0.799412 0.720746
0.806002 0.483265
0.806924 0.975641
0.807879 0.0283069
0.809939 0.637341
0.812704 0.122304
0.813902 0.257416
0.814359 0.933996
0.816531 0.4444
0.816688 0.0757271
0.818262 0.534529
0.818865 0.672237
0.820485 0.883403
0.820751 0.357567
0.822017 0.643507
0.82202 0.693094
0.827243 0.480234
0.828488 0.40026
0.829105 0.775294
0.829134 0.261515
0.82936 0.0466212
0.831257 0.943967
0.833313 0.486775
0.8334 0.961271
0.834857 0.439172
0.835075 0.113222
0.835503 0.290738
0.837582 0.243225
0.838322 0.685642
0.838637 0.973176
0.841327 0.17517
0.843545 0.45788
0.84364 0.0521271
0.844575 0.777893
0.845862 0.405447
0.847418 0.554309
0.848102 0.0464166
0.84951 0.716543
0.85093 0.575394
0.85134 0.468774
0.852211 0.115659
0.85299 0.208424
0.853754 0.0352872
0.853857 0.782399
0.857014 0.829138
0.857528 0.4764
0.85869 0.00377822
0.862489 0.847879
0.862543 0.760425
0.865386 0.542484
0.86726 0.0422581
0.867499 0.060097
0.86778 0.780705
0.8694 0.0108034
0.869459 0.996793
0.869478 0.323442
0.871905 0.107544
0.874207 0.794775
0.875183 0.203
0.879166 0.141318
0.880266 0.624377
0.882107 0.569341
0.882972 0.111744
0.884175 0.326372
0.884929 0.996082
0.886402 0.754535
0.888436 0.95011
0.892761 0.629226
0.893393 0.260832
0.897588 0.756799
0.897851 0.182344
0.8982 0.0534127
0.899051 0.345341
0.902044 0.652672
0.90226 0.291996
0.902304 0.0293964
0.902446 0.417738
0.904602 0.651057
0.904723 0.680169
0.90561 0.588745
0.905961 0.48593
0.908953 0.770837
0.909833 0.563309
0.910061 0.400711
0.910896 0.426856
0.912208 0.480446
0.913788 0.0292824
0.914979 0.0452531
0.920328 0.950709
0.921293 0.17075
0.921708 0.142824
0.923417 0.868479
0.923653 0.834312
0.925181 0.520714
0.925769 0.401169
0.926828 0.204249
0.928763 0.715284
0.929278 0.383325
0.929621 0.136653
0.930383 0.954751
0.931072 0.527846
0.93271 0.0590487
0.934827 0.630327
0.939032 0.316342
0.939554 0.0896467
0.944099 0.476271
0.948261 0.424344
0.948686 0.570923
0.949713 0.823418
0.950683 0.132961
0.951152 0.00748619
0.951233 0.368805
0.952256 0.574264
0.952976 0.662028
0.95463 0.466864
0.964037 0.571247
0.965319 0.12344
0.965954 0.792339
0.966086 0.0114514
0.968631 0.783405
0.96975 0.587298
0.971283 0.355736
0.97143 0.82519
0.971983 0.122299
0.972155 0.00586171
0.972585 0.24062
0.973048 0.0103499
0.976355 0.597858
0.976502 0.0694798
0.976865 0.162003
0.977232 0.341743
0.977674 0.770737
0.98026 0.232209
0.980717 0.918971
0.981213 0.247801
0.983085 0.710948
0.98385 0.566441
0.984829 0.0199105
0.989859 0.564546
0.990284 0.695261
0.992185 0.651023
0.992429 0.752056
0.992559 0.946977
0.994439 0.540527
0.998421 0.46709
0.998852 0.712696
0.998927 0.969157
0.999211 0.745613
0.999509 0.741239
