0.00228454 0.396262
0.00303775 0.055492
0.00405919 0.222883
0.00609427 0.426363
0.007051 0.506109
0.0119407 0.687048
0.0135725 0.112579
0.0150954 0.707608
0.0231413 0.935537
0.023434 0.855537
0.0249512 0.354059
0.0276646 0.959291
0.0298756 0.120004
0.0310128 0.231677
0.0326871 0.371849
0.0358741 0.935427
0.0370758 0.132859
0.0425241 0.703258
0.0481595 0.416484
0.051018 0.459951
0.0518572 0.563499
0.0522048 0.405719
0.0579432 0.851359
0.0603189 0.780063
0.0691134 0.588857
0.0902561 0.935096
0.106156 0.161779
0.108925 0.709446
0.110223 0.514055
0.110504 0.243789
0.112243 0.462951
0.115626 0.334054
0.124064 0.15123
0.1245 0.467759
0.130345 0.716602
0.130925 0.461676
0.136385 0.22116
0.137187 0.705415
0.143035 0.988373
0.144976 0.604954
0.152502 0.0983033
0.155608 0.310447
0.156631 0.502272
0.156873 0.563735
0.160097 0.749423
0.161376 0.245164
0.162616 0.094823
0.165823 0.98375
0.167468 0.629758
0.168113 0.477575
0.1697 0.150468
0.173489 0.825581
0.182236 0.843756
0.183202 0.0684843
0.185908 0.555906
0.186754 0.777209
0.187612 0.19796
0.189113 0.423068
0.189152 0.0775012
0.193119 0.742953
0.195312 0.615663
0.195708 0.259319
0.198323 0.20918
0.201751 0.824085
0.203367 0.983246
0.204242 0.692883
0.209438 0.0259604
0.210816 0.182606
0.217155 0.731126
0.217592 0.0743577
0.224867 0.341099
0.225906 0.794138
0.226061 0.409264
0.227775 0.209332
0.234724 0.00976984
0.238567 0.590331
0.23911 0.72635
0.239968 0.143704
0.24117 0.341958
0.245235 0.667696
0.247589 0.224115
0.249938 0.708649
0.251301 0.608151
0.252353 0.295566
0.256791 0.893794
0.257411 0.299656
0.259311 0.247216
0.259407 0.861546
0.269052 0.964758
0.276066 0.836703
0.276291 0.627491
0.283632 0.00526417
0.287109 0.432844
0.287172 0.499421
0.288598 0.460125
0.289956 0.285559
0.293726 0.646827
0.294861 0.735913
0.29528 0.769439
0.295739 0.490646
0.299274 0.897343
0.29964 0.0436182
0.303342 0.265445
0.304129 0.500548
0.305252 0.37019
0.315836 0.263963
0.31772 0.926839
0.318973 0.972462
0.322421 0.921303
0.323325 0.119267
0.327474 0.854651
0.332238 0.922126
0.334887 0.446325
0.335213 0.926834
0.336174 0.0704344
0.336575 0.816037
0.341739 0.605956
0.348816 0.551022
0.349311 0.868747
0.35623 0.16281
0.361821 0.12555
0.363346 0.755813
0.372783 0.35847
0.37317 0.875566
0.375272 0.188864
0.375354 0.574742
0.375889 0.569134
0.381139 0.796515
0.384261 0.271327
0.384359 0.919748
0.385069 0.851463
0.39393 0.783591
0.395636 0.451684
0.399528 0.86753
0.400721 0.915613
0.405816 0.54636
0.408224 0.0229882
0.409851 0.362367
0.410396 0.523875
0.413009 0.440897
0.415489 0.128021
0.416818 0.467805
0.417177 0.49994
0.418683 0.807711
0.420064 0.0174505
0.437554 0.961957
0.437737 0.0412652
0.438488 0.674692
0.440436 0.405562
0.443469 0.382846
0.443706 0.369653
0.445788 0.352694
0.445971 0.438889
0.446135 0.187354
0.447333 0.318591
0.450765 0.00948268
0.47 0.295141
0.470632 0.918232
0.471099 0.758579
0.473017 0.988085
0.473785 0.896389
0.473824 0.558758
0.474968 0.785142
0.476599 0.192375
0.484695 0.271148
0.484838 0.678093
0.490496 0.762946
0.49477 0.59813
0.498338 0.570416
0.500257 0.818031
0.504905 0.932076
0.510793 0.893909
0.511718 0.444231
0.513706 0.857162
0.515148 0.0946369
0.515441 0.00975332
0.518736 0.399058
0.533769 0.0536516
0.536558 0.934613
0.543125 0.294129
0.544246 0.14617
0.544478 0.0483503
0.545639 0.546943
0.549334 0.660711
0.551858 0.0801259
0.555905 0.0987646
0.556496 0.0221078
0.556877 0.430355
0.558869 0.90779
0.562283 0.293539
0.5627 0.301896
0.563211 0.893512
0.5638 0.79419
0.565591 0.893655
0.566078 0.0725005
0.570651 0.934882
0.574157 0.858418
0.577863 0.134646
0.578432 0.699698
0.579224 0.0190363
0.580371 0.287573
0.581007 0.980366
0.585253 0.346405
0.593061 0.578198
0.594983 0.885372
0.606888 0.965336
0.608373 0.918838
0.612187 0.0275398
0.613021 0.046602
0.614581 0.260486
0.618663 0.870242
0.623018 0.0634885
0.625103 0.108452
0.626539 0.234902
0.628454 0.428429
0.636988 0.860898
0.645332 0.0921465
0.646546 0.491007
0.650631 0.163022
0.654783 0.942656
0.654895 0.824554
0.659455 0.462318
0.659933 0.490663
0.664679 0.257362
0.669914 0.239551
0.671029 0.990585
0.671077 0.783474
0.671115 0.42605
0.676157 0.166103
0.676177 0.509641
0.676479 0.584079
0.677231 0.228103
0.679107 0.749141
0.680245 0.878134
0.684633 0.619524
0.685348 0.638995
0.685679 0.205289
0.687015 0.669575
0.68836 0.259052
0.690233 0.738251
0.693638 0.979055
0.699243 0.170145
0.699807 0.652331
0.700873 0.566202
0.701274 0.303845
0.706264 0.175953
0.706774 0.755634
0.711887 0.68351
0.714628 0.748424
0.721271 0.405215
0.722798 0.0701646
0.723066 0.568096
0.723172 0.350223
0.724448 0.800572
0.724877 0.0145042
0.728191 0.701156
0.729073 0.536352
0.729827 0.210218
0.730093 0.666295
0.730108 0.931632
0.734897 0.413036
0.736774 0.956403
0.738062 0.606277
0.748026 0.0782841
0.748831 0.608856
0.753747 0.219979
0.754487 0.662239
0.754664 0.640337
0.754883 0.318457
0.759809 0.109446
0.761208 0.621604
0.764273 0.136113
0.766682 0.619729
0.766701 0.945964
0.767443 0.410459
0.767924 0.505953
0.771894 0.224922
0.771973 0.548048
0.772424 0.121523
0.77675 0.832376
0.778704 0.674834
0.785762 0.298346
0.788027 0.366166
0.789276 0.369465
0.79056 0.945239
0.792816 0.854371
0.793031 0.473918
0.799391 0.367894
0.805423 0.753053
0.806982 0.939067
0.808731 0.341868
0.810965 0.891198
0.813977 0.506622
0.819373 0.200522
0.82067 0.996334
0.822929 0.962826
0.831581 0.38925
0.84061 0.135217
0.847846 0.750906
0.847981 0.0155285
0.85542 0.0522022
0.855929 0.60507
0.860721 0.136915
0.864626 0.772314
0.876797 0.329142
0.881848 0.214717
0.882045 0.532785
0.884802 0.865971
0.887162 0.529909
0.887815 0.512981
0.891222 0.764939
0.893871 0.296604
0.898083 0.0871627
0.902644 0.737222
0.902839 0.0146396
0.905983 0.857635
0.907435 0.256936
0.910644 0.187633
0.913388 0.305304
0.915514 0.0479961
0.921004 0.305879
0.922917 0.466175
0.923612 0.152369
0.923993 0.547984
0.936035 0.943231
0.937106 0.948247
0.93864 0.728135
0.939159 0.446257
0.942484 0.329249
0.94296 0.325904
0.943052 0.871933
0.954362 0.959611
0.956505 0.979498
0.965622 0.208233
0.966643 0.374348
0.967084 0.777953
0.967574 0.0242849
0.968748 0.751783
0.969111 0.847359
0.969319 0.347828
0.969599 0.042679
0.971271 0.159779
0.975036 0.433541
0.983599 0.348912
0.984388 0.616275
0.9879 0.637195
0.995587 0.838929
0.996704 0.606539
0.998332 0.958456
0.999563 0.648245
