0.00337186 0.670865
0.00444323 0.6774
0.00487383 0.91449
0.00530241 0.117591
0.0101946 0.340605
0.01115 0.397356
0.0124622 0.452847
0.0149196 0.75432
0.0174776 0.746077
0.0188804 0.323444
0.0243527 0.295547
0.0253489 0.0389606
0.025747 0.729238
0.0290564 0.351221
0.0300333 0.769606
0.0358449 0.444815
0.0502696 0.880346
0.0509242 0.883478
0.0528666 0.529627
0.0561624 0.921898
0.0571137 0.910091
0.0576952 0.68395
0.0578714 0.644298
0.0579234 0.518496
0.0600602 0.431614
0.0601636 0.169397
0.0643908 0.216097
0.064492 0.917542
0.0731364 0.203929
0.076694 0.99667
0.079588 0.635113
0.0887571 0.741074
0.0897278 0.054961
0.0903141 0.908908
0.0926091 0.481192
0.0957976 0.0708156
0.0959608 0.813191
0.0965429 0.595785
0.0973956 0.927964
0.0976751 0.625414
0.098038 0.725012
0.0986438 0.906884
0.0988048 0.61228
0.100983 0.220779
0.106339 0.241463
0.106503 0.00370936
0.110886 0.65587
0.114965 0.219013
0.118654 0.217499
0.120596 0.864212
0.120922 0.332199
0.123003 0.31153
0.125799 0.303978
0.129211 0.653844
0.129267 0.592883
0.129979 0.565091
0.133827 0.236493
0.1356 0.0293289
0.143559 0.79314
0.143911 0.706001
0.148251 0.651754
0.149192 0.468651
0.150792 0.358334
0.15126 0.22126
0.151983 0.377388
0.154678 0.677783
0.158849 0.776678
0.160143 0.523255
0.160793 0.453781
0.16662 0.383277
0.166943 0.805855
0.168813 0.234152
0.171426 0.158514
0.171888 0.928181
0.178579 0.369902
0.183311 0.89987
0.184147 0.956444
0.186547 0.300619
0.187575 0.572633
0.191077 0.438529
0.191631 0.738767
0.192274 0.552564
0.195499 0.757316
0.197297 0.962453
0.198566 0.294553
0.200531 0.32637
0.202376 0.331581
0.205483 0.554744
0.206728 0.479825
0.208566 0.361262
0.212922 0.578167
0.213287 0.708476
0.213513 0.520184
0.213754 0.558442
0.214553 0.992068
0.214594 0.679137
0.217601 0.216899
0.218563 0.392377
0.228549 0.227699
0.23132 0.794737
0.232914 0.591811
0.232918 0.656198
0.233598 0.0846933
0.23553 0.544638
0.239454 0.511453
0.239888 0.794109
0.240774 0.689998
0.24297 0.597708
0.245585 0.554221
0.246452 0.121356
0.247031 0.844736
0.254338 0.65379
0.255079 0.119318
0.255444 0.255371
0.255589 0.677038
0.25581 0.39184
0.259607 0.223175
0.260806 0.366645
0.264745 0.562468
0.264801 0.516056
0.268992 0.944434
0.27126 0.0653401
0.276679 0.143405
0.27746 0.266176
0.280123 0.0272559
0.280209 0.475252
0.281346 0.574402
0.283155 0.992291
0.283961 0.539846
0.286928 0.392691
0.287788 0.851806
0.287878 0.361458
0.291184 0.930151
0.291788 0.0830652
0.292241 0.691353
0.296458 0.56502
0.298367 0.650347
0.300233 0.0224972
0.301337 0.57856
0.302324 0.15467
0.302659 0.790704
0.303189 0.703593
0.305202 0.524144
0.306781 0.0615464
0.306848 0.187072
0.307852 0.0624383
0.307895 0.79706
0.308927 0.131905
0.310252 0.412076
0.310654 0.161544
0.313423 0.698709
0.319896 0.484616
0.322195 0.125201
0.32294 0.658098
0.323458 0.360887
0.327607 0.0865825
0.329204 0.924244
0.330278 0.983606
0.336168 0.977316
0.339047 0.367867
0.34323 0.660489
0.343281 0.524582
0.343553 0.0981873
0.34629 0.0939238
0.348809 0.427702
0.350297 0.445998
0.350457 0.138027
0.351847 0.49437
0.352927 0.640167
0.353208 0.369407
0.354107 0.478659
0.35424 0.717854
0.354359 0.716208
0.358125 0.0142546
0.358883 0.740048
0.363677 0.318922
0.365707 0.438769
0.36696 0.494426
0.367134 0.428681
0.369716 0.812092
0.372708 0.105594
0.373035 0.597568
0.374474 0.777715
0.376596 0.456685
0.378031 0.571716
0.378605 0.209522
0.380065 0.754323
0.38072 0.759169
0.382842 0.431791
0.385277 0.343706
0.386789 0.756913
0.387896 0.36535
0.388948 0.0469422
0.393649 0.0504458
0.394487 0.150135
0.395939 0.550101
0.396083 0.972965
0.401015 0.863748
0.401588 0.496412
0.402973 0.765296
0.410615 0.198935
0.412336 0.137342
0.413759 0.0528874
0.419965 0.347045
0.423564 0.848284
0.423941 0.176655
0.426336 0.437729
0.427828 0.506028
0.429856 0.586211
0.430096 0.623725
0.431342 0.56525
0.435448 0.57794
0.438165 0.241361
0.439215 0.883468
0.439767 0.169933
0.440099 0.749195
0.440741 0.532773
0.444101 0.999942
0.444213 0.882817
0.444915 0.682243
0.444933 0.986462
0.445586 0.964698
0.44619 0.107711
0.446321 0.316219
0.447078 0.0410657
0.450623 0.624905
0.454665 0.55113
0.461744 0.528582
0.463947 0.561192
0.464753 0.0997782
0.471559 0.490054
0.473329 0.232699
0.473749 0.299237
0.48081 0.967148
0.485207 0.880334
0.486191 0.409047
0.494297 0.649364
0.497252 0.322672
0.497302 0.161612
0.498317 0.212156
0.499134 0.952983
0.499399 0.393837
0.499525 0.5212
0.502611 0.3751
0.505374 0.823552
0.509627 0.301517
0.510087 0.0300955
0.510782 0.706765
0.512125 0.288908
0.512196 0.471136
0.514766 0.679628
0.517674 0.548644
0.522496 0.593781
0.533433 0.411332
0.539561 0.397712
0.54109 0.0970273
0.543691 0.81659
0.545308 0.992843
0.545762 0.619421
0.546705 0.476208
0.547044 0.174877
0.550713 0.836829
0.554187 0.227594
0.554454 0.709583
0.555578 0.605287
0.559127 0.239748
0.563869 0.94883
0.564371 0.376562
0.565891 0.934447
0.570027 0.449574
0.57008 0.331434
0.570152 0.536561
0.570153 0.553513
0.572432 0.872012
0.575143 0.428493
0.576809 0.430945
0.5773 0.680972
0.57749 0.867079
0.578551 0.713055
0.578887 0.358278
0.578971 0.760576
0.579165 0.0176288
0.581085 0.288942
0.581692 0.503153
0.587295 0.666138
0.588362 0.596788
0.588512 0.116362
0.591327 0.431711
0.59176 0.703488
0.596281 0.699154
0.598863 0.087989
0.600849 0.474944
0.605834 0.243861
0.607432 0.116029
0.607737 0.229786
0.610449 0.817244
0.612976 0.2961
0.616222 0.845855
0.622409 0.835864
0.627484 0.130712
0.629418 0.634117
0.630348 0.261294
0.630551 0.663777
0.630764 0.252449
0.631482 0.319395
0.631743 0.707727
0.634906 0.868567
0.635751 0.0698114
0.641405 0.099927
0.648523 0.727844
0.649604 0.901346
0.651136 0.645538
0.651175 0.304949
0.653542 0.0811248
0.653854 0.319134
0.654812 0.424088
0.663339 0.740937
0.667905 0.482495
0.668673 0.381745
0.668709 0.998948
0.672933 0.98353
0.673688 0.682597
0.674079 0.248553
0.67606 0.541098
0.677388 0.860557
0.680034 0.338322
0.680182 0.824415
0.680335 0.388655
0.680847 0.00146445
0.680873 0.438426
0.681603 0.709234
0.684538 0.0287201
0.689526 0.861767
0.689923 0.531015
0.690562 0.278804
0.698344 0.0731257
0.698571 0.890093
0.701246 0.844312
0.70126 0.0745089
0.703889 0.260695
0.704317 0.457018
0.705404 0.719663
0.706884 0.604567
0.709362 0.245414
0.710146 0.430655
0.711348 0.620825
0.713347 0.225791
0.714961 0.357324
0.718472 0.353701
0.727126 0.79854
0.727274 0.299433
0.727614 0.013473
0.729545 0.459831
0.731801 0.379052
0.7327 0.486496
0.733236 0.496745
0.737329 0.289521
0.737831 0.719068
0.738302 0.637069
0.738873 0.236752
0.739575 0.0387215
0.743837 0.671069
0.753104 0.418462
0.753957 0.753115
0.756563 0.548961
0.757411 0.813568
0.75929 0.389649
0.760244 0.413874
0.760376 0.639138
0.762343 0.697878
0.762535 0.927555
0.764316 0.850926
0.765096 0.975928
0.769052 0.451738
0.778235 0.789243
0.778849 0.109853
0.779729 0.908938
0.780852 0.781288
0.784374 0.967149
0.785219 0.174827
0.785841 0.625784
0.78648 0.368173
0.792618 0.531522
0.792857 0.544814
0.797596 0.195268
0.800821 0.391475
0.802996 0.94807
0.804282 0.569417
0.804573 0.458589
0.807862 0.730592
0.810512 0.269661
0.810767 0.55369
0.814852 0.218818
0.81524 0.737182
0.816126 0.630747
0.817008 0.452498
0.818904 0.317803
0.821021 0.904562
0.822096 0.961178
0.829146 0.463396
0.830699 0.551675
0.831971 0.940868
0.834879 0.806127
0.834897 0.109595
0.835393 0.442635
0.837492 0.733378
0.839618 0.459016
0.842775 0.525423
0.845663 0.0611999
0.846799 0.143673
0.850788 0.195794
0.851215 0.372997
0.85264 0.322384
0.852997 0.314925
0.858907 0.653559
0.859089 0.712135
0.8594 0.942584
0.863286 0.249863
0.864734 0.576449
0.865826 0.939819
0.87109 0.416517
0.87157 0.483844
0.872256 0.00245187
0.874498 0.68606
0.875242 0.192942
0.875912 0.457952
0.876031 0.447947
0.876982 0.438582
0.878112 0.429282
0.879389 0.886988
0.879693 0.993999
0.880216 0.793334
0.887338 0.493105
0.890075 0.483559
0.893349 0.522994
0.895252 0.493634
0.895558 0.645427
0.897054 0.780751
0.897066 0.991578
0.904049 0.354505
0.904674 0.864223
0.906323 0.569703
0.90862 0.169982
0.909642 0.359961
0.91393 0.4288
0.917501 0.433119
0.925516 0.142395
0.927409 0.956711
0.930406 0.341202
0.931697 0.0290179
0.932698 0.856455
0.936621 0.796324
0.9423 0.234295
0.943086 0.439227
0.94366 0.0903773
0.945119 0.61339
0.945663 0.751443
0.945893 0.619626
0.946209 0.93413
0.949257 0.166967
0.950452 0.248312
0.951194 0.723552
0.952916 0.651691
0.953177 0.0516603
0.953424 0.189986
0.956706 0.356944
0.957306 0.443576
0.959604 0.0699566
0.961652 0.487707
0.961866 0.0757762
0.964058 0.927981
0.965219 0.434408
0.968782 0.321488
0.969648 0.87182
0.970902 0.950518
0.971329 0.132057
0.971549 0.818723
0.972365 0.543271
0.972919 0.852862
0.973393 0.815528
0.974174 0.946524
0.974305 0.150453
0.975245 0.934792
0.975973 0.1701
0.979323 0.47606
0.980374 0.15179
0.983817 0.0127405
0.985032 0.431675
0.986205 0.139624
0.987322 0.924006
0.988081 0.668802
0.990772 0.912135
0.991582 0.518395
0.993035 0.939641
0.993586 0.207111
0.9937 0.122192
0.994077 0.455048
0.995813 0.628152
0.99764 0.334779
0.999204 0.625502
