0.00417041 0.0920474
0.00557861 0.759724
0.00708805 0.128876
0.00877813 0.533956
0.00889893 0.564366
0.00892743 0.0432383
0.0116274 0.42185
0.0133322 0.0739608
0.0161392 0.251135
0.0161492 0.420223
0.0163986 0.610704
0.0179425 0.559509
0.0186151 0.863517
0.0199657 0.564113
0.0205549 0.466943
0.0208692 0.748607
0.0219371 0.696069
0.0222387 0.766053
0.0227312 0.0427597
0.0268721 0.639249
0.0298672 0.977987
0.030927 0.789848
0.0314899 0.250551
0.0345604 0.856949
0.0350116 0.440772
0.0360881 0.533357
0.0377882 0.106203
0.0391884 0.639751
0.0398755 0.187112
0.040689 0.859756
0.0414259 0.244782
0.0421074 0.699417
0.0421972 0.208873
0.0428273 0.798913
0.0429527 0.905623
0.044827 0.407479
0.0461663 0.917221
0.0467656 0.989969
0.0479285 0.534769
0.0489023 0.901711
0.049195 0.821132
0.0505961 0.367883
0.0520693 0.129506
0.0527205 0.0741666
0.0530276 0.234241
0.0531357 0.0515469
0.0550192 0.70853
0.0559019 0.542481
0.056905 0.402789
0.0575232 0.793156
0.0575312 0.926979
0.0578224 0.821253
0.0581694 0.652321
0.0587233 0.96185
0.0587639 0.645178
0.0594933 0.903159
0.0605436 0.555957
0.0634824 0.948706
0.0639686 0.120132
0.0647252 0.83626
0.0650249 0.873789
0.0650955 0.0606105
0.0651766 0.422923
0.0652361 0.423673
0.0655023 0.896568
0.0688517 0.190555
0.0693229 0.10933
0.0697052 0.535405
0.0702803 0.200963
0.0709977 0.257696
0.0725969 0.135522
0.0739839 0.44778
0.0769842 0.873554
0.0772519 0.372809
0.0776447 0.974156
0.0801627 0.295201
0.0806 0.644999
0.0836621 0.108315
0.0863595 0.444375
0.0871224 0.266871
0.0879356 0.933207
0.0889604 0.158216
0.0910642 0.515592
0.0914313 0.685831
0.0930247 0.466446
0.093034 0.622425
0.0933244 0.503787
0.0937513 0.677484
0.0969818 0.972404
0.0980303 0.59457
0.0980484 0.899329
0.0982324 0.99267
0.0991938 0.150757
0.100174 0.618995
0.102883 0.158666
0.103033 0.671181
0.103637 0.831374
0.104487 0.109355
0.104515 0.580675
0.105892 0.727193
0.106376 0.856709
0.110245 0.882944
0.113333 0.795572
0.113594 0.176218
0.115416 0.793451
0.116259 0.966795
0.117834 0.435372
0.118354 0.167534
0.118746 0.764623
0.12216 0.149246
0.124752 0.700995
0.124826 0.949175
0.125629 0.452519
0.126026 0.11686
0.127089 0.987889
0.128204 0.72709
0.130221 0.626906
0.132443 0.970858
0.132645 0.37237
0.133051 0.18481
0.135055 0.871538
0.135703 0.761735
0.13671 0.679919
0.136798 0.160543
0.138165 0.132729
0.13841 0.264285
0.140407 0.823083
0.141601 0.889229
0.141619 0.186145
0.141783 0.952391
0.142262 0.999871
0.143014 0.632257
0.144985 0.770834
0.147243 0.713675
0.147565 0.123082
0.150887 0.952275
0.151364 0.969334
0.151664 0.0146031
0.1522 0.0181131
0.15302 0.804223
0.155066 0.192766
0.156502 0.331261
0.157096 0.312902
0.158784 0.677019
0.161593 0.888769
0.162456 0.39514
0.162468 0.603103
0.162901 0.881837
0.163123 0.614272
0.163451 0.114715
0.166061 0.9789
0.168501 0.990993
0.171534 0.968354
0.173122 0.667105
0.174018 0.714826
0.174324 0.867418
0.175525 0.0436337
0.178424 0.778576
0.178518 0.35116
0.179368 0.641891
0.180414 0.211863
0.181063 0.13389
0.190213 0.906894
0.190798 0.734223
0.191006 0.245508
0.19129 0.0116652
0.19185 0.424604
0.191863 0.638326
0.193128 0.900568
0.194063 0.611887
0.195938 0.121969
0.196526 0.0149926
0.197485 0.131224
0.198425 0.926763
0.198827 0.678994
0.202032 0.551322
0.202524 0.820828
0.202816 0.727398
0.204117 0.595252
0.204349 0.489301
0.205597 0.467461
0.20595 0.395255
0.207111 0.919808
0.208283 0.620235
0.209142 0.0439285
0.209715 0.675974
0.210009 0.622122
0.210318 0.815975
0.211793 0.607846
0.212071 0.275462
0.213679 0.30526
0.214153 0.271401
0.214765 0.549004
0.216752 0.959368
0.216977 0.736256
0.217219 0.804567
0.218648 0.823601
0.219305 0.854688
0.220221 0.258532
0.220633 0.174217
0.222739 0.5764
0.22401 0.935313
0.224257 0.084838
0.224816 0.47933
0.228294 0.935734
0.234908 0.102798
0.237505 0.754959
0.237707 0.142705
0.238703 0.876383
0.241841 0.627747
0.243247 0.251048
0.243664 0.263506
0.244454 0.535737
0.246538 0.559209
0.250595 0.753988
0.251041 0.239167
0.254453 0.597578
0.254508 0.512262
0.254535 0.974808
0.254956 0.0461282
0.256069 0.750963
0.256525 0.416837
0.256858 0.011063
0.257647 0.267195
0.258479 0.251352
0.258674 0.541385
0.259334 0.631616
0.259972 0.349493
0.261215 0.236014
0.263183 0.31623
0.26344 0.634053
0.26548 0.915069
0.265674 0.174908
0.266437 0.999087
0.266849 0.937735
0.267073 0.696936
0.269046 0.853318
0.269116 0.0368606
0.272031 0.0292669
0.275981 0.40663
0.276738 0.141549
0.27747 0.439076
0.278522 0.125513
0.280232 0.864285
0.282349 0.439578
0.283465 0.201413
0.283494 0.680934
0.28505 0.839118
0.286205 0.249672
0.286554 0.118024
0.286942 0.641663
0.289417 0.230042
0.290402 0.780794
0.292286 0.449203
0.292464 0.443815
0.29329 0.324632
0.293794 0.800355
0.297365 0.809206
0.298306 0.634962
0.298874 0.174758
0.30053 0.0122772
0.300661 0.204318
0.301983 0.429641
0.302538 0.751653
0.302744 0.211613
0.303178 0.512089
0.303676 0.882837
0.305874 0.820866
0.306038 0.584013
0.307101 0.447051
0.310238 0.172463
0.310674 0.492991
0.311371 0.206514
0.311843 0.142406
0.312525 0.604617
0.313118 0.575646
0.313561 0.0275077
0.314521 0.150384
0.3155 0.611767
0.316279 0.696298
0.317359 0.848802
0.317617 0.181871
0.31774 0.251523
0.319144 0.857223
0.321695 0.734832
0.3221 0.541621
0.323414 0.62207
0.324631 0.0752064
0.325816 0.995288
0.327374 0.177906
0.327869 0.501938
0.328048 0.505096
0.329733 0.823843
0.334139 0.874507
0.334862 0.0203355
0.334932 0.200552
0.335076 0.616482
0.335421 0.42598
0.336905 0.359259
0.337093 0.524015
0.339042 0.275586
0.340721 0.494202
0.341138 0.504438
0.343094 0.385089
0.343878 0.551609
0.344255 0.897848
0.344364 0.731723
0.34547 0.316869
0.346932 0.893797
0.347785 0.22546
0.348571 0.426995
0.349323 0.0669181
0.349423 0.750769
0.351006 0.350164
0.351535 0.25201
0.352017 0.347958
0.352568 0.611531
0.360086 0.962729
0.361095 0.931026
0.362919 0.579643
0.363039 0.596037
0.36316 0.628185
0.364921 0.220485
0.370162 0.316727
0.371175 0.345944
0.371664 0.561934
0.376327 0.930954
0.376786 0.645187
0.379864 0.380313
0.380491 0.905574
0.380549 0.880575
0.381665 0.638809
0.384271 0.436917
0.38429 0.768873
0.385713 0.669869
0.386988 0.11261
0.387254 0.57764
0.388347 0.941307
0.389165 0.700691
0.390394 0.355888
0.391812 0.190767
0.393231 0.0417365
0.395434 0.0677807
0.39665 0.504286
0.396684 0.0750237
0.397617 0.755491
0.398752 0.826232
0.399082 0.366065
0.399311 0.2207
0.400049 0.618053
0.400362 0.888893
0.401685 0.118482
0.402383 0.852957
0.403061 0.247516
0.403754 0.886721
0.404063 0.0785383
0.404353 0.964822
0.404739 0.448085
0.40495 0.998079
0.405932 0.506498
0.406363 0.747995
0.407122 0.495108
0.40824 0.284804
0.413414 0.242106
0.41342 0.349945
0.413946 0.192388
0.417353 0.452086
0.420405 0.739974
0.420675 0.291595
0.422622 0.00677329
0.426464 0.586584
0.427585 0.420882
0.428951 0.373134
0.431312 0.0585867
0.433294 0.36817
0.433878 0.17969
0.43422 0.934693
0.434225 0.0245947
0.435458 0.747373
0.438201 0.839898
0.438414 0.430558
0.438502 0.907425
0.440548 0.29502
0.440958 0.174649
0.445143 0.522572
0.446205 0.363383
0.446363 0.0206782
0.447309 0.926521
0.447543 0.856361
0.447813 0.388541
0.449782 0.485591
0.45001 0.313139
0.450454 0.775074
0.451964 0.164724
0.454195 0.647382
0.45488 0.163399
0.456767 0.888095
0.458857 0.0115649
0.459036 0.020436
0.459167 0.221908
0.459301 0.467739
0.460314 0.490186
0.461881 0.82732
0.462336 0.483411
0.465048 0.0692644
0.466252 0.304256
0.467189 0.0490248
0.467254 0.141594
0.468101 0.371827
0.468408 0.531369
0.46844 0.0788782
0.470298 0.291918
0.472599 0.970649
0.474971 0.844865
0.474995 0.242688
0.475631 0.934971
0.477501 0.357296
0.479651 0.492606
0.480929 0.98225
0.480971 0.683814
0.481395 0.801732
0.481519 0.887828
0.482739 0.394324
0.483103 0.512572
0.485759 0.154175
0.487487 0.19132
0.488114 0.739567
0.488836 0.867215
0.488877 0.55077
0.489821 0.417865
0.490795 0.799473
0.49114 0.598093
0.491931 0.886266
0.493068 0.994683
0.494151 0.192549
0.494639 0.402317
0.495512 0.0655438
0.496815 0.969963
0.497625 0.588925
0.497657 0.120664
0.498245 0.0049774
0.501243 0.383089
0.502856 0.508964
0.504205 0.167391
0.504453 0.346532
0.5046 0.805561
0.505239 0.543848
0.506253 0.601663
0.506452 0.945237
0.506965 0.554094
0.507449 0.69549
0.507791 0.451527
0.508667 0.158268
0.508873 0.634429
0.509579 0.491605
0.509621 0.205385
0.511193 0.627161
0.512272 0.76251
0.513334 0.597655
0.513387 0.497148
0.515692 0.2288
0.517462 0.982715
0.517537 0.241728
0.518122 0.0764998
0.521938 0.218433
0.52245 0.809853
0.526465 0.290163
0.526494 0.776861
0.528035 0.676289
0.528356 0.079951
0.528447 0.614217
0.528968 0.359574
0.529502 0.341452
0.530095 0.308936
0.532008 0.450754
0.532656 0.35536
0.532787 0.555274
0.533434 0.419096
0.535863 0.248599
0.537389 0.898351
0.537653 0.333202
0.537965 0.581103
0.538411 0.0694596
0.539162 0.689621
0.539658 0.0385647
0.539783 0.138763
0.540669 0.0164719
0.541939 0.372074
0.543105 0.958315
0.543309 0.401737
0.544544 0.151657
0.544791 0.305322
0.544909 0.284267
0.545237 0.796934
0.545732 0.123041
0.546058 0.594354
0.546522 0.389144
0.547456 0.0924484
0.548835 0.2746
0.550458 0.549763
0.55066 0.939004
0.552743 0.947919
0.552926 0.0260141
0.553541 0.363184
0.554915 0.45711
0.555225 0.668642
0.555314 0.158407
0.555452 0.483418
0.556925 0.246661
0.557326 0.98093
0.558066 0.423832
0.55872 0.405786
0.558762 0.118079
0.558906 0.532248
0.559282 0.851
0.559825 0.974465
0.561754 0.402549
0.561887 0.63135
0.563185 0.453921
0.564562 0.602169
0.565328 0.46195
0.565651 0.894749
0.56707 0.737924
0.571395 0.437968
0.57175 0.399564
0.574908 0.471246
0.575923 0.54062
0.577577 0.33529
0.578548 0.663092
0.580289 0.918671
0.580802 0.541709
0.581841 0.993856
0.581982 0.364087
0.582434 0.959805
0.58259 0.583604
0.582621 0.110193
0.582796 0.047805
0.583212 0.04328
0.584955 0.340824
0.586366 0.0520146
0.587406 0.531561
0.588005 0.60006
0.589465 0.136753
0.589556 0.663818
0.59036 0.18049
0.591052 0.810921
0.592 0.747076
0.592182 0.805918
0.593202 0.953149
0.594337 0.0139972
0.594751 0.979826
0.597438 0.14034
0.599093 0.96374
0.601329 0.544353
0.602238 0.809577
0.602452 0.404549
0.603554 0.935991
0.603808 0.193285
0.60504 0.904323
0.605629 0.800869
0.609339 0.153115
0.609905 0.669283
0.61012 0.281145
0.611173 0.989002
0.613548 0.901458
0.613613 0.997423
0.617177 0.892181
0.619043 0.255386
0.621055 0.0751465
0.621338 0.835606
0.623977 0.188995
0.624713 0.547027
0.624795 0.925462
0.625283 0.137593
0.626651 0.124
0.63087 0.0249728
0.631418 0.236766
0.632215 0.632888
0.632543 0.153335
0.634114 0.55272
0.635301 0.501235
0.63612 0.276083
0.636138 0.574276
0.637329 0.579735
0.638452 0.470775
0.639196 0.96357
0.639993 0.360107
0.640171 0.359117
0.640524 0.28216
0.640872 0.127856
0.641136 0.578407
0.642209 0.602222
0.642817 0.830731
0.643923 0.419281
0.649263 0.159069
0.650552 0.826771
0.651645 0.191002
0.652023 0.554122
0.652104 0.907489
0.652951 0.145651
0.653939 0.750522
0.654341 0.511754
0.655114 0.50139
0.657295 0.161731
0.657985 0.750401
0.660825 0.485196
0.66218 0.260361
0.664031 0.369036
0.666501 0.889967
0.666814 0.145907
0.66685 0.748263
0.670304 0.792679
0.670319 0.0515756
0.673807 0.668749
0.674272 0.497756
0.674755 0.606274
0.675007 0.849723
0.676586 0.380974
0.677782 0.481415
0.680491 0.0165616
0.680919 0.203571
0.681154 0.157711
0.681733 0.884151
0.681752 0.211849
0.682411 0.280151
0.682703 0.182721
0.682844 0.553689
0.68294 0.178521
0.683261 0.57215
0.683565 0.676359
0.68366 0.266341
0.68443 0.213746
0.684681 0.439516
0.685017 0.085662
0.685187 0.930109
0.68788 0.193579
0.687995 0.136428
0.688637 0.926213
0.691375 0.932961
0.691768 0.5379
0.694194 0.318105
0.694413 0.000310273
0.694779 0.150459
0.696477 0.695051
0.696652 0.637414
0.696769 0.602044
0.696973 0.0206568
0.698271 0.833327
0.69845 0.845407
0.698464 0.0893237
0.698666 0.486367
0.703324 0.767082
0.705387 0.434462
0.705723 0.0807492
0.710645 0.806498
0.710662 0.100597
0.712491 0.84004
0.712504 0.0467653
0.712761 0.368901
0.713346 0.208056
0.71368 0.813951
0.715483 0.12782
0.716415 0.782515
0.716678 0.199224
0.716694 0.469305
0.71783 0.568033
0.718416 0.418958
0.719902 0.392331
0.720646 0.899848
0.721264 0.283718
0.722456 0.310724
0.722582 0.435395
0.724173 0.179774
0.724852 0.581049
0.726512 0.492503
0.726892 0.880127
0.727257 0.0117983
0.72872 0.589642
0.729578 0.024809
0.731326 0.394809
0.731751 0.542491
0.732493 0.00107731
0.735633 0.783137
0.736871 0.596239
0.738748 0.133556
0.738949 0.512497
0.74126 0.359159
0.741472 0.92029
0.747174 0.746566
0.747335 0.459327
0.747378 0.177114
0.747487 0.019293
0.747575 0.489406
0.747579 0.563068
0.748027 0.0950247
0.750287 0.0765356
0.753923 0.182761
0.755412 0.21725
0.756478 0.120758
0.760432 0.586371
0.761536 0.130851
0.762893 0.938911
0.76301 0.906726
0.763395 0.379853
0.763784 0.918988
0.764039 0.204481
0.764809 0.144232
0.765509 0.909355
0.765594 0.345713
0.765897 0.431992
0.766463 0.949147
0.76684 0.280061
0.767317 0.302723
0.769581 0.352042
0.770302 0.461267
0.770567 0.913187
0.774018 0.917767
0.774494 0.924738
0.776666 0.428067
0.776947 0.148447
0.777501 0.463815
0.777515 0.696368
0.778264 0.287125
0.779183 0.728575
0.77933 0.198828
0.780977 0.885963
0.781884 0.121509
0.782534 0.0474493
0.783228 0.709452
0.787676 0.471548
0.789377 0.056963
0.789458 0.419956
0.791562 0.789878
0.791647 0.214591
0.791767 0.224958
0.791833 0.338627
0.792765 0.00841897
0.798168 0.813438
0.798658 0.0482027
0.799447 0.302096
0.800306 0.736981
0.800627 0.130986
0.802345 0.0123543
0.802607 0.41075
0.803227 0.844694
0.804323 0.258012
0.805188 0.802372
0.805272 0.205507
0.806547 0.634826
0.8068 0.886454
0.806919 0.888854
0.808212 0.616569
0.808588 0.93234
0.810659 0.743772
0.812154 0.873469
0.813053 0.978142
0.814239 0.919864
0.820281 0.465119
0.826708 0.479761
0.827183 0.465655
0.829648 0.892052
0.830189 0.980102
0.831214 0.211286
0.831919 0.0554083
0.832334 0.0451465
0.833994 0.933098
0.835454 0.478565
0.835485 0.988547
0.835962 0.019145
0.836382 0.0654365
0.836718 0.728323
0.836836 0.709224
0.838767 0.158948
0.838995 0.987655
0.840121 0.911041
0.841751 0.304789
0.842599 0.559026
0.843209 0.806052
0.844543 0.227144
0.844787 0.332482
0.84709 0.047253
0.847253 0.779008
0.848246 0.477451
0.848913 0.673025
0.849332 0.728255
0.84947 0.0454705
0.850466 0.782012
0.85325 0.579193
0.85453 0.0785968
0.855755 0.672811
0.856565 0.280057
0.860699 0.763464
0.861324 0.268087
0.861662 0.946721
0.861807 0.395208
0.862473 0.581281
0.862876 0.361288
0.863353 0.381344
0.864422 0.332578
0.865183 0.125256
0.867221 0.378809
0.867891 0.641745
0.868379 0.847388
0.869295 0.248102
0.871075 0.158239
0.871993 0.587808
0.872504 0.167599
0.873631 0.119167
0.87979 0.638515
0.880403 0.92814
0.880919 0.599569
0.883718 0.642896
0.884516 0.0603297
0.884934 0.0811308
0.88509 0.701783
0.885996 0.929315
0.887235 0.752466
0.888756 0.319289
0.891775 0.0632992
0.892742 0.31787
0.89422 0.162476
0.895451 0.846302
0.895914 0.628804
0.899626 0.0125743
0.904296 0.499569
0.904834 0.544332
0.904843 0.691405
0.910769 0.302772
0.913108 0.603315
0.913151 0.323537
0.913584 0.603626
0.915563 0.864795
0.916872 0.86072
0.919441 0.0444966
0.922314 0.333007
0.922465 0.875716
0.922926 0.613804
0.923212 0.421629
0.923295 0.827057
0.924546 0.850328
0.925882 0.30354
0.929845 0.906396
0.931445 0.789912
0.932781 0.248586
0.933193 0.181685
0.933744 0.441595
0.934367 0.910553
0.93485 0.0305915
0.935463 0.3296
0.935609 0.78791
0.937145 0.592271
0.937255 0.442785
0.937923 0.667324
0.938919 0.411348
0.940387 0.0899725
0.940517 0.269311
0.940915 0.958548
0.94219 0.394003
0.942681 0.644194
0.948133 0.272836
0.948174 0.962989
0.949419 0.881927
0.950284 0.419416
0.951891 0.427535
0.952138 0.575699
0.953958 0.179103
0.954098 0.525058
0.954197 0.190212
0.956526 0.330573
0.956587 0.359318
0.959624 0.399627
0.960555 0.0441397
0.962041 0.0283679
0.962499 0.714676
0.962763 0.151163
0.964008 0.0873038
0.964231 0.824395
0.96991 0.276767
0.972949 0.346151
0.97383 0.164583
0.977101 0.132993
0.980935 0.572226
0.980939 0.636786
0.983718 0.34012
0.984045 0.843247
0.984877 0.827678
0.985105 0.655852
0.985418 0.926818
0.986224 0.459886
0.986389 0.240314
0.987189 0.681101
0.990729 0.188516
0.992056 0.490139
0.992783 0.710154
0.993804 0.856829
0.993807 0.915941
0.995135 0.230149
0.99711 0.422876
0.997776 0.617206
0.998064 0.467129
