0.0037105 0.362443
0.00854538 0.622281
0.00860458 0.617248
0.00908298 0.6577
0.0110366 0.491502
0.0116735 0.197099
0.0119315 0.532727
0.0123596 0.728299
0.0132302 0.360495
0.0154886 0.316695
0.0159311 0.753178
0.0163737 0.192439
0.0167462 0.452846
0.0176788 0.127639
0.0222626 0.167233
0.0227595 0.519331
0.0258718 0.827261
0.0284027 0.363695
0.0294738 0.365503
0.0303547 0.171804
0.0343356 0.0777678
0.0359301 0.878027
0.037538 0.901337
0.0392487 0.652952
0.0395792 0.208164
0.0424758 0.890419
0.0433147 0.990344
0.0452304 0.187009
0.0468557 0.503801
0.0491824 0.608881
0.0491847 0.648013
0.0513295 0.694148
0.0524141 0.923594
0.0527488 0.548797
0.0534606 0.512615
0.0540555 0.510231
0.0574145 0.964712
0.0576853 0.516161
0.0579578 0.0975295
0.0595978 0.660053
0.0597542 0.288375
0.0611753 0.173648
0.0636413 0.619603
0.0644027 0.415427
0.0663048 0.384619
0.0679348 0.779596
0.0681791 0.885568
0.068748 0.447607
0.0690617 0.7193
0.0705712 0.0901901
0.073058 0.885913
0.07443 0.944385
0.0815888 0.263394
0.0830182 0.287006
0.0854712 0.514714
0.0886465 0.882421
0.0903062 0.776329
0.0906218 0.0805647
0.0960115 0.664637
0.0976095 0.522256
0.0988834 0.934067
0.101848 0.766767
0.103682 0.587581
0.108555 0.490159
0.109029 0.443238
0.110168 0.591358
0.111704 0.409157
0.112763 0.210829
0.113343 0.954885
0.115464 0.598722
0.115994 0.513059
0.116985 0.173286
0.11743 0.64145
0.121836 0.693045
0.125426 0.0396038
0.132838 0.608542
0.135982 0.450012
0.13794 0.354768
0.140768 0.888973
0.140897 0.0625125
0.147521 0.390126
0.149021 0.595966
0.149147 0.714729
0.150178 0.035963
0.153084 0.882869
0.153254 0.731996
0.153915 0.855842
0.160453 0.727243
0.162882 0.552214
0.167794 0.117522
0.169493 0.668626
0.169741 0.832466
0.17147 0.895054
0.171521 0.754585
0.17317 0.476587
0.174458 0.115339
0.176099 0.697578
0.177864 0.365136
0.17829 0.522155
0.178303 0.74145
0.178965 0.863934
0.183679 0.096273
0.184718 0.561317
0.186758 0.846966
0.189804 0.036093
0.191602 0.257814
0.191648 0.024696
0.191869 0.746221
0.194831 0.517773
0.198342 0.531306
0.198537 0.802986
0.200478 0.436982
0.20063 0.993176
0.201045 0.960515
0.202994 0.715928
0.203169 0.665695
0.206025 0.656568
0.209441 0.0738969
0.211476 0.27697
0.212216 0.714346
0.21225 0.289749
0.217508 0.649716
0.217566 0.62676
0.217736 0.482453
0.218935 0.635221
0.221123 0.419462
0.224998 0.538932
0.231179 0.427738
0.231287 0.233454
0.231371 0.645933
0.234588 0.720815
0.235845 0.845665
0.238185 0.171245
0.240175 0.62913
0.240667 0.889926
0.24313 0.279406
0.243683 0.583112
0.244023 0.289803
0.24642 0.583019
0.247784 0.508686
0.254357 0.982889
0.25522 0.483007
0.263669 0.491201
0.263967 0.49726
0.267149 0.981525
0.269232 0.987771
0.272146 0.965229
0.272719 0.591053
0.274061 0.137617
0.276316 0.0491604
0.278025 0.763068
0.280276 0.601169
0.280631 0.557944
0.282164 0.323431
0.283089 0.881408
0.284665 0.360277
0.285504 0.464858
0.288391 0.979989
0.290323 0.45244
0.291238 0.844177
0.292517 0.330511
0.293687 0.00551057
0.296285 0.661523
0.297571 0.281218
0.300544 0.235877
0.307076 0.0231358
0.312604 0.930474
0.31782 0.606745
0.318135 0.891227
0.3182 0.986903
0.322282 0.585711
0.326468 0.952229
0.327868 0.477669
0.32823 0.555596
0.329626 0.0161394
0.330978 0.753112
0.331229 0.961429
0.332528 0.801444
0.332762 0.734657
0.33342 0.795516
0.333915 0.117521
0.334289 0.401227
0.338631 0.376423
0.340234 0.317744
0.343358 0.816692
0.344512 0.210177
0.347148 0.521147
0.347959 0.147083
0.348945 0.714778
0.353226 0.667999
0.353558 0.250235
0.355693 0.13388
0.356142 0.673836
0.358626 0.420863
0.365748 0.1182
0.369522 0.562302
0.370475 0.570499
0.370623 0.0691219
0.371395 0.031906
0.372043 0.928724
0.374606 0.00057616
0.3771 0.922742
0.377701 0.0291442
0.383627 0.620319
0.38434 0.604917
0.385422 0.786112
0.387658 0.370654
0.392713 0.335245
0.394264 0.397509
0.396399 0.278078
0.397063 0.431546
0.400578 0.507235
0.402236 0.372522
0.406581 0.398417
0.407807 0.0203991
0.411022 0.0485341
0.411575 0.341894
0.412196 0.783742
0.41344 0.686354
0.417636 0.213907
0.417797 0.919569
0.419284 0.899109
0.429582 0.988376
0.433585 0.264292
0.435092 0.584295
0.442731 0.973628
0.443779 0.600952
0.4443 0.353181
0.445708 0.0122559
0.446252 0.161195
0.447104 0.470553
0.447293 0.64939
0.448321 0.935006
0.450989 0.777472
0.451246 0.088268
0.456586 0.841791
0.457312 0.0510989
0.458581 0.363515
0.459433 0.682672
0.462628 0.381442
0.463402 0.394957
0.466293 0.989885
0.466727 0.278857
0.469924 0.015522
0.471208 0.600398
0.4721 0.592176
0.476714 0.131906
0.478735 0.0939503
0.479166 0.343352
0.48522 0.0867626
0.486757 0.924057
0.490255 0.717183
0.491899 0.343586
0.493962 0.0155989
0.498424 0.0135981
0.499063 0.749232
0.499421 0.770755
0.500189 0.677635
0.500305 0.622997
0.500684 0.00317014
0.506139 0.678113
0.506983 0.867211
0.510028 0.0348318
0.511037 0.998526
0.512644 0.015513
0.514546 0.975016
0.515131 0.800514
0.518547 0.2239
0.52024 0.679788
0.521288 0.289049
0.524158 0.52128
0.528782 0.244405
0.533009 0.278348
0.534209 0.447904
0.537749 0.941208
0.54317 0.0549535
0.545808 0.39823
0.547331 0.000217322
0.54832 0.615458
0.548889 0.174915
0.550442 0.282767
0.550545 0.00488096
0.551814 0.331659
0.552092 0.00272568
0.552619 0.864563
0.552948 0.404951
0.552968 0.735114
0.555589 0.780848
0.560385 0.392773
0.561284 0.506407
0.567501 0.984727
0.573045 0.174558
0.574799 0.643093
0.576943 0.679109
0.579243 0.330001
0.580532 0.994863
0.583651 0.415282
0.585451 0.67417
0.585758 0.841765
0.58647 0.799494
0.58985 0.605427
0.590277 0.791795
0.592126 0.867881
0.592972 0.0759341
0.595132 0.391782
0.595666 0.361631
0.596964 0.179482
0.599061 0.420426
0.602182 0.874208
0.603063 0.677637
0.603737 0.00987534
0.604948 0.367514
0.605527 0.0935622
0.605534 0.203703
0.60734 0.559888
0.612495 0.201811
0.614258 0.841985
0.614602 0.622299
0.615698 0.0441242
0.616182 0.164209
0.616296 0.0822645
0.619894 0.556056
0.620371 0.578022
0.626624 0.66748
0.6273 0.0263826
0.628283 0.546611
0.628923 0.308253
0.630555 0.742283
0.631482 0.311334
0.632625 0.535449
0.636225 0.0341439
0.636678 0.647605
0.638069 0.0306437
0.638155 0.477074
0.644765 0.569647
0.645235 0.456334
0.646657 0.364029
0.648288 0.777969
0.650649 0.457372
0.650741 0.00703981
0.651016 0.633113
0.651215 0.964884
0.652182 0.218508
0.652535 0.159575
0.65524 0.611442
0.657677 0.569657
0.660105 0.381152
0.663098 0.693022
0.663559 0.444391
0.664873 0.519002
0.668286 0.887423
0.670738 0.0850398
0.672247 0.461831
0.673795 0.465052
0.676122 0.577677
0.679155 0.550538
0.683535 0.179118
0.684012 0.182395
0.68519 0.981137
0.6857 0.554533
0.692098 0.0953896
0.693408 0.112532
0.696407 0.519961
0.700395 0.546741
0.702308 0.697419
0.702669 0.76521
0.703133 0.552784
0.703277 0.971657
0.703303 0.417838
0.703946 0.225757
0.704543 0.256266
0.705636 0.628739
0.705713 0.922727
0.705731 0.222751
0.711796 0.16157
0.71282 0.361778
0.713126 0.509471
0.716582 0.598309
0.7184 0.154764
0.720054 0.954685
0.725756 0.781376
0.726253 0.129913
0.726695 0.563516
0.731483 0.0269816
0.731672 0.217072
0.732951 0.712712
0.735365 0.278967
0.736114 0.874272
0.736654 0.94883
0.739466 0.202319
0.743592 0.547918
0.745268 0.723763
0.745975 0.596201
0.746571 0.618908
0.749941 0.249843
0.753314 0.949822
0.757233 0.816765
0.759925 0.0644334
0.76143 0.360683
0.762331 0.498689
0.762398 0.618494
0.764751 0.171469
0.766993 0.859069
0.769514 0.220858
0.769921 0.0699013
0.770962 0.552578
0.771781 0.325407
0.772235 0.956986
0.773828 0.721079
0.774979 0.0738901
0.776658 0.286402
0.782627 0.618272
0.784205 0.129409
0.784399 0.398405
0.788108 0.733652
0.788373 0.178161
0.791475 0.316377
0.792498 0.50594
0.792855 0.519769
0.796639 0.104042
0.80207 0.398702
0.803423 0.134085
0.805 0.635651
0.806096 0.0513325
0.807805 0.786794
0.808994 0.757724
0.809581 0.62723
0.81051 0.238379
0.818176 0.0765784
0.8187 0.887481
0.819477 0.956352
0.821651 0.483293
0.823238 0.161202
0.824947 0.88062
0.825067 0.892529
0.826132 0.798299
0.826155 0.190213
0.831668 0.849924
0.833076 0.510635
0.833209 0.750393
0.833638 0.957587
0.841396 0.342152
0.842586 0.348496
0.843465 0.120455
0.84371 0.237783
0.847029 0.0112373
0.847314 0.805945
0.847953 0.542706
0.848169 0.183017
0.850611 0.226587
0.851878 0.514624
0.852375 0.859091
0.855122 0.0323533
0.855608 0.203701
0.856168 0.61743
0.859344 0.00175232
0.862169 0.469731
0.862599 0.708386
0.863704 0.280971
0.864002 0.278452
0.864044 0.979296
0.864927 0.826114
0.865708 0.957337
0.866765 0.719721
0.867194 0.930413
0.869665 0.453927
0.870845 0.287903
0.873845 0.714328
0.874016 0.585956
0.875334 0.745459
0.87573 0.390493
0.876122 0.978691
0.878589 0.448908
0.879581 0.122017
0.882386 0.26625
0.885058 0.166811
0.885556 0.543179
0.887032 0.34326
0.888356 0.602871
0.88848 0.678854
0.889079 0.748152
0.891097 0.674703
0.89133 0.577416
0.89258 0.584135
0.894699 0.210167
0.895562 0.714511
0.895637 0.971598
0.898424 0.812246
0.899375 0.791406
0.900739 0.717526
0.901768 0.00880927
0.90367 0.987346
0.908959 0.868792
0.909408 0.415064
0.913926 0.349143
0.915418 0.435764
0.918035 0.412947
0.918224 0.597066
0.922687 0.601913
0.92315 0.374539
0.923773 0.855433
0.92711 0.942975
0.931886 0.209052
0.932472 0.0533173
0.932554 0.44094
0.933917 0.347933
0.941105 0.154665
0.945082 0.994441
0.945958 0.719098
0.948481 0.126264
0.951037 0.0865665
0.951832 0.445474
0.952451 0.842313
0.953183 0.140591
0.955818 0.437184
0.956357 0.497944
0.961517 0.223194
0.967051 0.224073
0.967517 0.0511385
0.967867 0.944903
0.968957 0.268602
0.971752 0.227749
0.973718 0.279696
0.973765 0.0678892
0.974799 0.446913
0.976143 0.0304106
0.976334 0.25032
0.976442 0.0662253
0.978114 0.157702
0.979581 0.816885
0.980185 0.968359
0.98038 0.245902
0.981447 0.181968
0.981548 0.870531
0.984789 0.346561
0.984815 0.780627
0.984827 0.979761
0.984865 0.62114
0.985801 0.360814
0.986056 0.650697
0.989516 0.791832
0.989648 0.0087214
0.990203 0.347075
0.990213 0.515694
0.993684 0.840294
0.994061 0.180506
0.994294 0.0978233
0.99831 0.603913
0.999348 0.0410169
0.999547 0.389419
