0.000465553 0.824554
0.000560448 0.419458
0.00229001 0.488151
0.00275045 0.226896
0.00452774 0.0977293
0.0077372 0.0390697
0.00807712 0.752186
0.00844825 0.98974
0.0153844 0.56495
0.0169371 0.661235
0.0188943 0.556381
0.0198238 0.178847
0.0213776 0.293296
0.021936 0.678256
0.0224161 0.747509
0.0229136 0.108255
0.0229355 0.477221
0.0244433 0.818566
0.0246938 0.0281121
0.0255876 0.0514305
0.0270433 0.51731
0.0272139 0.384595
0.0299112 0.717023
0.0302948 0.165364
0.0308465 0.436286
0.0309256 0.767254
0.031593 0.982785
0.0317379 0.418375
0.0319697 0.313919
0.0343392 0.139009
0.0346928 0.0821505
0.0351883 0.409462
0.0352612 0.634438
0.0366103 0.309769
0.0377695 0.791575
0.0381591 0.339796
0.0406813 0.729995
0.0407575 0.0109288
0.0412088 0.595682
0.0423767 0.225633
0.0426906 0.501553
0.0428556 0.273943
0.0446849 0.0195211
0.0448386 0.60245
0.0450523 0.194417
0.0456428 0.118386
0.0463258 0.596954
0.0470152 0.184794
0.047189 0.105008
0.0483104 0.952392
0.049002 0.577125
0.0492451 0.663241
0.0501664 0.146367
0.0512422 0.227487
0.0523623 0.0538885
0.0531515 0.317111
0.0537343 0.112368
0.0541879 0.736324
0.0545322 0.523509
0.0550833 0.784499
0.0557215 0.510663
0.0564302 0.422444
0.0565506 0.446187
0.0566199 0.609897
0.0570637 0.0695387
0.0573605 0.0582934
0.0583686 0.00105239
0.0608657 0.97067
0.0610819 0.60306
0.0613154 0.52717
0.0619165 0.629831
0.0619908 0.879593
0.0622169 0.680085
0.0649002 0.777222
0.0667427 0.745085
0.0706394 0.236057
0.0727411 0.559928
0.0735198 0.646479
0.0737884 0.16108
0.0751254 0.633248
0.0757896 0.79574
0.0799309 0.398287
0.0817551 0.0585659
0.082392 0.761697
0.0832369 0.963161
0.0839302 0.615404
0.0859076 0.848782
0.0883998 0.735048
0.0895785 0.546046
0.0897896 0.0933558
0.0897978 0.231945
0.0898499 0.106472
0.0916597 0.525002
0.0927943 0.593387
0.0934289 0.259406
0.0937166 0.0956636
0.0947008 0.636476
0.0972009 0.65529
0.0978393 0.385258
0.0978614 0.756916
0.10003 0.203418
0.100263 0.116125
0.100865 0.243377
0.101575 0.164291
0.103843 0.289063
0.104537 0.956036
0.10484 0.0470496
0.104992 0.608824
0.105331 0.29652
0.105477 0.760011
0.110011 0.958802
0.110893 0.776154
0.113655 0.203202
0.114709 0.909705
0.116439 0.995686
0.11693 0.237761
0.119376 0.348309
0.120776 0.88296
0.121198 0.976586
0.122802 0.936933
0.123225 0.0351994
0.123627 0.799147
0.126757 0.400284
0.127439 0.867261
0.131571 0.308413
0.133752 0.977755
0.135673 0.257184
0.139065 0.270978
0.13936 0.226282
0.14081 0.588823
0.141441 0.194704
0.1438 0.840836
0.144447 0.726369
0.144796 0.591849
0.145472 0.940969
0.147263 0.0555075
0.14753 0.539383
0.147536 0.643576
0.147696 0.327058
0.148458 0.136429
0.149402 0.995103
0.152346 0.485431
0.152451 0.240971
0.152616 0.0205535
0.15313 0.648531
0.154204 0.701977
0.155008 0.225231
0.15573 0.361965
0.156492 0.154995
0.158205 0.951088
0.15983 0.262964
0.159833 0.313343
0.160955 0.171191
0.161528 0.794189
0.16155 0.16411
0.161929 0.54264
0.163669 0.778677
0.165988 0.761626
0.16669 0.566898
0.167674 0.0901558
0.170253 0.435391
0.170985 0.742035
0.171602 0.112703
0.172183 0.880872
0.175712 0.187071
0.177324 0.288614
0.177509 0.390604
0.178162 0.362406
0.180513 0.882628
0.180615 0.598341
0.181674 0.392092
0.182807 0.440129
0.18456 0.899717
0.185151 0.830989
0.185779 0.382171
0.18692 0.568875
0.18879 0.989713
0.190481 0.414851
0.19099 0.970302
0.193298 0.764612
0.19393 0.379204
0.194571 0.152412
0.195282 0.110948
0.195443 0.802523
0.196225 0.951222
0.197452 0.580123
0.198856 0.177667
0.199178 0.586361
0.199757 0.309639
0.20086 0.854612
0.200877 0.139656
0.203499 0.206302
0.204368 0.815222
0.204542 0.736023
0.205876 0.157617
0.206498 0.606821
0.206621 0.686068
0.208699 0.611766
0.208735 0.212197
0.20974 0.10457
0.210091 0.996707
0.210272 0.046267
0.210792 0.779728
0.211698 0.0102418
0.213951 0.873574
0.21411 0.545912
0.215711 0.46305
0.216002 0.338103
0.216091 0.838371
0.216373 0.587067
0.216828 0.236655
0.217367 0.28544
0.218928 0.529847
0.220254 0.80907
0.224442 0.200116
0.227275 0.802904
0.23134 0.139661
0.235611 0.911897
0.236056 0.387316
0.236271 0.00889026
0.236496 0.784268
0.237979 0.712131
0.238698 0.790144
0.241879 0.252338
0.242334 0.914503
0.24251 0.870428
0.242622 0.74158
0.243784 0.278781
0.244025 0.321045
0.248321 0.53893
0.248473 0.0778046
0.248615 0.476743
0.249491 0.202143
0.249575 0.60808
0.250734 0.0872948
0.251852 0.873234
0.252698 0.0949602
0.252739 0.783642
0.2531 0.845
0.254376 0.301641
0.256234 0.530177
0.256738 0.991374
0.259324 0.456486
0.261547 0.817092
0.269639 0.815746
0.26987 0.707854
0.270164 0.654253
0.27089 0.848824
0.271376 0.0217603
0.276624 0.212819
0.279289 0.00817807
0.27963 0.742958
0.281853 0.0993063
0.282968 0.845237
0.284191 0.396093
0.284365 0.319861
0.284544 0.329561
0.284871 0.833643
0.285814 0.679059
0.285949 0.944997
0.287378 0.966112
0.288649 0.316204
0.289022 0.593821
0.289181 0.257346
0.290832 0.0199667
0.292388 0.167812
0.295301 0.123794
0.297164 0.433646
0.298962 0.660571
0.299896 0.353913
0.300247 0.252647
0.30289 0.67742
0.305739 0.559859
0.307545 0.914691
0.308056 0.500022
0.310732 0.465644
0.311986 0.543567
0.313982 0.102459
0.314218 0.0673059
0.317304 0.931364
0.318324 0.0736715
0.319187 0.579487
0.319607 0.628917
0.321394 0.67337
0.322317 0.182557
0.324505 0.948829
0.325456 0.934165
0.326507 0.60199
0.327174 0.815995
0.328012 0.890703
0.32951 0.0816409
0.329521 0.260247
0.329682 0.961275
0.331904 0.314047
0.332334 0.538858
0.333739 0.155702
0.334548 0.743563
0.33911 0.42157
0.340461 0.131088
0.343977 0.220778
0.345446 0.90643
0.345856 0.80701
0.346539 0.287707
0.347705 0.884466
0.352254 0.340041
0.355176 0.445616
0.355719 0.57038
0.356753 0.955266
0.357536 0.110493
0.362524 0.938922
0.363373 0.205219
0.363819 0.710222
0.364179 0.757642
0.364229 0.590876
0.364446 0.243177
0.370322 0.00194694
0.37147 0.297735
0.372339 0.904432
0.372467 0.0604876
0.373384 0.461178
0.373542 0.117408
0.373681 0.459371
0.374913 0.16004
0.374975 0.2099
0.375302 0.701562
0.376343 0.19388
0.37743 0.464962
0.378562 0.499811
0.378867 0.617302
0.378894 0.0686801
0.380396 0.318613
0.381091 0.000275686
0.383318 0.423649
0.384845 0.0925671
0.385166 0.49151
0.386768 0.416638
0.386887 0.404434
0.387209 0.821291
0.387797 0.701864
0.38792 0.766131
0.388686 0.647098
0.391536 0.549863
0.392315 0.631005
0.392964 0.539876
0.393021 0.506503
0.39586 0.21425
0.397023 0.761014
0.397724 0.550484
0.400232 0.698324
0.400374 0.087824
0.400848 0.0516478
0.401914 0.964704
0.40231 0.626212
0.403419 0.25996
0.40349 0.458796
0.404166 0.823357
0.405235 0.782816
0.40588 0.622064
0.407089 0.942394
0.408297 0.252026
0.408353 0.181837
0.408598 0.300394
0.408984 0.790637
0.410301 0.925629
0.411884 0.528562
0.412766 0.352801
0.41435 0.979987
0.415723 0.0605762
0.416544 0.850608
0.418584 0.148364
0.420666 0.128869
0.421986 0.32374
0.424107 0.967115
0.424623 0.6422
0.425327 0.472398
0.426149 0.283616
0.428562 0.841575
0.428618 0.786719
0.428892 0.383466
0.429893 0.219654
0.431553 0.119181
0.432276 0.257755
0.434201 0.622358
0.435342 0.797801
0.436336 0.492299
0.437037 0.286966
0.438677 0.847894
0.439572 0.894848
0.439814 0.961734
0.440008 0.209842
0.442423 0.802879
0.442911 0.000187091
0.443322 0.905048
0.445781 0.246748
0.446522 0.702149
0.446702 0.722047
0.448391 0.105025
0.448559 0.930172
0.448849 0.808262
0.448879 0.307357
0.449393 0.945783
0.451194 0.216223
0.4516 0.0358156
0.454672 0.677824
0.454968 0.64349
0.455922 0.680926
0.456241 0.0477808
0.459853 0.745626
0.46069 0.821437
0.462259 0.186746
0.464859 0.878548
0.46676 0.834584
0.466875 0.771728
0.467655 0.881679
0.470546 0.470518
0.471656 0.116264
0.471698 0.823533
0.475373 0.588339
0.475534 0.299573
0.476905 0.336656
0.478442 0.173801
0.479606 0.743708
0.480213 0.942313
0.483565 0.281261
0.485911 0.704836
0.487228 0.845439
0.490597 0.459719
0.492071 0.236971
0.492712 0.00615677
0.493392 0.447064
0.495145 0.89914
0.495199 0.809659
0.496155 0.880279
0.498778 0.959095
0.499375 0.993385
0.499456 0.350336
0.499905 0.905773
0.50133 0.84511
0.50194 0.113588
0.502294 0.054992
0.503664 0.0873002
0.504847 0.967162
0.511773 0.374521
0.512377 0.528092
0.51423 0.669755
0.515291 0.490281
0.520162 0.359707
0.520403 0.41386
0.522947 0.176766
0.52689 0.443308
0.529609 0.144092
0.53011 0.554903
0.53437 0.148878
0.535487 0.937822
0.541927 0.160629
0.545025 0.233604
0.545379 0.186677
0.546339 0.314022
0.548061 0.25801
0.548601 0.336543
0.549382 0.45915
0.549885 0.910016
0.551276 0.302541
0.554646 0.93249
0.557598 0.552274
0.558031 0.819597
0.559094 0.690212
0.560274 0.530613
0.564976 0.545739
0.566433 0.0415471
0.566529 0.652339
0.567762 0.368926
0.570277 0.640602
0.570694 0.659267
0.570745 0.510979
0.575339 0.726455
0.576321 0.222015
0.576612 0.114537
0.576761 0.617418
0.577161 0.342499
0.577186 0.766039
0.577647 0.508283
0.578877 0.185151
0.579562 0.698421
0.58524 0.12434
0.586053 0.79919
0.59273 0.0106284
0.596188 0.135523
0.596606 0.161779
0.600992 0.878453
0.601436 0.334306
0.601882 0.824877
0.605169 0.0744425
0.605182 0.293956
0.608332 0.243336
0.608734 0.994644
0.608748 0.223917
0.60988 0.257765
0.613174 0.608893
0.614084 0.903348
0.614369 0.705616
0.615118 0.286246
0.615796 0.678935
0.617428 0.116707
0.61768 0.353895
0.618843 0.886502
0.619852 0.849695
0.620927 0.914849
0.622499 0.341571
0.622743 0.444178
0.622747 0.509896
0.623696 0.456084
0.623833 0.766107
0.624199 0.913204
0.624606 0.747948
0.625359 0.403501
0.625694 0.0445597
0.625814 0.0517417
0.627006 0.0973822
0.627634 0.650302
0.629052 0.472424
0.630403 0.187349
0.630938 0.177187
0.631717 0.269395
0.632383 0.455993
0.633009 0.979728
0.633461 0.57979
0.633791 0.133256
0.633879 0.606484
0.634662 0.764834
0.634709 0.550421
0.634941 0.453643
0.637033 0.618741
0.637567 0.594671
0.638963 0.0530073
0.63967 0.94102
0.6399 0.798887
0.639972 0.00184734
0.640415 0.456417
0.642032 0.628718
0.644718 0.77448
0.644735 0.0652449
0.645044 0.253353
0.645881 0.327286
0.646493 0.604318
0.646509 0.86964
0.649303 0.842475
0.65067 0.806788
0.652013 0.387358
0.652268 0.666175
0.652826 0.0551101
0.658232 0.904199
0.658646 0.863994
0.661156 0.0474041
0.662537 0.260141
0.663603 0.181729
0.665492 0.927525
0.669412 0.813001
0.6705 0.0912905
0.672457 0.978954
0.673523 0.90069
0.675908 0.985945
0.677902 0.493512
0.677985 0.89408
0.678372 0.391672
0.67966 0.0531058
0.681161 0.275733
0.682058 0.342096
0.682945 0.259015
0.686635 0.274954
0.687132 0.626222
0.687469 0.296599
0.688685 0.726013
0.68965 0.950562
0.68988 0.805511
0.690031 0.346842
0.691397 0.30264
0.691728 0.86801
0.691731 0.93005
0.692917 0.855892
0.693166 0.0426474
0.694142 0.43713
0.696257 0.996951
0.697772 0.458392
0.701829 0.643607
0.70284 0.637926
0.702862 0.00476378
0.704599 0.197348
0.704689 0.700723
0.704931 0.783646
0.704993 0.820554
0.705715 0.955731
0.705826 0.818242
0.713297 0.375581
0.714875 0.896994
0.714937 0.946463
0.716061 0.838059
0.716484 0.939573
0.717043 0.344834
0.718611 0.695061
0.719984 0.778968
0.720415 0.0117779
0.721037 0.469028
0.722277 0.306822
0.723295 0.426418
0.724529 0.163675
0.725093 0.635413
0.726197 0.184887
0.726577 0.586168
0.727415 0.663646
0.730119 0.117712
0.730786 0.3132
0.7335 0.927659
0.734423 0.44407
0.735873 0.817528
0.735959 0.268404
0.736805 0.48203
0.737563 0.226951
0.738183 0.644592
0.738486 0.733141
0.738995 0.295275
0.739683 0.848765
0.740153 0.752834
0.741195 0.264093
0.744706 0.276819
0.744823 0.24062
0.745441 0.634789
0.746395 0.667459
0.747951 0.806671
0.749089 0.939765
0.749317 0.765294
0.750995 0.965409
0.752125 0.97044
0.753321 0.0630539
0.754679 0.896165
0.75614 0.452628
0.758973 0.0645485
0.762385 0.411228
0.763064 0.82299
0.763288 0.577417
0.764432 0.812496
0.764652 0.502426
0.769723 0.734631
0.770354 0.342007
0.770428 0.590446
0.773644 0.627448
0.774155 0.215887
0.774247 0.769147
0.7744 0.3436
0.775603 0.563768
0.775653 0.395876
0.777812 0.686265
0.778334 0.466747
0.778934 0.53631
0.780492 0.732334
0.782751 0.689935
0.786489 0.525804
0.786529 0.187328
0.788093 0.473339
0.788849 0.185766
0.78918 0.753202
0.78923 0.591101
0.790976 0.938812
0.791581 0.107668
0.793092 0.492082
0.793842 0.100386
0.79452 0.5044
0.794644 0.582364
0.796013 0.598456
0.796071 0.566656
0.798045 0.742142
0.80267 0.471607
0.803425 0.171339
0.804063 0.893621
0.807761 0.0321914
0.808662 0.176459
0.809641 0.63673
0.810775 0.690675
0.810881 0.474328
0.81167 0.738224
0.813997 0.854089
0.814245 0.0221862
0.814306 0.0475658
0.815195 0.985702
0.817368 0.497656
0.817393 0.91657
0.81802 0.456639
0.818507 0.63892
0.81882 0.909064
0.819749 0.528987
0.820527 0.598561
0.820547 0.934547
0.8236 0.237916
0.826624 0.0743247
0.82927 0.541563
0.830189 0.989979
0.830269 0.326308
0.830436 0.141351
0.830559 0.213328
0.831071 0.807949
0.833673 0.54361
0.835468 0.706038
0.838742 0.733898
0.839731 0.362287
0.839935 0.790863
0.840629 0.455425
0.842088 0.968646
0.842928 0.095728
0.843339 0.996512
0.844312 0.354688
0.844608 0.327821
0.844849 0.368654
0.844874 0.793281
0.845433 0.183907
0.848991 0.990876
0.850125 0.055865
0.850254 0.215145
0.851154 0.349011
0.853038 0.0134597
0.853498 0.743009
0.855692 0.607971
0.856979 0.244595
0.857524 0.412513
0.859299 0.246641
0.859599 0.271952
0.859608 0.436267
0.859753 0.869258
0.863257 0.764299
0.865104 0.805832
0.866009 0.00950904
0.866137 0.166879
0.86737 0.880312
0.86747 0.562152
0.869624 0.777666
0.870284 0.86411
0.873551 0.773822
0.873803 0.0144388
0.875239 0.145021
0.876522 0.698052
0.877249 0.917941
0.883475 0.569349
0.883826 0.461001
0.884016 0.663841
0.884301 0.450362
0.88498 0.858978
0.888919 0.0563501
0.889599 0.484892
0.889875 0.124246
0.890259 0.580226
0.890494 0.524395
0.893314 0.927696
0.893543 0.777409
0.894649 0.363706
0.895191 0.481802
0.896166 0.869483
0.896671 0.355263
0.899735 0.853978
0.90018 0.317822
0.900711 0.245667
0.900826 0.190559
0.901046 0.880739
0.90289 0.864748
0.903027 0.182464
0.903076 0.999373
0.904333 0.12326
0.904587 0.39591
0.904687 0.0683032
0.906042 0.846207
0.907973 0.307412
0.912154 0.572579
0.912806 0.525669
0.91429 0.467118
0.91472 0.707214
0.915449 0.946544
0.91597 0.703633
0.917135 0.280497
0.917254 0.284298
0.91756 0.42555
0.918227 0.636057
0.921192 0.477053
0.921942 0.0783763
0.923846 0.0786392
0.923896 0.912414
0.92552 0.211048
0.928835 0.926039
0.928907 0.132357
0.929292 0.608443
0.930686 0.032304
0.931235 0.27001
0.931471 0.234011
0.9329 0.244279
0.934084 0.145202
0.936265 0.809066
0.936437 0.696581
0.936519 0.0758222
0.936602 0.462905
0.936695 0.0404744
0.938476 0.959745
0.938565 0.454096
0.938602 0.085152
0.938623 0.429778
0.943186 0.13337
0.944746 0.346291
0.946208 0.914047
0.947948 0.16576
0.948151 0.580992
0.949257 0.162733
0.950888 0.568385
0.950949 0.597028
0.951951 0.43554
0.952349 0.121521
0.953068 0.219938
0.95486 0.33349
0.956805 0.0204229
0.960959 0.829915
0.961209 0.0316422
0.961825 0.386218
0.962858 0.762942
0.963223 0.89534
0.965427 0.930745
0.965995 0.483533
0.966152 0.109718
0.966301 0.626788
0.96725 0.57804
0.967572 0.978696
0.972399 0.104023
0.972859 0.83682
0.974389 0.558018
0.974662 0.145703
0.976698 0.370752
0.977924 0.975633
0.978297 0.244109
0.979196 0.353079
0.979363 0.159388
0.981288 0.504129
0.9821 0.148386
0.987203 0.922764
0.991297 0.734323
0.992237 0.528789
0.992741 0.998025
0.992751 0.17296
0.993252 0.579404
0.994246 0.293265
0.994468 0.0267638
0.995346 0.778507
0.995936 0.691402
0.997512 0.183279
0.997973 0.937692
0.998719 0.464861
0.999264 0.635338
