0.000610822 0.266099
0.00276488 0.469318
0.0031865 0.555571
0.00447446 0.202205
0.00604351 0.573352
0.00646285 0.621122
0.00780882 0.242781
0.0116733 0.193663
0.0122892 0.544568
0.0124736 0.643709
0.0125643 0.168849
0.0130113 0.680395
0.0132028 0.900155
0.0144279 0.488915
0.0191042 0.08378
0.0197755 0.367182
0.0223169 0.079772
0.0240133 0.590726
0.0260544 0.896544
0.0261039 0.728471
0.0318208 0.811899
0.0336099 0.882179
0.0372907 0.74548
0.0405763 0.965626
0.0410564 0.0355753
0.0435731 0.333438
0.0482709 0.288497
0.0484716 0.662194
0.0490982 0.193685
0.0514398 0.548137
0.0543917 0.160697
0.054488 0.77966
0.0548482 0.833865
0.0563914 0.77003
0.0570396 0.664274
0.0570655 0.0994119
0.0602122 0.986118
0.0603808 0.820844
0.0611836 0.313137
0.0645892 0.550005
0.0659719 0.790252
0.0690036 0.744346
0.076536 0.340713
0.0765654 0.835387
0.0775964 0.163086
0.0781355 0.223619
0.0805169 0.247287
0.0812188 0.0439973
0.0846174 0.164354
0.0871694 0.0557143
0.0895723 0.442323
0.0900264 0.0736829
0.0902804 0.342999
0.0906831 0.110476
0.0908948 0.669549
0.091548 0.647777
0.0918612 0.911206
0.0925078 0.77873
0.0927238 0.409077
0.0928894 0.191954
0.0947256 0.0532457
0.0994449 0.369835
0.101185 0.609487
0.101869 0.119212
0.101905 0.712247
0.106734 0.87687
0.108509 0.707687
0.108565 0.643791
0.11121 0.101982
0.112422 0.47997
0.116932 0.271844
0.119069 0.187875
0.120942 0.676011
0.121075 0.901322
0.121752 0.288689
0.122103 0.177993
0.12362 0.683833
0.124782 0.218983
0.125849 0.140367
0.126041 0.377541
0.127418 0.513149
0.128626 0.809719
0.133198 0.662505
0.13653 0.656694
0.140832 0.96362
0.141093 0.353391
0.142899 0.710414
0.143741 0.854816
0.144569 0.777707
0.145562 0.463981
0.145995 0.746347
0.149774 0.259047
0.150522 0.825895
0.151135 0.12845
0.151346 0.669005
0.153284 0.237337
0.153326 0.943878
0.154675 0.615
0.156313 0.152471
0.158462 0.278569
0.159028 0.785604
0.159484 0.440192
0.160086 0.561371
0.161024 0.336999
0.16132 0.31111
0.165866 0.718294
0.166154 0.547868
0.166503 0.410116
0.168082 0.952434
0.168824 0.429451
0.169768 0.294174
0.171377 0.337058
0.174463 0.193979
0.175517 0.914201
0.175534 0.205702
0.176866 0.580595
0.177648 0.732308
0.177992 0.510837
0.180423 0.366621
0.180899 0.375682
0.182515 0.528683
0.182667 0.0835776
0.183776 0.728274
0.184127 0.62146
0.184425 0.637654
0.184467 0.335484
0.184716 0.518827
0.185134 0.551024
0.187343 0.68184
0.188058 0.689063
0.189124 0.612897
0.18949 0.763859
0.19023 0.193621
0.194971 0.870051
0.19581 0.975712
0.197834 0.000390865
0.199324 0.0344182
0.202721 0.125285
0.202765 0.86501
0.204038 0.260026
0.206479 0.290049
0.207102 0.764854
0.214109 0.536818
0.21492 0.165156
0.216114 0.223538
0.218992 0.604094
0.219303 0.829393
0.220554 0.854645
0.221142 0.741266
0.221763 0.170976
0.224051 0.625692
0.225896 0.626778
0.226971 0.695658
0.227673 0.496062
0.227911 0.494734
0.228174 0.917783
0.231262 0.815017
0.236534 0.42297
0.24022 0.372698
0.249314 0.220297
0.25022 0.440065
0.25097 0.0483768
0.253766 0.0378665
0.254296 0.959904
0.254367 0.149739
0.255983 0.300181
0.258317 0.532377
0.261401 0.364151
0.263198 0.564466
0.265052 0.724647
0.269577 0.786735
0.269984 0.62807
0.271757 0.411811
0.273937 0.0615084
0.275492 0.200024
0.277155 0.147887
0.277385 0.0137849
0.278684 0.836802
0.280069 0.126887
0.28277 0.523617
0.28461 0.437353
0.285967 0.241663
0.286048 0.616185
0.28724 0.642259
0.291322 0.252571
0.292156 0.257593
0.293658 0.514007
0.296082 0.251034
0.296427 0.0558282
0.297204 0.112654
0.29816 0.183469
0.298568 0.0377017
0.2992 0.66253
0.300501 0.517322
0.302816 0.422149
0.303743 0.00206292
0.303927 0.101978
0.312736 0.147567
0.313811 0.226926
0.32121 0.577705
0.323938 0.431189
0.324102 0.187621
0.324851 0.777619
0.325367 0.441895
0.325917 0.680494
0.326393 0.679536
0.326995 0.808697
0.329768 0.418694
0.330477 0.333433
0.331645 0.959768
0.333622 0.19
0.334337 0.196965
0.33791 0.253932
0.33875 0.373587
0.339281 0.290083
0.340349 0.240401
0.340461 0.124905
0.34064 0.131741
0.342874 0.688374
0.343686 0.33746
0.344535 0.604877
0.345233 0.338169
0.348822 0.646543
0.350088 0.922105
0.352432 0.320846
0.353857 0.274083
0.356271 0.847148
0.356559 0.680447
0.35983 0.656183
0.359886 0.598729
0.362047 0.930472
0.362368 0.320328
0.366249 0.547466
0.367734 0.503957
0.368145 0.415909
0.368733 0.303564
0.370328 0.102453
0.370835 0.619022
0.37434 0.52826
0.377604 0.386194
0.381396 0.128708
0.381829 0.405368
0.38309 0.591045
0.383525 0.906305
0.384075 0.143565
0.388494 0.417531
0.390669 0.970425
0.390818 0.478893
0.392355 0.314638
0.395229 0.61726
0.397411 0.287243
0.398612 0.472044
0.400923 0.312656
0.403253 0.477608
0.409165 0.830939
0.409912 0.394688
0.415229 0.749356
0.417475 0.499621
0.417913 0.871356
0.418806 0.878568
0.419336 0.781313
0.419936 0.863117
0.420711 0.882509
0.421468 0.611582
0.422864 0.0763836
0.424073 0.387534
0.424986 0.733987
0.425228 0.811486
0.428254 0.668361
0.437675 0.0051087
0.440665 0.253906
0.443706 0.370107
0.444872 0.955518
0.446673 0.237478
0.447059 0.727236
0.447475 0.70673
0.447551 0.993635
0.44858 0.282961
0.449139 0.68492
0.449287 0.172281
0.450726 0.343944
0.455617 0.554435
0.458748 0.173143
0.461198 0.352375
0.461414 0.989735
0.462165 0.609153
0.464974 0.812334
0.465472 0.189805
0.46608 0.407372
0.466803 0.562593
0.466839 0.159181
0.473773 0.696441
0.474623 0.996556
0.476073 0.361585
0.478639 0.48175
0.480127 0.494653
0.480441 0.773594
0.480637 0.0631113
0.480999 0.142901
0.482734 0.302474
0.486782 0.341085
0.487192 0.237549
0.494044 0.397947
0.497265 0.529766
0.498511 0.468575
0.501401 0.0408383
0.501473 0.264835
0.50192 0.760893
0.502553 0.408762
0.5052 0.894025
0.506024 0.744687
0.508231 0.836708
0.508636 0.649789
0.510432 0.836988
0.51057 0.151996
0.510676 0.927995
0.512839 0.277505
0.516422 0.506949
0.517196 0.514281
0.519222 0.560701
0.519674 0.162203
0.520147 0.104943
0.521017 0.725524
0.521402 0.205061
0.521523 0.229258
0.521624 0.927807
0.523383 0.501113
0.523731 0.344726
0.524537 0.889745
0.524759 0.626743
0.525335 0.311554
0.528016 0.359165
0.53012 0.733955
0.530654 0.696243
0.531146 0.966234
0.53425 0.148614
0.535083 0.144573
0.536488 0.755547
0.539601 0.0798893
0.53972 0.0672549
0.543928 0.805745
0.544349 0.877378
0.546869 0.227827
0.550914 0.217265
0.553053 0.155968
0.554326 0.557324
0.55685 0.981841
0.558005 0.391299
0.558993 0.990285
0.559462 0.881918
0.560144 0.345648
0.56102 0.0636515
0.562369 0.739672
0.565437 0.304943
0.567731 0.853356
0.568933 0.0567609
0.569006 0.282973
0.569274 0.793998
0.571847 0.0389538
0.572787 0.833021
0.573657 0.447998
0.574617 0.583561
0.578039 0.105106
0.581778 0.94711
0.582632 0.289879
0.584198 0.607517
0.584564 0.761727
0.588553 0.805826
0.58885 0.799559
0.592614 0.0612989
0.594764 0.194519
0.595731 0.454857
0.596381 0.372103
0.597047 0.564953
0.5991 0.077019
0.599171 0.272004
0.599566 0.913054
0.601801 0.471949
0.604161 0.130611
0.611015 0.324843
0.611341 0.803888
0.611374 0.370862
0.613009 0.836033
0.617079 0.239722
0.617297 0.910578
0.617652 0.871595
0.619964 0.737846
0.627734 0.317538
0.628623 0.269159
0.628996 0.527617
0.630297 0.393303
0.632872 0.684645
0.633638 0.552887
0.634951 0.616478
0.635977 0.872816
0.640455 0.128311
0.64113 0.4797
0.642132 0.30875
0.642564 0.564655
0.64858 0.685948
0.651153 0.924165
0.65118 0.390124
0.651844 0.538074
0.652036 0.77283
0.652595 0.171666
0.653493 0.264576
0.653892 0.954494
0.654776 0.815462
0.655372 0.832667
0.655599 0.645486
0.655643 0.394603
0.65573 0.848163
0.657311 0.420714
0.658183 0.0838079
0.661135 0.69283
0.662993 0.917218
0.664926 0.409353
0.665128 0.798398
0.668673 0.378528
0.670789 0.946496
0.671559 0.897564
0.672712 0.26548
0.673959 0.226305
0.674437 0.267688
0.674901 0.0688955
0.676492 0.804008
0.67851 0.723437
0.680995 0.478878
0.682475 0.360996
0.682995 0.103488
0.684331 0.557209
0.686218 0.271473
0.688173 0.129568
0.688427 0.394924
0.688634 0.867046
0.690473 0.774693
0.693487 0.436957
0.693785 0.442022
0.694004 0.123874
0.694967 0.304854
0.696059 0.667911
0.696114 0.581812
0.698034 0.849149
0.698047 0.0806378
0.698687 0.838178
0.698813 0.950171
0.699566 0.611256
0.706721 0.858372
0.708363 0.460387
0.710808 0.542941
0.717977 0.0308815
0.718677 0.810499
0.721335 0.4772
0.721495 0.162631
0.724025 0.686238
0.724343 0.0341916
0.727115 0.62006
0.728211 0.0504942
0.728528 0.371783
0.731386 0.398964
0.731897 0.991112
0.731904 0.110206
0.732295 0.681069
0.736922 0.447803
0.74133 0.529232
0.742316 0.0974525
0.74353 0.509688
0.747315 0.127559
0.749168 0.259479
0.749646 0.299289
0.751612 0.335732
0.75293 0.497943
0.755956 0.351037
0.756281 0.812035
0.756666 0.291471
0.757331 0.46222
0.758679 0.111592
0.759548 0.72462
0.759875 0.224414
0.760535 0.314363
0.763441 0.154742
0.764056 0.493282
0.766006 0.254738
0.766023 0.550919
0.766467 0.0184882
0.76656 0.576523
0.768022 0.144216
0.769091 0.112879
0.769942 0.421164
0.770449 0.930455
0.771381 0.602822
0.771401 0.928516
0.771873 0.873893
0.772672 0.29369
0.77465 0.54618
0.775816 0.13271
0.77801 0.00692294
0.778054 0.746601
0.778077 0.14321
0.77861 0.10362
0.779242 0.718916
0.782894 0.102171
0.785723 0.640532
0.789854 0.0773636
0.789889 0.663684
0.791298 0.340869
0.796051 0.236469
0.799998 0.558758
0.802036 0.812875
0.805957 0.727973
0.805969 0.923664
0.806487 0.626766
0.806527 0.295044
0.807724 0.415849
0.808252 0.284566
0.808866 0.613369
0.809454 0.488917
0.813046 0.868064
0.813289 0.946933
0.814376 0.209688
0.815571 0.299172
0.816483 0.624392
0.816542 0.627545
0.816771 0.464383
0.82102 0.877545
0.822175 0.294525
0.822607 0.548661
0.823015 0.419853
0.823109 0.991819
0.823297 0.156137
0.825768 0.690053
0.826309 0.779903
0.82983 0.94882
0.830697 0.530191
0.832276 0.0554708
0.833525 0.0567187
0.8351 0.520686
0.83546 0.580503
0.835505 0.333995
0.835536 0.861782
0.837613 0.76011
0.839558 0.451801
0.848334 0.944739
0.848613 0.640443
0.848969 0.627866
0.851031 0.2809
0.851109 0.584609
0.852899 0.667866
0.856538 0.838525
0.861861 0.290748
0.862635 0.305687
0.865258 0.383564
0.873138 0.836443
0.877439 0.124444
0.877764 0.580284
0.879196 0.650956
0.880113 0.0643641
0.883486 0.745012
0.883879 0.349396
0.884361 0.449469
0.885381 0.592747
0.886457 0.679119
0.886545 0.154381
0.888944 0.477526
0.889758 0.162731
0.89298 0.319907
0.895238 0.261934
0.897012 0.075486
0.897419 0.924412
0.898266 0.163583
0.899869 0.102698
0.90046 0.0323566
0.900528 0.17546
0.901347 0.944118
0.901365 0.24757
0.902885 0.782485
0.904311 0.746882
0.904549 0.748841
0.904694 0.190324
0.90966 0.654443
0.911548 0.39437
0.911915 0.561189
0.914216 0.226662
0.915945 0.284914
0.916092 0.757719
0.918343 0.598003
0.924147 0.147019
0.924218 0.332894
0.925896 0.531334
0.925975 0.862983
0.926368 0.47452
0.926412 0.198169
0.926541 0.37307
0.92679 0.554895
0.927429 0.303983
0.928206 0.365058
0.929314 0.984077
0.9305 0.920962
0.930524 0.309307
0.930552 0.79037
0.930704 0.343997
0.931557 0.672999
0.932936 0.862398
0.933762 0.7423
0.934673 0.0563911
0.937141 0.522828
0.937169 0.994249
0.938807 0.529013
0.940781 0.708772
0.942007 0.317136
0.944691 0.423844
0.946199 0.760314
0.947293 0.149378
0.947608 0.443134
0.947914 0.587211
0.952036 0.874144
0.95288 0.0529348
0.953012 0.268752
0.953956 0.139165
0.954505 0.363669
0.956094 0.07898
0.956135 0.763099
0.956367 0.664215
0.956406 0.311761
0.957195 0.578396
0.957566 0.810002
0.961211 0.0762838
0.963031 0.666532
0.963106 0.928394
0.964083 0.345314
0.965834 0.779014
0.968011 0.365106
0.968136 0.47047
0.974471 0.937689
0.975703 0.636331
0.979702 0.85488
0.979821 0.857163
0.979863 0.556269
0.980077 0.14714
0.983492 0.545349
0.986924 0.234792
0.987396 0.172891
0.987557 0.877418
0.9885 0.716025
0.98856 0.730299
0.98941 0.016553
0.993372 0.606817
0.994067 0.285599
0.997097 0.20924
0.998686 0.913822
