0.000275629 0.632506
0.000506817 0.518087
0.000972508 0.344957
0.00147848 0.848769
0.003321 0.816116
0.00355801 0.79948
0.00526222 0.442113
0.00653324 0.804156
0.00681047 0.463601
0.0110797 0.217163
0.0127615 0.483277
0.0128828 0.521835
0.0139265 0.0621376
0.0141707 0.167389
0.0147131 0.282855
0.0149279 0.893973
0.0167044 0.751032
0.0194711 0.251061
0.0205147 0.791324
0.020743 0.627959
0.0228905 0.720278
0.0232389 0.576343
0.0243469 0.198093
0.0244996 0.765447
0.0253965 0.839489
0.0275071 0.311772
0.0281606 0.294977
0.0281616 0.312054
0.0283827 0.0278894
0.0296009 0.501804
0.0304088 0.0799446
0.0309636 0.404633
0.0321516 0.371141
0.0348801 0.229994
0.0364315 0.303677
0.037729 0.110587
0.0384638 0.460903
0.0387632 0.49336
0.0399151 0.852338
0.0411717 0.973392
0.0425599 0.304675
0.042655 0.902163
0.0444846 0.652265
0.0448321 0.492638
0.0460771 0.418002
0.0471583 0.590166
0.0473326 0.519255
0.0487514 0.365529
0.0512088 0.666039
0.0537478 0.339834
0.0540316 0.108425
0.0550237 0.783428
0.0550372 0.00971969
0.0552114 0.938081
0.0555321 0.327749
0.0558877 0.304567
0.0568112 0.825111
0.0569781 0.631099
0.0571723 0.895212
0.0603631 0.521846
0.0624667 0.878236
0.0625584 0.418403
0.0689883 0.486389
0.0715483 0.511658
0.0720363 0.714687
0.0720558 0.0423771
0.075307 0.684319
0.0793413 0.489391
0.0795563 0.10299
0.0842608 0.17121
0.0844286 0.992076
0.0871045 0.964711
0.0879892 0.834804
0.0883981 0.706302
0.0904802 0.700401
0.0908978 0.719371
0.0909026 0.800546
0.0936241 0.540916
0.0950562 0.608817
0.0957445 0.177968
0.0963225 0.891572
0.096343 0.236011
0.097814 0.959699
0.0987436 0.583073
0.101098 0.149228
0.10179 0.778273
0.102636 0.00316909
0.102839 0.409197
0.10335 0.996086
0.107844 0.533901
0.108399 0.863857
0.108958 0.263452
0.109784 0.138195
0.1114 0.30141
0.111901 0.723382
0.113325 0.6598
0.113624 0.683132
0.114477 0.0197799
0.115809 0.40005
0.116655 0.616626
0.118205 0.669522
0.120014 0.0693311
0.120789 0.0947183
0.121259 0.00361664
0.122346 0.264391
0.123135 0.529633
0.123901 0.404918
0.125822 0.697676
0.125892 0.858718
0.127357 0.493303
0.128247 0.44447
0.129068 0.250279
0.131591 0.651451
0.131979 0.178784
0.137038 0.193236
0.13746 0.292778
0.137607 0.757208
0.139138 0.485004
0.140328 0.497664
0.14175 0.396265
0.143463 0.175335
0.144209 0.720708
0.144287 0.0395138
0.144352 0.121455
0.145627 0.546845
0.146628 0.3762
0.15015 0.567563
0.151457 0.533011
0.151624 0.342114
0.152479 0.707454
0.15349 0.697946
0.153785 0.670555
0.155952 0.0926856
0.162103 0.461054
0.168069 0.733515
0.168823 0.40371
0.170706 0.0516923
0.172974 0.179314
0.176228 0.859088
0.176673 0.348234
0.176944 0.902367
0.178089 0.141289
0.178714 0.648519
0.179316 0.765251
0.180363 0.355126
0.184509 0.0465962
0.186062 0.138694
0.187806 0.447617
0.191474 0.10809
0.19301 0.921647
0.194303 0.653878
0.194657 0.596651
0.197108 0.796076
0.197593 0.946019
0.19872 0.891757
0.199082 0.973871
0.199862 0.0828202
0.200577 0.090169
0.209024 0.0650388
0.209387 0.167259
0.210154 0.0547064
0.210799 0.90693
0.216735 0.668336
0.21795 0.082317
0.22028 0.253577
0.226905 0.596178
0.229381 0.202042
0.231522 0.197087
0.23198 0.892858
0.232412 0.140929
0.239727 0.0899496
0.239813 0.54178
0.2403 0.716149
0.240402 0.437496
0.240403 0.454073
0.240561 0.101999
0.243356 0.0908552
0.244636 0.595879
0.245501 0.140834
0.247085 0.754614
0.247622 0.779169
0.251658 0.623749
0.253898 0.265572
0.256469 0.473697
0.258966 0.44063
0.259989 0.634122
0.261466 0.460829
0.261679 0.0439676
0.261825 0.486742
0.262292 0.33497
0.262919 0.887929
0.263125 0.335241
0.263441 0.658792
0.263615 0.583311
0.26459 0.956866
0.265499 0.247017
0.266581 0.431601
0.267909 0.747898
0.271719 0.776591
0.275119 0.923973
0.276998 0.504179
0.280895 0.999283
0.281944 0.628008
0.282565 0.065504
0.283874 0.0744753
0.28471 0.115647
0.285986 0.574174
0.287405 0.410008
0.288855 0.791864
0.290003 0.0755837
0.291081 0.198817
0.29204 0.321342
0.295137 0.359606
0.295255 0.355119
0.296209 0.383954
0.298094 0.0623575
0.299828 0.211122
0.301455 0.560095
0.304021 0.688109
0.304533 0.282465
0.306105 0.703982
0.306517 0.630115
0.308509 0.112802
0.309176 0.313057
0.30928 0.062524
0.312367 0.949349
0.313931 0.24278
0.315213 0.79048
0.316773 0.999183
0.32135 0.932103
0.322568 0.394522
0.323013 0.884693
0.323736 0.0236974
0.32518 0.308303
0.325385 0.745824
0.32548 0.345292
0.32596 0.402593
0.326949 0.0323055
0.326952 0.0775889
0.32758 0.631096
0.327766 0.761088
0.328795 0.0554385
0.329324 0.95528
0.334747 0.0949704
0.336095 0.752169
0.336136 0.435731
0.338201 0.148004
0.339017 0.864819
0.339913 0.917823
0.341256 0.485621
0.342063 0.0577032
0.344505 0.0987296
0.345441 0.818611
0.345446 0.915493
0.346245 0.341747
0.347288 0.864612
0.34919 0.829602
0.349758 0.37454
0.35107 0.425703
0.351499 0.639189
0.353796 0.245558
0.355748 0.0569846
0.357124 0.18166
0.357339 0.804314
0.357586 0.946592
0.358913 0.256604
0.360362 0.610168
0.362755 0.829261
0.363897 0.0100333
0.365911 0.868237
0.367263 0.587428
0.368843 0.145038
0.368957 0.0575915
0.36999 0.425448
0.369996 0.518362
0.370432 0.849267
0.371867 0.974293
0.375055 0.557264
0.37581 0.245648
0.376314 0.713052
0.376782 0.568543
0.377983 0.752374
0.381966 0.701085
0.384938 0.645201
0.38816 0.812051
0.388174 0.0367303
0.388871 0.758917
0.388874 0.803661
0.389027 0.376603
0.389782 0.0588902
0.391154 0.120015
0.391175 0.482932
0.393396 0.807474
0.394289 0.816485
0.394339 0.659393
0.39609 0.078097
0.39682 0.346252
0.397527 0.235908
0.39846 0.923426
0.399476 0.994303
0.400964 0.993714
0.407096 0.0649314
0.408408 0.117574
0.409243 0.140526
0.409822 0.878306
0.410811 0.502844
0.41257 0.0569992
0.412741 0.938488
0.416197 0.0301055
0.417111 0.383665
0.420047 0.733752
0.421173 0.66228
0.422382 0.967099
0.422594 0.544039
0.423781 0.495615
0.423885 0.231824
0.42571 0.90756
0.437518 0.358481
0.437884 0.51284
0.439237 0.261983
0.440702 0.87852
0.44147 0.780736
0.441894 0.904446
0.443836 0.559487
0.443923 0.0206619
0.446204 0.344365
0.446427 0.104192
0.447004 0.795734
0.447537 0.762546
0.450861 0.619516
0.45249 0.00276849
0.45338 0.954366
0.454334 0.997672
0.456093 0.560529
0.460555 0.548041
0.460642 0.0155715
0.460884 0.0770658
0.462779 0.919948
0.463186 0.769
0.464571 0.0381417
0.466267 0.552939
0.468101 0.36991
0.470419 0.330898
0.470548 0.493802
0.471429 0.302693
0.471586 0.944015
0.472985 0.454084
0.473495 0.0287007
0.482381 0.37493
0.482445 0.460745
0.483841 0.919528
0.485079 0.730024
0.485642 0.180208
0.486148 0.696636
0.486214 0.80575
0.489782 0.761632
0.49128 0.937387
0.492065 0.138672
0.492367 0.214244
0.492473 0.987387
0.496031 0.792611
0.496155 0.883535
0.496705 0.113415
0.500976 0.905991
0.501068 0.442245
0.502387 0.62551
0.502544 0.264569
0.503825 0.78512
0.504297 0.714539
0.505175 0.473819
0.506397 0.00755918
0.50786 0.605462
0.507867 0.715759
0.509953 0.778606
0.510383 0.00373752
0.510736 0.941432
0.511918 0.809007
0.513789 0.25665
0.51659 0.3247
0.516609 0.654566
0.517691 0.831943
0.52286 0.708907
0.523793 0.38453
0.523852 0.382181
0.529239 0.918982
0.529949 0.849554
0.53218 0.34626
0.53521 0.276703
0.536905 0.761979
0.540763 0.610343
0.541916 0.974119
0.543591 0.136315
0.54548 0.88489
0.547404 0.215402
0.549245 0.16431
0.551738 0.0624331
0.552769 0.397043
0.556445 0.17722
0.557181 0.535534
0.557547 0.697939
0.560234 0.846393
0.560783 0.0837549
0.562598 0.586614
0.562973 0.888008
0.563161 0.0451885
0.563996 0.0841923
0.567659 0.648839
0.569823 0.00979067
0.570874 0.680825
0.571835 0.824668
0.574449 0.763227
0.575003 0.0762156
0.576526 0.68041
0.577329 0.159758
0.577942 0.476399
0.578683 0.932254
0.578835 0.488409
0.579291 0.143607
0.580358 0.0696634
0.582815 0.363192
0.584969 0.572351
0.586196 0.192118
0.588405 0.329962
0.58881 0.123141
0.589508 0.856019
0.59133 0.485032
0.596739 0.38457
0.598008 0.71703
0.598164 0.347551
0.599262 0.801214
0.599473 0.346285
0.599587 0.255497
0.599672 0.683715
0.600616 0.559317
0.602154 0.39626
0.603219 0.30761
0.604456 0.0973896
0.60631 0.248875
0.606932 0.698056
0.607262 0.257995
0.608535 0.64765
0.61238 0.277549
0.612589 0.786776
0.613658 0.749663
0.613887 0.606912
0.614186 0.632115
0.616 0.113154
0.61641 0.0115585
0.618982 0.229732
0.619052 0.414331
0.624491 0.81561
0.624822 0.378406
0.625199 0.71267
0.626814 0.870539
0.628706 0.664694
0.628813 0.453998
0.629096 0.211718
0.629374 0.890111
0.630255 0.692279
0.631119 0.211885
0.63149 0.452984
0.632398 0.715312
0.6334 0.557838
0.634917 0.0498257
0.636173 0.164673
0.637368 0.248874
0.637388 0.581276
0.638715 0.875863
0.64167 0.55148
0.642562 0.542859
0.643503 0.361454
0.646892 0.310217
0.647049 0.944252
0.647067 0.249958
0.647662 0.247957
0.647893 0.138273
0.64795 0.0892475
0.65065 0.474465
0.651267 0.849014
0.651664 0.518598
0.652061 0.190688
0.655809 0.187599
0.656396 0.0456862
0.658357 0.0120362
0.660903 0.79828
0.662569 0.79001
0.663278 0.716669
0.664657 0.883246
0.665594 0.644161
0.667043 0.994273
0.668012 0.285424
0.668024 0.482829
0.668807 0.637101
0.66912 0.900005
0.670131 0.885387
0.671061 0.518293
0.677594 0.323483
0.679025 0.368413
0.679061 0.977117
0.680785 0.953302
0.682084 0.779802
0.682205 0.815221
0.682665 0.546735
0.683747 0.740946
0.685523 0.58009
0.687701 0.191666
0.688593 0.187365
0.693574 0.899893
0.69444 0.450334
0.697063 0.540373
0.697372 0.734735
0.698325 0.747831
0.699034 0.668322
0.699095 0.698351
0.699201 0.471759
0.700592 0.853491
0.70088 0.686337
0.703104 0.0610066
0.704863 0.625257
0.706384 0.193943
0.70672 0.842469
0.707808 0.137194
0.70817 0.204767
0.709847 0.391835
0.710344 0.758881
0.712016 0.852807
0.712571 0.175163
0.715128 0.151001
0.719761 0.0178736
0.720309 0.228305
0.721147 0.317335
0.721393 0.455919
0.723182 0.520306
0.724117 0.225919
0.724758 0.00277513
0.725057 0.0294017
0.725185 0.187155
0.726493 0.172373
0.727866 0.241168
0.728844 0.682914
0.730347 0.938749
0.732574 0.367444
0.733505 0.0128883
0.735645 0.989847
0.736407 0.789052
0.739227 0.188691
0.739545 0.537458
0.739608 0.59527
0.740872 0.829588
0.74109 0.497431
0.74134 0.700309
0.743031 0.125557
0.743066 0.71464
0.744791 0.698017
0.74484 0.517877
0.744997 0.165482
0.745491 0.465738
0.745533 0.176318
0.746003 0.079816
0.748554 0.950194
0.749151 0.976986
0.750935 0.959908
0.75117 0.917523
0.754117 0.442459
0.754917 0.885829
0.756294 0.0302032
0.75643 0.326953
0.763527 0.594575
0.767104 0.71222
0.767846 0.187774
0.768776 0.825431
0.769121 0.610636
0.769313 0.845399
0.769637 0.295605
0.772187 0.140828
0.773269 0.338194
0.774727 0.833344
0.775629 0.991738
0.778984 0.380494
0.77967 0.917728
0.781367 0.441095
0.781951 0.249665
0.782579 0.798108
0.78349 0.121043
0.784859 0.119189
0.787409 0.991641
0.787726 0.315935
0.788203 0.332525
0.792041 0.835566
0.792252 0.377507
0.792333 0.73323
0.792606 0.336864
0.79345 0.507617
0.793923 0.462785
0.795063 0.621479
0.799106 0.5785
0.802098 0.860043
0.805252 0.86236
0.806349 0.29947
0.810542 0.780973
0.811039 0.134879
0.811985 0.0363317
0.814562 0.335579
0.814772 0.881589
0.815109 0.536478
0.815137 0.00351617
0.816529 0.408226
0.817139 0.660074
0.817359 0.34512
0.818406 0.945677
0.819721 0.0467491
0.820848 0.983996
0.82197 0.842705
0.824542 0.0784172
0.824548 0.184065
0.824763 0.800208
0.824769 0.894406
0.825126 0.886846
0.825757 0.500866
0.826332 0.157205
0.827075 0.642831
0.827346 0.200548
0.830088 0.291305
0.831359 0.645295
0.831411 0.518726
0.831585 0.445975
0.833333 0.824718
0.835316 0.156199
0.837094 0.0406346
0.838494 0.565378
0.841388 0.209816
0.841437 0.0319292
0.841924 0.209663
0.842114 0.404536
0.842128 0.641291
0.843316 0.613247
0.844717 0.161031
0.847754 0.205472
0.847757 0.249112
0.852285 0.359582
0.853929 0.987503
0.853954 0.406191
0.853973 0.722063
0.854368 0.36874
0.85656 0.206278
0.856631 0.405114
0.858163 0.141605
0.859838 0.303151
0.861198 0.153465
0.862268 0.136372
0.863396 0.103343
0.865606 0.242368
0.865881 0.866383
0.867404 0.464887
0.868475 0.452333
0.870777 0.152094
0.871223 0.652354
0.872633 0.336411
0.874299 0.340717
0.875554 0.439991
0.877692 0.362846
0.880004 0.228415
0.880571 0.757442
0.88089 0.113246
0.881764 0.812968
0.890182 0.286856
0.891613 0.341374
0.892237 0.82813
0.893951 0.63075
0.897944 0.740535
0.898228 0.519661
0.898921 0.165056
0.899543 0.61725
0.899754 0.15772
0.903 0.725616
0.903522 0.49176
0.904437 0.870239
0.905326 0.805816
0.905608 0.553612
0.909189 0.74171
0.909914 0.928901
0.911159 0.844615
0.911831 0.151042
0.917152 0.577242
0.918236 0.791778
0.919153 0.212168
0.920758 0.175387
0.921923 0.763654
0.922753 0.716451
0.923232 0.768658
0.923626 0.388091
0.924085 0.105392
0.925524 0.285719
0.92623 0.1535
0.926776 0.325622
0.928152 0.449311
0.93074 0.938871
0.93157 0.895972
0.932047 0.914988
0.933758 0.674257
0.934541 0.836496
0.936991 0.0151573
0.937713 0.148597
0.938681 0.4073
0.939354 0.721819
0.939817 0.504885
0.940298 0.585087
0.942575 0.853121
0.944916 0.211596
0.944918 0.234832
0.945245 0.728896
0.946489 0.645072
0.948337 0.705294
0.948552 0.311959
0.948792 0.351524
0.94928 0.556298
0.949479 0.899081
0.950187 0.797925
0.950477 0.667531
0.951234 0.391634
0.952438 0.632926
0.953105 0.840397
0.954997 0.637338
0.955045 0.435464
0.956652 0.44237
0.956852 0.812452
0.957384 0.757381
0.957594 0.275874
0.9578 0.736726
0.958293 0.0249762
0.958789 0.371282
0.959836 0.9632
0.964158 0.596618
0.967665 0.543109
0.969589 0.874811
0.970802 0.262996
0.973889 0.14428
0.974036 0.617514
0.97599 0.469709
0.981349 0.54088
0.981952 0.659546
0.982356 0.463572
0.984749 0.678604
0.99112 0.750152
0.991512 0.350661
0.993181 0.390516
0.993822 0.163317
0.995172 0.848933
0.996475 0.756427
0.997458 0.283066
