0.0116735 0.197099
0.0123596 0.728299
0.0154886 0.316695
0.0176788 0.127639
0.0222626 0.167233
0.0284027 0.363695
0.0424758 0.890419
0.0491824 0.608881
0.0513295 0.694148
0.0524141 0.923594
0.0534606 0.512615
0.0579578 0.0975295
0.0679348 0.779596
0.068748 0.447607
0.0690617 0.7193
0.0854712 0.514714
0.0886465 0.882421
0.0906218 0.0805647
0.0960115 0.664637
0.101848 0.766767
0.11743 0.64145
0.125426 0.0396038
0.132838 0.608542
0.135982 0.450012
0.150178 0.035963
0.153254 0.731996
0.153915 0.855842
0.160453 0.727243
0.167794 0.117522
0.169741 0.832466
0.17317 0.476587
0.176099 0.697578
0.184718 0.561317
0.186758 0.846966
0.191869 0.746221
0.198342 0.531306
0.20063 0.993176
0.206025 0.656568
0.217566 0.62676
0.217736 0.482453
0.218935 0.635221
0.221123 0.419462
0.231179 0.427738
0.231371 0.645933
0.234588 0.720815
0.238185 0.171245
0.240667 0.889926
0.24313 0.279406
0.244023 0.289803
0.247784 0.508686
0.254357 0.982889
0.263669 0.491201
0.269232 0.987771
0.272146 0.965229
0.276316 0.0491604
0.278025 0.763068
0.285504 0.464858
0.288391 0.979989
0.291238 0.844177
0.297571 0.281218
0.300544 0.235877
0.312604 0.930474
0.31782 0.606745
0.3182 0.986903
0.330978 0.753112
0.33342 0.795516
0.333915 0.117521
0.347959 0.147083
0.370475 0.570499
0.370623 0.0691219
0.371395 0.031906
0.372043 0.928724
0.377701 0.0291442
0.38434 0.604917
0.387658 0.370654
0.400578 0.507235
0.407807 0.0203991
0.411022 0.0485341
0.411575 0.341894
0.429582 0.988376
0.433585 0.264292
0.450989 0.777472
0.457312 0.0510989
0.458581 0.363515
0.459433 0.682672
0.462628 0.381442
0.466293 0.989885
0.466727 0.278857
0.4721 0.592176
0.476714 0.131906
0.478735 0.0939503
0.479166 0.343352
0.48522 0.0867626
0.490255 0.717183
0.500189 0.677635
0.506983 0.867211
0.515131 0.800514
0.518547 0.2239
0.521288 0.289049
0.524158 0.52128
0.548889 0.174915
0.550442 0.282767
0.552968 0.735114
0.560385 0.392773
0.567501 0.984727
0.574799 0.643093
0.579243 0.330001
0.585451 0.67417
0.592126 0.867881
0.599061 0.420426
0.602182 0.874208
0.604948 0.367514
0.605527 0.0935622
0.614602 0.622299
0.616296 0.0822645
0.619894 0.556056
0.620371 0.578022
0.6273 0.0263826
0.628283 0.546611
0.638069 0.0306437
0.638155 0.477074
0.645235 0.456334
0.651215 0.964884
0.652182 0.218508
0.657677 0.569657
0.663098 0.693022
0.668286 0.887423
0.670738 0.0850398
0.672247 0.461831
0.673795 0.465052
0.679155 0.550538
0.68519 0.981137
0.693408 0.112532
0.696407 0.519961
0.703303 0.417838
0.704543 0.256266
0.711796 0.16157
0.71282 0.361778
0.713126 0.509471
0.731483 0.0269816
0.731672 0.217072
0.739466 0.202319
0.745268 0.723763
0.746571 0.618908
0.753314 0.949822
0.764751 0.171469
0.766993 0.859069
0.769921 0.0699013
0.782627 0.618272
0.788108 0.733652
0.805 0.635651
0.807805 0.786794
0.809581 0.62723
0.818176 0.0765784
0.8187 0.887481
0.819477 0.956352
0.824947 0.88062
0.826132 0.798299
0.831668 0.849924
0.833638 0.957587
0.841396 0.342152
0.847314 0.805945
0.848169 0.183017
0.850611 0.226587
0.851878 0.514624
0.852375 0.859091
0.862599 0.708386
0.869665 0.453927
0.873845 0.714328
0.874016 0.585956
0.87573 0.390493
0.882386 0.26625
0.887032 0.34326
0.888356 0.602871
0.88848 0.678854
0.894699 0.210167
0.895562 0.714511
0.895637 0.971598
0.899375 0.791406
0.900739 0.717526
0.918224 0.597066
0.92315 0.374539
0.923773 0.855433
0.945082 0.994441
0.945958 0.719098
0.951832 0.445474
0.952451 0.842313
0.953183 0.140591
0.961517 0.223194
0.967517 0.0511385
0.968957 0.268602
0.976334 0.25032
0.980185 0.968359
0.98038 0.245902
0.985801 0.360814
0.986056 0.650697
0.989516 0.791832
0.990203 0.347075
0.993684 0.840294
0.999348 0.0410169
