0.00510232 0.754772
0.00551087 0.62123
0.0060289 0.32769
0.00603135 0.368927
0.00608261 0.23036
0.00688278 0.678903
0.00850146 0.88413
0.00853278 0.410445
0.0087715 0.422547
0.0101749 0.00977627
0.010659 0.146359
0.0108938 0.0921095
0.0112487 0.0569455
0.0114209 0.951121
0.0123791 0.0559108
0.0125084 0.229372
0.0125984 0.741152
0.013166 0.281614
0.0132552 0.779824
0.0136273 0.0343762
0.016231 0.793955
0.0162502 0.117207
0.0165016 0.342578
0.0178675 0.299894
0.0180474 0.322837
0.0183874 0.0376594
0.0185038 0.992804
0.0188766 0.258478
0.0189044 0.727066
0.0196287 0.899895
0.0200434 0.869207
0.0202072 0.623173
0.0205937 0.118958
0.0214586 0.655327
0.0218298 0.893836
0.0226374 0.466427
0.0233643 0.684329
0.0234388 0.936454
0.0237245 0.736851
0.0238038 0.0710048
0.0238978 0.650812
0.0244066 0.202404
0.0247507 0.985058
0.0256543 0.17118
0.0263167 0.305365
0.0276577 0.843618
0.027986 0.360981
0.0293285 0.92413
0.0295005 0.814204
0.0302433 0.299885
0.0304644 0.0157436
0.0317075 0.908111
0.0318468 0.248767
0.0323856 0.304533
0.0351223 0.300004
0.0357544 0.923658
0.0383037 0.770463
0.0386328 0.301969
0.0394472 0.989788
0.0396274 0.0174968
0.0407496 0.878914
0.0408814 0.0944336
0.0410526 0.97179
0.0430236 0.0969139
0.0448893 0.455102
0.045215 0.928911
0.0505749 0.0118771
0.0506111 0.62044
0.0506202 0.774118
0.052245 0.0818626
0.052919 0.409444
0.0534361 0.100596
0.0539113 0.0871945
0.0546018 0.692581
0.0549507 0.555831
0.0562007 0.5646
0.0567852 0.388783
0.0595922 0.565785
0.0597662 0.490154
0.0613036 0.329961
0.0631058 0.619435
0.0634912 0.097164
0.0657463 0.99811
0.066392 0.849723
0.0664076 0.113323
0.0681855 0.994253
0.0684681 0.743959
0.0697286 0.929064
0.0699748 0.0671233
0.0700386 0.138812
0.070379 0.859355
0.0707886 0.7435
0.0718447 0.493948
0.0718814 0.109884
0.0736306 0.510148
0.0741331 0.954323
0.0772574 0.465332
0.078397 0.618978
0.0793702 0.974368
0.0796503 0.682618
0.0797479 0.322806
0.0797813 0.884739
0.0797957 0.126495
0.0799878 0.354779
0.0814307 0.605715
0.0831905 0.183099
0.0836702 0.244345
0.0841084 0.609209
0.0848598 0.237893
0.0853042 0.707263
0.0856744 0.930236
0.085905 0.80576
0.0870097 0.372185
0.0881524 0.577947
0.0883306 0.571666
0.0888977 0.103331
0.0908554 0.00624807
0.09198 0.908456
0.0926396 0.992896
0.0942164 0.495565
0.0951351 0.936083
0.0960176 0.768094
0.0969926 0.154398
0.0989031 0.26459
0.101208 0.00394429
0.105717 0.782225
0.105964 0.931938
0.107989 0.969232
0.108948 0.0936976
0.109276 0.606741
0.110322 0.181604
0.112015 0.635583
0.11535 0.68242
0.117806 0.965806
0.118715 0.241697
0.123085 0.693824
0.124387 0.579138
0.124449 0.616633
0.125794 0.218201
0.126986 0.253198
0.127398 0.180991
0.128737 0.676472
0.129773 0.0981973
0.130762 0.715825
0.131079 0.0462559
0.131126 0.828392
0.132122 0.582387
0.132843 0.686822
0.134864 0.65825
0.135028 0.409351
0.135216 0.575853
0.135807 0.505747
0.136738 0.16373
0.136998 0.526977
0.138353 0.290982
0.138529 0.258929
0.14005 0.822676
0.140348 0.835059
0.140779 0.077307
0.14148 0.856353
0.14154 0.867731
0.141888 0.70891
0.142085 0.0241056
0.143049 0.227852
0.143063 0.466126
0.1437 0.159724
0.143896 0.452474
0.144559 0.604643
0.144969 0.502186
0.145186 0.135978
0.146512 0.430862
0.147137 0.933787
0.14873 0.71318
0.149643 0.0440751
0.151656 0.876538
0.151893 0.859972
0.152033 0.211828
0.154566 0.796934
0.155601 0.184935
0.156338 0.570313
0.15692 0.354723
0.158612 0.791702
0.158917 0.917567
0.160392 0.716451
0.160605 0.280822
0.160693 0.760977
0.160697 0.83366
0.161128 0.0851122
0.161132 0.153859
0.161454 0.551855
0.161932 0.59654
0.162048 0.544774
0.162873 0.410862
0.16488 0.13511
0.16562 0.579593
0.167189 0.95178
0.16807 0.752439
0.169822 0.199795
0.17007 0.373903
0.170322 0.598264
0.171696 0.697198
0.171875 0.700825
0.171991 0.648801
0.172895 0.851531
0.173349 0.480723
0.173607 0.819012
0.173746 0.151654
0.173905 0.81971
0.175627 0.755057
0.175733 0.536409
0.176633 0.673977
0.177878 0.593886
0.180632 0.88758
0.180836 0.317838
0.181634 0.723767
0.184066 0.59025
0.184368 0.675879
0.184592 0.437052
0.184845 0.697415
0.18504 0.96627
0.185523 0.0870908
0.186202 0.490596
0.186287 0.932847
0.186299 0.134165
0.186525 0.931582
0.186703 0.919236
0.187989 0.527505
0.188414 0.679257
0.188552 0.986126
0.188933 0.394083
0.190677 0.716648
0.190709 0.253036
0.192683 0.418997
0.193152 0.306428
0.193872 0.409783
0.193986 0.325052
0.195164 0.120616
0.195647 0.231145
0.19802 0.114041
0.199275 0.210638
0.199552 0.873941
0.200452 0.989298
0.200825 0.27172
0.200838 0.486757
0.200913 0.750614
0.200991 0.0532506
0.201018 0.513198
0.202256 0.314381
0.203603 0.950291
0.204481 0.714682
0.204648 0.523551
0.205421 0.515777
0.205828 0.345192
0.205958 0.53872
0.205963 0.626141
0.206068 0.387152
0.206652 0.193123
0.208494 0.150303
0.209244 0.763335
0.210464 0.267287
0.210569 0.0362896
0.211621 0.722053
0.211745 0.799993
0.212322 0.492677
0.213283 0.642868
0.214583 0.493073
0.214891 0.673997
0.215103 0.229673
0.216749 0.898471
0.21754 0.197632
0.219101 0.429869
0.219209 0.240945
0.219425 0.873203
0.219623 0.199339
0.220915 0.915354
0.220937 0.287529
0.221466 0.186126
0.222603 0.294262
0.223552 0.246421
0.223835 0.987566
0.223976 0.366163
0.224397 0.446781
0.224584 0.589781
0.225226 0.378024
0.225448 0.101693
0.226281 0.110589
0.22661 0.630284
0.226933 0.0580046
0.227072 0.403223
0.227916 0.587711
0.228617 0.361372
0.229452 0.402982
0.23232 0.603493
0.23305 0.875522
0.233463 0.813364
0.233882 0.850451
0.234032 0.374064
0.236795 0.820513
0.237106 0.0466497
0.23748 0.328939
0.237688 0.81892
0.23889 0.0229744
0.239302 0.95198
0.23978 0.975848
0.240053 0.569754
0.240704 0.514086
0.241481 0.571061
0.241531 0.41652
0.241657 0.525601
0.241885 0.36287
0.242273 0.886947
0.243221 0.810556
0.243923 0.609066
0.244242 0.972219
0.246301 0.586184
0.246319 0.884956
0.247245 0.451244
0.247304 0.441655
0.248053 0.0286173
0.250062 0.792639
0.250288 0.587833
0.250327 0.24841
0.250915 0.131901
0.253514 0.809185
0.253603 0.302425
0.254039 0.625449
0.255079 0.108854
0.257247 0.546441
0.257472 0.325498
0.257649 0.300363
0.257807 0.955647
0.258365 0.345036
0.258842 0.351717
0.25917 0.870583
0.259247 0.159766
0.260968 0.0851972
0.261614 0.941639
0.261838 0.718833
0.261943 0.482106
0.264766 0.927364
0.266133 0.899488
0.267049 0.297353
0.268142 0.670882
0.268466 0.106702
0.270856 0.272459
0.271073 0.917074
0.271264 0.130667
0.271469 0.580734
0.272314 0.775866
0.272899 0.607273
0.273004 0.372487
0.274161 0.828958
0.275535 0.92495
0.277746 0.0837917
0.282521 0.335014
0.282779 0.667207
0.28288 0.368754
0.286354 0.759205
0.286787 0.0351692
0.286992 0.477097
0.28843 0.635017
0.290128 0.175438
0.290471 0.943832
0.291439 0.208428
0.291608 0.0616327
0.291703 0.658447
0.291715 0.847148
0.292562 0.0841907
0.293198 0.777962
0.293954 0.479439
0.293981 0.932093
0.295205 0.504182
0.295418 0.0898171
0.295541 0.151846
0.296708 0.777211
0.297404 0.473289
0.29777 0.62152
0.29849 0.725963
0.299009 0.452302
0.299099 0.954362
0.299696 0.989897
0.300792 0.408286
0.300822 0.921046
0.300924 0.635013
0.301393 0.511925
0.301763 0.733443
0.301921 0.382606
0.303046 0.301007
0.303185 0.633844
0.305182 0.185888
0.305194 0.389014
0.305922 0.627945
0.306149 0.440279
0.308184 0.656258
0.308221 0.262026
0.308233 0.470161
0.309072 0.576072
0.309849 0.624015
0.311061 7.69435e-05
0.312707 0.670159
0.312901 0.934107
0.313182 0.650809
0.314718 0.470455
0.314785 0.587333
0.316893 0.0223936
0.319406 0.259203
0.319901 0.569547
0.32244 0.242434
0.322505 0.344238
0.322664 0.0124512
0.323218 0.324555
0.323696 0.361555
0.3239 0.782164
0.325983 0.792464
0.326812 0.727972
0.327241 0.940112
0.327248 0.0629861
0.328693 0.338098
0.329547 0.693303
0.330862 0.793076
0.330955 0.362271
0.33278 0.0350171
0.333074 0.98158
0.333771 0.691941
0.333911 0.0447045
0.334705 0.39451
0.335934 0.0405586
0.336061 0.174168
0.338435 0.0800967
0.339807 0.136432
0.339989 0.192324
0.340046 0.15766
0.340345 0.170332
0.340715 0.393782
0.341027 0.640549
0.341369 0.394472
0.34212 0.0036373
0.343205 0.25005
0.343655 0.804633
0.345144 0.833213
0.346252 0.462461
0.346356 0.209307
0.348303 0.928492
0.348518 0.54566
0.349126 0.759745
0.349276 0.283655
0.349694 0.309105
0.3507 0.213139
0.351631 0.863498
0.352613 0.363512
0.353539 0.925817
0.353951 0.86095
0.355524 0.293464
0.357526 0.94045
0.357667 0.305774
0.357968 0.362
0.358407 0.739527
0.358909 0.190072
0.359747 0.269014
0.360411 0.427703
0.360937 0.270138
0.362054 0.0384136
0.363359 0.971524
0.363538 0.988746
0.363569 0.504691
0.36668 0.782607
0.367297 0.164654
0.367339 0.868965
0.367668 0.390546
0.367954 0.199623
0.368407 0.819643
0.368653 0.943584
0.368867 0.539667
0.369428 0.975334
0.369522 0.549021
0.370291 0.474184
0.370658 0.654033
0.371345 0.188654
0.373877 0.748356
0.374801 0.28157
0.37549 0.865184
0.376088 0.911479
0.376482 0.535295
0.377082 0.618672
0.37715 0.765775
0.37721 0.771996
0.377275 0.862076
0.379309 0.0381401
0.380453 0.28085
0.380775 0.685412
0.381305 0.587664
0.381406 0.289234
0.382862 0.764717
0.384708 0.782896
0.384995 0.613292
0.385301 0.747343
0.386401 0.24323
0.386471 0.419486
0.386648 0.390845
0.387564 0.782003
0.38993 0.557255
0.392868 0.939579
0.393068 0.299909
0.394682 0.412917
0.394802 0.437568
0.394922 0.452138
0.394928 0.550124
0.396304 0.687869
0.396337 0.232897
0.397687 0.930448
0.398162 0.901738
0.398352 0.0987867
0.398607 0.390658
0.398782 0.33727
0.399134 0.250687
0.399889 0.92651
0.40043 0.0264405
0.401022 0.973388
0.401224 0.373429
0.401556 0.954319
0.401918 0.0399393
0.401967 0.85713
0.402348 0.264766
0.406876 0.370337
0.408434 0.553808
0.408995 0.971004
0.409344 0.848052
0.410279 0.563237
0.410731 0.161107
0.410878 0.634334
0.41135 0.566625
0.412382 0.898261
0.412816 0.2015
0.414147 0.562611
0.416162 0.441954
0.417265 0.96661
0.41849 0.569895
0.419483 0.253084
0.420856 0.330316
0.421412 0.667949
0.422093 0.118295
0.423129 0.523663
0.423238 0.361216
0.423515 0.0213497
0.424792 0.482976
0.427209 0.100565
0.427351 0.485698
0.428659 0.472129
0.430723 0.157963
0.432082 0.995473
0.432118 0.599419
0.432899 0.729624
0.434425 0.375063
0.435254 0.307026
0.436869 0.453547
0.43814 0.824184
0.440817 0.817746
0.441444 0.353933
0.442403 0.472739
0.443235 0.445023
0.443888 0.417327
0.446967 0.17173
0.448079 0.861545
0.448222 0.267144
0.448822 0.359154
0.449069 0.506715
0.449714 0.337784
0.450159 0.817812
0.451196 0.253993
0.452598 0.807334
0.453157 0.211483
0.453269 0.0852413
0.454356 0.355783
0.454442 0.801752
0.455913 0.537117
0.458647 0.473702
0.458777 0.669366
0.459193 0.656537
0.459621 0.855255
0.460009 0.366826
0.462997 0.584779
0.463806 0.193301
0.464205 0.890356
0.464444 0.917321
0.465059 0.248559
0.465194 0.523763
0.465312 0.504272
0.467441 0.275554
0.468409 0.546599
0.468802 0.153776
0.468974 0.0400397
0.469849 0.757934
0.470877 0.0372034
0.470964 0.497369
0.47207 0.0795177
0.47408 0.867057
0.474199 0.865521
0.475594 0.315882
0.475734 0.658275
0.47707 0.112622
0.477403 0.715465
0.478383 0.183805
0.478452 0.343759
0.478581 0.509049
0.480164 0.111864
0.480416 0.355212
0.480576 0.0388039
0.481578 0.882246
0.483392 0.372004
0.483539 0.846851
0.485671 0.672808
0.487608 0.226199
0.488265 0.261662
0.49002 0.769109
0.492507 0.562429
0.492649 0.957322
0.49417 0.520036
0.49434 0.375682
0.496227 0.0881931
0.496792 0.574833
0.497054 0.982683
0.497197 0.390411
0.497253 0.339147
0.498751 0.51055
0.500125 0.59661
0.50212 0.124987
0.503272 0.493678
0.503882 0.742974
0.503936 0.644392
0.504068 0.875024
0.504193 0.965698
0.504423 0.830516
0.504466 0.552568
0.505653 0.511939
0.505776 0.575526
0.505786 0.74762
0.506158 0.00458262
0.506419 0.383546
0.507085 0.582102
0.507931 0.789427
0.508121 0.983768
0.508451 0.533399
0.509656 0.783723
0.50981 0.371441
0.511441 0.794171
0.51245 0.742698
0.513483 0.106186
0.513983 0.504749
0.514482 0.903735
0.515233 0.518793
0.515415 0.584288
0.516194 0.671081
0.51639 0.96286
0.516456 0.0708939
0.517525 0.0410908
0.517809 0.82301
0.520719 0.732285
0.522775 0.281095
0.522975 0.642427
0.523833 0.0587011
0.526278 0.150215
0.529206 0.368139
0.529719 0.991217
0.530614 0.0237701
0.530808 0.282545
0.531117 0.485922
0.531465 0.334889
0.531839 0.621631
0.531886 0.41085
0.532105 0.0820201
0.533045 0.889486
0.53452 0.680121
0.53466 0.031671
0.53603 0.0571781
0.536848 0.808414
0.537405 0.170849
0.538199 0.509033
0.539116 0.918332
0.539553 0.26266
0.539805 0.504622
0.539975 0.364143
0.540424 0.902392
0.540456 0.437661
0.540976 0.175724
0.541726 0.781054
0.542408 0.249049
0.542462 0.16241
0.545164 0.571247
0.547096 0.0480965
0.547525 0.2608
0.548357 0.242116
0.548433 0.516679
0.549092 0.583924
0.549672 0.338085
0.551617 0.0296198
0.552292 0.363369
0.552768 0.371537
0.553357 0.275674
0.553829 0.212058
0.55394 0.067581
0.554184 0.166689
0.554555 0.40407
0.555252 0.128918
0.555546 0.0665514
0.555663 0.0222828
0.556016 0.954765
0.556362 0.783743
0.559021 0.469055
0.56188 0.511403
0.562207 0.0124094
0.562223 0.277348
0.56231 0.75056
0.5641 0.836297
0.564809 0.747264
0.565985 0.510827
0.566027 0.213893
0.568653 0.345529
0.568658 0.441927
0.569031 0.698005
0.570321 0.39209
0.570436 0.309895
0.570626 0.518488
0.571885 0.66619
0.57501 0.192774
0.576851 0.136054
0.577317 0.971917
0.578203 0.852021
0.578651 0.379516
0.579229 0.102278
0.580973 0.406051
0.580995 0.780942
0.581911 0.171129
0.583698 0.219543
0.586886 0.788113
0.587121 0.749759
0.588561 0.95106
0.58865 0.433625
0.589799 0.75578
0.590057 0.0858131
0.590124 0.207707
0.590783 0.28335
0.591433 0.212953
0.593032 0.0956553
0.593736 0.924414
0.594475 0.341763
0.59531 0.374787
0.595314 0.441304
0.596789 0.227532
0.597504 0.257413
0.597564 0.252106
0.597791 0.0713818
0.597996 0.513654
0.599604 0.537277
0.600935 0.913814
0.601471 0.922278
0.602141 0.182373
0.602697 0.536762
0.603071 0.817526
0.603989 0.246892
0.604949 0.377876
0.607051 0.703563
0.607479 0.893915
0.608531 0.57204
0.60899 0.301996
0.609251 0.689083
0.609359 0.493092
0.609687 0.0106042
0.611189 0.250637
0.612135 0.159838
0.613678 0.0844749
0.61395 0.663699
0.614171 0.378712
0.614259 0.852371
0.615089 0.797278
0.615393 0.904391
0.616649 0.0153333
0.616966 0.339957
0.617864 0.43599
0.61802 0.0683422
0.618508 0.269195
0.619107 0.339956
0.620165 0.121506
0.620904 0.540154
0.62197 0.442402
0.622984 0.500287
0.624269 0.0903209
0.626006 0.2763
0.62629 0.0625159
0.626403 0.952553
0.627416 0.983139
0.627952 0.995931
0.628186 0.918367
0.630987 0.00498164
0.631511 0.801508
0.633012 0.0264906
0.634149 0.143673
0.63579 0.715307
0.638799 0.298532
0.638906 0.0868733
0.640057 0.438706
0.641467 0.142689
0.642063 0.161655
0.642216 0.72688
0.642597 0.126933
0.643047 0.685061
0.643987 0.493615
0.646654 0.318597
0.648125 0.0331754
0.648222 0.666014
0.64923 0.604594
0.649693 0.394477
0.649749 0.326832
0.65033 0.0927791
0.65203 0.675267
0.653795 0.340618
0.655449 0.133292
0.655964 0.78507
0.65677 0.340881
0.658384 0.451909
0.658916 0.395329
0.658985 0.55677
0.659114 0.733799
0.659273 0.393521
0.65944 0.207116
0.65976 0.589193
0.659931 0.466698
0.660359 0.661519
0.660607 0.814754
0.661527 0.284762
0.662551 0.497476
0.66299 0.876827
0.663243 0.124448
0.66389 0.0013008
0.664093 0.411884
0.666403 0.243057
0.667497 0.615028
0.668067 0.208787
0.669732 0.187611
0.670691 0.310761
0.670752 0.328041
0.671723 0.653573
0.675846 0.941649
0.676234 0.46672
0.676847 0.774839
0.676994 0.239887
0.67777 0.275706
0.678028 0.623176
0.67863 0.7277
0.680738 0.165852
0.680751 0.380451
0.68131 0.781838
0.682371 0.601878
0.682456 0.0445364
0.682861 0.846387
0.683063 0.236199
0.683287 0.000729408
0.685492 0.057093
0.686731 0.881755
0.688637 0.916939
0.689213 0.607181
0.689658 0.0747038
0.690023 0.218075
0.690373 0.102096
0.690447 0.35001
0.6931 0.927836
0.694447 0.570986
0.696334 0.286784
0.697173 0.384994
0.699468 0.952982
0.699479 0.150997
0.7008 0.352841
0.702004 0.584702
0.703302 0.400612
0.704052 0.00293731
0.704254 0.404692
0.704424 0.258867
0.705039 0.594363
0.70585 0.219727
0.705871 0.574794
0.706162 0.466306
0.707094 0.127943
0.708503 0.803438
0.708749 0.951179
0.708936 0.0907896
0.709461 0.903391
0.711544 0.914302
0.711924 0.311075
0.712476 0.5759
0.713434 0.679327
0.713692 0.0205675
0.713939 0.169482
0.715132 0.221133
0.716146 0.272303
0.717301 0.679093
0.718651 0.373881
0.719713 0.211734
0.71974 0.67187
0.720433 0.318
0.720993 0.722111
0.722421 0.724889
0.724181 0.310842
0.724397 0.946785
0.724877 0.00286641
0.72644 0.275174
0.726514 0.520631
0.726542 0.987263
0.727428 0.878621
0.727601 0.792926
0.727909 0.958611
0.728951 0.48359
0.728973 0.852493
0.729109 0.142192
0.730781 0.238755
0.731755 0.598403
0.732115 0.650456
0.73328 0.237182
0.733351 0.426986
0.733359 0.56102
0.73361 0.77577
0.734801 0.796992
0.735373 0.421345
0.735555 0.465176
0.735738 0.550339
0.737336 0.401602
0.737479 0.804102
0.740676 0.535367
0.745517 0.905205
0.745752 0.848278
0.747872 0.47838
0.750876 0.969904
0.752665 0.0358483
0.753984 0.201597
0.755349 0.158459
0.755369 0.484702
0.755732 0.581326
0.756452 0.681887
0.756913 0.437482
0.758227 0.520021
0.758298 0.720156
0.759424 0.641452
0.760664 0.482886
0.760899 0.423306
0.761151 0.6599
0.761708 0.0296291
0.763447 0.25056
0.763651 0.677133
0.763903 0.922977
0.764479 0.605229
0.765294 0.289737
0.765676 0.71359
0.767688 0.538587
0.767784 0.15121
0.768334 0.393315
0.768731 0.0628449
0.769391 0.158876
0.769598 0.62674
0.769916 0.969904
0.770953 0.410389
0.771684 0.686385
0.772252 0.244855
0.772373 0.27878
0.772747 0.555285
0.773328 0.317358
0.773606 0.0021918
0.774536 0.633298
0.775463 0.211866
0.775952 0.420843
0.776524 0.0361561
0.777396 0.689483
0.78069 0.0617655
0.781898 0.35198
0.782144 0.497608
0.782729 0.32039
0.782872 0.722897
0.783412 0.802347
0.783911 0.194829
0.784967 0.939814
0.785375 0.793318
0.785959 0.618378
0.786728 0.541146
0.788063 0.973406
0.78905 0.569035
0.789734 0.0608995
0.790405 0.331576
0.791526 0.177473
0.792309 0.344103
0.79256 0.563729
0.793243 0.0351902
0.793426 0.104716
0.79369 0.551048
0.793846 0.176975
0.79397 0.252669
0.79428 0.467097
0.794328 0.271374
0.795375 0.861397
0.795874 0.261635
0.796021 0.73152
0.797371 0.409004
0.797373 0.453912
0.798242 0.0531426
0.798941 0.80244
0.800846 0.822684
0.80108 0.756914
0.801315 0.700418
0.80167 0.661763
0.80174 0.836039
0.805381 0.0312972
0.805426 0.801412
0.805713 0.62053
0.806195 0.723068
0.806257 0.762042
0.806435 0.753375
0.808778 0.132589
0.80945 0.41873
0.811374 0.7634
0.81199 0.112263
0.814004 0.966749
0.81531 0.91354
0.816224 0.279043
0.816715 0.528083
0.81698 0.977108
0.817113 0.221813
0.818415 0.101837
0.818663 0.275866
0.818973 0.483971
0.819108 0.751364
0.819216 0.56219
0.819958 0.0311928
0.820238 0.743152
0.820377 0.0719981
0.822344 0.128054
0.822929 0.97552
0.823273 0.742154
0.823416 0.156487
0.823808 0.745366
0.823948 0.0956249
0.825214 0.371978
0.825447 0.295462
0.826268 0.0805937
0.827022 0.764344
0.827413 0.334276
0.827677 0.768658
0.830951 0.791415
0.832044 0.164998
0.832634 0.0806872
0.833774 0.235389
0.833786 0.441528
0.835212 0.416186
0.836023 0.0360017
0.837515 0.111971
0.838579 0.989605
0.839178 0.0682154
0.839264 0.510584
0.840847 0.108148
0.842448 0.0248473
0.842645 0.334501
0.843091 0.831044
0.843355 0.26325
0.843566 0.809433
0.843671 0.582074
0.843683 0.788526
0.844747 0.669604
0.847086 0.967111
0.84724 0.56329
0.847506 0.0378834
0.847528 0.400565
0.847896 0.581832
0.849107 0.937201
0.849292 0.053833
0.849639 0.875345
0.850599 0.0200645
0.850603 0.0916288
0.852175 0.500381
0.854401 0.917329
0.854687 0.717922
0.8551 0.663653
0.85545 0.546719
0.855629 0.562477
0.857058 0.565631
0.85969 0.810695
0.860202 0.407907
0.861039 0.483718
0.861279 0.517194
0.8613 0.874366
0.861303 0.926591
0.86143 0.0508713
0.862474 0.605511
0.86261 0.891977
0.863004 0.505001
0.863586 0.29748
0.86382 0.214914
0.865135 0.316479
0.865952 0.0575721
0.866067 0.995663
0.866936 0.59228
0.868645 0.316268
0.869597 0.321929
0.870201 0.462399
0.871312 0.13675
0.871344 0.673725
0.872488 0.902535
0.87439 0.864809
0.876053 0.819277
0.876217 0.584787
0.876669 0.173431
0.87754 0.814877
0.878559 0.935529
0.879267 0.847185
0.87943 0.579152
0.881243 0.0432861
0.882929 0.389269
0.887283 0.569429
0.887449 0.356094
0.888352 0.538843
0.888482 0.717626
0.890534 0.212286
0.891654 0.0249291
0.89221 0.371312
0.892528 0.722749
0.892565 0.339811
0.893102 0.37141
0.894124 0.54871
0.894447 0.967813
0.896061 0.0941104
0.896323 0.506664
0.897858 0.300648
0.898077 0.985529
0.899317 0.816671
0.900127 0.44087
0.90046 0.037162
0.901184 0.197289
0.901259 0.464512
0.901751 0.725158
0.903606 0.908098
0.903635 0.400126
0.903989 0.348707
0.905736 0.702577
0.905931 0.980589
0.906531 0.0663057
0.907286 0.763283
0.907622 0.406228
0.907856 0.336795
0.90838 0.13905
0.908497 0.108251
0.908507 0.275954
0.908797 0.144699
0.909883 0.407227
0.910176 0.328072
0.910689 0.953654
0.912008 0.112086
0.912671 0.259864
0.9128 0.424051
0.91457 0.185566
0.915389 0.936277
0.915488 0.600148
0.916447 0.732666
0.916926 0.781758
0.917577 0.723609
0.918614 0.147628
0.91867 0.0888032
0.919252 0.86001
0.920285 0.235269
0.920376 0.753655
0.920624 0.920626
0.921455 0.901292
0.922696 0.749245
0.925596 0.484743
0.925643 0.276482
0.926083 0.683929
0.926186 0.400353
0.927642 0.87323
0.927654 0.0873829
0.92814 0.248095
0.929698 0.435431
0.930788 0.750247
0.930902 0.674939
0.932903 0.305129
0.934641 0.507567
0.935054 0.44796
0.935656 0.568927
0.935867 0.115352
0.938353 0.906912
0.938788 0.213892
0.938875 0.678566
0.939822 0.596923
0.941366 0.54363
0.943788 0.238043
0.944644 0.624647
0.946995 0.152241
0.947276 0.867402
0.951675 0.803316
0.952177 0.2404
0.953254 0.338355
0.954741 0.331082
0.95585 0.97509
0.956658 0.556635
0.957526 0.14692
0.957726 0.507986
0.958214 0.704965
0.958678 0.506008
0.959392 0.50139
0.959707 0.794301
0.963236 0.112318
0.963837 0.208241
0.964239 0.970952
0.964251 0.161289
0.966529 0.458672
0.966667 0.77257
0.967213 0.945466
0.969207 0.454582
0.969666 0.169293
0.969706 0.85129
0.970005 0.871296
0.970373 0.0576962
0.971063 0.65438
0.97137 0.813256
0.971392 0.186895
0.971576 0.270766
0.971639 0.342439
0.973803 0.700862
0.974822 0.836581
0.975832 0.807084
0.976099 0.301204
0.976601 0.738735
0.977477 0.453538
0.978399 0.947456
0.978811 0.879936
0.979051 0.909429
0.9797 0.820968
0.981132 0.890474
0.981595 0.661245
0.98297 0.770932
0.983911 0.597541
0.984867 0.65596
0.987989 0.136946
0.988703 0.126545
0.990236 0.90151
0.990533 0.884466
0.991075 0.989038
0.991991 0.387216
0.992399 0.244399
0.992509 0.097503
0.992669 0.779874
0.994581 0.930622
0.994651 0.104609
0.994785 0.360051
0.995996 0.697889
0.996261 0.153777
0.996818 0.518592
0.99804 0.0654094
