0.000670311 0.265925
0.00668664 0.382444
0.00945242 0.866875
0.00962775 0.81362
0.0108496 0.348792
0.0128632 0.191743
0.0175461 0.896842
0.0222308 0.63259
0.0251399 0.526854
0.0264131 0.925282
0.0265886 0.87497
0.0318082 0.601252
0.0352574 0.57131
0.0355488 0.468841
0.0355894 0.150377
0.0375135 0.489318
0.0428632 0.401794
0.0476446 0.762265
0.0477079 0.826808
0.05197 0.459014
0.0576233 0.474299
0.0580428 0.524809
0.0583989 0.510799
0.0597862 0.826759
0.0670685 0.219536
0.0678516 0.381212
0.0707383 0.89797
0.0728372 0.175565
0.0754365 0.860871
0.076333 0.928479
0.0800802 0.907609
0.0805243 0.371961
0.0809451 0.4448
0.0813974 0.0455664
0.084321 0.183449
0.0888776 0.766539
0.0928446 0.438917
0.0934796 0.111126
0.0969031 0.650374
0.098153 0.657186
0.0994108 0.797931
0.101103 0.240076
0.101452 0.100822
0.103321 0.518482
0.109229 0.814157
0.111731 0.871101
0.113988 0.801857
0.120761 0.622679
0.12101 0.817644
0.122319 0.815924
0.123942 0.0945544
0.124428 0.26753
0.12489 0.0299266
0.133374 0.609955
0.1334 0.0511977
0.137332 0.140128
0.137471 0.479852
0.141181 0.834586
0.145266 0.478568
0.151142 0.238128
0.15703 0.20047
0.158889 0.448517
0.159491 0.562401
0.162445 0.218585
0.164525 0.170102
0.166215 0.57576
0.166777 0.018533
0.166979 0.411436
0.170504 0.66192
0.173483 0.732307
0.17592 0.689747
0.178759 0.398387
0.180234 0.190563
0.181899 0.172064
0.184262 0.883171
0.186239 0.125135
0.189286 0.324546
0.18931 0.739844
0.190403 0.102314
0.191078 0.444203
0.192973 0.305047
0.195367 0.527701
0.195949 0.307109
0.20055 0.642203
0.201054 0.122849
0.202748 0.592927
0.204192 0.847189
0.208298 0.867423
0.209635 0.328156
0.209649 0.562642
0.213848 0.1385
0.215101 0.202022
0.215988 0.114284
0.21912 0.753567
0.219232 0.628163
0.221672 0.637594
0.221871 0.983813
0.227792 0.497515
0.228898 0.09145
0.229174 0.722125
0.229607 0.00219792
0.231485 0.562196
0.231526 0.262202
0.232144 0.644539
0.23386 0.484631
0.235749 0.227594
0.240378 0.0275276
0.240716 0.718159
0.242712 0.25495
0.244996 0.64448
0.253218 0.827373
0.254258 0.310433
0.255287 0.603242
0.255427 0.967416
0.26459 0.96297
0.267889 0.405831
0.269726 0.282525
0.270865 0.424846
0.276373 0.00403219
0.283644 0.205134
0.285411 0.902097
0.286819 0.574563
0.293992 0.115551
0.295913 0.412198
0.300416 0.092821
0.300615 0.434524
0.307234 0.689282
0.315265 0.66712
0.316706 0.875708
0.317863 0.328767
0.320021 0.585229
0.320382 0.652074
0.321274 0.651811
0.321534 0.0198252
0.321968 0.308781
0.322582 0.635589
0.324325 0.93343
0.326597 0.10812
0.333215 0.34879
0.334371 0.776586
0.334385 0.000482774
0.347632 0.651805
0.350132 0.67544
0.353561 0.302797
0.355908 0.742619
0.360585 0.359469
0.362813 0.801218
0.363462 0.713408
0.364495 0.0625272
0.364547 0.945216
0.378087 0.504846
0.379419 0.898828
0.384018 0.191221
0.385943 0.540094
0.387087 0.764545
0.390264 0.165741
0.394076 0.243263
0.395221 0.477097
0.396029 0.055488
0.396443 0.0237976
0.400724 0.969802
0.40076 0.578436
0.400929 0.409859
0.407236 0.415167
0.408182 0.311196
0.409395 0.695655
0.40989 0.0160093
0.423403 0.12884
0.426147 0.247051
0.433387 0.936426
0.433566 0.938989
0.43365 0.36169
0.435384 0.49956
0.438167 0.276438
0.443385 0.969208
0.448985 0.084045
0.449112 0.225003
0.458441 0.0105958
0.460963 0.407369
0.465251 0.474909
0.465448 0.784493
0.466888 0.981396
0.471536 0.111672
0.471855 0.466772
0.474092 0.0572928
0.475581 0.096963
0.478996 0.492025
0.484636 0.283132
0.484652 0.549823
0.499379 0.066585
0.499966 0.928679
0.502801 0.568274
0.503108 0.737833
0.50586 0.995213
0.507053 0.0339508
0.5092 0.132062
0.510039 0.219565
0.51063 0.15637
0.514949 0.747119
0.515431 0.841181
0.516292 0.32466
0.51674 0.85405
0.519218 0.499742
0.523735 0.410162
0.524631 0.466093
0.525582 0.455694
0.529306 0.0507375
0.532205 0.773072
0.533928 0.721011
0.534482 0.0359091
0.535272 0.314174
0.535666 0.938797
0.536107 0.342816
0.536256 0.849203
0.539066 0.0843857
0.53991 0.263184
0.541954 0.615819
0.54404 0.683635
0.548751 0.859867
0.550082 0.232608
0.556449 0.232975
0.559021 0.463749
0.559402 0.869617
0.561831 0.689595
0.562312 0.774203
0.564646 0.00923249
0.56561 0.200863
0.56898 0.842677
0.57313 0.603364
0.574362 0.301637
0.578818 0.192681
0.583668 0.710257
0.584019 0.60954
0.586039 0.553153
0.586052 0.777801
0.586146 0.353726
0.586803 0.395278
0.587761 0.505898
0.588532 0.463618
0.590934 0.820448
0.592457 0.428821
0.598044 0.320294
0.600493 0.484163
0.604439 0.798258
0.607241 0.893505
0.607376 0.164483
0.610413 0.209018
0.611504 0.549684
0.614232 0.390466
0.615953 0.326612
0.616924 0.640076
0.618985 0.279062
0.626751 0.808759
0.627743 0.47365
0.628147 0.272754
0.631207 0.689104
0.640641 0.248778
0.640798 0.897887
0.644075 0.973785
0.644117 0.666685
0.644307 0.864789
0.648046 0.707208
0.650585 0.387186
0.650737 0.930537
0.656837 0.456694
0.657016 0.471365
0.657827 0.10375
0.662408 0.0856473
0.672689 0.890472
0.674565 0.416762
0.682 0.367698
0.682156 0.00342329
0.683941 0.998101
0.685346 0.603972
0.685593 0.764462
0.687001 0.433861
0.693306 0.40175
0.702507 0.03063
0.702716 0.550923
0.704621 0.571535
0.704967 0.38378
0.709671 0.434891
0.709824 0.0158245
0.709999 0.948772
0.713705 0.241561
0.716592 0.760268
0.720064 0.119406
0.726324 0.327895
0.731574 0.564949
0.734373 0.607823
0.734614 0.663799
0.735287 0.973138
0.738868 0.155452
0.744253 0.654499
0.745792 0.529712
0.753008 0.800541
0.753788 0.913724
0.754812 0.119144
0.760796 0.692559
0.761437 0.471466
0.763647 0.610327
0.763863 0.248712
0.764067 0.671457
0.76521 0.889389
0.765745 0.872088
0.766058 0.140487
0.766295 0.117042
0.766981 0.649862
0.769103 0.30979
0.769695 0.258053
0.772602 0.125159
0.77748 0.0981355
0.778376 0.16201
0.778838 0.923741
0.781787 0.49191
0.781965 0.482311
0.782459 0.787623
0.784208 0.181768
0.790216 0.15839
0.7956 0.643842
0.798327 0.489
0.798926 0.544209
0.798992 0.65294
0.799441 0.202342
0.802495 0.526928
0.80467 0.0838045
0.805752 0.276161
0.808523 0.839599
0.813795 0.449618
0.815463 0.485379
0.817786 0.524272
0.824925 0.518314
0.827193 0.625947
0.828677 0.573579
0.830685 0.316539
0.833444 0.689499
0.833469 0.11451
0.834674 0.362321
0.836291 0.540727
0.839295 0.0335107
0.844693 0.747759
0.854384 0.632434
0.85697 0.0977721
0.857135 0.866092
0.861249 0.0113287
0.871563 0.361088
0.872807 0.263418
0.87301 0.687118
0.874126 0.43578
0.875097 0.750919
0.875765 0.989899
0.877596 0.76229
0.878725 0.726804
0.879873 0.0273037
0.882376 0.089147
0.891272 0.606265
0.89384 0.762079
0.893844 0.83394
0.894231 0.339618
0.89532 0.636714
0.89667 0.331792
0.896838 0.155084
0.899647 0.366522
0.905031 0.85775
0.910294 0.303189
0.911321 0.563848
0.912731 0.266375
0.91741 0.912542
0.919262 0.0396091
0.920527 0.300074
0.921102 0.955779
0.924202 0.062689
0.933531 0.859849
0.937201 0.534535
0.938111 0.836143
0.940463 0.360036
0.942921 0.671831
0.944268 0.314762
0.949793 0.171549
0.953189 0.25099
0.953758 0.809515
0.954335 0.509595
0.956045 0.242506
0.956926 0.0496674
0.959371 0.144179
0.959706 0.784871
0.961667 0.743089
0.962701 0.108957
0.963381 0.551555
0.965378 0.114799
0.965717 0.799286
0.967131 0.570114
0.967296 0.340031
0.967384 0.816491
0.969298 7.09803e-05
0.97635 0.509138
0.979005 0.133014
0.986631 0.305502
0.990119 0.92853
0.994494 0.462904
