0.00147411 0.775319
0.00693757 0.599777
0.00705465 0.567593
0.00723754 0.641313
0.00939291 0.866602
0.0105653 0.570238
0.0140851 0.727955
0.0144432 0.74684
0.0163443 0.697954
0.028394 0.218195
0.0293319 0.981841
0.0435573 0.0677801
0.044986 0.0795506
0.0466582 0.184356
0.0467922 0.436652
0.0479868 0.514662
0.0516976 0.88213
0.0518142 0.842033
0.0536156 0.117231
0.0544159 0.568756
0.0557259 0.584372
0.062149 0.53821
0.0646878 0.208202
0.0734682 0.779747
0.0764244 0.465272
0.0781267 0.0751914
0.082274 0.778613
0.0841963 0.0863971
0.0871112 0.0779347
0.0932159 0.680117
0.0983043 0.200435
0.110369 0.965235
0.113615 0.524178
0.113806 0.741911
0.116521 0.373957
0.120475 0.829137
0.120587 0.708256
0.125452 0.479133
0.126028 0.155875
0.126474 0.647166
0.132926 0.0843059
0.134772 0.115696
0.136111 0.617423
0.1424 0.314089
0.146467 0.67053
0.14669 0.410838
0.149619 0.654713
0.151002 0.891047
0.155303 0.177194
0.159156 0.935915
0.165781 0.277687
0.180764 0.102779
0.182282 0.6147
0.182842 0.0241402
0.188391 0.285856
0.190776 0.367949
0.195986 0.943487
0.1991 0.274591
0.207344 0.833282
0.209263 0.0880666
0.211881 0.0794699
0.233282 0.762778
0.24313 0.282967
0.244594 0.895442
0.256309 0.790238
0.260921 0.306113
0.265671 0.128373
0.265739 0.274787
0.270583 0.682238
0.276494 0.0385125
0.277668 0.759335
0.279165 0.92051
0.280206 0.424505
0.293497 0.808165
0.295631 0.677354
0.300052 0.972506
0.304915 0.711005
0.306877 0.678099
0.307748 0.31834
0.30934 0.080179
0.314495 0.71138
0.323585 0.48966
0.336465 0.973303
0.345759 0.176676
0.346773 0.222031
0.366481 0.447142
0.375162 0.349926
0.37652 0.168449
0.378235 0.989288
0.38093 0.298832
0.387674 0.642362
0.393463 0.925478
0.394066 0.0609161
0.402937 0.168747
0.403408 0.0821999
0.403877 0.967541
0.413684 0.77967
0.417918 0.94674
0.428847 0.635532
0.429443 0.646702
0.448219 0.21272
0.450763 0.96571
0.454462 0.150581
0.455932 0.850352
0.456828 0.902416
0.459941 0.230046
0.464003 0.491998
0.465068 0.397698
0.465788 0.503808
0.46943 0.707001
0.472052 0.779517
0.473935 0.419924
0.475422 0.425354
0.485076 0.664987
0.48927 0.154864
0.496429 0.479398
0.497561 0.511062
0.501339 0.99846
0.509095 0.360673
0.509226 0.565009
0.513961 0.14314
0.518419 0.0620457
0.520541 0.726646
0.520861 0.111235
0.526686 0.0191615
0.52776 0.0700639
0.533602 0.243038
0.534564 0.421748
0.539932 0.635758
0.543466 0.0265841
0.546064 0.697795
0.556367 0.856379
0.559014 0.353476
0.561919 0.170172
0.563525 0.167178
0.566247 0.907102
0.568443 0.814256
0.57137 0.00830845
0.57347 0.305234
0.580674 0.382633
0.581635 0.543131
0.585201 0.471926
0.591495 0.259934
0.596389 0.505378
0.599351 0.300034
0.610109 0.0955345
0.610805 0.802335
0.611787 0.301762
0.621223 0.894119
0.625045 0.128911
0.640162 0.205102
0.64215 0.621085
0.648643 0.743173
0.65044 0.938934
0.655742 0.063944
0.656255 0.671001
0.65899 0.640574
0.660777 0.678978
0.661348 0.271563
0.663169 0.882685
0.669532 0.821615
0.670776 0.737736
0.672836 0.360732
0.681733 0.887774
0.684505 0.474175
0.687501 0.829849
0.690286 0.644529
0.696333 0.264737
0.700615 0.230409
0.705573 0.568759
0.706492 0.0179567
0.707135 0.826814
0.707666 0.740517
0.713259 0.749737
0.713823 0.225577
0.723623 0.93925
0.73302 0.870115
0.740291 0.0747618
0.740847 0.412747
0.741156 0.611311
0.742119 0.792212
0.747642 0.626593
0.751255 0.336248
0.751973 0.41268
0.758418 0.731541
0.761709 0.0482871
0.764953 0.572324
0.765993 0.0456094
0.768161 0.484073
0.782553 0.372917
0.78444 0.0756524
0.786872 0.950228
0.798383 0.425026
0.799058 0.77265
0.799141 0.158114
0.802016 0.489231
0.803831 0.989445
0.805073 0.870245
0.807545 0.415477
0.809388 0.386784
0.816505 0.992779
0.818651 0.0690232
0.819595 0.940564
0.821279 0.240496
0.822585 0.183412
0.825208 0.266893
0.825903 0.943906
0.826176 0.537062
0.828234 0.1351
0.828398 0.891289
0.834539 0.0885026
0.836442 0.0860968
0.84082 0.65641
0.845214 0.518192
0.847838 0.620847
0.848794 0.68357
0.853374 0.661484
0.855854 0.339859
0.858698 0.138838
0.859559 0.604261
0.863458 0.134709
0.864091 0.783213
0.866708 0.763056
0.882557 0.128189
0.885201 0.56809
0.889585 0.248833
0.893282 0.388413
0.90175 0.704293
0.910605 0.540173
0.914082 0.972574
0.916124 0.288652
0.916153 0.786158
0.917476 0.0239099
0.918352 0.748441
0.918503 0.275717
0.918948 0.759432
0.924447 0.187569
0.929639 0.435041
0.929867 0.27627
0.936738 0.747509
0.952258 0.600513
0.957423 0.412722
0.957466 0.127951
0.960598 0.766263
0.967458 0.0740946
0.967492 0.641099
0.974649 0.923755
0.976547 0.81844
0.983019 0.604213
0.992297 0.54095
