0.000684115 0.497923
0.000774965 0.0248394
0.000836466 0.0584836
0.00133092 0.368757
0.0016943 0.476182
0.00218765 0.767844
0.00235472 0.57575
0.00259667 0.64223
0.00260745 0.823434
0.00265051 0.547099
0.00317854 0.421803
0.00362163 0.868734
0.00376216 0.230662
0.00414066 0.592036
0.00433216 0.81056
0.00473955 0.657608
0.00530629 0.182832
0.00533431 0.653823
0.00666318 0.988058
0.00744167 0.0721662
0.00814976 0.973084
0.00872496 0.640341
0.00886136 0.932935
0.00936575 0.410215
0.00962982 0.848369
0.00990193 0.421685
0.0101857 0.191199
0.0102198 0.764966
0.0115163 0.554956
0.0132423 0.564176
0.0134535 0.112785
0.0134855 0.649971
0.0137609 0.280247
0.0138455 0.701453
0.015311 0.331553
0.0158003 0.555682
0.0160434 0.640593
0.0161459 0.363756
0.0167466 0.459827
0.0179392 0.504028
0.0185563 0.87511
0.0187731 0.520319
0.019742 0.803221
0.02007 0.316742
0.0203681 0.325877
0.020413 0.0814187
0.0206742 0.471127
0.0214024 0.710896
0.0226725 0.0573963
0.0226995 0.510895
0.0229444 0.626227
0.0232003 0.927044
0.0238183 0.314538
0.023925 0.106761
0.0242763 0.011686
0.0243506 0.259859
0.0244769 0.383129
0.0252121 0.739229
0.0253996 0.89173
0.0256648 0.347485
0.0257808 0.297417
0.0266991 0.731103
0.0271319 0.00535367
0.0274049 0.594236
0.0275011 0.21114
0.0286584 0.661977
0.0290273 0.861244
0.0295292 0.29789
0.0300018 0.24041
0.0303234 0.64613
0.0303708 0.442816
0.0308996 0.330354
0.0315523 0.299402
0.0319416 0.842302
0.0339496 0.591508
0.0342686 0.952798
0.0342947 0.391301
0.0355639 0.723245
0.0357199 0.344343
0.0366485 0.951273
0.0369925 0.732401
0.037116 0.808181
0.0372941 0.802621
0.0381901 0.861721
0.0392052 0.922611
0.04035 0.16241
0.0404495 0.834474
0.0409474 0.202874
0.0414691 0.971515
0.0418036 0.592938
0.0420298 0.395152
0.0430943 0.285066
0.0440038 0.571038
0.0445851 0.341415
0.044867 0.078888
0.0448987 0.612028
0.0448998 0.631289
0.0450479 0.119519
0.0450987 0.974612
0.046293 0.046643
0.0474698 0.824097
0.0476813 0.380102
0.0478775 0.677782
0.0479101 0.224978
0.0488889 0.676272
0.0489479 0.66659
0.0495313 0.473304
0.0514827 0.269713
0.0515339 0.130183
0.0517206 0.26761
0.0520929 0.52516
0.0524445 0.435094
0.0528272 0.867477
0.0531817 0.825238
0.0534311 0.0160634
0.0549236 0.101487
0.0555703 0.970412
0.0556523 0.348792
0.0562481 0.36195
0.0563175 0.528807
0.0569455 0.0831592
0.0573176 0.336835
0.0574498 0.55925
0.0581526 0.370243
0.0588908 0.778325
0.0591046 0.371513
0.059498 0.982753
0.06015 0.941728
0.0605926 0.379385
0.0608493 0.694195
0.0614278 0.416503
0.0621218 0.0809703
0.0624825 0.143863
0.0630845 0.260611
0.0633419 0.58684
0.0633919 0.428293
0.0640016 0.675624
0.0648782 0.407629
0.0655624 0.907493
0.065735 0.807421
0.0659969 0.209589
0.066053 0.152299
0.0662863 0.0733176
0.0675769 0.764914
0.0687884 0.127217
0.0695945 0.67388
0.0701351 0.760138
0.0702012 0.87203
0.0708966 0.558326
0.0721507 0.636624
0.0731423 0.302353
0.0731684 0.740935
0.074267 0.205884
0.074558 0.0968714
0.0748239 0.565509
0.0753342 0.142568
0.0776397 0.889913
0.0777298 0.40466
0.0783135 0.215796
0.0790132 0.974055
0.0800282 0.0346477
0.0807817 0.698668
0.0812872 0.193628
0.0815297 0.269327
0.0817293 0.624437
0.0822499 0.373465
0.0824681 0.0411599
0.0840298 0.288916
0.0845757 0.464497
0.0850338 0.162373
0.0853383 0.280082
0.0854527 0.203123
0.0860139 0.635236
0.0862736 0.00106695
0.0864544 0.0389348
0.086742 0.872422
0.087552 0.486548
0.0884642 0.818335
0.0885662 0.531785
0.0886969 0.728788
0.0891308 0.0219782
0.089691 0.43692
0.0897284 0.0649083
0.0906322 0.255836
0.0912459 0.569645
0.091612 0.722705
0.0920897 0.751237
0.093239 0.0679296
0.0938268 0.947156
0.0947532 0.517772
0.0950239 0.0673344
0.0959216 0.154336
0.0959222 0.164268
0.0959245 0.203853
0.0966841 0.970462
0.0969381 0.238243
0.0969927 0.15612
0.0970307 0.795073
0.0975773 0.982463
0.0992247 0.668761
0.0997793 0.990405
0.10072 0.801995
0.101774 0.519401
0.102916 0.704078
0.10337 0.331837
0.104013 0.139145
0.104026 0.372121
0.104221 0.636171
0.105128 0.879496
0.105352 0.659492
0.105744 0.242916
0.107912 0.674368
0.108536 0.172573
0.109208 0.463887
0.109806 0.508359
0.109824 0.806747
0.109914 0.331175
0.110228 0.593783
0.110403 0.547071
0.110628 0.321784
0.112103 0.119987
0.112218 0.0420257
0.113983 0.715979
0.114469 0.883852
0.115442 0.233505
0.115465 0.617795
0.116654 0.605951
0.116721 0.732995
0.116917 0.016517
0.117334 0.0339918
0.11749 0.656921
0.118149 0.732932
0.118735 0.581729
0.119351 0.93899
0.119456 0.697536
0.119828 0.954068
0.120301 0.898475
0.122233 0.369987
0.123571 0.858503
0.123753 0.917902
0.123978 0.694508
0.124041 0.758707
0.124147 0.535942
0.124832 0.0593159
0.125018 0.175995
0.126044 0.41636
0.126631 0.287853
0.126834 0.702185
0.12698 0.152715
0.128155 0.909524
0.12828 0.00216946
0.128483 0.422027
0.129104 0.852425
0.129475 0.0874896
0.129669 0.348933
0.129955 0.157322
0.130297 0.901814
0.131179 0.72981
0.131448 0.250602
0.131476 0.709932
0.131547 0.913917
0.132022 0.888181
0.13244 0.913694
0.133646 0.192857
0.133885 0.213193
0.136199 0.0899779
0.136283 0.501894
0.136645 0.592445
0.138481 0.451897
0.138521 0.118297
0.138608 0.587001
0.139888 0.10306
0.140293 0.912596
0.140403 0.746862
0.141817 0.519302
0.141827 0.688446
0.142163 0.335789
0.142439 0.973046
0.143167 0.201122
0.144197 0.524501
0.145224 0.776065
0.145329 0.547611
0.146027 0.283674
0.14646 0.548329
0.146638 0.542894
0.146864 0.351142
0.147591 0.554385
0.148651 0.373329
0.149329 0.773274
0.149977 0.669075
0.15046 0.784096
0.151366 0.014594
0.151575 0.514335
0.151596 0.869926
0.151781 0.976596
0.151933 0.540561
0.15233 0.212494
0.152778 0.734715
0.153108 0.287234
0.153739 0.898633
0.155502 0.525158
0.155695 0.761581
0.156581 0.661775
0.156994 0.602653
0.157685 0.212086
0.157893 0.707397
0.158096 0.11175
0.158615 0.847825
0.158722 0.64807
0.158903 0.67477
0.159295 0.273776
0.159349 0.175335
0.159696 0.00690367
0.159743 0.794839
0.160481 0.209691
0.162062 0.771668
0.162325 0.202747
0.162342 0.487807
0.162405 0.533575
0.16258 0.489774
0.163402 0.304592
0.163662 0.67126
0.163766 0.41499
0.163773 0.532855
0.163967 0.790605
0.164164 0.110762
0.16468 0.771391
0.164866 0.905437
0.165718 0.229939
0.166218 0.622413
0.166267 0.442429
0.166616 0.316831
0.166721 0.0783435
0.168655 0.589723
0.169884 0.246306
0.169963 0.568821
0.171553 0.289916
0.171693 0.638758
0.171785 0.18395
0.171828 0.916435
0.173131 0.812511
0.173547 0.808612
0.17396 0.745311
0.174067 0.550847
0.174747 0.979788
0.176304 0.147919
0.176473 0.984257
0.17707 0.0231334
0.178742 0.122092
0.179004 0.521185
0.180436 0.580195
0.181061 0.0986007
0.181157 0.713854
0.181463 0.855324
0.182218 0.536837
0.182318 0.225274
0.183341 0.418399
0.184414 0.451887
0.186012 0.310727
0.186159 0.76708
0.18619 0.297199
0.186286 0.901824
0.187023 0.296382
0.187903 0.0805812
0.188559 0.10965
0.188767 0.615049
0.189061 0.550639
0.189639 0.261536
0.189857 0.919964
0.190144 0.749703
0.19022 0.028007
0.190506 0.830439
0.19139 0.691102
0.192165 0.718031
0.192402 0.701458
0.192651 0.882907
0.192963 0.129595
0.193406 0.567307
0.193417 0.758583
0.193558 0.137158
0.193747 0.300991
0.193968 0.0202774
0.194518 0.25627
0.195644 0.191857
0.196171 0.0382996
0.197047 0.763582
0.200044 0.147759
0.200054 0.312912
0.200863 0.901023
0.200973 0.747506
0.200981 0.882941
0.201083 0.602629
0.202206 0.477836
0.205029 0.917225
0.205115 0.374745
0.20664 0.995977
0.206953 0.253341
0.207534 0.0279827
0.207645 0.894141
0.207683 0.534096
0.208019 0.180359
0.208139 0.192425
0.209193 0.906324
0.20962 0.0773052
0.210725 0.6505
0.21079 0.752023
0.210858 0.885571
0.210952 0.470097
0.211751 0.893776
0.212984 0.627503
0.213357 0.889021
0.213957 0.978033
0.213996 0.626902
0.216332 0.89927
0.216497 0.660374
0.216701 0.0901555
0.217354 0.07693
0.217374 0.404166
0.217436 0.443117
0.218438 0.294769
0.21847 0.819284
0.218566 0.437324
0.219212 0.296474
0.219411 0.646535
0.220693 0.179366
0.221599 0.420007
0.221818 0.0938612
0.222795 0.519219
0.22309 0.466713
0.223166 0.757187
0.22414 0.118408
0.224154 0.357777
0.224622 0.226722
0.224965 0.979847
0.225455 0.216936
0.226165 0.147336
0.226668 0.608729
0.226874 0.0789101
0.228797 0.383204
0.228911 0.305274
0.229254 0.0723066
0.22984 0.921456
0.230605 0.774381
0.230661 0.718476
0.23077 0.554049
0.231511 0.00484793
0.232265 0.670394
0.232331 0.789268
0.232357 0.216134
0.232981 0.709604
0.233299 0.0494343
0.233609 0.261217
0.233677 0.407052
0.234255 0.12385
0.234733 0.152163
0.235294 0.578312
0.236566 0.967427
0.238372 0.326352
0.238471 0.987569
0.238731 0.344259
0.239095 0.469285
0.239493 0.154812
0.239511 0.456534
0.239734 0.204183
0.240575 0.33582
0.240719 0.758598
0.241931 0.138964
0.242557 0.652251
0.242811 0.931593
0.242889 0.242009
0.243207 0.584132
0.243249 0.286814
0.243941 0.922121
0.244228 0.746233
0.244592 0.864301
0.244975 0.302632
0.245241 0.765729
0.245829 0.642051
0.246191 0.730239
0.247577 0.032275
0.247658 0.386918
0.247722 0.46637
0.247781 0.459739
0.247788 0.575507
0.248877 0.876579
0.249224 0.704227
0.249444 0.399666
0.250136 0.0309112
0.251117 0.518856
0.251781 0.687171
0.252878 0.125362
0.252901 0.501982
0.253216 0.801608
0.253409 0.0484088
0.253589 0.0645349
0.254591 0.916805
0.254603 0.120001
0.254616 0.337958
0.254851 0.275021
0.255413 0.722129
0.256103 0.316919
0.256982 0.0958747
0.25724 0.440057
0.257605 0.56391
0.257677 0.777161
0.257713 0.389246
0.257847 0.626382
0.257923 0.906307
0.257942 0.231469
0.259028 0.476982
0.259418 0.0411221
0.259848 0.27311
0.260509 0.375754
0.261889 0.561435
0.263681 0.682446
0.264386 0.542534
0.264677 0.433702
0.265624 0.350752
0.265853 0.18756
0.265855 0.228155
0.26739 0.0231479
0.2677 0.236034
0.268678 0.66698
0.269331 0.647885
0.269344 0.87204
0.26962 0.497033
0.270464 0.681028
0.270667 0.0966667
0.272101 0.203739
0.272354 0.456737
0.272715 0.519434
0.273667 0.51463
0.273679 0.7293
0.273815 0.00380723
0.274052 0.992665
0.274733 0.439395
0.274911 0.427237
0.275144 0.338504
0.276013 0.954664
0.27611 0.57714
0.276331 0.288021
0.27638 0.121608
0.277555 0.862709
0.278192 0.57754
0.278337 0.00398861
0.279197 0.467166
0.27936 0.204141
0.279405 0.967369
0.279608 0.366275
0.280163 0.705951
0.280378 0.305987
0.280557 0.323138
0.280689 0.542704
0.28071 0.892379
0.282122 0.629318
0.283016 0.65745
0.283346 0.191546
0.28417 0.0469199
0.284747 0.744911
0.286648 0.692056
0.287005 0.696392
0.28744 0.00969547
0.287774 0.621335
0.28851 0.98642
0.28864 0.170744
0.289343 0.982386
0.28978 0.33551
0.289804 0.739406
0.290347 0.855944
0.29065 0.958158
0.290898 0.122068
0.291622 0.290867
0.291678 0.223692
0.291874 0.53326
0.292208 0.143702
0.292299 0.665759
0.292847 0.872003
0.293003 0.496498
0.293004 0.520384
0.293466 0.277787
0.294567 0.785358
0.294909 0.529569
0.295217 0.717661
0.297408 0.536479
0.297892 0.6708
0.298407 0.322797
0.298506 0.986652
0.299308 0.473208
0.299446 0.781173
0.299864 0.81135
0.299996 0.0344847
0.300249 0.279249
0.301007 0.0288194
0.301044 0.647666
0.301377 0.237494
0.302863 0.222512
0.303096 0.133506
0.303296 0.495612
0.304 0.329098
0.30401 0.491981
0.305026 0.564955
0.305156 0.749459
0.305859 0.577529
0.306226 0.732843
0.306707 0.818938
0.30671 0.868495
0.307017 0.0421083
0.307474 0.71116
0.308798 0.975826
0.30904 0.0396685
0.309664 0.515882
0.310171 0.0364502
0.310941 0.986141
0.311102 0.693352
0.311448 0.506803
0.311584 0.79006
0.311899 0.0840589
0.312424 0.911569
0.312574 0.429062
0.312719 0.873026
0.314438 0.764107
0.314839 0.493509
0.314882 0.229219
0.315867 0.77911
0.316522 0.780575
0.316841 0.153252
0.316872 0.665441
0.317649 0.726853
0.317864 0.343347
0.317898 0.909116
0.317936 0.556036
0.318067 0.758806
0.318945 0.508984
0.319253 0.684414
0.319518 0.140474
0.31962 0.845613
0.319657 0.46781
0.319749 0.0214849
0.320523 0.036964
0.321094 0.628305
0.321356 0.0301444
0.321953 0.0631428
0.322958 0.960227
0.323059 0.652343
0.323418 0.685237
0.323671 0.94423
0.323676 0.0239257
0.323787 0.880309
0.323807 0.21732
0.323936 0.385045
0.325556 0.626805
0.325604 0.425963
0.325838 0.365726
0.326069 0.241782
0.326234 0.0100319
0.32716 0.57895
0.327308 0.0665458
0.327738 0.293415
0.32786 0.335644
0.3281 0.373009
0.328156 0.317597
0.328228 0.524846
0.328913 0.044158
0.329056 0.444099
0.329768 0.407933
0.330218 0.968785
0.330512 0.913148
0.331274 0.719178
0.332297 0.912052
0.332516 0.604533
0.333254 0.000413949
0.333594 0.708874
0.334665 0.709844
0.334813 0.197495
0.335126 0.465917
0.33538 0.738222
0.335761 0.131896
0.336488 0.357186
0.337132 0.182683
0.337739 0.382711
0.339172 0.45912
0.339189 0.753086
0.339564 0.0440703
0.339652 0.525931
0.339767 0.467849
0.341188 0.340404
0.341524 0.995597
0.342397 0.667034
0.342422 0.0833423
0.342739 0.407042
0.343337 0.472958
0.344624 0.103845
0.34471 0.542755
0.344936 0.339585
0.345002 0.444911
0.345046 0.195655
0.34506 0.417016
0.345416 0.403218
0.346431 0.457628
0.346503 0.670426
0.347003 0.0735907
0.347004 0.100623
0.347248 0.192382
0.347418 0.052192
0.347577 0.731416
0.34845 0.399034
0.34892 0.305326
0.349115 0.568891
0.349406 0.471133
0.349513 0.262065
0.349859 0.0796632
0.3507 0.210392
0.351165 0.0347733
0.351206 0.716724
0.351867 0.82642
0.352738 0.461801
0.352937 0.811009
0.353008 0.00314518
0.353531 0.794083
0.35448 0.746932
0.354535 0.671281
0.355232 0.38122
0.355717 0.539294
0.355932 0.141732
0.355988 0.0869387
0.3564 0.0136277
0.356509 0.839144
0.356713 0.269121
0.356868 0.872429
0.358205 0.344362
0.359829 0.646299
0.360208 0.00868299
0.360871 0.158856
0.361184 0.414741
0.361668 0.55404
0.361919 0.771302
0.3621 0.813115
0.36358 0.681035
0.363757 0.660917
0.36399 0.579745
0.364658 0.81438
0.366213 0.940405
0.366228 0.200452
0.366296 0.337326
0.366432 0.627283
0.367569 0.738799
0.367952 0.161008
0.368362 0.05917
0.368453 0.597052
0.368834 0.990006
0.369081 0.144728
0.369232 0.68181
0.369377 0.114777
0.369709 0.694579
0.371281 0.123673
0.371641 0.171155
0.371766 0.276151
0.372629 0.771652
0.373075 0.279542
0.373164 0.772954
0.373395 0.650247
0.373627 0.544093
0.374325 0.278481
0.374696 0.515495
0.375462 0.395601
0.375475 0.606225
0.376473 0.386618
0.377072 0.443878
0.378386 0.531958
0.378975 0.427784
0.381626 0.983484
0.381824 0.313526
0.38297 0.572859
0.38381 0.702586
0.383973 0.435985
0.384552 0.16107
0.384585 0.715553
0.384992 0.559814
0.385102 0.406305
0.385301 0.748838
0.38546 0.429988
0.386003 0.54662
0.386117 0.473637
0.387351 0.200962
0.388065 0.206612
0.388186 0.239465
0.388396 0.768343
0.388739 0.529114
0.389187 0.0694768
0.389248 0.0937608
0.389512 0.527814
0.389918 0.360054
0.392843 0.509661
0.39369 0.755445
0.393815 0.852662
0.393837 0.217699
0.393861 0.623645
0.394094 0.542152
0.394634 0.605463
0.395856 0.154042
0.395889 0.698592
0.396344 0.355826
0.396572 0.189659
0.397827 0.280824
0.398455 0.838213
0.39865 0.105245
0.398751 0.804209
0.400268 0.307317
0.400555 0.135929
0.400587 0.658433
0.400614 0.114976
0.400788 0.0508274
0.401203 0.0235589
0.401451 0.182992
0.401902 0.764451
0.402145 0.856492
0.402552 0.691166
0.403095 0.824876
0.403717 0.266935
0.404106 0.814061
0.404721 0.144837
0.405711 0.786852
0.406227 0.459306
0.406838 0.732723
0.408043 0.983344
0.40817 0.117344
0.410601 0.976924
0.411386 0.160866
0.411553 0.970282
0.412091 0.0127203
0.412463 0.259274
0.412554 0.790597
0.412882 0.304877
0.413608 0.505991
0.414302 0.17852
0.414358 0.111071
0.414537 0.125413
0.416037 0.336801
0.416683 0.191475
0.417298 0.519684
0.418145 0.771009
0.418518 0.0341628
0.418653 0.30129
0.418715 0.342713
0.418717 0.374935
0.418747 0.875955
0.419189 0.30786
0.419459 0.85358
0.420168 0.758739
0.423423 0.474022
0.424382 0.591107
0.424476 0.175665
0.425794 0.314444
0.426085 0.209963
0.426299 0.808316
0.426768 0.690292
0.427362 0.679635
0.42766 0.681702
0.42818 0.422559
0.428548 0.607684
0.42908 0.553843
0.429206 0.667917
0.42946 0.92806
0.429468 0.0704376
0.429637 0.904108
0.43016 0.700015
0.431141 0.192633
0.431324 0.259247
0.431645 0.653791
0.431899 0.920141
0.432253 0.881416
0.433483 0.549221
0.434214 0.840871
0.434977 0.653169
0.435368 0.224706
0.435698 0.768686
0.43571 0.979685
0.435807 0.600025
0.437027 0.115647
0.437046 0.436701
0.437124 0.734868
0.43764 0.41241
0.437713 0.639279
0.43788 0.456874
0.437912 0.987604
0.4381 0.152587
0.438295 0.418735
0.438504 0.936586
0.43865 0.395436
0.440417 0.097
0.440508 0.625122
0.441117 0.851776
0.44192 0.347278
0.441958 0.993798
0.443691 0.107235
0.444389 0.85323
0.444589 0.205577
0.444786 0.512468
0.4448 0.750961
0.44494 0.112701
0.445542 0.232212
0.445544 0.254674
0.445754 0.779185
0.446067 0.0420273
0.446573 0.557837
0.44695 0.897157
0.447294 0.662906
0.447495 0.0546274
0.447609 0.971822
0.448086 0.979497
0.448093 0.104194
0.448174 0.465701
0.44983 0.299549
0.449939 0.130552
0.451273 0.551777
0.451503 0.403149
0.451571 0.549281
0.451658 0.0218129
0.452112 0.653979
0.453359 0.606077
0.453372 0.818234
0.453636 0.267071
0.45599 0.818458
0.456576 0.680951
0.457837 0.867864
0.457838 0.877608
0.458046 0.375917
0.459002 0.452289
0.459002 0.452312
0.459448 0.935902
0.459531 0.334787
0.460151 0.760732
0.460568 0.765865
0.461171 0.904261
0.462045 0.586584
0.462102 0.548054
0.462643 0.645762
0.463482 0.749764
0.465763 0.0754001
0.466567 0.597496
0.467629 0.446368
0.468715 0.695661
0.468965 0.89976
0.469349 0.345135
0.469706 0.350206
0.469811 0.117823
0.470635 0.967468
0.473331 0.27907
0.474687 0.0618424
0.475473 0.26733
0.475691 0.935972
0.476654 0.128206
0.476736 0.506515
0.477173 0.845059
0.477413 0.877095
0.478311 0.980892
0.479203 0.970917
0.479419 0.596029
0.479629 0.123835
0.480999 0.14654
0.481098 0.813956
0.481167 0.980876
0.481681 0.607632
0.482546 0.142585
0.482958 0.0675443
0.483566 0.29916
0.48357 0.367289
0.484068 0.733615
0.484574 0.241943
0.485844 0.574144
0.487201 0.382783
0.487315 0.310989
0.487416 0.00136718
0.488428 0.0106738
0.488441 0.235455
0.490852 0.744507
0.49119 0.427688
0.491615 0.566159
0.492501 0.464036
0.492609 0.287087
0.493459 0.567824
0.495156 0.0900404
0.49527 0.996411
0.497993 0.769667
0.498737 0.270015
0.498974 0.261228
0.499701 0.479967
0.499874 0.385499
0.501336 0.959062
0.50185 0.598967
0.501886 0.203287
0.502081 0.476259
0.502686 0.640451
0.503084 0.336575
0.503149 0.420418
0.503255 0.207765
0.504627 0.262511
0.505478 0.574116
0.505533 0.496649
0.506065 0.432492
0.507586 0.00116993
0.507661 0.258249
0.507746 0.68376
0.50775 0.755183
0.507787 0.382099
0.508629 0.525232
0.510254 0.835465
0.510431 0.80569
0.510728 0.803461
0.511411 0.292156
0.51156 0.780949
0.512077 0.477071
0.512121 0.214956
0.512244 0.277846
0.512508 0.729055
0.512632 0.812481
0.51318 0.0151802
0.513342 0.744705
0.514106 0.571991
0.514167 0.596705
0.514872 0.459016
0.515966 0.844245
0.516343 0.179378
0.516947 0.326086
0.51862 0.450198
0.518962 0.198502
0.519429 0.045087
0.519589 0.733672
0.519881 0.635804
0.519928 0.433108
0.520912 0.966657
0.521113 0.352744
0.521617 0.811194
0.522041 0.940445
0.522477 0.267171
0.523419 0.0998613
0.523734 0.392694
0.524323 0.298397
0.524348 0.712122
0.524446 0.3634
0.524828 0.779152
0.524955 0.919054
0.525843 0.849465
0.525852 0.994284
0.525965 0.894081
0.527077 0.588968
0.528555 0.430099
0.528768 0.00465993
0.529094 0.490968
0.52958 0.654051
0.531872 0.171849
0.532755 0.0117795
0.532793 0.652501
0.534033 0.489739
0.535949 0.692807
0.536075 0.809871
0.536109 0.384875
0.537321 0.748774
0.539117 0.930839
0.53977 0.911822
0.539801 0.42884
0.539968 0.249847
0.540155 0.392674
0.541733 0.912154
0.541956 0.658973
0.541964 0.78796
0.542092 0.937887
0.542578 0.100994
0.542728 0.634749
0.543297 0.185651
0.543346 0.0202161
0.543499 0.594606
0.543899 0.317074
0.54572 0.917325
0.546448 0.1521
0.546527 0.480501
0.546762 0.42809
0.547415 0.408392
0.54743 0.657521
0.547644 0.251484
0.547788 0.666263
0.548289 0.0861845
0.54837 0.452191
0.548412 0.159319
0.54851 0.807036
0.548669 0.48248
0.548729 0.481188
0.548915 0.611994
0.549314 0.325281
0.549512 0.647943
0.549919 0.484715
0.550563 0.309139
0.550722 0.983323
0.551943 0.501136
0.552808 0.0418652
0.552965 0.687577
0.553699 0.0220681
0.554191 0.286722
0.554566 0.583466
0.555309 0.0790241
0.555433 0.16886
0.555569 0.441857
0.555598 0.934543
0.557207 0.982671
0.557241 0.555529
0.558361 0.374316
0.558585 0.131819
0.559038 0.748848
0.559366 0.264317
0.560428 0.105708
0.560458 0.618578
0.561229 0.576846
0.561541 0.819645
0.562316 0.851066
0.562569 0.0898042
0.563582 0.130033
0.564479 0.20607
0.564631 0.754328
0.565284 0.721278
0.566431 0.999778
0.566719 0.844011
0.567308 0.739688
0.567666 0.756045
0.567913 0.917247
0.56898 0.84454
0.569586 0.0266383
0.569979 0.629042
0.570352 0.909546
0.57102 0.134955
0.571123 0.868519
0.57131 0.00852891
0.571914 0.162484
0.572197 0.918741
0.572648 0.487622
0.573094 0.982764
0.573299 0.437519
0.574731 0.506485
0.575045 0.782921
0.575332 0.598032
0.575373 0.294477
0.575771 0.985874
0.576629 0.398525
0.577509 0.195207
0.577847 0.878082
0.579273 0.840109
0.580112 0.945746
0.581069 0.0219537
0.581098 0.521761
0.581773 0.858367
0.581864 0.39383
0.581964 0.071827
0.582145 0.114649
0.582392 0.257373
0.58271 0.600404
0.582762 0.472856
0.582819 0.435688
0.584022 0.652287
0.584544 0.424575
0.586451 0.490071
0.586476 0.902059
0.586688 0.459746
0.587183 0.791754
0.588277 0.168288
0.588718 0.57946
0.588842 0.661142
0.589041 0.00678141
0.589162 0.0435157
0.590327 0.620114
0.592063 0.795433
0.592117 0.708105
0.593047 0.339995
0.593838 0.637387
0.594898 0.458633
0.596661 0.0766349
0.597202 0.1817
0.598059 0.575614
0.598374 0.869761
0.598461 0.333378
0.598962 0.750795
0.599226 0.197832
0.599351 0.284287
0.599684 0.882536
0.599741 0.839044
0.600008 0.339934
0.600505 0.68833
0.600841 0.336323
0.600958 0.2947
0.60167 0.260545
0.601947 0.915983
0.6022 0.170092
0.602266 0.282657
0.602826 0.699157
0.602841 0.949609
0.603094 0.197081
0.603354 0.575809
0.603792 0.935719
0.604508 0.962626
0.604953 0.445504
0.605132 0.455377
0.605516 0.901331
0.6059 0.36815
0.607105 0.610632
0.607535 0.842087
0.607665 0.0205416
0.607921 0.324802
0.607956 0.920498
0.608005 0.73178
0.60817 0.508544
0.60905 0.302433
0.611016 0.353417
0.61107 0.258208
0.61243 0.117843
0.612496 0.221134
0.612736 0.255792
0.612762 0.696471
0.613281 0.406915
0.613516 0.358832
0.613663 0.82993
0.614146 0.946086
0.614187 0.638063
0.614248 0.666119
0.614574 0.150784
0.615047 0.0950727
0.615746 0.846069
0.616103 0.850373
0.616652 0.0718162
0.617173 0.833875
0.618368 0.908731
0.618403 0.49747
0.618882 0.549309
0.619158 0.182191
0.619701 0.31979
0.620247 0.492835
0.620891 0.322049
0.62145 0.706985
0.621605 0.321571
0.621793 0.476201
0.622857 0.351268
0.622914 0.312111
0.623275 0.38049
0.623323 0.182779
0.62338 0.155472
0.624338 0.24093
0.62499 0.210362
0.625078 0.683589
0.625105 0.141581
0.625168 0.200175
0.625521 0.136766
0.625801 0.843474
0.626121 0.212317
0.626474 0.151474
0.627386 0.473196
0.627629 0.555932
0.627717 0.0377998
0.627858 0.413032
0.628273 0.378932
0.628338 0.477816
0.628532 0.736803
0.628718 0.856346
0.629839 0.699082
0.630155 0.00946899
0.630618 0.799931
0.630993 0.101434
0.631457 0.901702
0.63147 0.119385
0.631959 0.327501
0.632037 0.638363
0.632061 0.0453185
0.632522 0.789245
0.632555 0.348243
0.633399 0.535564
0.63343 0.0610034
0.633573 0.468841
0.633908 0.0858181
0.634251 0.864332
0.63437 0.851376
0.635137 0.75479
0.635159 0.109903
0.635369 0.646397
0.635442 0.873094
0.63614 0.604243
0.636355 0.224385
0.637296 0.0374463
0.637547 0.254028
0.637789 0.313785
0.638695 0.547218
0.639005 0.756512
0.641045 0.0464417
0.641875 0.988195
0.642022 0.468121
0.642164 0.849122
0.64233 0.632914
0.642592 0.0468926
0.64296 0.227071
0.643358 0.91612
0.644273 0.300594
0.644427 0.877653
0.645181 0.563634
0.646213 0.909342
0.646961 0.475219
0.647579 0.860224
0.647722 0.25597
0.647819 0.899414
0.648502 0.370194
0.649053 0.625706
0.64932 0.116257
0.652278 0.83092
0.652279 0.852051
0.652575 0.829505
0.653799 0.399316
0.654316 0.0959151
0.654584 0.592579
0.654934 0.474409
0.65573 0.854283
0.656228 0.215922
0.656948 0.317625
0.657164 0.960103
0.658364 0.120322
0.658554 0.324578
0.658937 0.759568
0.6593 0.857303
0.660021 0.979457
0.660039 0.28348
0.660602 0.744027
0.662754 0.913193
0.662756 0.93751
0.662978 0.667573
0.663025 0.459695
0.663496 0.374276
0.664998 0.622472
0.665418 0.682522
0.665489 0.88153
0.666729 0.709149
0.666938 0.220528
0.667367 0.436269
0.668069 0.244217
0.669037 0.499711
0.669261 0.269321
0.669318 0.223927
0.669438 0.252733
0.669831 0.857578
0.670109 0.525726
0.670221 0.396713
0.670635 0.359138
0.670755 0.384813
0.670813 0.360002
0.670926 0.254852
0.672034 0.873362
0.673099 0.77745
0.675084 0.131565
0.675333 0.316473
0.675431 0.969723
0.675578 0.444914
0.676535 0.516747
0.676794 0.875526
0.677194 0.598432
0.677931 0.97906
0.678064 0.21636
0.678247 0.305334
0.678702 0.937931
0.678713 0.127078
0.678893 0.160798
0.679323 0.385977
0.679813 0.611233
0.68057 0.33453
0.680824 0.60286
0.680948 0.693056
0.682557 0.728865
0.682656 0.401947
0.682662 0.502258
0.682955 0.423119
0.683068 0.32459
0.68387 0.811342
0.684379 0.35009
0.68463 0.569943
0.684744 0.499824
0.685089 0.293819
0.685826 0.682202
0.685905 0.00237745
0.685967 0.046509
0.686008 0.729696
0.68706 0.424507
0.68766 0.502796
0.688448 0.742047
0.689254 0.295886
0.689653 0.00551871
0.689982 0.520432
0.690368 0.0131258
0.690502 0.260452
0.690596 0.847256
0.690991 0.483548
0.691201 0.0220372
0.691341 0.372844
0.691624 0.119427
0.692288 0.284831
0.693253 0.494908
0.693498 0.62504
0.693781 0.384216
0.693783 0.418214
0.694051 0.917061
0.696148 0.157817
0.696525 0.499829
0.697354 0.422236
0.697387 0.990273
0.697574 0.12583
0.697732 0.773788
0.697915 0.856658
0.698557 0.641794
0.698823 0.110337
0.699204 0.515438
0.700522 0.679348
0.700754 0.579149
0.701054 0.607936
0.701594 0.697168
0.701882 0.524825
0.702107 0.320833
0.702264 0.947378
0.702421 0.581797
0.702648 0.404532
0.703276 0.956411
0.703376 0.639206
0.703412 0.251541
0.70362 0.738149
0.703723 0.469812
0.703812 0.972709
0.704959 0.253228
0.705556 0.283049
0.706823 0.574609
0.707046 0.321178
0.707257 0.872753
0.707352 0.466867
0.70765 0.474131
0.707919 0.991777
0.708291 0.251339
0.709046 0.936326
0.709691 0.784621
0.709759 0.925149
0.709841 0.289755
0.710366 0.128364
0.710456 0.631504
0.711798 0.187789
0.711805 0.303134
0.712181 0.626942
0.71268 0.0172089
0.713077 0.687866
0.713332 0.971261
0.713445 0.865759
0.713504 0.866251
0.714205 0.64939
0.715013 0.224705
0.716692 0.440762
0.716777 0.870459
0.717034 0.184464
0.718153 0.00566878
0.718502 0.855207
0.718586 0.270613
0.718609 0.660171
0.719383 0.665131
0.719683 0.71249
0.719857 0.627789
0.720473 0.986865
0.721098 0.487145
0.721508 0.391998
0.722826 0.539653
0.72302 0.798764
0.723189 0.644643
0.723721 0.572363
0.724173 0.169091
0.724984 0.810797
0.725202 0.468357
0.726132 0.100762
0.726712 0.841391
0.727122 0.747692
0.727763 0.517316
0.729524 0.102972
0.729562 0.740524
0.730047 0.901392
0.730286 0.918182
0.731392 0.510709
0.733517 0.216757
0.733634 0.183908
0.735794 0.491389
0.736441 0.361731
0.736937 0.708139
0.737515 0.415271
0.737873 0.42683
0.738109 0.404864
0.738453 0.176491
0.73866 0.649998
0.740262 0.585301
0.74108 0.333046
0.741296 0.957312
0.741958 0.0806885
0.742022 0.158959
0.742501 0.208199
0.742505 0.281016
0.742575 0.46178
0.743059 0.585434
0.743398 0.285449
0.743405 0.415641
0.744394 0.0370101
0.744576 0.0933404
0.74458 0.158933
0.745548 0.427834
0.745549 0.435966
0.745987 0.800548
0.747525 0.654567
0.748005 0.712949
0.748343 0.402806
0.748694 0.30813
0.74961 0.702121
0.75078 0.358947
0.751265 0.515253
0.752168 0.686177
0.753049 0.497048
0.753465 0.490293
0.753495 0.986649
0.753582 0.454124
0.753904 0.869886
0.754171 0.344612
0.75498 0.950458
0.756014 0.330609
0.757221 0.61209
0.757801 0.363041
0.758208 0.209087
0.758742 0.184579
0.759074 0.762166
0.759495 0.824831
0.759549 0.748632
0.759622 0.966438
0.760698 0.0510879
0.760716 0.358148
0.760939 0.0951686
0.761267 0.610427
0.761757 0.852415
0.762549 0.165547
0.762895 0.976634
0.762914 0.294697
0.763005 0.82948
0.763415 0.713296
0.764524 0.355809
0.765365 0.483877
0.765647 0.230875
0.766296 0.138971
0.766731 0.452846
0.7673 0.0120991
0.768418 0.804675
0.769085 0.0086237
0.769212 0.148517
0.769454 0.21884
0.769809 0.184936
0.770128 0.544285
0.770643 0.189582
0.771149 0.698786
0.771479 0.245679
0.771553 0.495268
0.771772 0.177716
0.771942 0.0214973
0.771981 0.685486
0.772277 0.652382
0.772373 0.26884
0.773076 0.0824318
0.773607 0.01354
0.773722 0.937363
0.773992 0.482332
0.774211 0.161062
0.77666 0.323225
0.776918 0.659472
0.777461 0.78937
0.77754 0.113544
0.778198 0.170474
0.778424 0.974646
0.778963 0.0240807
0.779643 0.456512
0.780348 0.310793
0.780545 0.626105
0.780642 0.246399
0.781165 0.0322652
0.781942 0.103272
0.781995 0.996018
0.782365 0.205867
0.783209 0.393157
0.783346 0.702804
0.78445 0.250102
0.785226 0.294046
0.785286 0.297793
0.78564 0.24837
0.785753 0.149269
0.785832 0.480425
0.786451 0.878046
0.786668 0.521988
0.787418 0.137282
0.787564 0.593486
0.7877 0.873213
0.788944 0.777946
0.788946 0.820483
0.789375 0.0267845
0.789411 0.635238
0.789971 0.037423
0.79019 0.723619
0.790829 0.463292
0.791273 0.927551
0.791526 0.176268
0.793293 0.8724
0.793828 0.862723
0.796019 0.694423
0.796572 0.987422
0.796872 0.0225953
0.79722 0.880836
0.797603 0.319465
0.797632 0.800716
0.798188 0.142341
0.798215 0.600622
0.798614 0.307257
0.799027 0.240481
0.799498 0.16637
0.799651 0.734812
0.80007 0.779813
0.800289 0.462487
0.801549 0.631133
0.801549 0.639633
0.802374 0.496587
0.802591 0.15133
0.803355 0.990841
0.803616 0.369694
0.804155 0.43144
0.80429 0.709908
0.804462 0.587296
0.805206 0.105198
0.805433 0.907671
0.806034 0.0115211
0.806151 0.979172
0.806806 0.985732
0.807846 0.460144
0.808148 0.540483
0.808471 0.978408
0.809665 0.0323917
0.812663 0.425382
0.812999 0.0828918
0.813328 0.59984
0.81387 0.709249
0.814817 0.632091
0.815097 0.333892
0.815825 0.578528
0.817102 0.0382999
0.817565 0.811497
0.818666 0.31521
0.819146 0.387452
0.819216 0.567222
0.820876 0.471406
0.821267 0.0392406
0.821741 0.000199906
0.821789 0.804798
0.822937 0.104217
0.823347 0.987219
0.823996 0.895175
0.824006 0.0736393
0.824616 0.329705
0.824736 0.331111
0.825285 0.565749
0.825642 0.563589
0.825721 0.893375
0.82614 0.940935
0.826282 0.328189
0.826314 0.861274
0.827456 0.0608136
0.827706 0.246888
0.827841 0.521121
0.829197 0.318826
0.829234 0.93365
0.829787 0.230579
0.829956 0.0619399
0.83009 0.316216
0.830726 0.00894603
0.830928 0.411851
0.831165 0.385025
0.831922 0.11301
0.83213 0.603368
0.833049 0.0605094
0.833712 0.20043
0.833996 0.974218
0.835381 0.254364
0.835802 0.331186
0.836238 0.652332
0.83645 0.212
0.836915 0.0243832
0.837193 0.708755
0.837305 0.579891
0.838364 0.385523
0.83922 0.767588
0.840048 0.693547
0.840095 0.475339
0.841408 0.538265
0.841804 0.197449
0.842087 0.958073
0.843385 0.775063
0.843471 0.223247
0.84359 0.215277
0.843952 0.302854
0.844078 0.420873
0.844502 0.540505
0.844723 0.264229
0.845078 0.222029
0.8454 0.63052
0.845634 0.563271
0.846773 0.706687
0.847248 0.704986
0.847468 0.394321
0.848864 0.855874
0.848991 0.994876
0.850053 0.843967
0.850857 0.35268
0.851206 0.225313
0.851929 0.366133
0.852142 0.958382
0.854352 0.0931031
0.854816 0.885709
0.855705 0.833621
0.855875 0.694589
0.856012 0.99688
0.856024 0.190262
0.856139 0.124541
0.856376 0.113947
0.856482 0.895565
0.856625 0.295811
0.857248 0.764503
0.857818 0.341968
0.859138 0.532002
0.85955 0.463238
0.859667 0.414892
0.859769 0.133962
0.859899 0.317433
0.860231 0.90402
0.861122 0.869424
0.861294 0.768546
0.86295 0.597635
0.86312 0.462705
0.864288 0.0891102
0.865864 0.570687
0.866078 0.174198
0.866328 0.369022
0.866366 0.01505
0.866423 0.971628
0.866709 0.774639
0.868187 0.62517
0.868207 0.950246
0.868418 0.50067
0.868581 0.248305
0.869027 0.738313
0.870157 0.732833
0.870259 0.443262
0.8705 0.500209
0.870734 0.423474
0.871192 0.123941
0.872194 0.971836
0.873528 0.384914
0.873687 0.0539177
0.874192 0.537021
0.874207 0.790048
0.87452 0.0573115
0.875326 0.5965
0.876654 0.924638
0.876966 0.161724
0.87767 0.00233169
0.879325 0.820637
0.880144 0.572882
0.88041 0.0566016
0.880442 0.587848
0.882328 0.283931
0.883434 0.873929
0.884138 0.711939
0.886099 0.669085
0.886554 0.3194
0.886683 0.482523
0.887209 0.324058
0.887842 0.962137
0.887872 0.456638
0.888517 0.30397
0.889088 0.906745
0.889547 0.621753
0.890073 0.452879
0.890134 0.47469
0.890138 0.544329
0.890801 0.699621
0.891041 0.720958
0.891735 0.390302
0.891922 0.536956
0.892311 0.0627864
0.892447 0.351812
0.892915 0.230719
0.893001 0.672532
0.893141 0.0269466
0.893165 0.4275
0.894645 0.305172
0.895429 0.482908
0.896018 0.370484
0.897242 0.941071
0.89779 0.158491
0.898107 0.476125
0.898602 0.804071
0.89874 0.115847
0.898793 0.00564301
0.89925 0.690253
0.900969 0.582164
0.901111 0.971265
0.901184 0.192406
0.901597 0.141815
0.901993 0.804277
0.902199 0.2594
0.90254 0.993492
0.904361 0.587121
0.904448 0.0536419
0.905427 0.519759
0.905878 0.087154
0.907767 0.832176
0.907835 0.979067
0.907843 0.111325
0.907858 0.370863
0.908368 0.941481
0.908458 0.454702
0.908993 0.437644
0.909889 0.503937
0.909958 0.658499
0.910086 0.820643
0.910799 0.80434
0.911699 0.925089
0.911736 0.549023
0.912158 0.641365
0.912973 0.331907
0.913445 0.274811
0.913831 0.758606
0.914074 0.834196
0.915111 0.265891
0.915133 0.645009
0.915764 0.246843
0.91579 0.684971
0.915848 0.66477
0.916196 0.504141
0.916969 0.497308
0.91719 0.213643
0.917271 0.572004
0.917806 0.56397
0.919114 0.548022
0.921144 0.661373
0.921187 0.385125
0.921208 0.743298
0.92294 0.84829
0.922968 0.322137
0.924133 0.906852
0.92418 0.700117
0.925011 0.667995
0.925037 0.103634
0.925298 0.482229
0.925813 0.132183
0.925923 0.987017
0.926122 0.339473
0.92651 0.852703
0.92668 0.713077
0.927002 0.116566
0.927035 0.678914
0.927349 0.956932
0.928504 0.363956
0.930037 0.140667
0.930258 0.853872
0.930634 0.167709
0.931044 0.0513376
0.931267 0.80182
0.932117 0.0982329
0.932302 0.193225
0.933542 0.0372808
0.934228 0.573443
0.934511 0.329089
0.934609 0.981486
0.934645 0.572236
0.934966 0.96887
0.9352 0.914041
0.935253 0.803649
0.935692 0.180166
0.935946 0.43768
0.93845 0.525381
0.940686 0.10698
0.940962 0.753942
0.941967 0.646354
0.94356 0.408436
0.943829 0.927334
0.944958 0.906507
0.945007 0.735992
0.945372 0.873963
0.945625 0.11609
0.945627 0.145862
0.946473 0.378177
0.946876 0.141217
0.947567 0.752027
0.948031 0.561882
0.948619 0.435035
0.949713 0.822315
0.949902 0.00674694
0.951754 0.134714
0.952581 0.0247195
0.952929 0.88638
0.953105 0.838276
0.953236 0.044537
0.953656 0.0945773
0.95385 0.360764
0.953928 0.660622
0.954515 0.534643
0.954516 0.549365
0.954714 0.870625
0.954718 0.942362
0.95509 0.193408
0.955715 0.708433
0.956216 0.129669
0.956617 0.867171
0.957249 0.491788
0.957251 0.51677
0.95741 0.189131
0.957802 0.781188
0.959641 0.677831
0.959836 0.970979
0.960358 0.742672
0.96037 0.942714
0.96046 0.459284
0.96226 0.705415
0.962557 0.70137
0.963015 0.386998
0.963192 0.370167
0.963269 0.669509
0.963432 0.393696
0.963842 0.288422
0.964196 0.243945
0.965276 0.393921
0.965401 0.486489
0.965459 0.470725
0.965475 0.745869
0.966325 0.0208065
0.966458 0.253192
0.96759 0.284003
0.968534 0.14918
0.968862 0.665699
0.969274 0.582965
0.969588 0.862367
0.970731 0.0833979
0.970972 0.12049
0.971234 0.532848
0.971384 0.0495892
0.97182 0.38447
0.972363 0.506143
0.973143 0.618864
0.97409 0.536612
0.975012 0.0223902
0.975095 0.41568
0.975705 0.671878
0.976467 0.48352
0.977089 0.933906
0.977651 0.386008
0.977743 0.928789
0.978118 0.235997
0.978486 0.415917
0.978717 0.294776
0.979071 0.243419
0.97988 0.847214
0.980867 0.438436
0.980906 0.0795485
0.982073 0.698519
0.98248 0.547883
0.98271 0.406534
0.98311 0.137016
0.984101 0.791154
0.984375 0.393333
0.984744 0.596576
0.984778 0.167173
0.985614 0.216672
0.986234 0.636997
0.986272 0.281029
0.986517 0.399664
0.986754 0.382714
0.98705 0.340993
0.987459 0.231266
0.988152 0.878187
0.988898 0.405606
0.989764 0.95798
0.990033 0.492156
0.990216 0.558739
0.990364 0.0409189
0.991302 0.815318
0.99134 0.453574
0.992035 0.127755
0.992652 0.495315
0.992773 0.543976
0.993881 0.152179
0.99443 0.383522
0.995655 0.972477
0.995919 0.417346
0.995921 0.437922
0.997609 0.816611
0.997693 0.226554
0.998266 0.859829
0.998839 0.479618
0.999777 0.253486
0.9998 0.646142
