0.00163134 0.417979
0.0017725 0.790433
0.00192195 0.302142
0.00209924 0.282008
0.0036433 0.23291
0.0047911 0.524011
0.00533816 0.71839
0.00553364 0.00389211
0.00591921 0.484118
0.00700013 0.651211
0.00753338 0.613515
0.00901649 0.54011
0.00933858 0.953476
0.00980647 0.817436
0.0142378 0.29495
0.0146978 0.0264322
0.0155107 0.687853
0.0161557 0.528501
0.0163694 0.120382
0.0165188 0.632114
0.0166493 0.825212
0.0170939 0.29754
0.0170956 0.325128
0.0174074 0.566838
0.0176854 0.237725
0.0180478 0.329661
0.018454 0.15701
0.0185502 0.772443
0.0187419 0.995084
0.0200501 0.981593
0.0204182 0.169113
0.0222588 0.103746
0.0233322 0.145076
0.0236874 0.113998
0.0243307 0.925563
0.0244394 0.752293
0.024823 0.199538
0.0248904 0.333618
0.026771 0.939659
0.0269036 0.168586
0.0270109 0.971711
0.0271863 0.919356
0.0275123 0.399004
0.0279659 0.0236645
0.028268 0.1011
0.0291191 0.404478
0.0294931 0.690743
0.0298509 0.704275
0.0327296 0.0864125
0.0331933 0.879167
0.034363 0.539531
0.0354123 0.17404
0.0355494 0.478483
0.0355667 0.76924
0.0359015 0.396611
0.0362975 0.0518972
0.0382066 0.138908
0.0405066 0.794934
0.041531 0.0107786
0.0417933 0.420108
0.0426972 0.612069
0.044234 0.441099
0.0445149 0.161942
0.0449777 0.939639
0.0455568 0.67295
0.0460987 0.781208
0.0466225 0.584934
0.0469497 0.0838428
0.0479858 0.496841
0.0490868 0.00220539
0.0496497 0.462619
0.0508167 0.0764002
0.0508902 0.311159
0.0553998 0.103691
0.0560533 0.0872644
0.0561748 0.130589
0.0561854 0.307386
0.0574034 0.778233
0.0583013 0.869555
0.0585483 0.0210839
0.058623 0.276739
0.0587346 0.151827
0.0596186 0.0103615
0.0613518 0.140319
0.0624722 0.969546
0.0641948 0.922182
0.0644701 0.548231
0.0651031 0.188517
0.0660527 0.146922
0.0677599 0.841123
0.0678992 0.18199
0.0680559 0.815258
0.068404 0.66543
0.0684252 0.02315
0.0688436 0.054501
0.0691249 0.782591
0.0700405 0.171346
0.070083 0.885165
0.071478 0.330659
0.0726493 0.016169
0.0732503 0.117429
0.074072 0.928459
0.0746632 0.864457
0.0749969 0.472324
0.0750379 0.16254
0.0753013 0.58915
0.0760012 0.352144
0.0772325 0.0472789
0.0786756 0.300062
0.0788805 0.744236
0.0804877 0.757028
0.0805059 0.0626712
0.0808425 0.71936
0.0810873 0.83459
0.0818324 0.356773
0.0818818 0.186791
0.0821875 0.325725
0.0822746 0.789491
0.0847395 0.217219
0.085764 0.435896
0.085783 0.755196
0.0868515 0.713098
0.0889225 0.519983
0.0894123 0.75323
0.0901765 0.595652
0.0912593 0.79434
0.0916621 0.565206
0.0931691 0.893567
0.0936834 0.53625
0.0939692 0.340678
0.0941577 0.507994
0.0943209 0.252131
0.0952793 0.359746
0.0953506 0.557399
0.0966692 0.719016
0.0982926 0.00401683
0.0990561 0.835146
0.0996459 0.748049
0.1018 0.946423
0.10241 0.213265
0.103094 0.702
0.105828 0.64933
0.107939 0.125941
0.108496 0.484221
0.110226 0.57669
0.110616 0.117069
0.110869 0.376743
0.111944 0.443611
0.112221 0.10628
0.11417 0.862641
0.115727 0.0245811
0.116723 0.759112
0.117614 0.73897
0.117856 0.802296
0.119852 0.353964
0.120168 0.660963
0.120315 0.142587
0.121091 0.17177
0.121816 0.367194
0.122427 0.626664
0.122724 0.628168
0.123094 0.837657
0.123529 0.153246
0.12373 0.526067
0.123889 0.200752
0.12412 0.0889389
0.125345 0.676555
0.125518 0.583089
0.126018 0.980415
0.127254 0.752679
0.127319 0.857121
0.127584 0.308924
0.128398 0.979916
0.128972 0.62565
0.131407 0.562923
0.132042 0.225811
0.132266 0.994865
0.133986 0.905058
0.134178 0.124709
0.135162 0.659699
0.135314 0.223101
0.135404 0.73665
0.135894 0.971665
0.137207 0.0404614
0.138938 0.126271
0.139434 0.469478
0.140369 0.18658
0.140778 0.0563245
0.141485 0.933779
0.141584 0.601617
0.144683 0.679327
0.144811 0.837652
0.145388 0.538499
0.145943 0.869238
0.146535 0.814424
0.147383 0.0713689
0.14765 0.555049
0.148812 0.0850099
0.149163 0.985036
0.150515 0.701613
0.151285 0.640675
0.152708 0.556549
0.152787 0.885145
0.152787 0.886648
0.153176 0.430103
0.15361 0.720906
0.154321 0.670097
0.15513 0.273047
0.15563 0.668558
0.155807 0.641255
0.156476 0.895269
0.157602 0.818569
0.157704 0.532356
0.158329 0.0325811
0.158936 0.236445
0.159049 0.135811
0.159822 0.126128
0.159875 0.0148122
0.160847 0.348413
0.161361 0.00129432
0.16162 0.339983
0.161754 0.602571
0.163292 0.456301
0.164994 0.0486807
0.165802 0.628981
0.166116 0.912986
0.167506 0.265048
0.167557 0.129024
0.168405 0.380436
0.169757 0.103289
0.170737 0.576403
0.171153 0.570712
0.172428 0.992197
0.17255 0.0459224
0.17312 0.634845
0.174666 0.613053
0.175087 0.680507
0.176375 0.331821
0.179013 0.663844
0.181226 0.862366
0.182318 0.223991
0.18234 0.589858
0.182802 0.358116
0.183072 0.88704
0.183109 0.513839
0.183722 0.815548
0.183843 0.843728
0.184137 0.787215
0.184754 0.154391
0.185263 0.717973
0.185268 0.80357
0.185312 0.535234
0.187589 0.804763
0.187997 0.667894
0.188105 0.473962
0.188834 0.733453
0.188988 0.321328
0.190037 0.950945
0.192263 0.362962
0.192353 0.871526
0.192654 0.932549
0.192662 0.0698396
0.192759 0.697075
0.194163 0.300364
0.194488 0.763772
0.195284 0.133026
0.195626 0.885862
0.195782 0.508877
0.196873 0.844057
0.200415 0.380774
0.201097 0.82968
0.202935 0.726793
0.203985 0.381242
0.205013 0.647348
0.20549 0.664774
0.205518 0.137871
0.205721 0.557016
0.206551 0.495091
0.207489 0.273834
0.207539 0.0995705
0.207605 0.222224
0.209989 0.288101
0.210367 0.631099
0.210688 0.0302763
0.210712 0.434704
0.211528 0.158164
0.212155 0.691307
0.21349 0.120413
0.213989 0.512504
0.214765 0.553833
0.214782 0.840231
0.215411 0.407646
0.215428 0.697018
0.215849 0.780563
0.215887 0.411626
0.216463 0.0885329
0.217807 0.685938
0.217927 0.693276
0.218028 0.399346
0.218266 0.393495
0.218309 0.125863
0.219259 0.0830471
0.219479 0.777054
0.219964 0.9285
0.221295 0.308206
0.221389 0.883036
0.222012 0.358428
0.222563 0.622837
0.22361 0.215678
0.224327 0.264248
0.226745 0.910669
0.227028 0.656337
0.227275 0.816303
0.227393 0.798495
0.227859 0.626046
0.227929 0.808986
0.229876 0.519414
0.232103 0.950739
0.232193 0.460688
0.233045 0.78512
0.234136 0.122005
0.234369 0.0375222
0.235285 0.42875
0.23616 0.134264
0.236653 0.429964
0.238035 0.660092
0.238278 0.739258
0.239023 0.262185
0.239128 0.0237283
0.240045 0.434069
0.240104 0.425435
0.240301 0.736818
0.241345 0.280079
0.243449 0.639381
0.245202 0.112783
0.245389 0.246305
0.245962 0.881606
0.246044 0.259031
0.246488 0.724621
0.246679 0.925966
0.246755 0.211713
0.24752 0.0671741
0.251108 0.366774
0.25131 0.761478
0.251333 0.159934
0.251827 0.457654
0.251831 0.530165
0.252328 0.869788
0.252572 0.982741
0.254914 0.339431
0.256109 0.424336
0.258307 0.370262
0.258821 0.00453135
0.259141 0.380582
0.259262 0.422912
0.260075 0.0830256
0.260302 0.890327
0.26121 0.157938
0.261971 0.95348
0.263282 0.981509
0.263761 0.0322523
0.264535 0.0418459
0.265467 0.703827
0.267669 0.708553
0.268164 0.0273492
0.268265 0.735071
0.268351 0.182777
0.269498 0.458913
0.271817 0.420896
0.272195 0.773442
0.272318 0.849864
0.272417 0.508882
0.272606 0.683477
0.273583 0.105868
0.274231 0.00193531
0.275205 0.37704
0.275436 0.245544
0.276349 0.591786
0.277478 0.579059
0.277514 0.183802
0.278668 0.568357
0.279391 0.731803
0.27945 0.719788
0.280215 0.569058
0.280244 0.0686783
0.280296 0.928585
0.280369 0.15594
0.280681 0.407386
0.281553 0.0687509
0.281788 0.0182108
0.283146 0.833149
0.283285 0.175683
0.284633 0.82457
0.285554 0.304784
0.285986 0.566019
0.286335 0.435303
0.286812 0.456979
0.287138 0.933669
0.287386 0.100811
0.2883 0.460836
0.288487 0.596784
0.289386 0.707648
0.289665 0.40397
0.290196 0.320154
0.290378 0.387222
0.291116 0.791767
0.292388 0.160251
0.293258 0.793128
0.293276 0.0924551
0.294043 0.979965
0.294228 0.0895539
0.294503 0.711244
0.29461 0.514361
0.296804 0.388277
0.297096 0.293125
0.298811 0.108494
0.299502 0.721628
0.302125 0.817717
0.302166 0.501789
0.304331 0.896394
0.305862 0.626224
0.30588 0.921983
0.30644 0.330758
0.306923 0.454263
0.307324 0.187343
0.308802 0.0277151
0.308885 0.42527
0.309792 0.681673
0.310983 0.692189
0.311206 0.441982
0.311288 0.81551
0.311353 0.906835
0.312818 0.534134
0.313004 0.663194
0.313693 0.230231
0.313839 0.686248
0.313973 0.948499
0.314599 0.466247
0.314998 0.173383
0.315523 0.997583
0.316109 0.842436
0.31863 0.207457
0.319366 0.581346
0.320075 0.506111
0.320495 0.563398
0.320735 0.591106
0.323071 0.848182
0.32389 0.620612
0.324264 0.900804
0.324466 0.307622
0.325825 0.136335
0.326492 0.358175
0.326533 0.0410881
0.326579 0.811485
0.327681 0.331367
0.329001 0.522332
0.329692 0.136257
0.330822 0.126003
0.332648 0.809816
0.33409 0.0529808
0.334162 0.267712
0.334329 0.0674622
0.334706 0.397101
0.336879 0.933042
0.337823 0.799237
0.341677 0.560212
0.341733 0.500378
0.341798 0.593871
0.34241 0.878878
0.342672 0.286987
0.34348 0.875896
0.3444 0.33746
0.344408 0.463997
0.344775 0.630088
0.344932 0.279791
0.345254 0.684001
0.346864 0.743837
0.347124 0.11985
0.347188 0.182647
0.348504 0.312215
0.349532 0.587923
0.350514 0.0962405
0.352087 0.521867
0.352611 0.334429
0.353572 0.48991
0.354357 0.672623
0.354615 0.0131508
0.35467 0.932882
0.354681 0.119541
0.356024 0.697529
0.356628 0.854489
0.35762 0.522722
0.357676 0.45453
0.357965 0.32639
0.357998 0.870252
0.358124 0.984569
0.359432 0.97248
0.36018 0.551474
0.36236 0.182514
0.362815 0.825629
0.362975 0.521234
0.366532 0.302994
0.368441 0.3879
0.368843 0.145836
0.369359 0.811599
0.369717 0.840236
0.372089 0.703292
0.373045 0.765483
0.373099 0.670415
0.374163 0.55928
0.374928 0.4101
0.376017 0.712573
0.376447 0.953334
0.377005 0.322125
0.377966 0.475195
0.378205 0.48599
0.378649 0.956432
0.379895 0.901721
0.381822 0.27862
0.38234 0.989792
0.38343 0.30636
0.383645 0.926565
0.383978 0.523687
0.384364 0.00308316
0.384412 0.811422
0.384673 0.19775
0.385287 0.515362
0.386172 0.392585
0.386481 0.58715
0.38726 0.6728
0.388034 0.686628
0.388087 0.579679
0.389057 0.881224
0.38952 0.658178
0.389692 0.559154
0.392732 0.64855
0.393155 0.758126
0.393691 0.767928
0.393821 0.946789
0.394719 0.0491698
0.396037 0.192332
0.396478 0.598261
0.396583 0.36468
0.396786 0.785038
0.397209 0.887562
0.397646 0.243309
0.398477 0.19454
0.39928 0.705209
0.399909 0.267426
0.400736 0.173163
0.401245 0.721961
0.403226 0.0154919
0.404026 0.458846
0.40415 0.553402
0.405199 0.187308
0.405634 0.49543
0.406885 0.509247
0.406968 0.903265
0.407912 0.782365
0.408695 0.938312
0.410545 0.035185
0.410661 0.978065
0.41085 0.156268
0.411008 0.818235
0.411959 0.797005
0.412904 0.67425
0.413026 0.734511
0.413211 0.835647
0.414611 0.365094
0.414696 0.796983
0.41665 0.642666
0.418014 0.565976
0.418104 0.0760822
0.419722 0.272442
0.419963 0.312687
0.421786 0.950536
0.423893 0.366539
0.424123 0.236515
0.424546 0.350465
0.425433 0.250753
0.426202 0.173983
0.427027 0.0410255
0.427856 0.982309
0.428402 0.153875
0.428437 0.744187
0.428666 0.592264
0.429009 0.354647
0.429331 0.767004
0.42971 0.143139
0.430042 0.715412
0.430122 0.0669639
0.430376 0.327084
0.431696 0.512626
0.432024 0.0346926
0.432869 0.226569
0.433395 0.0731601
0.433789 0.687194
0.436122 0.905138
0.438021 0.825564
0.438071 0.662477
0.439131 0.478024
0.441917 0.296524
0.442205 0.131451
0.44377 0.43627
0.443889 0.442254
0.445116 0.0652771
0.446754 0.600612
0.448911 0.852589
0.44896 0.676111
0.450448 0.6724
0.450576 0.82707
0.450729 0.39883
0.451525 0.781296
0.451578 0.679152
0.452087 0.226166
0.453041 0.262749
0.453753 0.222576
0.454176 0.332089
0.454645 0.212742
0.455722 0.318319
0.457484 0.934552
0.457494 0.108165
0.45761 0.0434303
0.458282 0.3398
0.458529 0.489114
0.460302 0.300514
0.461127 0.164465
0.461353 0.957116
0.461437 0.378228
0.461503 0.479218
0.461546 0.200129
0.461879 0.794754
0.462189 0.00530028
0.463455 0.295052
0.464484 0.583501
0.465404 0.0428895
0.466603 0.203366
0.466625 0.562612
0.467008 0.00380022
0.467287 0.697501
0.467409 0.742077
0.467689 0.453004
0.470266 0.754677
0.470851 0.59877
0.475392 0.919019
0.477845 0.139848
0.478837 0.808575
0.479642 0.346135
0.481304 0.271341
0.481746 0.710086
0.482577 0.669331
0.482825 0.836685
0.484836 0.633209
0.485412 0.311915
0.486876 0.932437
0.487406 0.836152
0.487579 0.74285
0.48793 0.63343
0.487953 0.0286067
0.489114 0.54297
0.489425 0.766758
0.490613 0.730926
0.490684 0.920315
0.49114 0.596488
0.492297 0.0328852
0.492946 0.947579
0.494426 0.82594
0.494552 0.931233
0.495687 0.0101761
0.495875 0.173618
0.495906 0.69757
0.496051 0.127924
0.496426 0.437136
0.497124 0.162735
0.497426 0.236868
0.500125 0.594951
0.50063 0.0971583
0.503861 0.396923
0.504867 0.303571
0.505088 0.0171051
0.505597 0.560589
0.505637 0.237116
0.506016 0.611248
0.506366 0.492091
0.506774 0.344868
0.506832 0.329957
0.507664 0.309003
0.508528 0.826237
0.509662 0.895108
0.509728 0.995307
0.510162 0.293459
0.510472 0.505876
0.510825 0.431244
0.51094 0.37349
0.510964 0.770295
0.511267 0.865794
0.512267 0.675778
0.513489 0.20573
0.514561 0.234515
0.514996 0.542849
0.515646 0.464336
0.515984 0.14592
0.518258 0.358098
0.519493 0.117738
0.519566 0.352559
0.521543 0.57433
0.522138 0.573628
0.52271 0.18279
0.523344 0.835425
0.523869 0.662075
0.524278 0.53686
0.524879 0.646909
0.525501 0.100825
0.525739 0.102518
0.526022 0.859244
0.526279 0.169421
0.526462 0.245177
0.52679 0.75595
0.527319 0.649155
0.53008 0.0588676
0.530436 0.0300821
0.530714 0.716042
0.530855 0.0736423
0.531275 0.133638
0.53182 0.292337
0.532577 0.023437
0.532639 0.0580752
0.53412 0.960643
0.535829 0.675537
0.537324 0.804663
0.53874 0.610341
0.538865 0.710164
0.540814 0.455599
0.541107 0.390657
0.541829 0.524073
0.542511 0.978473
0.542656 0.420864
0.54304 0.871232
0.54327 0.736879
0.543875 0.900085
0.544051 0.860472
0.544342 0.75675
0.545568 0.362892
0.545748 0.380255
0.547101 0.131385
0.547453 0.0363569
0.547763 0.250057
0.547804 0.936437
0.548515 0.895255
0.548588 0.113719
0.549158 0.706327
0.54996 0.180072
0.550398 0.532977
0.551143 0.053133
0.552183 0.535019
0.552247 0.62164
0.552423 0.565091
0.554665 0.255922
0.556042 0.390005
0.55805 0.145221
0.55881 0.917786
0.559175 0.0493937
0.55951 0.692362
0.560761 0.713834
0.561238 0.726815
0.561973 0.07771
0.563904 0.532474
0.564 0.142084
0.564606 0.337292
0.565415 0.930419
0.566705 0.616044
0.566717 0.814865
0.566804 0.272354
0.567261 0.951909
0.567521 0.318452
0.56784 0.688249
0.567942 0.394006
0.568019 0.693019
0.569503 0.643335
0.569868 0.777675
0.569939 0.969936
0.569986 0.7573
0.570085 0.419707
0.570274 0.59708
0.571741 0.248155
0.572635 0.277852
0.573818 0.15683
0.574348 0.0651401
0.576377 0.16082
0.576511 0.416794
0.577116 0.594839
0.578574 0.0993024
0.579027 0.705946
0.579189 0.434344
0.579211 0.804985
0.579566 0.772858
0.580337 0.723965
0.581103 0.596973
0.583511 0.0747041
0.584344 0.0626799
0.584622 0.748578
0.585189 0.275077
0.585721 0.218566
0.586788 0.152089
0.587176 0.670155
0.589681 0.773103
0.589832 0.305896
0.590144 0.557421
0.590467 0.971907
0.590972 0.463243
0.591406 0.757881
0.591482 0.0297994
0.592271 0.304535
0.595653 0.136396
0.5958 0.613708
0.596059 0.968683
0.597305 0.911914
0.599782 0.538706
0.600652 0.153855
0.601625 0.506623
0.602047 0.603364
0.602513 0.435736
0.602557 0.175797
0.604571 0.021346
0.604886 0.315838
0.605006 0.328381
0.6079 0.971434
0.609266 0.936052
0.609698 0.187778
0.61172 0.180728
0.611749 0.657143
0.615692 0.942475
0.615887 0.216144
0.616111 0.980737
0.616687 0.654325
0.617878 0.669599
0.618808 0.305754
0.619116 0.486974
0.619659 0.610971
0.619734 0.874265
0.620674 0.675243
0.620718 0.414913
0.621733 0.458514
0.622747 0.508385
0.623112 0.642208
0.624654 0.563597
0.624817 0.298483
0.62515 0.892177
0.625206 0.836271
0.625347 0.213915
0.62868 0.218943
0.62892 0.261553
0.63007 0.59137
0.630071 0.594978
0.630129 0.574871
0.630874 0.106101
0.632076 0.305929
0.632733 0.345007
0.633122 0.875596
0.633558 0.205718
0.634143 0.0420399
0.63484 0.756229
0.635279 0.13615
0.636383 0.691955
0.636646 0.115474
0.638803 0.359014
0.639521 0.437239
0.639533 0.638956
0.640564 0.951698
0.640865 0.0124479
0.641418 0.311012
0.641446 0.782973
0.64356 0.30673
0.643599 0.965632
0.646289 0.176494
0.647321 0.529347
0.648639 0.674191
0.649089 0.236288
0.650652 0.510763
0.651402 0.120836
0.652607 0.361111
0.653766 0.851564
0.653943 0.823604
0.654659 0.856092
0.655884 0.444232
0.657795 0.560193
0.658616 0.356775
0.659143 0.219754
0.65918 0.832716
0.660531 0.551766
0.660819 0.383351
0.660848 0.866739
0.661166 0.211163
0.663453 0.661622
0.666459 0.178237
0.666558 0.832301
0.666746 0.998522
0.668591 0.00489835
0.668598 0.128258
0.66959 0.793212
0.671497 0.848079
0.671863 0.00697797
0.672865 0.84855
0.672996 0.0507649
0.673029 0.605803
0.673969 0.399315
0.67473 0.190404
0.675128 0.871509
0.676444 0.997532
0.677293 0.255267
0.677693 0.982031
0.677713 0.316123
0.678086 0.590594
0.680044 0.491508
0.680799 0.183985
0.681709 0.484004
0.683687 0.719519
0.686213 0.174027
0.689078 0.332228
0.689186 0.155076
0.689464 0.814043
0.689629 0.587771
0.689722 0.165034
0.690732 0.141079
0.691072 0.847238
0.692287 0.261156
0.692346 0.260849
0.693379 0.624644
0.693862 0.73882
0.694408 0.918032
0.695818 0.618446
0.6971 0.160277
0.697768 0.393206
0.697955 0.52618
0.69842 0.341671
0.698527 0.134606
0.699999 0.883651
0.700481 0.986691
0.700961 0.0471232
0.701391 0.283823
0.702282 0.261396
0.704973 0.485742
0.705073 0.158073
0.705964 0.138565
0.706088 0.218274
0.707026 0.992321
0.707655 0.562303
0.708071 0.552839
0.708772 0.33752
0.709194 0.429815
0.709515 0.815711
0.70982 0.950639
0.71176 0.542168
0.71194 0.582431
0.712404 0.377682
0.713284 0.167752
0.714292 0.105517
0.7149 0.327601
0.715502 0.448035
0.71693 0.437798
0.718011 0.616075
0.719269 0.755709
0.719719 0.312945
0.720411 0.951648
0.721205 0.298597
0.724963 0.44727
0.72521 0.610914
0.725418 0.092756
0.725435 0.38194
0.725734 0.409983
0.725919 0.522131
0.725963 0.266208
0.726622 0.340325
0.726832 0.869109
0.727468 0.555257
0.729129 0.473263
0.729832 0.294743
0.73004 0.776726
0.730186 0.232962
0.731424 0.0394033
0.7315 0.31831
0.731789 0.17415
0.731903 0.0864214
0.732481 0.801168
0.733392 0.113992
0.733887 0.438619
0.734052 0.203558
0.734332 0.925528
0.735603 0.273053
0.735853 0.474867
0.735867 0.723534
0.736982 0.450063
0.737786 0.973654
0.739771 0.328849
0.741473 0.939331
0.741958 0.0866287
0.742669 0.0392946
0.744174 0.337892
0.744715 0.42599
0.745299 0.242894
0.745582 0.994408
0.746654 0.0144905
0.74672 0.129466
0.747311 0.0572157
0.747987 0.419672
0.748026 0.0773919
0.749889 0.380122
0.750395 0.883073
0.750423 0.357523
0.750855 0.622186
0.751377 0.398551
0.751465 0.873016
0.751666 0.257827
0.752863 0.368128
0.753048 0.470173
0.75362 0.0967398
0.756895 0.141684
0.757089 0.400162
0.757131 0.105803
0.757387 0.39877
0.759286 0.326193
0.759372 0.75935
0.759468 0.37735
0.761248 0.291353
0.761322 0.541733
0.761534 0.099186
0.763857 0.144974
0.764456 0.213457
0.767097 0.595521
0.767157 0.604935
0.767706 0.832874
0.76805 0.623096
0.768132 0.00176545
0.768541 0.870132
0.769118 0.558504
0.769147 0.0509552
0.771625 0.700278
0.772494 0.312305
0.772566 0.519546
0.772905 0.221033
0.773031 0.335374
0.77325 0.013548
0.773816 0.518345
0.776198 0.557181
0.776927 0.807914
0.776989 0.859677
0.777032 0.578396
0.779134 0.910727
0.779338 0.33496
0.779828 0.566203
0.780543 0.590957
0.782144 0.487723
0.782728 0.308611
0.782967 0.330817
0.783018 0.176887
0.783445 0.355319
0.78506 0.505675
0.785658 0.554208
0.785823 0.318889
0.785853 0.833246
0.789486 0.884295
0.789713 0.708674
0.789972 0.0595403
0.791321 0.731538
0.792502 0.576041
0.792936 0.883224
0.793555 0.283092
0.793869 0.548939
0.794727 0.975309
0.796243 0.458093
0.796389 0.903535
0.796739 0.79723
0.797877 0.925033
0.800895 0.636063
0.801145 0.844873
0.801411 0.30984
0.801522 0.181853
0.801664 0.566563
0.802325 0.681166
0.802456 0.882473
0.802637 0.911247
0.804468 0.699299
0.804485 0.983482
0.805703 0.443459
0.807163 0.984213
0.807333 0.851075
0.807372 0.498339
0.807708 0.152453
0.808425 0.206768
0.808607 0.264397
0.808614 0.379014
0.809814 0.545298
0.810103 0.397436
0.811398 0.170215
0.812914 0.644734
0.813974 0.454827
0.813979 0.550911
0.814598 0.949831
0.815339 0.3984
0.816268 0.0115444
0.817644 0.149986
0.81789 0.284586
0.818007 0.238573
0.818528 0.998229
0.81861 0.378354
0.819565 0.420705
0.819594 0.915073
0.82001 0.90251
0.820877 0.484766
0.823414 0.115007
0.82364 0.911821
0.823706 0.0326592
0.82404 0.637788
0.824263 0.385405
0.827087 0.846395
0.827448 0.927006
0.828134 0.450818
0.828773 0.182939
0.829054 0.918706
0.831738 0.0274173
0.832275 0.049554
0.832507 0.946804
0.836099 0.31087
0.836168 0.472773
0.836575 0.313372
0.837325 0.928219
0.837357 0.465664
0.838475 0.252315
0.839856 0.461836
0.83998 0.546382
0.841199 0.0345093
0.841752 0.324903
0.841792 0.995865
0.84187 0.303244
0.842308 0.678064
0.843107 0.106556
0.843303 0.388473
0.843513 0.928684
0.843701 0.0838148
0.845818 0.658271
0.846098 0.375279
0.847378 0.890116
0.847699 0.285075
0.849165 0.918854
0.85032 0.326536
0.851623 0.230517
0.851731 0.0363574
0.851954 0.784069
0.852513 0.183742
0.853074 0.612647
0.853202 0.760406
0.853528 0.248436
0.854012 0.387727
0.854223 0.926287
0.854462 0.939304
0.854636 0.87503
0.855947 0.898919
0.856003 0.850026
0.856575 0.449185
0.857852 0.926331
0.859367 0.384751
0.860307 0.181918
0.860931 0.658851
0.86163 0.410309
0.86193 0.450405
0.862165 0.411377
0.863581 0.210795
0.86359 0.350683
0.863725 0.624001
0.864158 0.906453
0.864596 0.265565
0.864906 0.483718
0.865132 0.266883
0.86765 0.599503
0.870233 0.00475076
0.870264 0.524484
0.87044 0.483627
0.873105 0.280363
0.873612 0.803428
0.874159 0.988831
0.874545 0.469252
0.875062 0.167612
0.877382 0.162552
0.877852 0.0665118
0.87833 0.0924691
0.879223 0.0945702
0.879295 0.316783
0.881319 0.328728
0.881576 0.64933
0.882423 0.879931
0.882904 0.974338
0.883361 0.642348
0.884505 0.873264
0.885946 0.0991325
0.886995 0.732678
0.889133 0.660839
0.889743 0.910636
0.890477 0.240549
0.890956 0.290055
0.893301 0.716298
0.89414 0.806448
0.894999 0.254598
0.895819 0.0279203
0.896271 0.624226
0.896409 0.948759
0.896499 0.450984
0.897123 0.939445
0.898611 0.947591
0.899273 0.0806952
0.900395 0.934646
0.900418 0.330785
0.901551 0.364163
0.902322 0.319003
0.903809 0.316685
0.90381 0.329943
0.904353 0.459958
0.90442 0.589202
0.904961 0.671257
0.90507 0.514602
0.905595 0.342535
0.90586 0.782403
0.905943 0.180529
0.907877 0.691651
0.908636 0.439906
0.909384 0.0159735
0.909806 0.108527
0.911755 0.862696
0.912838 0.0607812
0.913132 0.00612303
0.915297 0.394381
0.91717 0.883144
0.917186 0.147808
0.917441 0.437128
0.917935 0.732617
0.91854 0.894626
0.919046 0.413926
0.919324 0.076783
0.919983 0.149022
0.920327 0.937608
0.922008 0.19451
0.92209 0.5721
0.922403 0.82109
0.922606 0.234545
0.923856 0.246116
0.924162 0.387571
0.924267 0.153959
0.926442 0.70686
0.927257 0.412867
0.927601 0.19495
0.927981 0.577377
0.931681 0.75839
0.933005 0.0129057
0.933658 0.996863
0.933669 0.179867
0.933869 0.534922
0.934559 0.140347
0.936294 0.2956
0.937102 0.875297
0.937581 0.931903
0.937771 0.123692
0.937836 0.205828
0.939074 0.0142267
0.940124 0.663425
0.940557 0.947278
0.940824 0.423038
0.942211 0.737174
0.942965 0.410617
0.943456 0.657693
0.944 0.800113
0.944568 0.355632
0.94458 0.550321
0.945453 0.234953
0.945829 0.549957
0.946502 0.866331
0.946634 0.0852007
0.948119 0.0338893
0.948735 0.381985
0.949283 0.603499
0.949959 0.959881
0.950493 0.930286
0.950545 0.804241
0.950707 0.534689
0.951072 0.670187
0.951073 0.683186
0.951565 0.947597
0.952357 0.265613
0.952843 0.438017
0.953809 0.665141
0.954083 0.270395
0.956108 0.313403
0.957039 0.953565
0.957272 0.872862
0.958612 0.388144
0.959316 0.221756
0.959917 0.323094
0.960331 0.281167
0.961294 0.466231
0.963117 0.110975
0.963376 0.452919
0.963568 0.679583
0.963623 0.608526
0.964357 0.945529
0.965522 0.52435
0.967594 0.350089
0.96836 0.234249
0.970904 0.985541
0.971866 0.146015
0.97213 0.582893
0.975115 0.759062
0.975657 0.873636
0.975745 0.342974
0.976097 0.260429
0.976155 0.23716
0.976279 0.324398
0.976798 0.0372442
0.976845 0.840065
0.977887 0.34932
0.979925 0.605487
0.981337 0.330695
0.981405 0.475255
0.981607 0.861631
0.981906 0.895348
0.982387 0.981396
0.982556 0.811678
0.982771 0.438331
0.985709 0.812476
0.986594 0.692181
0.986637 0.408215
0.987308 0.67796
0.987391 0.0841865
0.987438 0.871574
0.987973 0.868854
0.989215 0.730534
0.990338 0.604341
0.991528 0.612759
0.993119 0.34312
0.994113 0.0612234
0.994157 0.79439
0.994737 0.539973
0.995202 0.365669
0.995611 0.226695
0.996919 0.218675
0.997174 0.509497
0.997523 0.363825
0.998115 0.316658
0.998319 0.754125
0.998432 0.642322
0.998736 0.748081
0.999954 0.232053
0.999979 0.652548
