0.00039518 0.641793
0.000451683 0.591437
0.0005793 0.736301
0.000606823 0.198878
0.000705684 0.86044
0.00160079 0.904404
0.00372932 0.67877
0.00396187 0.587172
0.00496733 0.485853
0.00561221 0.324388
0.00562202 0.489345
0.00664178 0.628413
0.00688605 0.733813
0.0075474 0.849237
0.00768917 0.231905
0.0080461 0.230864
0.0081227 0.51831
0.00874301 0.943753
0.0100527 0.955754
0.0116549 0.88384
0.0118408 0.00810359
0.0120929 0.245151
0.0125439 0.826156
0.0127047 0.527506
0.0138682 0.0826909
0.0140703 0.479445
0.0154483 0.639135
0.0154998 0.505295
0.0158723 0.765975
0.0169394 0.701189
0.017065 0.81081
0.0177223 0.858998
0.0192364 0.305538
0.0196142 0.655987
0.0204945 0.450986
0.0206803 0.573559
0.0208273 0.0448994
0.0211297 0.12606
0.0214489 0.491944
0.0222129 0.332449
0.0222482 0.924952
0.0226823 0.221922
0.0227696 0.688427
0.022818 0.50219
0.0228827 0.58964
0.0241045 0.123568
0.0243334 0.970753
0.0253868 0.676747
0.0256575 0.226427
0.0267703 0.92864
0.0271965 0.0910276
0.028114 0.511393
0.0282555 0.890797
0.0285677 0.137963
0.0285761 0.279214
0.0289274 0.18248
0.0290245 0.814309
0.0292733 0.99575
0.0296775 0.789547
0.0298942 0.431697
0.0304877 0.406499
0.0309486 0.152366
0.0309928 0.895902
0.0314509 0.595218
0.0317203 0.12235
0.0321608 0.527277
0.0324859 0.990983
0.0327189 0.906437
0.0330401 0.305161
0.0336551 0.64147
0.0344681 0.305599
0.0350395 0.908209
0.0353324 0.831058
0.0375705 0.446694
0.0378483 0.116446
0.0378578 0.276808
0.0380203 0.00789818
0.0380489 0.488656
0.039059 0.464983
0.039189 0.649502
0.0394357 0.79596
0.039701 0.254157
0.0400298 0.781523
0.0417998 0.528605
0.0423951 0.534994
0.0426693 0.143747
0.0429221 0.39129
0.042971 0.213544
0.0434556 0.358728
0.0436018 0.814744
0.0437858 0.907984
0.0445611 0.93899
0.0446747 0.847638
0.0458901 0.275104
0.0459693 0.606213
0.0459729 0.665889
0.0468244 0.977407
0.0476744 0.263481
0.0479553 0.984872
0.0487865 0.955324
0.048908 0.995964
0.0502392 0.370841
0.0517172 0.210986
0.0527036 0.789302
0.0529443 0.834573
0.0532805 0.486041
0.0535948 0.768144
0.0544711 0.495312
0.0550064 0.493179
0.0553374 0.0551765
0.0565636 0.664863
0.0566913 0.809899
0.0570789 0.324968
0.0581522 0.363888
0.0585471 0.00183889
0.059984 0.150962
0.0615738 0.871345
0.0623408 0.761939
0.0624959 0.367846
0.0631706 0.708912
0.0631712 0.718625
0.0635797 0.584268
0.0635851 0.675038
0.0636119 0.125587
0.0638909 0.813699
0.0669265 0.833887
0.0682409 0.924221
0.0683414 0.613394
0.0686956 0.567398
0.0691508 0.217799
0.0705544 0.807322
0.0714357 0.61961
0.0717206 0.408236
0.0722867 0.921869
0.0730321 0.45065
0.073253 0.163033
0.0753515 0.432457
0.0757022 0.327552
0.0769453 0.219427
0.0771097 0.983536
0.0775831 0.938688
0.0778471 0.376059
0.0778473 0.380403
0.0800796 0.897677
0.0803381 0.242556
0.0811109 0.231081
0.0812324 0.273545
0.0816652 0.546715
0.0822372 0.160619
0.0825462 0.354636
0.0827447 0.690008
0.0830531 0.873592
0.083811 0.611125
0.0838472 0.220001
0.0840475 0.586248
0.0853321 0.175773
0.0858712 0.237307
0.086703 0.218036
0.0877083 0.11314
0.087943 0.0585773
0.0881366 0.311631
0.0888929 0.0224296
0.0890716 0.0259553
0.0890925 0.378181
0.0892952 0.784248
0.0895118 0.425334
0.0897332 0.145661
0.0901778 0.617574
0.0909278 0.222982
0.0911912 0.649859
0.0916951 0.119172
0.0917225 0.580865
0.0919014 0.587005
0.0936229 0.520834
0.0942133 0.443308
0.0963282 0.988729
0.0967685 0.388287
0.0970363 0.8896
0.0970632 0.341361
0.0977167 0.324496
0.0977182 0.350049
0.0982223 0.822251
0.0983397 0.794989
0.098347 0.917957
0.0988673 0.662633
0.0988913 0.0666772
0.0990237 0.291017
0.0990434 0.621815
0.0991107 0.753954
0.0995484 0.109442
0.0995634 0.361451
0.100292 0.605735
0.100762 0.503582
0.102057 0.279751
0.102414 0.274757
0.102771 0.273724
0.103348 0.967293
0.1037 0.892747
0.104138 0.242349
0.104144 0.355479
0.104651 0.87449
0.105139 0.0681351
0.105414 0.690412
0.105526 0.575792
0.105541 0.820993
0.106302 0.624127
0.106333 0.131729
0.106469 0.42304
0.106775 0.575632
0.108171 0.0350248
0.108278 0.825839
0.108536 0.172604
0.108595 0.160558
0.108902 0.319036
0.109466 0.795251
0.111122 0.619253
0.112199 0.724095
0.112691 0.00433117
0.112694 0.0398864
0.113193 0.430326
0.113597 0.21787
0.114357 0.000662762
0.114487 0.178984
0.116306 0.751224
0.119095 0.637382
0.119919 0.484624
0.120111 0.698272
0.120884 0.704509
0.120972 0.16991
0.120987 0.426944
0.122325 0.92306
0.122919 0.902933
0.123375 0.569926
0.124863 0.565518
0.125258 0.216006
0.12571 0.803209
0.125711 0.831729
0.126043 0.407297
0.12649 0.911478
0.126763 0.509368
0.127156 0.108751
0.127259 0.835435
0.128272 0.871774
0.128398 0.977154
0.128477 0.31605
0.128552 0.574843
0.128871 0.936016
0.12889 0.258439
0.129193 0.346792
0.129782 0.251218
0.130122 0.957252
0.13064 0.667148
0.130949 0.862308
0.130993 0.59095
0.131041 0.414159
0.131431 0.96811
0.131607 0.915755
0.1324 0.24821
0.132421 0.603957
0.132595 0.528977
0.133333 0.929609
0.133859 0.773688
0.133922 0.822484
0.134043 0.85766
0.134142 0.521273
0.134492 0.404018
0.134567 0.659422
0.136932 0.418881
0.138822 0.178788
0.138886 0.249929
0.139044 0.919268
0.139075 0.435488
0.139871 0.803897
0.140599 0.0503804
0.141299 0.815934
0.14133 0.331143
0.14243 0.812966
0.142526 0.431913
0.142665 0.768335
0.14458 0.964311
0.146088 0.299936
0.146649 0.727925
0.146843 0.995512
0.147978 0.0632554
0.148623 0.905438
0.148689 0.00902631
0.14967 0.502982
0.149941 0.0633684
0.150985 0.605815
0.151199 0.208473
0.151337 0.515264
0.151784 0.0389405
0.152034 0.238335
0.152062 0.709052
0.152441 0.0745829
0.153172 0.363822
0.154627 0.810253
0.154758 0.0235191
0.155868 0.677835
0.157175 0.636928
0.157755 0.384617
0.158759 0.260084
0.159435 0.626023
0.160525 0.935423
0.16118 0.954019
0.161237 0.904156
0.16155 0.163907
0.16224 0.775429
0.162685 0.240486
0.163102 0.255018
0.163286 0.351944
0.16357 0.114798
0.163626 0.0577662
0.163718 0.603826
0.164568 0.886183
0.164878 0.1076
0.165153 0.729721
0.165414 0.106618
0.165455 0.795464
0.165484 0.297376
0.165688 0.726578
0.165845 0.364863
0.166146 0.415188
0.166558 0.341188
0.16661 0.220982
0.167352 0.684443
0.169081 0.741992
0.169116 0.337469
0.169318 0.729777
0.170082 0.571472
0.17049 0.427277
0.170501 0.604764
0.170559 0.593406
0.173077 0.906366
0.173354 0.565991
0.174515 0.0671744
0.175681 0.662587
0.175923 0.732565
0.176058 0.00957713
0.176162 0.759741
0.177184 0.928173
0.177272 0.413016
0.177401 0.586727
0.17751 0.418708
0.177571 0.438218
0.177814 0.526964
0.178169 0.478706
0.179559 0.852784
0.179732 0.756304
0.179858 0.873963
0.180059 0.253906
0.180763 0.0842381
0.182391 0.439551
0.1828 0.312269
0.182912 0.20168
0.182963 0.0537995
0.183156 0.3042
0.18348 0.746923
0.183893 0.686142
0.184472 0.423218
0.185112 0.184014
0.185501 0.714274
0.187106 0.697732
0.187315 0.202075
0.187461 0.661089
0.188332 0.301753
0.18855 0.952715
0.188801 0.171371
0.189252 0.761165
0.189574 0.164944
0.190049 0.160175
0.190089 0.825244
0.190741 0.792171
0.191985 0.694666
0.192121 0.97725
0.192326 0.417057
0.192818 0.688496
0.192946 0.846656
0.193025 0.170134
0.193649 0.653572
0.193682 0.209776
0.194473 0.502653
0.194552 0.842089
0.194568 0.106206
0.195452 0.964075
0.195474 0.334544
0.196048 0.977789
0.196432 0.438942
0.196974 0.549822
0.198644 0.616066
0.19918 0.617479
0.20037 0.617155
0.200429 0.60849
0.200996 0.142753
0.201958 0.310506
0.202161 0.713967
0.202486 0.180107
0.202535 0.00873119
0.202543 0.138398
0.202748 0.591134
0.203204 0.254496
0.203327 0.319319
0.204302 0.711814
0.205 0.434831
0.205037 0.0509459
0.205154 0.0285755
0.20617 0.105259
0.206304 0.359097
0.206528 0.122579
0.206893 0.245742
0.207661 0.155933
0.207768 0.954159
0.207979 0.495231
0.208076 0.137634
0.209724 0.837659
0.2103 0.513994
0.210334 0.0890994
0.210862 0.962692
0.211087 0.739212
0.21168 0.700928
0.212032 0.616513
0.212883 0.920729
0.213422 0.986302
0.213844 0.0840047
0.215173 0.419891
0.21679 0.590674
0.217191 0.327401
0.218607 0.12062
0.218608 0.144937
0.219303 0.818342
0.219526 0.572057
0.220672 0.827453
0.221323 0.775699
0.223906 0.186659
0.224956 0.832602
0.225748 0.152534
0.226316 0.68668
0.226727 0.598593
0.226987 0.973917
0.227258 0.526257
0.227384 0.641827
0.227895 0.232034
0.22794 0.991309
0.228327 0.498254
0.228379 0.369595
0.228454 0.630517
0.228801 0.452389
0.229078 0.115144
0.229156 0.421428
0.230061 0.639013
0.230506 0.11534
0.230523 0.406214
0.230598 0.666252
0.231578 0.128135
0.232648 0.120935
0.232827 0.125501
0.23314 0.384923
0.233886 0.922681
0.23526 0.00934316
0.236075 0.718051
0.237862 0.753895
0.237964 0.464442
0.238732 0.366141
0.238856 0.453575
0.239902 0.0325079
0.241979 0.945252
0.242118 0.277557
0.242271 0.844247
0.242797 0.684021
0.243256 0.407646
0.243339 0.791426
0.243494 0.403359
0.244285 0.705104
0.245052 0.587151
0.245293 0.641758
0.245842 0.867286
0.246636 0.213844
0.247226 0.124501
0.247681 0.77239
0.247949 0.285982
0.248476 0.135258
0.248744 0.641306
0.248949 0.0904102
0.249115 0.873397
0.249961 0.0893546
0.250832 0.73264
0.250903 0.918993
0.251388 0.072598
0.251589 0.458418
0.251683 0.0296716
0.252248 0.535008
0.252364 0.476355
0.252524 0.166607
0.252719 0.453705
0.252846 0.58726
0.254785 0.179251
0.254814 0.662013
0.255181 0.8198
0.255353 0.721708
0.255451 0.359392
0.255601 0.885141
0.256257 0.914757
0.256886 0.48999
0.257018 0.699069
0.258757 0.920916
0.258781 0.32741
0.258851 0.51413
0.259017 0.299996
0.259152 0.565175
0.259199 0.351576
0.259427 0.194041
0.259824 0.858492
0.260641 0.592142
0.2607 0.586295
0.261909 0.903479
0.26273 0.710768
0.26281 0.0542968
0.262966 0.675724
0.263543 0.363696
0.264189 0.229554
0.264411 0.953747
0.26535 0.733609
0.2654 0.58594
0.265446 0.356744
0.266639 0.402689
0.266646 0.526972
0.267247 0.616328
0.267426 0.621059
0.268101 0.977019
0.268516 0.952506
0.268555 0.601218
0.268588 0.156585
0.269086 0.532913
0.270141 0.257479
0.270521 0.639805
0.27169 0.301875
0.271785 0.890072
0.273204 0.736965
0.273215 0.932076
0.273863 0.818243
0.274123 0.192792
0.274842 0.262705
0.275473 0.869219
0.27615 0.25546
0.276443 0.173292
0.277007 0.664377
0.277796 0.912369
0.277888 0.466882
0.277897 0.60681
0.278002 0.378848
0.278129 0.514805
0.278265 0.806883
0.27845 0.904802
0.278606 0.523435
0.279054 0.0574347
0.27965 0.0724012
0.280559 0.361581
0.280729 0.206623
0.28144 0.158812
0.28147 0.66542
0.281747 0.32841
0.281852 0.0876215
0.282578 0.280667
0.282691 0.18674
0.282759 0.333107
0.282981 0.0587954
0.283478 0.416693
0.283597 0.422716
0.284413 0.127612
0.284427 0.363045
0.28459 0.112128
0.284985 0.745602
0.285198 0.323192
0.28543 0.22891
0.285793 0.33131
0.286242 0.864699
0.286632 0.432228
0.286819 0.561633
0.287089 0.0966465
0.287197 0.927798
0.287505 0.103986
0.288049 0.23516
0.288913 0.768203
0.289299 0.243029
0.290179 0.0465439
0.290427 0.210337
0.290623 0.505841
0.29113 0.0233567
0.291992 0.508424
0.292612 0.927552
0.294159 0.926501
0.294489 0.479576
0.295776 0.103818
0.296707 0.748324
0.296763 0.69983
0.299047 0.0890556
0.299733 0.61934
0.300005 0.184829
0.300649 0.0141529
0.300931 0.741014
0.301198 0.229601
0.3015 0.30958
0.302762 0.518422
0.302763 0.535077
0.30308 0.859872
0.303185 0.632216
0.303594 0.499307
0.303723 0.670788
0.304775 0.354509
0.304932 0.997223
0.30601 0.10662
0.30633 0.483422
0.306548 0.160187
0.307227 0.556273
0.30728 0.460869
0.307488 0.952767
0.307563 0.21581
0.307669 0.986573
0.30778 0.859791
0.309087 0.833403
0.30949 0.590354
0.309532 0.302264
0.310527 0.0273872
0.310575 0.839256
0.311079 0.310017
0.311947 0.894644
0.312809 0.385026
0.313644 0.416633
0.313678 0.980069
0.315353 0.135206
0.31585 0.490192
0.315872 0.863016
0.316119 0.0177384
0.316134 0.270765
0.317011 0.999898
0.317672 0.113898
0.318181 0.672087
0.318947 0.543491
0.319585 0.260248
0.319644 0.252185
0.320146 0.700728
0.320777 0.297326
0.320824 0.0902158
0.322007 0.964881
0.322194 0.10731
0.322387 0.361216
0.322471 0.770675
0.32249 0.0821646
0.322515 0.508091
0.322552 0.132518
0.323509 0.21854
0.323649 0.565316
0.323904 0.858463
0.324326 0.947502
0.324894 0.497332
0.324914 0.823684
0.325228 0.108056
0.325322 0.67866
0.325344 0.0582934
0.325664 0.439971
0.325744 0.778906
0.326393 0.684326
0.327589 0.782246
0.329117 0.461362
0.329251 0.721727
0.329408 0.354479
0.3297 0.275199
0.329886 0.387339
0.329985 0.0597557
0.330115 0.240589
0.331695 0.78988
0.331908 0.376947
0.332484 0.0503555
0.333475 0.712375
0.333775 0.750248
0.333787 0.964111
0.334228 0.362902
0.335017 0.625546
0.335112 0.219425
0.336325 0.61402
0.336854 0.499892
0.337033 0.51594
0.338198 0.0890241
0.338216 0.401241
0.338224 0.536638
0.338397 0.440377
0.339025 0.00141285
0.339514 0.218741
0.3398 0.0237243
0.340032 0.919957
0.340142 0.771966
0.340284 0.149257
0.342214 0.591748
0.342702 0.799551
0.343389 0.340762
0.343567 0.328337
0.343641 0.575751
0.345045 0.167989
0.345852 0.741519
0.347074 0.278844
0.347536 0.0314886
0.34822 0.536142
0.348387 0.334092
0.34856 0.24468
0.348888 0.76281
0.350273 0.0328131
0.350352 0.365839
0.35069 0.0444025
0.350947 0.362085
0.35154 0.324826
0.352616 0.425105
0.354828 0.596783
0.355421 0.555078
0.356028 0.766135
0.356124 0.36885
0.356243 0.373527
0.35675 0.903495
0.356879 0.0637607
0.357616 0.455118
0.358264 0.33842
0.358326 0.390284
0.35842 0.971367
0.35886 0.357668
0.359575 0.376905
0.360952 0.51393
0.361076 0.610082
0.361173 0.226751
0.36144 0.727986
0.363862 0.430099
0.364297 0.743818
0.364523 0.542816
0.365334 0.170403
0.365585 0.386734
0.365763 0.382074
0.366017 0.650231
0.366078 0.664779
0.366289 0.21493
0.366338 0.0483832
0.366363 0.45674
0.366688 0.917816
0.369216 0.417928
0.369222 0.512666
0.369394 0.403868
0.369499 0.174224
0.369662 0.914463
0.370185 0.692041
0.370226 0.387797
0.371189 0.571469
0.371343 0.155407
0.371805 0.920027
0.372263 0.63048
0.372453 0.81589
0.372533 0.16118
0.373181 0.053788
0.373322 0.420279
0.373717 0.0570241
0.373941 0.823049
0.373957 0.0921592
0.374043 0.53938
0.374456 0.474248
0.375176 0.584231
0.375455 0.280288
0.376666 0.618235
0.376867 0.999595
0.376958 0.527928
0.377121 0.265162
0.377365 0.366821
0.377383 0.683131
0.378383 0.478989
0.37893 0.6797
0.379283 0.603088
0.379386 0.333201
0.379594 0.842349
0.379623 0.319977
0.382404 0.0585218
0.382868 0.87006
0.383262 0.477887
0.384407 0.722358
0.384483 0.0045597
0.384875 0.592844
0.385331 0.25929
0.385794 0.0408763
0.387514 0.946757
0.387551 0.565173
0.387834 0.330157
0.388122 0.167025
0.388215 0.737222
0.38842 0.18163
0.389673 0.226213
0.389823 0.760219
0.390392 0.321804
0.391359 0.578245
0.393272 0.729033
0.394261 0.349486
0.394771 0.923868
0.394904 0.144123
0.396859 0.0156646
0.397729 0.62813
0.398164 0.943836
0.398857 0.582031
0.399561 0.416401
0.399751 0.613771
0.39995 0.957469
0.400898 0.890314
0.402115 0.35029
0.402769 0.346292
0.403066 0.32553
0.403204 0.65587
0.403312 0.464427
0.403829 0.155477
0.403922 0.710999
0.405019 0.162682
0.405135 0.107691
0.406724 0.815693
0.407217 0.0986917
0.407475 0.433866
0.407851 0.746005
0.407974 0.815783
0.409434 0.360184
0.409824 0.90587
0.410015 0.128213
0.410279 0.557735
0.41034 0.58594
0.410656 0.897689
0.410971 0.183
0.412506 0.995219
0.414 0.102658
0.414152 0.651174
0.41489 0.0630992
0.415168 0.733352
0.415466 0.737478
0.416715 0.724763
0.417165 0.289881
0.417491 0.771164
0.417887 0.421825
0.418195 0.608462
0.418258 0.66366
0.418279 0.0094524
0.418423 0.442741
0.418597 0.360787
0.41877 0.269019
0.419718 0.208531
0.420073 0.173485
0.42034 0.65016
0.421041 0.428353
0.422167 0.36837
0.42219 0.748004
0.422398 0.242188
0.422544 0.690495
0.422611 0.818768
0.423334 0.978637
0.42402 0.501338
0.424268 0.672441
0.424607 0.365678
0.424932 0.830527
0.425063 0.0366628
0.425069 0.128161
0.425283 0.734129
0.4254 0.701905
0.426039 0.434276
0.426362 0.869643
0.427106 0.376658
0.427306 0.73878
0.427494 0.887735
0.427787 0.823349
0.428749 0.977844
0.429541 0.288667
0.429587 0.0678601
0.429869 0.813191
0.431908 0.0729192
0.431936 0.55327
0.432163 0.361723
0.432221 0.338798
0.433706 0.300416
0.434408 0.0882269
0.435377 0.382289
0.436228 0.687421
0.436498 0.230378
0.436544 0.999718
0.436661 0.956874
0.437235 0.611021
0.438316 0.771203
0.439754 0.952289
0.440144 0.492849
0.440656 0.102677
0.440924 0.614305
0.4414 0.602304
0.441827 0.783131
0.442677 0.08017
0.442798 0.0981289
0.443616 0.855736
0.444982 0.814554
0.44581 0.737031
0.446061 0.95427
0.446438 0.287697
0.446755 0.609597
0.447219 0.412197
0.448445 0.0136117
0.448675 0.873898
0.448787 0.767723
0.449443 0.791258
0.451156 0.581081
0.451557 0.325424
0.45169 0.554202
0.451994 0.667153
0.452679 0.176103
0.452684 0.259931
0.453232 0.467717
0.453885 0.450876
0.454103 0.115988
0.455025 0.605187
0.455432 0.442421
0.455516 0.852944
0.455997 0.933505
0.456312 0.228232
0.456991 0.644424
0.457177 0.770135
0.457698 0.536068
0.458316 0.916799
0.459101 0.115893
0.45953 0.316317
0.461523 0.819979
0.462315 0.125957
0.462338 0.506741
0.462621 0.266347
0.463385 0.109905
0.463807 0.20785
0.464029 0.939972
0.465491 0.513253
0.467088 0.354475
0.467188 0.0313999
0.468186 0.803802
0.468193 0.923546
0.468394 0.304326
0.469162 0.204609
0.46933 0.0271652
0.469473 0.430925
0.470009 0.436431
0.470093 0.850656
0.470539 0.35605
0.470791 0.578141
0.471075 0.356147
0.471391 0.676795
0.47151 0.67583
0.471639 0.842685
0.471937 0.852352
0.4723 0.941721
0.47235 0.784911
0.474507 0.0389151
0.475297 0.32424
0.475303 0.420653
0.475429 0.536324
0.478625 0.258377
0.479741 0.00619422
0.479864 0.081583
0.48071 0.29866
0.48088 0.157476
0.481374 0.452379
0.481526 0.014834
0.481589 0.0612822
0.481625 0.665173
0.481821 0.967494
0.481991 0.822796
0.482289 0.838653
0.482906 0.207411
0.483415 0.754698
0.483877 0.516523
0.48415 0.101351
0.484408 0.441167
0.484526 0.427781
0.484877 0.32045
0.484961 0.744247
0.48546 0.120419
0.485849 0.66756
0.486507 0.725101
0.488084 0.222941
0.488475 0.799188
0.488762 0.626125
0.488832 0.807187
0.489048 0.423815
0.489571 0.218047
0.489641 0.400549
0.490221 0.150304
0.490978 0.864467
0.491027 0.689586
0.491186 0.367722
0.491495 0.557411
0.491941 0.0517391
0.492257 0.367346
0.492623 0.514239
0.492853 0.381405
0.492985 0.602701
0.493354 0.797961
0.493408 0.70931
0.493645 0.685481
0.493857 0.256669
0.495147 0.928739
0.496907 0.51319
0.497289 0.944211
0.49734 0.798608
0.497584 0.889686
0.498864 0.414784
0.499084 0.112094
0.499856 0.0791279
0.500145 0.942512
0.500925 0.0397297
0.502525 0.930242
0.504188 0.880836
0.504327 0.229553
0.504386 0.221006
0.504423 0.839531
0.504495 0.0477664
0.504643 0.542124
0.504741 0.190209
0.505139 0.872363
0.505718 0.605494
0.506228 0.1732
0.50701 0.312493
0.507813 0.809755
0.507823 0.978867
0.508182 0.00647866
0.508453 0.567397
0.508486 0.118327
0.509329 0.295434
0.510146 0.0259227
0.510188 0.73327
0.510343 0.328658
0.510548 0.784407
0.511382 0.804925
0.511716 0.404325
0.512092 0.727068
0.512408 0.0398818
0.512905 0.399822
0.513884 0.840699
0.514012 0.995259
0.514361 0.86992
0.514651 0.744926
0.514979 0.254346
0.515262 0.016308
0.517017 0.503156
0.518949 0.969737
0.519461 0.574142
0.52026 0.00712626
0.520563 0.0980699
0.522856 0.646093
0.523544 0.208027
0.523887 0.966583
0.524035 0.451033
0.524757 0.587235
0.525076 0.954035
0.5262 0.849535
0.526272 0.0451699
0.52715 0.805045
0.527497 0.642483
0.527628 0.842648
0.528241 0.139082
0.530571 0.307008
0.530731 0.00321543
0.531234 0.442781
0.531385 0.994498
0.531411 0.428353
0.532369 0.532274
0.532937 0.0804285
0.533715 0.153212
0.534968 0.201176
0.535383 0.17577
0.535989 0.371753
0.536289 0.404836
0.536304 0.669484
0.536946 0.449987
0.537061 0.378819
0.537106 0.131724
0.537214 0.94968
0.537444 0.819577
0.537858 0.780874
0.539252 0.210355
0.53977 0.906523
0.539815 0.678665
0.540172 0.665266
0.541375 0.881991
0.54151 0.16013
0.541961 0.739374
0.542038 0.0368527
0.54204 0.0690347
0.542139 0.728045
0.542554 0.701504
0.544045 0.761781
0.544446 0.501678
0.544924 0.530242
0.545367 0.975968
0.54667 0.880535
0.54678 0.725813
0.546885 0.495848
0.547854 0.786381
0.54801 0.403636
0.548088 0.71633
0.548241 0.290266
0.548938 0.00100343
0.549041 0.730443
0.549124 0.124672
0.549252 0.276782
0.549814 0.724752
0.550564 0.324995
0.551068 0.80759
0.551765 0.514461
0.551955 0.715391
0.552096 0.0760588
0.552112 0.349301
0.553184 0.35917
0.553624 0.75879
0.554558 0.455662
0.554583 0.873167
0.554808 0.662891
0.555021 0.236529
0.555245 0.0028983
0.555711 0.833713
0.555797 0.286326
0.555984 0.425295
0.556096 0.307693
0.556102 0.398949
0.556119 0.692673
0.556419 0.732964
0.55736 0.542011
0.557648 0.38251
0.55772 0.601702
0.557883 0.336901
0.558096 0.911446
0.558995 0.0282978
0.559258 0.455111
0.559642 0.895125
0.559809 0.707899
0.560084 0.336226
0.560089 0.416462
0.560752 0.558934
0.562626 0.0529798
0.56269 0.127063
0.563118 0.317939
0.563231 0.22157
0.563982 0.837763
0.564092 0.69597
0.564533 0.109029
0.565286 0.764057
0.565698 0.690089
0.566093 0.326677
0.566318 0.103535
0.566935 0.480283
0.567639 0.307109
0.567891 0.538803
0.568025 0.788712
0.569249 0.360864
0.569483 0.300814
0.569868 0.769379
0.570089 0.488462
0.571087 0.253421
0.571306 0.945621
0.571772 0.771677
0.571784 0.98039
0.572058 0.573913
0.57239 0.167302
0.572782 0.742572
0.573195 0.690079
0.575041 0.714127
0.575529 0.911341
0.576256 0.129861
0.576499 0.226793
0.576547 0.0269142
0.577154 0.230481
0.57845 0.0060147
0.578968 0.714189
0.580066 0.1648
0.58031 0.272908
0.580608 0.274263
0.581075 0.135162
0.581077 0.15238
0.581147 0.329396
0.581316 0.170321
0.581419 0.91431
0.581422 0.955156
0.581897 0.951013
0.58329 0.353547
0.583987 0.0610678
0.584437 0.625465
0.5846 0.37443
0.585267 0.5823
0.585525 0.914633
0.586544 0.0524724
0.587363 0.810345
0.587427 0.882065
0.587727 0.930785
0.588389 0.0470469
0.588567 0.0409776
0.588996 0.253634
0.589112 0.201218
0.589473 0.271468
0.590792 0.443846
0.59112 0.945627
0.591245 0.0585901
0.591272 0.512613
0.592788 0.980167
0.592877 0.491736
0.592948 0.676461
0.594043 0.0819601
0.594224 0.118631
0.594551 0.615262
0.594908 0.610746
0.597954 0.806174
0.599529 0.290177
0.599859 0.823647
0.600532 0.137681
0.60091 0.495901
0.60173 0.277926
0.602331 0.375359
0.602485 0.967007
0.603131 0.815662
0.603895 0.656386
0.604563 0.883923
0.607689 0.426808
0.607716 0.875854
0.608997 0.420824
0.609272 0.0274949
0.610084 0.68476
0.610248 0.443218
0.610382 0.689324
0.610621 0.703531
0.610685 0.780134
0.610877 0.00617934
0.61091 0.572855
0.611224 0.83396
0.612211 0.428571
0.612272 0.455273
0.612406 0.709878
0.613356 0.681306
0.614121 0.535304
0.614241 0.554335
0.614628 0.0552692
0.614647 0.375023
0.61479 0.780497
0.614816 0.218007
0.616066 0.224209
0.616403 0.890899
0.616683 0.59886
0.61703 0.430843
0.617046 0.684558
0.617132 0.138064
0.617448 0.452129
0.618738 0.12452
0.618916 0.12468
0.619262 0.943734
0.61965 0.454593
0.620608 0.560681
0.620699 0.0840608
0.621442 0.577216
0.621453 0.756807
0.622652 0.908988
0.622889 0.888157
0.623143 0.167444
0.624566 0.0799365
0.625099 0.0467487
0.625493 0.668436
0.625601 0.469988
0.626095 0.786179
0.626123 0.257005
0.626802 0.654054
0.627165 0.765345
0.627841 0.129616
0.628784 0.978617
0.628832 0.780804
0.629624 0.0900377
0.630134 0.664921
0.630256 0.709936
0.632081 0.384396
0.632976 0.41907
0.633363 0.932958
0.63369 0.430137
0.634734 0.97645
0.634861 0.105426
0.635206 0.907207
0.636152 0.804817
0.636435 0.571045
0.636488 0.446346
0.636617 0.628854
0.637436 0.385302
0.63792 0.517925
0.638206 0.331424
0.638234 0.79516
0.639018 0.968082
0.641391 0.86595
0.641401 0.0302254
0.641528 0.166863
0.641883 0.131543
0.643259 0.261297
0.643476 0.906992
0.644568 0.250593
0.645309 0.713115
0.645557 0.883514
0.645633 0.146878
0.645709 0.422474
0.646873 0.000363669
0.647042 0.84269
0.647235 0.0802865
0.647307 0.291448
0.647645 0.971358
0.64772 0.231873
0.648321 0.335997
0.649108 0.549593
0.649269 0.269342
0.649987 0.335154
0.650166 0.345606
0.651264 0.79473
0.652029 0.652789
0.652055 0.0939852
0.652125 0.258032
0.652932 0.821866
0.654073 0.998944
0.65413 0.960758
0.654175 0.721559
0.654376 0.0909127
0.65479 0.0493689
0.654936 0.514683
0.655102 0.294429
0.65513 0.766266
0.655291 0.476936
0.655539 0.644924
0.657274 0.80762
0.657959 0.311255
0.658527 0.871752
0.658665 0.185908
0.658704 0.835536
0.658867 0.571345
0.658898 0.101871
0.659325 0.270465
0.660217 0.273466
0.660238 0.621552
0.660988 0.2207
0.661043 0.146262
0.661459 0.140124
0.661742 0.890989
0.662133 0.462728
0.662371 0.472318
0.662449 0.777827
0.662915 0.61081
0.663025 0.461269
0.663336 0.69455
0.663543 0.161334
0.663611 0.303108
0.663653 0.00786458
0.663665 0.221415
0.663671 0.320105
0.663797 0.429421
0.664352 0.756192
0.664366 0.00494515
0.664475 0.829045
0.66451 0.425445
0.664625 0.353112
0.66502 0.993966
0.66577 0.597097
0.665781 0.784899
0.665975 0.0464988
0.666294 0.397528
0.667491 0.529885
0.667982 0.767428
0.668606 0.262973
0.668673 0.393234
0.669148 0.372256
0.669359 0.9148
0.669439 0.257202
0.669531 0.800108
0.66955 0.126014
0.66981 0.502864
0.669882 0.707178
0.670233 0.601232
0.670295 0.653503
0.670403 0.468109
0.670841 0.822016
0.671158 0.15413
0.671909 0.771481
0.673209 0.623463
0.673736 0.476284
0.67435 0.796252
0.675307 0.886383
0.675378 0.0728294
0.675872 0.379026
0.676765 0.393531
0.676994 0.23512
0.678366 0.292168
0.678869 0.748028
0.679221 0.671306
0.679313 0.20572
0.679457 0.640989
0.679675 0.300912
0.679915 0.33125
0.680136 0.0479298
0.680153 0.337905
0.680353 0.685094
0.68049 0.00424291
0.681651 0.505919
0.681828 0.478578
0.682533 0.334455
0.683403 0.958378
0.68473 0.257778
0.685988 0.408784
0.686525 0.425458
0.686771 0.563157
0.688422 0.304349
0.6886 0.305065
0.690419 0.86483
0.691989 0.256897
0.692258 0.776156
0.692349 0.314421
0.692394 0.069869
0.692671 0.722051
0.693286 0.0507372
0.694886 0.947605
0.69547 0.75709
0.695554 0.170258
0.696004 0.747154
0.696183 0.75475
0.696321 0.0628164
0.69683 0.626469
0.696985 0.227015
0.697171 0.35714
0.698195 0.568555
0.698224 0.0509563
0.698382 0.708862
0.699228 0.918105
0.699293 0.0204645
0.699486 0.258484
0.699958 0.186385
0.701567 0.235514
0.702484 0.642239
0.702627 0.0455914
0.703334 0.932641
0.703818 0.0650996
0.704675 0.467247
0.70491 0.416495
0.705254 0.201615
0.705323 0.371258
0.705557 0.293685
0.70612 0.764969
0.706496 0.0732266
0.706561 0.172017
0.708105 0.124868
0.708516 0.0317332
0.708865 0.896063
0.709289 0.0172216
0.709718 0.229064
0.710125 0.0759479
0.711082 0.159121
0.711161 0.487146
0.711213 0.356539
0.711397 0.444886
0.711485 0.931693
0.711815 0.480284
0.711936 0.505717
0.712202 0.971983
0.712208 0.0805348
0.712609 0.817747
0.712779 0.682269
0.713303 0.476979
0.713326 0.873987
0.713855 0.765072
0.714463 0.971221
0.714762 0.00934418
0.715601 0.105887
0.716891 0.779076
0.716901 0.948227
0.717116 0.567062
0.717459 0.338313
0.71771 0.557501
0.71809 0.946691
0.718249 0.608721
0.718918 0.857436
0.719408 0.083623
0.721444 0.316913
0.722584 0.465754
0.723242 0.533359
0.723354 0.414051
0.723507 0.976561
0.72361 0.707151
0.723935 0.178574
0.723989 0.0910033
0.72462 0.68041
0.726028 0.345104
0.727138 0.00149357
0.727189 0.864633
0.727362 0.770955
0.727415 0.664687
0.727503 0.136851
0.729071 0.493808
0.729607 0.504753
0.730669 0.360685
0.731149 0.429476
0.731847 0.153448
0.732746 0.257738
0.733646 0.384396
0.734465 0.154337
0.734488 0.537531
0.734745 0.865889
0.735265 0.591579
0.735597 0.17293
0.736394 0.58134
0.73661 0.199854
0.736747 0.505636
0.736955 0.996494
0.737375 0.0700446
0.737456 0.420954
0.739836 0.429456
0.740052 0.0574786
0.740669 0.424467
0.741034 0.563972
0.742811 0.419262
0.74283 0.740668
0.743239 0.621885
0.743647 0.472706
0.744157 0.0399503
0.744732 0.705321
0.744801 0.862935
0.745097 0.839934
0.745581 0.978505
0.745721 0.33072
0.745992 0.879625
0.746489 0.237601
0.747111 0.690226
0.747952 0.825924
0.748343 0.39998
0.74881 0.254407
0.749245 0.554696
0.749922 0.942196
0.750039 0.90026
0.750653 0.229486
0.751011 0.235888
0.753126 0.793017
0.754509 0.0293897
0.754895 0.513263
0.755675 0.633161
0.756295 0.0422323
0.756889 0.0321074
0.757013 0.118375
0.757534 0.880058
0.758838 0.788867
0.75894 0.498029
0.759206 0.979283
0.759315 0.801254
0.760291 0.215099
0.760349 0.180497
0.760475 0.303533
0.760588 0.202022
0.761449 0.669833
0.761454 0.761785
0.761537 0.15995
0.761608 0.34116
0.762294 0.872728
0.763498 0.104503
0.763662 0.870139
0.76374 0.170294
0.763992 0.410723
0.764055 0.474421
0.764859 0.984941
0.765676 0.709833
0.766176 0.122366
0.767233 0.880477
0.768123 0.851217
0.768642 0.569339
0.769146 0.0350599
0.769217 0.230162
0.77064 0.143986
0.770746 0.935222
0.77097 0.699682
0.770983 0.908529
0.771751 0.811465
0.771974 0.571315
0.772063 0.0585369
0.772078 0.316416
0.772169 0.850635
0.77242 0.0712546
0.773215 0.417476
0.773261 0.193421
0.773676 0.165253
0.774056 0.557503
0.774858 0.0421646
0.775416 0.417427
0.775886 0.316104
0.776766 0.0992157
0.776927 0.805856
0.779196 0.940623
0.779678 0.0427073
0.779743 0.139182
0.779781 0.771646
0.780834 0.48254
0.780837 0.526962
0.782621 0.505024
0.783574 0.526839
0.785097 0.126587
0.785844 0.681109
0.786026 0.737737
0.786126 0.413245
0.78616 0.987505
0.786672 0.60249
0.786689 0.880898
0.787729 0.363371
0.787838 0.199938
0.788917 0.325841
0.788975 0.299245
0.789003 0.76691
0.789917 0.139738
0.790106 0.316853
0.790198 0.865496
0.790346 0.33837
0.790383 0.967055
0.790994 0.238491
0.791198 0.672076
0.791667 0.55035
0.793811 0.576732
0.793955 0.00213929
0.794054 0.672819
0.794085 0.180335
0.795065 0.663037
0.796421 0.448204
0.796433 0.649639
0.79667 0.637354
0.796752 0.0131828
0.797181 0.225706
0.798402 0.743786
0.799356 0.768582
0.799457 0.475991
0.800138 0.916178
0.800999 0.398193
0.801479 0.450048
0.802614 0.541545
0.802797 0.607861
0.803158 0.670574
0.803331 0.584879
0.803362 0.10592
0.803734 0.356191
0.804691 0.43783
0.805049 0.460198
0.805308 0.812121
0.805443 0.0888276
0.805495 0.960889
0.805666 0.831742
0.805903 0.80616
0.805903 0.810003
0.806451 0.0167086
0.807181 0.289301
0.807387 0.745934
0.808706 0.924972
0.809346 0.674029
0.809354 0.805465
0.809565 0.366173
0.81027 0.200473
0.810592 0.614043
0.811241 0.527986
0.811242 0.548718
0.811282 0.21075
0.812647 0.155826
0.814597 0.932801
0.815644 0.527794
0.81591 0.993771
0.816157 0.143077
0.816618 0.895761
0.816767 0.404386
0.816909 0.791045
0.817152 0.875557
0.818048 0.940676
0.818277 0.776403
0.819441 0.33918
0.819719 0.0210395
0.819773 0.919828
0.820625 0.238546
0.821164 0.306858
0.821715 0.556899
0.822189 0.523423
0.822964 0.560902
0.823084 0.575464
0.823433 0.441555
0.823466 0.00130426
0.823676 0.523875
0.826504 0.0577276
0.827546 0.569792
0.828119 0.198363
0.828283 0.95719
0.828986 0.76261
0.829554 0.322661
0.829795 0.359064
0.830088 0.283017
0.830666 0.00431414
0.830796 0.186486
0.830997 0.564175
0.83237 0.642831
0.833466 0.0638107
0.834782 0.186163
0.835279 0.526145
0.835843 0.0103586
0.835901 0.986236
0.83611 0.496379
0.836178 0.639334
0.836186 0.774722
0.837277 0.116539
0.837474 0.421372
0.838198 0.58866
0.838884 0.115869
0.839845 0.281829
0.839966 0.304469
0.841007 0.800254
0.841692 0.322008
0.842463 0.279854
0.842863 0.992053
0.843286 0.112993
0.844488 0.312883
0.844774 0.121929
0.84617 0.58403
0.846303 0.814138
0.847301 0.583347
0.847422 0.618563
0.847617 0.894196
0.847982 0.0290525
0.848308 0.51529
0.848706 0.201796
0.848836 0.379006
0.849307 0.308354
0.84935 0.0233402
0.849989 0.770135
0.850206 0.418718
0.850528 0.817449
0.85076 0.719536
0.850789 0.205358
0.853633 0.00338176
0.854936 0.905124
0.855495 0.300085
0.855593 0.949798
0.855874 0.673043
0.856133 0.0208417
0.856249 0.973247
0.857018 0.897455
0.857649 0.513972
0.857899 0.700445
0.858005 0.48175
0.858658 0.459126
0.859273 0.793134
0.859447 0.718169
0.859978 0.649606
0.861284 0.604301
0.861498 0.199415
0.862032 0.178358
0.863018 0.741373
0.864374 0.541144
0.864722 0.38662
0.864896 0.30534
0.865157 0.692904
0.86574 0.494829
0.866501 0.286779
0.866515 0.513908
0.867591 0.60953
0.867772 0.648032
0.867916 0.0621696
0.86811 0.324005
0.868617 0.837506
0.868699 0.231632
0.868873 0.145851
0.869174 0.213699
0.869458 0.981438
0.86951 0.853045
0.869574 0.921954
0.870029 0.571182
0.870062 0.128936
0.872224 0.468717
0.872473 0.65343
0.873199 0.863458
0.873626 0.0266285
0.8741 0.00169873
0.874179 0.329043
0.874548 0.52824
0.87472 0.415442
0.874831 0.292699
0.875321 0.525209
0.875627 0.661656
0.87574 0.561342
0.876094 0.514024
0.876708 0.830908
0.876725 0.111891
0.876975 0.312898
0.877599 0.797987
0.877708 0.633137
0.87777 0.686817
0.87788 0.528275
0.878917 0.963321
0.879127 0.482323
0.879171 0.228293
0.879984 0.889174
0.88034 0.87795
0.880477 0.18028
0.880729 0.412382
0.880897 0.237975
0.88188 0.759268
0.882323 0.201128
0.883252 0.809428
0.883377 0.921327
0.883602 0.692221
0.883713 0.56781
0.884634 0.0480319
0.885034 0.764004
0.885155 0.801787
0.885639 0.92998
0.885998 0.971741
0.886375 0.305051
0.88669 0.595128
0.88671 0.938385
0.886765 0.859643
0.887057 0.772325
0.88751 0.379157
0.887751 0.437184
0.888342 0.369606
0.888416 0.609107
0.888627 0.153944
0.888828 0.53942
0.889378 0.769065
0.89023 0.0909763
0.892825 0.71346
0.892961 0.99966
0.893238 0.650543
0.89438 0.843805
0.89456 0.863915
0.895198 0.586346
0.895238 0.268868
0.896948 0.00463522
0.898156 0.300446
0.899967 0.745617
0.901042 0.813714
0.901315 0.399223
0.901653 0.084219
0.902527 0.772725
0.902536 0.919282
0.903198 0.044098
0.90332 0.0920475
0.904087 0.983142
0.904152 0.0793346
0.904778 0.596253
0.905556 0.679266
0.906199 0.489235
0.906709 0.0551257
0.90744 0.347667
0.907657 0.987446
0.908751 0.378772
0.90985 0.847954
0.910957 0.446311
0.911099 0.844279
0.91173 0.440722
0.91176 0.943347
0.913198 0.118391
0.913289 0.64159
0.916193 0.463429
0.916254 0.482062
0.916562 0.663103
0.918287 0.649885
0.919048 0.445153
0.919075 0.887899
0.919808 0.214227
0.920674 0.770828
0.922306 0.203215
0.922331 0.62101
0.922455 0.701313
0.923075 0.129473
0.923149 0.359293
0.923574 0.514152
0.923595 0.86774
0.923969 0.149739
0.924204 0.0961937
0.924594 0.642928
0.924878 0.419213
0.925095 0.0662145
0.926789 0.545457
0.926995 0.0112703
0.927392 0.685168
0.927443 0.531394
0.928777 0.955507
0.92898 0.364626
0.930115 0.448907
0.932515 0.782954
0.933057 0.895305
0.933545 0.0991326
0.933832 0.912718
0.934114 0.646082
0.934146 0.199281
0.934508 0.272332
0.935187 0.687687
0.935421 0.614748
0.935619 0.944883
0.935775 0.577932
0.936116 0.295244
0.936833 0.347985
0.937121 0.192618
0.937385 0.638285
0.938681 0.413177
0.939029 0.265908
0.939151 0.303198
0.939649 0.688457
0.940063 0.635486
0.940259 0.929542
0.940715 0.597459
0.940938 0.337368
0.942348 0.048731
0.944161 0.50853
0.94461 0.0522887
0.945777 0.672206
0.945903 0.799437
0.94606 0.435475
0.947375 0.531124
0.948187 0.171577
0.949732 0.150044
0.949899 0.954889
0.950077 0.947411
0.95034 0.363151
0.950877 0.39302
0.951766 0.336979
0.952601 0.369291
0.953033 0.621017
0.95307 0.252441
0.955053 0.568668
0.955155 0.282064
0.955428 0.882928
0.955521 0.441691
0.956394 0.114333
0.956695 0.178636
0.957073 0.532505
0.957147 0.775019
0.95753 0.209516
0.957814 0.984947
0.958105 0.863154
0.95861 0.356291
0.958755 0.78868
0.95898 0.576752
0.959856 0.297511
0.960946 0.622626
0.962033 0.89539
0.962204 0.753948
0.962878 0.0943022
0.963275 0.75729
0.963315 0.435264
0.963363 0.236645
0.963461 0.889927
0.964529 0.835345
0.964688 0.51097
0.964942 0.787556
0.9651 0.427109
0.965158 0.406305
0.965986 0.327201
0.966657 0.611221
0.967104 0.123581
0.967157 0.0124607
0.967214 0.960844
0.967388 0.895616
0.967925 0.910169
0.968495 0.499294
0.969022 0.358807
0.969214 0.578873
0.970058 0.758321
0.970449 0.339436
0.972319 0.766864
0.972566 0.923245
0.973047 0.995206
0.973417 0.220245
0.973785 0.399054
0.974385 0.486141
0.974622 0.473637
0.975497 0.177921
0.976467 0.488239
0.978328 0.761925
0.979148 0.533361
0.979493 0.344706
0.981128 0.819457
0.981337 0.332206
0.986765 0.553032
0.986828 0.613309
0.987182 0.568785
0.987273 0.104209
0.988522 0.0840596
0.988523 0.109229
0.988861 0.780483
0.989795 0.483772
0.98999 0.758982
0.990328 0.446044
0.991153 0.303586
0.991351 0.628893
0.991774 0.751773
0.991854 0.096007
0.992735 0.904437
0.992963 0.725223
0.993179 0.356299
0.993927 0.925213
0.99626 0.138007
0.996463 0.549365
0.996649 0.678355
0.996869 0.383867
0.997087 0.041701
0.997787 0.811699
0.997973 0.92816
0.998033 0.931923
0.998114 0.307133
0.999105 0.957977
0.999956 0.255258
