0.00111341 0.713146
0.0018797 0.592055
0.00318001 0.446424
0.00381474 0.114415
0.00478639 0.444847
0.00489586 0.284764
0.00635644 0.832711
0.00724608 0.784809
0.0105976 0.114155
0.0107651 0.928979
0.0107678 0.975225
0.0132214 0.211598
0.0144157 0.284114
0.0144259 0.455363
0.0146248 0.798835
0.0147512 0.923107
0.014866 0.852722
0.0150787 0.42794
0.015481 0.189548
0.0165658 0.421873
0.0168221 0.72917
0.0171672 0.529097
0.0175791 0.452202
0.0179992 0.511923
0.0181723 0.421423
0.0188298 0.472945
0.0188416 0.670146
0.0191748 0.270688
0.0194867 0.512289
0.0195867 0.193072
0.0203024 0.222288
0.0212016 0.335093
0.0239128 0.902414
0.0249081 0.630261
0.0252858 0.977611
0.0253906 0.740297
0.0275408 0.878722
0.0281142 0.516081
0.0282078 0.0892521
0.0285921 0.547321
0.0286247 0.0951126
0.0297924 0.721667
0.0301352 0.481726
0.0305826 0.00141084
0.0307141 0.211742
0.0317142 0.0204743
0.0322872 0.651096
0.0330518 0.500773
0.0346595 0.522612
0.0348722 0.0964218
0.0348901 0.397878
0.0356619 0.369717
0.0357213 0.368354
0.0374168 0.864149
0.0384967 0.0143131
0.0427152 0.913783
0.0430967 0.326648
0.0433717 0.947641
0.043467 0.550443
0.0453423 0.0674588
0.0456211 0.754202
0.0467145 0.130681
0.0467725 0.106128
0.0479618 0.0933686
0.0487502 0.344938
0.0498045 0.0645501
0.0499234 0.0620899
0.050692 0.980999
0.0508273 0.25402
0.0510457 0.924469
0.0527683 0.877066
0.052981 0.45115
0.0544477 0.101771
0.0575225 0.781455
0.0592526 0.85828
0.0593986 0.311479
0.0597913 0.912614
0.0598127 0.271876
0.0599015 0.763903
0.0603364 0.073661
0.0610444 0.972857
0.0614025 0.991476
0.0629291 0.648709
0.0633526 0.767559
0.0635845 0.664324
0.0639491 0.79223
0.0649297 0.274196
0.0659353 0.175389
0.0660163 0.536348
0.0669794 0.72308
0.0679161 0.466354
0.068763 0.700062
0.0707706 0.440878
0.0709469 0.405303
0.0712488 0.47935
0.0714038 0.0844271
0.0725747 0.76352
0.0733977 0.594913
0.0740822 0.100396
0.0740868 0.176641
0.0742924 0.632022
0.074714 0.717672
0.0785593 0.346695
0.080796 0.939235
0.0817783 0.447106
0.0822856 0.973974
0.0827948 0.532986
0.0831728 0.885478
0.083207 0.45955
0.083292 0.889404
0.0836361 0.671854
0.0853034 0.694302
0.0854659 0.4254
0.0855562 0.942424
0.0859897 0.228884
0.0864022 0.161505
0.0869026 0.571166
0.0869288 0.0130033
0.0877771 0.270206
0.090621 0.0668529
0.0911463 0.8965
0.0913058 0.577165
0.0926611 0.355499
0.0931858 0.173931
0.0963789 0.840167
0.0967049 0.318751
0.0967116 0.431756
0.0983744 0.378836
0.103142 0.510276
0.103811 0.752668
0.104962 0.10245
0.10528 0.438015
0.105636 0.417705
0.106503 0.00176842
0.107411 0.254877
0.108848 0.40209
0.110249 0.955877
0.110474 0.733901
0.111009 0.725898
0.112257 0.704833
0.11227 0.916255
0.112453 0.00244248
0.11425 0.201615
0.114361 0.0710766
0.114538 0.0369888
0.114948 0.929915
0.115535 0.789426
0.115816 0.511732
0.117057 0.371769
0.11859 0.150233
0.119576 0.717482
0.119665 0.205909
0.12005 0.686026
0.121114 0.569389
0.1218 0.0977325
0.122146 0.905681
0.122601 0.559635
0.123288 0.104454
0.126974 0.0540952
0.127057 0.439613
0.127867 0.0688515
0.129457 0.785353
0.129613 0.407625
0.129809 0.700914
0.131051 0.570131
0.131422 0.808647
0.131645 0.558903
0.13188 0.512651
0.131944 0.585725
0.133023 0.709326
0.133703 0.144333
0.134201 0.520536
0.134525 0.967806
0.134558 0.520496
0.136759 0.500858
0.136773 0.745229
0.137142 0.948965
0.137606 0.744302
0.137674 0.878875
0.138383 0.796628
0.13868 0.789241
0.139126 0.29678
0.139672 0.46419
0.143365 0.527282
0.143884 0.255179
0.145521 0.769187
0.147156 0.252829
0.147642 0.411623
0.148831 0.407034
0.148949 0.389782
0.149197 0.554764
0.151053 0.755861
0.151582 0.63994
0.151663 0.0084907
0.152893 0.679536
0.154013 0.49279
0.154405 0.0915773
0.155589 0.978178
0.160156 0.746338
0.162787 0.954962
0.163316 0.852018
0.163447 0.055344
0.163971 0.857771
0.164058 0.321153
0.164795 0.714514
0.165967 0.399876
0.167075 0.0374271
0.167305 0.896571
0.167534 0.741251
0.169491 0.632531
0.169555 0.7157
0.17143 0.218918
0.171647 0.873426
0.171806 0.544518
0.172091 0.335884
0.173098 0.263679
0.173332 0.187461
0.174638 0.144152
0.174783 0.573793
0.174945 0.304296
0.176539 0.088926
0.176775 0.0571613
0.176965 0.243769
0.17713 0.0299097
0.177421 0.911154
0.177829 0.773455
0.180491 0.510805
0.180704 0.0871195
0.180706 0.120194
0.182594 0.850095
0.183558 0.0652284
0.18425 0.682722
0.18437 0.703765
0.185294 0.240211
0.186107 0.895269
0.187698 0.63784
0.187831 0.876494
0.188194 0.981242
0.188687 0.258997
0.189001 0.544192
0.189156 0.14138
0.189495 0.83666
0.190318 0.679074
0.190321 0.729241
0.190547 0.530367
0.190558 0.708746
0.190636 0.0159686
0.190701 0.10626
0.190988 0.943708
0.191377 0.477756
0.194386 0.0528728
0.196868 0.768352
0.197265 0.428992
0.197823 0.810445
0.200248 0.566576
0.20072 0.500941
0.20142 0.266721
0.201558 0.584767
0.202908 0.274037
0.203704 0.657809
0.204069 0.781623
0.20428 0.341384
0.206873 0.918209
0.207875 0.761049
0.208068 0.993543
0.208617 0.230004
0.208942 0.694313
0.209577 0.36502
0.210458 0.168589
0.2109 0.598615
0.21133 0.81495
0.211687 0.818817
0.215508 0.0482326
0.21797 0.426529
0.218019 0.243664
0.219959 0.846245
0.221039 0.998467
0.221582 0.128733
0.226091 0.909831
0.22803 0.507864
0.228105 0.762376
0.228842 0.148725
0.22922 0.505271
0.229624 0.292368
0.230011 0.800934
0.230541 0.704587
0.232525 0.0403572
0.233233 0.952749
0.233534 0.00553088
0.23483 0.790245
0.236195 0.729842
0.236701 0.227049
0.236962 0.624201
0.239176 0.83101
0.239361 0.942149
0.240283 0.440645
0.24035 0.565279
0.242662 0.414296
0.242917 0.702966
0.24337 0.321467
0.243743 0.58383
0.244029 0.398362
0.244417 0.90998
0.244567 0.432763
0.245312 0.953075
0.246292 0.432654
0.248117 0.0970185
0.248625 0.635368
0.248976 0.535934
0.249464 0.737828
0.252657 0.409143
0.254545 0.140704
0.255796 0.167372
0.25621 0.127143
0.256759 0.352906
0.25741 0.288723
0.25857 0.778597
0.260348 0.677269
0.260675 0.162904
0.261722 0.760926
0.262459 0.147235
0.263022 0.608533
0.263232 0.143665
0.263496 0.584691
0.264644 0.876394
0.265434 0.142184
0.265597 0.883471
0.265664 0.0169565
0.268619 0.683722
0.269035 0.665203
0.270937 0.641604
0.272385 0.977347
0.272585 0.333842
0.273479 0.363202
0.273763 0.136943
0.273814 0.988311
0.274368 0.310393
0.275589 0.831079
0.275688 0.490973
0.275733 0.245498
0.276302 0.808194
0.277201 0.910911
0.277516 0.218465
0.277679 0.950212
0.278375 0.64417
0.279209 0.659773
0.282514 0.213275
0.28256 0.981848
0.282745 0.0901062
0.283437 0.719238
0.284291 0.0741608
0.284722 0.322639
0.284846 0.401823
0.286672 0.104036
0.287511 0.199507
0.289008 0.365276
0.289826 0.110932
0.290872 0.681005
0.29141 0.721377
0.292088 0.120938
0.292488 0.853048
0.292721 0.765505
0.29374 0.884396
0.29399 0.08898
0.295847 0.30591
0.297289 0.543142
0.300121 0.125307
0.300912 0.42839
0.302105 0.470406
0.30256 0.129315
0.302775 0.733287
0.30392 0.990867
0.306177 0.920356
0.306403 0.707231
0.306532 0.879776
0.306816 0.66089
0.30762 0.163075
0.308403 0.332342
0.308469 0.43928
0.308509 0.103802
0.309521 0.126789
0.310836 0.223134
0.310866 0.725845
0.312658 0.840352
0.312926 0.349256
0.313642 0.379184
0.314289 0.249213
0.316176 0.96883
0.316196 0.301185
0.316244 0.116325
0.316553 0.306561
0.316674 0.347991
0.318505 0.112408
0.319109 0.271755
0.319846 0.649151
0.320138 0.556394
0.320215 0.845334
0.321226 0.83898
0.321338 0.72789
0.322692 0.484788
0.322926 0.425342
0.324089 0.957737
0.325047 0.0603036
0.325075 0.542517
0.326657 0.11938
0.326722 0.223509
0.326973 0.443237
0.329461 0.244806
0.329646 0.36255
0.329912 0.829396
0.330246 0.439368
0.33249 0.159455
0.334891 0.519619
0.33622 0.851412
0.336377 0.485541
0.336557 0.521585
0.337215 0.570838
0.337333 0.559534
0.337802 0.44075
0.338942 0.599029
0.339062 0.621966
0.340902 0.540648
0.341334 0.793712
0.342315 0.28993
0.342618 0.386109
0.343109 0.635275
0.343449 0.354003
0.343765 0.662598
0.343873 0.47578
0.344812 0.261018
0.345218 0.0855968
0.345416 0.411358
0.34544 0.807286
0.346838 0.314412
0.347558 0.413689
0.348288 0.673024
0.349035 0.233689
0.351115 0.185745
0.351527 0.117287
0.352123 0.136166
0.352406 0.892016
0.352956 0.123195
0.353078 0.183276
0.353566 0.387776
0.35406 0.683039
0.35462 0.0917197
0.354843 0.854208
0.354996 0.421781
0.355922 0.973497
0.356181 0.329059
0.356334 0.913178
0.356407 0.13233
0.35656 0.697892
0.3569 0.413631
0.357442 0.521341
0.360517 0.209337
0.360888 0.451727
0.3611 0.00652658
0.36115 0.849591
0.361355 0.291448
0.36151 0.902693
0.363062 0.983309
0.363295 0.893512
0.363683 0.414654
0.363834 0.9586
0.3643 0.782699
0.366198 0.687848
0.366586 0.204373
0.367467 0.0215136
0.368149 0.473801
0.36824 0.0163232
0.369081 0.144869
0.369429 0.987112
0.370504 0.063967
0.370507 0.106589
0.372531 0.132246
0.373838 0.0975699
0.375593 0.584684
0.376943 0.276717
0.377006 0.335077
0.377033 0.798069
0.377394 0.862097
0.378401 0.792921
0.380799 0.0857775
0.381591 0.405718
0.38161 0.712402
0.383288 0.915694
0.383326 0.560211
0.384383 0.317711
0.386918 0.93662
0.388158 0.764881
0.388467 0.963884
0.388563 0.570082
0.389002 0.94991
0.389715 0.94602
0.392419 0.392854
0.393403 0.926865
0.393755 0.841025
0.39536 0.819146
0.396428 0.771037
0.396489 0.785429
0.397373 0.652791
0.398717 0.239959
0.398824 0.0321346
0.399838 0.0758537
0.401804 0.117846
0.402394 0.0372051
0.402729 0.67439
0.404468 0.885539
0.40493 0.665122
0.40585 0.129159
0.405948 0.775616
0.405987 0.421424
0.406363 0.737954
0.407572 0.062025
0.4081 0.931712
0.410042 0.581117
0.410187 0.0205967
0.411279 0.359439
0.411478 0.710064
0.412567 0.0199961
0.412877 0.223068
0.413203 0.704164
0.413649 0.192544
0.413979 0.750456
0.41445 0.653132
0.414547 0.297577
0.416203 0.11881
0.418839 0.430249
0.421041 0.437165
0.42129 0.614905
0.421402 0.495816
0.421458 0.451173
0.422956 0.617873
0.424524 0.979495
0.424836 0.218263
0.425063 0.0308948
0.425985 0.532107
0.426285 0.568837
0.42657 0.358082
0.42766 0.686328
0.427797 0.979384
0.428968 0.669942
0.429601 0.299317
0.431737 0.20551
0.432403 0.395058
0.432862 0.118886
0.432996 0.365226
0.433505 0.926186
0.433856 0.814418
0.434142 0.629263
0.434328 0.74739
0.435423 0.148358
0.437942 0.495919
0.439566 0.78754
0.440423 0.192372
0.442509 0.254295
0.443659 0.577976
0.444015 0.555155
0.444114 0.22837
0.444136 0.598354
0.445373 0.389299
0.445395 0.75029
0.447455 0.382084
0.448297 0.526869
0.448387 0.0332964
0.449546 0.511228
0.450333 0.750744
0.452202 0.165681
0.452567 0.297133
0.453541 0.668136
0.454497 0.739171
0.454657 0.419154
0.454909 0.656789
0.455927 0.757155
0.456354 0.937129
0.45711 0.6499
0.457208 0.293735
0.459631 0.024743
0.460028 0.688067
0.460944 0.0817682
0.461363 0.127207
0.464377 0.787389
0.464622 0.908645
0.464981 0.933447
0.465258 0.586865
0.465309 0.451554
0.466428 0.252512
0.470665 0.471142
0.471099 0.752623
0.472366 0.0603286
0.472397 0.570811
0.472504 0.373013
0.473321 0.113597
0.473337 0.380156
0.474207 0.990531
0.47503 0.82187
0.476113 0.0368524
0.476173 0.0438792
0.476371 0.365234
0.476413 0.0810648
0.47714 0.285333
0.477405 0.753282
0.477776 0.982328
0.479192 0.785549
0.479356 0.537896
0.479422 0.637876
0.480415 0.332633
0.481894 0.18433
0.483672 0.071966
0.484097 0.225573
0.485337 0.0630539
0.486254 0.477566
0.487252 0.24474
0.488229 0.665738
0.488257 0.128026
0.489317 0.956754
0.490277 0.0849207
0.49068 0.866759
0.491378 0.585659
0.491618 0.623088
0.491644 0.0665375
0.49217 0.903761
0.493201 0.235811
0.494973 0.00731185
0.496707 0.160443
0.497929 0.696296
0.49856 0.292856
0.499713 0.675759
0.500743 0.992901
0.50079 0.772454
0.501772 0.286649
0.502635 0.790375
0.503544 0.0622193
0.50452 0.473153
0.504707 0.611519
0.505936 0.258452
0.506357 0.342106
0.507578 0.856085
0.50914 0.110666
0.509462 0.52692
0.509699 0.511716
0.510797 0.957584
0.512285 0.981758
0.512599 0.243802
0.512611 0.447084
0.513188 0.146608
0.513349 0.851167
0.513404 0.778756
0.513454 0.616678
0.515736 0.973972
0.517339 0.913775
0.51869 0.61801
0.519162 0.561
0.520813 0.308821
0.520887 0.539604
0.521579 0.182604
0.522027 0.710843
0.522227 0.0754851
0.522685 0.761661
0.524451 0.452879
0.525649 0.578833
0.527148 0.783068
0.527554 0.598521
0.528297 0.0846169
0.529058 0.879165
0.529616 0.249474
0.529913 0.255525
0.530469 0.595216
0.53186 0.974358
0.531911 0.833482
0.532456 0.982977
0.532678 0.721368
0.533213 0.704921
0.533496 0.474333
0.533653 0.110716
0.53372 0.22523
0.53464 0.694777
0.53594 0.536272
0.537233 0.270209
0.537809 0.957916
0.538607 0.368235
0.53938 0.352573
0.540215 0.391021
0.541135 0.85163
0.541449 0.140628
0.542223 0.136009
0.543332 0.779649
0.543535 0.197159
0.544623 0.477796
0.545545 0.973718
0.546353 0.549713
0.547227 0.243777
0.547684 0.923855
0.549491 0.301978
0.551099 0.317548
0.551151 0.187105
0.551599 0.722951
0.552298 0.472108
0.553785 0.47022
0.554589 0.971819
0.555536 0.891202
0.556549 0.922735
0.557225 0.274101
0.55782 0.284223
0.557976 0.894372
0.559 0.116947
0.559691 0.727953
0.560418 0.950542
0.560699 0.664114
0.561179 0.738532
0.56141 0.62456
0.56324 0.381322
0.564361 0.215926
0.564643 0.955418
0.565035 0.538631
0.5664 0.48809
0.566651 0.70057
0.569322 0.601844
0.571399 0.50936
0.571474 0.761713
0.572672 0.893435
0.573012 0.607444
0.573107 0.204892
0.574431 0.454509
0.574446 0.70795
0.574633 0.856326
0.575131 0.232552
0.575389 0.562796
0.578485 0.602932
0.579236 0.216081
0.579331 0.817998
0.579805 0.784882
0.579833 0.25131
0.580361 0.135522
0.580523 0.851249
0.581316 0.184236
0.581612 0.156101
0.58357 0.0642076
0.584524 0.100352
0.586092 0.451471
0.587947 0.627187
0.588181 0.55784
0.588667 0.734142
0.588926 0.0732691
0.589443 0.762605
0.590076 0.413895
0.590446 0.617975
0.592901 0.883485
0.593284 0.322302
0.595279 0.853355
0.596709 0.887807
0.597125 0.873624
0.59715 0.296248
0.599092 0.947571
0.599662 0.52149
0.599913 0.741969
0.599987 0.980171
0.600894 0.232427
0.602061 0.844698
0.602456 0.481897
0.602571 0.409782
0.603614 0.940959
0.604676 0.798112
0.605498 0.599632
0.606968 0.306862
0.608169 0.497392
0.608611 0.920593
0.609935 0.181942
0.61017 0.123231
0.611477 0.0891491
0.611634 0.726056
0.611891 0.0588831
0.611902 0.239187
0.614456 0.165531
0.615711 0.261439
0.6164 0.826841
0.617541 0.00699408
0.617763 0.738748
0.617801 0.380064
0.617861 0.395003
0.619687 0.0829328
0.620342 0.0837635
0.620616 0.692712
0.622783 0.116314
0.623623 0.225833
0.624985 0.122972
0.625201 0.757695
0.62551 0.941076
0.626458 0.879633
0.626491 0.43039
0.626941 0.00350617
0.628624 0.278292
0.629329 0.133903
0.630781 0.537477
0.6311 0.898947
0.632524 0.836179
0.633249 0.0121709
0.633648 0.714932
0.633683 0.307615
0.633783 0.986316
0.635916 0.836042
0.636763 0.0713464
0.637986 0.631085
0.638919 0.30832
0.638972 0.199079
0.6402 0.838201
0.640566 0.998813
0.640635 0.15422
0.641261 0.672727
0.641542 0.393139
0.641625 0.793018
0.643038 0.534944
0.643147 0.36363
0.643187 0.0482334
0.643686 0.433053
0.644574 0.362948
0.645711 0.458131
0.645922 0.0149653
0.646762 0.1267
0.64697 0.631739
0.647381 0.538752
0.649003 0.786461
0.649337 0.404455
0.649655 0.743855
0.649694 0.406459
0.6519 0.486349
0.651973 0.711308
0.652576 0.844735
0.652617 0.534183
0.652652 0.122108
0.65317 0.820436
0.65394 0.768069
0.653959 0.0965178
0.655129 0.748805
0.655762 0.39075
0.656543 0.516291
0.657055 0.123012
0.657464 0.00235912
0.657723 0.345814
0.657863 0.70087
0.658059 0.00255722
0.658701 0.782567
0.659093 0.370304
0.660126 0.735381
0.660367 0.786701
0.660923 0.127872
0.661314 0.703674
0.661394 0.0414351
0.662678 0.634537
0.662902 0.390278
0.66303 0.551139
0.663061 0.0704966
0.663237 0.0181655
0.663998 0.807619
0.665848 0.903185
0.665944 0.526671
0.666293 0.37887
0.666639 0.201986
0.668565 0.577117
0.66895 0.0392638
0.669267 0.371698
0.669333 0.476069
0.669376 0.204446
0.669777 0.936023
0.670084 0.108995
0.67087 0.315672
0.671699 0.242665
0.671761 0.288863
0.671886 0.380147
0.673065 0.202086
0.673827 0.0167408
0.674528 0.798135
0.676493 0.809596
0.676656 0.559062
0.677239 0.362239
0.677906 0.559731
0.678309 0.331919
0.678317 0.478765
0.678797 0.540528
0.67983 0.894954
0.680455 0.405933
0.680857 0.162594
0.681605 0.736822
0.682022 0.739474
0.682631 0.976279
0.682728 0.606191
0.683363 0.28913
0.684206 0.442312
0.68459 0.895702
0.684837 0.0525369
0.685174 0.715447
0.685484 0.937835
0.687163 0.147333
0.687817 0.133505
0.688262 0.617541
0.690563 0.298213
0.690952 0.833176
0.692216 0.0711095
0.692252 0.676925
0.692501 0.855964
0.692995 0.172585
0.693145 0.682736
0.693813 0.917403
0.693997 0.00593102
0.694097 0.68338
0.695672 0.15987
0.695762 0.667714
0.696394 0.298686
0.696764 0.510632
0.697108 0.286821
0.697297 0.463544
0.697428 0.668781
0.697447 0.999265
0.697594 0.462677
0.698438 0.640168
0.698533 0.237601
0.699045 0.850786
0.700664 0.0634165
0.701205 0.146278
0.701625 0.21759
0.703103 0.0450408
0.703207 0.806937
0.703362 0.410597
0.703866 0.883722
0.704511 0.717358
0.705948 0.864126
0.706134 0.989743
0.707986 0.120707
0.708194 0.6131
0.708249 0.538427
0.708613 0.652433
0.709359 0.191866
0.709663 0.308722
0.709829 0.088774
0.711026 0.217585
0.71206 0.586694
0.712825 0.444941
0.712959 0.698473
0.713857 0.80101
0.715198 0.339044
0.715606 0.195797
0.716673 0.119724
0.716875 0.51406
0.717356 0.602667
0.71815 0.951432
0.718272 0.993621
0.718757 0.152283
0.720156 0.668918
0.721164 0.608875
0.721858 0.270369
0.721864 0.370452
0.722107 0.452389
0.722133 0.882589
0.722262 0.0579282
0.722767 0.544076
0.72382 0.243504
0.724961 0.419189
0.725077 0.371124
0.725121 0.105434
0.726343 0.640073
0.727112 0.563264
0.727352 0.612541
0.728117 0.462594
0.728743 0.980773
0.729694 0.96578
0.72994 0.108168
0.730502 0.548467
0.730626 0.636769
0.732983 0.245226
0.734495 0.655725
0.73496 0.465064
0.735532 0.0874131
0.737082 0.136607
0.737766 0.63168
0.738019 0.887402
0.738518 0.270977
0.738817 0.304217
0.740033 0.73169
0.740299 0.206589
0.740471 0.0955133
0.74065 0.102107
0.740964 0.373754
0.742941 0.613353
0.744699 0.157725
0.745725 0.397393
0.745857 0.624653
0.745891 0.193935
0.746583 0.824366
0.747253 0.0764464
0.749057 0.402829
0.749221 0.159535
0.751296 0.0377022
0.752061 0.888984
0.753824 0.523203
0.756277 0.739547
0.758709 0.624078
0.759307 0.677347
0.759909 0.795355
0.761688 0.693408
0.76208 0.28354
0.76583 0.299994
0.766064 0.233214
0.766068 0.297007
0.766653 0.139402
0.766692 0.800237
0.766906 0.387101
0.768741 0.233773
0.768957 0.868182
0.769231 0.467912
0.770381 0.799083
0.770572 0.000779963
0.770737 0.770853
0.771144 0.61351
0.772039 0.655064
0.772975 0.394605
0.773986 0.388306
0.775134 0.681331
0.775349 0.296488
0.775505 0.910346
0.779472 0.581331
0.779536 0.665972
0.779996 0.38807
0.780565 0.948928
0.781008 0.401517
0.781243 0.34618
0.782657 0.123495
0.782762 0.879271
0.783646 0.736436
0.783848 0.129135
0.785487 0.678268
0.785879 0.274802
0.785925 0.039892
0.785976 0.890446
0.786236 0.267875
0.786451 0.885419
0.787476 0.108135
0.78808 0.256275
0.790477 0.544522
0.791002 0.369372
0.791821 0.141238
0.792454 0.778252
0.792839 0.240524
0.793328 0.460443
0.793855 0.322287
0.794096 0.379579
0.79582 0.339063
0.796615 0.709835
0.796888 0.295454
0.797313 0.436108
0.798377 0.314885
0.798395 0.627658
0.799235 0.745129
0.799508 0.336695
0.80006 0.603711
0.800475 0.587885
0.801189 0.590906
0.802611 0.476617
0.802678 0.60165
0.80333 0.567301
0.803933 0.706355
0.804252 0.0687011
0.804454 0.45197
0.80532 0.0133057
0.806726 0.635918
0.808828 0.980287
0.809576 0.550962
0.81032 0.0429428
0.812765 0.144569
0.813694 0.751687
0.815071 0.903215
0.816023 0.891024
0.81799 0.960823
0.818345 0.926449
0.818974 0.496806
0.820873 0.409038
0.820897 0.813434
0.821311 0.769801
0.821826 0.436519
0.822224 0.126061
0.822546 0.527735
0.823527 0.0205949
0.823732 0.461114
0.824943 0.824348
0.826273 0.177469
0.828291 0.0919206
0.829022 0.367823
0.829142 0.381947
0.830133 0.0431683
0.830269 0.323592
0.831049 0.435101
0.831123 0.680519
0.831647 0.494294
0.832819 0.190785
0.833218 0.897451
0.833568 0.771243
0.835229 0.68791
0.835274 0.452421
0.835358 0.861926
0.835496 0.182961
0.835639 0.589758
0.835858 0.263761
0.836342 0.40108
0.838886 0.163258
0.840991 0.536772
0.841094 0.27306
0.841298 0.690514
0.842483 0.619276
0.845217 0.55878
0.846165 0.490466
0.846619 0.120565
0.84761 0.777114
0.848759 0.098377
0.849364 0.257176
0.849886 0.0383706
0.850317 0.281581
0.850836 0.992033
0.850992 0.627179
0.851085 0.177466
0.854052 0.0596676
0.854784 0.348108
0.855344 0.761344
0.856811 0.419839
0.857178 0.597991
0.858049 0.224105
0.858622 0.855939
0.858803 0.904342
0.860083 0.416479
0.860386 0.507892
0.861841 0.966721
0.864431 0.484222
0.864811 0.886247
0.866128 0.0212616
0.866752 0.49688
0.868588 0.357115
0.869775 0.3043
0.870642 0.879676
0.871131 0.096096
0.872961 0.849548
0.873775 0.539809
0.874182 0.373223
0.874386 0.813961
0.874808 0.897882
0.874899 0.425159
0.876263 0.355505
0.876635 0.596713
0.876665 0.108409
0.876866 0.48746
0.877265 0.189195
0.877854 0.0889735
0.878109 0.371344
0.878156 0.167998
0.881437 0.315452
0.881915 0.340721
0.882705 0.627203
0.883041 0.271002
0.884077 0.679852
0.884844 0.575095
0.885159 0.867677
0.88557 0.782235
0.885801 0.65603
0.888933 0.304149
0.889172 0.308487
0.889292 0.329772
0.890292 0.135523
0.890705 0.0719554
0.890775 0.24876
0.892084 0.24751
0.892234 0.781758
0.892411 0.749432
0.892802 0.316123
0.89315 0.171351
0.893163 0.383688
0.894134 0.709808
0.894349 0.322373
0.894628 0.0154402
0.894775 0.480339
0.895651 0.210756
0.895696 0.96388
0.895786 0.48254
0.898551 0.948891
0.898573 0.320354
0.899097 0.11742
0.900451 0.873818
0.901391 0.684626
0.901762 0.91134
0.902386 0.40265
0.902549 0.139774
0.902973 0.260448
0.905406 0.165428
0.90612 0.163753
0.906877 0.880774
0.907041 0.635765
0.907325 0.41266
0.908872 0.413181
0.910017 0.651806
0.910877 0.117472
0.912577 0.67828
0.913649 0.695146
0.913658 0.850523
0.914189 0.775965
0.914821 0.395143
0.916334 0.831993
0.916761 0.00195711
0.917254 0.290113
0.918813 0.488211
0.919498 0.00479212
0.919574 0.287581
0.920726 0.640032
0.920732 0.742604
0.923502 0.290898
0.923554 0.180631
0.923591 0.788638
0.924144 0.0889321
0.924405 0.476653
0.925503 0.935928
0.926461 0.0381423
0.926636 0.963725
0.92678 0.388319
0.928253 0.150082
0.928256 0.198935
0.92859 0.81574
0.929052 0.57168
0.929252 0.939797
0.929395 0.338219
0.930589 0.416433
0.934632 0.35237
0.934858 0.166316
0.935502 0.988244
0.935695 0.232619
0.936945 0.229977
0.937184 0.252535
0.937324 0.611332
0.937582 0.935417
0.938412 0.897167
0.940021 0.930049
0.940693 0.224188
0.940922 0.0760532
0.94099 0.211738
0.941463 0.175397
0.941692 0.0234898
0.942579 0.917462
0.943172 0.890761
0.943545 0.155973
0.94418 0.827337
0.945932 0.28338
0.946546 0.592649
0.946645 0.260269
0.947184 0.327071
0.95001 0.818817
0.950944 0.513161
0.95278 0.366861
0.953738 0.475642
0.953896 0.123663
0.956547 0.691768
0.957285 0.085833
0.957568 0.842528
0.959369 0.121984
0.959778 0.990828
0.960281 0.436975
0.962083 0.730401
0.962111 0.196485
0.962533 0.291042
0.963142 0.521045
0.965592 0.701882
0.966356 0.546926
0.96694 0.361945
0.968513 0.806479
0.969465 0.797591
0.969538 0.0264093
0.970302 0.869646
0.970545 0.954666
0.970672 0.0781478
0.9714 0.327308
0.971576 0.285284
0.973095 0.813719
0.974472 0.954829
0.976432 0.890782
0.977079 0.769067
0.977323 0.871165
0.979219 0.733527
0.980174 0.792391
0.983471 0.191432
0.983822 0.0942052
0.98522 0.587565
0.986634 0.359551
0.987062 0.556109
0.987908 0.772904
0.988237 0.29458
0.988394 0.929891
0.99072 0.0359021
0.990844 0.115987
0.992477 0.56459
0.992787 0.778024
0.993422 0.436435
0.994172 0.0516269
0.995363 0.0654062
0.995682 0.419668
0.996757 0.489463
0.997937 0.326915
