0.00164111 0.582184
0.00211623 0.567475
0.00385941 0.865113
0.00505581 0.973075
0.00519546 0.320078
0.00572819 0.273765
0.00833702 0.120255
0.00888616 0.349759
0.00973185 0.563182
0.0103493 0.940321
0.0103861 0.559207
0.0136118 0.773281
0.0228013 0.22127
0.0240588 0.355887
0.0250056 0.269447
0.0287882 0.843467
0.0291633 0.147357
0.0295637 0.876798
0.0324181 0.851198
0.0335165 0.311591
0.036334 0.664765
0.0366869 0.596503
0.0386045 0.826298
0.0394703 0.376723
0.0397554 0.168574
0.03976 0.245828
0.0397797 0.57798
0.0421907 0.0991786
0.0440713 0.706605
0.0449077 0.764251
0.0452691 0.837443
0.0483473 0.572514
0.0496155 0.887475
0.0509174 0.768328
0.0539039 0.962333
0.0549019 0.736426
0.055112 0.26719
0.0552332 0.30376
0.0597864 0.830375
0.0598183 0.365518
0.0615576 0.598087
0.0617371 0.614855
0.0639027 0.0124735
0.0674826 0.180121
0.0679024 0.235311
0.0679491 0.021024
0.0679652 0.290744
0.0688863 0.771365
0.0727615 0.902199
0.0733752 0.217048
0.0734213 0.992352
0.0744338 0.00964919
0.0746087 0.948568
0.0769177 0.755589
0.0769214 0.817409
0.0769629 0.515929
0.0775405 0.223413
0.0779075 0.392055
0.077925 0.685247
0.0806735 0.879554
0.0825329 0.130763
0.084582 0.569308
0.0866692 0.649497
0.0888097 0.623826
0.0913109 0.661455
0.0918311 0.405567
0.094797 0.253599
0.0950679 0.806817
0.0957574 0.394101
0.0957582 0.407546
0.0982524 0.327787
0.0994891 0.113982
0.100979 0.149019
0.102775 0.336773
0.103743 0.601088
0.104331 0.487741
0.104843 0.0901416
0.107244 0.452919
0.108776 0.19679
0.109611 0.225307
0.110604 0.913161
0.113972 0.523841
0.117332 0.99198
0.118737 0.604872
0.119778 0.108985
0.119803 0.530192
0.121385 0.116008
0.123406 0.0927897
0.123568 0.800502
0.123762 0.0649356
0.124282 0.807953
0.124418 0.0917655
0.125364 0.992976
0.127229 0.339729
0.12764 0.246899
0.128031 0.813927
0.128232 0.195239
0.128456 0.951975
0.129296 0.0770454
0.13042 0.965714
0.130452 0.504465
0.130692 0.538192
0.132351 0.421283
0.133897 0.406332
0.135176 0.903373
0.137055 0.488008
0.137745 0.0806536
0.138028 0.839744
0.138157 0.00671649
0.138648 0.264898
0.139469 0.0542561
0.14175 0.385551
0.14217 0.457364
0.144002 0.246066
0.145624 0.50027
0.14577 0.964434
0.145892 0.0104658
0.147216 0.255269
0.147308 0.806283
0.148088 0.921149
0.14825 0.630717
0.148286 0.238059
0.148697 0.15311
0.149314 0.523636
0.152438 0.0202757
0.15271 0.591901
0.153736 0.839794
0.153746 0.00449999
0.156136 0.172675
0.156152 0.445753
0.159085 0.736062
0.160037 0.738569
0.160517 0.817456
0.160614 0.440246
0.161143 0.326196
0.163139 0.883264
0.165224 0.926608
0.16549 0.387341
0.165658 0.211807
0.166779 0.0495489
0.167898 0.86652
0.169918 0.803637
0.169974 0.750025
0.170284 0.969681
0.170704 0.0170684
0.170843 0.351463
0.171385 0.471359
0.172435 0.113788
0.173695 0.28727
0.173891 0.593951
0.175408 0.0818525
0.177922 0.339449
0.178508 0.177242
0.178628 0.205477
0.178693 0.299314
0.181714 0.071053
0.182763 0.694197
0.187826 0.791625
0.187877 0.648949
0.187908 0.175413
0.188228 0.552912
0.189789 0.779506
0.199605 0.762093
0.199751 0.220637
0.200937 0.156411
0.202466 0.840411
0.202839 0.10693
0.203188 0.981489
0.203199 0.170167
0.203265 0.27644
0.203428 0.0226501
0.204831 0.601763
0.20489 0.580529
0.205849 0.71131
0.206161 0.93945
0.206805 0.772812
0.207471 0.95804
0.207473 0.000803035
0.209275 0.291208
0.209964 0.862307
0.210419 0.506854
0.213725 0.0754297
0.214384 0.156371
0.216183 0.395638
0.220385 0.0174762
0.221777 0.406753
0.222777 0.220173
0.22293 0.785383
0.223182 0.0209986
0.225661 0.687743
0.229539 0.866764
0.232238 0.218429
0.23638 0.835017
0.236394 0.0741126
0.2364 0.170549
0.237414 0.213642
0.238218 0.734838
0.241703 0.295959
0.241889 0.436485
0.243279 0.783687
0.243626 0.621212
0.243644 0.917064
0.243857 0.506315
0.24505 0.557779
0.248545 0.298256
0.248693 0.782886
0.250142 0.130713
0.251353 0.485159
0.253139 0.499653
0.255385 0.263136
0.256871 0.231281
0.258303 0.294041
0.26018 0.840656
0.260483 0.931451
0.26092 0.276459
0.264183 0.115257
0.265774 0.870742
0.266393 0.26261
0.267594 0.452624
0.269792 0.393955
0.271263 0.116039
0.273372 0.555459
0.27368 0.739459
0.276376 0.0542775
0.277206 0.998402
0.278458 0.0442605
0.279277 0.809631
0.281841 0.908867
0.283351 0.280869
0.284069 0.350421
0.285217 0.649677
0.285573 0.625423
0.285852 0.317307
0.290512 0.633773
0.291955 0.894923
0.292126 0.753833
0.29612 0.893532
0.296255 0.165495
0.296622 0.330639
0.297176 0.63289
0.297878 0.436995
0.298565 0.980663
0.299993 0.982345
0.300785 0.28805
0.300804 0.613392
0.301049 0.725233
0.302441 0.120521
0.307421 0.818625
0.315934 0.895596
0.316152 0.567666
0.321304 0.158036
0.326066 0.189369
0.327869 0.492985
0.328639 0.430318
0.329601 0.607439
0.33221 0.451377
0.333978 0.173173
0.334043 0.266478
0.33443 0.767123
0.335009 0.500982
0.335084 0.755713
0.341768 0.0893127
0.34662 0.636801
0.347191 0.234669
0.34828 0.540484
0.349218 0.305288
0.349936 0.37481
0.350108 0.27178
0.35088 0.244378
0.350931 0.0890702
0.351403 0.0265504
0.353385 0.334803
0.354191 0.88804
0.355488 0.693212
0.359072 0.923002
0.359413 0.652796
0.359528 0.591787
0.368144 0.39704
0.368226 0.774919
0.36887 0.592808
0.370599 0.664663
0.370602 0.705149
0.371759 0.159836
0.371979 0.847104
0.373515 0.665076
0.375746 0.171244
0.377138 0.55523
0.378066 0.153943
0.379904 0.0487238
0.379946 0.74549
0.380888 0.589051
0.383331 0.63896
0.385202 0.0935845
0.3856 0.771379
0.38563 0.282496
0.386558 0.882046
0.389936 0.655445
0.391013 0.754456
0.392387 0.841564
0.392554 0.64864
0.392875 0.0500795
0.395394 0.39044
0.398172 0.0754994
0.403155 0.823301
0.403318 0.565254
0.403828 0.141374
0.405055 0.758073
0.405699 0.577496
0.407355 0.417958
0.409265 0.523799
0.416629 0.291912
0.4172 0.875841
0.418491 0.583215
0.418565 0.826997
0.418684 0.829311
0.418745 0.849565
0.418999 0.117268
0.42305 0.194816
0.423303 0.457691
0.424862 0.649661
0.42708 0.934312
0.429473 0.150814
0.430408 0.859598
0.431601 0.9219
0.431675 0.155923
0.432831 0.591576
0.435286 0.856523
0.435297 0.0359583
0.43585 0.335743
0.442542 0.803941
0.444085 0.736897
0.44568 0.538643
0.447871 0.363886
0.451159 0.632282
0.451213 0.530389
0.451608 0.170171
0.452675 0.101588
0.453244 0.671837
0.45401 0.551411
0.454706 0.245204
0.455482 0.284115
0.457074 0.0409612
0.457795 0.168672
0.458091 0.139214
0.461285 0.816799
0.461471 0.949843
0.464913 0.796956
0.466702 0.856843
0.467923 0.387789
0.468445 0.157369
0.468588 0.560612
0.46871 0.602073
0.473373 0.981894
0.474439 0.904209
0.476731 0.41155
0.478001 0.767254
0.481521 0.924275
0.481951 0.149141
0.483698 0.507355
0.485058 0.365158
0.486698 0.939782
0.488019 0.134887
0.488451 0.389454
0.488632 0.430187
0.492711 0.990942
0.494377 0.985967
0.496613 0.573342
0.497493 0.360053
0.497979 0.53364
0.498522 0.666159
0.499839 0.791211
0.501107 0.104771
0.505107 0.330402
0.505524 0.33588
0.50705 0.990961
0.509527 0.615349
0.510844 0.763254
0.510978 0.012662
0.511291 0.275089
0.516602 0.537844
0.517685 0.727703
0.519115 0.765857
0.519948 0.771872
0.521459 0.15278
0.522055 0.181145
0.526397 0.156114
0.526516 0.162325
0.526915 0.866448
0.526994 0.182601
0.529 0.910746
0.530669 0.958497
0.531205 0.955605
0.533428 0.330885
0.536729 0.801029
0.540683 0.257344
0.541335 0.209182
0.542592 0.352017
0.542973 0.743397
0.543015 0.461412
0.545144 0.241303
0.545407 0.652518
0.547474 0.387776
0.547605 0.604267
0.549188 0.210338
0.55031 0.065885
0.550548 0.052387
0.553713 0.255145
0.554324 0.523483
0.554707 0.952493
0.555128 0.0425259
0.555286 0.687995
0.556447 0.206991
0.557617 0.876794
0.559708 0.00408278
0.560648 0.810148
0.561219 0.407421
0.561906 0.952364
0.563235 0.287092
0.564927 0.723368
0.567492 0.836817
0.569714 0.185362
0.569772 0.15926
0.570443 0.437716
0.570898 0.0850957
0.57167 0.0548922
0.572648 0.495339
0.573637 0.117749
0.574571 0.815474
0.575086 0.471673
0.580218 0.716892
0.581794 0.212213
0.58228 0.382394
0.583015 0.738963
0.583974 0.854984
0.584011 0.481156
0.584254 0.564642
0.584309 0.478856
0.586406 0.726515
0.587993 0.396144
0.588957 0.593472
0.589527 0.182121
0.589672 0.622977
0.590603 0.260948
0.594482 0.461796
0.597465 0.601978
0.597755 0.461066
0.599075 0.645598
0.599623 0.863308
0.600008 0.337797
0.60065 0.117901
0.606714 0.0486594
0.609924 0.999196
0.61012 0.280785
0.612023 0.273386
0.615042 0.010814
0.617069 0.0811517
0.618696 0.421156
0.619221 0.2403
0.619344 0.312019
0.619682 0.999316
0.624524 0.372801
0.628133 0.0237109
0.629622 0.0637724
0.629756 0.306638
0.631317 0.541003
0.632827 0.922607
0.633703 0.649345
0.634295 0.601865
0.635014 0.679049
0.635276 0.0803328
0.638646 0.723312
0.639046 0.446899
0.640778 0.550913
0.641518 0.985902
0.641814 0.971691
0.64573 0.780139
0.650382 0.976329
0.650907 0.792664
0.65118 0.389889
0.652388 0.683328
0.656063 0.454465
0.658383 0.445022
0.658881 0.806613
0.658976 0.414259
0.659582 0.590285
0.659591 0.754443
0.662271 0.784507
0.665478 0.693055
0.665879 0.422989
0.666872 0.119327
0.671479 0.553158
0.672409 0.176438
0.674924 0.456183
0.675885 0.598563
0.680964 0.955505
0.682612 0.654044
0.683095 0.779443
0.6845 0.394174
0.685966 0.0359356
0.686194 0.860823
0.688247 0.364695
0.688354 0.169236
0.688748 0.781196
0.689706 0.881376
0.689883 0.862424
0.69043 0.0513406
0.691073 0.863258
0.691885 0.513166
0.694713 0.041126
0.695428 0.051081
0.697273 0.075834
0.697627 0.0147412
0.697639 0.222375
0.698988 0.885098
0.699554 0.410236
0.701235 0.651102
0.70429 0.00171111
0.706839 0.8404
0.708986 0.919352
0.709643 0.967148
0.71212 0.597837
0.713251 0.615586
0.716044 0.543889
0.71709 0.134272
0.717301 0.672667
0.722558 0.0367983
0.727169 0.521978
0.727524 0.490782
0.727933 0.366498
0.728406 0.31654
0.728841 0.62759
0.728922 0.995788
0.72898 0.965185
0.732028 0.192364
0.733833 0.529336
0.736311 0.171811
0.736432 0.215487
0.738484 0.697179
0.739279 0.0672396
0.745368 0.406198
0.746567 0.548432
0.749213 0.0286072
0.750152 0.807937
0.750557 0.617904
0.751153 0.623017
0.751382 0.477159
0.751492 0.333551
0.753748 0.239459
0.753959 0.791597
0.754643 0.284887
0.755066 0.398172
0.755131 0.488518
0.755179 0.289085
0.755725 0.462639
0.756285 0.888068
0.757596 0.914148
0.757849 0.165518
0.75862 0.125555
0.758886 0.600274
0.759855 0.879615
0.760989 0.941066
0.763112 0.622008
0.764753 0.211619
0.765479 0.399185
0.765804 0.866155
0.766379 0.537144
0.767051 0.830149
0.767444 0.439909
0.768891 0.747023
0.770118 0.376597
0.77146 0.922653
0.77258 0.758305
0.772943 0.849279
0.773649 0.724589
0.774139 0.945861
0.777967 0.292712
0.780999 0.254601
0.784083 0.0774369
0.784131 0.893516
0.784602 0.807024
0.785394 0.113605
0.785515 0.157242
0.786668 0.530668
0.788129 0.0911137
0.788605 0.0862038
0.788898 0.0141633
0.792309 0.334797
0.792408 0.00391891
0.792464 0.941776
0.793412 0.881328
0.794 0.764279
0.796758 0.10969
0.797481 0.261294
0.799443 0.238852
0.801632 0.021707
0.803665 0.189123
0.804751 0.445851
0.805853 0.972119
0.810728 0.897833
0.811923 0.997154
0.8186 0.213374
0.821723 0.703275
0.822726 0.552235
0.823292 0.0739291
0.823784 0.330428
0.826846 0.804028
0.826971 0.8964
0.830124 0.894726
0.831824 0.464245
0.832635 0.100402
0.833286 0.0368137
0.833741 0.682668
0.83525 0.0468975
0.836045 0.414313
0.836296 0.622896
0.837417 0.471924
0.837633 0.0913454
0.839672 0.371946
0.843623 0.766152
0.844576 0.781165
0.846615 0.0577587
0.846826 0.612981
0.847917 0.936053
0.849431 0.382663
0.850409 0.819432
0.851408 0.607698
0.851503 0.208026
0.854388 0.697494
0.856049 0.61838
0.856942 0.631907
0.859824 0.0598134
0.862245 0.746501
0.863212 0.00148647
0.864024 0.644194
0.865065 0.139002
0.865642 0.841375
0.868241 0.523512
0.86886 0.933999
0.869077 0.579561
0.874005 0.405894
0.874072 0.520847
0.875791 0.421249
0.876771 0.889699
0.877557 0.104813
0.880283 0.914704
0.880365 0.293671
0.880605 0.335529
0.88098 0.636179
0.881332 0.542247
0.882464 0.579945
0.884091 0.916475
0.885394 0.820987
0.885715 0.213927
0.886364 0.117163
0.888502 0.0549741
0.888969 0.908117
0.890377 0.564132
0.891477 0.0511045
0.894198 0.777465
0.894676 0.815428
0.894717 0.515755
0.895169 0.101871
0.8982 0.0465255
0.898603 0.814668
0.899097 0.123008
0.89924 0.518464
0.900726 0.499593
0.901352 0.0296758
0.901666 0.29917
0.901668 0.333262
0.901673 0.423586
0.90188 0.892115
0.904236 0.488316
0.904956 0.599348
0.906138 0.46672
0.906694 0.813471
0.907659 0.0285027
0.908816 0.467545
0.909228 0.401872
0.910535 0.360512
0.912219 0.664044
0.912862 0.46524
0.913317 0.124884
0.913936 0.520079
0.916061 0.236138
0.916698 0.934534
0.917325 0.485677
0.918362 0.912223
0.921282 0.97999
0.921536 0.248813
0.922666 0.252865
0.923673 0.169179
0.924709 0.581739
0.925034 0.051784
0.92654 0.36436
0.927813 0.750031
0.929154 0.29579
0.93012 0.529542
0.930184 0.609182
0.932525 0.947543
0.932525 0.953279
0.932725 0.303138
0.932985 0.684848
0.933281 0.652675
0.934301 0.798857
0.935805 0.0800173
0.935908 0.81024
0.938411 0.880536
0.939059 0.763235
0.940425 0.72268
0.940872 0.243954
0.944947 0.719112
0.947685 0.73598
0.950006 0.747785
0.950424 0.778064
0.951035 0.0484912
0.953139 0.407941
0.954369 0.0781183
0.954373 0.140737
0.958825 0.969201
0.959013 0.136729
0.964656 0.97358
0.966822 0.375722
0.969556 0.320289
0.969642 0.775642
0.970848 0.0400685
0.970886 0.686073
0.972397 0.0741806
0.973218 0.876828
0.975577 0.523689
0.975709 0.744601
0.976389 0.166404
0.97693 0.258884
0.978639 0.992851
0.980819 0.629448
0.982572 0.0915328
0.983164 0.0334793
0.984962 0.254652
0.985075 0.161711
0.985803 0.39676
0.986109 0.53539
0.986959 0.821566
0.990319 0.289627
0.991348 0.582021
0.992186 0.663091
0.99384 0.461181
0.993977 0.769287
0.994954 0.189393
0.99666 0.861751
0.999532 0.138944
