0.00170134 0.594438
0.00270503 0.463473
0.0029388 0.392404
0.00316481 0.191019
0.00391578 0.812557
0.00443157 0.481396
0.00596616 0.273306
0.0063808 0.242038
0.00668205 0.305284
0.0068555 0.220419
0.00691925 0.291919
0.0087548 0.141917
0.00991792 0.690567
0.0100563 0.0161261
0.0108387 0.166563
0.010861 0.540632
0.0120001 0.685238
0.0121023 0.403987
0.0140948 0.891793
0.014244 0.398477
0.015151 0.642937
0.0152597 0.470355
0.0156912 0.722457
0.0158002 0.554657
0.0166236 0.39203
0.0166573 0.959035
0.0168873 0.825026
0.0182484 0.700432
0.0203453 0.942979
0.0206931 0.789246
0.0207645 0.988919
0.0210154 0.205344
0.0212101 0.477651
0.0215319 0.886932
0.0220171 0.0421025
0.0224773 0.776081
0.0227845 0.939051
0.0231312 0.766214
0.0232553 0.85223
0.024253 0.619992
0.0249241 0.899754
0.0251358 0.457802
0.0255343 0.155202
0.0261813 0.0291983
0.0262283 0.819184
0.0263691 0.185158
0.0265835 0.788912
0.0269714 0.307925
0.0278231 0.622981
0.0278826 0.622189
0.0280247 0.0103114
0.0291406 0.765227
0.0304079 0.0659432
0.030743 0.696953
0.0312711 0.573473
0.0313859 0.502266
0.031439 0.395505
0.0321583 0.484436
0.03221 0.353186
0.0327146 0.833965
0.0343826 0.868356
0.0344583 0.141096
0.0356464 0.108802
0.0368242 0.905117
0.0371735 0.77426
0.0374995 0.253775
0.0386556 0.68388
0.0392958 0.444144
0.0394259 0.630612
0.0404141 0.240359
0.0404524 0.883608
0.042664 0.0537281
0.0430301 0.207242
0.0443773 0.849672
0.0448065 0.062
0.0467361 0.493652
0.0477871 0.157682
0.0484054 0.550247
0.0484784 0.77563
0.0484796 0.796988
0.0487032 0.554005
0.0489783 0.178153
0.0503867 0.849335
0.051142 0.54333
0.0515562 0.505348
0.0520078 0.0950084
0.0527658 0.834733
0.0528714 0.61009
0.0536449 0.609447
0.0545795 0.317385
0.0547017 0.370805
0.0547398 0.0122464
0.0549798 0.0451979
0.0558798 0.171261
0.0559648 0.600849
0.0560964 0.812307
0.056871 0.83076
0.0572188 0.676244
0.0572797 0.699252
0.058002 0.839915
0.059125 0.713534
0.0612057 0.683622
0.0635503 0.0900094
0.0658339 0.469937
0.0671646 0.835775
0.0673055 0.203252
0.0700661 0.60056
0.0700819 0.866914
0.0702522 0.728509
0.0703668 0.65533
0.0713465 0.120586
0.0717206 0.408816
0.0734001 0.634609
0.0743696 0.930456
0.0745858 0.562971
0.0764671 0.182637
0.077653 0.114381
0.0787282 0.185264
0.0792596 0.115887
0.0802821 0.301968
0.0809455 0.451288
0.0817282 0.605294
0.0838088 0.574334
0.0845172 0.480534
0.0856916 0.218966
0.0857146 0.60544
0.0857891 0.857198
0.0861603 0.0960817
0.0868336 0.412292
0.0870747 0.464191
0.0877799 0.316711
0.0882259 0.813261
0.0899905 0.470239
0.0906978 0.35793
0.091067 0.563442
0.091742 0.907514
0.0923641 0.36262
0.0938324 0.041072
0.0945446 0.0102985
0.0950062 0.768946
0.095158 0.321063
0.0954515 0.253522
0.0956086 0.894272
0.0957372 0.0544285
0.0972793 0.973556
0.0980405 0.766507
0.0985995 0.162111
0.0990216 0.25594
0.0991482 0.384258
0.0992325 0.801293
0.101368 0.698767
0.101844 0.69147
0.102464 0.113767
0.102742 0.778933
0.103276 0.763856
0.103894 0.14382
0.104014 0.161638
0.104255 0.213358
0.104649 0.832071
0.104747 0.484687
0.106087 0.00733439
0.10814 0.516356
0.108149 0.657731
0.108161 0.857468
0.10824 0.19206
0.108485 0.304785
0.108537 0.188429
0.108568 0.70414
0.108995 0.879168
0.109121 0.996302
0.109285 0.758705
0.110181 0.817532
0.110315 0.0609608
0.110776 0.813457
0.111172 0.473995
0.112131 0.586767
0.112183 0.453326
0.112451 0.95719
0.112549 0.614064
0.113943 0.047912
0.114436 0.332265
0.115332 0.385676
0.115484 0.934387
0.116586 0.467191
0.116816 0.331914
0.117185 0.521673
0.119012 0.234866
0.119078 0.335957
0.119358 0.0467587
0.119481 0.110752
0.120145 0.275334
0.120417 0.842122
0.120834 0.848914
0.121208 0.141886
0.12303 0.766822
0.125641 0.652256
0.125965 0.0911911
0.125993 0.561908
0.126007 0.792786
0.126572 0.294092
0.126911 0.986265
0.127055 0.414295
0.128359 0.32222
0.128482 0.405028
0.12875 0.907562
0.128894 0.322223
0.129372 0.359239
0.129499 0.485938
0.132009 0.675273
0.133188 0.482733
0.133339 0.0335505
0.13373 0.602645
0.134205 0.57597
0.134363 0.246781
0.135924 0.468804
0.136054 0.654607
0.136284 0.530601
0.137465 0.382562
0.137716 0.598158
0.137878 0.322901
0.138548 0.577564
0.138669 0.608241
0.139279 0.85439
0.139331 0.730576
0.139716 0.203445
0.140056 0.913658
0.140464 0.772946
0.140471 0.904202
0.14096 0.121405
0.141262 0.187007
0.143101 0.0971423
0.143149 0.907211
0.143549 0.628199
0.143774 0.408539
0.143974 0.763531
0.14463 0.792161
0.146921 0.297421
0.1473 0.666168
0.147363 0.737159
0.147687 0.168409
0.148862 0.929162
0.150221 0.768762
0.152071 0.85834
0.152734 0.996986
0.153863 0.968034
0.153956 0.539632
0.154004 0.348237
0.155098 0.738616
0.155313 0.349945
0.155426 0.240295
0.155901 0.229547
0.156429 0.107936
0.157904 0.885509
0.158045 0.261838
0.158667 0.708773
0.159581 0.0772184
0.160181 0.168993
0.160696 0.817577
0.161068 0.0677546
0.161607 0.120993
0.161637 0.632728
0.163516 0.221363
0.165209 0.664862
0.166279 0.657067
0.166453 0.572992
0.167184 0.854851
0.170369 0.392633
0.170957 0.273212
0.171232 0.894871
0.171254 0.263642
0.171705 0.85036
0.171787 0.224882
0.172144 0.216617
0.172236 0.771709
0.17417 0.268156
0.174195 0.690748
0.174766 0.293523
0.175283 0.98444
0.175676 0.590342
0.178052 0.518921
0.178836 0.69513
0.180031 0.784144
0.180113 0.155825
0.180938 0.0194788
0.181327 0.563685
0.181546 0.246923
0.18162 0.484499
0.183286 0.495529
0.183606 0.868417
0.183643 0.492195
0.184662 0.616103
0.185412 0.221417
0.185938 0.0649564
0.187021 0.265108
0.188554 0.0290849
0.189335 0.145595
0.190114 0.242483
0.191031 0.659312
0.192006 0.0518534
0.192384 0.396628
0.192632 0.563333
0.192705 0.788011
0.192814 0.624288
0.194004 0.626273
0.194933 0.241265
0.195158 0.014209
0.195219 0.0515708
0.19562 0.782828
0.195693 0.0184625
0.197332 0.562876
0.198271 0.336642
0.198396 0.436229
0.199839 0.692292
0.200406 0.229866
0.201278 0.871688
0.202363 0.108623
0.202641 0.786061
0.203006 0.924141
0.203029 0.305716
0.20325 0.0302379
0.204 0.634159
0.204099 0.292058
0.204106 0.417022
0.204207 0.103879
0.204379 0.994611
0.204611 0.899437
0.205835 0.464685
0.206583 0.0400799
0.207522 0.819559
0.207586 0.891654
0.207667 0.260564
0.208031 0.375079
0.209018 0.961668
0.209711 0.614529
0.209766 0.542189
0.210354 0.414637
0.210477 0.483397
0.211459 0.992505
0.213569 0.455709
0.214174 0.621145
0.21493 0.32105
0.215277 0.167238
0.21695 0.274234
0.218242 0.986101
0.219939 0.50939
0.220064 0.617297
0.223095 0.55573
0.223228 0.784993
0.22344 0.361346
0.225057 0.536911
0.22607 0.555852
0.226599 0.450693
0.227433 0.472565
0.228616 0.350517
0.229535 0.802024
0.230904 0.800859
0.231631 0.0262426
0.232314 0.505781
0.232854 0.579681
0.233661 0.137097
0.233987 0.625308
0.23574 0.088872
0.236625 0.963169
0.237413 0.203601
0.238224 0.837527
0.238269 0.587395
0.240014 0.913693
0.240708 0.580344
0.240768 0.584405
0.243388 0.620552
0.243989 0.718102
0.244172 0.791869
0.244434 0.197927
0.244584 0.723583
0.245633 0.358334
0.247522 0.0942533
0.248835 0.170164
0.249034 0.518425
0.249719 0.0275629
0.249952 0.93804
0.249981 0.431884
0.250525 0.580737
0.251922 0.0479878
0.25321 0.706424
0.253342 0.920605
0.254041 0.665873
0.254052 0.852516
0.255711 0.743325
0.255851 0.0826106
0.256066 0.708286
0.256503 0.0411633
0.258043 0.927467
0.258331 0.763404
0.258861 0.672786
0.259017 0.298666
0.26005 0.652904
0.260708 0.727256
0.261577 0.324773
0.26164 0.376511
0.261853 0.962969
0.262898 0.522125
0.263105 0.00850597
0.263585 0.0764909
0.263945 0.125875
0.264481 0.128415
0.26488 0.831966
0.265123 0.925071
0.265567 0.388078
0.266002 0.68803
0.268063 0.339084
0.268253 0.529957
0.269057 0.0383176
0.26914 0.44078
0.269909 0.358906
0.270515 0.551453
0.271156 0.324889
0.271773 0.69061
0.271844 0.888733
0.272453 0.109916
0.273036 0.919253
0.275024 0.329953
0.275564 0.408752
0.277449 0.0842444
0.278211 0.893334
0.279371 0.394807
0.27941 0.042134
0.280522 0.726158
0.280757 0.6786
0.280873 0.63358
0.280916 0.356377
0.282178 0.568084
0.282191 0.782557
0.282385 0.0515457
0.282565 0.0633283
0.284028 0.659627
0.284069 0.344896
0.284135 0.448837
0.284468 0.0618695
0.285042 0.697398
0.286499 0.194607
0.286665 0.973062
0.28693 0.431157
0.287166 0.399025
0.287233 0.528793
0.287313 0.869324
0.289013 0.444588
0.29139 0.384241
0.291605 0.999155
0.292687 0.183497
0.294167 0.0687371
0.295685 0.580541
0.295823 0.891527
0.296325 0.338159
0.296354 0.815223
0.296547 0.0686764
0.296929 0.487113
0.297855 0.0465848
0.297859 0.116834
0.298341 0.222949
0.298537 0.519533
0.298877 0.224769
0.298912 0.815088
0.299149 0.793412
0.299318 0.637272
0.299841 0.435074
0.300752 0.746089
0.301335 0.528949
0.301386 0.394593
0.302596 0.725175
0.303103 0.247043
0.304156 0.943638
0.30417 0.190896
0.304842 0.475981
0.305096 0.740334
0.305521 0.897893
0.306613 0.241721
0.307205 0.198812
0.307477 0.759026
0.307547 0.946748
0.30771 0.676077
0.30781 0.361133
0.308258 0.897152
0.308766 0.426008
0.310371 0.402564
0.311662 0.110408
0.311694 0.633945
0.312914 0.142061
0.313098 0.240231
0.313183 0.671846
0.313902 0.746948
0.314772 0.366003
0.31543 0.424898
0.315576 0.891581
0.316943 0.855072
0.317486 0.99282
0.317818 0.562456
0.319095 0.030578
0.31971 0.358263
0.319852 0.754908
0.320414 0.199536
0.320581 0.0116209
0.320816 0.949584
0.321695 0.73203
0.321725 0.235328
0.321844 0.234981
0.32232 0.224123
0.322526 0.696245
0.322653 0.83347
0.323347 0.498157
0.323948 0.589344
0.3253 0.316127
0.325873 0.95081
0.32638 0.469453
0.326982 0.594724
0.328226 0.486669
0.328642 0.488608
0.329403 0.277107
0.329591 0.437027
0.3319 0.243657
0.33219 0.118358
0.334293 0.470748
0.334986 0.102565
0.335095 0.936979
0.336761 0.942233
0.337428 0.154078
0.337752 0.59292
0.338179 0.769669
0.338326 0.248147
0.339995 0.299068
0.34001 0.551539
0.342924 0.526547
0.34375 0.399898
0.344061 0.640763
0.34424 0.646081
0.345563 0.870207
0.345759 0.169632
0.345854 0.761946
0.34692 0.692808
0.347281 0.753556
0.347564 0.502855
0.347659 0.101657
0.347754 0.698964
0.347799 0.454733
0.34812 0.853676
0.349908 0.898904
0.350377 0.781834
0.35073 0.721329
0.35175 0.865171
0.35231 0.270846
0.352808 0.637846
0.353582 0.659578
0.354043 0.40208
0.35407 0.860486
0.354266 0.152515
0.35459 0.59372
0.355115 0.416699
0.355661 0.594354
0.355745 0.0132274
0.357089 0.598971
0.358031 0.426441
0.358244 0.00691868
0.358279 0.599915
0.358725 0.0952209
0.358751 0.526141
0.359699 0.468408
0.359714 0.707926
0.359852 0.0354571
0.360134 0.767437
0.360154 0.105215
0.361831 0.299569
0.363004 0.00165545
0.363272 0.507022
0.36381 0.55861
0.364388 0.275971
0.366692 0.994663
0.366841 0.492754
0.366866 0.914407
0.368189 0.150469
0.369211 0.337465
0.370491 0.843545
0.371114 0.308097
0.372588 0.0903347
0.372932 0.875603
0.373407 0.854492
0.373624 0.497002
0.376842 0.583537
0.377028 0.703676
0.377686 0.767822
0.378122 0.103258
0.379476 0.849521
0.379671 0.137801
0.379769 0.784579
0.380146 0.118092
0.380711 0.616486
0.38173 0.735511
0.382297 0.266901
0.382736 0.64093
0.382804 0.788558
0.385409 0.567757
0.385619 0.104376
0.38609 0.0203646
0.386679 0.906423
0.387235 0.255718
0.388367 0.285104
0.389837 0.986816
0.39148 0.610213
0.391896 0.593753
0.392759 0.0993883
0.392762 0.154494
0.39354 0.229453
0.394874 0.641944
0.396138 0.891969
0.396397 0.243321
0.39645 0.137327
0.39738 0.763448
0.397851 0.681793
0.400391 0.369652
0.400895 0.837642
0.40152 0.345975
0.402128 0.56035
0.402705 0.266276
0.403221 0.94003
0.40391 0.515676
0.403948 0.149816
0.405405 0.635786
0.406372 0.889621
0.40645 0.202416
0.406839 0.742842
0.407183 0.517506
0.409208 0.55952
0.409392 0.656711
0.410003 0.927303
0.410065 0.963835
0.410387 0.379033
0.411327 0.169132
0.412102 0.197571
0.412227 0.304203
0.413272 0.864095
0.413819 0.0574332
0.414159 0.777194
0.414171 0.980367
0.414244 0.191341
0.414938 0.856341
0.415194 0.161
0.415802 0.391036
0.415873 0.577983
0.41611 0.566676
0.416556 0.0532323
0.417795 0.873762
0.418423 0.4318
0.419269 0.661845
0.419377 0.464642
0.419457 0.812687
0.420033 0.499791
0.420386 0.422177
0.420553 0.229777
0.420636 0.632082
0.421608 0.965566
0.421821 0.549449
0.421829 0.687216
0.422029 0.0495341
0.422765 0.402965
0.423652 0.323101
0.424315 0.46605
0.425283 0.723806
0.425617 0.351474
0.426055 0.714507
0.426212 0.339166
0.427077 0.881405
0.427655 0.596129
0.427777 0.654707
0.42805 0.228116
0.428934 0.0936547
0.430233 0.91891
0.430364 0.120475
0.430636 0.702384
0.431346 0.636462
0.431432 0.0690244
0.43328 0.132291
0.434084 0.651397
0.43678 0.964791
0.436862 0.345011
0.436966 0.0937112
0.437309 0.848832
0.437504 0.133144
0.437935 0.37389
0.438013 0.676096
0.438022 0.82853
0.438043 0.189498
0.438771 0.424117
0.439259 0.622794
0.439643 0.0763164
0.43994 0.0743923
0.440041 0.767111
0.441523 0.683351
0.442211 0.245685
0.442488 0.890705
0.442668 0.924723
0.443633 0.138377
0.444082 0.692937
0.444163 0.0548735
0.444394 0.933951
0.444838 0.393764
0.445124 0.196173
0.446494 0.21837
0.446918 0.347699
0.447219 0.404637
0.447344 0.502722
0.44738 0.121671
0.447684 0.222029
0.447948 0.666852
0.44848 0.606702
0.449816 0.0552802
0.450269 0.677687
0.450816 0.868896
0.451268 0.462439
0.451556 0.309489
0.452331 0.330275
0.45285 0.0423072
0.452949 0.708846
0.453643 0.378472
0.453766 0.450808
0.454551 0.630985
0.454871 0.0144083
0.455021 0.537027
0.455451 0.764718
0.455486 0.348315
0.45574 0.615705
0.456275 0.610145
0.457585 0.630018
0.458382 0.0328319
0.458407 0.446471
0.459525 0.232356
0.459902 0.568725
0.460663 0.359517
0.460963 0.39674
0.461148 0.512371
0.461406 0.851819
0.461766 0.903035
0.462396 0.487205
0.463378 0.994747
0.463722 0.779295
0.464333 0.0447837
0.464522 0.21757
0.465053 0.148428
0.465154 0.848136
0.46562 0.680617
0.467267 0.362305
0.468403 0.451297
0.469731 0.775898
0.470142 0.684571
0.470962 0.462957
0.471777 0.163658
0.471803 0.594734
0.471889 0.0348252
0.473561 0.144483
0.474692 0.15201
0.475153 0.901188
0.475305 0.446315
0.476772 0.107424
0.47712 0.95092
0.477178 0.927839
0.47937 0.765792
0.479504 0.0208583
0.479757 0.268847
0.481788 0.415758
0.483085 0.208275
0.483694 0.448352
0.484448 0.11184
0.486284 0.966941
0.486673 0.515913
0.486719 0.280988
0.48728 0.706957
0.487591 0.935152
0.487907 0.254336
0.488442 0.241356
0.488473 0.762984
0.48897 0.11397
0.489339 0.327802
0.489501 0.0459782
0.489753 0.27084
0.490281 0.146937
0.490786 0.636192
0.491332 0.814136
0.491935 0.955608
0.492409 0.910619
0.49288 0.837448
0.493592 0.801603
0.493914 0.208223
0.494511 0.246817
0.497552 0.355427
0.49873 0.148385
0.498903 0.0637859
0.499129 0.86586
0.499201 0.0710265
0.500794 0.84369
0.500816 0.222157
0.501072 0.510491
0.502266 0.58242
0.504696 0.422379
0.505181 0.574052
0.506751 0.963199
0.507744 0.659036
0.511412 0.296265
0.512369 0.393017
0.513099 0.662251
0.513165 0.770911
0.513472 0.925515
0.513821 0.792967
0.514503 0.246342
0.514667 0.00278936
0.515944 0.472813
0.516101 0.108492
0.517382 0.641346
0.519169 0.673512
0.519736 0.204762
0.519841 0.967096
0.520122 0.68689
0.520191 0.848628
0.520296 0.619696
0.52034 0.356298
0.520909 0.920349
0.521106 0.22202
0.521179 0.448655
0.52165 0.372814
0.522599 0.327807
0.523452 0.649562
0.523953 0.0830776
0.524154 0.453355
0.52488 0.650923
0.524926 0.425617
0.525103 0.406336
0.525951 0.657122
0.526814 0.156394
0.527174 0.216743
0.527231 0.172899
0.527321 0.680946
0.527456 0.955258
0.52936 0.957509
0.531471 0.432218
0.531598 0.572221
0.53208 0.661306
0.532794 0.666909
0.532864 0.840395
0.532898 0.418725
0.533714 0.137372
0.534471 0.854196
0.535308 0.915474
0.535416 0.729658
0.535505 0.234653
0.536981 0.0320891
0.537113 0.254692
0.537433 0.642341
0.538032 0.695813
0.538135 0.440319
0.538827 0.0668912
0.53987 0.595172
0.54089 0.740125
0.542717 0.451033
0.543646 0.060437
0.544697 0.728387
0.546158 0.269463
0.548465 0.0483557
0.549843 0.212303
0.550263 0.268495
0.551797 0.0445799
0.552159 0.13229
0.55283 0.418462
0.552996 0.200204
0.555226 0.687895
0.555332 0.456803
0.555693 0.538534
0.557117 0.464316
0.5584 0.0325216
0.558909 0.589631
0.559158 0.772418
0.560239 0.9321
0.560863 0.419309
0.561882 0.545863
0.562895 0.582037
0.563485 0.485744
0.563602 0.455805
0.564068 0.294994
0.564804 0.661221
0.56496 0.276136
0.565392 0.545166
0.566102 0.474471
0.566893 0.778336
0.567892 0.563808
0.568011 0.556777
0.568154 0.957516
0.568548 0.59038
0.568902 0.540784
0.569817 0.920147
0.571206 0.251642
0.571691 0.405451
0.572406 0.435606
0.573728 0.638608
0.573991 0.0699221
0.574277 0.87435
0.575102 0.740156
0.575762 0.825903
0.575989 0.648873
0.576991 0.49057
0.577386 0.130219
0.577416 0.628164
0.57885 0.726448
0.578883 0.28093
0.580438 0.414515
0.580989 0.679528
0.582288 0.517947
0.582566 0.181633
0.582635 0.353014
0.582897 0.757585
0.584443 0.731199
0.58451 0.853438
0.58474 0.731568
0.585122 0.141513
0.585476 0.0871514
0.587059 0.693488
0.587492 0.979283
0.58792 0.169595
0.5882 0.872335
0.588999 0.311902
0.589363 0.416282
0.589627 0.863773
0.589718 0.393851
0.589777 0.383895
0.589818 0.0650159
0.592143 0.153989
0.592193 0.989509
0.592532 0.687012
0.593102 0.260055
0.593124 0.641543
0.594052 0.225965
0.594115 0.297959
0.594705 0.208521
0.594946 0.257228
0.595469 0.0482907
0.595662 0.295021
0.596059 0.957593
0.59616 0.654256
0.598134 0.83375
0.598255 0.879743
0.598677 0.956612
0.599134 0.644306
0.600542 0.317695
0.600831 0.173676
0.60084 0.318518
0.601094 0.582066
0.601758 0.753942
0.603862 0.114167
0.603992 0.286094
0.606761 0.834826
0.6076 0.929554
0.608622 0.112559
0.609301 0.526903
0.609473 0.410169
0.609985 0.0206153
0.611889 0.0203774
0.61236 0.939927
0.61251 0.456426
0.613001 0.713637
0.613677 0.0709353
0.614032 0.0327816
0.61419 0.693958
0.614395 0.138571
0.61444 0.886904
0.616016 0.374406
0.616277 0.772309
0.617024 0.316335
0.618372 0.978323
0.618504 0.198719
0.618711 0.683465
0.619108 0.344558
0.61936 0.579195
0.620651 0.283877
0.620684 0.832873
0.621376 0.471561
0.62208 0.30115
0.622517 0.645728
0.62259 0.874053
0.622616 0.308087
0.622759 0.718766
0.623092 0.307146
0.623415 0.730945
0.623452 0.355559
0.62428 0.271494
0.625169 0.215883
0.626285 0.97076
0.626434 0.475965
0.62683 0.13878
0.627736 0.356998
0.628018 0.0930943
0.628474 0.754163
0.628493 0.0821895
0.628776 0.83591
0.629941 0.418621
0.631205 0.666783
0.631464 0.0179237
0.631816 0.935723
0.631825 0.0848391
0.631978 0.65354
0.632754 0.693069
0.632943 0.870497
0.633234 0.769154
0.633289 0.679878
0.633796 0.203482
0.634293 0.562217
0.634443 0.0798738
0.634507 0.157534
0.636221 0.962149
0.63641 0.138865
0.637705 0.904663
0.638011 0.0434959
0.638305 0.99333
0.639877 0.413838
0.640292 0.383235
0.640674 0.811299
0.64189 0.241754
0.641903 0.456697
0.64366 0.996984
0.644901 0.847793
0.645224 0.283629
0.646177 0.292796
0.646678 0.713234
0.647806 0.677168
0.64879 0.217237
0.648935 0.644327
0.649248 0.913407
0.64943 0.963085
0.650081 0.907292
0.651094 0.930138
0.6515 0.759318
0.65167 0.609533
0.651681 0.799111
0.651981 0.847158
0.652109 0.992797
0.653419 0.0060647
0.653705 0.828118
0.653917 0.387871
0.653978 0.405558
0.654371 0.0179553
0.655448 0.114204
0.65554 0.666415
0.655707 0.460069
0.65583 0.540608
0.656006 0.497034
0.656329 0.918094
0.656481 0.47781
0.656738 0.798013
0.657463 0.979303
0.658621 0.450268
0.658775 0.0363748
0.660068 0.758729
0.660301 0.679583
0.661404 0.221207
0.661663 0.577168
0.661705 0.276689
0.66173 0.694445
0.662579 0.959318
0.664575 0.506846
0.664991 0.501139
0.665345 0.457077
0.665654 0.645686
0.666263 0.876222
0.66641 0.34937
0.666919 0.906761
0.667154 0.856033
0.667194 0.53764
0.66806 0.0777737
0.669944 0.748085
0.670114 0.60892
0.670991 0.341966
0.671375 0.803206
0.671464 0.294051
0.672432 0.572421
0.673373 0.379903
0.674885 0.785902
0.676434 0.823904
0.67675 0.136999
0.677587 0.206204
0.67817 0.00540575
0.678431 0.395075
0.67867 0.413321
0.67872 0.244818
0.678737 0.533533
0.678911 0.454553
0.679937 0.702
0.680043 0.487978
0.680159 0.437237
0.680754 0.434571
0.681519 0.282871
0.684101 0.682381
0.684201 0.359783
0.684216 0.612317
0.685157 0.439583
0.68577 0.731963
0.686919 0.0492506
0.687208 0.904112
0.687584 0.218638
0.689368 0.199846
0.68955 0.260129
0.690575 0.489067
0.69063 0.420655
0.690812 0.485594
0.691475 0.618636
0.692369 0.639638
0.693976 0.660553
0.6941 0.733532
0.695381 0.269845
0.69582 0.650487
0.696036 0.273963
0.69684 0.789437
0.700129 0.0743149
0.700167 0.705308
0.700923 0.412201
0.700964 0.104005
0.701232 0.60135
0.701931 0.359265
0.70318 0.340751
0.703304 0.435674
0.7037 0.0851769
0.703901 0.466748
0.704515 0.787365
0.704859 0.568039
0.7057 0.702829
0.706246 0.884937
0.707703 0.359418
0.707871 0.192564
0.70798 0.0154819
0.708912 0.683184
0.708936 0.0838867
0.711317 0.10815
0.711515 0.424527
0.711878 0.529964
0.712422 0.672971
0.712458 0.280509
0.713056 0.337151
0.713269 0.90578
0.714208 0.700598
0.714367 0.372552
0.714595 0.194653
0.714935 0.907895
0.715267 0.48423
0.716689 0.389327
0.718079 0.754694
0.718096 0.0316067
0.71814 0.771269
0.718389 0.959104
0.719596 0.244271
0.719641 0.00215303
0.72001 0.202351
0.720087 0.497968
0.72081 0.648594
0.721087 0.30389
0.721603 0.975797
0.722309 0.850919
0.722858 0.0807602
0.723838 0.540452
0.7255 0.480465
0.725835 0.116382
0.726562 0.333658
0.727902 0.854043
0.728346 0.3056
0.729012 0.510112
0.730385 0.581544
0.730566 0.623896
0.730635 0.782066
0.730691 0.725003
0.730952 0.116214
0.731491 0.16507
0.732085 0.146438
0.732167 0.536722
0.733751 0.145344
0.73412 0.348705
0.734377 0.67999
0.734448 0.867563
0.734634 0.00143674
0.735227 0.964694
0.73601 0.12673
0.737018 0.0547284
0.737184 0.849611
0.738611 0.827407
0.738961 0.719708
0.739465 0.19407
0.741992 0.662845
0.742291 0.680737
0.742617 0.169597
0.743457 0.27633
0.743887 0.505086
0.743945 0.48303
0.745431 0.465583
0.747966 0.0721261
0.749388 0.959121
0.750249 0.431158
0.750605 0.413736
0.750712 0.219318
0.751957 0.147366
0.752371 0.0934726
0.752998 0.64071
0.754085 0.906486
0.754173 0.388315
0.754817 0.205109
0.75484 0.588452
0.754904 0.668436
0.75511 0.137975
0.755124 0.361715
0.755548 0.503246
0.755591 0.21352
0.755892 0.279114
0.756738 0.498806
0.756963 0.276234
0.757038 0.539301
0.758126 0.816557
0.760611 0.584692
0.760696 0.0208625
0.762302 0.00619937
0.763112 0.620967
0.76384 0.854169
0.765025 0.783236
0.765426 0.506541
0.7666 0.247313
0.768694 0.442942
0.768861 0.242215
0.770496 0.734301
0.77068 0.811074
0.771509 0.753939
0.772071 0.191507
0.77238 0.398782
0.773417 0.819356
0.773527 0.671427
0.773708 0.717826
0.774357 0.622345
0.774565 0.112718
0.774797 0.00550724
0.775497 0.783989
0.776285 0.0249071
0.776666 0.422948
0.777489 0.254358
0.777579 0.766921
0.779364 0.766075
0.779386 0.136591
0.779486 0.825897
0.779822 0.474196
0.780261 0.852623
0.780437 0.803368
0.780527 0.315305
0.780665 0.637435
0.786189 0.486029
0.787014 0.337364
0.787334 0.728019
0.78802 0.259227
0.788099 0.576303
0.790186 0.657854
0.793085 0.377707
0.793407 0.790957
0.794718 0.829089
0.795089 0.0681296
0.795116 0.519907
0.795128 0.721358
0.797883 0.0121638
0.798084 0.394971
0.798718 0.0544938
0.799489 0.0187649
0.799638 0.515956
0.800501 0.0199555
0.802013 0.439964
0.802241 0.266503
0.802378 0.559449
0.802468 0.087524
0.802479 0.261614
0.802973 0.561103
0.803631 0.622588
0.803864 0.538582
0.803874 0.716241
0.804452 0.416955
0.804919 0.279513
0.805087 0.101522
0.805208 0.127245
0.805373 0.899337
0.805863 0.142484
0.805875 0.348051
0.807151 0.784782
0.807526 0.0809237
0.807968 0.515544
0.808515 0.705314
0.809319 0.232856
0.809365 0.00059199
0.809521 0.618074
0.809882 0.680959
0.811507 0.000677496
0.811615 0.818688
0.813104 0.837478
0.813123 0.164855
0.813529 0.985379
0.813727 0.31769
0.814069 0.0514843
0.814339 0.588916
0.815668 0.924771
0.815769 0.627429
0.81698 0.984974
0.817836 0.370811
0.81866 0.216143
0.819419 0.978142
0.82104 0.225357
0.821498 0.914741
0.822832 0.330105
0.823142 0.545276
0.823271 0.719324
0.823658 0.21165
0.825056 0.713383
0.825059 0.767354
0.825329 0.304261
0.825506 0.271809
0.825685 0.283975
0.826193 0.821934
0.826784 0.753134
0.827026 0.821359
0.827079 0.715945
0.827939 0.166655
0.828159 0.864653
0.829334 0.61945
0.830195 0.084772
0.830279 0.502268
0.830664 0.975451
0.831578 0.337377
0.831959 0.735222
0.832119 0.424058
0.832267 0.904391
0.833385 0.694916
0.83366 0.321177
0.833995 0.957321
0.835394 0.473142
0.837293 0.377556
0.838076 0.535827
0.839127 0.202016
0.839703 0.890294
0.840055 0.804071
0.840127 0.013308
0.840552 0.151825
0.841838 0.76875
0.843783 0.469317
0.844073 0.335417
0.844358 0.131212
0.845326 0.386973
0.845441 0.324171
0.845464 0.717947
0.84722 0.229871
0.84744 0.925052
0.847643 0.332716
0.847743 0.011785
0.849054 0.0540027
0.849242 0.203068
0.849362 0.229072
0.850101 0.643024
0.850349 0.815504
0.851122 0.807895
0.851467 0.600387
0.852007 0.674436
0.852641 0.335735
0.85364 0.123994
0.853831 0.337071
0.854452 0.768932
0.854521 0.928863
0.854938 0.939051
0.855528 0.865846
0.85557 0.558816
0.856047 0.58828
0.856067 0.915602
0.856079 0.116223
0.857283 0.350949
0.857784 0.778829
0.858134 0.662482
0.858272 0.983674
0.858346 0.218393
0.858597 0.447606
0.862137 0.931002
0.86275 0.243293
0.864121 0.284218
0.864293 0.173862
0.864821 0.0503969
0.865378 0.41518
0.865759 0.805888
0.865795 0.419937
0.867095 0.269305
0.867828 0.590632
0.869456 0.941186
0.870172 0.973697
0.872431 0.943844
0.873196 0.806678
0.873388 0.0292243
0.873717 0.555048
0.875907 0.366164
0.875958 0.220796
0.876853 0.260839
0.877166 0.528823
0.8772 0.0977692
0.878087 0.00689305
0.878918 0.976297
0.879212 0.909336
0.879356 0.342249
0.879651 0.302382
0.879816 0.0754059
0.879956 0.425258
0.880437 0.50229
0.880563 0.621483
0.880828 0.0832098
0.881891 0.948706
0.882828 0.690031
0.88348 0.643191
0.884131 0.593268
0.885552 0.472084
0.8862 0.359182
0.886742 0.465953
0.888585 0.447943
0.889032 0.966062
0.889295 0.373122
0.88937 0.636721
0.889787 0.642785
0.889893 0.430711
0.890021 0.57991
0.8903 0.275662
0.890442 0.652209
0.890514 0.860741
0.89073 0.505959
0.891202 0.434376
0.89243 0.0778652
0.894178 0.443561
0.89441 0.351776
0.894986 0.0345442
0.895421 0.333737
0.896725 0.248745
0.898033 0.248489
0.898866 0.237341
0.898984 0.228456
0.899798 0.905842
0.900166 0.0909748
0.902087 0.370498
0.904057 0.486496
0.905019 0.646524
0.905496 0.669218
0.906746 0.680406
0.907001 0.971416
0.907483 0.0680299
0.907517 0.639582
0.907815 0.642581
0.908252 0.988904
0.910334 0.988044
0.910791 0.670736
0.911226 0.972152
0.911408 0.0317692
0.911815 0.875694
0.912956 0.0459397
0.913693 0.436968
0.915421 0.478879
0.915833 0.400646
0.916382 0.639948
0.917061 0.0379988
0.917913 0.359073
0.918295 0.783935
0.919105 0.402694
0.919169 0.47432
0.919317 0.967511
0.919981 0.127444
0.920113 0.337814
0.920137 0.743322
0.920569 0.997834
0.920848 0.697311
0.920923 0.9577
0.920957 0.523594
0.92141 0.145288
0.921428 0.436225
0.923024 0.27218
0.92345 0.432471
0.924697 0.377408
0.924924 0.193256
0.925741 0.926077
0.925945 0.363105
0.926351 0.174527
0.926818 0.0333681
0.927375 0.386075
0.928545 0.0484034
0.928749 0.486441
0.929293 0.626819
0.929412 0.632882
0.929572 0.323971
0.929702 0.500539
0.929837 0.776752
0.930389 0.0462024
0.930526 0.35488
0.930982 0.0178499
0.931196 0.610936
0.931281 0.0380197
0.932682 0.591251
0.934575 0.395612
0.934973 0.0884961
0.935013 0.765117
0.93532 0.926842
0.935536 0.555578
0.937689 0.733243
0.937995 0.880607
0.938339 0.667151
0.941819 0.155142
0.942562 0.634155
0.943061 0.0313484
0.94376 0.776537
0.944443 0.25696
0.945121 0.642989
0.945656 0.642351
0.94568 0.0480152
0.947141 0.603249
0.948257 0.347466
0.948596 0.060097
0.949076 0.116468
0.949463 0.62022
0.949577 0.543151
0.950155 0.24842
0.950413 0.591953
0.951256 0.766502
0.951403 0.227347
0.95143 0.678295
0.952567 0.787729
0.952831 0.236832
0.953014 0.301091
0.95343 0.303844
0.953567 0.601173
0.953683 0.544054
0.954006 0.983662
0.954097 0.504717
0.95438 0.264793
0.95469 0.477781
0.955311 0.920067
0.955324 0.124508
0.955467 0.531867
0.956424 0.609836
0.956432 0.757222
0.956452 0.0883559
0.956566 0.00858693
0.956837 0.565146
0.959897 0.983312
0.960033 0.271766
0.960665 0.894325
0.961699 0.271377
0.963329 0.679275
0.964395 0.581046
0.964448 0.483051
0.964847 0.179801
0.965193 0.00446661
0.965316 0.0588416
0.96613 0.750159
0.967689 0.947748
0.968179 0.186653
0.968538 0.222506
0.968643 0.97951
0.969362 0.0675721
0.971242 0.667109
0.972009 0.559996
0.97259 0.32023
0.97319 0.410674
0.973595 0.209527
0.974366 0.167686
0.974552 0.303555
0.974624 0.50243
0.974638 0.74914
0.978247 0.400293
0.978753 0.903182
0.979028 0.519871
0.979354 0.997602
0.981757 0.384829
0.982312 0.7112
0.983826 0.158115
0.984764 0.931724
0.985001 0.907903
0.985517 0.589789
0.986035 0.282733
0.986436 0.0228097
0.986621 0.140248
0.987408 0.360794
0.988278 0.983793
0.988649 0.229471
0.988871 0.956106
0.989252 0.351244
0.989516 0.79551
0.990172 0.821722
0.990601 0.0236565
0.991107 0.532642
0.991697 0.444057
0.992078 0.861062
0.992354 0.492817
0.993284 0.118938
0.993906 0.570397
0.994294 0.0972051
0.994805 0.684767
0.995706 0.823094
0.996109 0.612469
0.996605 0.935703
0.998109 0.223399
0.999432 0.445623
0.99994 0.997567
