0.00117209 0.699371
0.00297872 0.0634371
0.00318755 0.573172
0.00458092 0.991485
0.00470884 0.141561
0.00724158 0.709207
0.00730423 0.762151
0.00754583 0.82269
0.00955124 0.527756
0.0108503 0.361103
0.0112295 0.733716
0.0114061 0.702423
0.0130216 0.853945
0.0132744 0.103585
0.0152729 0.692006
0.0152742 0.713724
0.0166098 0.160737
0.0186382 0.251917
0.0195734 0.970068
0.0228428 0.919367
0.0243963 0.0289796
0.0251582 0.833695
0.0254849 0.32538
0.0255377 0.212405
0.0260075 0.107247
0.0275253 0.617657
0.0282344 0.535277
0.0302455 0.33584
0.0323523 0.745676
0.0324426 0.262763
0.0328084 0.411033
0.0332828 0.383497
0.034153 0.00883709
0.034282 0.177618
0.034715 0.454733
0.0348965 0.506187
0.0350272 0.702462
0.0376675 0.0779208
0.0383924 0.261316
0.0399666 0.718255
0.0403851 0.752228
0.040572 0.893295
0.0429022 0.0574247
0.0435974 0.741364
0.0440182 0.813358
0.0442103 0.0431595
0.0444592 0.226596
0.045205 0.760644
0.0481242 0.823793
0.0497077 0.436837
0.0506038 0.497378
0.0510135 0.383933
0.0523112 0.193833
0.0547417 0.0431371
0.0554536 0.00874781
0.0558415 0.527495
0.0564485 0.730576
0.0567117 0.15271
0.057261 0.3859
0.0578021 0.480102
0.0582096 0.328973
0.0584108 0.710928
0.0592293 0.466992
0.0592998 0.651646
0.0600824 0.8053
0.0603478 0.264734
0.0604132 0.363877
0.0613321 0.807839
0.0620937 0.608203
0.0629999 0.839632
0.0640084 0.788418
0.0644454 0.133042
0.0652496 0.649973
0.0656738 0.778895
0.0660739 0.50364
0.0662449 0.377616
0.0664886 0.474039
0.066783 0.421072
0.0669003 0.393974
0.0697082 0.58504
0.0697265 0.892734
0.0699303 0.317866
0.0701855 0.608469
0.0729848 0.655679
0.0737759 0.951467
0.0742349 0.666256
0.0743618 0.798832
0.0754413 0.94257
0.075449 0.0712124
0.0757382 0.931904
0.0759453 0.412424
0.0766932 0.983177
0.0769225 0.836936
0.0771826 0.208386
0.0772929 0.0626564
0.0796192 0.159957
0.0797625 0.567857
0.0816064 0.55909
0.0822938 0.112525
0.0851088 0.423631
0.0855021 0.0340175
0.0862733 0.995518
0.0874579 0.904526
0.0882977 0.0194062
0.0895978 0.870754
0.0898991 0.934165
0.0907249 0.813331
0.0910437 0.171811
0.093503 0.504284
0.0935132 0.677043
0.0990255 0.321039
0.0992807 0.609952
0.0994136 0.845234
0.0997278 0.12531
0.101695 0.188073
0.102447 0.823863
0.102935 0.0352193
0.103701 0.897787
0.10432 0.311233
0.105773 0.730961
0.106159 0.207046
0.108894 0.17867
0.109491 0.217921
0.110865 0.315329
0.111457 0.26428
0.112038 0.0304388
0.112473 0.334625
0.11273 0.654421
0.11298 0.858926
0.11337 0.402327
0.114458 0.697607
0.114691 0.616192
0.114773 0.991598
0.114834 0.00736722
0.114918 0.4328
0.114952 0.999194
0.114983 0.522402
0.115313 0.0654283
0.116043 0.33532
0.116178 0.611338
0.116614 0.925378
0.117307 0.581229
0.117822 0.231214
0.118065 0.310263
0.118208 0.727437
0.11935 0.915816
0.119718 0.106865
0.120698 0.562934
0.123712 0.225565
0.123875 0.961664
0.124613 0.363423
0.12521 0.402901
0.127519 0.218687
0.127777 0.539931
0.128587 0.160662
0.1319 0.839543
0.132744 0.0232877
0.135065 0.0382393
0.135367 0.121568
0.135411 0.848598
0.13665 0.678684
0.137346 0.378566
0.137486 0.729709
0.138994 0.0680098
0.139223 0.914733
0.139667 0.382232
0.140155 0.59005
0.14049 0.207036
0.141367 0.953622
0.145625 0.523358
0.146345 0.620186
0.148019 0.75286
0.149444 0.708907
0.150119 0.0503022
0.150826 0.934245
0.151941 0.666057
0.152759 0.427232
0.153497 0.827262
0.154611 0.543249
0.15773 0.973662
0.159916 0.710443
0.160567 0.648405
0.1612 0.291344
0.162401 0.478438
0.164945 0.235341
0.166055 0.882261
0.167242 0.831856
0.167759 0.527844
0.168697 0.2858
0.168858 0.00339757
0.168919 0.0240657
0.169566 0.891676
0.169965 0.608681
0.17053 0.100032
0.170611 0.466571
0.171707 0.871601
0.174334 0.0353798
0.175883 0.0707833
0.176423 0.145779
0.179221 0.159977
0.179407 0.286087
0.180466 0.0844325
0.18091 0.547322
0.18229 0.74
0.182423 0.977614
0.183512 0.29365
0.183585 0.514697
0.185468 0.161357
0.187232 0.809608
0.187445 0.392371
0.187834 0.923226
0.190572 0.946347
0.192022 0.314592
0.193233 0.66291
0.193655 0.766788
0.193692 0.381401
0.194006 0.661578
0.195947 0.282315
0.196515 0.833616
0.196544 0.309421
0.198652 0.742337
0.199792 0.90845
0.199806 0.139023
0.202131 0.215161
0.204151 0.166264
0.204472 0.554586
0.207467 0.8978
0.207821 0.851945
0.207993 0.733145
0.208805 0.377739
0.209013 0.883952
0.210736 0.84
0.211269 0.795793
0.212052 0.95973
0.214193 0.934599
0.214445 0.173463
0.21589 0.471224
0.216518 0.0121853
0.216627 0.843916
0.216693 0.963329
0.216837 0.376066
0.21725 0.324911
0.217967 0.375649
0.218293 0.84798
0.221909 0.620723
0.222402 0.905131
0.223306 0.109606
0.224611 0.0442112
0.22663 0.969315
0.227372 0.438725
0.227692 0.820668
0.23103 0.913853
0.231094 0.991873
0.232123 0.289488
0.232163 0.964512
0.232192 0.457268
0.232214 0.817657
0.232342 0.978885
0.234309 0.0348861
0.234468 0.707536
0.234493 0.121011
0.235594 0.621507
0.236218 0.119478
0.236343 0.224098
0.236712 0.415477
0.238844 0.246035
0.240573 0.307395
0.243974 0.466022
0.245059 0.704233
0.245336 0.357722
0.245529 0.602683
0.246415 0.493932
0.247553 0.61639
0.247863 0.835263
0.248746 0.681612
0.251406 0.378366
0.253162 0.886627
0.253816 0.891356
0.254352 0.899734
0.254583 0.772667
0.254584 0.797805
0.255109 0.622045
0.25612 0.600727
0.256706 0.450009
0.256959 0.703218
0.258887 0.10603
0.260246 0.947117
0.261506 0.12312
0.263452 0.838008
0.263642 0.0261269
0.264013 0.267382
0.26481 0.662323
0.265359 0.881027
0.265363 0.951668
0.266788 0.909413
0.27042 0.947822
0.27127 0.226892
0.271498 0.0734039
0.272396 0.156743
0.272684 0.994652
0.27342 0.363712
0.275144 0.343325
0.275338 0.602601
0.276154 0.319988
0.276951 0.709927
0.280223 0.705363
0.282485 0.718641
0.282607 0.780615
0.282628 0.127503
0.285288 0.83833
0.28569 0.586194
0.286177 0.776075
0.286988 0.403028
0.287115 0.53994
0.28786 0.0548757
0.290859 0.471994
0.291434 0.137044
0.29182 0.611079
0.292563 0.100368
0.292896 0.702827
0.294455 0.897975
0.294568 0.811146
0.295574 0.711674
0.297199 0.0216724
0.297886 0.566851
0.299044 0.0359067
0.299844 0.483065
0.301372 0.158894
0.301776 0.944591
0.303042 0.220481
0.303047 0.306149
0.30305 0.365614
0.303169 0.3627
0.304144 0.752275
0.304718 0.387921
0.307507 0.267528
0.308927 0.129964
0.309381 0.764172
0.310793 0.500736
0.313208 0.0851646
0.313271 0.137561
0.313324 0.0357854
0.319135 0.698793
0.319834 0.444045
0.320112 0.117788
0.320139 0.584162
0.320788 0.489495
0.321184 0.131836
0.322576 0.532735
0.322706 0.727969
0.322986 0.425442
0.323791 0.953126
0.326858 0.5029
0.327783 0.0516964
0.328367 0.866386
0.329026 0.947993
0.330344 0.094129
0.330904 0.498302
0.332243 0.00949151
0.332998 0.693367
0.333524 0.535435
0.335411 0.246592
0.337988 0.570155
0.340385 0.854255
0.342062 0.0296848
0.343566 0.316418
0.343798 0.206295
0.344251 0.83105
0.344638 0.324886
0.345439 0.797135
0.345869 0.0202008
0.348097 0.469871
0.348518 0.542279
0.350389 0.992614
0.351138 0.572861
0.352262 0.474263
0.353773 0.863584
0.355115 0.420025
0.355198 0.808674
0.355639 0.218062
0.35588 0.269961
0.356038 0.937477
0.356617 0.654494
0.356826 0.179851
0.358827 0.805713
0.359156 0.336373
0.359668 0.941419
0.362146 0.580067
0.362216 0.770638
0.362463 0.913855
0.362933 0.8205
0.363306 0.08165
0.364387 0.245049
0.365326 0.0352965
0.365757 0.270438
0.36972 0.877568
0.371937 0.148585
0.373095 0.611513
0.374491 0.0636202
0.374613 0.127379
0.374818 0.559923
0.374911 0.133242
0.376388 0.949141
0.37782 0.0224969
0.377973 0.597161
0.378152 0.598824
0.37817 0.903395
0.379729 0.100836
0.379903 0.0262856
0.381733 0.794185
0.381807 0.0268069
0.381914 0.835043
0.382287 0.0963258
0.382916 0.668968
0.383592 0.0382564
0.383862 0.570624
0.384367 0.0482804
0.384798 0.301345
0.38563 0.277902
0.386533 0.455916
0.38687 0.118341
0.38688 0.284887
0.388376 0.438149
0.390866 0.276956
0.393427 0.335879
0.394852 0.270998
0.39535 0.646723
0.39563 0.36136
0.396105 0.330372
0.39632 0.945075
0.397738 0.786449
0.397799 0.805592
0.399124 0.0810272
0.399164 0.746699
0.40101 0.771679
0.401142 0.994704
0.401334 0.228341
0.403843 0.38875
0.404611 0.30078
0.405109 0.665337
0.405152 0.384369
0.40584 0.96108
0.406052 0.514987
0.407241 0.495285
0.407546 0.62997
0.411141 0.0393198
0.411416 0.663248
0.412455 0.124684
0.412649 0.383663
0.413187 0.438928
0.413382 0.709858
0.413683 0.765669
0.417692 0.152336
0.41814 0.680419
0.418198 0.653103
0.418782 0.475651
0.419385 0.601439
0.420053 0.837162
0.42085 0.224049
0.421342 0.501742
0.422487 0.742346
0.423563 0.815233
0.423951 0.338762
0.423991 0.0178329
0.424154 0.755019
0.427062 0.637904
0.429006 0.298493
0.429352 0.118502
0.429419 0.237211
0.432529 0.509007
0.43284 0.74304
0.43317 0.288899
0.435899 0.156025
0.437328 0.170394
0.4379 0.777137
0.438906 0.698287
0.439354 0.225901
0.439853 0.61238
0.440378 0.430843
0.440718 0.151496
0.444051 0.169548
0.444975 0.696994
0.44592 0.574326
0.447532 0.665562
0.447923 0.244509
0.44847 0.431047
0.449095 0.947793
0.449337 0.99909
0.451004 0.0254354
0.45106 0.965007
0.454242 0.452293
0.454921 0.849114
0.456343 0.759423
0.457661 0.910185
0.458189 0.778674
0.458238 0.60085
0.461576 0.702073
0.462948 0.76445
0.463723 0.784445
0.467317 0.202803
0.468218 0.333749
0.468563 0.133793
0.468942 0.51464
0.470508 0.827989
0.472038 0.547708
0.47212 0.919365
0.47269 0.495883
0.472698 0.634864
0.474036 0.122574
0.474056 0.461002
0.474906 0.749111
0.475929 0.935951
0.477222 0.66322
0.477578 0.652764
0.478399 0.445933
0.47875 0.354576
0.47972 0.652004
0.479966 0.791128
0.479991 0.209056
0.480421 0.431785
0.481077 0.468798
0.484415 0.564315
0.485153 0.966387
0.485186 0.515625
0.48524 0.432477
0.485949 0.336971
0.486231 0.0906298
0.486937 0.956705
0.487682 0.465536
0.488734 0.157936
0.49001 0.590307
0.49067 0.688412
0.490789 0.692009
0.490807 0.995446
0.49115 0.759856
0.491656 0.27014
0.492122 0.0893252
0.492122 0.0933714
0.492168 0.868409
0.494094 0.23511
0.494654 0.642602
0.494865 0.194224
0.494992 0.33267
0.496117 0.239902
0.496637 0.984469
0.49873 0.155397
0.499012 0.890327
0.499213 0.268016
0.501218 0.970718
0.502163 0.850781
0.504598 0.787459
0.504735 0.082745
0.508736 0.323787
0.508913 0.29805
0.510781 0.694962
0.511032 0.920083
0.511734 0.720252
0.51273 0.447621
0.512801 0.649916
0.514003 0.848804
0.514351 0.702342
0.514364 0.919633
0.514676 0.161375
0.514963 0.984813
0.51501 0.780873
0.515352 0.527423
0.515443 0.0570794
0.516458 0.116451
0.517015 0.467389
0.519985 0.381844
0.523797 0.45197
0.524355 0.830065
0.525062 0.709422
0.525064 0.742167
0.526054 0.391594
0.52738 0.683903
0.528286 0.897003
0.53047 0.601172
0.532186 0.456346
0.532468 0.190767
0.532801 0.783123
0.533426 0.292246
0.535383 0.186578
0.535617 0.117685
0.536294 0.498087
0.537293 0.275428
0.538687 0.712985
0.540237 0.75742
0.543291 0.0990368
0.543908 0.46752
0.544304 0.12074
0.544952 0.00682082
0.545283 0.574821
0.545526 0.659599
0.547345 0.233161
0.54812 0.248805
0.549845 0.241778
0.552202 0.855752
0.552367 0.639458
0.554145 0.509673
0.554888 0.00618548
0.554916 0.478061
0.555144 0.301673
0.556566 0.199069
0.558295 0.268247
0.559467 0.966138
0.559845 0.309113
0.55997 0.421113
0.560015 0.175098
0.561741 0.186142
0.562645 0.37959
0.564231 0.0224213
0.565589 0.862365
0.567932 0.235765
0.568791 0.676598
0.569059 0.180063
0.571253 0.0513483
0.571342 0.544831
0.57254 0.683292
0.575116 0.970197
0.575123 0.0908248
0.576195 0.110077
0.576298 0.842875
0.577487 0.822656
0.578051 0.297854
0.578493 0.739408
0.578601 0.550414
0.578949 0.401956
0.579321 0.646044
0.57941 0.147126
0.581657 0.913897
0.585191 0.313802
0.585218 0.75391
0.586502 0.337956
0.586534 0.870564
0.586823 0.734637
0.588572 0.124281
0.590515 0.791187
0.59216 0.435926
0.592698 0.483444
0.593311 0.781756
0.595021 0.51073
0.59508 0.510181
0.59902 0.730891
0.600225 0.980362
0.601 0.00813602
0.601473 0.953623
0.601692 0.643677
0.602658 0.878346
0.602852 0.13428
0.603176 0.571704
0.603254 0.895637
0.604143 0.837991
0.604967 0.685421
0.605204 0.666617
0.605882 0.0594939
0.606552 0.320246
0.606961 0.19244
0.608341 0.382434
0.608557 0.0126172
0.610116 0.212007
0.610434 0.569548
0.610636 0.953482
0.610707 0.147512
0.611554 0.393014
0.611802 0.554624
0.614293 0.429401
0.614958 0.597536
0.61591 0.604261
0.616302 0.182066
0.617121 0.957807
0.617876 0.649712
0.617995 0.643699
0.618315 0.024868
0.619489 0.747553
0.620056 0.282035
0.621275 0.775665
0.622424 0.0824337
0.622667 0.167994
0.623228 0.598777
0.624529 0.466146
0.625914 0.736853
0.62657 0.764035
0.628949 0.740871
0.629705 0.449063
0.630714 0.412194
0.631422 0.313691
0.632026 0.462434
0.636376 0.573965
0.636877 0.986639
0.637487 0.247917
0.63765 0.989118
0.637977 0.481758
0.638365 0.99966
0.643828 0.821614
0.646247 0.468716
0.64634 0.0332072
0.648181 0.985981
0.648718 0.00240454
0.648915 0.318414
0.649162 0.468088
0.650877 0.284795
0.651034 0.921773
0.652483 0.284658
0.65314 0.332548
0.653725 0.161451
0.654553 0.075303
0.654793 0.0979707
0.654968 0.0514233
0.657414 0.153613
0.65902 0.143458
0.659885 0.68248
0.660735 0.981374
0.660898 0.711596
0.661618 0.820984
0.661833 0.427462
0.661991 0.0809607
0.662931 0.877274
0.663348 0.885138
0.666143 0.861832
0.667242 0.337894
0.667785 0.470335
0.668206 0.533626
0.669934 0.581908
0.671285 0.281078
0.67201 0.469052
0.67335 0.999886
0.673761 0.893359
0.673761 0.903197
0.674923 0.434481
0.676939 0.320852
0.678274 0.746742
0.678329 0.680459
0.679903 0.136624
0.680212 0.316326
0.680521 0.510296
0.682367 0.537679
0.683045 0.936167
0.684794 0.33021
0.686473 0.552544
0.687353 0.345579
0.688421 0.287648
0.688632 0.834958
0.690783 0.984895
0.69116 0.332244
0.691974 0.0150467
0.692028 0.906572
0.6924 0.165124
0.694476 0.0651504
0.696547 0.861548
0.698566 0.7926
0.699109 0.919289
0.699292 0.00303513
0.699325 0.548658
0.699714 0.0964649
0.699885 0.964618
0.700496 0.23391
0.70121 0.233206
0.704295 0.0855863
0.70575 0.534099
0.706788 0.98227
0.708425 0.505325
0.708738 0.753234
0.70913 0.35502
0.710141 0.333545
0.710615 0.297838
0.712179 0.585
0.714357 0.194048
0.716289 0.672017
0.716626 0.329206
0.717314 0.904845
0.719503 0.683067
0.721482 0.940268
0.722307 0.811342
0.722882 0.482863
0.727301 0.747148
0.731078 0.228191
0.731834 0.935374
0.731857 0.315594
0.732027 0.180367
0.732589 0.615062
0.732809 0.312568
0.733576 0.21955
0.737293 0.679479
0.738121 0.606652
0.739357 0.379111
0.739446 0.86105
0.74022 0.876725
0.740649 0.0846307
0.741516 0.659663
0.742024 0.194326
0.742105 0.551379
0.743262 0.996385
0.744323 0.844428
0.746848 0.276999
0.747701 0.603347
0.748609 0.871381
0.748881 0.449729
0.750678 0.644127
0.751682 0.516926
0.753735 0.0215101
0.754074 0.720657
0.754876 0.198056
0.755182 0.336067
0.755304 0.398175
0.756638 0.822507
0.756948 0.0227301
0.757484 0.0364379
0.757809 0.499776
0.759089 0.00755421
0.761399 0.83436
0.761644 0.945685
0.763384 0.200575
0.763606 0.918812
0.764255 0.832387
0.765005 0.447148
0.765266 0.829813
0.765375 0.66195
0.766193 0.412138
0.767138 0.283028
0.767183 0.0376079
0.768858 0.201306
0.769016 0.859697
0.7691 0.257189
0.770074 0.642296
0.770095 0.988401
0.771035 0.787736
0.771144 0.613479
0.771856 0.580584
0.773208 0.307696
0.773314 0.092366
0.773716 0.847172
0.776792 0.545201
0.777992 0.716979
0.778865 0.386014
0.780456 0.124405
0.780628 0.0153721
0.780798 0.867708
0.782478 0.106477
0.782829 0.0128031
0.783811 0.51194
0.785783 0.663282
0.785817 0.225473
0.786315 0.598178
0.787074 0.3593
0.789137 0.0236827
0.793021 0.304517
0.794081 0.115987
0.794454 0.39574
0.797009 0.323
0.797935 0.892114
0.798811 0.611808
0.799012 0.996932
0.799217 0.437287
0.80033 0.144673
0.800443 0.0516067
0.802643 0.028517
0.804382 0.252391
0.80502 0.974415
0.806323 0.865498
0.807592 0.195015
0.80958 0.612532
0.810044 0.410945
0.810115 0.599959
0.810159 0.348966
0.810566 0.189619
0.811957 0.569739
0.812677 0.660548
0.813224 0.849833
0.813417 0.0923525
0.817738 0.72948
0.818121 0.158678
0.819374 0.217528
0.819581 0.696796
0.820902 0.899297
0.822023 0.741986
0.822228 0.192468
0.822645 0.199792
0.822855 0.720953
0.823525 0.977722
0.825478 0.814929
0.82772 0.491658
0.828036 0.801309
0.828139 0.533762
0.83021 0.346329
0.835508 0.389452
0.836451 0.224318
0.836645 0.498198
0.837116 0.407198
0.8378 0.899807
0.839086 0.52239
0.839775 0.092284
0.841395 0.326554
0.845076 0.195107
0.845648 0.801685
0.847429 0.731772
0.847513 0.147891
0.848889 0.273301
0.851874 0.444375
0.85244 0.95393
0.855923 0.490124
0.856738 0.203379
0.856751 0.41642
0.857064 0.673424
0.858324 0.855093
0.858779 0.496549
0.859605 0.384073
0.861766 0.696141
0.865775 0.0723992
0.866501 0.275165
0.866664 0.0194653
0.8671 0.346778
0.867421 0.752389
0.86781 0.283212
0.868166 0.258786
0.86879 0.753219
0.869161 0.991118
0.870474 0.0504358
0.871497 0.247685
0.872112 0.593683
0.87276 0.474982
0.873098 0.161731
0.873364 0.632967
0.874584 0.128734
0.876049 0.748237
0.876483 0.0562583
0.87834 0.266958
0.880299 0.186882
0.881277 0.616075
0.881391 0.54648
0.882118 0.756219
0.882851 0.0690853
0.884301 0.442645
0.884386 0.87131
0.886625 0.506927
0.887818 0.554406
0.888052 0.488072
0.888807 0.178914
0.888891 0.585336
0.889549 0.649967
0.889674 0.752443
0.890275 0.846518
0.890401 0.978194
0.890538 0.269927
0.890651 0.168886
0.891717 0.0912719
0.896995 0.789863
0.898182 0.742534
0.902108 0.729486
0.902867 0.492267
0.903425 0.860016
0.903991 0.376772
0.904119 0.52864
0.90569 0.928611
0.907022 0.320449
0.907054 0.853612
0.908614 0.0691631
0.908709 0.677098
0.910251 0.592532
0.910902 0.536801
0.911315 0.464977
0.912077 0.278066
0.914385 0.0678923
0.914562 0.0362698
0.914579 0.327927
0.915227 0.227649
0.91556 0.81293
0.915585 0.23463
0.919822 0.445246
0.925509 0.0220333
0.925778 0.549259
0.926457 0.954729
0.926699 0.0324238
0.92685 0.560803
0.927099 0.749413
0.928075 0.152873
0.928481 0.984479
0.930722 0.641493
0.93173 0.57954
0.931731 0.607394
0.932476 0.12197
0.933327 0.434404
0.93498 0.214814
0.935218 0.21113
0.935284 0.311361
0.936676 0.714256
0.936893 0.355341
0.937735 0.51275
0.939961 0.932054
0.941288 0.235148
0.94242 0.247879
0.94391 0.296174
0.946155 0.0249012
0.946392 0.0176957
0.947437 0.567382
0.94816 0.718462
0.948503 0.488515
0.949855 0.211259
0.951447 0.969162
0.95316 0.757467
0.953275 0.697381
0.953807 0.629711
0.954864 0.400906
0.956333 0.0805713
0.959322 0.325917
0.959928 0.502239
0.96261 0.585867
0.962688 0.894554
0.962761 0.13076
0.963573 0.766588
0.963732 0.449757
0.963778 0.218002
0.964064 0.0316727
0.964166 0.73815
0.964481 0.025058
0.966252 0.802452
0.966702 0.354844
0.967574 0.0120288
0.967701 0.148933
0.967828 0.290008
0.969857 0.392309
0.972348 0.257922
0.972753 0.0581521
0.974037 0.63391
0.974048 0.831307
0.974897 0.0926345
0.977793 0.758329
0.978365 0.378674
0.978825 0.105085
0.98069 0.460761
0.980981 0.354683
0.981131 0.861563
0.983144 0.697932
0.983859 0.725832
0.985254 0.170027
0.985512 0.507103
0.987895 0.548287
0.989352 0.0420292
0.989768 0.0351249
0.992491 0.79409
0.993497 0.710412
0.993674 0.684283
0.9961 0.453774
0.996298 0.784966
0.996299 0.799555
0.9975 0.981288
0.99917 0.0435566
0.999272 0.766743
0.999287 0.0112545
0.999727 0.40794
