0.00157362 0.447814
0.0224617 0.513499
0.0241668 0.171394
0.0693666 0.844641
0.0815947 0.362593
0.100809 0.299211
0.10701 0.523785
0.108049 0.974467
0.110807 0.325262
0.124284 0.846325
0.139185 0.283333
0.1454 0.744075
0.190258 0.664346
0.193634 0.401555
0.22254 0.227762
0.227756 0.899267
0.2463 0.571627
0.251693 0.201617
0.256384 0.0396633
0.25912 0.0260003
0.279015 0.409278
0.292495 0.961921
0.303932 0.192647
0.331804 0.624005
0.334365 0.678709
0.373973 0.365644
0.376277 0.0866058
0.376501 0.859511
0.376933 0.120691
0.378445 0.517596
0.399142 0.386913
0.399215 0.599194
0.409766 0.933005
0.41358 0.0318384
0.439511 0.858511
0.445107 0.917977
0.449107 0.137716
0.456879 0.765532
0.457616 0.159347
0.458481 0.689134
0.471857 0.492207
0.474984 0.059347
0.475344 0.110132
0.483601 0.8866
0.494116 0.614501
0.52962 0.318549
0.554778 0.146671
0.568438 0.730373
0.575624 0.513759
0.577059 0.632939
0.583115 0.418166
0.585027 0.555453
0.5858 0.5426
0.600734 0.542825
0.610723 0.423845
0.620714 0.343489
0.627795 0.346431
0.642095 0.693926
0.642325 0.560325
0.653873 0.64439
0.655206 0.0537268
0.656273 0.973193
0.661891 0.402784
0.685165 0.563984
0.698705 0.127237
0.716939 0.589708
0.717761 0.408626
0.739932 0.0312551
0.741617 0.349783
0.747701 0.60802
0.785073 0.722293
0.793872 0.609468
0.796585 0.199
0.798596 0.000275349
0.801168 0.227489
0.813189 0.274869
0.81328 0.797872
0.815759 0.468209
0.827927 0.970299
0.829722 0.141179
0.834369 0.238217
0.839796 0.44872
0.841668 0.913002
0.846436 0.0561348
0.852208 0.062886
0.857925 0.138002
0.867119 0.67108
0.871871 0.53186
0.876262 0.332073
0.92483 0.613926
0.930652 0.467209
0.972964 0.597956
0.974538 0.0602413
0.985847 0.136994
0.986364 0.812305
0.987042 0.207749
0.989635 0.79845
0.992179 0.549515
0.997177 0.549302
1 0.999092
