0.000279296 0.694139
0.00288403 0.471984
0.0121375 0.994964
0.0134839 0.623549
0.014819 0.0635891
0.0149384 0.0703485
0.0189632 0.713705
0.022785 0.947926
0.0275935 0.764267
0.0307723 0.190171
0.0309151 0.590792
0.0339142 0.996046
0.0347628 0.258861
0.0358749 0.949749
0.0391431 0.877752
0.043018 0.00334187
0.0470817 0.301625
0.0489372 0.487382
0.0500306 0.864965
0.0514509 0.734624
0.0527241 0.133138
0.0542652 0.0350082
0.0610063 0.333091
0.0647407 0.0968467
0.0651126 0.347416
0.0724482 0.637103
0.0736959 0.606811
0.0737782 0.989824
0.0754908 0.773277
0.08239 0.728779
0.0830057 0.0764214
0.0834881 0.184023
0.0847056 0.647655
0.0847479 0.358399
0.0901651 0.40407
0.0902986 0.647961
0.0911252 0.541042
0.0917995 0.874032
0.0925642 0.726488
0.0927457 0.776283
0.0933236 0.490271
0.096323 0.900189
0.0976348 0.948628
0.0983941 0.710048
0.0996664 0.0931914
0.106584 0.349117
0.107649 0.253964
0.114037 0.612935
0.122176 0.41697
0.125562 0.320709
0.126905 0.884577
0.128486 0.464148
0.131336 0.371616
0.132726 0.719405
0.134075 0.399433
0.134897 0.20975
0.136619 0.158708
0.136834 0.769004
0.139609 0.403208
0.143052 0.282511
0.144507 0.731713
0.145795 0.377095
0.14607 0.997971
0.148721 0.550118
0.150255 0.32765
0.152254 0.935598
0.153029 0.954075
0.154298 0.284547
0.155187 0.235941
0.160978 0.565123
0.162825 0.60592
0.165415 0.130426
0.165699 0.89519
0.166839 0.0634551
0.167195 0.0504162
0.16733 0.317982
0.168063 0.628164
0.172426 0.970158
0.172615 0.139157
0.176131 0.227814
0.177979 0.292137
0.178073 0.86901
0.178422 0.747004
0.178501 0.0616231
0.181159 0.736308
0.189756 0.226737
0.190944 0.199733
0.191869 0.734027
0.192447 0.449541
0.196235 0.118526
0.197655 0.990416
0.200991 0.052194
0.205385 0.907958
0.21098 0.938991
0.211829 0.213873
0.221632 0.961725
0.222079 0.476604
0.224367 0.93795
0.225368 0.764214
0.226579 0.1143
0.226875 0.0873
0.227677 0.562954
0.229356 0.780662
0.23046 0.333329
0.235488 0.843951
0.235672 0.942137
0.238821 0.872068
0.239465 0.680542
0.239588 0.750883
0.240405 0.482592
0.241706 0.347182
0.245728 0.956056
0.247965 0.54887
0.251066 0.661157
0.253828 0.08588
0.256617 0.956088
0.256955 0.650484
0.258515 0.860408
0.261048 0.436655
0.264424 0.175413
0.265628 0.403839
0.268036 0.873861
0.271804 0.209208
0.274308 0.29349
0.278258 0.686458
0.27953 0.0601947
0.281903 0.936454
0.285166 0.790161
0.290073 0.262648
0.291575 0.492765
0.294144 0.670758
0.294267 0.750616
0.296661 0.986943
0.29918 0.322553
0.301955 0.964051
0.303092 0.0603369
0.303701 0.295099
0.307075 0.00659087
0.307704 0.573309
0.314889 0.332895
0.315264 0.63907
0.316739 0.435168
0.320495 0.558648
0.322872 0.510682
0.326856 0.462758
0.328764 0.532214
0.330192 0.529169
0.337429 0.173652
0.34215 0.519732
0.345754 0.0866493
0.346673 0.538704
0.347521 0.78099
0.348488 0.0375877
0.355261 0.877443
0.359002 0.748913
0.361373 0.590165
0.365254 0.826334
0.365588 0.438255
0.36739 0.726993
0.368441 0.380911
0.371819 0.165657
0.37575 0.229058
0.379429 0.0696934
0.379767 0.751348
0.382974 0.641363
0.384999 0.673868
0.385222 0.425963
0.38668 0.922217
0.389465 0.735996
0.39193 0.170901
0.392261 0.738173
0.397308 0.559635
0.398871 0.819757
0.403098 0.869815
0.404175 0.961391
0.40624 0.677091
0.40687 0.267045
0.414156 0.727904
0.415043 0.625014
0.41898 0.80311
0.423202 0.755557
0.424256 0.466678
0.42878 0.506163
0.429399 0.912597
0.432099 0.281613
0.435572 0.655136
0.43588 0.839636
0.438129 0.639967
0.439278 0.944802
0.439464 0.0721098
0.441094 0.473144
0.441097 0.517121
0.441407 0.730766
0.444593 0.276624
0.445592 0.0654387
0.447242 0.801058
0.448831 0.506462
0.449003 0.387004
0.449093 0.911025
0.450925 0.694295
0.451585 0.785552
0.45222 0.461009
0.454002 0.417447
0.457598 0.851481
0.458884 0.460133
0.459503 0.864986
0.460245 0.336
0.46131 0.232958
0.461937 0.775328
0.463639 0.377765
0.464707 0.327816
0.465013 0.477896
0.468827 0.575579
0.469376 0.797491
0.469721 0.605682
0.472112 0.785683
0.473755 0.395924
0.479404 0.339136
0.484643 0.387504
0.489345 0.416514
0.49167 0.491032
0.49962 0.120926
0.500378 0.861543
0.500609 0.731675
0.501994 0.00816562
0.503354 0.873146
0.504397 0.401372
0.509396 0.415067
0.510442 0.00440927
0.518885 0.898268
0.520505 0.122356
0.520576 0.327179
0.521201 0.82857
0.529486 0.0683586
0.536128 0.699667
0.537755 0.0413149
0.54915 0.562009
0.549562 0.492134
0.550339 0.543372
0.551071 0.854869
0.566211 0.306256
0.567356 0.553724
0.568261 0.755875
0.570954 0.0261383
0.571071 0.990299
0.571985 0.352992
0.572471 0.523322
0.574714 0.213958
0.574859 0.657312
0.575198 0.354987
0.580739 0.487098
0.581528 0.746338
0.585894 0.116468
0.58633 0.44778
0.589076 0.604849
0.590329 0.664239
0.590531 0.0617521
0.593767 0.434443
0.596676 0.328112
0.596723 0.124656
0.596912 0.292669
0.598974 0.954007
0.600689 0.779315
0.601368 0.198505
0.603079 0.95401
0.604029 0.913346
0.604922 0.926232
0.60828 0.360639
0.609776 0.504611
0.611094 0.656711
0.613451 0.274951
0.613545 0.847456
0.614484 0.633618
0.617001 0.929697
0.621023 0.529547
0.622171 0.831745
0.635882 0.26654
0.636304 0.358984
0.639118 0.661607
0.639691 0.288878
0.640799 0.913688
0.648425 0.0832497
0.649003 0.79928
0.650657 0.591038
0.654621 0.218
0.654696 0.468818
0.654788 0.0143146
0.662135 0.510039
0.662703 0.05439
0.662784 0.406896
0.663316 0.358283
0.664132 0.059602
0.672363 0.409329
0.676712 0.503305
0.679419 0.00277184
0.680331 0.321661
0.681816 0.279851
0.682243 0.457171
0.68253 0.283568
0.689865 0.563824
0.691576 0.320699
0.691745 0.15217
0.693782 0.392277
0.694931 0.70112
0.698251 0.507586
0.6989 0.420315
0.698968 0.550631
0.699915 0.471078
0.700476 0.898848
0.702749 0.101751
0.704046 0.897555
0.705824 0.788502
0.707399 0.262394
0.707626 0.0734206
0.712462 0.351017
0.712952 0.57945
0.713433 0.672112
0.719977 0.653848
0.728992 0.163513
0.73035 0.986959
0.731619 0.313205
0.7358 0.594283
0.73701 0.918636
0.740885 0.0532652
0.742416 0.77804
0.743817 0.328266
0.74458 0.158393
0.749811 0.0811246
0.75039 0.800693
0.752086 0.308188
0.753623 0.148355
0.755199 0.636741
0.756546 0.262829
0.758709 0.626081
0.761845 0.327028
0.766584 0.98441
0.766875 0.875335
0.768497 0.130133
0.77062 0.805534
0.772826 0.888132
0.773938 0.58298
0.775573 0.0574024
0.77583 0.381244
0.778592 0.793547
0.7804 0.181398
0.781328 0.775658
0.784257 0.00814606
0.784285 0.478816
0.784802 0.174249
0.786866 0.849894
0.795609 0.79389
0.796606 0.549504
0.800701 0.379503
0.806002 0.483265
0.807879 0.0283069
0.813902 0.257416
0.816688 0.0757271
0.818865 0.672237
0.820485 0.883403
0.820751 0.357567
0.822017 0.643507
0.82202 0.693094
0.828488 0.40026
0.831174 0.536661
0.831257 0.943967
0.833313 0.486775
0.835075 0.113222
0.837213 0.0367735
0.837582 0.243225
0.841327 0.17517
0.842244 0.593407
0.84951 0.716543
0.85134 0.468774
0.852211 0.115659
0.85299 0.208424
0.853754 0.0352872
0.857014 0.829138
0.85869 0.00377822
0.862489 0.847879
0.862543 0.760425
0.867032 0.198681
0.867499 0.060097
0.86778 0.780705
0.8694 0.0108034
0.869459 0.996793
0.869478 0.323442
0.871905 0.107544
0.874207 0.794775
0.879166 0.141318
0.879309 0.542777
0.882065 0.868857
0.882972 0.111744
0.884929 0.996082
0.886402 0.754535
0.892761 0.629226
0.897851 0.182344
0.8982 0.0534127
0.902044 0.652672
0.90226 0.291996
0.902304 0.0293964
0.902446 0.417738
0.903027 0.178293
0.904602 0.651057
0.904723 0.680169
0.90561 0.588745
0.910896 0.426856
0.912208 0.480446
0.920328 0.950709
0.921708 0.142824
0.923417 0.868479
0.923653 0.834312
0.925181 0.520714
0.925769 0.401169
0.926828 0.204249
0.928763 0.715284
0.930383 0.954751
0.931072 0.527846
0.93271 0.0590487
0.939554 0.0896467
0.948686 0.570923
0.950612 0.929532
0.950683 0.132961
0.951152 0.00748619
0.951233 0.368805
0.952256 0.574264
0.95463 0.466864
0.964037 0.571247
0.965319 0.12344
0.966086 0.0114514
0.96975 0.587298
0.971283 0.355736
0.97143 0.82519
0.971983 0.122299
0.973048 0.0103499
0.976355 0.597858
0.976865 0.162003
0.98026 0.232209
0.980717 0.918971
0.982 0.473543
0.983085 0.710948
0.98385 0.566441
0.984829 0.0199105
0.990284 0.695261
0.990674 0.251285
0.992185 0.651023
0.992429 0.752056
0.994439 0.540527
0.998927 0.969157
0.999211 0.745613
0.999509 0.741239
