0.000338553 0.690068
0.00314665 0.885728
0.00375667 0.13831
0.00425541 0.520712
0.00441151 0.14426
0.00449632 0.569676
0.00518851 0.203324
0.0053838 0.485617
0.0059127 0.374823
0.00858341 0.261383
0.0089205 0.926868
0.0107091 0.987146
0.0107147 0.0817826
0.013668 0.718917
0.0144546 0.937663
0.0150081 0.241651
0.0150714 0.304683
0.0160255 0.339865
0.017211 0.264697
0.0177797 0.82388
0.017802 0.198442
0.0180661 0.637363
0.0184375 0.878642
0.0196169 0.700746
0.0196302 0.925245
0.0203813 0.548873
0.0204517 0.731571
0.021213 0.526511
0.0221671 0.562577
0.0244941 0.672118
0.0252392 0.195318
0.0253029 0.265308
0.0256414 0.955087
0.0257469 0.728941
0.0265411 0.0756477
0.0266467 0.85106
0.026976 0.38568
0.0270934 0.359232
0.0273188 0.146757
0.0278308 0.752499
0.0283284 0.115796
0.0285855 0.436187
0.0289253 0.148286
0.0291066 0.194685
0.0291103 0.257421
0.0318545 0.378066
0.0324319 0.082725
0.0326722 0.120952
0.0329887 0.441576
0.0335967 0.659269
0.0342377 0.432845
0.0343106 0.658047
0.034507 0.958506
0.0359717 0.575935
0.0366052 0.223132
0.0370569 0.815046
0.0370781 0.172351
0.0374282 0.0565601
0.0386796 0.0872665
0.039577 0.170519
0.0397509 0.0937856
0.0410724 0.304388
0.0412515 0.313807
0.042683 0.372974
0.044203 0.919746
0.0445898 0.421024
0.0455007 0.730201
0.0458003 0.765131
0.0462087 0.629334
0.0469472 0.0409387
0.0471853 0.0425535
0.0472899 0.801671
0.0474602 0.664095
0.047893 0.937656
0.0482043 0.168966
0.0487567 0.454413
0.0489743 0.110713
0.0506767 0.723527
0.0524485 0.50251
0.0527317 0.261389
0.0531398 0.120936
0.0536502 0.699419
0.0536515 0.720777
0.0542315 0.468911
0.0543767 0.909017
0.0547584 0.324393
0.0563804 0.586048
0.0565666 0.715484
0.0574937 0.295907
0.0578198 0.777426
0.0597913 0.913005
0.0599782 0.0542517
0.0601373 0.728209
0.0617451 0.749391
0.0619757 0.62511
0.0621436 0.448238
0.0621621 0.758163
0.0624785 0.0754057
0.0637992 0.273251
0.0651689 0.29432
0.0655619 0.899126
0.0658676 0.036136
0.0659085 0.723471
0.0663576 0.271402
0.0663594 0.303098
0.0664146 0.230069
0.0664763 0.266883
0.0669203 0.730297
0.0673652 0.206749
0.0674088 0.939829
0.0679673 0.325939
0.0693064 0.831987
0.0706851 0.00432436
0.0708086 0.0795253
0.0713886 0.82892
0.0714766 0.307837
0.0725294 0.000918087
0.0726616 0.223748
0.0743173 0.0511472
0.0746134 0.0267537
0.0747096 0.644409
0.0752855 0.323218
0.0753002 0.569803
0.0758105 0.1464
0.0768202 0.117545
0.0769272 0.915779
0.0770776 0.444025
0.0776773 0.523043
0.0782013 0.330025
0.0783795 0.323634
0.0785153 0.606359
0.0786267 0.478427
0.0787382 0.353727
0.0789455 0.837588
0.0790105 0.929022
0.0792959 0.726884
0.0793574 0.760364
0.0798744 0.448862
0.0811996 0.721903
0.0815809 0.129563
0.0833023 0.0618891
0.0844534 0.408306
0.0861361 0.690191
0.0867123 0.373233
0.0885261 0.857426
0.0892174 0.477659
0.0893611 0.89247
0.0893809 0.224903
0.0898883 0.752875
0.0913801 0.826057
0.0915442 0.584054
0.0915944 0.427534
0.0924971 0.597988
0.0926073 0.451225
0.0953052 0.794422
0.0955985 0.724377
0.0960531 0.363712
0.096487 0.657309
0.0970053 0.367596
0.0984314 0.336932
0.0996602 0.988138
0.0998835 0.742393
0.100402 0.457931
0.101305 0.627838
0.101421 0.58508
0.102243 0.402135
0.102341 0.0502983
0.104567 0.450811
0.105121 0.774098
0.105673 0.0396274
0.108074 0.398688
0.108179 0.166054
0.108576 0.844991
0.109505 0.445176
0.11031 0.984998
0.110691 0.382233
0.112284 0.161314
0.112662 0.513172
0.113765 0.0508508
0.114529 0.892522
0.115405 0.604961
0.116363 0.714611
0.11674 0.0495952
0.118164 0.985943
0.119547 0.223842
0.120871 0.485448
0.123305 0.382133
0.124472 0.00755243
0.124846 0.291775
0.125115 0.810822
0.125744 0.387651
0.125835 0.906953
0.127492 0.757096
0.128017 0.575035
0.130732 0.219978
0.130772 0.883662
0.130987 0.491775
0.1314 0.448032
0.132295 0.480178
0.132858 0.94924
0.133036 0.941214
0.13616 0.444412
0.136549 0.9727
0.136895 0.798046
0.137123 0.618496
0.137784 0.741011
0.138042 0.0692597
0.138135 0.642822
0.138155 0.975028
0.139173 0.0872196
0.139574 0.813311
0.140257 0.297529
0.140596 0.997192
0.141516 0.460188
0.141685 0.30048
0.141884 0.640211
0.142487 0.785823
0.143437 0.743696
0.14383 0.34955
0.14435 0.096645
0.144365 0.346345
0.144472 0.1328
0.144834 0.226591
0.145744 0.524091
0.146965 0.048713
0.147535 0.62797
0.147561 0.0627873
0.147653 0.606053
0.14797 0.936727
0.148398 0.118164
0.149154 0.834785
0.150822 0.872706
0.152145 0.107351
0.153911 0.775692
0.154128 0.434512
0.155499 0.477198
0.15612 0.91597
0.157286 0.504104
0.157313 0.960718
0.157556 0.0484466
0.159696 0.00634017
0.159809 0.90807
0.160238 0.121634
0.160807 0.689433
0.160808 0.699803
0.161617 0.299646
0.162426 0.886481
0.162455 0.389232
0.162569 0.290851
0.163834 0.564535
0.164162 0.0650015
0.164192 0.577957
0.164266 0.815205
0.16443 0.573233
0.164455 0.995434
0.164927 0.919852
0.165233 0.0744476
0.165268 0.658177
0.165401 0.901301
0.166548 0.165666
0.166689 0.539279
0.166885 0.838704
0.167044 0.507097
0.167229 0.624449
0.168182 0.634109
0.168327 0.0734555
0.168742 0.0475409
0.168934 0.276513
0.169162 0.105901
0.169434 0.684084
0.16993 0.0157003
0.171488 0.204806
0.17178 0.105083
0.171986 0.572877
0.172072 0.0160676
0.172976 0.209656
0.173153 0.181086
0.174692 0.0487863
0.175623 0.687578
0.176488 0.23532
0.177819 0.607184
0.178762 0.449978
0.179488 0.658527
0.179569 0.0081296
0.179951 0.440012
0.180674 0.596085
0.181982 0.577609
0.182374 0.160596
0.182863 0.379191
0.183737 0.0678619
0.184144 0.915912
0.184955 0.545643
0.187314 0.188074
0.189364 0.642397
0.189556 0.872238
0.191039 0.789198
0.191502 0.5784
0.191674 0.470752
0.191843 0.302693
0.192332 0.531862
0.192462 0.715348
0.193116 0.697458
0.193632 0.371282
0.193784 0.925027
0.194933 0.245022
0.195516 0.0425717
0.19592 0.831681
0.195989 0.982439
0.196643 0.98046
0.197275 0.606533
0.197282 0.715852
0.197954 0.0170193
0.198436 0.121624
0.199005 0.67006
0.20116 0.899756
0.201854 0.559434
0.201996 0.945044
0.20284 0.136936
0.202979 0.47137
0.204965 0.842875
0.205453 0.0516802
0.206089 0.73253
0.206612 0.529291
0.207036 0.653329
0.207404 0.835958
0.207773 0.03985
0.208734 0.194329
0.208872 0.519418
0.208921 0.339998
0.212286 0.890978
0.212566 0.599831
0.213223 0.646837
0.213282 0.635613
0.21774 0.558909
0.217927 0.698621
0.220994 0.247159
0.221326 0.832948
0.223229 0.814874
0.224298 0.773739
0.224858 0.184462
0.225141 0.93967
0.225863 0.0847945
0.226399 0.0937125
0.226732 0.686859
0.226884 0.239938
0.228306 0.13454
0.228916 0.387201
0.229059 0.801643
0.229411 0.710717
0.229829 0.735251
0.23083 0.555778
0.231099 0.0793564
0.231263 0.839803
0.231854 0.765776
0.232009 0.36849
0.232177 0.204007
0.232551 0.488988
0.232993 0.911431
0.23345 0.586594
0.233915 0.405145
0.234417 0.84565
0.235174 0.576405
0.235966 0.876819
0.237288 0.0918117
0.237722 0.394699
0.237757 0.977325
0.238094 0.64022
0.239217 0.517829
0.240537 0.698112
0.241529 0.375479
0.242396 0.941847
0.242429 0.497668
0.24252 0.0396344
0.242638 0.0212477
0.242701 0.0725169
0.244006 0.000493065
0.244013 0.124799
0.24435 0.785002
0.244396 0.558599
0.244599 0.970247
0.245517 0.406429
0.245781 0.840725
0.246028 0.991158
0.246035 0.117617
0.246136 0.805671
0.246254 0.78546
0.246332 0.105401
0.246959 0.636501
0.248508 0.681304
0.249579 0.681452
0.249692 0.568476
0.251113 0.459869
0.251893 0.55837
0.25294 0.163874
0.253679 0.583414
0.254033 0.53446
0.254071 0.164326
0.254436 0.302305
0.255013 0.003528
0.256496 0.93665
0.256682 0.052218
0.257908 0.652075
0.258129 0.367284
0.259247 0.158686
0.260147 0.287817
0.260388 0.34485
0.261052 0.496221
0.261238 0.628702
0.261487 0.808108
0.262249 0.623201
0.262428 0.624762
0.262617 0.810502
0.263106 0.0283536
0.264662 0.175432
0.265186 0.973272
0.265423 0.969933
0.26588 0.644619
0.266636 0.348155
0.266637 0.371235
0.269249 0.260919
0.271684 0.199757
0.271948 0.63597
0.274041 0.810624
0.275395 0.558882
0.275955 0.983904
0.277094 0.117882
0.278386 0.836354
0.279312 0.393502
0.282353 0.511605
0.282564 0.0449676
0.283572 0.991671
0.284265 0.639203
0.285233 0.906468
0.285889 0.943542
0.286943 0.655438
0.287431 0.846524
0.287587 0.470525
0.28808 0.753876
0.28899 0.0494426
0.289611 0.489005
0.290526 0.875851
0.290535 0.0264222
0.290876 0.752797
0.291104 0.58191
0.291305 0.958613
0.291393 0.442563
0.291959 0.94851
0.292507 0.173021
0.293624 0.930692
0.29403 0.769451
0.295094 0.63814
0.296695 0.55639
0.296804 0.387361
0.298065 0.572622
0.30104 0.579804
0.301043 0.632123
0.302744 0.222632
0.304061 0.35076
0.304612 0.606076
0.305754 0.799534
0.307117 0.70871
0.308123 0.61618
0.309495 0.688684
0.309523 0.158634
0.309553 0.663114
0.309568 0.917025
0.310527 0.028342
0.310833 0.163951
0.311816 0.699073
0.311958 0.0778043
0.312616 0.141136
0.312774 0.786293
0.314309 0.595631
0.314452 0.000565167
0.314536 0.40478
0.315728 0.432162
0.315772 0.184385
0.316349 0.876663
0.316375 0.314219
0.316544 0.150214
0.31754 0.89124
0.318133 0.866198
0.318154 0.216851
0.319249 0.61166
0.319555 0.761552
0.319734 0.773921
0.320024 0.638174
0.320421 0.318497
0.321087 0.513836
0.323968 0.923397
0.324399 0.173307
0.326441 0.489745
0.326901 0.219122
0.327072 0.100384
0.327825 0.7538
0.329076 0.788169
0.329312 0.752006
0.329682 0.963013
0.330161 0.022866
0.330688 0.868988
0.334391 0.113527
0.334617 0.914098
0.335158 0.00749369
0.335359 0.375994
0.335476 0.343606
0.336285 0.950125
0.336547 0.353358
0.336712 0.121059
0.336842 0.295397
0.337024 0.355906
0.337651 0.898339
0.337808 0.542415
0.337957 0.0395667
0.338746 0.305106
0.338976 0.165384
0.339408 0.425923
0.339725 0.757144
0.34035 0.259795
0.340905 0.589985
0.341679 0.604024
0.343062 0.847214
0.343111 0.663395
0.343415 0.773889
0.343611 0.0682814
0.344373 0.883679
0.346844 0.408469
0.347602 0.15037
0.347846 0.247998
0.348219 0.521749
0.348222 0.560638
0.348604 0.989163
0.348735 0.18824
0.349292 0.554181
0.349967 0.90129
0.352245 0.180578
0.352298 0.0722522
0.352301 0.125072
0.353491 0.117767
0.353822 0.683967
0.354519 0.392912
0.354803 0.170629
0.354933 0.352981
0.354992 0.358301
0.355343 0.246306
0.356835 0.319489
0.358305 0.0309834
0.358799 0.338721
0.358819 0.674363
0.359304 0.827835
0.35961 0.960462
0.360769 0.452293
0.360803 0.00903762
0.36082 0.299599
0.361461 0.0820431
0.36292 0.59341
0.363032 0.470619
0.363458 0.636545
0.363524 0.74623
0.363824 0.786842
0.364073 0.982653
0.364341 0.477094
0.36682 0.146312
0.367209 0.67384
0.369395 0.416852
0.369668 0.0115879
0.370377 0.928644
0.370905 0.805554
0.372107 0.00157079
0.374413 0.763472
0.374535 0.807634
0.374687 0.364665
0.374866 0.379289
0.375986 0.188582
0.376518 0.135171
0.377006 0.344101
0.377398 0.933051
0.378743 0.530659
0.380144 0.0847825
0.380192 0.882117
0.381199 0.804935
0.382733 0.588439
0.383818 0.831737
0.384223 0.639535
0.385226 0.490107
0.387499 0.695139
0.387532 0.245263
0.388383 0.555427
0.388702 0.907904
0.389117 0.888689
0.389864 0.439423
0.389867 0.501564
0.391945 0.421798
0.392136 0.632112
0.392513 0.967441
0.392753 0.0037422
0.394212 0.521996
0.394682 0.425721
0.394873 0.637358
0.394989 0.572459
0.394997 0.721919
0.395084 0.182641
0.395573 0.396157
0.396106 0.35699
0.396939 0.352236
0.397925 0.921842
0.398518 0.890046
0.398967 0.442179
0.399944 0.858716
0.400284 0.580778
0.400791 0.0891922
0.402299 0.437613
0.403493 0.506372
0.404831 0.991226
0.404917 0.440403
0.405653 0.810144
0.405921 0.311512
0.40776 0.227658
0.408159 0.922358
0.408814 0.934568
0.408824 0.106506
0.410264 0.307956
0.410364 0.990884
0.410451 0.454673
0.410454 0.496771
0.41121 0.212352
0.415426 0.0590332
0.416287 0.534365
0.417382 0.943339
0.422171 0.432249
0.422987 0.137161
0.423585 0.186829
0.423898 0.453193
0.424066 0.283122
0.424095 0.771229
0.42423 0.0252783
0.426701 0.556189
0.426774 0.787871
0.427418 0.61019
0.427679 0.00160521
0.429615 0.547382
0.429959 0.314641
0.43029 0.877734
0.431168 0.648026
0.431524 0.617284
0.431559 0.214827
0.431637 0.522026
0.432037 0.25254
0.432691 0.241161
0.433009 0.574206
0.433319 0.797462
0.434428 0.430357
0.435848 0.305502
0.437041 0.34287
0.437197 0.970065
0.43776 0.425916
0.438354 0.408348
0.438442 0.896814
0.43849 0.699846
0.438613 0.762384
0.438623 0.937593
0.439029 0.752881
0.439383 0.708044
0.439695 0.946022
0.440316 0.383307
0.440347 0.912393
0.442589 0.59197
0.442665 0.870275
0.442929 0.301041
0.443659 0.574885
0.444485 0.461361
0.444939 0.090122
0.44499 0.943415
0.446023 0.300307
0.446346 0.740408
0.448099 0.19941
0.448446 0.0337646
0.450391 0.728172
0.451395 0.596627
0.451843 0.121501
0.452158 0.420728
0.452769 0.686984
0.453933 0.258784
0.454633 0.0172389
0.45497 0.67662
0.455478 0.219884
0.457808 0.380868
0.45843 0.831145
0.458609 0.845612
0.458686 0.128409
0.460006 0.323272
0.461752 0.667727
0.461888 0.94693
0.465942 0.0845921
0.46711 0.722894
0.467465 0.67869
0.468115 0.61439
0.470578 0.00337662
0.473386 0.199146
0.473478 0.73972
0.474592 0.472894
0.474593 0.488265
0.474681 0.960053
0.47591 0.621941
0.477102 0.658323
0.477743 0.425466
0.478446 0.241304
0.478468 0.61812
0.480326 0.834048
0.480748 0.926758
0.480896 0.412381
0.481974 0.534339
0.48213 0.164766
0.482447 0.488474
0.48261 0.226435
0.482998 0.751045
0.483399 0.489541
0.48377 0.720348
0.485252 0.627604
0.485596 0.415822
0.485931 0.0368145
0.486164 0.960486
0.486248 0.364975
0.486529 0.101471
0.486583 0.997926
0.487188 0.173474
0.487763 0.828021
0.489533 0.584941
0.490117 0.400437
0.491279 0.933122
0.493099 0.50933
0.494413 0.601597
0.495141 0.827286
0.495266 0.941376
0.498066 0.997304
0.49821 0.423932
0.49877 0.835016
0.499626 0.207212
0.499935 0.405744
0.501632 0.93477
0.502816 0.822967
0.503002 0.959737
0.504993 0.419759
0.505117 0.501205
0.505726 0.740812
0.50612 0.353554
0.506751 0.967159
0.508894 0.98224
0.510798 0.975326
0.510853 0.91226
0.510964 0.767164
0.511314 0.654073
0.512136 0.46659
0.512878 0.941157
0.513021 0.34894
0.513214 0.585488
0.513272 0.567165
0.513804 0.51085
0.513971 0.310405
0.514235 0.750257
0.514953 0.820874
0.515459 0.320413
0.517171 0.0979808
0.517249 0.401682
0.518544 0.174132
0.520188 0.806866
0.520409 0.519352
0.520557 0.00258818
0.520815 0.333685
0.52098 0.116061
0.52113 0.638664
0.522364 0.37632
0.522567 0.782818
0.523849 0.327099
0.523884 0.925698
0.524849 0.132873
0.52501 0.837572
0.525782 0.821745
0.527572 0.903264
0.528724 0.266078
0.529802 0.390133
0.53108 0.864665
0.532344 0.11098
0.532772 0.299892
0.53399 0.768508
0.535271 0.297457
0.535913 0.0961874
0.536349 0.419525
0.536406 0.381135
0.53724 0.396879
0.537399 0.0659289
0.537416 0.344219
0.538541 0.251835
0.539727 0.198409
0.542085 0.819145
0.542202 0.791625
0.543678 0.595268
0.544761 0.804098
0.545556 0.162545
0.545948 0.743926
0.546013 0.842318
0.546237 0.606293
0.546445 0.0998512
0.547682 0.888003
0.54853 0.140713
0.549105 0.803243
0.549316 0.361322
0.549384 0.491128
0.549478 0.0723054
0.549519 0.757543
0.549551 0.305906
0.549566 0.552053
0.550545 0.00820717
0.550806 0.396171
0.553132 0.491405
0.553465 0.0882453
0.555388 0.399888
0.555575 0.553038
0.557104 0.238478
0.557283 0.252068
0.557294 0.436755
0.557718 0.570632
0.559199 0.458157
0.559281 0.836827
0.560036 0.523528
0.560291 0.814249
0.560976 0.327456
0.561417 0.741024
0.561545 0.888345
0.561744 0.228169
0.562438 0.902444
0.563043 0.067825
0.563167 0.150743
0.563453 0.947556
0.563902 0.50188
0.5659 0.0733575
0.566671 0.0386147
0.567411 0.482104
0.567572 0.174946
0.567952 0.562202
0.570106 0.766674
0.570246 0.119726
0.570494 0.292903
0.571115 0.732583
0.571342 0.537826
0.572029 0.093797
0.572426 0.756565
0.572631 0.203909
0.572662 0.725505
0.57485 0.498843
0.575619 0.43238
0.575677 0.405128
0.576346 0.64928
0.576394 0.451859
0.576563 0.290694
0.577473 0.580845
0.577604 0.791818
0.579685 0.762149
0.580307 0.217904
0.580311 0.280695
0.581817 0.593412
0.582862 0.161701
0.583569 0.039985
0.584386 0.77538
0.584779 0.376273
0.584867 0.865326
0.58678 0.0114726
0.587186 0.826816
0.588561 0.950559
0.588926 0.0732925
0.588954 0.554544
0.589197 0.629593
0.589673 0.626045
0.590069 0.297908
0.590751 0.750641
0.590752 0.769142
0.590762 0.930115
0.590982 0.639243
0.59163 0.527812
0.591826 0.82377
0.592621 0.186693
0.59295 0.710787
0.593791 0.838886
0.594204 0.791058
0.594748 0.931615
0.595178 0.15447
0.595756 0.867738
0.59667 0.230853
0.597411 0.677833
0.598434 0.88589
0.599527 0.246185
0.601008 0.134211
0.601904 0.197452
0.602331 0.383076
0.602371 0.0570831
0.603081 0.987045
0.603912 0.952942
0.604629 0.00348486
0.605251 0.447344
0.605514 0.87559
0.605579 0.959675
0.606226 0.833296
0.606569 0.59971
0.606938 0.814935
0.607212 0.418492
0.607697 0.570915
0.610867 0.842686
0.611437 0.4239
0.612014 0.124489
0.612153 0.460762
0.612454 0.506469
0.612964 0.0795836
0.613244 0.797014
0.613895 0.734834
0.614839 0.59703
0.615001 0.314126
0.615889 0.238245
0.615945 0.179366
0.616116 0.0589929
0.616335 0.747389
0.616851 0.406969
0.617142 0.305634
0.617559 0.315729
0.618138 0.0501198
0.618713 0.701802
0.618742 0.204779
0.619259 0.891266
0.621236 0.116763
0.6221 0.641323
0.622326 0.438834
0.622623 0.430539
0.624207 0.0496173
0.62498 0.0370701
0.625074 0.620282
0.627886 0.884196
0.628317 0.115307
0.628658 0.858531
0.628693 0.451496
0.629448 0.125659
0.62971 0.541485
0.63062 0.827863
0.631635 0.895703
0.63165 0.139784
0.632548 0.231755
0.633894 0.863009
0.634226 0.434508
0.634502 0.0726879
0.635097 0.0815107
0.636305 0.383621
0.638084 0.280078
0.638557 0.221456
0.63888 0.656133
0.640289 0.341169
0.640388 0.00267552
0.640448 0.00779265
0.640913 0.827494
0.640954 0.521959
0.641012 0.489329
0.641827 0.186321
0.642185 0.196213
0.644241 0.756904
0.644917 0.113506
0.645199 0.857162
0.645319 0.872452
0.645895 0.559518
0.646529 0.219831
0.647344 0.914427
0.647489 0.349015
0.648698 0.659406
0.64891 0.223683
0.64976 0.516661
0.651422 0.454928
0.652206 0.626684
0.653702 0.776573
0.653874 0.66171
0.65594 0.37561
0.656652 0.343725
0.658837 0.0767888
0.660006 0.719802
0.662093 0.799068
0.662685 0.754836
0.662854 0.584139
0.663798 0.454896
0.665276 0.288396
0.665758 0.389463
0.668437 0.413024
0.668992 0.755682
0.669666 0.0822617
0.669815 0.580619
0.670015 0.949597
0.670519 0.407789
0.671581 0.255926
0.672919 0.742141
0.67416 0.603939
0.675542 0.830318
0.675585 0.561089
0.675598 0.780462
0.675609 0.963584
0.676029 0.0218965
0.676122 0.588963
0.6768 0.983444
0.677308 0.518921
0.677677 0.718001
0.678879 0.926132
0.679602 0.0642049
0.679748 0.521074
0.679846 0.175569
0.68034 0.468546
0.681293 0.483779
0.681486 0.72874
0.682146 0.835446
0.683114 0.0936637
0.683131 0.37607
0.683165 0.952005
0.684334 0.597515
0.68443 0.221416
0.685466 0.619004
0.687148 0.893626
0.688254 0.483742
0.68831 0.419541
0.688365 0.357265
0.688577 0.913004
0.68895 0.185165
0.689211 0.566876
0.68964 0.771784
0.691037 0.25547
0.691042 0.3398
0.691585 0.467835
0.691651 0.574844
0.692655 0.444622
0.694158 0.715326
0.694237 0.0357207
0.695099 0.532716
0.69649 0.899938
0.696762 0.484609
0.69691 0.960012
0.697147 0.953268
0.697229 0.335123
0.697499 0.86483
0.69781 0.100162
0.69785 0.758782
0.698143 0.689919
0.698818 0.0292875
0.698846 0.502736
0.698945 0.171787
0.699869 0.701401
0.701345 0.508816
0.702937 0.259057
0.703281 0.0515406
0.704552 0.403637
0.704987 0.710453
0.705139 0.266443
0.705391 0.502332
0.705407 0.771012
0.705947 0.842689
0.706271 0.303523
0.706804 0.246073
0.707244 0.643957
0.707759 0.308146
0.707943 0.393669
0.708321 0.755991
0.70879 0.631815
0.708798 0.776149
0.710038 0.605678
0.710347 0.807506
0.710699 0.723075
0.710903 0.1469
0.711915 0.150987
0.712699 0.324684
0.713394 0.011519
0.713606 0.584491
0.714969 0.486639
0.715258 0.339841
0.715513 0.626837
0.716678 0.210894
0.716834 0.835122
0.717113 0.520769
0.717157 0.266208
0.717368 0.799719
0.718617 0.801327
0.719361 0.292025
0.720844 0.219715
0.721843 0.0159412
0.723175 0.403153
0.723601 0.569595
0.7254 0.789993
0.727607 0.883125
0.728368 0.678425
0.72925 0.509285
0.729517 0.986078
0.730036 0.718075
0.730786 0.318984
0.731155 0.518728
0.731217 0.557499
0.731315 0.208651
0.731667 0.122992
0.732986 0.292951
0.733389 0.0700861
0.733505 0.0154084
0.733987 0.126658
0.734003 0.389686
0.734538 0.377207
0.734685 0.844611
0.735097 0.776426
0.735581 0.904329
0.737748 0.337323
0.738694 0.227756
0.73966 0.469992
0.739758 0.112418
0.740222 0.917923
0.741318 0.328705
0.741388 0.501964
0.741499 0.379259
0.742484 0.9262
0.742778 0.866149
0.742863 0.302617
0.743288 0.438927
0.743623 0.0735295
0.743834 0.624752
0.744518 0.105668
0.744914 0.768249
0.745014 0.446825
0.745064 0.283918
0.745794 0.556932
0.746662 0.149292
0.74729 0.697891
0.748019 0.955942
0.749411 0.356849
0.74944 0.832066
0.749617 0.811674
0.750339 0.941443
0.750866 0.80782
0.751529 0.950746
0.751595 0.0636478
0.752138 0.181329
0.75426 0.853654
0.754714 0.475739
0.754743 0.972307
0.755208 0.778609
0.755297 0.27912
0.755613 0.580781
0.757269 0.421015
0.757604 0.0582238
0.757908 0.154208
0.759198 0.838064
0.759212 0.0704756
0.759775 0.531296
0.760787 0.546746
0.761609 0.36633
0.761611 0.392282
0.762635 0.606561
0.762941 0.749464
0.763496 0.0709596
0.76354 0.809464
0.763681 0.183671
0.763982 0.248623
0.764312 0.793011
0.764626 0.0622316
0.764658 0.61079
0.764759 0.300503
0.76507 0.538027
0.767945 0.855643
0.768681 0.229344
0.769267 0.0773353
0.769632 0.207582
0.770361 0.454949
0.771074 0.445135
0.771255 0.476984
0.772233 0.913761
0.772814 0.688098
0.773643 0.616609
0.773817 0.536306
0.774997 0.369296
0.775065 0.509262
0.775191 0.640891
0.776849 0.508745
0.777218 0.70622
0.777226 0.837718
0.778003 0.89798
0.779256 0.953707
0.780097 0.0907363
0.781258 0.603925
0.781415 0.235213
0.782718 0.133434
0.783754 0.555386
0.78385 0.158915
0.78452 0.423032
0.784609 0.926384
0.784885 0.55432
0.785323 0.925124
0.785525 0.314395
0.786023 0.69484
0.786137 0.604514
0.787153 0.684625
0.787988 0.71149
0.78835 0.793612
0.789156 0.340932
0.789211 0.273303
0.789627 0.258385
0.789982 0.228527
0.791248 0.506148
0.791359 0.374474
0.792243 0.222427
0.792573 0.770854
0.793255 0.234035
0.793428 0.14204
0.794089 0.246343
0.795787 0.795529
0.795803 0.0600604
0.796211 0.916641
0.796408 0.223509
0.798805 0.520013
0.800891 0.577592
0.802594 0.192966
0.803274 0.632519
0.804776 0.862433
0.804807 0.389977
0.805109 0.460416
0.805984 0.178874
0.806735 0.790927
0.807014 0.478351
0.808223 0.812487
0.810316 0.976286
0.811563 0.935819
0.812184 0.379365
0.813348 0.946181
0.813389 0.620822
0.813796 0.467157
0.814142 0.286102
0.814247 0.0444366
0.815444 0.171174
0.817158 0.976752
0.817788 0.567004
0.817846 0.540127
0.818577 0.821289
0.818611 0.38773
0.819201 0.308944
0.820327 0.235148
0.820435 0.0539883
0.820866 0.288105
0.821097 0.170242
0.821574 0.188107
0.823732 0.459329
0.823878 0.908983
0.825616 0.130541
0.825766 0.64466
0.825801 0.235598
0.827609 0.632042
0.828232 0.0900592
0.831005 0.696949
0.832067 0.545172
0.832617 0.795166
0.833291 0.121385
0.833773 0.230709
0.834334 0.649862
0.836491 0.9072
0.837373 0.734961
0.838182 0.329873
0.839811 0.705456
0.840574 0.527382
0.841913 0.028428
0.842264 0.936601
0.842625 0.00266343
0.843159 0.972825
0.843269 0.824552
0.843871 0.937552
0.844583 0.910824
0.845328 0.435011
0.845356 0.892126
0.845515 0.565535
0.845758 0.646932
0.846681 0.167898
0.849763 0.960728
0.851963 0.933545
0.852506 0.0764425
0.854181 0.216771
0.854797 0.578626
0.854985 0.732105
0.855119 0.981513
0.856028 0.263524
0.856395 0.436628
0.85693 0.427537
0.857301 0.65476
0.857742 0.0646024
0.857781 0.723489
0.858323 0.83757
0.858602 0.528547
0.858851 0.714981
0.859249 0.400469
0.8602 0.385531
0.860649 0.920462
0.862777 0.685123
0.863425 0.585932
0.863797 0.835593
0.866471 0.783105
0.867114 0.58182
0.86741 0.567788
0.867782 0.807033
0.868415 0.452726
0.869243 0.365201
0.869425 0.417782
0.870015 0.338926
0.870445 0.572933
0.872915 0.0807871
0.87368 0.936131
0.873907 0.747894
0.873979 0.968291
0.875431 0.372593
0.876423 0.0425244
0.876979 0.388008
0.877084 0.149614
0.878678 0.940348
0.879113 0.255953
0.879713 0.339893
0.879966 0.586238
0.88081 0.771133
0.881672 0.263847
0.882458 0.468482
0.882784 0.942722
0.883166 0.375215
0.883431 0.825954
0.883716 0.608413
0.885927 0.776866
0.885978 0.626552
0.887666 0.995082
0.888186 0.741871
0.889312 0.670837
0.890035 0.810898
0.890435 0.532591
0.892925 0.386417
0.893502 0.0864035
0.893611 0.91361
0.894673 0.773166
0.895114 0.179157
0.895286 0.0706485
0.896207 0.551489
0.896466 0.907982
0.896574 0.726486
0.897354 0.826185
0.897946 0.785341
0.898698 0.415466
0.898705 0.529527
0.899068 0.639793
0.900701 0.075318
0.902029 0.397148
0.903093 0.291414
0.903339 0.411528
0.90464 0.282277
0.90586 0.786207
0.90675 0.751641
0.906969 0.423766
0.907407 0.785984
0.909006 0.665415
0.910235 0.326967
0.911266 0.645376
0.911287 0.0026108
0.911625 0.680477
0.912072 0.189401
0.913662 0.916499
0.914923 0.102786
0.915244 0.497416
0.915643 0.204896
0.917492 0.289873
0.917498 0.380385
0.917551 0.271496
0.917598 0.0743404
0.918117 0.794966
0.919284 0.413639
0.9194 0.362992
0.919646 0.494235
0.920492 0.71521
0.920808 0.0129729
0.921728 0.477918
0.922759 0.802455
0.922964 0.25037
0.923511 0.451981
0.924486 0.827813
0.92491 0.960547
0.925607 0.676066
0.925664 0.635767
0.926422 0.374067
0.926976 0.686507
0.930782 0.653145
0.931002 0.354352
0.931247 0.471461
0.932614 0.439311
0.932617 0.493415
0.933181 0.967024
0.933645 0.766087
0.934343 0.507441
0.934441 0.142627
0.934512 0.340406
0.934597 0.775809
0.935026 0.989429
0.935516 0.212454
0.935839 0.65315
0.936008 0.492213
0.936733 0.678143
0.937896 0.21003
0.938081 0.32206
0.938157 0.603448
0.938377 0.299608
0.938792 0.272206
0.939013 0.997918
0.939322 0.189673
0.939801 0.233537
0.942712 0.165195
0.94309 0.50828
0.943701 0.786337
0.944254 0.0691781
0.944635 0.486159
0.944661 0.914262
0.945563 0.0847157
0.946379 0.800264
0.94895 0.996602
0.949405 0.652035
0.949584 0.662479
0.949965 0.0562005
0.950226 0.454972
0.951544 0.60139
0.951636 0.146832
0.952129 0.43174
0.953533 0.0347631
0.953662 0.196226
0.954141 0.246406
0.954766 0.749973
0.955702 0.486
0.955853 0.0203423
0.955898 0.774593
0.956941 0.315803
0.958603 0.247019
0.959351 0.806151
0.959456 0.58366
0.961212 0.0965384
0.961885 0.403787
0.962468 0.197573
0.964649 0.853962
0.965848 0.00921834
0.965881 0.554129
0.965952 0.751086
0.966153 0.141047
0.966913 0.910614
0.967485 0.513991
0.967486 0.536383
0.967489 0.594407
0.967928 0.966471
0.968517 0.864183
0.96876 0.941448
0.969141 0.347965
0.96915 0.500266
0.969354 0.937028
0.969359 0.0219991
0.96961 0.229792
0.969621 0.416419
0.970416 0.782238
0.971002 0.638705
0.971138 0.920295
0.971182 0.658455
0.972806 0.955391
0.972809 0.99338
0.973263 0.634342
0.974333 0.621569
0.974922 0.518592
0.975337 0.49116
0.975712 0.799855
0.976481 0.720838
0.976863 0.133194
0.977309 0.637156
0.978731 0.5387
0.97915 0.568063
0.979784 0.221646
0.980095 0.46183
0.981006 0.764981
0.981023 0.0463229
0.981246 0.80622
0.981599 0.730977
0.981713 0.658143
0.981818 0.413511
0.982049 0.305408
0.982745 0.991563
0.984271 0.644429
0.984702 0.882889
0.987458 0.198434
0.987859 0.947394
0.988789 0.5762
0.991682 0.197198
0.99302 0.683914
0.993746 0.883103
0.993991 0.999132
0.994191 0.368673
0.994355 0.133127
0.996228 0.595209
0.996976 0.17908
0.997202 0.981451
0.997299 0.597111
0.997345 0.380859
0.997382 0.997366
0.997938 0.338247
0.998238 0.388893
0.998308 0.571058
0.998499 0.770329
