0.000361242 0.0713999
0.00345542 0.0752835
0.00508797 0.513572
0.00592865 0.642837
0.0104257 0.224965
0.0119127 0.216292
0.0121885 0.851694
0.0134886 0.702157
0.0137782 0.570613
0.016471 0.828597
0.0173228 0.143558
0.0176055 0.895957
0.0179275 0.308102
0.0196108 0.598009
0.0200623 0.187051
0.0228665 0.317228
0.0236255 0.0740454
0.0238145 0.250972
0.0255374 0.207904
0.0304128 0.148425
0.0310402 0.691907
0.0321474 0.300618
0.033167 0.438332
0.0338444 0.823445
0.036568 0.598016
0.0369183 0.486138
0.0379747 0.241423
0.0385128 0.284065
0.0395155 0.136625
0.0403098 0.487385
0.0426351 0.567523
0.0444913 0.76552
0.0447044 0.346225
0.0454126 0.248771
0.0471711 0.804522
0.047346 0.74442
0.0479326 0.60386
0.048573 0.365674
0.0504072 0.19375
0.0506918 0.976437
0.0510026 0.200812
0.0514049 0.96184
0.0529478 0.894319
0.0537773 0.834617
0.0545303 0.491296
0.0595544 0.931121
0.0616438 0.0479771
0.0627383 0.443122
0.0635294 0.739412
0.0647216 0.776318
0.0659834 0.982351
0.0669343 0.964837
0.0670009 0.0847674
0.0682925 0.792118
0.06849 0.112088
0.0690271 0.137621
0.0692387 0.694761
0.0699092 0.963801
0.0718812 0.108052
0.0733167 0.234432
0.0781638 0.699837
0.0785851 0.779681
0.079364 0.871592
0.0814119 0.290015
0.0827324 0.483125
0.0828145 0.862593
0.0831493 0.490723
0.0841412 0.16042
0.0850598 0.59953
0.0885887 0.910159
0.0893407 0.54955
0.0896481 0.716049
0.090646 0.487794
0.0922873 0.0727249
0.0932786 0.733304
0.0941395 0.202633
0.0978074 0.84977
0.0983467 0.912267
0.0993323 0.477771
0.0997961 0.27235
0.100322 0.105276
0.101736 0.877818
0.105947 0.650048
0.105947 0.652325
0.108542 0.272211
0.109409 0.8385
0.110842 0.914776
0.111762 0.388377
0.116404 0.401508
0.120933 0.528023
0.123346 0.0700632
0.124575 0.734386
0.125165 0.648447
0.125684 0.366678
0.126416 0.681431
0.128899 0.402295
0.130942 0.74204
0.131073 0.938949
0.131117 0.690194
0.131998 0.490077
0.135099 0.601542
0.135109 0.773699
0.135675 0.286471
0.138238 0.368771
0.14257 0.176357
0.144203 0.624178
0.144517 0.891003
0.14667 0.0895341
0.146854 0.169993
0.147606 0.818916
0.14907 0.427056
0.149484 0.37022
0.149833 0.236717
0.15074 0.479017
0.152293 0.591432
0.157229 0.542987
0.157785 0.888259
0.157973 0.0519123
0.158084 0.924089
0.159472 0.244604
0.159493 0.606495
0.15968 0.744321
0.160639 0.86629
0.161302 0.0101864
0.161377 0.27157
0.162836 0.785261
0.163553 0.827101
0.16467 0.61351
0.166083 0.35495
0.167604 0.919793
0.169153 0.962725
0.170257 0.513983
0.170504 0.659337
0.171362 0.076503
0.171478 0.0292369
0.172303 0.895724
0.172404 0.591816
0.172886 0.698416
0.174704 0.252014
0.175134 0.477826
0.18051 0.828846
0.180587 0.125088
0.182081 0.243601
0.18302 0.021577
0.183622 0.136486
0.184452 0.088719
0.185211 0.848659
0.185345 0.0906245
0.185906 0.521806
0.188916 0.106699
0.190779 0.427907
0.192337 0.611346
0.192558 0.319582
0.195461 0.110999
0.200208 0.892052
0.202195 0.293478
0.202743 0.505553
0.203261 0.205196
0.204523 0.423696
0.204939 0.413294
0.208766 0.731257
0.211481 0.36583
0.211836 0.323004
0.212196 0.37505
0.215782 0.642499
0.216304 0.425564
0.217514 0.760968
0.219475 0.716283
0.219894 0.76626
0.220887 0.445451
0.222803 0.641874
0.225001 0.597982
0.229383 0.232799
0.230284 0.387843
0.230341 0.338638
0.230471 0.529505
0.233799 0.45501
0.23416 0.525212
0.234246 0.967205
0.234408 0.691251
0.239266 0.351705
0.239358 0.891066
0.2415 0.887184
0.24207 0.469994
0.243077 0.397327
0.248498 0.506791
0.248604 0.27912
0.249533 0.894902
0.250158 0.39825
0.251373 0.827061
0.252122 0.42174
0.252324 0.808672
0.256894 0.617059
0.258222 0.935344
0.258979 0.66588
0.259889 0.960883
0.260131 0.0231525
0.260181 0.859322
0.260187 0.970707
0.260647 0.698683
0.261086 0.0775481
0.263907 0.485983
0.267428 0.669786
0.267941 0.285171
0.271849 0.973774
0.272635 0.176593
0.27347 0.201963
0.27382 0.0936931
0.275662 0.0592709
0.27585 0.203358
0.275983 0.452132
0.276023 0.119315
0.276093 0.293207
0.277491 0.784016
0.277534 0.510678
0.279596 0.170936
0.280083 0.347591
0.280247 0.118877
0.281278 0.432605
0.281382 0.188491
0.282016 0.845814
0.28244 0.976826
0.283898 0.470732
0.284188 0.342702
0.284316 0.494797
0.285949 0.938955
0.286678 0.202961
0.287267 0.0921737
0.287943 0.466033
0.289725 0.407608
0.290018 0.335951
0.29139 0.387426
0.291899 0.940364
0.292693 0.288597
0.29322 0.144353
0.297689 0.258989
0.299437 0.635947
0.300101 0.792827
0.301168 0.724057
0.303841 0.663092
0.307872 0.408231
0.308124 0.646812
0.308529 0.455503
0.314733 0.720891
0.321175 0.994155
0.322358 0.867584
0.323162 0.381994
0.32349 0.898598
0.326033 0.643629
0.328592 0.641662
0.330111 0.182259
0.331878 0.868734
0.332618 0.316543
0.332677 0.294268
0.333883 0.572829
0.334901 0.685992
0.337306 0.0984433
0.33953 0.488476
0.341096 0.795212
0.341622 0.647298
0.343641 0.577629
0.344938 0.375289
0.345281 0.140114
0.346885 0.0999995
0.347034 0.602724
0.348034 0.406518
0.350344 0.226483
0.35113 0.442364
0.351687 0.799516
0.352051 0.92574
0.352159 0.728724
0.35222 0.767416
0.352728 0.307441
0.353052 0.747151
0.353459 0.577365
0.353814 0.555646
0.355204 0.916881
0.35521 0.0102027
0.355355 0.457774
0.355509 0.0423781
0.35706 0.105878
0.357344 0.877913
0.357768 0.00669445
0.3586 0.996799
0.359728 0.948321
0.360272 0.0844174
0.364952 0.753798
0.367737 0.552308
0.368591 0.913845
0.369414 0.733773
0.372583 0.00822047
0.375023 0.00365833
0.375276 0.270454
0.376634 0.0893606
0.377421 0.318742
0.378545 0.198371
0.381305 0.58685
0.381947 0.389799
0.382191 0.483155
0.382814 0.959094
0.383346 0.896667
0.384871 0.521875
0.385224 0.463067
0.386337 0.174226
0.386691 0.108562
0.388787 0.339206
0.395046 0.540737
0.396881 0.373713
0.398022 0.5513
0.400471 0.714613
0.401338 0.288901
0.402248 0.576086
0.402454 0.0368829
0.402941 0.226122
0.403935 0.94082
0.405882 0.665124
0.406059 0.635928
0.409088 0.546178
0.410336 0.5158
0.410446 0.361219
0.412643 0.28606
0.414705 0.93882
0.415567 0.441106
0.416279 0.399266
0.417845 0.712576
0.419249 0.316374
0.419599 0.20448
0.420067 0.0685801
0.422056 0.490941
0.424224 0.937936
0.424452 0.757682
0.427918 0.0136291
0.428652 0.35968
0.428977 0.82175
0.430033 0.558752
0.430544 0.157819
0.430816 0.725875
0.432845 0.826876
0.43408 0.585554
0.434656 0.268917
0.435607 0.239555
0.439919 0.711531
0.445372 0.373443
0.450487 0.338385
0.450502 0.588688
0.450985 0.699248
0.451649 0.866788
0.452228 0.597344
0.455385 0.656778
0.456327 0.490431
0.458644 0.434906
0.459056 0.347649
0.459897 0.489749
0.46037 0.434641
0.461363 0.131425
0.462525 0.659907
0.462544 0.969205
0.462825 0.698296
0.464737 0.835536
0.46609 0.569848
0.466327 0.559668
0.467475 0.850463
0.470456 0.958096
0.471139 0.428884
0.472129 0.0771215
0.472695 0.576988
0.473101 0.413407
0.473568 0.26461
0.474906 0.739391
0.475585 0.151615
0.475989 0.9452
0.476178 0.122307
0.476197 0.435871
0.480399 0.0641418
0.481984 0.705611
0.482031 0.493069
0.482304 0.0858412
0.483121 0.821604
0.483628 0.338831
0.483898 0.870659
0.483912 0.108666
0.484655 0.59027
0.485593 0.35505
0.486078 0.519769
0.486201 0.587973
0.488041 0.512745
0.489804 0.142439
0.492025 0.46378
0.492348 0.886374
0.494273 0.24341
0.495283 0.212779
0.495637 0.168763
0.497071 0.273863
0.497713 0.0691655
0.501481 0.386183
0.503012 0.123324
0.503867 0.492217
0.507022 0.511893
0.510401 0.314632
0.511403 0.144277
0.512349 0.0464103
0.51343 0.218105
0.513527 0.845544
0.513622 0.443735
0.514606 0.98616
0.515944 0.471929
0.51636 0.467952
0.516878 0.170413
0.516983 0.934257
0.517394 0.833061
0.518286 0.841149
0.519917 0.239499
0.520008 0.775815
0.52161 0.704129
0.521643 0.258518
0.523178 0.0469917
0.525749 0.266926
0.525841 0.817048
0.526059 0.469317
0.531496 0.857291
0.533159 0.812057
0.537124 0.435293
0.537201 0.741326
0.539433 0.253122
0.540658 0.833969
0.543571 0.799484
0.552275 0.0857752
0.553061 0.301155
0.553078 0.583961
0.555346 0.708757
0.556333 0.295737
0.557608 0.725283
0.557659 0.578295
0.558617 0.677293
0.559893 0.121467
0.56064 0.672271
0.564161 0.853952
0.566692 0.391717
0.566706 0.621131
0.567177 0.547506
0.570901 0.139771
0.571397 0.463654
0.572131 0.80598
0.572636 0.28578
0.57312 0.421033
0.574639 0.965864
0.577359 0.679554
0.58247 0.574183
0.582977 0.102844
0.58389 0.446425
0.584459 0.000567213
0.584638 0.0035451
0.5848 0.7389
0.586235 0.843085
0.586407 0.736932
0.586543 0.0216209
0.587355 0.680099
0.588325 0.983569
0.589749 0.906439
0.59145 0.498092
0.59207 0.922972
0.593289 0.404792
0.594026 0.79312
0.5961 0.656112
0.596135 0.247011
0.597023 0.164001
0.597202 0.1714
0.59989 0.35483
0.600806 0.75113
0.602402 0.563809
0.60304 0.292775
0.605481 0.313993
0.605632 0.851412
0.606182 0.0999027
0.608001 0.666289
0.608518 0.354999
0.611079 0.396109
0.616821 0.906472
0.617315 0.206267
0.619521 0.289569
0.61985 0.817732
0.620568 0.892145
0.62186 0.607009
0.622931 0.598557
0.623002 0.799325
0.62392 0.226562
0.625981 0.858051
0.626298 0.182189
0.626326 0.655129
0.62784 0.107632
0.630146 0.871302
0.630149 0.908869
0.632502 0.458103
0.634141 0.0014524
0.634601 0.743485
0.635368 0.631378
0.636169 0.0953474
0.637378 0.413526
0.637519 0.779273
0.639363 0.768126
0.639731 0.960702
0.640214 0.0783526
0.641633 0.922717
0.642273 0.688217
0.643319 0.254667
0.64418 0.732808
0.645838 0.592953
0.646918 0.750803
0.648019 0.256676
0.649278 0.418388
0.649516 0.419979
0.65205 0.997549
0.652158 0.819152
0.655338 0.270898
0.658324 0.45926
0.658635 0.679918
0.661415 0.404086
0.662195 0.508237
0.667661 0.381955
0.667781 0.389536
0.667862 0.754517
0.66879 0.361018
0.670095 0.293118
0.670297 0.685779
0.670377 0.0186957
0.670814 0.377189
0.670936 0.4265
0.673311 0.34539
0.674498 0.29529
0.675926 0.294139
0.676554 0.838255
0.676633 0.166632
0.676778 0.615393
0.678797 0.5335
0.6814 0.285675
0.681562 0.0107385
0.685736 0.172018
0.685758 0.534027
0.688412 0.138923
0.688938 0.984505
0.689872 0.686299
0.691252 0.880214
0.693241 0.305682
0.693684 0.748787
0.694506 0.559675
0.695418 0.896823
0.695625 0.365587
0.697115 0.412317
0.698315 0.587288
0.698735 0.643778
0.699649 0.0053125
0.70138 0.0991593
0.702703 0.326361
0.703812 0.962496
0.703891 0.294567
0.706291 0.634124
0.710507 0.490949
0.713778 0.468501
0.717615 0.95776
0.717988 0.225672
0.718028 0.899131
0.721608 0.0647752
0.721898 0.933755
0.724304 0.380267
0.724614 0.592073
0.725505 0.557046
0.726363 0.98873
0.729607 0.504925
0.730046 0.887727
0.730085 0.537269
0.731018 0.215115
0.731401 0.660364
0.732757 0.446142
0.733989 0.150911
0.734275 0.964168
0.734623 0.816961
0.734921 0.817542
0.735892 0.13128
0.739183 0.441601
0.742846 0.0187386
0.744087 0.871106
0.744118 0.399049
0.744553 0.696019
0.745214 0.808806
0.745573 0.839689
0.745808 0.803181
0.747384 0.280462
0.754334 0.0898524
0.757724 0.0738505
0.758831 0.670979
0.759931 0.166748
0.760439 0.698867
0.762477 0.945752
0.762732 0.234039
0.763811 0.366469
0.764806 0.0993481
0.765463 0.130263
0.76589 0.306394
0.765988 0.965021
0.770879 0.163366
0.772908 0.260431
0.778064 0.917435
0.778105 0.607251
0.778392 0.426181
0.784085 0.113438
0.785964 0.70475
0.789194 0.989691
0.790019 0.849315
0.794946 0.653671
0.799873 0.46
0.799904 0.979616
0.800646 0.458715
0.801511 8.54167e-05
0.802556 0.551853
0.803946 0.920406
0.805672 0.926245
0.810537 0.694007
0.810785 0.867426
0.812047 0.0723004
0.813748 0.66047
0.814041 0.594675
0.814362 0.979428
0.814834 0.910702
0.815511 0.29472
0.816662 0.634367
0.818232 0.032906
0.818313 0.381648
0.821846 0.763348
0.821876 0.262842
0.822401 0.0986098
0.825834 0.791192
0.827569 0.953003
0.828839 0.297891
0.829259 0.352588
0.83147 0.52151
0.831532 0.559796
0.833647 0.106061
0.834891 0.00530042
0.836335 0.290845
0.836863 0.164101
0.837286 0.273089
0.839704 0.903012
0.840472 0.816882
0.84148 0.758114
0.841714 0.681035
0.846427 0.897627
0.846543 0.844124
0.846604 0.877666
0.847084 0.946371
0.851119 0.755819
0.851224 0.521315
0.854234 0.108978
0.855416 0.98344
0.856257 0.116861
0.856289 0.648913
0.856601 0.887955
0.857879 0.379971
0.858125 0.508428
0.860501 0.435731
0.860951 0.0016697
0.862024 0.0407778
0.864394 0.875385
0.865479 0.11088
0.865785 0.257047
0.867389 0.199933
0.868955 0.527613
0.871007 0.0151583
0.872663 0.84489
0.872945 0.585353
0.87393 0.13317
0.880694 0.828589
0.881034 0.531555
0.882781 0.899841
0.886142 0.38746
0.887182 0.861418
0.887239 0.818254
0.887316 0.116273
0.890791 0.521047
0.891287 0.858791
0.894223 0.211116
0.894297 0.441367
0.894753 0.106732
0.895546 0.446583
0.905043 0.0551861
0.906545 0.308007
0.906848 0.392901
0.90788 0.746803
0.908902 0.916777
0.911929 0.78266
0.912913 0.324646
0.914524 0.412735
0.916271 0.773266
0.920156 0.0604309
0.922751 0.676145
0.923105 0.629688
0.923346 0.684451
0.928937 0.642793
0.929251 0.926312
0.930332 0.0853825
0.930723 0.665536
0.931513 0.933118
0.931825 0.181794
0.933509 0.48938
0.934109 0.573868
0.938277 0.621071
0.939448 0.302362
0.939728 0.00738757
0.94021 0.114896
0.940715 0.604831
0.943404 0.790703
0.945745 0.131333
0.945928 0.212184
0.94593 0.254094
0.947658 0.283037
0.9517 0.217612
0.954178 0.875912
0.956239 0.501257
0.958809 0.69808
0.960332 0.292061
0.966084 0.976898
0.96841 0.0610817
0.968669 0.421449
0.969002 0.0106119
0.969418 0.00919389
0.969703 0.803049
0.970524 0.605109
0.970578 0.510816
0.971775 0.627559
0.972253 0.660567
0.97276 0.183241
0.975798 0.237277
0.976683 0.105751
0.977217 0.0912526
0.977553 0.733321
0.979691 0.66448
0.983756 0.981327
0.984056 0.0220564
0.984089 0.583285
0.985326 0.377949
0.98717 0.359257
0.987379 0.873532
0.988994 0.0250774
0.993051 0.206105
0.994018 0.464073
0.994997 0.908707
0.996393 0.380677
0.997091 0.108397
0.9972 0.933413
0.998497 0.737349
0.999926 0.761469
