0.00435285 0.158411
0.00561739 0.411519
0.00593696 0.782475
0.00649468 0.156117
0.00767895 0.0600692
0.0124181 0.711307
0.0137786 0.577046
0.0216636 0.0998064
0.0296561 0.429652
0.0411994 0.438247
0.0472565 0.239925
0.0553004 0.434248
0.0635903 0.762326
0.0642069 0.124783
0.0667529 0.91577
0.0672801 0.776934
0.0716849 0.808478
0.0727906 0.391394
0.0744587 0.427476
0.0833056 0.11676
0.0873311 0.774595
0.0952796 0.363596
0.103337 0.787732
0.106653 0.516162
0.121962 0.823039
0.125758 0.611
0.13013 0.103441
0.136324 0.190959
0.150696 0.755282
0.151472 0.785654
0.153041 0.161372
0.154772 0.254037
0.156371 0.129406
0.157267 0.190572
0.158819 0.271768
0.162812 0.383362
0.166112 0.839566
0.16738 0.153548
0.169367 0.558003
0.169607 0.579716
0.178014 0.876877
0.180424 0.383065
0.182151 0.416453
0.194359 0.595375
0.195298 0.367598
0.196679 0.57708
0.202157 0.65786
0.205355 0.394493
0.214095 0.29971
0.218437 0.267901
0.223326 0.438752
0.224402 0.521062
0.225096 0.190178
0.226756 0.0850643
0.229337 0.472045
0.230974 0.978156
0.231151 0.960958
0.241764 0.330323
0.248279 0.819593
0.250566 0.265176
0.251784 0.736251
0.25244 0.75678
0.253811 0.799912
0.256203 0.995714
0.277671 0.815028
0.277854 0.896833
0.279307 0.31714
0.285915 0.378352
0.287048 0.407762
0.301779 0.998264
0.310736 0.535542
0.318575 0.296115
0.319782 0.582769
0.321601 0.150031
0.323469 0.550106
0.331777 0.171617
0.336429 0.366031
0.337168 0.781548
0.347522 0.795359
0.350727 0.677039
0.3582 0.261989
0.360194 0.783871
0.362018 0.437896
0.363511 0.528649
0.371609 0.632052
0.375105 0.389951
0.381363 0.564614
0.385469 0.571011
0.405911 0.147033
0.406658 0.703417
0.410173 0.778825
0.410758 0.618206
0.414546 0.269387
0.415452 0.495001
0.416346 0.520973
0.418954 0.35743
0.425204 0.401134
0.437525 0.47914
0.445536 0.11952
0.446025 0.341747
0.450778 0.21973
0.460704 0.0502175
0.471506 0.603694
0.472744 0.400877
0.47391 0.011403
0.481348 0.0147128
0.481508 0.710952
0.482471 0.897817
0.483977 0.199279
0.485013 0.60856
0.487271 0.567625
0.489194 0.887798
0.489572 0.232378
0.492013 0.254566
0.494305 0.785504
0.494352 0.580099
0.495102 0.172258
0.505771 0.500361
0.512001 0.20599
0.51334 0.700047
0.519693 0.484971
0.529184 0.994735
0.530649 0.621298
0.545312 0.0537476
0.556572 0.310563
0.56814 0.732117
0.569197 0.489906
0.574734 0.557505
0.581787 0.0952866
0.582478 0.715347
0.583125 0.5836
0.583549 0.709391
0.586221 0.624384
0.591111 0.797857
0.59249 0.985135
0.592994 0.455302
0.599442 0.82807
0.599616 0.753293
0.601686 0.542021
0.601773 0.00141948
0.602348 0.66038
0.608201 0.026376
0.610022 0.646709
0.611255 0.365707
0.611931 0.720783
0.618419 0.767824
0.620562 0.79376
0.624539 0.620443
0.624552 0.847814
0.626985 0.741462
0.631653 0.197848
0.636138 0.579386
0.642504 0.557081
0.644614 0.0335272
0.649524 0.553966
0.659476 0.820179
0.664915 0.225574
0.668142 0.462806
0.668916 0.467281
0.675649 0.640369
0.680075 0.0198031
0.680456 0.425209
0.684139 0.330084
0.68634 0.315861
0.690805 0.356522
0.69091 0.122057
0.697018 0.776003
0.698259 0.641393
0.704204 0.556087
0.70885 0.634146
0.716246 0.944227
0.719589 0.126038
0.721275 0.473406
0.722165 0.418961
0.722781 0.780292
0.727103 0.41738
0.727469 0.563866
0.738154 0.161252
0.73961 0.622342
0.742785 0.98241
0.743646 0.455746
0.746267 0.513595
0.747599 0.897113
0.749149 0.951292
0.753508 0.216016
0.757838 0.98037
0.76301 0.915194
0.770911 0.700944
0.7768 0.674203
0.776845 0.430176
0.778274 0.453889
0.785206 0.953857
0.798031 0.508729
0.807222 0.985527
0.810201 0.0547946
0.815432 0.971969
0.816365 0.65264
0.816923 0.0276679
0.81896 0.253868
0.821104 0.299941
0.828872 0.85073
0.831481 0.703333
0.844774 0.112185
0.847223 0.274293
0.849965 0.368157
0.853702 0.176586
0.857215 0.21805
0.862728 0.874577
0.864159 0.928641
0.87203 0.216062
0.875139 0.46607
0.877206 0.194323
0.877871 0.376757
0.884036 0.993589
0.888079 0.940726
0.889644 0.249223
0.896003 0.124721
0.901056 0.0475422
0.902279 0.600558
0.90288 0.697248
0.905544 0.481376
0.9092 0.917404
0.911134 0.427141
0.911432 0.43075
0.918328 0.345618
0.918574 0.479827
0.921423 0.362853
0.922731 0.340511
0.930475 0.49765
0.930554 0.828727
0.932635 0.800482
0.935107 0.345911
0.948068 0.184728
0.950542 0.762886
0.958661 0.215736
0.958914 0.466715
0.962636 0.0168499
0.966634 0.219566
0.966738 0.966435
0.971083 0.987501
0.971374 0.874952
0.980492 0.128692
0.982257 0.792463
0.984837 0.159971
0.988038 0.947046
0.988275 0.94294
0.98977 0.0565535
0.992764 0.385829
0.995489 0.190195
0.998771 0.337579
