0.00154596 0.982982
0.00376862 0.339276
0.00793427 0.351361
0.00795445 0.690376
0.00866634 0.655204
0.00967614 0.626874
0.0100173 0.361051
0.0136531 0.467871
0.0142558 0.596938
0.0144501 0.863046
0.0155088 0.656477
0.0174113 0.631375
0.0177935 0.0557906
0.0190951 0.931651
0.0194609 0.0796241
0.0206834 0.625753
0.0209429 0.987232
0.021464 0.744728
0.022567 0.283018
0.0231909 0.770094
0.0246983 0.104404
0.0248145 0.0575601
0.0251675 0.989979
0.0260149 0.232696
0.0278218 0.601575
0.028587 0.462421
0.0288818 0.416239
0.0301085 0.0337834
0.0302576 0.538683
0.0307603 0.988744
0.0311753 0.963635
0.032782 0.967482
0.0330138 0.863707
0.0347062 0.307871
0.0366531 0.0290989
0.0366644 0.218411
0.037451 0.439747
0.0378093 0.460228
0.0382168 0.309851
0.0391566 0.104278
0.0428521 0.215268
0.0448163 0.227543
0.0454485 0.85364
0.0458666 0.879317
0.0470304 0.440348
0.0471768 0.89991
0.0483126 0.989591
0.0485373 0.76565
0.0526052 0.135105
0.0533196 0.142118
0.055648 0.2761
0.0560364 0.804036
0.0574245 0.132948
0.0579569 0.0817671
0.0580179 0.106294
0.058219 0.48734
0.0585375 0.839277
0.0597346 0.959871
0.0598528 0.945405
0.0598639 0.132127
0.0599797 0.0795856
0.0602398 0.45001
0.0619324 0.897649
0.0628057 0.575238
0.0631285 5.45313e-05
0.0639649 0.058679
0.064947 0.564562
0.0680125 0.0856919
0.0686514 0.824042
0.0687157 0.904652
0.069058 0.657214
0.0701873 0.638037
0.0703551 0.45859
0.0714617 0.0567126
0.071593 0.263185
0.0724402 0.502254
0.0727657 0.973309
0.0750099 0.691776
0.0760767 0.621792
0.0774337 0.427488
0.0774757 0.133818
0.0796774 0.138222
0.0806672 0.774062
0.0807077 0.454784
0.0810244 0.776699
0.0811203 0.388118
0.0812589 0.718701
0.0824248 0.313394
0.0845479 0.997051
0.0846666 0.992212
0.0854773 0.617342
0.0863675 0.577932
0.087809 0.806352
0.0915632 0.901899
0.0929999 0.0500517
0.09367 0.311743
0.0940314 0.386485
0.0957246 0.843312
0.0961328 0.703493
0.0965306 0.389552
0.0967318 0.771522
0.099092 0.439662
0.0992098 0.419898
0.0995711 0.49075
0.100712 0.674778
0.104191 0.130392
0.10427 0.469922
0.104655 0.937093
0.105584 0.5543
0.105744 0.236444
0.10597 0.0296187
0.106452 0.146057
0.107666 0.544471
0.108024 0.559865
0.108797 0.545111
0.108814 0.831102
0.110347 0.595705
0.110751 0.393721
0.112525 0.205254
0.114326 0.482025
0.114797 0.393561
0.116419 0.65214
0.116635 0.285117
0.118663 0.366388
0.118679 0.642369
0.119849 0.305911
0.120357 0.844581
0.122773 0.446235
0.12301 0.421632
0.123297 0.246847
0.124807 0.629179
0.128289 0.149454
0.128443 0.733979
0.129096 0.715894
0.129568 0.655761
0.130526 0.758844
0.130716 0.944944
0.131261 0.111829
0.132141 0.899042
0.133153 0.895529
0.135007 0.0563665
0.135056 0.880256
0.135497 0.302793
0.137458 0.256073
0.138062 0.407249
0.138406 0.183892
0.138426 0.527752
0.142829 0.534322
0.142843 0.767697
0.145331 0.584379
0.146696 0.513802
0.148082 0.81878
0.149635 0.91123
0.153186 0.604764
0.153689 0.045441
0.154508 0.823482
0.155199 0.427264
0.157307 0.856862
0.159562 0.766919
0.163182 0.606726
0.164825 0.220113
0.165554 0.457839
0.167919 0.209996
0.168088 0.062269
0.16814 0.934322
0.168791 0.8746
0.169749 0.967009
0.170026 0.631032
0.170289 0.0435465
0.171069 0.152472
0.171399 0.707457
0.172183 0.874627
0.17272 0.900411
0.17409 0.926066
0.175025 0.651379
0.175789 0.486687
0.177791 0.138298
0.17874 0.0912485
0.180274 0.86781
0.180533 0.221009
0.180592 0.206803
0.181165 0.835139
0.181365 0.200979
0.184645 0.321479
0.186453 0.719089
0.186981 0.581193
0.189876 0.241401
0.190536 0.343951
0.191034 0.716515
0.191546 0.320715
0.192813 0.611046
0.19497 0.858273
0.195391 0.939305
0.19544 0.758139
0.196029 0.665548
0.197495 0.291242
0.197973 0.333236
0.201384 0.660577
0.201985 0.762009
0.203025 0.246501
0.203343 0.588374
0.203499 0.214332
0.206593 0.207494
0.20661 0.499026
0.2068 0.679702
0.206826 0.131534
0.206843 0.414144
0.209823 0.492788
0.21171 0.208844
0.211856 0.671677
0.212732 0.378794
0.21275 0.683545
0.213697 0.608078
0.214648 0.588389
0.215298 0.512999
0.218423 0.0385571
0.218435 0.231548
0.219768 0.638662
0.21988 0.521428
0.22236 0.196484
0.22253 0.0532813
0.224287 0.583933
0.224299 0.797374
0.224484 0.90042
0.227491 0.436163
0.230161 0.312932
0.230907 0.85022
0.233322 0.449917
0.235081 0.0103959
0.235547 0.83124
0.235633 0.277326
0.236101 0.157094
0.236244 0.551556
0.236476 0.456304
0.237329 0.783467
0.237486 0.434078
0.238772 0.0404455
0.238885 0.935961
0.239048 0.678822
0.239433 0.142855
0.240104 0.434474
0.240118 0.669015
0.240256 0.978271
0.241524 0.299492
0.242079 0.625175
0.24358 0.847904
0.245657 0.756266
0.247241 0.3876
0.247361 0.392724
0.247831 0.2909
0.25055 0.99861
0.250846 0.963667
0.251823 0.396663
0.254073 0.200359
0.254986 0.548589
0.255612 0.0770201
0.257549 0.620762
0.258453 0.826208
0.258754 0.886746
0.259026 0.44642
0.26051 0.386852
0.262153 0.997461
0.26248 0.506778
0.262821 0.234601
0.263143 0.643984
0.263725 0.420215
0.264457 0.727055
0.266746 0.205713
0.267328 0.977741
0.267765 0.319775
0.268348 0.121543
0.268393 0.884904
0.268432 0.544784
0.269495 0.396709
0.269927 0.67121
0.272394 0.121516
0.272805 0.0395179
0.272989 0.131936
0.273091 0.835353
0.273197 0.627067
0.274203 0.527563
0.274312 0.355623
0.275472 0.858466
0.277124 0.623614
0.278631 0.948681
0.278632 0.968638
0.280188 0.118823
0.281169 0.611284
0.282275 0.199889
0.283097 0.0128207
0.28317 0.230079
0.284049 0.0135431
0.284197 0.497312
0.284665 0.361028
0.284727 0.414246
0.285297 0.994395
0.285549 0.217324
0.286124 0.888228
0.28699 0.434169
0.287833 0.614126
0.28906 0.229683
0.289951 0.20389
0.291976 0.244097
0.292799 0.0756233
0.297279 0.369678
0.297394 0.309147
0.297893 0.693059
0.298338 0.168979
0.301397 0.585399
0.302983 0.239243
0.303701 0.300664
0.304321 0.718782
0.305031 0.658112
0.305307 0.296073
0.305717 0.189524
0.305991 0.789222
0.306043 0.662668
0.30701 0.915384
0.307973 0.09749
0.308322 0.970437
0.311165 0.752401
0.311621 0.416843
0.311834 0.993243
0.313345 0.385929
0.313694 0.252537
0.315024 0.600836
0.315423 0.312433
0.315584 0.012624
0.317073 0.043286
0.317423 0.931009
0.317656 0.851464
0.318751 0.245561
0.318798 0.0331595
0.319024 0.832455
0.320594 0.216061
0.320795 0.607994
0.320978 0.671963
0.321376 0.358891
0.321433 0.331356
0.321677 0.432131
0.321704 0.87724
0.322312 0.0977509
0.322984 0.397682
0.323029 0.147824
0.325146 0.735554
0.327101 0.590229
0.327205 0.335705
0.327455 0.543795
0.32751 0.460991
0.327686 0.421879
0.328282 0.435413
0.328312 0.938664
0.330206 0.765346
0.330817 0.0490229
0.331422 0.214404
0.332449 0.468825
0.333752 0.36595
0.33399 0.365702
0.337456 0.624592
0.338309 0.955245
0.338826 0.654803
0.339278 0.25301
0.341 0.180491
0.341557 0.555128
0.341764 0.0326341
0.343449 0.341387
0.343503 0.260594
0.346955 0.270597
0.347918 0.460593
0.348054 0.741111
0.348376 0.154673
0.348466 0.66985
0.348703 0.656783
0.349327 0.139938
0.349895 0.691388
0.351277 0.905495
0.351804 0.765281
0.352345 0.858051
0.352736 0.440489
0.353295 0.821402
0.353419 0.912906
0.353624 0.359545
0.35376 0.649431
0.354043 0.401164
0.355123 0.555015
0.355206 0.950511
0.356005 0.369189
0.356351 0.191562
0.357373 0.360432
0.358027 0.366021
0.358819 0.674723
0.360122 0.56284
0.362069 0.285202
0.362216 0.758742
0.363678 0.339231
0.364164 0.500663
0.364199 0.100664
0.364204 0.168957
0.364271 0.304508
0.365794 0.905407
0.366348 0.209653
0.368645 0.812014
0.370365 0.722388
0.371933 0.0808794
0.372764 0.037675
0.374314 0.100557
0.375336 0.275375
0.376869 0.034915
0.377516 0.919493
0.378022 0.414899
0.378897 0.119215
0.380244 0.763813
0.381812 0.107082
0.383327 0.572327
0.384188 0.0510236
0.385812 0.334976
0.387008 0.442014
0.387998 0.0853047
0.390776 0.770192
0.3929 0.465777
0.394156 0.580202
0.394287 0.773667
0.394299 0.983305
0.395283 0.527975
0.395532 0.698585
0.395854 0.114597
0.396326 0.0593554
0.397022 0.754956
0.397722 0.517958
0.397906 0.610399
0.397983 0.896373
0.397985 0.940483
0.398393 0.785715
0.398473 0.134997
0.399015 0.245736
0.402706 0.282195
0.403267 0.711194
0.404797 0.421936
0.40648 0.717595
0.406799 0.067098
0.407729 0.693094
0.407752 0.0795991
0.408842 0.407766
0.409752 0.697588
0.41053 0.771076
0.410828 0.786355
0.412519 0.202806
0.415176 0.868967
0.415189 0.0783305
0.415663 0.0435474
0.415921 0.37621
0.41686 0.160376
0.417958 0.612232
0.419348 0.983101
0.42019 0.13889
0.423952 0.354579
0.42407 0.350374
0.424635 0.839518
0.424934 0.85968
0.425057 0.936
0.425792 0.293383
0.427351 0.495723
0.428544 0.53853
0.428859 0.828123
0.430981 0.503852
0.431592 0.760106
0.432901 0.769562
0.433681 0.868658
0.435242 0.110553
0.435737 0.427197
0.438469 0.34035
0.438576 0.14695
0.439399 0.983517
0.440055 0.00416367
0.440945 0.958047
0.4425 0.0926962
0.44514 0.474925
0.445885 0.981807
0.44632 0.298492
0.446673 0.2343
0.447205 0.180106
0.447434 0.0233702
0.447764 0.572532
0.448581 0.298849
0.448655 0.541269
0.448846 0.747686
0.44939 0.898543
0.450296 0.124181
0.452468 0.63464
0.453151 0.109318
0.454329 0.904953
0.454792 0.693693
0.456385 0.460361
0.45809 0.120345
0.458975 0.000879258
0.459542 0.530016
0.460399 0.930739
0.461482 0.12801
0.461597 0.0555666
0.461671 0.307715
0.461701 0.814308
0.46222 0.538198
0.462612 0.125183
0.463205 0.0825789
0.463399 0.344132
0.463738 0.0480684
0.464893 0.458505
0.46497 0.757001
0.466084 0.475415
0.466381 0.465077
0.46684 0.185924
0.467057 0.824904
0.467349 0.742947
0.468868 0.268518
0.469439 0.856219
0.470294 0.225824
0.470517 0.979609
0.470628 0.838098
0.472881 0.71454
0.472938 0.676307
0.473351 0.612004
0.474063 0.568755
0.474535 0.511213
0.476044 0.871655
0.477156 0.559178
0.477579 0.66819
0.477742 0.412764
0.478243 0.823114
0.47966 0.638231
0.479863 0.0593561
0.480158 0.0154201
0.480827 0.254979
0.481263 0.591503
0.481594 0.149008
0.482869 0.574054
0.48316 0.464055
0.48532 0.780882
0.486184 0.302452
0.489097 0.255312
0.48961 0.873287
0.489827 0.523161
0.490017 0.714512
0.49027 0.960121
0.491796 0.614842
0.493829 0.775645
0.494068 0.797648
0.494431 0.895947
0.494957 0.734774
0.498125 0.982761
0.500064 0.570111
0.500774 0.513104
0.500918 0.936594
0.501547 0.507412
0.50299 0.761119
0.503459 0.632381
0.504611 0.00381866
0.506649 0.258467
0.507159 0.822456
0.507698 0.883091
0.507715 0.162351
0.508759 0.720889
0.510644 0.395841
0.511436 0.704895
0.511998 0.15461
0.512055 0.114843
0.512224 0.952003
0.5139 0.119779
0.513929 0.602753
0.514377 0.137652
0.514432 0.0544565
0.515157 0.245216
0.515231 0.493593
0.518141 0.396864
0.518624 0.511213
0.518813 0.695215
0.519363 0.931355
0.519434 0.124352
0.519779 0.927895
0.520337 0.307384
0.520551 0.902019
0.521607 0.648186
0.524865 0.40091
0.525066 0.79296
0.527022 0.651518
0.527636 0.983898
0.52888 0.878535
0.529074 0.155319
0.531139 0.846663
0.531636 0.208278
0.535317 0.0772842
0.536813 0.213649
0.53763 0.95558
0.537719 0.443834
0.537867 0.935531
0.540298 0.796081
0.540713 0.758498
0.541031 0.102718
0.541534 0.560433
0.543671 0.478373
0.544398 0.697057
0.546362 0.700825
0.546581 0.387515
0.547529 0.312509
0.548087 0.694189
0.548413 0.180044
0.550613 0.14854
0.551281 0.37697
0.551352 0.574295
0.552276 0.100403
0.552986 0.0334244
0.553118 0.251637
0.554149 0.584454
0.55424 0.117781
0.554274 0.680598
0.554939 0.861099
0.555645 0.722415
0.555938 0.646924
0.55607 0.868063
0.557035 0.0881974
0.557647 0.375443
0.558571 0.910254
0.559805 0.63736
0.561461 0.469213
0.562082 0.905089
0.564101 0.84104
0.564906 0.383382
0.567604 0.720436
0.568051 0.240951
0.569658 0.247661
0.570306 0.12763
0.570899 0.106861
0.571231 0.687328
0.574229 0.0644306
0.574259 0.562642
0.574459 0.940589
0.575253 0.285088
0.581027 0.325454
0.581268 0.37866
0.582082 0.0594509
0.585502 0.532237
0.585622 0.542534
0.586279 0.5966
0.589092 0.867932
0.594698 0.087158
0.596044 0.706915
0.597457 0.463514
0.598136 0.876349
0.598286 0.392777
0.599657 0.441145
0.600333 0.798537
0.601112 0.890863
0.601505 0.486786
0.602714 0.815843
0.603963 0.809601
0.60487 0.0555171
0.605176 0.197285
0.605373 0.508732
0.60549 0.469503
0.606103 0.779782
0.609156 0.0799968
0.611789 0.345292
0.613199 0.0281591
0.613298 0.696357
0.613497 0.0423495
0.613612 0.980292
0.617985 0.480942
0.618116 0.683008
0.618622 0.172115
0.618804 0.245858
0.618905 0.934061
0.619205 0.985622
0.619314 0.806357
0.619772 0.503794
0.620991 0.00114945
0.62625 0.380925
0.636733 0.564182
0.637866 0.612383
0.639381 0.0689717
0.639904 0.875171
0.64036 0.52828
0.640497 0.833999
0.641176 0.240635
0.643164 0.651781
0.643825 0.76301
0.643984 0.441648
0.64404 0.382667
0.645237 0.503425
0.645411 0.425259
0.645603 0.645951
0.646003 0.377028
0.646046 0.0929446
0.646915 0.708118
0.650061 0.566954
0.650122 0.59764
0.650622 0.00450671
0.651044 0.0963321
0.651314 0.627855
0.652792 0.479136
0.653607 0.167777
0.65552 0.317351
0.655992 0.253963
0.656655 0.405076
0.657141 0.563721
0.657356 0.176843
0.657712 0.17217
0.658514 0.644279
0.659437 0.150015
0.659629 0.380427
0.660016 0.888241
0.660027 0.0782181
0.660537 0.640884
0.660773 0.603954
0.66352 0.781701
0.664332 0.429488
0.666014 0.702951
0.667799 0.703467
0.668483 0.201852
0.669087 0.34636
0.66996 0.0151675
0.670666 0.874981
0.672075 0.56166
0.673103 0.837689
0.673302 0.181623
0.674425 0.0547325
0.674982 0.42465
0.675787 0.956043
0.676208 0.0277232
0.676581 0.300597
0.676598 0.581447
0.677048 0.145452
0.678234 0.0708407
0.678595 0.139141
0.679294 0.900695
0.679327 0.45067
0.679363 0.0624649
0.680575 0.42674
0.682819 0.144111
0.683218 0.84681
0.683387 0.692986
0.684902 0.146272
0.685227 0.614721
0.686112 0.480721
0.688103 0.94835
0.688423 0.32325
0.690619 0.227039
0.690638 0.560567
0.69241 0.337938
0.693633 0.895853
0.695028 0.332706
0.695475 0.850412
0.697662 0.604591
0.698738 0.696152
0.701187 0.847733
0.702938 0.277543
0.704441 0.533722
0.705061 0.956567
0.710572 0.582993
0.71117 0.633672
0.714149 0.707698
0.714474 0.165197
0.714486 0.371399
0.715072 0.208088
0.715989 0.627264
0.71606 0.812725
0.716821 0.60469
0.716863 0.313
0.718519 0.151036
0.719307 0.386224
0.720368 0.228656
0.722985 0.20119
0.723138 0.781113
0.723951 0.446142
0.724102 0.982942
0.725779 0.171747
0.726384 0.342827
0.726965 0.107013
0.727682 0.153611
0.728839 0.588873
0.730765 0.974075
0.732126 0.838805
0.733548 0.73862
0.73418 0.360505
0.734215 0.953009
0.734437 0.683807
0.734559 0.737149
0.734802 0.811088
0.735496 0.478897
0.735737 0.533817
0.736702 0.755463
0.738266 0.0425855
0.738482 0.669998
0.74073 0.451577
0.743126 0.720109
0.744283 0.157437
0.745317 0.539811
0.747881 0.633068
0.748753 0.288672
0.748959 0.756184
0.75027 0.793957
0.75045 0.814153
0.750815 0.95534
0.752755 0.547668
0.754005 0.559873
0.757472 0.832749
0.757617 0.265552
0.758375 0.00616131
0.759021 0.857454
0.760551 0.581994
0.760889 0.264767
0.761961 0.277391
0.761979 0.586384
0.762238 0.94078
0.763224 0.504829
0.763395 0.371761
0.764496 0.891557
0.766504 0.625439
0.766933 0.840983
0.767496 0.309239
0.768064 0.858928
0.769305 0.705621
0.770189 0.561322
0.772072 0.212028
0.772131 0.206368
0.773006 0.904235
0.774127 0.746931
0.774716 0.651256
0.777056 0.971616
0.777703 0.862345
0.778427 0.0291562
0.779274 0.251555
0.780026 0.902349
0.780509 0.00971627
0.780737 0.851665
0.782402 0.825653
0.782503 0.523497
0.782861 0.552283
0.782875 0.775311
0.784111 0.551684
0.784484 0.818304
0.785681 0.933913
0.787386 0.592981
0.787442 0.52979
0.788194 0.169079
0.788751 0.546047
0.790376 0.844541
0.793855 0.325105
0.796436 0.691901
0.796769 0.292991
0.797285 0.962182
0.797846 0.389983
0.798378 0.344038
0.799266 0.26761
0.801531 0.329004
0.80204 0.890747
0.802569 0.773801
0.802833 0.212949
0.803512 0.627357
0.804456 0.497386
0.805043 0.350386
0.805193 0.874696
0.805492 0.903247
0.80758 0.99772
0.807657 0.297704
0.810376 0.989276
0.811554 0.793723
0.811631 0.0855205
0.81283 0.240441
0.814678 0.289369
0.815492 0.977916
0.816659 0.591807
0.817144 0.744551
0.817332 0.893781
0.820276 0.379342
0.821181 0.583833
0.821278 0.216461
0.822195 0.622841
0.824902 0.128921
0.827 0.387583
0.827224 0.151855
0.828142 0.582153
0.828527 0.0540043
0.829534 0.977064
0.830803 0.302848
0.832112 0.310176
0.832504 0.901701
0.832751 0.0428206
0.834602 0.159604
0.835772 0.821768
0.838089 0.758229
0.840617 0.252291
0.84363 0.893815
0.843788 0.545014
0.845141 0.286032
0.847236 0.490739
0.847328 0.0452441
0.848685 0.848263
0.85029 0.819998
0.851967 0.0118399
0.852594 0.555939
0.853252 0.611852
0.853639 0.104874
0.854474 0.142947
0.854506 0.686691
0.856325 0.260716
0.858401 0.15168
0.859079 0.549112
0.863525 0.264375
0.864128 0.404008
0.864203 0.661142
0.864725 0.432882
0.865195 0.335269
0.866601 0.966075
0.867592 0.62278
0.868667 0.69022
0.868893 0.488412
0.869436 0.606734
0.869512 0.885939
0.86959 0.207359
0.870038 0.724125
0.87168 0.323143
0.872667 0.912792
0.872906 0.924878
0.872912 0.0379064
0.873988 0.123621
0.87527 0.65768
0.875324 0.569734
0.875729 0.371428
0.878365 0.688361
0.880256 0.459202
0.880931 0.805802
0.882898 0.866498
0.884555 0.719686
0.884911 0.691933
0.885246 0.324931
0.88534 0.911391
0.885435 0.513637
0.885498 0.57022
0.886694 0.671608
0.887419 0.843185
0.888223 0.372199
0.888605 0.791082
0.889187 0.573652
0.890545 0.38755
0.891581 0.80004
0.894756 0.167887
0.898006 0.786397
0.899038 0.131157
0.900961 0.45281
0.900965 0.516947
0.901019 0.431803
0.901078 0.42187
0.901787 0.331835
0.902471 0.825805
0.903241 0.770698
0.903717 0.763166
0.906092 0.693075
0.907903 0.119917
0.907926 0.510218
0.909731 0.845985
0.910893 0.384249
0.913661 0.893458
0.913832 0.780567
0.915844 0.582178
0.916358 0.230371
0.916515 0.864218
0.916769 0.135632
0.916861 0.682349
0.917342 0.76032
0.917759 0.77911
0.919599 0.694865
0.919764 0.470847
0.920441 0.848095
0.920513 0.0635222
0.923076 0.132306
0.923554 0.176131
0.925248 0.646357
0.927707 0.980043
0.928079 0.225126
0.929503 0.161857
0.929763 0.52386
0.931025 0.73001
0.933665 0.106894
0.934397 0.40975
0.934498 0.115696
0.935049 0.367661
0.938521 0.726854
0.939331 0.335556
0.940038 0.220454
0.941305 0.505361
0.94352 0.740126
0.943959 0.121754
0.944802 0.278514
0.944934 0.513842
0.947196 0.516578
0.947411 0.130334
0.948611 0.311496
0.949696 0.540816
0.949804 0.362458
0.950168 0.465625
0.952167 0.0663806
0.953017 0.359491
0.95384 0.186533
0.95687 0.120591
0.956986 0.068512
0.957287 0.119588
0.957402 0.0479664
0.957534 0.272432
0.958378 0.463252
0.960316 0.0305037
0.96312 0.159843
0.965208 0.245824
0.965556 0.0976551
0.967548 0.576617
0.967957 0.454539
0.968686 0.711863
0.969715 0.993668
0.970453 0.398385
0.971152 0.152809
0.971937 0.344647
0.97235 0.292436
0.973368 0.39407
0.973875 0.916595
0.974036 0.620746
0.974208 0.513678
0.975508 0.367585
0.978336 0.896781
0.978729 0.505054
0.979337 0.72328
0.979471 0.963805
0.980239 0.881157
0.981335 0.299703
0.981743 0.158036
0.981954 0.695751
0.982458 0.165369
0.983023 0.670033
0.98335 0.169897
0.985319 0.262924
0.985915 0.266104
0.987085 0.945275
0.987136 0.78848
0.98748 0.580346
0.987665 0.688134
0.989417 0.128454
0.989899 0.227933
0.990072 0.135507
0.991386 0.22887
0.991636 0.430175
0.993414 0.300546
0.997887 0.49541
0.999867 0.765814
