0.00420946 0.748343
0.00646454 0.649595
0.00813925 0.796349
0.0116385 0.608963
0.0130349 0.0769492
0.01401 0.466791
0.0146223 0.757457
0.014802 0.777246
0.0218609 0.41551
0.0256996 0.933218
0.0336836 0.12046
0.0352325 0.153014
0.0420152 0.150132
0.0422218 0.62133
0.0540556 0.512782
0.0541459 0.0293289
0.055347 0.21784
0.055582 0.16618
0.0558724 0.0468295
0.0559781 0.824707
0.0563802 0.581399
0.0573276 0.505032
0.0574738 0.962418
0.0612777 0.893508
0.0633169 0.167676
0.0634421 0.271913
0.0637844 0.023793
0.0682439 0.975515
0.0700699 0.665033
0.070348 0.338518
0.0708188 0.250946
0.0718949 0.337232
0.0721689 0.942087
0.0757722 0.503793
0.0783379 0.625624
0.0829836 0.704677
0.083778 0.0562044
0.0875943 0.197746
0.0880719 0.224509
0.0903411 0.362391
0.0910453 0.198695
0.0921664 0.0403498
0.0931708 0.921852
0.0952043 0.0981663
0.103485 0.278247
0.104747 0.486558
0.107266 0.824946
0.111084 0.983619
0.111882 0.406461
0.113927 0.771547
0.115017 0.0989787
0.11588 0.598971
0.12191 0.940968
0.122905 0.667688
0.124301 0.131307
0.125168 0.692118
0.126274 0.295508
0.1334 0.0529742
0.134117 0.108854
0.136485 0.897153
0.141157 0.433336
0.145359 0.0470973
0.147165 0.395495
0.147897 0.701577
0.148933 0.125031
0.15066 0.137797
0.150781 0.169405
0.154759 0.0316742
0.155104 0.825074
0.155791 0.382719
0.15924 0.346078
0.160006 0.215446
0.166827 0.864305
0.168181 0.613588
0.169361 0.446117
0.170727 0.40085
0.172358 0.826076
0.17459 0.332777
0.179714 0.447609
0.180536 0.262152
0.184014 0.721593
0.18679 0.387877
0.187762 0.718638
0.18999 0.158658
0.19 0.328099
0.190929 0.936446
0.191441 0.551518
0.191671 0.414981
0.192365 0.0704644
0.197859 0.409248
0.199446 0.0836278
0.199807 0.162165
0.202703 0.821982
0.202857 0.41053
0.204061 0.649302
0.204864 0.145485
0.209829 0.590148
0.21229 0.962738
0.215036 0.115699
0.218455 0.570343
0.226881 0.194553
0.232336 0.863102
0.234865 0.371635
0.238277 0.716844
0.238456 0.727178
0.239008 0.00101097
0.239663 0.0113899
0.239789 0.132931
0.243053 0.985331
0.244608 0.119527
0.24466 0.00347604
0.25394 0.971002
0.254345 0.779552
0.255157 0.429084
0.260973 0.171796
0.261064 0.698118
0.263192 0.468969
0.26818 0.297891
0.270057 0.852497
0.271947 0.608906
0.272305 0.629904
0.28095 0.923695
0.283348 0.237792
0.285598 0.0533136
0.290902 0.189946
0.296018 0.181748
0.298387 0.982796
0.301344 0.692739
0.304384 0.787465
0.309769 0.285761
0.312324 0.234402
0.319116 0.387734
0.319634 0.0850925
0.322201 0.2401
0.322788 0.0977012
0.327571 0.488531
0.327975 0.268185
0.32871 0.627392
0.331377 0.460028
0.335626 0.871836
0.338074 0.0144336
0.339617 0.949237
0.340009 0.524835
0.343482 0.910301
0.345606 0.606989
0.347806 0.569656
0.347816 0.736099
0.34819 0.0247747
0.349545 0.798531
0.350286 0.254362
0.35272 0.163091
0.353848 0.118159
0.354137 0.983225
0.35485 0.971564
0.355267 0.97942
0.355525 0.310799
0.35822 0.610341
0.360564 0.00403403
0.360766 0.396789
0.361043 0.0577515
0.365897 0.628617
0.366569 0.931734
0.368097 0.610568
0.374123 0.881141
0.378788 0.283485
0.379769 0.782207
0.380472 0.598162
0.383988 0.681059
0.38481 0.495008
0.387519 0.0285741
0.387881 0.118601
0.388289 0.971338
0.391485 0.684892
0.392843 0.517542
0.393475 0.127062
0.394128 0.106026
0.396672 0.868204
0.400251 0.0261001
0.400422 0.893909
0.401105 0.374637
0.402414 0.375312
0.404817 0.759667
0.404989 0.655259
0.407482 0.557813
0.418468 0.194957
0.421765 0.599437
0.422206 0.0191717
0.426404 0.564726
0.426587 0.649247
0.428114 0.308891
0.429368 0.395986
0.42977 0.141314
0.43136 0.866385
0.439072 0.478855
0.439762 0.0764937
0.439808 0.844754
0.445068 0.258394
0.446844 0.111117
0.448186 0.662745
0.450382 0.572224
0.454841 0.508394
0.458764 0.439787
0.458872 0.268317
0.462939 0.612744
0.465161 0.953064
0.467067 0.99688
0.468519 0.391916
0.470648 0.187757
0.473014 0.946934
0.476329 0.658466
0.478258 0.0796308
0.482274 0.581338
0.483526 0.626609
0.488245 0.931451
0.497529 0.969125
0.49832 0.255772
0.50002 0.838244
0.501644 0.127815
0.504034 0.292155
0.505426 0.697116
0.505435 0.838664
0.505645 0.373483
0.508514 0.601151
0.512128 0.331123
0.51461 0.0536386
0.514766 0.671716
0.517504 0.697458
0.520419 0.686499
0.522337 0.923745
0.522719 0.335975
0.523076 0.3379
0.524923 0.384536
0.529153 0.48199
0.530949 0.660235
0.532059 0.323113
0.53277 0.269424
0.533399 0.839781
0.534639 0.674155
0.535663 0.891697
0.536264 0.985867
0.543064 0.270831
0.543081 0.568609
0.543858 0.615863
0.546173 0.533407
0.546335 0.254558
0.547079 0.751814
0.547424 0.559786
0.55465 0.00414025
0.555201 0.257288
0.558222 0.0319542
0.561077 0.0257315
0.562412 0.455574
0.562878 0.292868
0.563025 0.759004
0.564168 0.970816
0.566415 0.733165
0.568664 0.528212
0.569037 0.809437
0.569647 0.0637574
0.571374 0.0846312
0.572528 0.471902
0.573632 0.0251006
0.574497 0.564108
0.575248 0.18783
0.576881 0.643759
0.580066 0.161739
0.581397 0.542565
0.58246 0.405932
0.583889 0.415112
0.585116 0.0498353
0.585204 0.521991
0.585933 0.782045
0.592724 0.910827
0.594619 0.759219
0.595305 0.295718
0.599853 0.734144
0.600123 0.274855
0.60182 0.794755
0.602452 0.418316
0.604028 0.892872
0.610272 0.849031
0.617933 0.5952
0.618201 0.107689
0.622396 0.60976
0.6264 0.912349
0.627421 0.0724381
0.627469 0.872504
0.628953 0.816615
0.629235 0.54911
0.630408 0.259673
0.631038 0.860725
0.639232 0.568572
0.639417 0.673175
0.63988 0.456836
0.64012 0.503358
0.643082 0.285586
0.645055 0.43584
0.647947 0.0404735
0.648185 0.0533504
0.650406 0.370332
0.651886 0.242135
0.65399 0.616784
0.656056 0.32497
0.656458 0.0900056
0.660873 0.28887
0.662372 0.483925
0.664123 0.915503
0.664225 0.624211
0.667881 0.0744437
0.67132 0.876243
0.673098 0.75534
0.67344 0.499449
0.68389 0.145238
0.685192 0.0233132
0.685372 0.0433604
0.686659 0.674623
0.688993 0.912673
0.697967 0.734244
0.701329 0.236036
0.706521 0.492031
0.70929 0.0292194
0.709441 0.57826
0.711197 0.0827956
0.722727 0.864231
0.724056 0.200884
0.724234 0.205224
0.731922 0.411317
0.732193 0.971868
0.736511 0.53434
0.738511 0.152189
0.73917 0.233873
0.740498 0.552988
0.748058 0.61623
0.756367 0.260735
0.757254 0.161626
0.757883 0.745554
0.758216 0.332854
0.758834 0.717499
0.759152 0.0699682
0.761339 0.832772
0.762782 0.0800149
0.769517 0.26899
0.774305 0.744915
0.775362 0.516432
0.779163 0.400932
0.77923 0.522294
0.782654 0.07037
0.784162 0.41134
0.785207 0.969267
0.785602 0.615224
0.786469 0.187039
0.787864 0.638254
0.792534 0.115419
0.798307 0.147723
0.799062 0.840677
0.799884 0.647911
0.803725 0.213845
0.807581 0.0176774
0.811205 0.919955
0.812577 0.985424
0.816457 0.190983
0.817106 0.0965281
0.818049 0.947783
0.821242 0.617587
0.824407 0.809576
0.824591 0.89729
0.824657 0.00821984
0.824767 0.864165
0.825657 0.821899
0.827267 0.876593
0.82934 0.708773
0.832176 0.37774
0.832378 0.771676
0.836366 0.801891
0.837838 0.549098
0.839541 0.165693
0.840452 0.477789
0.843789 0.556957
0.844322 0.523041
0.844914 0.476492
0.845086 0.354929
0.848951 0.327498
0.849477 0.161802
0.850061 0.968227
0.853198 0.691268
0.854264 0.621573
0.856594 0.781767
0.857108 0.412624
0.858149 0.915775
0.858831 0.367037
0.85971 0.146626
0.863144 0.855362
0.86605 0.703403
0.867916 0.0722499
0.870517 0.785301
0.870617 0.465865
0.874832 0.305064
0.875738 0.520943
0.880746 0.703515
0.884812 0.0429956
0.886283 0.756322
0.886508 0.543353
0.889341 0.150077
0.88955 0.673532
0.889932 0.0876801
0.89042 0.280777
0.892418 0.876978
0.892793 0.180109
0.896476 0.075811
0.899413 0.437645
0.900938 0.0672046
0.903394 0.348524
0.905706 0.200813
0.907573 0.578785
0.909154 0.155523
0.911134 0.428181
0.913754 0.470675
0.9195 0.0423665
0.924333 0.258001
0.924396 0.326817
0.927748 0.666658
0.930931 0.154234
0.931977 0.741259
0.933598 0.978425
0.935977 0.957406
0.943554 0.306724
0.945383 0.059104
0.953255 0.351096
0.955238 0.677866
0.955871 0.319482
0.957395 0.932418
0.96279 0.613436
0.963466 0.981276
0.971139 0.937036
0.974148 0.507997
0.976116 0.578446
0.976253 0.887193
0.976726 0.839888
0.97812 0.260689
0.985581 0.66042
0.98589 0.851408
0.988092 0.868945
0.989059 0.114109
0.991337 0.404957
0.994151 0.703307
0.9957 0.724591
0.995829 0.901793
0.996909 0.0527323
0.998851 0.686806
0.99939 0.749671
