0.0208883 0.0702868
0.0256531 0.151998
0.0271875 0.939736
0.0310324 0.560791
0.0324544 0.461208
0.0364035 0.833273
0.0377169 0.907704
0.0393101 0.684499
0.0429833 0.419902
0.0431851 0.811474
0.0474159 0.919471
0.0529784 0.408809
0.0575622 0.44715
0.0591107 0.473389
0.0612583 0.568448
0.0721125 0.994737
0.0856946 0.269024
0.0859783 0.0366288
0.091481 0.521586
0.0933842 0.507949
0.0936232 0.525271
0.0981699 0.940735
0.111575 0.245385
0.120154 0.436596
0.125356 0.852218
0.126071 0.874742
0.141704 0.615342
0.144059 0.20723
0.14455 0.452725
0.148906 0.661906
0.15204 0.33982
0.158042 0.208963
0.160899 0.235994
0.170773 0.182806
0.173757 0.338814
0.178065 0.739601
0.185032 0.832103
0.19164 0.900249
0.199446 0.0836513
0.203636 0.509548
0.214416 0.693213
0.220098 0.188927
0.221821 0.139645
0.222267 0.643247
0.22336 0.00968555
0.233305 0.16096
0.23405 0.68625
0.240373 0.95738
0.241284 0.265359
0.252788 0.606209
0.255285 0.57329
0.256577 0.291058
0.257518 0.109489
0.258674 0.52952
0.263683 0.713564
0.264423 0.158031
0.287809 0.197896
0.288826 0.296533
0.289567 0.74453
0.300323 0.532822
0.300537 0.129681
0.306933 0.617607
0.31014 0.522406
0.310955 0.222435
0.325408 0.136814
0.329728 0.732752
0.333315 0.0257935
0.334981 0.031775
0.33884 0.881141
0.339579 0.31163
0.348041 0.529376
0.353833 0.866854
0.354838 0.762874
0.359058 0.687561
0.360384 0.969492
0.360774 0.522934
0.370677 0.966493
0.378098 0.69894
0.391218 0.200868
0.394107 0.753276
0.401678 0.998872
0.402492 0.679655
0.40734 0.161644
0.421579 0.473687
0.422621 0.992302
0.429967 0.455257
0.433808 0.017075
0.437894 0.688519
0.439413 0.215279
0.446321 0.316047
0.450668 0.369874
0.451329 0.487967
0.451376 0.27548
0.457688 0.363105
0.469915 0.867056
0.471814 0.770953
0.474265 0.977648
0.481972 0.508708
0.483936 0.504391
0.489269 0.152133
0.512102 0.903663
0.512416 0.17048
0.516934 0.105726
0.526739 0.901217
0.539268 0.482094
0.541454 0.220527
0.543882 0.0177154
0.548213 0.812302
0.548502 0.665559
0.55532 0.259985
0.558919 0.754681
0.559128 0.256379
0.572345 0.399582
0.574422 0.318345
0.584427 0.460775
0.587166 0.499259
0.590428 0.316832
0.592453 0.366124
0.595908 0.427845
0.596123 0.0322478
0.606748 0.615946
0.614927 0.0746251
0.619451 0.11404
0.620651 0.287876
0.625397 0.0447072
0.631346 0.0270989
0.648206 0.40549
0.649008 0.876456
0.652492 0.429696
0.670788 0.932252
0.683821 0.980862
0.703304 0.426729
0.710724 0.137262
0.711606 0.969766
0.734433 0.610733
0.742995 0.524719
0.745329 0.749472
0.748545 0.798581
0.749995 0.170983
0.755576 0.967311
0.756659 0.165998
0.757627 0.445238
0.760912 0.652118
0.772633 0.641989
0.777408 0.896217
0.779412 0.577466
0.779827 0.545721
0.783641 0.655902
0.784982 0.195987
0.78636 0.359895
0.787442 0.538806
0.795788 0.810282
0.796731 0.655486
0.805278 0.30851
0.810468 0.535696
0.810958 0.774147
0.815194 0.972859
0.827343 0.145349
0.83054 0.887532
0.832336 0.068516
0.835083 0.242255
0.840631 0.488796
0.852624 0.0487032
0.852963 0.746018
0.853606 0.548779
0.854461 0.923315
0.856849 0.0671501
0.867932 0.340679
0.877015 0.987789
0.877868 0.322575
0.889002 0.455204
0.891695 0.718768
0.895154 0.857977
0.898863 0.185226
0.900948 0.240066
0.902869 0.524481
0.921003 0.29457
0.926673 0.589929
0.930116 0.461179
0.931151 0.85559
0.933165 0.709896
0.935348 0.394953
0.93801 0.135191
0.940661 0.688943
0.94315 0.529292
0.944878 0.564738
0.94583 0.569593
0.946078 0.727399
0.951727 0.668482
0.952314 0.548584
0.958289 0.968298
0.9619 0.661251
0.963668 0.364577
0.974791 0.305914
0.978125 0.339923
0.978936 0.975494
0.988318 0.658333
0.988539 0.368611
0.991279 0.432366
0.991762 0.5517
