0.0227995 0.191984
0.0410748 0.343613
0.0453407 0.0414204
0.0617314 0.519303
0.0662903 0.14071
0.0974325 0.548736
0.110019 0.0965383
0.153315 0.767065
0.159216 0.94525
0.167313 0.0263397
0.200645 0.232608
0.204563 0.0889927
0.232078 0.536528
0.273251 0.531427
0.311605 0.14839
0.380115 0.586016
0.430618 0.403581
0.436096 0.469498
0.444519 0.0342431
0.468075 0.931915
0.490817 0.161419
0.494631 0.261779
0.50597 0.831256
0.516908 0.674525
0.518773 0.022405
0.523772 0.0316388
0.541535 0.572807
0.561484 0.856876
0.589809 0.925503
0.670991 0.345872
0.690773 0.815407
0.691126 0.762344
0.698558 0.667049
0.699691 0.706461
0.711571 0.378366
0.713695 0.0773243
0.723836 0.519337
0.737175 0.69846
0.753174 0.591588
0.821334 0.155414
0.822891 0.329579
0.850531 0.867514
0.861187 0.977238
0.919236 0.601638
0.921117 0.221656
0.92915 0.220516
0.929698 0.430446
0.976116 0.57436
0.987325 0.96691
0.997599 0.639523
