0.000346438 0.8226
0.00214798 0.101124
0.00294119 0.432514
0.00297177 0.94648
0.00320376 0.845679
0.00367377 0.745099
0.00435118 0.130354
0.00501993 0.369896
0.00541452 0.00182859
0.00543193 0.294417
0.00772105 0.767698
0.00794864 0.592883
0.00908324 0.662027
0.00917978 0.284512
0.00940311 0.0381406
0.00945764 0.954546
0.00953607 0.272788
0.00980255 0.751506
0.00980922 0.863603
0.0099473 0.184294
0.0102436 0.164604
0.0112832 0.636786
0.0115811 0.643564
0.0124128 0.621233
0.0136824 0.959813
0.0138235 0.331751
0.0142462 0.435519
0.014557 0.658822
0.0148373 0.370665
0.01627 0.450454
0.0163489 0.776264
0.0167968 0.303541
0.0170818 0.0946644
0.0174184 0.75068
0.0189282 0.127048
0.0196658 0.523868
0.0197903 0.615779
0.0201422 0.529508
0.0204088 0.0105431
0.0217205 0.0558444
0.023334 0.175278
0.0234667 0.405457
0.0235946 0.555212
0.0242756 0.999375
0.0244141 0.327368
0.0247668 0.256054
0.0248608 0.835454
0.025339 0.873214
0.0261905 0.183722
0.0262635 0.410247
0.0263292 0.515096
0.0271549 0.392094
0.0279421 0.622767
0.028007 0.713809
0.028133 0.831414
0.0282598 0.961665
0.0287484 0.174728
0.0291141 0.320361
0.0293764 0.729831
0.0307919 0.519434
0.0314825 0.127184
0.0316085 0.243873
0.0316957 0.709564
0.0321082 0.642052
0.0328193 0.594389
0.0335961 0.650198
0.0340063 0.543977
0.0348186 0.195395
0.0350555 0.177037
0.0351167 0.20669
0.0352732 0.836906
0.0368122 0.703346
0.0378555 0.237262
0.0399419 0.303114
0.0411273 0.226091
0.0415729 0.715629
0.0420137 0.125017
0.0430877 0.174715
0.0432383 0.706631
0.0437259 0.900769
0.044085 0.935808
0.0454444 0.783868
0.048688 0.29993
0.0489143 0.102849
0.0496522 0.504873
0.0498877 0.462794
0.0507343 0.691149
0.0508227 0.17729
0.050949 0.300052
0.0521418 0.348024
0.0521466 0.427345
0.0562771 0.849009
0.0565554 0.527041
0.0566741 0.520973
0.0566955 0.8809
0.0568002 0.641747
0.0569057 0.413903
0.0569338 0.887038
0.0585994 0.880286
0.0589157 0.196144
0.0602184 0.0915078
0.0606245 0.915546
0.0615174 0.922813
0.0617592 0.987265
0.0621507 0.567074
0.0629609 0.184268
0.0632447 0.953086
0.0637111 0.792314
0.066186 0.387784
0.0670905 0.589481
0.067567 0.598878
0.0675973 0.107865
0.0677526 0.717216
0.0679157 0.459286
0.0679814 0.5639
0.0693657 0.829958
0.0696095 0.926437
0.0700585 0.473248
0.0705991 0.5596
0.0711808 0.335494
0.071354 0.246559
0.0713989 0.00210931
0.0720533 0.999872
0.0729426 0.945811
0.0731539 0.497598
0.0736824 0.380628
0.0741035 0.458359
0.0742811 0.442459
0.0758049 0.0523899
0.0775556 0.47633
0.0784416 0.368713
0.0784432 0.395675
0.0788538 0.295777
0.0789541 0.982368
0.0795128 0.372054
0.0805952 0.563659
0.0815196 0.0999805
0.0815308 0.288666
0.0826448 0.0107192
0.0828432 0.345026
0.083275 0.603139
0.0836598 0.0708815
0.0838067 0.539436
0.0838915 0.965087
0.084137 0.0913369
0.084882 0.611767
0.0849142 0.153688
0.0863909 0.971246
0.0865275 0.268176
0.087308 0.385718
0.0903465 0.454014
0.0911447 0.86957
0.0915954 0.444016
0.0925874 0.116358
0.0926505 0.177238
0.0940743 0.106542
0.0943885 0.386735
0.0954842 0.80219
0.095905 0.875044
0.0976108 0.544647
0.0983698 0.300901
0.0989643 0.293398
0.100261 0.0817361
0.100832 0.675722
0.102815 0.0162978
0.103234 0.0601475
0.103565 0.62432
0.103647 0.988269
0.103801 0.575713
0.104525 0.758717
0.104892 0.916708
0.105903 0.914932
0.106682 0.997413
0.106985 0.104315
0.107001 0.359188
0.108907 0.407881
0.110768 0.685214
0.111371 0.816488
0.111978 0.0155387
0.112236 0.349571
0.114113 0.895231
0.114345 0.794962
0.114492 0.27265
0.114501 0.419097
0.115461 0.553595
0.115821 0.604021
0.11652 0.350266
0.116839 0.718889
0.117614 0.733265
0.118557 0.589105
0.118605 0.390729
0.120129 0.00807146
0.12051 0.417015
0.120742 0.311393
0.121029 0.127748
0.121113 0.5458
0.122358 0.470937
0.122521 0.20223
0.122757 0.183942
0.123024 0.664727
0.123597 0.291638
0.123814 0.940331
0.123994 0.972556
0.125428 0.0733276
0.127365 0.631008
0.128241 0.341514
0.128348 0.142871
0.12878 0.39894
0.130918 0.338536
0.131226 0.514685
0.131406 0.545423
0.13167 0.979468
0.13192 0.177204
0.132542 0.63634
0.132876 0.238737
0.133197 0.634651
0.133213 0.913371
0.133573 0.96173
0.134177 0.105417
0.135425 0.0880619
0.135764 0.793399
0.135946 0.839281
0.13614 0.103245
0.136658 0.813603
0.138719 0.449317
0.139465 0.996404
0.139861 0.649913
0.140586 0.83593
0.14136 0.837533
0.142118 0.581507
0.142312 0.846113
0.14282 0.369796
0.143966 0.63863
0.144671 0.484169
0.146291 0.720466
0.146439 0.206035
0.146856 0.208014
0.147654 0.616055
0.148095 0.029075
0.148625 0.932047
0.149998 0.0138027
0.150285 0.838063
0.150745 0.569036
0.152821 0.459053
0.152854 0.020963
0.152872 0.316275
0.154263 0.703635
0.156664 0.0537336
0.156813 0.550283
0.156947 0.809732
0.156964 0.0929919
0.158086 0.950895
0.159438 0.682436
0.162903 0.902914
0.163283 0.289873
0.163894 0.570412
0.165095 0.747496
0.165357 0.152763
0.166727 0.185588
0.166845 0.172187
0.1672 0.124375
0.167543 0.892425
0.168177 0.556386
0.168785 0.776082
0.16893 0.208901
0.169976 0.792123
0.170001 0.204095
0.170798 0.60615
0.170956 0.251776
0.171097 0.625036
0.171129 0.167967
0.171704 0.823265
0.172445 0.27656
0.17261 0.0550388
0.172928 0.393531
0.173079 0.942141
0.173996 0.347261
0.174364 0.531071
0.17478 0.527242
0.176154 0.614366
0.179438 0.810501
0.179487 0.636613
0.180489 0.486317
0.18092 0.719901
0.18105 0.90716
0.181133 0.302672
0.181143 0.463175
0.181759 0.815341
0.181763 0.882906
0.181819 0.828636
0.182829 0.810191
0.18325 0.889165
0.183354 0.63522
0.183638 0.400352
0.183864 0.198067
0.184245 0.60222
0.184524 0.296132
0.18476 0.260133
0.186245 0.223457
0.186861 0.572813
0.187824 0.750834
0.189515 0.173132
0.189918 0.951174
0.191225 0.918634
0.192077 0.240342
0.192468 0.809961
0.192985 0.505832
0.193858 0.177974
0.193864 0.278644
0.194 0.563302
0.194907 0.794747
0.196695 0.856559
0.197507 0.505137
0.198106 0.572282
0.198524 0.588544
0.199021 0.939882
0.199098 0.237299
0.199477 0.616251
0.201876 0.925301
0.203377 0.158713
0.203607 0.0217775
0.203732 0.126406
0.205635 0.108167
0.206709 0.155054
0.20713 0.230288
0.207131 0.253125
0.208335 0.493173
0.208441 0.270643
0.212943 0.933555
0.213242 0.954186
0.21386 0.342353
0.214413 0.638789
0.214686 0.220157
0.215308 0.677149
0.215343 0.261521
0.215461 0.25132
0.215469 0.393173
0.215742 0.969314
0.217907 0.361908
0.2198 0.172702
0.219988 0.343602
0.220148 0.033009
0.220346 0.350169
0.221519 0.0766732
0.22168 0.77051
0.222054 0.0657905
0.222965 0.370396
0.22422 0.458901
0.22469 0.36722
0.224848 0.0123605
0.224932 0.425717
0.225032 0.114154
0.225192 0.802809
0.225362 0.662299
0.225556 0.912691
0.226 0.382311
0.226204 0.8179
0.226848 0.630741
0.228229 0.838203
0.228271 0.553001
0.229316 0.117307
0.229797 0.190293
0.230043 0.339865
0.230784 0.785185
0.230872 0.262741
0.231046 0.183354
0.231274 0.0245444
0.232765 0.0859014
0.233154 0.61199
0.233222 0.756925
0.234347 0.663508
0.23469 0.435823
0.234992 0.508523
0.235991 0.301846
0.236441 0.868348
0.236593 0.418571
0.23716 0.950478
0.237622 0.716568
0.237648 0.157804
0.238185 0.179518
0.239934 0.570767
0.24105 0.322966
0.243085 0.522369
0.243138 0.427997
0.245125 0.813903
0.245289 0.576862
0.246266 0.984978
0.246625 0.0246106
0.24691 0.823529
0.246984 0.0587257
0.247494 0.625329
0.248316 0.439567
0.248594 0.115846
0.248892 0.128095
0.249069 0.102069
0.250626 0.273088
0.251125 0.655309
0.251757 0.276498
0.253076 0.454848
0.253931 0.822246
0.254465 0.786436
0.254634 0.636268
0.25501 0.959113
0.255534 0.753471
0.256276 0.229236
0.256518 0.303707
0.257543 0.525241
0.257591 0.333415
0.259368 0.192258
0.259932 0.675564
0.260274 0.429816
0.260958 0.915897
0.261222 0.355687
0.261299 0.653166
0.261309 0.81334
0.261709 0.544495
0.261915 0.00355481
0.262168 0.252992
0.262463 0.215098
0.262804 0.954221
0.263254 0.504523
0.263257 0.556991
0.263673 0.557764
0.265212 0.425809
0.265343 0.627734
0.265788 0.0993576
0.266124 0.744471
0.266233 0.576718
0.267187 0.607736
0.267433 0.753591
0.267725 0.647826
0.268357 0.283862
0.268572 0.882936
0.268979 0.72978
0.269043 0.800177
0.269192 0.311839
0.269624 0.566226
0.270377 0.226254
0.271611 0.959426
0.271681 0.150685
0.271901 0.840419
0.271911 0.00317642
0.272689 0.0899146
0.273321 0.704483
0.276538 0.780327
0.277395 0.170907
0.278165 0.125012
0.278681 0.787621
0.27887 0.961088
0.279045 0.917687
0.279137 0.457924
0.279244 0.258842
0.280012 0.167656
0.282131 0.773715
0.283133 0.618347
0.283918 0.813692
0.28459 0.104607
0.285772 0.967979
0.286087 0.264936
0.287031 0.122545
0.287397 0.282195
0.287757 0.339085
0.28783 0.562292
0.28837 0.63458
0.288765 0.266583
0.28938 0.605099
0.290002 0.0587492
0.290122 0.0843153
0.290478 0.0592238
0.291037 0.458842
0.291264 0.275825
0.291904 0.0313146
0.292103 0.382175
0.294135 0.534736
0.295759 0.825536
0.296543 0.99849
0.29666 0.967518
0.29776 0.452721
0.299517 0.978482
0.300092 0.649699
0.300136 0.379414
0.300278 0.777147
0.302077 0.00156771
0.304138 0.655275
0.304448 0.851945
0.305213 0.714818
0.306568 0.489975
0.306712 0.907673
0.307038 0.379957
0.307504 0.224139
0.30838 0.950267
0.308491 0.800483
0.309122 0.419136
0.31029 0.0520377
0.310358 0.184365
0.310961 0.315944
0.311661 0.0896287
0.315523 0.998201
0.315857 0.611696
0.316875 0.724506
0.317634 0.480901
0.317827 0.722435
0.319063 0.489424
0.320296 0.218173
0.32068 0.669864
0.321403 0.827479
0.321755 0.744801
0.323172 0.551677
0.323185 0.76767
0.324937 0.218868
0.325143 0.685293
0.327162 0.607853
0.327936 0.620092
0.329216 0.125452
0.329223 0.242456
0.330099 0.981763
0.331244 0.215394
0.331301 0.182804
0.33186 0.579394
0.334334 0.148856
0.334396 0.200963
0.334414 0.490656
0.334432 0.791604
0.334701 0.31339
0.334817 0.270734
0.335375 0.639759
0.336232 0.0433147
0.336672 0.439899
0.336957 0.234215
0.339611 0.845694
0.341138 0.505643
0.341285 0.977038
0.341447 0.707596
0.341617 0.564761
0.343179 0.807594
0.343991 0.457221
0.344878 0.363151
0.345184 0.50553
0.345403 0.191249
0.345637 0.114334
0.346411 0.122284
0.346434 0.51109
0.346528 0.0937463
0.346774 0.233168
0.347105 0.788896
0.348466 0.669083
0.348622 0.283716
0.348859 0.279524
0.34897 0.145417
0.350458 0.140703
0.350493 0.743029
0.350847 0.687414
0.35107 0.441473
0.3523 0.110476
0.352349 0.933231
0.352496 0.403225
0.353455 0.509666
0.355252 0.717722
0.356342 0.0482763
0.356927 0.880051
0.357273 0.692515
0.357279 0.783998
0.358375 0.207772
0.358903 0.0873827
0.360489 0.73599
0.360829 0.457919
0.363323 0.376688
0.366312 0.609551
0.367507 0.684071
0.367736 0.542424
0.367851 0.476413
0.368298 0.981698
0.368378 0.325619
0.368403 0.753392
0.36935 0.671805
0.369804 0.300144
0.370286 0.400749
0.371345 0.192958
0.372459 0.919676
0.372524 0.00379206
0.372608 0.421069
0.372999 0.987104
0.373487 0.187902
0.373804 0.516219
0.374743 0.306115
0.375213 0.1976
0.375413 0.566953
0.376217 0.0772781
0.377852 0.556944
0.378381 0.456669
0.378442 0.483253
0.378583 0.852702
0.378964 0.24269
0.379089 0.352499
0.379133 0.0922478
0.379209 0.360214
0.380165 0.434175
0.380433 0.940403
0.380436 0.987557
0.380491 0.911749
0.381695 0.146483
0.382108 0.0845511
0.383463 0.870125
0.384005 0.972787
0.384339 0.581211
0.384753 0.550428
0.384799 0.314963
0.385053 0.579762
0.3851 0.381339
0.385911 0.0114935
0.386161 0.213479
0.386306 0.644044
0.386365 0.630722
0.387123 0.374188
0.387655 0.314109
0.388631 0.723688
0.388727 0.333893
0.389051 0.774198
0.389452 0.516428
0.389527 0.776512
0.389675 0.271762
0.38969 0.513597
0.390354 0.673147
0.39102 0.874348
0.391728 0.76553
0.393189 0.320388
0.393313 0.405129
0.395792 0.0799506
0.395873 0.432778
0.396654 0.559235
0.396965 0.787922
0.397186 0.503272
0.398219 0.873515
0.399104 0.745636
0.399442 0.421906
0.399945 0.869752
0.40226 0.787265
0.40396 0.362474
0.404717 0.0749393
0.404922 0.520138
0.405234 0.77121
0.405401 0.581283
0.405678 0.229066
0.406676 0.0104691
0.406887 0.550657
0.40861 0.514148
0.408775 0.278421
0.409686 0.594133
0.410257 0.183227
0.411324 0.116147
0.411442 0.104358
0.4117 0.447375
0.411889 0.625108
0.41222 0.186463
0.414214 0.694946
0.415431 0.155031
0.415613 0.212465
0.416031 0.230738
0.416189 0.896548
0.4167 0.481356
0.417003 0.573645
0.417184 0.604399
0.418586 0.176085
0.419359 0.164563
0.420207 0.424889
0.420474 0.901838
0.420477 0.962445
0.420484 0.0710049
0.420638 0.656649
0.420836 0.98857
0.422738 0.961902
0.422917 0.967877
0.423083 0.763926
0.423308 0.543726
0.423538 0.406415
0.425453 0.58742
0.42593 0.608595
0.426756 0.488434
0.427292 0.489823
0.427405 0.388696
0.42759 0.512028
0.428017 0.675504
0.428231 0.276158
0.429069 0.354356
0.430472 0.946336
0.431232 0.723424
0.43132 0.202764
0.431881 0.619052
0.432822 0.438485
0.434287 0.0570571
0.434368 0.416325
0.434688 0.801102
0.43511 0.893444
0.437665 0.829696
0.438398 0.156384
0.438726 0.668301
0.43873 0.73268
0.439266 0.74141
0.440294 0.0197016
0.440381 0.482802
0.441108 0.710612
0.44292 0.163257
0.444346 0.129627
0.44581 0.720518
0.446291 0.806472
0.446678 0.311781
0.44683 0.867975
0.447599 0.788755
0.447679 0.144282
0.447814 0.403708
0.448633 0.182446
0.449273 0.923997
0.449797 0.740942
0.450248 0.321391
0.450368 0.337174
0.450691 0.755377
0.451136 0.245103
0.451514 0.603856
0.452483 0.882509
0.453082 0.953347
0.454423 0.484948
0.454838 0.47021
0.455189 0.362886
0.455698 0.921655
0.455799 0.609513
0.455835 0.213999
0.456386 0.473854
0.45704 0.463367
0.457198 0.118792
0.458122 0.656592
0.459814 0.0978686
0.460716 0.253805
0.461325 0.486869
0.461343 0.798045
0.461885 0.905161
0.463392 0.224788
0.463441 0.0509394
0.464682 0.913606
0.465025 0.683244
0.465348 0.105455
0.46607 0.239708
0.467338 0.555107
0.468217 0.317588
0.468611 0.937984
0.469225 0.263986
0.469436 0.810998
0.469655 0.487506
0.4708 0.736179
0.47099 0.931811
0.473358 0.73282
0.47337 0.928314
0.473815 0.412844
0.474512 0.131071
0.475958 0.422626
0.47713 0.124078
0.477224 0.698517
0.47764 0.702421
0.478674 0.0684768
0.479366 0.710107
0.479433 0.8382
0.479765 0.410246
0.480216 0.988167
0.480788 0.600029
0.481943 0.00840718
0.482054 0.88157
0.483064 0.853921
0.483264 0.21962
0.484276 0.234287
0.485314 0.66484
0.486283 0.950998
0.486311 0.429604
0.48659 0.11911
0.487128 0.157291
0.487606 0.195199
0.487863 0.515081
0.487903 0.189573
0.488013 0.0342325
0.489081 0.987462
0.490031 0.953858
0.490214 0.0262556
0.492903 0.218827
0.493498 0.22095
0.495168 0.294559
0.495228 0.290699
0.495784 0.635603
0.496097 0.906154
0.497286 0.892134
0.497981 0.565031
0.49864 0.641817
0.498697 0.598223
0.498971 0.203806
0.499574 0.348111
0.499716 0.722937
0.501816 0.0202691
0.502597 0.153128
0.503771 0.877214
0.504404 0.513665
0.505345 0.336752
0.505702 0.3382
0.505798 0.946284
0.506033 0.900761
0.50631 0.554469
0.506454 0.974648
0.507419 0.189304
0.508537 0.979266
0.509139 0.102706
0.509239 0.774301
0.509749 0.349865
0.51057 0.143458
0.511367 0.546984
0.511499 0.77033
0.511765 0.240103
0.512445 0.662313
0.513147 0.455415
0.513857 0.394345
0.5141 0.480986
0.514625 0.295012
0.514692 0.421281
0.514845 0.997143
0.514864 0.31872
0.514922 0.29074
0.515165 0.375737
0.516906 0.635596
0.517061 0.238576
0.517405 0.0301913
0.517442 0.655088
0.518079 0.353562
0.518297 0.0146597
0.519015 0.0918353
0.520261 0.030308
0.520507 0.154131
0.521217 0.09415
0.522006 0.357005
0.523223 0.813397
0.523587 0.927458
0.52408 0.216898
0.524119 0.872169
0.524251 0.0844797
0.524842 0.0149683
0.525356 0.65175
0.526293 0.399564
0.527026 0.724882
0.52736 0.33498
0.52824 0.12854
0.530205 0.161218
0.530241 0.764983
0.530566 0.227867
0.531285 0.307289
0.531661 0.620086
0.531699 0.257794
0.532434 0.625688
0.532705 0.175477
0.532849 0.593958
0.533237 0.107337
0.533351 0.0288278
0.534198 0.269118
0.535739 0.159319
0.537567 0.886145
0.538453 0.781925
0.538821 0.958519
0.539092 0.522216
0.539694 0.637705
0.541322 0.995138
0.543051 0.0652243
0.543613 0.500359
0.544612 0.290785
0.548303 0.322283
0.548599 0.309503
0.548604 0.391547
0.54867 0.492013
0.549878 0.792183
0.553148 0.765766
0.553731 0.556296
0.554117 0.0434562
0.555134 0.145403
0.555825 0.742956
0.557371 0.728239
0.557618 0.89103
0.558002 0.340444
0.558635 0.983288
0.559235 0.056757
0.559577 0.808184
0.559617 0.475429
0.560121 0.950541
0.562137 0.834369
0.563391 0.907932
0.564475 0.13978
0.564657 0.195391
0.564824 0.997098
0.565023 0.34147
0.565771 0.909492
0.566087 0.226696
0.566187 0.90859
0.567142 0.951872
0.567392 0.165143
0.567455 0.207749
0.567637 0.271655
0.567998 0.345951
0.568023 0.757297
0.568057 0.329764
0.568474 0.336556
0.569018 0.482107
0.569686 0.718981
0.569983 0.697295
0.571877 0.532312
0.572098 0.253814
0.57215 0.128825
0.572778 0.678059
0.574157 0.857847
0.574464 0.0121921
0.574848 0.47675
0.575203 0.430112
0.575302 0.105362
0.575632 0.645923
0.575636 0.717879
0.575696 0.721869
0.576007 0.943943
0.576073 0.0654853
0.5766 0.913384
0.577026 0.069213
0.577057 0.599262
0.577466 0.466807
0.577691 0.253345
0.578347 0.277858
0.578447 0.966828
0.57947 0.151164
0.580215 0.67481
0.580315 0.356454
0.580527 0.911207
0.581214 0.466191
0.582369 0.883633
0.582807 0.241844
0.582928 0.277733
0.583233 0.389151
0.583761 0.272213
0.583865 0.0197707
0.584908 0.546831
0.584912 0.611062
0.585717 0.14132
0.585969 0.387791
0.585995 0.81353
0.586242 0.973973
0.586919 0.35122
0.58696 0.0292658
0.587428 0.909019
0.587591 0.641173
0.587684 0.207824
0.589304 0.437696
0.589946 0.227982
0.589968 0.59982
0.592288 0.58918
0.59323 0.411171
0.593238 0.555028
0.593984 0.0872599
0.594195 0.642959
0.59454 0.433197
0.594889 0.303749
0.595232 0.0645357
0.595731 0.446976
0.59804 0.265658
0.598561 0.0185053
0.598681 0.0319719
0.599565 0.889825
0.599805 0.921775
0.600004 0.263236
0.600114 0.121912
0.600775 0.224423
0.601336 0.652725
0.601929 0.61322
0.601959 0.132742
0.602376 0.134674
0.603045 0.373473
0.60307 0.796003
0.603539 0.68233
0.604752 0.0675958
0.605164 0.989675
0.606179 0.0492348
0.606189 0.211554
0.606301 0.101043
0.607641 0.619252
0.608436 0.991254
0.609857 0.859833
0.610074 0.519803
0.61126 0.447289
0.611375 0.379134
0.611635 0.751187
0.611782 0.228248
0.6137 0.455053
0.61385 0.977093
0.613998 0.459688
0.614523 0.282824
0.615494 0.608763
0.616118 0.0919419
0.616235 0.0567284
0.616767 0.999279
0.616833 0.104566
0.616868 0.704324
0.617058 0.892505
0.618953 0.74042
0.619047 0.328547
0.619106 0.311883
0.619406 0.363538
0.619452 0.135179
0.620441 0.754232
0.620893 0.340183
0.62187 0.762511
0.621903 0.32522
0.622136 0.233536
0.623163 0.502796
0.623619 0.172199
0.624549 0.792654
0.626283 0.931354
0.62715 0.513719
0.627574 0.637398
0.62795 0.95514
0.628644 0.622308
0.630407 0.252402
0.630565 0.908922
0.631535 0.205286
0.632849 0.298242
0.634581 0.408258
0.634963 0.823932
0.63561 0.700902
0.636483 0.363488
0.636611 0.517007
0.63683 0.197733
0.637468 0.921549
0.639102 0.390838
0.639168 0.489699
0.639298 0.688204
0.640344 0.256635
0.640503 0.940915
0.640837 0.548869
0.641115 0.219247
0.641383 0.717202
0.641974 0.649084
0.642984 0.625292
0.646704 0.149515
0.646752 0.964709
0.64724 0.169476
0.647265 0.577097
0.647285 0.920095
0.647564 0.606705
0.648779 0.0229866
0.649355 0.71092
0.650628 0.0968657
0.651309 0.556494
0.651773 0.346862
0.651887 0.268024
0.652182 0.226671
0.652526 0.0107334
0.652687 0.715863
0.652977 0.592333
0.653282 0.71657
0.653945 0.857555
0.65459 0.688937
0.654799 0.210013
0.654961 0.926577
0.65508 0.929681
0.655143 0.994162
0.656289 0.247961
0.656541 0.477793
0.656963 0.573978
0.657196 0.495263
0.657738 0.598394
0.657968 0.466711
0.658119 0.00630473
0.658671 0.279903
0.660774 0.62136
0.661517 0.12231
0.661683 0.900092
0.661876 0.150861
0.662265 0.691029
0.663145 0.477662
0.663181 0.0829379
0.663595 0.0402123
0.66365 0.962362
0.663767 0.923838
0.66378 0.143548
0.663947 0.962911
0.665571 0.257358
0.666129 0.628363
0.666757 0.187403
0.666949 0.418919
0.668211 0.624936
0.66836 0.130939
0.668862 0.555431
0.67033 0.243463
0.671306 0.63476
0.671622 0.952793
0.672244 0.404103
0.672401 0.0493615
0.673809 0.701017
0.674267 0.399535
0.674733 0.242762
0.675152 0.285156
0.675418 0.743189
0.675696 0.42436
0.675704 0.555553
0.675738 0.132286
0.676203 0.947526
0.677251 0.563384
0.677778 0.413184
0.678399 0.859947
0.681653 0.546546
0.681835 0.597961
0.681997 0.330538
0.682213 0.959547
0.684834 0.00813012
0.686589 0.499752
0.687182 0.462212
0.688237 0.191301
0.688286 0.027549
0.689281 0.738209
0.690585 0.662898
0.69196 0.765879
0.692508 0.98063
0.693626 0.764026
0.694767 0.953931
0.694792 0.367069
0.694907 0.310474
0.695315 0.162226
0.695874 0.550238
0.695957 0.941782
0.696215 0.286927
0.697043 0.207745
0.69842 0.343721
0.699856 0.473865
0.700106 0.681415
0.702583 0.314429
0.703778 0.394411
0.704208 0.622274
0.704279 0.825563
0.705415 0.908662
0.706184 0.841291
0.706299 0.759557
0.706601 0.850462
0.707931 0.18951
0.708035 0.93915
0.710756 0.677125
0.711675 0.128781
0.711814 0.453807
0.711928 0.377763
0.712979 0.0438903
0.713065 0.475905
0.71355 0.627835
0.714463 0.980816
0.717753 0.272737
0.718633 0.0563809
0.718641 0.190509
0.719633 0.863125
0.720196 0.340467
0.720843 0.21372
0.721376 0.165874
0.722787 0.877722
0.724139 0.604739
0.728938 0.254614
0.730422 0.209101
0.730968 0.374414
0.731673 0.235355
0.733111 0.399512
0.733185 0.640125
0.73327 0.0645711
0.733524 0.339201
0.735726 0.347096
0.7359 0.271826
0.737277 0.421373
0.737833 0.767208
0.737845 0.953437
0.740989 0.795939
0.741536 0.00435149
0.741537 0.0137979
0.742167 0.606249
0.742456 0.466667
0.742555 0.118359
0.742683 0.272818
0.743283 0.36514
0.744563 0.863253
0.744581 0.177544
0.744636 0.0899502
0.745486 0.37698
0.745504 0.683444
0.745625 0.726268
0.745775 0.241671
0.745789 0.48176
0.747326 0.301735
0.747553 0.121778
0.748414 0.59898
0.749001 0.465316
0.749833 0.438101
0.752713 0.847302
0.753131 0.875389
0.754278 0.150242
0.754483 0.594189
0.755231 0.171869
0.75532 0.668208
0.755933 0.964595
0.757521 0.654572
0.75788 0.691857
0.758342 0.452641
0.758636 0.396473
0.758653 0.682323
0.759071 0.708462
0.759075 0.771973
0.762496 0.275485
0.763124 0.818387
0.764032 0.082609
0.764094 0.134708
0.764295 0.507889
0.767478 0.00221825
0.767833 0.971875
0.767917 0.383392
0.76842 0.828452
0.768647 0.656243
0.7688 0.225609
0.768802 0.250575
0.769057 0.547275
0.769451 0.168015
0.770025 0.806549
0.770367 0.562578
0.770851 0.692892
0.771602 0.310228
0.77288 0.789714
0.773377 0.153152
0.77341 0.697938
0.77362 0.223608
0.774148 0.107781
0.774262 0.0243024
0.774328 0.12757
0.775173 0.32991
0.775203 0.834781
0.777115 0.969869
0.777986 0.615511
0.778648 0.728908
0.780083 0.854748
0.780278 0.139131
0.780403 0.233804
0.780429 0.676361
0.780568 0.0031095
0.781161 0.976995
0.782312 0.322426
0.783613 0.175754
0.784373 0.962398
0.784721 0.801112
0.784818 0.439571
0.785486 0.661942
0.785587 0.357001
0.788105 0.676887
0.788132 0.130206
0.788725 0.0970407
0.789101 0.415049
0.790356 0.510934
0.791087 0.795117
0.791493 0.630574
0.791591 0.265127
0.793884 0.803226
0.79451 0.335421
0.794724 0.918787
0.795075 0.826271
0.796253 0.624325
0.796661 0.485765
0.79984 0.916012
0.799922 0.281307
0.800305 0.728451
0.801273 0.986919
0.801642 0.202167
0.802931 0.869518
0.803066 0.13317
0.80308 0.364384
0.803333 0.61415
0.80368 0.457333
0.803898 0.118086
0.803953 0.0440859
0.804567 0.363318
0.809031 0.381595
0.809315 0.154413
0.810252 0.910381
0.81102 0.816745
0.811977 0.902837
0.812021 0.633867
0.812267 0.777789
0.812825 0.144967
0.814984 0.42814
0.815136 0.988709
0.81617 0.37059
0.816254 0.782349
0.817173 0.228166
0.817316 0.636176
0.818146 0.577937
0.818173 0.0321794
0.818549 0.358789
0.819131 0.133001
0.819246 0.0597045
0.821809 0.143546
0.82228 0.0613276
0.822672 0.656171
0.822891 0.328608
0.825282 0.520842
0.825829 0.712333
0.826706 0.452838
0.828333 0.79105
0.828443 0.642245
0.828662 0.329506
0.829572 0.608723
0.830412 0.741964
0.831142 0.00337224
0.831196 0.918917
0.832259 0.78237
0.83435 0.921257
0.835295 0.802768
0.835407 0.691975
0.836262 0.0467968
0.836386 0.133377
0.836407 0.496302
0.837481 0.53944
0.838173 0.167719
0.83855 0.504182
0.838831 0.228053
0.838946 0.15687
0.839588 0.963622
0.839832 0.0528534
0.840666 0.0650362
0.84125 0.881589
0.841694 0.356812
0.842443 0.946983
0.842652 0.447233
0.84331 0.504671
0.845767 0.805659
0.846936 0.460098
0.847102 0.241707
0.847581 0.294775
0.847933 0.21187
0.847944 0.393504
0.848014 0.569667
0.849261 0.523667
0.850253 0.200353
0.850292 0.864992
0.85041 0.832267
0.850941 0.773925
0.851109 0.587106
0.851575 0.424307
0.851721 0.876465
0.852128 0.718762
0.852647 0.431773
0.85395 0.340308
0.854665 0.351515
0.855055 0.911915
0.855097 0.620138
0.855876 0.715368
0.855907 0.22463
0.855947 0.907152
0.856657 0.841989
0.85684 0.904651
0.85789 0.560471
0.858196 0.692479
0.858519 0.123173
0.859077 0.503101
0.86158 0.573842
0.861795 0.197029
0.862657 0.669081
0.863245 0.555343
0.863323 0.866862
0.863606 0.630664
0.865325 0.51611
0.865631 0.66277
0.865801 0.518862
0.866285 0.652886
0.866673 0.168589
0.8669 0.993101
0.867209 0.188597
0.870427 0.268582
0.870779 0.176989
0.872456 0.366116
0.873752 0.156731
0.874064 0.390835
0.874119 0.314527
0.874144 0.743177
0.874393 0.928563
0.874454 0.941365
0.875078 0.436096
0.875109 0.956557
0.875408 0.986698
0.875831 0.0890888
0.876091 0.457236
0.877662 0.869127
0.877849 0.0139734
0.877887 0.641672
0.878057 0.507782
0.878515 0.203373
0.878699 0.299093
0.878754 0.218519
0.878792 0.854318
0.878992 0.217277
0.879352 0.273361
0.880266 0.627594
0.880776 0.205936
0.881425 0.118486
0.882317 0.0954877
0.882494 0.0752291
0.884476 0.393241
0.88503 0.69395
0.885996 0.94071
0.886035 0.591535
0.886088 0.475821
0.886375 0.302147
0.887796 0.180517
0.888208 0.111064
0.888445 0.10227
0.888597 0.651272
0.888958 0.713076
0.889722 0.549199
0.89005 0.0779571
0.891139 0.3791
0.892387 0.351328
0.893474 0.619122
0.893913 0.992462
0.894414 0.418222
0.894458 0.147084
0.894601 0.563287
0.894674 0.793726
0.894725 0.647426
0.894869 0.0628627
0.895652 0.230901
0.89574 0.703628
0.896061 0.100669
0.897369 0.0859028
0.898587 0.54908
0.899137 0.794214
0.899493 0.781488
0.900532 0.247377
0.90093 0.922738
0.901129 0.269215
0.901262 0.512049
0.901535 0.103686
0.902144 0.32962
0.902988 0.526106
0.903152 0.267245
0.903238 0.723646
0.903425 0.858882
0.903644 0.545587
0.904042 0.242212
0.905178 0.323299
0.905243 0.412065
0.905391 0.905961
0.907049 0.764775
0.907152 0.509155
0.908564 0.228619
0.909799 0.984354
0.909936 0.301483
0.909938 0.321988
0.91124 0.207921
0.912575 0.645097
0.913271 0.34692
0.913682 0.25254
0.914366 0.747802
0.914685 0.109569
0.914997 0.362205
0.915194 0.660198
0.916202 0.614329
0.916397 0.885853
0.916741 0.670158
0.918458 0.519454
0.918491 0.0805034
0.918654 0.823591
0.918872 0.480415
0.918883 0.661549
0.918962 0.00241696
0.920899 0.54392
0.921151 0.785069
0.921182 0.308395
0.921252 0.491077
0.921392 0.841468
0.921765 0.108833
0.921795 0.607662
0.921876 0.97647
0.922226 0.860624
0.923427 0.0317216
0.924203 0.0785687
0.92454 0.739084
0.924607 0.862904
0.926021 0.643139
0.926237 0.267311
0.926319 0.645199
0.928333 0.490113
0.929135 0.977248
0.929978 0.141216
0.930102 0.224462
0.931359 0.344585
0.93166 0.406994
0.932001 0.142353
0.933604 0.0764661
0.935992 0.223252
0.936522 0.119478
0.93655 0.593889
0.936743 0.8368
0.937971 0.475342
0.939536 0.784645
0.94079 0.859242
0.940803 0.0745062
0.940835 0.606621
0.941279 0.0813046
0.94178 0.503495
0.942147 0.668632
0.942605 0.366742
0.942885 0.0698503
0.94292 0.664271
0.943069 0.15711
0.943835 0.0412551
0.945179 0.630387
0.9455 0.0201886
0.945974 0.992833
0.947008 0.361769
0.950326 0.136076
0.950725 0.840418
0.950937 0.395554
0.95094 0.454135
0.951344 0.24614
0.951797 0.854059
0.951951 0.446067
0.952185 0.372415
0.952536 0.271369
0.952547 0.461057
0.952693 0.909239
0.953819 0.835223
0.953964 0.271995
0.954354 0.822227
0.955885 0.563985
0.957271 0.854673
0.957918 0.719364
0.958407 0.95006
0.959085 0.3426
0.959469 0.789353
0.960632 0.341767
0.961809 0.13021
0.961997 0.277451
0.962365 0.465307
0.962416 0.327437
0.962516 0.0111706
0.962939 0.113311
0.962965 0.554296
0.963163 0.881176
0.963624 0.627309
0.963991 0.797713
0.965671 0.032044
0.965837 0.822004
0.966996 0.303551
0.967345 0.175762
0.968116 0.129546
0.968938 0.948699
0.969282 0.720513
0.970616 0.141809
0.970851 0.0847571
0.971585 0.430236
0.97172 0.68931
0.972045 0.164794
0.972092 0.954499
0.972385 0.869967
0.972447 0.9173
0.972717 0.459482
0.973397 0.889925
0.973657 0.245034
0.974288 0.854483
0.97459 0.939002
0.975391 0.403988
0.975496 0.168271
0.976789 0.892245
0.977101 0.142471
0.977111 0.309822
0.977216 0.0670691
0.977971 0.761643
0.980702 0.657304
0.981153 0.237605
0.981756 0.365255
0.982058 0.444084
0.98287 0.0926845
0.983987 0.862658
0.984144 0.510374
0.984972 0.432921
0.9859 0.0208024
0.986132 0.915486
0.986406 0.53176
0.986762 0.510558
0.987004 0.579159
0.987234 0.435289
0.987263 0.935872
0.987442 0.946308
0.988021 0.670188
0.989929 0.73163
0.990789 0.190612
0.991794 0.0851844
0.991867 0.303578
0.992164 0.308142
0.994714 0.151855
0.995067 0.0832648
0.997151 0.109006
0.997606 0.759799
0.997667 0.787104
0.998741 0.847899
0.999871 0.83255
0.999981 0.678602
