1.62069e-05 0.272397
0.000582387 0.78819
0.00239959 0.329993
0.00379761 0.826444
0.00407999 0.572409
0.00420458 0.666354
0.00718129 0.69595
0.00727644 0.29512
0.00738796 0.16941
0.00766761 0.869521
0.00843318 0.7364
0.00912598 0.380363
0.00984814 0.51777
0.0101229 0.136009
0.0102799 0.774004
0.0110765 0.163349
0.0111249 0.976243
0.0114978 0.243098
0.0132242 0.259362
0.0133283 0.00834449
0.0141904 0.498656
0.014631 0.903779
0.0147525 0.945303
0.0153003 0.152611
0.016346 0.726966
0.0169822 0.419438
0.0187394 0.953009
0.0190957 0.941324
0.0191742 0.261461
0.0195854 0.172403
0.0206953 0.826515
0.0243356 0.00883586
0.0245386 0.420843
0.0247842 0.547445
0.0251835 0.25984
0.0260753 0.247095
0.0262165 0.621302
0.0276931 0.437678
0.0280204 0.93852
0.0282176 0.253418
0.0298591 0.841902
0.0299167 0.810102
0.0325934 0.798076
0.0325972 0.86082
0.0326638 0.979701
0.0328575 0.235393
0.033226 0.429666
0.0335397 0.701579
0.0337385 0.0425232
0.0339638 0.829899
0.0344787 0.483101
0.0354277 0.43285
0.0355985 0.30375
0.0359961 0.986436
0.036023 0.438456
0.0364323 0.317866
0.0369374 0.807293
0.0371427 0.257916
0.0373227 0.282377
0.0383342 0.282675
0.0386239 0.151561
0.0387721 0.642374
0.0389302 0.299825
0.0403078 0.453904
0.0404832 0.401111
0.0414709 0.0017405
0.0419928 0.772627
0.0420228 0.277381
0.0431256 0.812423
0.0431924 0.93528
0.0438063 0.252516
0.0444085 0.373334
0.0449327 0.18405
0.0450517 0.18371
0.0456232 0.78953
0.0463853 0.598299
0.0468245 0.979356
0.0475573 0.296167
0.0482564 0.0455507
0.0493668 0.707184
0.0495375 0.577293
0.0498996 0.662108
0.0499856 0.107615
0.0505204 0.0968415
0.0515204 0.903179
0.0544388 0.953039
0.0577735 0.999336
0.057805 0.527905
0.0578937 0.0200419
0.0582654 0.266518
0.0593539 0.561313
0.0595274 0.477254
0.0596118 0.896261
0.0600389 0.0733702
0.060233 0.336074
0.0604372 0.767593
0.0606054 0.595315
0.0607951 0.783856
0.0617143 0.232686
0.0637304 0.116693
0.0639039 0.0334325
0.0641243 0.737692
0.0646799 0.0748872
0.0647096 0.573842
0.0650316 0.98544
0.0658198 0.233143
0.0661842 0.357613
0.0674619 0.832059
0.0686058 0.0583569
0.0690016 0.710638
0.0691578 0.334749
0.0692886 0.533591
0.0703169 0.816226
0.0706257 0.00686926
0.0715158 0.965385
0.0718951 0.340511
0.072164 0.860333
0.0727473 0.66387
0.0740433 0.445986
0.0744755 0.710454
0.074859 0.155797
0.0750584 0.506086
0.0758137 0.201443
0.0768388 0.429066
0.077028 0.609421
0.0780468 0.732946
0.0813477 0.210806
0.0813981 0.0578851
0.0820476 0.974363
0.0824367 0.513905
0.0831456 0.427533
0.0835512 0.245115
0.0837726 0.966295
0.0838164 0.702631
0.0839529 0.996806
0.0848016 0.259683
0.0851653 0.373432
0.0860195 0.729756
0.0887069 0.897392
0.0904135 0.580425
0.0904398 0.0217379
0.0908489 0.897289
0.0910731 0.665944
0.0917098 0.366869
0.0935842 0.870048
0.0936862 0.584406
0.0943261 0.339418
0.0946557 0.878163
0.0951666 0.465138
0.0955603 0.0821065
0.0962452 0.592888
0.0973645 0.405171
0.0974895 0.505862
0.0977333 0.603874
0.0984221 0.179661
0.100144 0.120824
0.100286 0.500329
0.100513 0.319245
0.100563 0.169134
0.100827 0.604776
0.101778 0.578662
0.102421 0.397099
0.10295 0.280866
0.103463 0.904507
0.103831 0.0888649
0.10448 0.994159
0.106116 0.491708
0.106961 0.700137
0.107904 0.547651
0.108054 0.0641494
0.109056 0.905338
0.109965 0.183091
0.110507 0.298777
0.11097 0.068804
0.111256 0.88181
0.111382 0.998897
0.111662 0.705582
0.111953 0.586223
0.112894 0.406211
0.113009 0.340882
0.113293 0.111751
0.11346 0.924516
0.113796 0.572877
0.114535 0.993318
0.115931 0.444047
0.117366 0.570106
0.117607 0.619188
0.118039 0.879585
0.11808 0.570278
0.119676 0.389602
0.119704 0.864592
0.120493 0.130335
0.121135 0.912129
0.121289 0.508997
0.122007 0.570856
0.122465 0.266228
0.122619 0.849696
0.122801 0.923472
0.123723 0.418571
0.124254 0.332055
0.124314 0.346736
0.124413 0.0132279
0.124772 0.0371452
0.125184 0.975268
0.125453 0.496327
0.126063 0.734056
0.127172 0.378244
0.127557 0.852561
0.127899 0.598188
0.130032 0.442568
0.13014 0.260281
0.130913 0.252399
0.130979 0.364283
0.131777 0.768772
0.131783 0.88216
0.132398 0.212694
0.132577 0.217605
0.132844 0.715122
0.133524 0.130938
0.134267 0.619702
0.135611 0.218727
0.135636 0.634933
0.136555 0.0865655
0.136845 0.958058
0.138754 0.0426733
0.142658 0.647754
0.142765 0.451708
0.142943 0.448887
0.144055 0.125445
0.14488 0.989999
0.147264 0.069908
0.147914 0.982191
0.147999 0.427448
0.148654 0.421712
0.148756 0.145462
0.149085 0.674909
0.149617 0.618673
0.149988 0.852619
0.150595 0.053477
0.150627 0.591861
0.150962 0.212266
0.151829 0.784011
0.152454 0.291397
0.152506 0.175307
0.153366 0.623137
0.153459 0.178322
0.154474 0.24203
0.155113 0.987486
0.155335 0.713136
0.15592 0.540426
0.156337 0.55603
0.157187 0.847826
0.15739 0.257282
0.158425 0.656294
0.158633 0.152467
0.159279 0.994508
0.160195 0.396286
0.161642 0.715633
0.161679 0.345264
0.163658 0.601362
0.164316 0.658371
0.164687 0.900597
0.164916 0.742413
0.164946 0.248059
0.165909 0.433147
0.165996 0.897022
0.166237 0.945666
0.167663 0.916426
0.167716 0.795664
0.16913 0.568065
0.169287 0.198805
0.170456 0.854528
0.171813 0.658682
0.172102 0.522434
0.172167 0.605134
0.172716 0.843239
0.173053 0.503895
0.174989 0.0465101
0.176395 0.663839
0.177281 0.569402
0.177529 0.733594
0.178328 0.162642
0.178644 0.468443
0.178858 0.0599873
0.18008 0.607275
0.180268 0.7711
0.180707 0.144495
0.181262 0.47103
0.181633 0.700484
0.181903 0.244333
0.184276 0.130375
0.184985 0.0349869
0.185237 0.283203
0.186645 0.947764
0.188149 0.213139
0.188714 0.708622
0.189634 0.17442
0.190859 0.773142
0.191316 0.455405
0.191366 0.287614
0.191481 0.223255
0.191627 0.666577
0.19224 0.985355
0.192889 0.882612
0.19382 0.536344
0.194016 0.824453
0.194396 0.211005
0.195565 0.859535
0.195577 0.0673565
0.195897 0.435518
0.197139 0.322712
0.197831 0.948392
0.197973 0.33808
0.198043 0.516106
0.198524 0.594171
0.198989 0.411156
0.199266 0.0697086
0.201022 0.572155
0.201236 0.16697
0.201359 0.238117
0.201399 0.915004
0.201709 0.12224
0.20258 0.762653
0.202755 0.702363
0.203258 0.160782
0.203912 0.14423
0.204185 0.742316
0.204252 0.859436
0.204743 0.107381
0.205309 0.632072
0.205545 0.592058
0.206369 0.44013
0.206882 0.0581679
0.207265 0.503402
0.20782 0.832129
0.208624 0.342673
0.208906 0.0796768
0.209145 0.102305
0.209476 0.667519
0.209488 0.8586
0.209653 0.642526
0.209809 0.266864
0.211017 0.560303
0.21249 0.320024
0.213635 0.5702
0.214097 0.323979
0.214422 0.783882
0.215229 0.354313
0.216115 0.252981
0.216585 0.147893
0.217368 0.30283
0.218707 0.811617
0.218742 0.405153
0.220407 0.378256
0.2212 0.704379
0.22205 0.997427
0.222116 0.102557
0.222944 0.016629
0.223054 0.871291
0.224634 0.424581
0.225446 0.0776505
0.226589 0.285345
0.227014 0.425068
0.227329 0.722377
0.227413 0.134137
0.228647 0.87256
0.229324 0.241214
0.231075 0.684915
0.231443 0.862597
0.23161 0.670393
0.231894 0.446928
0.232063 0.289755
0.232329 0.756178
0.232529 0.113377
0.233121 0.0601056
0.233189 0.203374
0.234386 0.319052
0.235077 0.932578
0.235085 0.0689293
0.236144 0.877152
0.236418 0.480426
0.236466 0.278348
0.236586 0.304838
0.237188 0.42348
0.237743 0.745594
0.238517 0.75136
0.238621 0.500922
0.238938 0.837848
0.241026 0.92048
0.242966 0.533813
0.243106 0.888291
0.243481 0.189567
0.243637 0.812089
0.243676 0.461059
0.244271 0.466556
0.245057 0.664851
0.245849 0.98494
0.245882 0.537224
0.245907 0.966829
0.246158 0.178879
0.246384 0.978511
0.246577 0.215145
0.246584 0.3329
0.24758 0.070859
0.247647 0.196072
0.247761 0.125037
0.249459 0.656669
0.249984 0.47881
0.250411 0.663018
0.250595 0.755843
0.252526 0.212289
0.254389 0.518698
0.254405 0.778862
0.25497 0.280763
0.255678 0.184913
0.256552 0.869397
0.256954 0.621096
0.257079 0.720535
0.257973 0.757338
0.258509 0.765333
0.25866 0.294221
0.260091 0.346453
0.260828 0.730172
0.261357 0.622649
0.261506 0.138577
0.261518 0.339081
0.262766 0.307489
0.262961 0.592999
0.263363 0.338766
0.26351 0.811139
0.264289 0.898605
0.264448 0.585155
0.264814 0.720684
0.265024 0.264269
0.265291 0.749874
0.265584 0.671471
0.265915 0.237858
0.266105 0.427174
0.267486 0.631076
0.267979 0.930604
0.268089 0.769808
0.269314 0.360837
0.269787 0.3072
0.270577 0.58145
0.27093 0.515505
0.271803 0.199018
0.272508 0.0490101
0.272881 0.313925
0.273629 0.874848
0.275209 0.430165
0.27521 0.454529
0.275875 0.629809
0.276029 0.21291
0.276143 0.130512
0.276275 0.348419
0.277003 0.595786
0.277134 0.79815
0.278242 0.414179
0.279417 0.156814
0.279427 0.322232
0.280575 0.622771
0.281976 0.162776
0.282307 0.732208
0.282658 0.636945
0.282895 0.609759
0.28311 0.237516
0.283368 0.55782
0.28385 0.671269
0.28491 0.477699
0.285326 0.482331
0.286256 0.100265
0.28683 0.748871
0.287058 0.577586
0.287345 0.404311
0.287388 0.12631
0.289893 0.225469
0.290015 0.283147
0.290206 0.497202
0.290457 0.716953
0.291982 0.341003
0.293491 0.696154
0.294017 0.539693
0.296612 0.159211
0.298444 0.94875
0.298582 0.259579
0.298974 0.850744
0.299683 0.774914
0.299883 0.129327
0.300025 0.512269
0.30201 0.883704
0.302037 0.337289
0.30241 0.59912
0.302771 0.676444
0.302982 0.223973
0.303172 0.409666
0.30364 0.284214
0.304776 0.362327
0.305876 0.85405
0.305901 0.275038
0.306697 0.659695
0.306748 0.509224
0.30727 0.295325
0.307391 0.316352
0.307895 0.786338
0.308523 0.338327
0.3102 0.525935
0.311253 0.2271
0.313698 0.326605
0.314598 0.456339
0.315015 0.45723
0.316574 0.664266
0.31664 0.767384
0.316899 0.125717
0.317206 0.278661
0.317842 0.963698
0.319073 0.666519
0.319471 0.354832
0.319942 0.25909
0.319955 0.487087
0.320603 0.367384
0.320608 0.460213
0.320737 0.621112
0.321149 0.543419
0.321228 0.88593
0.321798 0.451022
0.322227 0.661479
0.322464 0.653201
0.323891 0.633431
0.323958 0.766267
0.324053 0.364905
0.324453 0.0810332
0.325715 0.290838
0.327025 0.316871
0.327524 0.699914
0.328412 0.620065
0.32868 0.131114
0.329325 0.973751
0.330227 0.132223
0.332023 0.31503
0.33333 0.285277
0.333766 0.596648
0.3342 0.892428
0.336264 0.5975
0.336997 0.911337
0.337099 0.619301
0.338596 0.774489
0.338619 0.176459
0.339037 0.192635
0.339354 0.523065
0.33939 0.134171
0.340125 0.475276
0.340485 0.53424
0.341444 0.655057
0.341898 0.275343
0.344507 0.135357
0.344887 0.512189
0.346224 0.98578
0.346849 0.488024
0.348076 0.108786
0.348363 0.932443
0.34843 0.0584306
0.349 0.638447
0.349323 0.0750966
0.349771 0.597451
0.350421 0.527609
0.351117 0.218953
0.351516 0.930941
0.351519 0.978916
0.351767 0.147256
0.354015 0.925837
0.354547 0.869749
0.354657 0.720467
0.357364 0.21177
0.357398 0.786406
0.35889 0.868464
0.360638 0.249538
0.361762 0.129449
0.362096 0.755857
0.364783 0.904318
0.365838 0.646275
0.366354 0.306528
0.36636 0.417678
0.366696 0.0615627
0.366987 0.958882
0.369793 0.113516
0.369969 0.0634623
0.370489 0.809461
0.371135 0.658343
0.371846 0.617301
0.37192 0.863557
0.371961 0.543199
0.372794 0.549801
0.373684 0.508411
0.377136 0.519229
0.377396 0.898936
0.377485 0.386016
0.377581 0.00571467
0.377682 0.69614
0.377716 0.277295
0.378154 0.634168
0.378407 0.89039
0.378671 0.323575
0.378793 0.377527
0.378959 0.16578
0.382384 0.72774
0.382417 0.279664
0.382766 0.151632
0.383442 0.511826
0.383499 0.469249
0.383548 0.298273
0.384639 0.628976
0.384976 0.287926
0.385503 0.154655
0.386996 0.249869
0.387041 0.00585687
0.3882 0.471219
0.388336 0.765284
0.389174 0.848218
0.389637 0.624451
0.389644 0.744891
0.390551 0.983302
0.391048 0.341621
0.391156 0.156799
0.392178 0.337307
0.392531 0.273976
0.393044 0.894401
0.394585 0.795246
0.395192 0.99547
0.397571 0.969168
0.397694 0.0368399
0.397933 0.0630529
0.399621 0.425862
0.400427 0.972908
0.400466 0.624821
0.401973 0.964907
0.403305 0.346241
0.403769 0.14989
0.403986 0.787806
0.404194 0.293229
0.40437 0.246415
0.404548 0.232848
0.404983 0.543311
0.405138 0.155933
0.406007 0.760955
0.406996 0.388374
0.408017 0.54358
0.408199 0.606563
0.409065 0.157787
0.409507 0.582139
0.410681 0.321087
0.410688 0.440807
0.411004 0.736207
0.411391 0.242784
0.411572 0.294098
0.414363 0.1972
0.414524 0.901023
0.414576 0.772622
0.41479 0.371085
0.415121 0.933904
0.415839 0.00938132
0.416068 0.858038
0.416104 0.46203
0.416463 0.495339
0.417515 0.166373
0.417693 0.160632
0.417934 0.21916
0.418388 0.847193
0.41887 0.955093
0.419218 0.794081
0.423184 0.449914
0.42421 0.700586
0.424984 0.710571
0.426046 0.555436
0.42672 0.876999
0.427032 0.128196
0.427491 0.838555
0.427707 0.466366
0.428337 0.0650469
0.428376 0.713955
0.428422 0.494244
0.428424 0.520086
0.429901 0.340493
0.430484 0.149563
0.430889 0.943478
0.431515 0.478405
0.431798 0.232877
0.431932 0.48151
0.433285 0.219978
0.433876 0.152595
0.434355 0.211854
0.434599 0.303949
0.435221 0.767492
0.435595 0.0378926
0.435742 0.519259
0.435921 0.526721
0.436446 0.354208
0.436464 0.657809
0.436488 0.0549578
0.436505 0.344111
0.437119 0.655478
0.440136 0.365388
0.44039 0.635463
0.440639 0.817218
0.441919 0.333284
0.442735 0.0462962
0.443234 0.432572
0.443686 0.0266465
0.444077 0.599341
0.445015 0.367659
0.445691 0.731328
0.445783 0.281865
0.4464 0.644111
0.447107 0.531826
0.447513 0.348703
0.448014 0.764993
0.448174 0.461795
0.450249 0.337263
0.450367 0.326288
0.450827 0.0497637
0.451194 0.220011
0.451226 0.754121
0.451251 0.174765
0.451578 0.677102
0.454081 0.739164
0.455972 0.519029
0.456471 0.910313
0.45653 0.899245
0.457052 0.666258
0.458509 0.157182
0.459189 0.592478
0.459319 0.77483
0.461276 0.666697
0.461408 0.88908
0.461968 0.290905
0.462256 0.137565
0.462302 0.910082
0.462426 0.993555
0.462551 0.090772
0.463468 0.498944
0.46357 0.226216
0.46358 0.385287
0.463981 0.130091
0.465354 0.204122
0.465568 0.794547
0.46744 0.261764
0.467635 0.543446
0.467645 0.715259
0.467957 0.958339
0.467983 0.392797
0.468718 0.743277
0.468811 0.308394
0.468981 0.165982
0.469662 0.601896
0.470452 0.891807
0.471093 0.664616
0.471336 0.743994
0.47153 0.0115967
0.471883 0.941386
0.472509 0.463251
0.473033 0.262211
0.475382 0.749343
0.475634 0.982376
0.475649 0.225956
0.476444 0.58657
0.477029 0.429302
0.477101 0.634664
0.478062 0.79427
0.478346 0.553234
0.478771 0.709244
0.478959 0.856462
0.479761 0.340247
0.479903 0.729951
0.480393 0.957586
0.480398 0.0422749
0.481153 0.73609
0.481333 0.765146
0.481564 0.646039
0.481663 0.304916
0.482003 0.028457
0.482832 0.950472
0.485301 0.449052
0.486041 0.899248
0.486044 0.937542
0.486696 0.89287
0.486716 0.235172
0.488938 0.587514
0.489031 0.145063
0.489428 0.824869
0.489579 0.358586
0.490347 0.257624
0.490545 0.58304
0.491207 0.70824
0.492753 0.692443
0.493404 0.639648
0.49354 0.929229
0.493891 0.829168
0.494256 0.953318
0.494781 0.77625
0.4955 0.862716
0.495711 0.42225
0.495938 0.226053
0.49636 0.321056
0.497831 0.0515848
0.499533 0.64823
0.499809 0.286849
0.499919 0.140759
0.500116 0.441092
0.500714 0.50783
0.5014 0.0319788
0.502074 0.36014
0.502221 0.835315
0.502821 0.919631
0.504277 0.377802
0.505681 0.980754
0.505706 0.404161
0.505928 0.125951
0.506231 0.217991
0.50696 0.477513
0.507172 0.0361396
0.507278 0.825741
0.507543 0.272997
0.508541 0.0564656
0.50973 0.0363645
0.510581 0.332222
0.511115 0.313035
0.511566 0.885893
0.514376 0.110557
0.514377 0.133215
0.514429 0.000712831
0.51446 0.530636
0.514842 0.946569
0.515577 0.294701
0.516093 0.974677
0.516397 0.0765068
0.516637 0.117801
0.516878 0.162766
0.516904 0.608314
0.517116 0.177068
0.517599 0.292324
0.519183 0.900257
0.519432 0.0872242
0.520175 0.581952
0.52074 0.0836341
0.52085 0.918667
0.521069 0.601749
0.521359 0.478563
0.521544 0.586281
0.521944 0.30806
0.523983 0.579567
0.524502 0.302392
0.524733 0.192473
0.52583 0.620137
0.525929 0.286692
0.527222 0.0153929
0.5279 0.417262
0.528595 0.0885078
0.529857 0.311782
0.530779 0.798241
0.531 0.516894
0.531331 0.0857078
0.531578 0.223486
0.53244 0.721647
0.533273 0.725456
0.533505 0.624733
0.533744 0.633696
0.536429 0.757372
0.536889 0.485301
0.536998 0.32424
0.537088 0.837445
0.53864 0.926866
0.538653 0.148923
0.5395 0.370602
0.540217 0.426162
0.540356 0.767209
0.540712 0.742736
0.54073 0.0458038
0.541273 0.172188
0.542492 0.655455
0.542786 0.602002
0.543462 0.965507
0.543734 0.535927
0.543842 0.35886
0.544267 0.496987
0.544322 0.426814
0.544964 0.217953
0.546093 0.186599
0.546213 0.195033
0.54648 0.69028
0.54652 0.353909
0.547094 0.00718807
0.547837 0.500695
0.547924 0.951955
0.548042 0.935203
0.548139 0.567025
0.548558 0.610029
0.548809 0.836746
0.549324 0.4849
0.549837 0.103994
0.550259 0.203098
0.550429 0.0637927
0.550441 0.264249
0.550837 0.914668
0.551652 0.61857
0.552401 0.20968
0.554075 0.336516
0.555869 0.485506
0.555962 0.0528617
0.556151 0.225844
0.556565 0.188534
0.557358 0.51861
0.55741 0.382203
0.557567 0.0279929
0.557846 0.712858
0.558519 0.0204898
0.559014 0.356622
0.560038 0.563654
0.560448 0.457402
0.56104 0.406869
0.562243 0.625918
0.562712 0.493689
0.563208 0.841138
0.564705 0.993508
0.564739 0.561577
0.565575 0.62226
0.566506 0.260395
0.566687 0.314119
0.567778 0.640118
0.568004 0.435351
0.568224 0.143759
0.568258 0.707211
0.569013 0.399155
0.569415 0.164778
0.569986 0.754326
0.570008 0.119113
0.57013 0.182207
0.570133 0.222427
0.570432 0.249037
0.571504 0.261066
0.572497 0.958719
0.573272 0.986603
0.573399 0.109396
0.574084 0.636268
0.574105 0.984925
0.574952 0.217068
0.575066 0.137189
0.575539 0.0782151
0.576524 0.637091
0.578166 0.243935
0.57829 0.322634
0.58046 0.786636
0.581846 0.0859954
0.583405 0.281612
0.58353 0.396415
0.584727 0.511264
0.584852 0.605475
0.584894 0.313041
0.584953 0.303609
0.586951 0.88159
0.58704 0.380919
0.587383 0.143216
0.590358 0.141022
0.592046 0.510131
0.59255 0.980681
0.592567 0.27604
0.592633 0.381867
0.592921 0.224746
0.593593 0.516921
0.593918 0.981863
0.597322 0.195792
0.597556 0.116592
0.598412 0.518411
0.598426 0.750721
0.599747 0.954561
0.600543 0.33125
0.602874 0.502393
0.602924 0.343868
0.60333 0.159916
0.603575 0.277009
0.603856 0.010804
0.604361 0.492342
0.604381 0.831099
0.604456 0.0922398
0.607004 0.919479
0.607917 0.254662
0.608398 0.340828
0.608499 0.0355576
0.609598 0.504928
0.610125 0.375351
0.610189 0.448675
0.610381 0.675134
0.610445 0.744287
0.610927 0.856053
0.610936 0.993484
0.612435 0.188413
0.612746 0.422047
0.613686 0.220779
0.613694 0.361661
0.614444 0.960887
0.615328 0.826027
0.616164 0.873076
0.616233 0.0353937
0.616811 0.737392
0.616839 0.21264
0.616933 0.79964
0.617022 0.294625
0.617241 0.970248
0.618586 0.573444
0.618587 0.587782
0.618597 0.754499
0.618637 0.430729
0.621091 0.672807
0.621281 0.877658
0.621832 0.133232
0.623185 0.865853
0.624462 0.335243
0.624898 0.661539
0.624958 0.660974
0.62617 0.038742
0.627349 0.860282
0.627393 0.592048
0.62748 0.0608146
0.628824 0.637785
0.629641 0.383292
0.629911 0.914384
0.630164 0.15954
0.630487 0.587948
0.630712 0.37127
0.631154 0.805139
0.631426 0.380638
0.631446 0.704728
0.63151 0.781167
0.631873 0.895267
0.63221 0.552238
0.632344 0.802577
0.63236 0.069464
0.632598 0.0686683
0.633869 0.437341
0.633921 0.31398
0.634236 0.607635
0.635404 0.237765
0.636312 0.488729
0.636557 0.607552
0.636661 0.36418
0.636792 0.560823
0.637016 0.323655
0.637382 0.472654
0.637427 0.241008
0.637563 0.524053
0.638151 0.398466
0.638373 0.132427
0.638487 0.043908
0.638717 0.917123
0.639724 0.837585
0.640192 0.712133
0.640465 0.302448
0.640874 0.161611
0.641501 0.706117
0.641862 0.766928
0.643641 0.666672
0.643844 0.0828349
0.644645 0.548119
0.644913 0.0522491
0.647468 0.99812
0.648209 0.443651
0.648868 0.522104
0.649483 0.857615
0.649962 0.904258
0.649962 0.909165
0.650245 0.671487
0.650449 0.102927
0.650571 0.13963
0.652234 0.0930812
0.652856 0.552061
0.653082 0.353086
0.653686 0.503636
0.653977 0.392456
0.653987 0.551308
0.65407 0.952487
0.654245 0.890701
0.65458 0.533553
0.654622 0.239968
0.654808 0.357634
0.655301 0.642746
0.657406 0.0221768
0.659968 0.0909451
0.660465 0.441595
0.660486 0.790667
0.660613 0.930443
0.661433 0.712296
0.661593 0.389517
0.66171 0.365565
0.662712 0.195249
0.663198 0.362762
0.664486 0.0152029
0.664699 0.594115
0.66508 0.996086
0.665389 0.185962
0.666661 0.569865
0.66683 0.406939
0.667134 0.526488
0.667736 0.643597
0.669132 0.10875
0.66941 0.776976
0.669986 0.461529
0.670562 0.129748
0.671929 0.112077
0.671929 0.117618
0.673129 0.272319
0.673743 0.604457
0.674102 0.632303
0.674579 0.644118
0.674732 0.223353
0.675122 0.774767
0.675277 0.372965
0.675332 0.297573
0.676201 0.910789
0.676309 0.730749
0.676429 0.741695
0.67656 0.945546
0.676913 0.880462
0.677429 0.551062
0.678663 0.28871
0.679074 0.200591
0.67911 0.793282
0.679209 0.465863
0.679641 0.731113
0.679895 0.989096
0.680892 0.745932
0.680903 0.943838
0.681306 0.704036
0.681495 0.88677
0.681939 0.342522
0.682055 0.302722
0.683818 0.930609
0.68387 0.806434
0.683888 0.107264
0.684162 0.707706
0.684399 0.696501
0.685688 0.355219
0.686368 0.784121
0.686758 0.341421
0.687196 0.701315
0.687258 0.740907
0.687535 0.400039
0.687645 0.254927
0.687889 0.349144
0.688277 0.864573
0.68901 0.184225
0.689171 0.891272
0.68959 0.93135
0.68986 0.476639
0.690012 0.0379746
0.690215 0.434924
0.691162 0.364544
0.691964 0.834351
0.692487 0.634438
0.693795 0.610351
0.694438 0.410976
0.694461 0.799664
0.694577 0.755889
0.694608 0.270011
0.695735 0.223802
0.697611 0.756174
0.697758 0.213841
0.697897 0.56068
0.697977 0.894145
0.698064 0.355218
0.698782 0.432229
0.698977 0.706548
0.698986 0.852408
0.700776 0.94245
0.701975 0.100195
0.702481 0.600368
0.702912 0.845997
0.702992 0.186818
0.703185 0.428602
0.703748 0.885102
0.704952 0.122199
0.70599 0.577264
0.70804 0.0232756
0.70876 0.123296
0.709567 0.68911
0.709726 0.367302
0.70991 0.463351
0.710069 0.123228
0.710514 0.601762
0.712568 0.137785
0.712672 0.886274
0.71299 0.216689
0.713726 0.586367
0.714055 0.130011
0.714345 0.992198
0.714565 0.697694
0.714964 0.403805
0.715018 0.311421
0.715116 0.959529
0.715573 0.627735
0.716135 0.0850261
0.71629 0.692811
0.716317 0.139486
0.717477 0.641835
0.717517 0.310286
0.717665 0.796136
0.718024 0.825344
0.719587 0.0990761
0.719598 0.291949
0.719611 0.502972
0.72001 0.212354
0.72061 0.29775
0.720645 0.884391
0.720813 0.700107
0.721132 0.0633222
0.722422 0.750857
0.722527 0.518513
0.723465 0.278684
0.724895 0.317651
0.725121 0.113503
0.72553 0.977698
0.726122 0.938224
0.726575 0.544993
0.727844 0.872663
0.728174 0.418969
0.729165 0.0741635
0.730307 0.269915
0.730524 0.908825
0.730953 0.127508
0.732053 0.614769
0.732432 0.983955
0.733646 0.394359
0.735888 0.0764169
0.736387 0.453309
0.737232 0.662935
0.737768 0.658548
0.740177 0.152253
0.740413 0.12347
0.740849 0.442378
0.741179 0.989708
0.742162 0.51965
0.742282 0.536552
0.742403 0.568317
0.743161 0.312393
0.743709 0.517236
0.743722 0.731921
0.743787 0.83155
0.743904 0.787602
0.743966 0.840875
0.74429 0.278441
0.746132 0.242461
0.746325 0.491977
0.746906 0.255467
0.74693 0.645846
0.747568 0.381332
0.747965 0.0518558
0.748516 0.316039
0.74865 0.554865
0.748686 0.159429
0.748711 0.580089
0.748889 0.58255
0.750156 0.877756
0.750247 0.402552
0.750447 0.763586
0.751074 0.300102
0.751609 0.293203
0.752237 0.846624
0.752272 0.442406
0.752821 0.656297
0.753072 0.888515
0.754046 0.255136
0.754937 0.218293
0.755068 0.419914
0.755896 0.347744
0.756054 0.997619
0.756104 0.838023
0.756326 0.564776
0.757109 0.738073
0.757472 0.835699
0.757492 0.163718
0.757848 0.159187
0.758591 0.634834
0.758676 0.0716692
0.758928 0.3028
0.758958 0.801309
0.759151 0.0456203
0.759633 0.146053
0.759942 0.338928
0.760562 0.765819
0.761411 0.0269825
0.761678 0.517659
0.761801 0.590638
0.761827 0.0320056
0.762902 0.0889735
0.762966 0.168073
0.764275 0.170588
0.764613 0.858543
0.764759 0.308814
0.764897 0.629967
0.764941 0.360527
0.765005 0.447398
0.765997 0.110701
0.766037 0.779363
0.766083 0.563667
0.766276 0.80693
0.76639 0.724492
0.76684 0.271906
0.767713 0.950841
0.768279 0.472511
0.768649 0.679362
0.769264 0.0263073
0.769462 0.345784
0.770255 0.673965
0.770462 0.15846
0.771033 0.748995
0.771074 0.437809
0.771101 0.901232
0.771145 0.641701
0.77266 0.0975616
0.774978 0.0544494
0.776687 0.785708
0.777806 0.58766
0.778673 0.152299
0.779307 0.815711
0.779405 0.459914
0.779883 0.490857
0.780359 0.486636
0.7807 0.222034
0.780863 0.961302
0.781319 0.628029
0.781715 0.277305
0.783368 0.0637644
0.78406 0.700754
0.784383 0.121508
0.784751 0.307369
0.786974 0.672765
0.787321 0.500522
0.78789 0.0649006
0.788451 0.494682
0.78889 0.87357
0.789232 0.623635
0.789353 0.659994
0.789414 0.688747
0.789885 0.598005
0.790272 0.105498
0.790746 0.0637337
0.791645 0.18413
0.792662 0.269768
0.794235 0.704065
0.794407 0.592144
0.794603 0.896265
0.795027 0.0169308
0.795109 0.392846
0.797337 0.842281
0.797679 0.589019
0.797977 0.604423
0.799803 0.289003
0.799915 0.179736
0.800295 0.557992
0.800603 0.740512
0.800866 0.154319
0.801793 0.727862
0.80181 0.0266337
0.802886 0.0987064
0.80411 0.670568
0.804513 0.456876
0.804597 0.86923
0.804598 0.88655
0.804853 0.158777
0.80529 0.508012
0.805965 0.860732
0.806183 0.51963
0.806368 0.622566
0.806737 0.821309
0.807368 0.440862
0.80781 0.867539
0.808017 0.344208
0.809595 0.86487
0.809949 0.812981
0.811205 0.917083
0.811313 0.737504
0.811765 0.32639
0.815622 0.156151
0.816058 0.481672
0.816124 0.595732
0.816474 0.480426
0.817128 0.472178
0.817271 0.877981
0.818566 0.645688
0.818811 0.764988
0.820176 0.705118
0.820921 0.222378
0.822409 0.22488
0.822469 0.236032
0.823785 0.356521
0.824643 0.773632
0.824813 0.626383
0.824894 0.992061
0.825224 0.545512
0.826 0.574812
0.826049 0.412977
0.827125 0.493213
0.827253 0.641841
0.830238 0.802638
0.831075 0.87542
0.831385 0.0869682
0.832065 0.521372
0.832156 0.0463635
0.832495 0.74677
0.832551 0.688047
0.832651 0.368838
0.832654 0.418559
0.833285 0.0227811
0.833306 0.372221
0.833427 0.412117
0.833559 0.619716
0.833709 0.147305
0.833796 0.605459
0.834339 0.733737
0.835814 0.529569
0.836563 0.110434
0.837005 0.544765
0.838617 0.630311
0.839461 0.814924
0.839574 0.719494
0.839684 0.57022
0.840144 0.306946
0.841261 0.0758078
0.842199 0.838624
0.842683 0.981155
0.84274 0.935119
0.842911 0.797395
0.843671 0.577417
0.84417 0.968843
0.845366 0.0666224
0.845583 0.718993
0.84577 0.853321
0.846832 0.704894
0.847757 0.25524
0.847904 0.724663
0.848242 0.404001
0.848426 0.50372
0.848986 0.902587
0.849272 0.713918
0.849931 0.794179
0.851522 0.524783
0.852421 0.643121
0.85243 0.792041
0.852537 0.585892
0.8545 0.584307
0.854538 0.223299
0.85521 0.511013
0.855612 0.272753
0.856831 0.765538
0.856977 0.21685
0.85783 0.550493
0.858395 0.0474325
0.858521 0.159574
0.858728 0.637229
0.859969 0.50042
0.860581 0.776881
0.861274 0.428662
0.861669 0.0755896
0.862276 0.276949
0.862833 0.629069
0.864011 0.42659
0.864114 0.16899
0.864343 0.0135062
0.864721 0.372455
0.865306 0.205607
0.866338 0.547871
0.866405 0.673686
0.866695 0.547127
0.866802 0.333449
0.866964 0.0562035
0.868015 0.724396
0.868048 0.289124
0.869581 0.0407431
0.869781 0.411584
0.869849 0.545539
0.870026 0.52204
0.870417 0.105715
0.870786 0.293117
0.8713 0.934963
0.872212 0.264785
0.872463 0.48888
0.87337 0.725225
0.873934 0.211755
0.873946 0.407977
0.87448 0.387867
0.874524 0.125354
0.87477 0.253646
0.875152 0.685098
0.875271 0.676377
0.87726 0.106173
0.877272 0.315357
0.877296 0.711011
0.877503 0.188924
0.877895 0.774806
0.879492 0.624895
0.880126 0.284387
0.881152 0.516197
0.881998 0.741163
0.883475 0.565209
0.883964 0.786137
0.884254 0.660165
0.884634 0.0487128
0.885398 0.878535
0.88618 0.0304195
0.886471 0.911405
0.886474 0.972271
0.886993 0.695182
0.887462 0.567836
0.888311 0.848832
0.888804 0.128841
0.888892 0.60966
0.890427 0.408676
0.890669 0.466922
0.890811 0.857518
0.890984 0.769507
0.891335 0.668272
0.894009 0.611754
0.894204 0.8891
0.894328 0.975955
0.895081 0.628713
0.89567 0.525118
0.898555 0.0178653
0.898945 0.569029
0.899103 0.22641
0.899714 0.496955
0.899974 0.868765
0.900359 0.336977
0.900625 0.807791
0.901066 0.220787
0.902565 0.411748
0.904752 0.174866
0.905028 0.801549
0.905029 0.823424
0.905735 0.691064
0.906106 0.915243
0.906223 0.885429
0.906474 0.103866
0.907856 0.329618
0.90832 0.140914
0.909134 0.819529
0.909771 0.522371
0.909999 0.351156
0.910493 0.648117
0.910903 0.548001
0.911025 0.60351
0.911766 0.0562265
0.911855 0.538228
0.91189 0.131365
0.91262 0.412167
0.913799 0.221154
0.914435 0.909188
0.916374 0.502204
0.917312 0.255144
0.918234 0.752474
0.91826 0.202616
0.918734 0.168427
0.918928 0.428768
0.91911 0.482476
0.919352 0.541795
0.920893 0.441864
0.922546 0.236753
0.922653 0.0262446
0.923178 0.854804
0.923548 0.0666715
0.923848 0.119141
0.924508 0.209802
0.924988 0.273718
0.925227 0.287589
0.925495 0.802347
0.926122 0.330003
0.9262 0.640044
0.926251 0.503237
0.926839 0.388912
0.927054 0.987978
0.927487 0.277435
0.927503 0.540948
0.92763 0.682619
0.927737 0.483349
0.928941 0.715648
0.929132 0.914755
0.929459 0.423126
0.930029 0.00375225
0.930195 0.7849
0.930286 0.321106
0.931461 0.0709804
0.932206 0.586519
0.932662 0.248284
0.934381 0.148772
0.934621 0.178265
0.935371 0.781725
0.936514 0.989677
0.936661 0.469901
0.937011 0.351151
0.937508 0.696135
0.937515 0.811151
0.937908 0.427916
0.938627 0.506579
0.93864 0.716505
0.938729 0.214848
0.939102 0.48845
0.939112 0.648875
0.940213 0.161658
0.94044 0.982014
0.94142 0.450879
0.941517 0.0787088
0.942172 0.0876241
0.943104 0.742077
0.944251 0.0210068
0.944705 0.662862
0.944818 0.556233
0.945202 0.0168377
0.945221 0.336764
0.945504 0.0942887
0.945615 0.958475
0.946038 0.0625096
0.94835 0.917349
0.948573 0.670015
0.949123 0.911408
0.949236 0.804168
0.949343 0.599983
0.949546 0.0262034
0.950584 0.458259
0.950965 0.870576
0.951182 0.519699
0.954129 0.0386474
0.954158 0.536577
0.95499 0.514308
0.955453 0.303009
0.955622 0.132398
0.956393 0.105137
0.958294 0.054192
0.958406 0.93472
0.958928 0.697796
0.959016 0.185221
0.959272 0.49197
0.959315 0.209539
0.959846 0.139739
0.960161 0.429081
0.960209 0.22561
0.960406 0.545994
0.961122 0.582152
0.961348 0.383607
0.961788 0.773852
0.963333 0.73107
0.963444 0.607262
0.963569 0.709996
0.964606 0.131478
0.964858 0.363368
0.967182 0.421819
0.967329 0.9027
0.967531 0.289898
0.968115 0.109228
0.968726 0.384922
0.96925 0.181135
0.97001 0.950483
0.970024 0.187857
0.970967 0.0498175
0.973865 0.755035
0.974045 0.770833
0.975009 0.979212
0.97504 0.503908
0.976369 0.838526
0.976704 0.460262
0.978309 0.446679
0.979266 0.519795
0.979341 0.788418
0.980559 0.256863
0.98118 0.696402
0.981643 0.468589
0.983408 0.131523
0.983669 0.524127
0.984465 0.895119
0.984665 0.264395
0.984728 0.318677
0.985375 0.197455
0.986243 0.789807
0.986474 0.663648
0.986565 0.190096
0.987035 0.103713
0.987909 0.787117
0.988299 0.339862
0.988648 0.201288
0.98873 0.578025
0.988958 0.418041
0.989689 0.70364
0.990254 0.202513
0.991055 0.667335
0.991386 0.227477
0.991557 0.10319
0.992545 0.704172
0.992591 0.478067
0.992796 0.917255
0.993261 0.737551
0.994482 0.254644
0.994636 0.842034
0.997083 0.98053
0.998104 0.127894
0.999073 0.418223
