0.00152234 0.586006
0.00176271 0.625946
0.00205194 0.486904
0.00426169 0.626274
0.00477522 0.257171
0.00619067 0.0465313
0.00731535 0.94906
0.00810599 0.237398
0.00823173 0.350776
0.00902957 0.759999
0.0095125 0.87668
0.00993099 0.910238
0.0104293 0.284852
0.0108512 0.376764
0.0112563 0.184821
0.0113064 0.0259361
0.0114904 0.118409
0.0129642 0.889063
0.0139389 0.271023
0.0140731 0.526426
0.0165714 0.515453
0.0166587 0.982107
0.0170823 0.101512
0.0178204 0.5081
0.0184216 0.612373
0.0186528 0.49822
0.0201963 0.439981
0.0211842 0.0431775
0.021996 0.686324
0.0232514 0.786106
0.0242688 0.885525
0.0244632 0.153136
0.025198 0.503632
0.0284127 0.533011
0.0284876 0.791194
0.0305675 0.747156
0.0307938 0.551405
0.0312273 0.837583
0.0312718 0.585337
0.031282 0.75607
0.0336514 0.579149
0.0339209 0.108237
0.0344947 0.751702
0.0352684 0.756834
0.0358193 0.0149438
0.0368056 0.591272
0.036978 0.489142
0.0370221 0.229978
0.037206 0.320924
0.0383397 0.376013
0.0389692 0.955636
0.0396114 0.748285
0.0396586 0.541277
0.0399661 0.709967
0.0403157 0.586631
0.0409046 0.484054
0.042391 0.466317
0.0450609 0.338281
0.0463024 0.205291
0.0463321 0.703463
0.0484294 0.953736
0.0487276 0.964255
0.0495589 0.93607
0.0499921 0.217348
0.0504649 0.163484
0.0514302 0.387078
0.05149 0.39315
0.0515666 0.67968
0.0519652 0.37859
0.0529091 0.24257
0.0532996 0.805865
0.053745 0.291615
0.0548551 0.950008
0.0549258 0.13759
0.0550284 0.862474
0.0555146 0.0338378
0.0556107 0.649873
0.0565231 0.9831
0.0574407 0.405305
0.0614884 0.4362
0.064441 0.0604607
0.0652376 0.448467
0.0658673 0.0316671
0.0662744 0.873596
0.0665732 0.895472
0.0680386 0.52479
0.0684109 0.781753
0.069955 0.733446
0.0712634 0.723892
0.0715236 0.0978075
0.0715751 0.962347
0.0727781 0.181326
0.0748121 0.367455
0.075271 0.0801306
0.075819 0.289607
0.0760281 0.804187
0.0760611 0.358341
0.0764676 0.190213
0.0783686 0.141374
0.0783865 0.441625
0.0794233 0.867678
0.080703 0.375847
0.0822034 0.592526
0.0831494 0.491897
0.0862627 0.817069
0.086412 0.325819
0.0873481 0.0603045
0.0877689 0.132446
0.0877881 0.454549
0.0898107 0.447796
0.0902834 0.393588
0.0905871 0.497265
0.0906187 0.0278776
0.0908015 0.100815
0.0921963 0.542631
0.0935833 0.853878
0.093697 0.766048
0.0940282 0.332812
0.0949596 0.985707
0.095132 0.882747
0.0973612 0.349345
0.0986496 0.00310104
0.0989278 0.678738
0.101696 0.203397
0.102221 0.0348125
0.102455 0.962296
0.103274 0.734491
0.105478 0.761388
0.105836 0.785016
0.106919 0.989879
0.108226 0.958231
0.108615 0.485243
0.108955 0.198516
0.10942 0.0136624
0.111429 0.783561
0.111585 0.405364
0.112142 0.772847
0.112396 0.0386877
0.11272 0.491037
0.112737 0.768341
0.114533 0.951063
0.115087 0.272206
0.118416 0.217794
0.118635 0.905908
0.119268 0.534023
0.119583 0.823718
0.120213 0.419706
0.120331 0.410711
0.120466 0.673204
0.121724 0.816337
0.122122 0.498397
0.124102 0.774663
0.124315 0.357833
0.124689 0.649397
0.125198 0.210036
0.126922 0.173965
0.127093 0.0538969
0.129437 0.446557
0.130831 0.880749
0.130854 0.262316
0.131983 0.235063
0.132953 0.534714
0.133191 0.538097
0.133357 0.32808
0.135349 0.81778
0.136723 0.910374
0.137748 0.133192
0.137772 0.531789
0.137906 0.788163
0.139062 0.223041
0.140608 0.197845
0.140994 0.69071
0.141106 0.576114
0.141142 0.177414
0.141918 0.213703
0.142331 0.152523
0.143044 0.144125
0.143464 0.202595
0.143755 0.0944277
0.144704 0.0394889
0.145092 0.555857
0.145138 0.334761
0.146137 0.126017
0.14622 0.515487
0.152088 0.137022
0.152775 0.682732
0.153557 0.828794
0.154212 0.843446
0.155141 0.45429
0.155763 0.909255
0.156653 0.874025
0.157116 0.647018
0.160751 0.739664
0.163012 0.742838
0.164276 0.99194
0.165112 0.0327436
0.166854 0.317773
0.167801 0.231928
0.167827 0.66752
0.168212 0.136695
0.169009 0.532074
0.170241 0.247057
0.170769 0.110404
0.171099 0.665702
0.171363 0.0986673
0.172134 0.0611305
0.172296 0.779103
0.172586 0.646565
0.173798 0.0184633
0.174065 0.513304
0.174615 0.761388
0.175436 0.556788
0.175607 0.42066
0.175677 0.597292
0.176504 0.495116
0.177154 0.424852
0.178098 0.29395
0.178551 0.898387
0.179161 0.155431
0.179711 0.39824
0.180129 0.420599
0.180141 0.625477
0.180656 0.287961
0.183558 0.0523697
0.185362 0.383088
0.186111 0.967005
0.186262 0.50829
0.18633 0.649649
0.186759 0.862063
0.1872 0.262834
0.187484 0.0429378
0.188376 0.0340194
0.18909 0.0322974
0.192475 0.930965
0.193194 0.00641843
0.194072 0.769706
0.194277 0.213598
0.194329 0.0806891
0.195313 0.62554
0.196331 0.728262
0.196856 0.565759
0.20009 0.909422
0.20106 0.22035
0.201387 0.704952
0.201972 0.540718
0.20244 0.412731
0.203506 0.326805
0.20353 0.730231
0.20472 0.730815
0.204979 0.0876373
0.205086 0.878655
0.205702 0.23273
0.206618 0.628693
0.207231 0.924439
0.208297 0.842668
0.209595 0.662382
0.209646 0.526453
0.209939 0.442391
0.210409 0.342125
0.210777 0.525262
0.21279 0.358045
0.212941 0.906969
0.213504 0.365903
0.214 0.693535
0.215538 0.539807
0.216093 0.871672
0.216686 0.849229
0.217653 0.101991
0.217891 0.0964371
0.218052 0.795368
0.21816 0.612268
0.22058 0.286465
0.220598 0.58929
0.221048 0.149907
0.221623 0.824669
0.222169 0.991101
0.222423 0.255063
0.224385 0.230414
0.224552 0.0415516
0.225128 0.718615
0.225135 0.843891
0.225536 0.577496
0.226822 0.193036
0.228947 0.905267
0.229735 0.150982
0.230126 0.726886
0.232003 0.276553
0.23275 0.83019
0.234014 0.0801682
0.23494 0.630147
0.236246 0.5797
0.237579 0.993498
0.238329 0.597381
0.240212 0.25117
0.240578 0.399159
0.240932 0.342175
0.240954 0.708112
0.24229 0.174739
0.242296 0.273304
0.242433 0.576847
0.24372 0.194969
0.245405 0.523131
0.246315 0.809384
0.246388 0.050889
0.246787 0.751271
0.249164 0.692457
0.249216 0.580899
0.249304 0.0591281
0.250465 0.558856
0.251341 0.282526
0.253496 0.515454
0.254242 0.0521391
0.255192 0.0100512
0.255462 0.542286
0.257688 0.955657
0.259293 0.939053
0.25997 0.320684
0.26075 0.427919
0.260753 0.476748
0.262206 0.888258
0.262907 0.679482
0.263979 0.693819
0.26455 0.298825
0.264971 0.364424
0.265703 0.673346
0.265855 0.228648
0.266063 0.720383
0.266704 0.490578
0.267197 0.77155
0.268735 0.62384
0.271422 0.787289
0.27153 0.602091
0.272129 0.672875
0.274213 0.693944
0.274775 0.142242
0.275289 0.789582
0.276669 0.983771
0.276967 0.991512
0.278196 0.631652
0.279097 0.777195
0.279111 0.0184581
0.279893 0.160795
0.2803 0.995853
0.281202 0.164718
0.282091 0.0970236
0.282815 0.27631
0.283447 0.894314
0.283633 0.0126914
0.284546 0.371291
0.285994 0.706103
0.287591 0.537527
0.289064 0.300621
0.290383 0.474408
0.290559 0.431812
0.291702 0.640657
0.292733 0.968482
0.292746 0.180326
0.293219 0.137489
0.294121 0.296854
0.294323 0.684106
0.2947 0.0301803
0.295413 0.00520618
0.295923 0.584159
0.297329 0.203273
0.297889 0.616705
0.298081 0.853409
0.299328 0.812864
0.30098 0.579022
0.301763 0.726759
0.302872 0.364311
0.304329 0.854593
0.304535 0.316384
0.304942 0.152483
0.30513 0.321294
0.305413 0.0735433
0.306722 0.0781631
0.307044 0.489636
0.307306 0.889785
0.307639 0.484833
0.308312 0.795525
0.308422 0.655665
0.308443 0.995517
0.30872 0.657224
0.309157 0.996284
0.310282 0.912353
0.310351 0.0677987
0.311183 0.0465942
0.311453 0.591484
0.312473 0.737064
0.312908 0.0374695
0.314714 0.395275
0.315271 0.759964
0.316083 0.39998
0.316597 0.0445957
0.316791 0.312152
0.317211 0.362419
0.319883 0.268584
0.320321 0.626897
0.320831 0.212792
0.320982 0.750242
0.321047 0.837051
0.321678 0.439723
0.322451 0.440215
0.32254 0.921738
0.322886 0.737263
0.324353 0.409102
0.325323 0.708189
0.325325 0.744253
0.326565 0.585412
0.327625 0.39084
0.327946 0.79318
0.32867 0.960664
0.32926 0.869137
0.329952 0.503395
0.330768 0.214841
0.331007 0.239442
0.336329 0.677821
0.338356 0.752197
0.33923 0.443325
0.340996 0.127812
0.341422 0.272129
0.34288 0.779191
0.344426 0.766298
0.344455 0.249193
0.344792 0.917871
0.345249 0.607608
0.347605 0.197148
0.348037 0.465012
0.348779 0.930227
0.349412 0.560307
0.349761 0.440814
0.349914 0.99862
0.351528 0.130756
0.35207 0.234983
0.352211 0.602202
0.356819 0.0563582
0.357557 0.464331
0.358636 0.59291
0.359299 0.741534
0.359674 0.0328784
0.359724 0.88434
0.362408 0.992449
0.365536 0.557742
0.367257 0.495186
0.369503 0.244591
0.370489 0.810447
0.371965 0.609425
0.37305 0.854062
0.373673 0.313902
0.37407 0.997716
0.374866 0.38112
0.375094 0.198205
0.376634 0.0895875
0.376689 0.0143748
0.378542 0.162268
0.381379 0.842169
0.382042 0.972236
0.382353 0.21181
0.38274 0.714701
0.383293 0.0108863
0.384115 0.824334
0.385587 0.560795
0.386468 0.363934
0.386795 0.869167
0.387426 0.476754
0.387905 0.519937
0.389499 0.310648
0.389916 0.323755
0.390262 0.126108
0.391012 0.739562
0.392078 0.660109
0.392164 0.107705
0.392359 0.376874
0.393855 0.52137
0.394991 0.607858
0.39722 0.0686959
0.39731 0.593523
0.397363 0.47766
0.39827 0.723028
0.398478 0.21434
0.398636 0.881301
0.398716 0.222999
0.400767 0.69346
0.401723 0.759454
0.401724 0.780546
0.403147 0.686504
0.403785 0.409201
0.404538 0.0772208
0.405997 0.599951
0.407058 0.4299
0.407109 0.277903
0.410533 0.826777
0.411886 0.560321
0.412396 0.137599
0.412428 0.675748
0.412592 0.42782
0.412601 0.590664
0.413766 0.169954
0.414914 0.452978
0.415118 0.886594
0.41579 0.185233
0.415851 0.209721
0.415899 0.0169481
0.416253 0.957006
0.41642 0.769623
0.417145 0.96158
0.41915 0.655446
0.419284 0.900409
0.419528 0.00582454
0.41975 0.739089
0.420282 0.671934
0.420347 0.773692
0.420985 0.497031
0.421144 0.167834
0.421237 0.738406
0.422987 0.147632
0.423569 0.91977
0.423767 0.247339
0.424072 0.379034
0.424089 0.658999
0.425512 0.57301
0.427117 0.560507
0.427394 0.203016
0.427764 0.427507
0.428964 0.594049
0.429997 0.966225
0.431023 0.206911
0.431632 0.432086
0.432034 0.189874
0.433607 0.62479
0.434566 0.751963
0.435082 0.420152
0.435619 0.446695
0.437243 0.747701
0.439128 0.427411
0.441758 0.632412
0.443622 0.960922
0.443662 0.635406
0.443936 0.236591
0.444375 0.609
0.444705 0.152339
0.444793 0.631922
0.444859 0.752392
0.445676 0.482035
0.446526 0.757904
0.446823 0.76127
0.447427 0.903408
0.447544 0.867341
0.4486 0.627823
0.448763 0.358458
0.450705 0.999294
0.451449 0.498076
0.451772 0.925773
0.4528 0.208032
0.455051 0.0414757
0.455238 0.190885
0.456247 0.146057
0.456659 0.0635417
0.456865 0.534724
0.457847 0.0291888
0.458697 0.313839
0.460853 0.556651
0.461055 0.945618
0.46106 0.0339464
0.462444 0.298792
0.463531 0.567087
0.463535 0.627209
0.46446 0.18719
0.466545 0.226283
0.46674 0.494551
0.467687 0.418693
0.468355 0.648312
0.469982 0.995149
0.470287 0.115465
0.47181 0.710807
0.471912 0.420063
0.472028 0.367522
0.473512 0.315521
0.474257 0.829463
0.475957 0.414252
0.476838 0.211584
0.4775 0.340626
0.478902 0.912101
0.479166 0.339478
0.480114 0.277511
0.480752 0.00434823
0.480924 0.886315
0.481102 0.881928
0.484548 0.79411
0.486043 0.928393
0.486207 0.686351
0.487096 0.618923
0.487119 0.00362777
0.48753 0.911361
0.487712 0.973381
0.488164 0.567636
0.489365 0.764858
0.48949 0.863303
0.490545 0.595641
0.490677 0.801941
0.492396 0.692827
0.492597 0.0827717
0.49295 0.01361
0.493591 0.788885
0.493805 0.381423
0.493824 0.704417
0.494105 0.431161
0.494943 0.504178
0.495605 0.638448
0.498145 0.318708
0.499012 0.896549
0.499083 0.0929195
0.499666 0.894617
0.499881 0.508154
0.499906 0.922701
0.50017 0.363046
0.500225 0.27978
0.502828 0.0327376
0.504129 0.896397
0.506192 0.571267
0.50694 0.139234
0.507077 0.44255
0.511244 0.475211
0.511416 0.368126
0.512861 0.658304
0.512933 0.864371
0.51298 0.64873
0.514116 0.750197
0.514292 0.698845
0.515346 0.42136
0.515583 0.407369
0.516459 0.128426
0.517494 0.52484
0.520414 0.604221
0.520552 0.922172
0.520605 0.803648
0.521621 0.880575
0.52296 0.388172
0.523281 0.77867
0.525035 0.262755
0.525423 0.790589
0.525716 0.708217
0.525961 0.821561
0.527051 0.149228
0.527798 0.697856
0.530682 0.176031
0.530801 0.180184
0.531272 0.0968617
0.532379 0.695289
0.532659 0.40404
0.532823 0.162264
0.532959 0.44765
0.533048 0.933235
0.533628 0.689994
0.533776 0.171971
0.535781 0.866885
0.536408 0.41201
0.536913 0.895716
0.53724 0.387612
0.538656 0.192352
0.53894 0.959119
0.539979 0.429485
0.540607 0.979071
0.540998 0.545277
0.543022 0.569416
0.547986 0.997659
0.549724 0.204879
0.549895 0.0908916
0.54994 0.848703
0.550415 0.828203
0.5506 0.926952
0.552694 0.132301
0.553412 0.198528
0.554595 0.0862637
0.555272 0.457078
0.555394 0.508925
0.556162 0.422528
0.556198 0.0212144
0.556994 0.404854
0.557773 0.494362
0.558372 0.559011
0.558579 0.0310462
0.55933 0.665812
0.560962 0.0904816
0.561289 0.581963
0.561502 0.164656
0.56251 0.0998624
0.562755 0.230393
0.564471 0.0632071
0.564889 0.0959434
0.564985 0.706
0.565582 0.730554
0.566543 0.887467
0.566939 0.536335
0.567671 0.848005
0.569362 0.263743
0.571286 0.605119
0.57254 0.683057
0.57266 0.702722
0.57314 0.762216
0.573476 0.416368
0.575745 0.543637
0.576986 0.402156
0.577401 0.382056
0.577709 0.562315
0.578261 0.830544
0.579056 0.200095
0.579977 0.681022
0.580745 0.588059
0.582009 0.820161
0.582581 0.439637
0.583398 0.171996
0.584224 0.0476559
0.584311 0.517464
0.584654 0.272827
0.58538 0.486471
0.586491 0.15982
0.587534 0.685456
0.588341 0.240962
0.589577 0.0155898
0.590607 0.327511
0.59125 0.139632
0.591415 0.90886
0.591586 0.793026
0.592022 0.115212
0.592679 0.162195
0.594689 0.934959
0.595977 0.584723
0.597037 0.404082
0.597622 0.225651
0.598016 0.854547
0.598629 0.161288
0.598966 0.822586
0.599837 0.465097
0.600164 0.953284
0.600319 0.554143
0.600646 0.0643373
0.601921 0.484836
0.602535 0.809594
0.6061 0.717062
0.606728 0.269543
0.606967 0.298073
0.607498 0.227036
0.60784 0.964266
0.607848 0.104288
0.607874 0.541625
0.608927 0.24247
0.60975 0.0682206
0.610348 0.122585
0.61075 0.882111
0.611829 0.00397466
0.612263 0.302839
0.613159 0.369954
0.613496 0.02096
0.614093 0.0696347
0.614279 0.193428
0.614508 0.0374747
0.614844 0.683762
0.615703 0.121887
0.616013 0.336644
0.619548 0.741134
0.620585 0.177174
0.623459 0.477964
0.624015 0.818109
0.624478 0.608227
0.626987 0.765435
0.627478 0.0257134
0.628191 0.0119309
0.628598 0.850863
0.628637 0.494073
0.629186 0.736232
0.629465 0.411447
0.630157 0.0508314
0.631004 0.277871
0.632084 0.444409
0.634596 0.658498
0.635375 0.744383
0.635932 0.103351
0.636692 0.880009
0.637383 0.500469
0.638312 0.110201
0.638922 0.365257
0.640213 0.0540831
0.640279 0.164934
0.640747 0.0292851
0.641551 0.549635
0.64233 0.639152
0.643083 0.303916
0.643789 0.165725
0.645157 0.15142
0.646165 0.0984831
0.646299 0.351773
0.648602 0.0469157
0.649598 0.789547
0.650235 0.496888
0.651112 0.240203
0.651357 0.362618
0.652088 0.650886
0.652935 0.871939
0.652945 0.0415287
0.653026 0.414994
0.653516 0.651598
0.653535 0.956435
0.654329 0.305067
0.656126 0.515064
0.656928 0.994044
0.656938 0.158397
0.658083 0.399472
0.658603 0.135007
0.660462 0.380549
0.660742 0.0890731
0.661302 0.495218
0.662299 0.266588
0.662509 0.782177
0.663003 0.0959805
0.663273 0.633302
0.667166 0.0647235
0.667522 0.0340988
0.667977 0.685369
0.668033 0.633267
0.66815 0.60408
0.668812 0.731291
0.66913 0.0608685
0.670754 0.361365
0.672233 0.221765
0.672396 0.957323
0.672745 0.825199
0.67337 0.332068
0.674503 0.372936
0.674587 0.786527
0.67493 0.549865
0.675168 0.55407
0.677786 0.542116
0.678749 0.73125
0.680313 0.0274834
0.680826 0.642602
0.680906 0.981373
0.681262 0.973836
0.68146 0.291684
0.683179 0.184425
0.683756 0.889741
0.684617 0.355368
0.68518 0.826511
0.685208 0.284424
0.685372 0.052932
0.687003 0.461065
0.687534 0.390201
0.688874 0.90924
0.689458 0.716385
0.689576 0.703258
0.690216 0.4582
0.690514 0.464071
0.690926 0.387848
0.692595 0.441406
0.695935 0.58007
0.696564 0.143235
0.69705 0.315858
0.697377 0.812396
0.697577 0.173266
0.700485 0.058529
0.701282 0.451583
0.702796 0.893451
0.704073 0.357981
0.704847 0.356328
0.707588 0.434718
0.707746 0.092123
0.710264 0.399894
0.71235 0.458475
0.712568 0.128557
0.712794 0.934215
0.714878 0.963119
0.716393 0.420741
0.716425 0.951071
0.719086 0.68108
0.719427 0.416768
0.720506 0.536175
0.721603 0.989439
0.721782 0.987783
0.722091 0.190151
0.722532 0.594491
0.723075 0.719834
0.723738 0.862549
0.725031 0.597081
0.727941 0.502677
0.728818 0.249028
0.729569 0.872328
0.730332 0.691991
0.731255 0.208817
0.731716 0.949816
0.731945 0.792704
0.732438 0.0811033
0.732699 0.475657
0.734717 0.393294
0.735915 0.51766
0.736271 0.51215
0.737267 0.242313
0.738621 0.00289005
0.738897 0.639975
0.739643 0.172316
0.739973 0.718762
0.741778 0.0652275
0.743634 0.263859
0.744477 0.426543
0.745154 0.796316
0.74731 0.0323122
0.747964 0.0281497
0.749048 0.253737
0.749139 0.781139
0.750376 0.562035
0.751154 0.644665
0.751908 0.316895
0.753623 0.146398
0.754227 0.293998
0.754925 0.0214602
0.755549 0.510352
0.756354 0.0372221
0.756532 0.0296422
0.758527 0.569892
0.758534 0.681629
0.759022 0.885026
0.759378 0.858714
0.7594 0.230051
0.760262 0.725512
0.761893 0.129763
0.762096 0.540644
0.762934 0.628609
0.763891 0.722599
0.764725 0.733835
0.764727 0.774305
0.765177 0.33356
0.765319 0.709912
0.765357 0.358154
0.765596 0.376666
0.765712 0.320713
0.76586 0.81475
0.767467 0.816718
0.769733 0.909199
0.769903 0.756033
0.770112 0.269
0.771513 0.819704
0.77214 0.349379
0.772368 0.189919
0.77276 0.778814
0.774082 0.00268212
0.775504 0.896783
0.77623 0.0971145
0.776787 0.46639
0.777241 0.0958868
0.77732 0.417753
0.777769 0.960917
0.778129 0.0101056
0.778549 0.0753292
0.783648 0.767631
0.78393 0.51049
0.785113 0.385711
0.785741 0.946418
0.785746 0.040976
0.78651 0.871009
0.787912 0.437882
0.788928 0.505644
0.79005 0.373009
0.790052 0.410739
0.791643 0.147292
0.791801 0.796424
0.792177 0.111498
0.794127 0.887714
0.79562 0.980635
0.796655 0.374999
0.796875 0.0740928
0.797001 0.201464
0.797038 0.82647
0.797311 0.410641
0.799019 0.107519
0.799116 0.74341
0.800489 0.824586
0.800685 0.120951
0.802077 0.500687
0.802401 0.945915
0.802593 0.174378
0.80261 0.469793
0.802674 0.543531
0.803738 0.425423
0.803907 0.257199
0.806003 0.495356
0.80623 0.305389
0.807928 0.853762
0.808215 0.669961
0.809551 0.118007
0.80977 0.811459
0.809974 0.233507
0.811761 0.268561
0.81193 0.114417
0.813392 0.673986
0.814957 0.978836
0.814963 0.0774871
0.815339 0.404903
0.816854 0.866673
0.817617 0.684286
0.818753 0.778678
0.82052 0.47622
0.820601 0.846045
0.821331 0.117675
0.822673 0.6709
0.823058 0.137328
0.823143 0.558338
0.826033 0.129749
0.827747 0.939913
0.828359 0.227065
0.828455 0.847116
0.830241 0.868152
0.830739 0.233594
0.83238 0.803436
0.832965 0.649611
0.833055 0.160977
0.83341 0.129804
0.834221 0.745151
0.83456 0.447983
0.835985 0.403756
0.837311 0.683786
0.838371 0.502777
0.840427 0.0534741
0.840561 0.307641
0.84102 0.0311714
0.84141 0.578806
0.844585 0.938686
0.845346 0.723115
0.84543 0.137825
0.846775 0.741256
0.848763 0.151111
0.848837 0.404441
0.848881 0.142319
0.849398 0.837909
0.849428 0.341403
0.84977 0.0815122
0.850818 0.704649
0.851012 0.95818
0.852063 0.620926
0.852774 0.569107
0.853588 0.256566
0.855326 0.465069
0.857345 0.39051
0.85815 0.934503
0.858162 0.12279
0.858585 0.246461
0.861331 0.396306
0.861832 0.803948
0.86274 0.0694064
0.864143 0.645319
0.864885 0.121295
0.865893 0.061784
0.865967 0.308994
0.866023 0.256595
0.867201 0.0480979
0.8683 0.518916
0.86879 0.754965
0.869447 0.799013
0.872554 0.0232634
0.873514 0.148394
0.873634 0.16053
0.874635 0.998267
0.874666 0.507881
0.875194 0.38865
0.875769 0.0577768
0.875894 0.144342
0.877593 0.710926
0.878872 0.204116
0.881 0.974537
0.884567 0.921481
0.885917 0.611925
0.886035 0.589531
0.886107 0.800967
0.888239 0.635854
0.892127 0.973319
0.892714 0.846323
0.893025 0.0709491
0.893208 0.150297
0.896843 0.238349
0.897581 0.648098
0.898066 0.796687
0.89958 0.243579
0.89978 0.599596
0.901279 0.803777
0.901313 0.37374
0.901763 0.933473
0.903914 0.0836444
0.906125 0.244819
0.908278 0.433645
0.909031 0.0782402
0.910105 0.134684
0.910451 0.955162
0.911598 0.221868
0.912807 0.54309
0.914585 0.426806
0.914692 0.230189
0.916402 0.971513
0.916779 0.298287
0.917953 0.034371
0.918145 0.257442
0.918393 0.43436
0.919822 0.454176
0.92028 0.146072
0.924317 0.00115546
0.924471 0.580578
0.926709 0.206443
0.929575 0.362563
0.9298 0.151105
0.929816 0.418876
0.929907 0.951608
0.93065 0.435168
0.931022 0.689478
0.931104 0.0643907
0.931408 0.172764
0.931485 0.467026
0.933279 0.616071
0.934028 0.212839
0.93453 0.64666
0.934563 0.204453
0.934994 0.451702
0.935117 0.519077
0.935244 0.65368
0.936103 0.0892145
0.936347 0.192345
0.938056 0.908163
0.938144 0.388599
0.939309 0.97379
0.940745 0.0988241
0.942498 0.556425
0.942689 0.772937
0.942725 0.375975
0.942833 0.190832
0.945636 0.310443
0.94691 0.722528
0.947766 0.0986213
0.94781 0.836429
0.94806 0.0401047
0.948852 0.362526
0.948959 0.160494
0.950112 0.530609
0.95164 0.213834
0.95178 0.56601
0.951865 0.995519
0.952971 0.591802
0.953275 0.698344
0.953738 0.479571
0.95475 0.486991
0.960342 0.461737
0.961748 0.0927229
0.962031 0.84959
0.962076 0.609758
0.962176 0.291895
0.962302 0.414398
0.962426 0.487494
0.962933 0.0182755
0.964874 0.636806
0.965757 0.470922
0.966153 0.13045
0.966692 0.191053
0.967942 0.196199
0.968274 0.786895
0.968727 0.398141
0.969356 0.970165
0.969991 0.630932
0.970157 0.436146
0.970413 0.732196
0.970499 0.173242
0.970748 0.35394
0.97087 0.418732
0.971907 0.84282
0.971979 0.0561658
0.972062 0.446074
0.973157 0.854329
0.973235 0.169331
0.974264 0.453249
0.974395 0.658923
0.974813 0.688678
0.976931 0.271907
0.977107 0.235127
0.977802 0.920711
0.978842 0.402972
0.980989 0.479905
0.982053 0.358627
0.983565 0.784842
0.983855 0.643976
0.983937 0.0298933
0.984613 0.397945
0.98534 0.609852
0.986559 0.0906069
0.987182 0.56556
0.987322 0.922534
0.988104 0.065583
0.99008 0.276499
0.990194 0.191518
0.99116 0.42214
0.991407 0.584446
0.992093 0.107522
0.992137 0.84306
0.992717 0.588823
0.992843 0.715427
0.994687 0.697347
0.996272 0.350337
