4.05163e-05 0.680965
0.00070399 0.83196
0.000767629 0.901543
0.00222225 0.349312
0.00222996 0.478995
0.00310031 0.106871
0.0032584 0.763868
0.00426368 0.659708
0.00465018 0.155618
0.00474754 0.791877
0.00484088 0.360673
0.0059125 0.371371
0.00606621 0.954856
0.00687493 0.546982
0.00761095 0.917231
0.00828575 0.258611
0.00895766 0.551444
0.00956362 0.735765
0.0108359 0.118658
0.0115933 0.848631
0.0120642 0.762452
0.0121829 0.75845
0.0130202 0.830552
0.0138929 0.498451
0.0140715 0.499019
0.0142557 0.596226
0.0151109 0.969408
0.0170782 0.0334387
0.0176492 0.630931
0.0178548 0.0851147
0.0178936 0.738123
0.0179178 0.144688
0.0180323 0.0686832
0.0182557 0.823071
0.0185246 0.342752
0.0190226 0.713062
0.0195781 0.0493491
0.0203194 0.507332
0.0206345 0.804156
0.0210379 0.584297
0.0223158 0.0612313
0.0240117 0.564039
0.0246452 0.21237
0.0256624 0.308471
0.0259829 0.694187
0.0262962 0.960378
0.026643 0.788269
0.0275891 0.689964
0.0282611 0.984651
0.0284227 0.700808
0.0285184 0.309526
0.0289626 0.774051
0.0293426 0.161097
0.0297522 0.045257
0.0299024 0.570067
0.0301029 0.939695
0.0306051 0.380105
0.0308076 0.782807
0.0311399 0.367579
0.0320528 0.711278
0.0322134 0.410483
0.0323349 0.452414
0.032393 0.429239
0.0325488 0.0474646
0.0326791 0.237079
0.0327439 0.327504
0.0336055 0.807852
0.033685 0.144338
0.0340243 0.846325
0.0345185 0.151981
0.0347206 0.548508
0.0353097 0.45036
0.0357814 0.37841
0.0379613 0.0149198
0.038059 0.658316
0.0380664 0.782122
0.0401318 0.494355
0.0402083 0.780454
0.0403576 0.290535
0.0404199 0.336451
0.0412282 0.921831
0.0426086 0.122758
0.0427787 0.982302
0.0436539 0.690672
0.0445121 0.115445
0.0449478 0.438125
0.0449498 0.471622
0.0466193 0.530721
0.0471439 0.348268
0.0475369 0.953176
0.0478319 0.911299
0.0479758 0.329936
0.0484277 0.92434
0.0493698 0.757578
0.0501932 0.596829
0.0508585 0.778058
0.0508962 0.412894
0.0516119 0.441601
0.0521778 0.951743
0.052333 0.561493
0.0524067 0.798701
0.0529625 0.140952
0.0535131 0.394052
0.0543677 0.758124
0.056383 0.628811
0.0573257 0.473437
0.0574032 0.775111
0.0575839 0.813205
0.0576053 0.172522
0.0578816 0.816345
0.0578968 0.0716098
0.0599164 0.0152933
0.0599894 0.242218
0.0609001 0.548592
0.0622455 0.160499
0.0626495 0.94964
0.062922 0.529772
0.0631727 0.74327
0.063173 0.748639
0.0637173 0.897289
0.0644566 0.321329
0.0653707 0.685392
0.0662332 0.18216
0.0676362 0.761328
0.0676426 0.869606
0.0676946 0.743866
0.0683763 0.19991
0.0684835 0.00298013
0.0686664 0.0765597
0.0701006 0.1804
0.0701066 0.28161
0.070299 0.515943
0.070622 0.94335
0.0710976 0.937392
0.0713093 0.495345
0.0724086 0.972143
0.0724254 0.253094
0.0724953 0.427832
0.0736494 0.825817
0.0738593 0.352645
0.0740924 0.271097
0.0751059 0.304814
0.0752496 0.719437
0.0785692 0.511698
0.079065 0.844762
0.0799502 0.722299
0.080032 0.0982291
0.0802585 0.904067
0.0803295 0.0977999
0.0803553 0.531303
0.0814143 0.330955
0.0814823 0.472767
0.082704 0.00581071
0.0836191 0.385816
0.0843868 0.288462
0.0847649 0.643404
0.0855186 0.31057
0.0856974 0.315888
0.0871119 0.089643
0.0871723 0.104793
0.0872337 0.136105
0.0873431 0.975177
0.089235 0.772526
0.0906795 0.0503928
0.0907824 0.779394
0.0909827 0.146126
0.0911394 0.779519
0.0911879 0.595364
0.0917411 0.892855
0.0923866 0.741158
0.0930243 0.459872
0.0930606 0.0694989
0.0931568 0.686513
0.0940517 0.726071
0.094188 0.0177493
0.0942818 0.594872
0.0945397 0.92928
0.0945483 0.0734025
0.0949331 0.540269
0.0958451 0.869387
0.0958772 0.40817
0.0982819 0.824042
0.0983787 0.45123
0.0984032 0.862654
0.0991539 0.478824
0.099229 0.742219
0.0993961 0.549608
0.0999977 0.660659
0.100986 0.267581
0.101142 0.893633
0.101441 0.915845
0.101569 0.0730276
0.102739 0.742196
0.102746 0.845614
0.102858 0.741153
0.104338 0.616399
0.104492 0.193591
0.104993 0.610913
0.10503 0.23318
0.105037 0.356453
0.105488 0.93072
0.105615 0.0661053
0.10586 0.190931
0.106414 0.498558
0.106642 0.323711
0.106883 0.390888
0.10794 0.142455
0.107982 0.85323
0.107983 0.877249
0.109075 0.21887
0.109609 0.194189
0.109769 0.883298
0.110129 0.937191
0.111218 0.238764
0.111459 0.288699
0.11166 0.666059
0.11179 0.848254
0.111991 0.238645
0.112123 0.459346
0.112628 0.942919
0.113436 0.519901
0.113517 0.876328
0.113852 0.505413
0.114735 0.346659
0.114884 0.857021
0.115191 0.0214859
0.115523 0.599034
0.117997 0.167652
0.11895 0.192769
0.119075 0.298125
0.119076 0.310107
0.11934 0.740192
0.11948 0.0965944
0.119589 0.9336
0.12038 0.223957
0.120404 0.631906
0.120424 0.961819
0.120976 0.24365
0.121048 0.451752
0.121108 0.460579
0.121419 0.684665
0.121613 0.954983
0.122739 0.878244
0.122826 0.333965
0.123659 0.334134
0.12404 0.741324
0.125706 0.736482
0.126556 0.034695
0.126637 0.390825
0.127081 0.849355
0.128197 0.606243
0.129286 0.911979
0.129421 0.177643
0.129558 0.476803
0.129624 0.584845
0.129702 0.899573
0.129872 0.761762
0.130248 0.0733771
0.130805 0.443521
0.131114 0.638783
0.131514 0.357994
0.132665 0.692914
0.132864 0.0531818
0.136807 0.306794
0.137113 0.453696
0.137727 0.785999
0.138967 0.612453
0.13949 0.41243
0.14003 0.489656
0.140653 0.956283
0.141689 0.372443
0.142287 0.41164
0.143103 0.135045
0.143963 0.589434
0.144235 0.160785
0.144494 0.507996
0.144786 0.421234
0.145485 0.167957
0.145824 0.858315
0.145973 0.374305
0.146248 0.988004
0.146323 0.249396
0.146333 0.414156
0.146989 0.450065
0.14789 0.586944
0.148886 0.333715
0.149325 0.702085
0.149449 0.793518
0.149506 0.743772
0.150263 0.464228
0.15111 0.702492
0.151246 0.996158
0.151803 0.345632
0.15246 0.38842
0.152541 0.759287
0.152731 0.955991
0.153535 0.470057
0.154627 0.82211
0.155157 0.719213
0.155453 0.70191
0.155463 0.868439
0.155516 0.763674
0.155534 0.0640817
0.155927 0.665405
0.155949 0.0366253
0.156974 0.267528
0.157089 0.187297
0.157728 0.928042
0.158073 0.728939
0.158132 0.716697
0.15853 0.406184
0.158792 0.811992
0.159056 0.25312
0.159489 0.532598
0.159543 0.43429
0.161511 0.513199
0.162422 0.832268
0.162557 0.0917173
0.162635 0.413309
0.164513 0.96628
0.166581 0.719374
0.167309 0.968816
0.167784 0.951376
0.168192 0.79858
0.169126 0.509023
0.169887 0.298828
0.171766 0.870065
0.171801 0.464721
0.172817 0.542821
0.172877 0.549511
0.173686 0.140385
0.173797 0.0128126
0.174722 0.553509
0.175837 0.287716
0.177516 0.511991
0.178167 0.450429
0.179666 0.64334
0.183104 0.422779
0.183722 0.819836
0.18388 0.470604
0.18399 0.315585
0.184075 0.745689
0.184421 0.568516
0.185426 0.459574
0.18608 0.445386
0.18616 0.795121
0.186776 0.138326
0.187284 0.679986
0.188058 0.697312
0.189014 0.764762
0.189893 0.525475
0.189895 0.570601
0.190606 0.518712
0.190752 0.97631
0.190858 0.751565
0.190891 0.312403
0.190949 0.283162
0.191216 0.760761
0.192891 0.923348
0.19406 0.572027
0.194242 0.622026
0.194396 0.213446
0.194599 0.633194
0.195255 0.646774
0.195263 0.786052
0.195453 0.971071
0.196211 0.724195
0.196794 0.5142
0.197752 0.622285
0.199576 0.266747
0.199851 0.902869
0.201007 0.327408
0.201694 0.865871
0.201982 0.714487
0.202279 0.701058
0.202398 0.703615
0.203057 0.779321
0.203218 0.482596
0.203527 0.684548
0.203718 0.880744
0.203828 0.731054
0.20387 0.438785
0.204106 0.408483
0.204125 0.723252
0.204292 0.538115
0.204844 0.808278
0.205139 0.772599
0.205215 0.0426773
0.205756 0.147421
0.205899 0.540913
0.206643 0.045651
0.207068 0.18989
0.208295 0.819886
0.208835 0.894107
0.208901 0.00634371
0.208954 0.891013
0.209266 0.130384
0.210119 0.463628
0.210389 0.00793076
0.21053 0.380119
0.21086 0.919842
0.210965 0.68148
0.211764 0.125257
0.211886 0.166491
0.212368 0.265249
0.21336 0.946224
0.214054 0.599305
0.214139 0.0366721
0.214259 0.0579259
0.21441 0.582572
0.214476 0.702963
0.215552 0.785821
0.21707 0.294643
0.217567 0.642475
0.217602 0.243149
0.217664 0.280088
0.217936 0.848504
0.218591 0.864792
0.219106 0.514511
0.219954 0.765484
0.2214 0.0662512
0.221486 0.520305
0.221588 0.230405
0.221589 0.24083
0.221916 0.740741
0.221971 0.660081
0.223257 0.286413
0.224421 0.835838
0.225216 0.20737
0.225866 0.137826
0.226456 0.0532567
0.227398 0.871406
0.228167 0.797539
0.228291 0.881951
0.2284 0.711107
0.228641 0.770739
0.229076 0.0751516
0.229158 0.461084
0.229232 0.702495
0.2294 0.53215
0.230358 0.624128
0.230879 0.388394
0.231057 0.382387
0.231315 0.714854
0.232277 0.885494
0.23324 0.0692833
0.2333 0.0744395
0.233538 0.0671166
0.23368 0.451443
0.233846 0.246451
0.234673 0.146083
0.23528 0.352357
0.235543 0.765631
0.235635 0.315558
0.235689 0.232166
0.236722 0.581216
0.236934 0.156121
0.236941 0.270989
0.237439 0.630201
0.237988 0.860464
0.238034 0.635149
0.238595 0.0660495
0.238808 0.642966
0.23979 0.147574
0.23987 0.501966
0.240212 0.244158
0.240756 0.389841
0.242547 0.479187
0.242755 0.985252
0.242779 0.38323
0.243134 0.355994
0.243849 0.368563
0.243934 0.804679
0.244377 0.237953
0.245427 0.888263
0.245488 0.91336
0.246094 0.103184
0.246652 0.476443
0.247239 0.353156
0.247499 0.722876
0.248574 0.775908
0.24869 0.729745
0.249614 0.258921
0.251459 0.267692
0.252389 0.901859
0.252461 0.114555
0.252713 0.351556
0.252965 0.583367
0.255444 0.241135
0.255782 0.935124
0.255802 0.256968
0.255877 0.52304
0.256678 0.984363
0.256819 0.361286
0.257237 0.379826
0.257539 0.461182
0.2576 0.481561
0.25855 0.454069
0.25889 0.156135
0.259114 0.927537
0.259485 0.169904
0.259633 0.654212
0.259729 0.269716
0.260065 0.910955
0.26103 0.137116
0.261082 0.997735
0.261316 0.932364
0.262231 0.31474
0.262547 0.625691
0.262759 0.198499
0.262762 0.247132
0.262934 0.125264
0.263121 0.273108
0.263574 0.88613
0.264129 0.216407
0.264288 0.879869
0.264636 0.739683
0.267187 0.606734
0.267374 0.749702
0.267599 0.532664
0.268205 0.715271
0.268615 0.612518
0.269127 0.219364
0.269308 0.266506
0.270012 0.086053
0.270583 0.690722
0.271273 0.285652
0.271435 0.00425137
0.271796 0.0814975
0.272053 0.400949
0.272661 0.606566
0.273338 0.985121
0.273366 0.456667
0.273455 0.958446
0.27355 0.562664
0.273876 0.030846
0.274029 0.601863
0.274681 0.569534
0.274915 0.50374
0.275155 0.521829
0.27551 0.495274
0.275735 0.286133
0.275849 0.199422
0.276987 0.325229
0.27781 0.151027
0.277985 0.0925363
0.278612 0.638178
0.278741 0.797841
0.279117 0.122244
0.279221 0.867743
0.280109 0.795392
0.280205 0.400048
0.280602 0.076168
0.280785 0.15741
0.28098 0.423479
0.281051 0.629467
0.28148 0.841834
0.282333 0.167307
0.282481 0.663629
0.282625 0.0760761
0.282663 0.713808
0.283579 0.118411
0.283918 0.817722
0.285378 0.347332
0.285872 0.658201
0.286692 0.426044
0.287907 0.853079
0.28851 0.982154
0.288524 0.21729
0.288716 0.449807
0.288775 0.442598
0.288987 0.00764976
0.289068 0.361479
0.289078 0.531319
0.289195 0.496293
0.289369 0.426462
0.290311 0.260162
0.291176 0.796892
0.291485 0.983559
0.291633 0.482981
0.291754 0.508062
0.29188 0.630933
0.291893 0.849547
0.292257 0.957441
0.29237 0.857559
0.292517 0.329142
0.292645 0.48486
0.292788 0.883087
0.293438 0.805928
0.295143 0.463149
0.295235 0.0072763
0.295433 0.346334
0.296467 0.729178
0.296555 0.19958
0.297082 0.0637496
0.297234 0.606099
0.297924 0.214647
0.298057 0.43851
0.298301 0.542791
0.301068 0.0558269
0.303382 0.938928
0.303496 0.857241
0.305297 0.123361
0.307207 0.22701
0.307478 0.774522
0.308114 0.475055
0.308737 0.944686
0.308868 0.142605
0.309181 0.409086
0.30989 0.317784
0.310158 0.829122
0.312153 0.351215
0.312685 0.291855
0.312796 0.154805
0.312805 0.310777
0.313685 0.107044
0.313787 0.825645
0.314646 0.256617
0.314865 0.932279
0.316723 0.159116
0.317165 0.592171
0.317176 0.768852
0.320048 0.0527838
0.320515 0.894375
0.321543 0.166476
0.322111 0.715906
0.322677 0.234978
0.323802 0.136192
0.323905 0.87493
0.324153 0.041227
0.324804 0.976528
0.325989 0.905187
0.326636 0.764376
0.326878 0.836742
0.32736 0.942786
0.327412 0.806277
0.327458 0.579687
0.327723 0.0352467
0.327952 0.882893
0.328002 0.733275
0.329155 0.103344
0.329218 0.159371
0.329605 0.678322
0.330238 0.31698
0.331038 0.759677
0.331781 0.249153
0.331783 0.272992
0.331819 0.878065
0.331879 0.89338
0.332296 0.891742
0.332341 0.663548
0.33268 0.351628
0.332876 0.64732
0.334677 0.909416
0.33473 0.814145
0.335025 0.765771
0.335249 0.537917
0.335322 0.756482
0.335429 0.55481
0.335654 0.340573
0.335886 0.234106
0.335907 0.596522
0.336477 0.168077
0.338256 0.0741918
0.338579 0.502092
0.338637 0.471576
0.338788 0.0144256
0.339213 0.160574
0.339318 0.918337
0.34015 0.900975
0.340853 0.71171
0.341809 0.790978
0.34219 0.190021
0.342817 0.732242
0.343329 0.33584
0.343764 0.643752
0.344241 0.654127
0.344393 0.21594
0.344434 0.900286
0.345134 0.675379
0.345216 0.0536809
0.345628 0.978202
0.346422 0.308943
0.347196 0.327944
0.347357 0.0372371
0.347609 0.258311
0.347731 0.317624
0.347742 0.507477
0.348069 0.99128
0.348791 0.123209
0.34897 0.134976
0.349573 0.272112
0.350728 0.680757
0.351144 0.683635
0.35143 0.486037
0.352785 0.264739
0.35294 0.858633
0.353132 0.091831
0.354076 0.960765
0.355726 0.689662
0.356351 0.188525
0.356428 0.47979
0.356988 0.891265
0.35715 0.619842
0.357217 0.739404
0.35728 0.811069
0.357588 0.987172
0.358023 0.293252
0.3587 0.674092
0.358794 0.254525
0.35896 0.0359387
0.359593 0.673673
0.360118 0.510395
0.360415 0.489758
0.360736 0.882095
0.360822 0.329598
0.361472 0.254795
0.362834 0.144874
0.36329 0.818989
0.363534 0.91596
0.36371 0.868333
0.364509 0.295714
0.364678 0.148919
0.365016 0.815711
0.365121 0.594042
0.366615 0.700847
0.36726 0.544485
0.367328 0.679277
0.36815 0.490854
0.369119 0.788212
0.369268 0.286584
0.370664 0.749249
0.371028 0.865698
0.371057 0.347262
0.372573 0.830593
0.373444 0.476735
0.374124 0.895228
0.374413 0.757681
0.374478 0.849154
0.374558 0.19349
0.374671 0.102529
0.375941 0.434073
0.376683 0.905095
0.376997 0.18438
0.377199 0.576446
0.377234 0.175602
0.377477 0.252741
0.377547 0.436409
0.377674 0.5712
0.377721 0.36513
0.379124 0.935368
0.379423 0.960101
0.380476 0.658965
0.38066 0.755601
0.381246 0.596494
0.381305 0.600656
0.381531 0.391421
0.381571 0.0591038
0.382086 0.720531
0.382852 0.589054
0.382963 0.455221
0.383785 0.278804
0.383892 0.0670899
0.384009 0.044336
0.384315 0.177816
0.384361 0.950639
0.385537 0.721519
0.386559 0.902857
0.386853 0.834362
0.387098 0.961535
0.389196 0.222091
0.390501 0.146553
0.391264 0.968674
0.391422 0.623167
0.391531 0.454921
0.392189 0.5138
0.392253 0.589174
0.392339 0.0456695
0.393427 0.331958
0.393755 0.834741
0.394447 0.469327
0.39532 0.1433
0.3974 0.110093
0.397471 0.292838
0.39761 0.62994
0.398293 0.114644
0.398397 0.853327
0.398619 0.585151
0.399213 0.572131
0.400131 0.995791
0.400551 0.0525153
0.401609 0.849233
0.402946 0.3066
0.40466 0.118416
0.405737 0.225042
0.405785 0.0282391
0.406252 0.874425
0.406538 0.678657
0.40693 0.268718
0.407017 0.738972
0.407407 0.296319
0.407892 0.437895
0.408003 0.31415
0.408651 0.191896
0.408744 0.753225
0.408768 0.160525
0.409523 0.861454
0.410194 0.129031
0.411018 0.980413
0.41117 0.529564
0.411637 0.383192
0.411657 0.720227
0.411856 0.0589872
0.413279 0.978328
0.413361 0.358031
0.413782 0.432325
0.41539 0.468142
0.415902 0.0641098
0.416372 0.964399
0.417384 0.967429
0.417825 0.388024
0.418407 0.170188
0.418652 0.287915
0.418824 0.183515
0.41957 0.704845
0.419843 0.305012
0.419909 0.413586
0.42104 0.417654
0.421862 0.234272
0.423485 0.505514
0.424382 0.59448
0.427134 0.847218
0.427758 0.321906
0.428765 0.257754
0.429015 0.453408
0.429294 0.142053
0.42993 0.836724
0.430014 0.239483
0.430046 0.785983
0.430417 0.0211495
0.430527 0.871264
0.431015 0.0614186
0.431558 0.201702
0.431781 0.949586
0.432649 0.524258
0.432914 0.986948
0.432936 0.359663
0.433132 0.651363
0.43335 0.310449
0.433379 0.804426
0.434167 0.0465646
0.43436 0.281876
0.434723 0.389676
0.435495 0.36222
0.435524 0.856095
0.436537 0.872406
0.439093 0.832936
0.440003 0.136963
0.441288 0.730706
0.441622 0.340624
0.441734 0.222232
0.441738 0.282143
0.442606 0.873594
0.442865 0.231442
0.442941 0.504933
0.442957 0.779717
0.443092 0.0408489
0.443307 0.652311
0.44383 0.453713
0.444169 0.141637
0.444927 0.882191
0.445273 0.709541
0.445524 0.923219
0.445574 0.767434
0.4457 0.875787
0.445867 0.682644
0.445977 0.535036
0.446048 0.724535
0.447353 0.666168
0.447677 0.102865
0.448796 0.909904
0.449282 0.0810565
0.449748 0.922797
0.450004 0.216155
0.450307 0.311435
0.450487 0.332609
0.450539 0.210156
0.450642 0.936669
0.451089 0.456855
0.451209 0.476575
0.452528 0.639107
0.452865 0.30514
0.45369 0.162697
0.453859 0.00802874
0.455351 0.0877856
0.45551 0.764576
0.455555 0.513137
0.456212 0.561067
0.456243 0.0779828
0.456279 0.680472
0.456397 0.667588
0.457252 0.028122
0.457836 0.85535
0.45864 0.365338
0.459894 0.436342
0.460182 0.272287
0.460185 0.336894
0.461179 0.0409249
0.461241 0.0790928
0.461247 0.178707
0.46156 0.439655
0.46196 0.167405
0.462247 0.991626
0.465368 0.437567
0.466344 0.844306
0.4671 0.557671
0.467317 0.20497
0.467343 0.63384
0.467789 0.128872
0.467931 0.519053
0.468592 0.624021
0.468804 0.183016
0.468935 0.386381
0.469409 0.363995
0.469974 0.858093
0.470212 0.856593
0.47115 0.609556
0.47171 0.033123
0.472643 0.708088
0.472889 0.851486
0.472964 0.109809
0.473406 0.530491
0.473503 0.165466
0.473838 0.788212
0.474041 0.207881
0.474347 0.350448
0.474559 0.9137
0.474581 0.282001
0.474854 0.878952
0.474911 0.836156
0.475238 0.322981
0.476115 0.0680561
0.476539 0.184777
0.477078 0.242555
0.477378 0.295525
0.477858 0.353046
0.478043 0.467112
0.47922 0.250107
0.479758 0.285752
0.479993 0.23889
0.480669 0.602012
0.480843 0.525411
0.480906 0.585571
0.481585 0.991518
0.482485 0.120751
0.482536 0.982966
0.48255 0.221498
0.482748 0.54272
0.483342 0.53614
0.484056 0.522937
0.485113 0.287261
0.485405 0.204804
0.485504 0.873887
0.486936 0.939268
0.486969 0.49026
0.487589 0.911391
0.487607 0.213927
0.48822 0.519565
0.488252 0.0448007
0.488505 0.309084
0.488813 0.477634
0.488983 0.341232
0.48916 0.318516
0.489916 0.0171053
0.490124 0.5218
0.490384 0.885471
0.490758 0.169779
0.491416 0.221873
0.49176 0.00900322
0.491775 0.266671
0.491864 0.763448
0.491926 0.804105
0.49266 0.129995
0.492687 0.589199
0.493486 0.0189279
0.494121 0.691967
0.496493 0.564282
0.497764 0.925824
0.498228 0.726226
0.498787 0.120538
0.498811 0.523165
0.499344 0.477486
0.500037 0.118451
0.500164 0.260513
0.502467 0.965791
0.502878 0.868203
0.503024 0.318467
0.503307 0.0792157
0.50557 0.121068
0.506496 0.673371
0.507702 0.941937
0.507988 0.752791
0.508253 0.2045
0.510576 0.251422
0.510947 0.493046
0.51098 0.0476537
0.51103 0.87962
0.511333 0.970814
0.511473 0.330026
0.511602 0.500795
0.512052 0.0516527
0.512377 0.518278
0.513184 0.0909864
0.513733 0.305941
0.513918 0.41877
0.514236 0.77185
0.514765 0.655186
0.515579 0.32873
0.515798 0.020851
0.516957 0.490666
0.517207 0.692268
0.519271 0.393192
0.519952 0.837942
0.519972 0.171878
0.520783 0.799543
0.521377 0.777953
0.521579 0.172914
0.521866 0.00125213
0.523198 0.393598
0.523445 0.541949
0.523786 0.267252
0.523818 0.813877
0.524475 0.850607
0.524782 0.0155958
0.52512 0.695755
0.525614 0.994446
0.525786 0.882729
0.52625 0.686143
0.526892 0.47268
0.527973 0.634224
0.528214 0.687383
0.528804 0.601663
0.529373 0.171325
0.530055 0.62859
0.530582 0.496257
0.531636 0.200905
0.533238 0.138924
0.534228 0.762265
0.534685 0.452597
0.536782 0.696913
0.537377 0.69672
0.537597 0.387777
0.537888 0.289721
0.539744 0.480245
0.539934 0.678647
0.540657 0.81427
0.540861 0.256213
0.542323 0.815665
0.542503 0.840659
0.542945 0.281618
0.543482 0.297635
0.543523 0.984688
0.543529 0.0915182
0.544588 0.89481
0.544592 0.951152
0.544748 0.572414
0.54529 0.696677
0.545336 0.45578
0.545337 0.473218
0.545956 0.880896
0.545998 0.581512
0.546009 0.77318
0.546285 0.41298
0.546452 0.220205
0.546456 0.281055
0.546656 0.652311
0.54716 0.123729
0.547677 0.807704
0.548208 0.728122
0.548693 0.880984
0.549045 0.799777
0.549479 0.0900087
0.549723 0.186495
0.550114 0.762249
0.550304 0.956551
0.550509 0.405412
0.550701 0.635496
0.550881 0.657562
0.551248 0.825375
0.551328 0.175033
0.551539 0.714539
0.551551 0.90904
0.551742 0.134209
0.552066 0.568284
0.552112 0.348573
0.552402 0.215831
0.552834 0.479868
0.553451 0.858314
0.553464 0.0639445
0.553813 0.936695
0.554503 0.538443
0.554966 0.310286
0.5552 0.242175
0.555562 0.330261
0.55645 0.262105
0.557858 0.920828
0.557874 0.192888
0.558041 0.994579
0.558133 0.534879
0.55843 0.537205
0.558811 0.931255
0.559774 0.116523
0.55985 0.400032
0.560016 0.18564
0.560028 0.389556
0.56058 0.663303
0.560596 0.944168
0.560845 0.128098
0.561573 0.353552
0.561927 0.311297
0.561974 0.0893009
0.562576 0.218587
0.564302 0.231689
0.564552 0.422201
0.565315 0.246498
0.565394 0.584361
0.565845 0.164755
0.566188 0.927146
0.566297 0.756803
0.566528 0.642955
0.566876 0.489433
0.567439 0.94861
0.567605 0.742405
0.568723 0.528908
0.569242 0.242411
0.569458 0.8738
0.57015 0.515383
0.570716 0.0314108
0.571349 0.656787
0.571523 0.594023
0.571677 0.177516
0.572241 0.648745
0.573269 0.93221
0.573456 0.0683531
0.573507 0.927868
0.574337 0.877566
0.575753 0.678016
0.576351 0.728937
0.578299 0.463548
0.578451 0.0196248
0.578876 0.160905
0.5789 0.580164
0.578994 0.145563
0.579092 0.792411
0.580566 0.579438
0.580668 0.292411
0.580982 0.571203
0.581283 0.618875
0.581366 0.0258211
0.581796 0.240458
0.582655 0.683788
0.582845 0.881963
0.583492 0.744361
0.583836 0.537017
0.585524 0.895647
0.586898 0.993203
0.587114 0.620084
0.587438 0.0633313
0.587473 0.666353
0.589548 0.530269
0.590267 0.622409
0.590318 0.466936
0.591295 0.898015
0.592024 0.145508
0.592164 0.505159
0.592391 0.321539
0.5924 0.465325
0.593858 0.967496
0.594275 0.982583
0.594331 0.91785
0.594426 0.520589
0.594458 0.0576265
0.595202 0.562537
0.595216 0.796154
0.595852 0.489001
0.59611 0.828465
0.596768 0.881137
0.597442 0.20886
0.597693 0.429801
0.598476 0.586068
0.598546 0.755187
0.598811 0.217532
0.600864 0.725231
0.601154 0.588568
0.60181 0.623428
0.601915 0.39178
0.602983 0.332644
0.603251 0.841932
0.603492 0.882342
0.604529 0.31828
0.605049 0.0652335
0.605206 0.690018
0.605485 0.393509
0.605511 0.818019
0.605569 0.806278
0.605754 0.911398
0.605804 0.742175
0.606526 0.885037
0.60688 0.840404
0.607581 0.616053
0.608286 0.46851
0.608371 0.896157
0.609224 0.226263
0.609969 0.741136
0.610281 0.997693
0.610684 0.759606
0.611091 0.611138
0.611277 0.737906
0.611587 0.935124
0.611686 0.60495
0.61188 0.868859
0.612115 0.809483
0.613278 0.362813
0.613529 0.588106
0.613578 0.400272
0.614456 0.165602
0.61449 0.725782
0.614543 0.616978
0.614722 0.629708
0.615786 0.517321
0.61592 0.768568
0.616347 0.945223
0.61647 0.0127468
0.617359 0.947502
0.618824 0.576319
0.619764 0.369572
0.619873 0.202508
0.620408 0.192056
0.621399 0.849731
0.621919 0.591731
0.622359 0.993676
0.62482 0.341942
0.625001 0.390979
0.625215 0.989246
0.625571 0.975745
0.62561 0.627439
0.625913 0.725552
0.626973 0.540286
0.627717 0.0469801
0.62831 0.00130007
0.628538 0.830782
0.629157 0.247781
0.62926 0.977064
0.629325 0.0691322
0.629358 0.623662
0.629708 0.507487
0.630196 0.700561
0.630756 0.121318
0.630901 0.547023
0.630904 0.60558
0.630999 0.201799
0.631251 0.429259
0.632559 0.417507
0.633502 0.263494
0.633552 0.104359
0.633751 0.456487
0.633822 0.649257
0.634411 0.552838
0.63457 0.223571
0.635226 0.238129
0.635295 0.39824
0.635548 0.649492
0.636125 0.353838
0.637863 0.557825
0.638066 0.972455
0.638129 0.0300241
0.638226 0.663379
0.638365 0.997884
0.63881 0.483274
0.639226 0.479023
0.640149 0.99228
0.640386 0.96489
0.641096 0.906834
0.641317 0.609771
0.641576 0.960911
0.641628 0.834866
0.64249 0.329239
0.643618 0.287273
0.64369 0.498153
0.643892 0.901152
0.644255 0.993276
0.644833 0.70105
0.644896 0.768285
0.645678 0.915231
0.646369 0.530518
0.646727 0.540293
0.646986 0.89919
0.647411 0.0330269
0.647511 0.719985
0.648738 0.333382
0.650597 0.587721
0.650769 0.480371
0.651395 0.00375386
0.65141 0.252374
0.651783 0.513955
0.652104 0.909634
0.652292 0.0707747
0.652866 0.713527
0.65292 0.621879
0.653572 0.585746
0.65436 0.83247
0.654416 0.763691
0.654621 0.217976
0.655165 0.361657
0.65523 0.456941
0.655253 0.8295
0.65601 0.555936
0.656038 0.0333911
0.656687 0.934827
0.657279 0.893177
0.657332 0.77337
0.657419 0.239899
0.657646 0.0519195
0.657862 0.681962
0.658349 0.869573
0.658567 0.533456
0.658669 0.243729
0.658771 0.963081
0.658918 0.441809
0.660051 0.478725
0.660558 0.0040279
0.66233 0.777728
0.662629 0.804237
0.663009 0.187854
0.663056 0.980947
0.665135 0.928942
0.665813 0.31382
0.665846 0.880082
0.666374 0.743038
0.666829 0.390778
0.667475 0.253559
0.667535 0.256712
0.667706 0.135971
0.667849 0.531255
0.669704 0.70751
0.669755 0.578703
0.671523 0.285385
0.671951 0.48091
0.672877 0.0500788
0.673714 0.106629
0.674159 0.594876
0.674555 0.25384
0.674872 0.572891
0.675298 0.7374
0.675359 0.764447
0.67586 0.187186
0.67626 0.909904
0.676363 0.624614
0.676953 0.551291
0.676959 0.647697
0.678206 0.611558
0.678469 0.0228676
0.678702 0.941257
0.67882 0.931761
0.679506 0.458109
0.680641 0.532278
0.680952 0.767939
0.682044 0.113895
0.682352 0.281968
0.682797 0.769166
0.682928 0.963147
0.684122 0.0367592
0.684222 0.726018
0.684696 0.680834
0.684961 0.145214
0.685933 0.471161
0.686269 0.122575
0.686431 0.83766
0.68701 0.583704
0.688063 0.278491
0.688814 0.892571
0.689329 0.54456
0.689735 0.382592
0.689986 0.588068
0.690148 0.322766
0.69083 0.774927
0.690896 0.88455
0.691172 0.528725
0.692299 0.471263
0.692554 0.76005
0.692607 0.64958
0.692845 0.651649
0.692956 0.506122
0.693224 0.00817088
0.693282 0.995467
0.693645 0.0996441
0.694012 0.256852
0.694183 0.13226
0.694978 0.48947
0.695153 0.441107
0.696873 0.347543
0.698286 0.0898129
0.698694 0.94374
0.698875 0.99359
0.698896 0.348289
0.699 0.0987269
0.699085 0.520896
0.699607 0.291109
0.700344 0.688219
0.701027 0.165715
0.701975 0.0855126
0.702425 0.655177
0.702587 0.372743
0.70276 0.283276
0.703049 0.14288
0.703571 0.910276
0.706224 0.51158
0.706276 0.373882
0.706469 0.626764
0.707714 0.547564
0.708115 0.292775
0.708499 0.738542
0.708789 0.619887
0.709282 0.907762
0.709339 0.857515
0.709473 0.113412
0.711287 0.605118
0.711519 0.499269
0.711634 0.438996
0.711992 0.453607
0.712304 0.692344
0.712581 0.345958
0.71269 0.183191
0.712957 0.673445
0.714741 0.658785
0.714989 0.826593
0.715273 0.601438
0.715863 0.505653
0.716421 0.891419
0.716803 0.309667
0.717115 0.546095
0.717343 0.383818
0.71763 0.201911
0.71774 0.0539902
0.717839 0.715716
0.717853 0.958811
0.718951 0.414728
0.719064 0.309774
0.71933 0.786402
0.719994 0.944128
0.720255 0.334463
0.722226 0.450179
0.722277 0.314884
0.722428 0.850439
0.722656 0.683169
0.722779 0.746435
0.722802 0.140657
0.722866 0.204534
0.724265 0.723079
0.7246 0.355952
0.724992 0.933671
0.725446 0.572364
0.725808 0.654298
0.725916 0.468568
0.72601 0.0548162
0.727399 0.388072
0.727409 0.555478
0.729198 0.638273
0.730751 0.73714
0.731027 0.37406
0.731227 0.73583
0.731475 0.908083
0.731686 0.449101
0.731852 0.24061
0.732663 0.86257
0.73333 0.0844331
0.733561 0.959918
0.733811 0.169738
0.734019 0.659297
0.734539 0.390903
0.734802 0.809679
0.734938 0.110271
0.737137 0.0596486
0.737178 0.743525
0.737846 0.979671
0.737849 0.0308395
0.738809 0.167381
0.739278 0.0486441
0.739587 0.242575
0.740096 0.785566
0.740119 0.185227
0.74049 0.412012
0.74082 0.958027
0.742487 0.971303
0.742513 0.422407
0.742638 0.51366
0.743377 0.934781
0.743546 0.781255
0.743611 0.868385
0.744063 0.462162
0.744606 0.594925
0.745552 0.496033
0.745738 0.623967
0.746884 0.876115
0.746914 0.380924
0.747273 0.411791
0.747995 0.55769
0.748069 0.789811
0.748879 0.415332
0.749853 0.771645
0.749892 0.434993
0.750187 0.389969
0.750188 0.408275
0.751139 0.38526
0.751462 0.816439
0.751688 0.625369
0.751726 0.266826
0.752298 0.869475
0.752401 0.606397
0.752736 0.230997
0.753119 0.673712
0.753548 0.875521
0.753753 0.319155
0.755099 0.953609
0.756111 0.959699
0.756202 0.485716
0.756323 0.524462
0.757339 0.594438
0.757464 0.693345
0.75783 0.849208
0.75851 0.283157
0.75948 0.585351
0.759868 0.0960376
0.760068 0.467951
0.761032 0.672659
0.761285 0.9214
0.761373 0.392421
0.761821 0.918703
0.763132 0.952656
0.763303 0.833112
0.763631 0.35111
0.765915 0.732509
0.76599 0.986082
0.766238 0.154203
0.766254 0.428243
0.766268 0.674946
0.766646 0.0201435
0.766846 0.388832
0.767161 0.672132
0.768543 0.909914
0.770172 0.276066
0.770637 0.0974108
0.771921 0.669115
0.772253 0.258755
0.775451 0.00934329
0.775764 0.27105
0.775965 0.651862
0.776066 0.346224
0.776165 0.000835832
0.77656 0.647865
0.776592 0.189786
0.776798 0.645927
0.777075 0.293053
0.777335 0.671969
0.777652 0.990973
0.777671 0.321794
0.777883 0.870997
0.778762 0.649875
0.778835 0.873128
0.779194 0.916518
0.779738 0.0531776
0.779762 0.466277
0.780486 0.627664
0.780676 0.819132
0.781108 0.0896103
0.781869 0.872717
0.78205 0.922637
0.783037 0.508944
0.783048 0.681398
0.783559 0.268146
0.784123 0.749526
0.785208 0.994711
0.787048 0.907108
0.787362 0.199283
0.788164 0.67705
0.788374 0.205248
0.788424 0.045808
0.789795 0.0790162
0.789863 0.221799
0.790131 0.730101
0.790224 0.302207
0.790434 0.822571
0.791106 0.12067
0.792064 0.225225
0.792972 0.473834
0.793956 0.0115075
0.794177 0.725167
0.794404 0.54539
0.794714 0.75394
0.79505 0.412601
0.795157 0.207391
0.795779 0.653911
0.796603 0.510756
0.797203 0.58939
0.797535 0.170523
0.798681 0.425426
0.799051 0.646826
0.799392 0.388509
0.800001 0.613057
0.800233 0.524364
0.800391 0.176626
0.800613 0.905602
0.800703 0.415402
0.802432 0.480096
0.802644 0.037666
0.80312 0.039119
0.804086 0.274218
0.805356 0.618488
0.805891 0.613044
0.805912 0.96167
0.806269 0.967219
0.80651 0.00884176
0.806676 0.806315
0.806888 0.372846
0.807301 0.314687
0.807738 0.646015
0.808148 0.535497
0.808236 0.0287764
0.808624 0.548745
0.808916 0.455432
0.809287 0.67936
0.809321 0.250208
0.810234 0.599299
0.810454 0.301915
0.810487 0.847546
0.810967 0.916509
0.810984 0.21269
0.811129 0.644484
0.811484 0.612357
0.811749 0.0633066
0.812599 0.347659
0.812861 0.759978
0.813022 0.459035
0.813201 0.469244
0.813209 0.598505
0.813326 0.565968
0.813806 0.637342
0.813864 0.618776
0.815036 0.31637
0.815622 0.153506
0.815742 0.182484
0.81578 0.806895
0.816114 0.435323
0.817943 0.170657
0.817984 0.851418
0.818449 0.677607
0.819563 0.39134
0.819749 0.529401
0.819976 0.34467
0.820919 0.189397
0.82144 0.935584
0.821522 0.320836
0.822222 0.0798461
0.822377 0.697908
0.823501 0.588618
0.823561 0.587936
0.824157 0.610361
0.824336 0.614114
0.824556 0.305225
0.82465 0.896405
0.825239 0.790281
0.82524 0.815584
0.825725 0.95428
0.825987 0.367711
0.826279 0.275071
0.830913 0.151609
0.831116 0.559601
0.831484 0.746307
0.831606 0.795548
0.831832 0.600557
0.833162 0.961237
0.833285 0.0236106
0.833738 0.63153
0.834039 0.701225
0.83404 0.71464
0.834116 0.985986
0.834991 0.68804
0.835382 0.270479
0.83601 0.815087
0.837233 0.373362
0.837674 0.788534
0.837797 0.848959
0.838019 0.583209
0.839873 0.748696
0.840148 0.370081
0.840329 0.414656
0.840397 0.551397
0.8405 0.288397
0.84196 0.815526
0.842501 0.911794
0.842839 0.596258
0.843702 0.107403
0.844445 0.593483
0.844775 0.141894
0.844982 0.613413
0.845207 0.393596
0.845373 0.189309
0.845809 0.515612
0.847494 0.827886
0.848009 0.494628
0.848855 0.714507
0.849016 0.40378
0.849453 0.752678
0.849944 0.00318189
0.850253 0.19381
0.851685 0.275572
0.852046 0.332281
0.85226 0.935847
0.852394 0.193559
0.852564 0.0499646
0.852752 0.209493
0.853767 0.254316
0.853955 0.416357
0.854572 0.797691
0.854753 0.836592
0.855342 0.736942
0.857019 0.912466
0.857457 0.272783
0.85782 0.381326
0.857839 0.701472
0.859393 0.812768
0.859636 0.896739
0.860887 0.926655
0.861295 0.780301
0.861304 0.943246
0.862694 0.292154
0.863136 0.727213
0.863694 0.101317
0.864231 0.123892
0.865652 0.0141971
0.86616 0.555333
0.866388 0.379274
0.866524 0.660504
0.867188 0.829805
0.867319 0.0329669
0.868845 0.685536
0.869388 0.799092
0.870401 0.836167
0.870756 0.799633
0.872204 0.140346
0.872215 0.315938
0.87359 0.428913
0.873871 0.154678
0.874376 0.640364
0.875439 0.499701
0.875486 0.287253
0.876244 0.0371516
0.876565 0.427008
0.877412 0.663909
0.877499 0.119888
0.877867 0.317519
0.878264 0.99144
0.87874 0.991101
0.878944 0.414245
0.879464 0.154609
0.879784 0.537124
0.880113 0.0676512
0.880412 0.0792589
0.880671 0.443665
0.881431 0.21266
0.882081 0.127667
0.882316 0.082222
0.882853 0.110041
0.883123 0.654391
0.883992 0.25161
0.884181 0.431722
0.884557 0.756415
0.884816 0.110842
0.885328 0.713094
0.885737 0.579254
0.885767 0.0886883
0.885857 0.595405
0.886898 0.0866127
0.888384 0.0632258
0.889014 0.651239
0.889527 0.286307
0.889959 0.540021
0.89089 0.184307
0.891133 0.269797
0.891617 0.4089
0.892432 0.10514
0.893633 0.290066
0.893881 0.462335
0.894088 0.942792
0.89437 0.674537
0.894712 0.419013
0.895282 0.0112385
0.895495 0.585228
0.895596 0.285108
0.896256 0.381812
0.897246 0.0109915
0.898971 0.00414421
0.899117 0.4638
0.899714 0.490569
0.899918 0.915427
0.900322 0.7096
0.902331 0.478004
0.902561 0.34812
0.902758 0.651364
0.903043 0.451496
0.905245 0.446008
0.905551 0.592111
0.905699 0.0813978
0.906313 0.395198
0.906567 0.664279
0.906642 0.936151
0.907165 0.723355
0.907675 0.298293
0.907765 0.811522
0.907777 0.00231305
0.907875 0.653262
0.908224 0.520934
0.909149 0.0720313
0.909683 0.0376616
0.91054 0.452456
0.91091 0.661021
0.91093 0.995732
0.911506 0.689238
0.911568 0.720479
0.911617 0.554723
0.911884 0.0282759
0.914507 0.112852
0.915753 0.0684254
0.915966 0.63282
0.916178 0.209228
0.916957 0.296952
0.919122 0.688724
0.919192 0.868448
0.920205 0.886434
0.920335 0.0710473
0.92055 0.690352
0.920611 0.703444
0.920789 0.693641
0.920923 0.949678
0.921941 0.0664098
0.922694 0.718111
0.925061 0.501605
0.925965 0.687132
0.926005 0.373669
0.926379 0.654057
0.92656 0.69205
0.92691 0.582934
0.927023 0.476595
0.927103 0.814403
0.927486 0.254887
0.929323 0.136441
0.929366 0.847599
0.931187 0.460771
0.932101 0.815122
0.93272 0.232849
0.93299 0.76182
0.932995 0.854829
0.933523 0.728914
0.934114 0.657329
0.934901 0.886968
0.935775 0.562874
0.936797 0.754958
0.936904 0.542814
0.937134 0.417665
0.937824 0.0146849
0.93813 0.153455
0.938995 0.691907
0.940032 0.118594
0.940064 0.663559
0.940212 0.148846
0.940247 0.737796
0.940248 0.74484
0.94108 0.728574
0.941745 0.908535
0.941813 0.0495803
0.941869 0.995945
0.941919 0.839502
0.942677 0.56881
0.943247 0.158766
0.943585 0.827374
0.943665 0.174855
0.943962 0.171914
0.94508 0.958542
0.945845 0.813901
0.945896 0.673769
0.946203 0.832966
0.946333 0.0111229
0.94768 0.655987
0.947962 0.389938
0.948282 0.770638
0.948764 0.880251
0.94989 0.799489
0.950189 0.829176
0.950891 0.620204
0.950961 0.794464
0.951281 0.18551
0.952767 0.155752
0.952932 0.93049
0.953367 0.238714
0.953901 0.205495
0.953942 0.899702
0.953998 0.850841
0.954466 0.706637
0.954786 0.0889955
0.954871 0.514819
0.955512 0.297709
0.955573 0.319207
0.955626 0.20764
0.956038 0.123122
0.956129 0.665966
0.957386 0.783349
0.957568 0.847224
0.957657 0.340315
0.957796 0.679891
0.957823 0.125454
0.957876 0.0147251
0.957942 0.129153
0.95853 0.012527
0.959702 0.716061
0.960389 0.258461
0.960625 0.218001
0.961236 0.496873
0.961545 0.69186
0.963141 0.5157
0.963591 0.0736482
0.96405 0.790127
0.964325 0.406535
0.965072 0.964422
0.96518 0.780405
0.965197 0.0654575
0.965233 0.671766
0.966504 0.0387718
0.966652 0.517743
0.966783 0.724803
0.96819 0.368765
0.968253 0.434803
0.969423 0.0851488
0.971273 0.192634
0.971409 0.463479
0.971507 0.12508
0.97167 0.853782
0.972026 0.838278
0.972164 0.153866
0.972909 0.674484
0.973785 0.406685
0.973872 0.867931
0.974101 0.720234
0.974115 0.946228
0.974207 0.503198
0.974213 0.599564
0.974449 0.568715
0.975258 0.162156
0.975389 0.369779
0.97564 0.573205
0.975932 0.490677
0.976333 0.230668
0.976865 0.17361
0.976918 0.0574023
0.977063 0.502595
0.977332 0.0219083
0.979058 0.0296181
0.979381 0.459874
0.980116 0.801448
0.980642 0.656742
0.980671 0.135872
0.980767 0.755391
0.98248 0.533749
0.982648 0.36774
0.982805 0.00951503
0.983792 0.598874
0.983915 0.657742
0.98512 0.913144
0.986352 0.612107
0.986543 0.820269
0.986678 0.0916922
0.987468 0.376938
0.987579 0.232187
0.987986 0.084455
0.98875 0.919481
0.989164 0.880536
0.989526 0.955849
0.990787 0.1607
0.991344 0.511623
0.992979 0.00280897
0.993401 0.0905803
0.994715 0.177299
0.994804 0.667792
0.994815 0.851148
0.995399 0.673648
0.995625 0.472771
0.997502 0.0228928
0.998383 0.814699
0.999228 0.0265407
0.999475 0.17796
0.999831 0.15661
