0.000136643 0.29657
0.00238333 0.0565553
0.00287672 0.349079
0.00415015 0.751546
0.00453435 0.208825
0.00554525 0.199027
0.00610473 0.602214
0.00613205 0.0614027
0.00653157 0.776052
0.00658302 0.640787
0.00678613 0.0545245
0.00709966 0.323972
0.00719877 0.989713
0.00741187 0.571302
0.00790422 0.846201
0.0083356 0.0964942
0.00842551 0.607524
0.00888623 0.350824
0.0104719 0.000432813
0.0108205 0.85973
0.0120034 0.741698
0.012513 0.305194
0.0126282 0.241766
0.0127289 0.934273
0.0127936 0.022436
0.0138292 0.426857
0.0158273 0.0094082
0.0181113 0.395816
0.0201373 0.447746
0.020678 0.535132
0.021776 0.988521
0.0218183 0.699445
0.0222865 0.569234
0.0223092 0.950778
0.0226598 0.843682
0.0234485 0.0993833
0.0245451 0.530232
0.0247983 0.785265
0.0248084 0.954471
0.0254443 0.64159
0.0256386 0.907416
0.0262546 0.261351
0.0266802 0.414824
0.0274877 0.985428
0.0278254 0.66151
0.0281559 0.216721
0.0284013 0.340381
0.0289946 0.311864
0.0291586 0.0690311
0.0296147 0.734795
0.029987 0.990905
0.0305141 0.850035
0.0329692 0.112665
0.0338432 0.802807
0.035095 0.842036
0.0351859 0.369657
0.035388 0.766239
0.0355573 0.611022
0.0366722 0.349784
0.0368015 0.523011
0.0380112 0.854329
0.0380903 0.183748
0.0381974 0.98328
0.0390718 0.679331
0.0392201 0.171599
0.0412229 0.8329
0.0419421 0.920876
0.042399 0.599945
0.0443856 0.988207
0.0463679 0.304481
0.0467991 0.552811
0.0468554 0.499167
0.0472355 0.886667
0.047722 0.0636493
0.0478165 0.651432
0.048982 0.240443
0.0491675 0.358202
0.0491887 0.715272
0.0491976 0.864506
0.0495427 0.664072
0.050313 0.610405
0.0505456 0.519325
0.050673 0.661496
0.0511613 0.86861
0.0512454 0.281004
0.0513156 0.461361
0.0530374 0.399557
0.0531971 0.0835163
0.0548077 0.152415
0.0550812 0.75047
0.0565698 0.768907
0.0567214 0.317306
0.056885 0.0660286
0.0575918 0.944986
0.0580634 0.872033
0.0592913 0.508463
0.0598222 0.432034
0.0614268 0.40085
0.0625178 0.737329
0.0625811 0.800572
0.0626462 0.894738
0.0635442 0.98768
0.0639356 0.566369
0.0658242 0.307337
0.0659071 0.701166
0.0659759 0.856189
0.0675905 0.994407
0.068401 0.615991
0.0688565 0.27101
0.0691096 0.525933
0.0691457 0.132422
0.0695769 0.379483
0.071348 0.145318
0.0715417 0.400884
0.0720171 0.390754
0.0724678 0.966648
0.0733045 0.0284497
0.0735591 0.308065
0.0736803 0.344048
0.0743836 0.165591
0.0750713 0.72272
0.0759911 0.182632
0.0774888 0.354255
0.0779998 0.943179
0.0781171 0.914383
0.0785139 0.58281
0.0796887 0.327174
0.0798362 0.806654
0.0800744 0.810272
0.0813465 0.191193
0.0820654 0.273354
0.0821486 0.671308
0.0822265 0.980871
0.0825279 0.0462535
0.0829399 0.971002
0.0841664 0.584195
0.0844005 0.519755
0.0844911 0.0427037
0.0846167 0.152763
0.0846502 0.716301
0.0851657 0.379309
0.0859914 0.256698
0.0865158 0.0711625
0.0867122 0.372748
0.0867401 0.841226
0.0870656 0.311694
0.087451 0.789204
0.0877628 0.029068
0.0889251 0.564437
0.090328 0.142102
0.0904341 0.925834
0.0905124 0.241423
0.0912515 0.664219
0.0914638 0.231697
0.092744 0.747896
0.0929976 0.0104111
0.0938469 0.285607
0.0942066 0.331125
0.0948134 0.529596
0.0949071 0.103988
0.0949632 0.047128
0.0953145 0.951474
0.0959497 0.626462
0.0962671 0.961643
0.0963336 0.0784579
0.09658 0.219366
0.0969368 0.216001
0.0969469 0.386671
0.0988809 0.890834
0.0994161 0.886596
0.0996688 0.134076
0.099773 0.885039
0.10016 0.395521
0.100505 0.18136
0.100689 0.272119
0.10081 0.319881
0.103789 0.381525
0.103896 0.181817
0.104437 0.265485
0.105117 0.695107
0.108449 0.708314
0.108529 0.0461147
0.108615 0.497217
0.108645 0.997072
0.108856 0.536469
0.109076 0.237309
0.109314 0.236889
0.109447 0.483119
0.110398 0.4675
0.110835 0.795651
0.110945 0.651635
0.111928 0.181263
0.113446 0.683081
0.114329 0.519169
0.114793 0.325644
0.115139 0.143712
0.115869 0.41794
0.116291 0.496938
0.116865 0.156133
0.116879 0.384467
0.1169 0.742375
0.116964 0.806472
0.117876 0.147212
0.119106 0.808232
0.119762 0.83615
0.120471 0.758653
0.120715 0.855264
0.12075 0.44113
0.121407 0.481077
0.121739 0.0654813
0.122853 0.790962
0.122925 0.00857289
0.123222 0.000325115
0.123597 0.289368
0.123678 0.648511
0.12411 0.908471
0.124547 0.258292
0.12508 0.216942
0.125094 0.458291
0.125521 0.638508
0.125756 0.57921
0.126405 0.488926
0.126681 0.127474
0.126984 0.211945
0.127335 0.119242
0.127783 0.647833
0.127913 0.827047
0.128282 0.0273782
0.129643 0.91374
0.129894 0.123396
0.130032 0.443812
0.132225 0.304501
0.132357 0.521132
0.132927 0.111596
0.134713 0.129354
0.136195 0.0295739
0.136748 0.330416
0.137033 0.106183
0.137133 0.786051
0.137325 0.0141779
0.137794 0.897586
0.138176 0.320225
0.138249 0.544841
0.139394 0.795017
0.139835 0.21249
0.140566 0.48815
0.141071 0.977538
0.141921 0.259582
0.142045 0.342233
0.143096 0.0116236
0.143178 0.396249
0.144154 0.789441
0.144335 0.839854
0.144675 0.554379
0.14526 0.391327
0.146082 0.202904
0.14614 0.175566
0.146142 0.214885
0.146214 0.41927
0.14632 0.194259
0.146685 0.32899
0.147228 0.464812
0.147486 0.78914
0.147751 0.243291
0.148292 0.34996
0.149227 0.0652312
0.150758 0.790108
0.150998 0.816462
0.152283 0.41663
0.152415 0.635923
0.153447 0.979094
0.154677 0.660197
0.154756 0.978322
0.154761 0.0732948
0.154841 0.414766
0.155078 0.400626
0.156949 0.847737
0.157687 0.244502
0.158072 0.724368
0.158866 0.0574414
0.15923 0.18109
0.159324 0.75124
0.160169 0.952594
0.161697 0.633924
0.161965 0.15118
0.16307 0.714897
0.164719 0.438926
0.165611 0.425335
0.166033 0.522913
0.166462 0.71904
0.166703 0.771612
0.166732 0.264642
0.167162 0.492967
0.167955 0.825305
0.168006 0.683263
0.171243 0.0779222
0.171474 0.963073
0.171831 0.966892
0.172134 0.0578043
0.172873 0.480412
0.173014 0.845807
0.173221 0.322875
0.174133 0.653293
0.175078 0.540775
0.175395 0.860938
0.176469 0.914438
0.176751 0.6463
0.176887 0.946705
0.17806 0.646021
0.178418 0.663591
0.179477 0.471461
0.179582 0.233412
0.180148 0.749048
0.180915 0.637435
0.181026 0.510285
0.181199 0.418141
0.181553 0.353041
0.183007 0.793227
0.183102 0.387701
0.18341 0.576881
0.184124 0.575879
0.184252 0.717573
0.186177 0.0843449
0.186222 0.829157
0.186628 0.652514
0.186761 0.893885
0.187077 0.209367
0.188099 0.377338
0.189463 0.302151
0.189966 0.756116
0.190541 0.426441
0.191148 0.632379
0.19116 0.829329
0.192118 0.930362
0.192822 0.752101
0.192989 0.563802
0.193305 0.885357
0.193997 0.500323
0.19512 0.375405
0.196444 0.635243
0.197574 0.633285
0.197891 0.954464
0.198003 0.838303
0.198234 0.713811
0.198375 0.0856394
0.199074 0.83669
0.199286 0.403691
0.199532 0.52836
0.199815 0.299025
0.200411 0.306893
0.200429 0.616903
0.200548 0.609199
0.200743 0.887705
0.201199 0.559143
0.201879 0.980179
0.202453 0.628097
0.203737 0.212809
0.203844 0.00489069
0.20406 0.643706
0.204385 0.0989048
0.204728 0.863104
0.204883 0.469872
0.205056 0.369753
0.205092 0.982268
0.205208 0.938414
0.205273 0.0163012
0.206179 0.242338
0.209914 0.0217862
0.210345 0.273504
0.211123 0.350287
0.211827 0.175939
0.212235 0.0384596
0.213018 0.201145
0.213444 0.361028
0.21359 0.813452
0.214736 0.0727932
0.214901 0.832966
0.215183 0.578774
0.215816 0.218262
0.215992 0.173053
0.216314 0.5907
0.2164 0.0368723
0.21726 0.484561
0.218055 0.85506
0.219632 0.359279
0.220546 0.721479
0.220623 0.0146299
0.220742 0.0146586
0.222286 0.96344
0.222982 0.66016
0.223601 0.0646996
0.224519 0.488157
0.224615 0.109491
0.224732 0.0752636
0.224876 0.491076
0.22489 0.725491
0.225293 0.506203
0.225354 0.521956
0.22614 0.739003
0.226798 0.793539
0.227073 0.41634
0.227966 0.429492
0.228623 0.465933
0.230134 0.866125
0.230961 0.76848
0.232186 0.351182
0.232229 0.0776251
0.232966 0.466658
0.23342 0.0823572
0.233675 0.374197
0.234536 0.849443
0.234614 0.156634
0.234665 0.0129252
0.236197 0.756898
0.23797 0.568752
0.238299 0.0996312
0.238308 0.243582
0.238828 0.978506
0.239468 0.737894
0.240029 0.159496
0.240077 0.976639
0.240505 0.162139
0.240981 0.160492
0.241239 0.506718
0.24155 0.726076
0.242377 0.626553
0.243263 0.521347
0.244007 0.0300846
0.244442 0.33845
0.244763 0.727171
0.244842 0.0648152
0.245098 0.360138
0.245492 0.986255
0.246195 0.800856
0.248407 0.975461
0.249438 0.308411
0.250381 0.157584
0.251156 0.177179
0.252175 0.308076
0.252396 0.0193875
0.252452 0.966613
0.253404 0.955385
0.253593 0.14384
0.253707 0.0504996
0.253852 0.490738
0.254688 0.54883
0.257153 0.962674
0.25784 0.514348
0.259932 0.669444
0.260617 0.186924
0.260629 0.399301
0.260726 0.0253464
0.260922 0.313595
0.261425 0.777375
0.262736 0.795754
0.263264 0.680233
0.264267 0.54267
0.264395 0.684864
0.264463 0.823445
0.264636 0.729156
0.265319 0.21152
0.266254 0.931057
0.266468 0.527806
0.266472 0.593093
0.266498 0.0265487
0.267062 0.504501
0.267613 0.765475
0.268402 0.0269213
0.268943 0.121929
0.269086 0.521048
0.269419 0.131631
0.270259 0.236643
0.270347 0.714848
0.271165 0.472956
0.271291 0.589386
0.272163 0.251619
0.272243 0.584153
0.272406 0.335481
0.272556 0.85126
0.272973 0.858545
0.273113 0.216379
0.273505 0.798794
0.273818 0.0597579
0.274134 0.370497
0.274289 0.98103
0.27472 0.227504
0.275155 0.522659
0.276134 0.986655
0.276199 0.070349
0.27624 0.773204
0.276366 0.888546
0.276758 0.467674
0.27799 0.17386
0.278686 0.876552
0.279445 0.637603
0.279455 0.807756
0.281002 0.806094
0.281116 0.718154
0.281346 0.574293
0.281422 0.862012
0.281837 0.836638
0.283258 0.712824
0.283385 0.849619
0.283556 0.72847
0.283749 0.969198
0.283941 0.201379
0.284608 0.406008
0.284616 0.547822
0.285013 0.212351
0.285365 0.122011
0.286862 0.286707
0.286905 0.00941778
0.287266 0.0734765
0.287324 0.0473899
0.288658 0.474015
0.290149 0.540186
0.290276 0.663065
0.290717 0.076507
0.290745 0.547881
0.290934 0.733065
0.291013 0.0544692
0.293118 0.426301
0.293352 0.366698
0.293551 0.718192
0.293685 0.961385
0.294194 0.520397
0.294427 0.433957
0.294712 0.218146
0.29509 0.579466
0.295556 0.41075
0.295651 0.012722
0.296063 0.930379
0.297038 0.319446
0.297526 0.522491
0.297698 0.407705
0.298528 0.366473
0.298647 0.356265
0.298737 0.87109
0.299046 0.0715402
0.299687 0.839873
0.300961 0.249164
0.301486 0.0823256
0.301974 0.273239
0.302926 0.275175
0.303226 0.325046
0.303639 0.266339
0.303718 0.586365
0.304244 0.423127
0.304314 0.598827
0.304449 0.873483
0.305462 0.905471
0.308328 0.0760065
0.308347 0.395432
0.308441 0.968423
0.308578 0.270103
0.308957 0.643976
0.308999 0.353695
0.309361 0.422184
0.309699 0.109019
0.309879 0.134537
0.310259 0.519719
0.310509 0.723301
0.310556 0.521474
0.311456 0.643021
0.311829 0.916952
0.312105 0.545341
0.312398 0.469027
0.31297 0.0831586
0.313077 0.883302
0.313501 0.00544647
0.313789 0.855682
0.314195 0.681208
0.314614 0.712136
0.316278 0.692744
0.316485 0.156179
0.319312 0.679818
0.319795 0.791576
0.321413 0.981479
0.321815 0.747062
0.321943 0.903031
0.322608 0.0736078
0.322774 0.865524
0.323582 0.438342
0.323647 0.53664
0.323666 0.849765
0.323825 0.533474
0.324927 0.0563539
0.325143 0.685833
0.327328 0.403416
0.327665 0.067344
0.327702 0.681424
0.32788 0.671896
0.328126 0.808195
0.328678 0.0945103
0.329452 0.092787
0.329843 0.669074
0.33007 0.480054
0.330447 0.814983
0.330516 0.980095
0.330663 0.450081
0.330773 0.295977
0.331161 0.818521
0.332466 0.754159
0.332532 0.864814
0.332559 0.323361
0.33286 0.369836
0.333885 0.607602
0.334806 0.0820713
0.335232 0.247003
0.335651 0.284654
0.335676 0.71429
0.335745 0.872209
0.336423 0.26457
0.336801 0.609157
0.336919 0.599638
0.338469 0.64509
0.338951 0.75576
0.338984 0.311307
0.340062 0.423678
0.340088 0.865406
0.340827 0.275351
0.341426 0.344139
0.342122 0.0498285
0.342178 0.987874
0.342625 0.502323
0.342977 0.407538
0.343824 0.656695
0.344219 0.283047
0.344527 0.464096
0.345067 0.546871
0.345831 0.376881
0.346219 0.908722
0.346758 0.964622
0.347489 0.255473
0.348361 0.910451
0.349725 0.821591
0.351135 0.528439
0.351212 0.827788
0.351698 0.981206
0.351779 0.352456
0.3518 0.700635
0.351932 0.913729
0.352184 0.162258
0.352443 0.504813
0.352961 0.210991
0.353102 0.57936
0.353608 0.0886898
0.353788 0.107485
0.355095 0.0842741
0.355246 0.617599
0.355368 0.677187
0.357096 0.709972
0.35758 0.842611
0.35775 0.70444
0.357857 0.511181
0.357944 0.959787
0.358507 0.421797
0.359119 0.707736
0.359164 0.474681
0.360498 0.886687
0.361269 0.849385
0.361743 0.810235
0.36202 0.463011
0.362285 0.932557
0.362543 0.263998
0.36371 0.878359
0.363819 0.705072
0.36441 0.634481
0.364724 0.920004
0.366313 0.617792
0.366678 0.753188
0.367303 0.262593
0.367319 0.527485
0.367604 0.317896
0.368034 0.544499
0.368209 0.491518
0.369053 0.666482
0.369451 0.365024
0.369895 0.8186
0.369963 0.969859
0.370095 0.179266
0.371526 0.230685
0.37159 0.305997
0.371598 0.454776
0.372898 0.303565
0.373135 0.285591
0.373518 0.719383
0.373806 0.556932
0.373896 0.0652848
0.374631 0.426292
0.375114 0.548771
0.37581 0.243316
0.375964 0.835347
0.376222 0.164033
0.376498 0.804562
0.376991 0.0805401
0.377298 0.245083
0.377324 0.6875
0.377758 0.975791
0.379481 0.940721
0.380493 0.951718
0.381648 0.358242
0.381973 0.818324
0.382896 0.340229
0.383636 0.772182
0.384871 0.521656
0.385919 0.138367
0.385986 0.261772
0.386088 0.97476
0.386262 0.900234
0.386585 0.335123
0.387692 0.936532
0.389199 0.275443
0.390337 0.386224
0.390642 0.515963
0.390794 0.0756475
0.391068 0.68523
0.391463 0.319354
0.391672 0.835765
0.391821 0.334467
0.392116 0.29831
0.39212 0.361422
0.392222 0.0710374
0.392691 0.965723
0.392765 0.206461
0.393619 0.549723
0.393719 0.2432
0.393744 0.663014
0.393863 0.659529
0.394083 0.355031
0.394215 0.566974
0.394564 0.432228
0.394984 0.501685
0.395739 0.193732
0.395875 0.478531
0.395994 0.478591
0.397422 0.470764
0.397847 0.611997
0.398422 0.270731
0.39845 0.75019
0.40021 0.332879
0.403807 0.778872
0.404163 0.774544
0.404637 0.727379
0.404908 0.285551
0.405046 0.608902
0.405219 0.522174
0.406644 0.460909
0.406654 0.632698
0.406851 0.936733
0.407539 0.505742
0.4088 0.7002
0.408866 0.819426
0.409575 0.722065
0.410274 0.477264
0.410339 0.564691
0.410377 0.208966
0.413159 0.955814
0.413565 0.786075
0.414432 0.366515
0.414929 0.715075
0.416178 0.708825
0.416183 0.79522
0.41637 0.933759
0.417162 0.249105
0.41725 0.721637
0.417489 0.745846
0.417752 0.156811
0.417973 0.878289
0.418739 0.740129
0.418981 0.816399
0.419677 0.517181
0.420035 0.53281
0.421426 0.901316
0.421441 0.156064
0.422769 0.479601
0.423327 0.849886
0.423592 0.310627
0.424049 0.99789
0.424903 0.337019
0.425014 0.205322
0.425602 0.092226
0.425768 0.880926
0.426249 0.97491
0.42638 0.171545
0.426554 0.0954841
0.42689 0.747931
0.426966 0.0162564
0.427205 0.0330699
0.427706 0.452216
0.427762 0.398276
0.428151 0.940298
0.429164 0.952908
0.429507 0.723423
0.431549 0.0465758
0.431885 0.694686
0.432312 0.875357
0.432885 0.503286
0.43308 0.771225
0.433176 0.394602
0.433255 0.723316
0.434163 0.983069
0.434619 0.641727
0.435105 0.811831
0.435146 0.506562
0.435612 0.328071
0.435621 0.476412
0.436202 0.239408
0.436429 0.0678256
0.437017 0.937198
0.437404 0.443329
0.438044 0.201394
0.43829 0.342662
0.438296 0.442723
0.438681 0.909698
0.438929 0.0741878
0.439007 0.388079
0.43922 0.971171
0.43969 0.871937
0.440276 0.718058
0.441513 0.509645
0.441846 0.0994492
0.442036 0.304097
0.442706 0.552797
0.442776 0.735862
0.443121 0.542864
0.443374 0.783887
0.444078 0.618359
0.44424 0.334524
0.444573 0.944199
0.444693 0.955349
0.44554 0.198606
0.445611 0.378971
0.44576 0.884293
0.44598 0.583169
0.446394 0.548935
0.44715 0.256892
0.447209 0.245237
0.447355 0.701058
0.447359 0.766252
0.448511 0.123195
0.448553 0.825745
0.449298 0.357953
0.449485 0.487194
0.449767 0.231257
0.451194 0.2176
0.451777 0.0110725
0.452095 0.367604
0.452253 0.0237797
0.452312 0.0109197
0.452678 0.151051
0.452749 0.358049
0.453442 0.0057292
0.453847 0.814201
0.454758 0.125561
0.455163 0.916885
0.457442 0.221766
0.459809 0.0126473
0.460309 0.411077
0.460421 0.293687
0.461331 0.583532
0.462949 0.779101
0.463077 0.938146
0.463083 0.0387852
0.463171 0.509188
0.46389 0.597907
0.464222 0.184464
0.464635 0.115692
0.464764 0.287736
0.465201 0.628871
0.465972 0.592837
0.466309 0.250746
0.466425 0.213271
0.466728 0.305005
0.466956 0.126762
0.468148 0.164998
0.46975 0.0885695
0.469871 0.127354
0.471345 0.896584
0.471366 0.249428
0.472176 0.85979
0.4722 0.269954
0.47286 0.36186
0.47287 0.518466
0.474299 0.54412
0.474979 0.971042
0.475445 0.798084
0.475702 0.130387
0.475935 0.0474846
0.476724 0.30591
0.477829 0.879582
0.477878 0.689619
0.478079 0.0697578
0.478114 0.659256
0.478788 0.990774
0.479282 0.288682
0.480677 0.744898
0.48094 0.154031
0.481442 0.590075
0.481847 0.40062
0.481887 0.0673176
0.482133 0.21228
0.482649 0.880868
0.482792 0.286358
0.482796 0.352013
0.482905 0.177193
0.483093 0.349056
0.483488 0.97695
0.484307 0.744825
0.484429 0.800906
0.484555 0.922236
0.484605 0.760221
0.485061 0.413737
0.485216 0.0319389
0.485475 0.383486
0.485844 0.584342
0.485874 0.0885403
0.486298 0.21715
0.48663 0.796725
0.486882 0.0304618
0.487234 0.937422
0.487673 0.314284
0.487866 0.56477
0.487945 0.894643
0.489549 0.844996
0.489616 0.976384
0.490027 0.891998
0.490072 0.645771
0.491221 0.944088
0.491492 0.505546
0.491789 0.49668
0.492602 0.16462
0.492962 0.204542
0.493037 0.46584
0.49327 0.391547
0.493684 0.344978
0.494298 0.6663
0.494632 0.272101
0.494731 0.9385
0.494842 0.805339
0.494851 0.963158
0.495576 0.14329
0.495654 0.463598
0.49583 0.4069
0.496365 0.398185
0.497345 0.869836
0.497446 0.575616
0.497496 0.406949
0.497803 0.571492
0.498578 0.593733
0.498807 0.452329
0.499059 0.687341
0.499726 0.895798
0.500678 0.893711
0.500845 0.710663
0.501412 0.236701
0.501873 0.985104
0.502237 0.0897111
0.502277 0.770417
0.502536 0.120783
0.502689 0.690462
0.502714 0.106332
0.503415 0.899128
0.50559 0.446418
0.50618 0.361473
0.50673 0.604392
0.506863 0.842052
0.507113 0.0557851
0.508219 0.639663
0.509048 0.571485
0.50949 0.00302948
0.51019 0.766853
0.510423 0.675013
0.510492 0.834717
0.510519 0.289538
0.511102 0.0959476
0.511163 0.111396
0.514055 0.716991
0.51467 0.0543495
0.515571 0.206474
0.515592 0.553167
0.51614 0.761861
0.516384 0.86687
0.516547 0.606568
0.51671 0.342675
0.516722 0.539673
0.517584 0.0391721
0.518101 0.730793
0.518194 0.286151
0.518441 0.444199
0.519008 0.975457
0.519378 0.193484
0.519562 0.28065
0.520243 0.719672
0.520403 0.408491
0.521875 0.155627
0.522223 0.994498
0.52246 0.980233
0.523 0.06059
0.524776 0.912765
0.52481 0.481406
0.524998 0.646608
0.525169 0.512069
0.525308 0.858149
0.525765 0.536654
0.526578 0.19651
0.526765 0.333725
0.527042 0.998367
0.527121 0.318088
0.527373 0.558196
0.527543 0.410641
0.527647 0.170314
0.528023 0.479738
0.528212 0.665814
0.528816 0.804053
0.528931 0.750455
0.529234 0.829112
0.529882 0.724028
0.530357 0.709719
0.531543 0.640288
0.531904 0.704832
0.531949 0.467731
0.532863 0.826777
0.532915 0.706586
0.533099 0.798331
0.533154 0.711371
0.533997 0.886726
0.534526 0.782693
0.536028 0.0184141
0.536835 0.581316
0.536997 0.317196
0.537431 0.60119
0.537851 0.662469
0.538684 0.66789
0.538866 0.724596
0.540079 0.109533
0.54022 0.471163
0.541029 0.0666388
0.542083 0.795189
0.542418 0.42418
0.542916 0.783102
0.543101 0.89255
0.543753 0.8595
0.544484 0.142877
0.545047 0.605529
0.545067 0.947737
0.54552 0.560579
0.545769 0.74231
0.546985 0.179426
0.547067 0.56121
0.547559 0.829425
0.548186 0.367733
0.548539 0.291238
0.548654 0.234463
0.548802 0.711329
0.549119 0.0496169
0.549448 0.570009
0.55132 0.0277481
0.551592 0.598731
0.552698 0.200454
0.552736 0.84029
0.553215 0.87848
0.553293 0.192254
0.553501 0.691995
0.554659 0.158899
0.555845 0.0947197
0.555987 0.468004
0.55628 0.40649
0.55802 0.637987
0.558425 0.456139
0.558866 0.852833
0.559635 0.782958
0.561322 0.136172
0.562874 0.22762
0.562929 0.152932
0.563039 0.993028
0.563864 0.866575
0.563886 0.227989
0.565077 0.25051
0.565161 0.662137
0.566828 0.682714
0.567301 0.626808
0.567713 0.548692
0.56773 0.842509
0.568907 0.624847
0.569215 0.804972
0.569423 0.293075
0.570378 0.347205
0.57151 0.369704
0.573104 0.160963
0.573452 0.00301856
0.573556 0.756235
0.573793 0.746024
0.574737 0.600667
0.575725 0.204388
0.576371 0.0642265
0.576936 0.555061
0.577341 0.369355
0.577443 0.0802155
0.578736 0.823059
0.579737 0.647366
0.579744 0.76275
0.580295 0.0134323
0.580632 0.677806
0.581042 0.566193
0.582694 0.329964
0.582893 0.674649
0.583273 0.0622654
0.583979 0.930915
0.584715 0.30608
0.58521 0.616956
0.585839 0.192056
0.586111 0.775045
0.586181 0.940375
0.586465 0.725332
0.586702 0.706473
0.587353 0.636882
0.588261 0.900814
0.588643 0.330536
0.589504 0.797869
0.589648 0.212023
0.590175 0.0752057
0.591072 0.140223
0.591344 0.725638
0.591478 0.967337
0.59188 0.73267
0.59282 0.522213
0.592918 0.170306
0.593126 0.661907
0.594398 0.0476884
0.595236 0.135834
0.595317 0.499939
0.595399 0.864779
0.59553 0.0675814
0.596081 0.341735
0.596124 0.0556878
0.596196 0.268845
0.59721 0.308479
0.597374 0.0646447
0.597904 0.967883
0.597964 0.979535
0.598212 0.152767
0.599203 0.803688
0.600317 0.530233
0.60066 0.299175
0.600847 0.435092
0.602134 0.0720289
0.602619 0.219318
0.603309 0.820408
0.605087 0.693096
0.605628 0.791485
0.606444 0.501641
0.609123 0.529819
0.609514 0.104438
0.609864 0.984264
0.609919 0.903949
0.610266 0.735134
0.610312 0.51594
0.61067 0.533862
0.611876 0.792395
0.613427 0.861632
0.613882 0.514076
0.614312 0.745312
0.614333 0.101005
0.615028 0.779819
0.616214 0.709731
0.616383 0.543612
0.616674 0.43647
0.616683 0.585343
0.617321 0.315554
0.619462 0.289859
0.62102 0.488529
0.621414 0.112572
0.621597 0.182254
0.622004 0.0253731
0.622933 0.636186
0.623232 0.662491
0.623787 0.995945
0.624943 0.419875
0.627383 0.430425
0.627957 0.075048
0.628113 0.690777
0.628151 0.326192
0.628583 0.598408
0.630182 0.460925
0.630375 0.705128
0.631027 0.672508
0.631223 0.965218
0.63132 0.599161
0.631582 0.994552
0.63179 0.491976
0.632021 0.379592
0.632348 0.865916
0.633011 0.0154397
0.633578 0.545696
0.633592 0.786857
0.633619 0.233563
0.633967 0.0749303
0.634346 0.449156
0.634387 0.146775
0.637108 0.8724
0.637367 0.233449
0.637726 0.268323
0.638037 0.49197
0.638058 0.841246
0.638171 0.733912
0.638247 0.0112303
0.638303 0.957626
0.638695 0.551648
0.639097 0.296358
0.639914 0.0378421
0.640015 0.736516
0.641003 0.329554
0.641329 0.819517
0.641387 0.783656
0.641399 0.997777
0.641493 0.573953
0.641646 0.144501
0.642117 0.0643325
0.642118 0.0720336
0.643226 0.705836
0.64409 0.213835
0.644098 0.3519
0.644181 0.745096
0.644649 0.617507
0.645294 0.463955
0.645782 0.660864
0.645787 0.744739
0.645824 0.362013
0.646145 0.766551
0.646803 0.818034
0.648074 0.175577
0.648134 0.193092
0.64858 0.691943
0.648662 0.0653847
0.648836 0.979705
0.649434 0.0445337
0.649446 0.245491
0.649847 0.972154
0.64991 0.0424022
0.650696 0.253047
0.651398 0.0402091
0.651664 0.520751
0.652438 0.524897
0.652919 0.61622
0.652946 0.0593181
0.653159 0.649328
0.653423 0.0843519
0.653524 0.781203
0.654257 0.0980608
0.654704 0.608174
0.655334 0.205837
0.656592 0.339022
0.657003 0.243195
0.657193 0.446888
0.658025 0.429972
0.658263 0.429638
0.659092 0.357343
0.660674 0.941508
0.660829 0.55532
0.661053 0.311453
0.661142 0.809936
0.662515 0.894932
0.662893 0.238814
0.662948 0.162858
0.663219 0.715528
0.664483 0.961177
0.664701 0.635783
0.665537 0.684014
0.666155 0.0589075
0.666883 0.294105
0.667199 0.605815
0.667252 0.50969
0.66805 0.915924
0.66866 0.163467
0.668774 0.0905775
0.66938 0.272535
0.66973 0.153981
0.670176 0.648387
0.670393 0.28779
0.670634 0.34494
0.670853 0.0208531
0.671234 0.437873
0.671242 0.568636
0.671765 0.35383
0.6718 0.948039
0.671915 0.883477
0.672178 0.291851
0.672324 0.750176
0.672583 0.0942183
0.672612 0.598291
0.67283 0.254035
0.673405 0.915132
0.674231 0.800387
0.67474 0.355
0.675162 0.447788
0.677557 0.696567
0.677881 0.138281
0.677903 0.522681
0.681113 0.464248
0.681521 0.330619
0.681648 0.464518
0.682026 0.806334
0.683338 0.8608
0.683489 0.400144
0.683969 0.470681
0.685598 0.838555
0.686372 0.856656
0.687328 0.921398
0.687765 0.257891
0.689288 0.857139
0.689781 0.145843
0.690646 0.685554
0.692006 0.538599
0.69253 0.357258
0.693569 0.821645
0.693803 0.739784
0.693862 0.731025
0.694078 0.37146
0.694279 0.75264
0.694671 0.338842
0.695004 0.939909
0.695038 0.498211
0.695413 0.806217
0.69546 0.593902
0.697557 0.841608
0.698131 0.486935
0.698487 0.477887
0.698544 0.428071
0.699302 0.17484
0.699666 0.29391
0.69983 0.0476883
0.701127 0.833123
0.701338 0.388118
0.701907 0.95292
0.703017 0.598994
0.703765 0.185846
0.704023 0.51238
0.704103 0.851425
0.704474 0.0963201
0.704503 0.58784
0.704522 0.90192
0.704551 0.386121
0.70464 0.882797
0.705034 0.514416
0.706285 0.527646
0.70709 0.0648626
0.707752 0.189546
0.708434 0.651843
0.709181 0.203922
0.709354 0.118329
0.709776 0.203072
0.709834 0.180092
0.709966 0.393867
0.710253 0.217689
0.711584 0.598749
0.711978 0.209182
0.712228 0.419839
0.712458 0.275038
0.712517 0.278183
0.713386 0.873329
0.713429 0.601392
0.714108 0.0138667
0.71439 0.755371
0.715595 0.0016402
0.715617 0.376758
0.716657 0.847507
0.717171 0.488578
0.717349 0.48524
0.717355 0.580065
0.718595 0.420238
0.718608 0.643955
0.719108 0.0394263
0.720312 0.28316
0.720737 0.423689
0.721268 0.355994
0.721513 0.470528
0.722387 0.163574
0.722809 0.24726
0.723984 0.994637
0.724184 0.363208
0.724236 0.227599
0.724301 0.324105
0.724447 0.779793
0.72454 0.347994
0.724953 0.28236
0.725183 0.152539
0.72594 0.867086
0.726568 0.436254
0.727176 0.643858
0.727659 0.761737
0.727942 0.514401
0.72839 0.0568531
0.728959 0.620371
0.729838 0.394529
0.730534 0.0794785
0.730597 0.144092
0.73075 0.711305
0.731493 0.208217
0.732999 0.508685
0.733151 0.0707175
0.733918 0.958071
0.735812 0.79758
0.736218 0.610576
0.737244 0.855581
0.737329 0.283291
0.737363 0.854037
0.738568 0.105761
0.739514 0.0112992
0.739911 0.685557
0.74043 0.410385
0.740725 0.364485
0.741264 0.415892
0.741946 0.885076
0.742427 0.968784
0.742925 0.338742
0.743205 0.0384297
0.744368 0.595783
0.744528 0.289533
0.744822 0.220576
0.745817 0.944549
0.74705 0.664541
0.747123 0.897217
0.747344 0.615103
0.747392 0.412132
0.748101 0.338995
0.748124 0.727347
0.748808 0.214806
0.748948 0.572085
0.749729 0.695505
0.751045 0.806751
0.752581 0.624308
0.752768 0.769514
0.752831 0.827248
0.753239 0.683265
0.753575 0.32873
0.754116 0.435321
0.754427 0.65
0.755245 0.407552
0.755474 0.25033
0.756323 0.521926
0.75645 0.651356
0.756521 0.841645
0.757659 0.968947
0.757989 0.518399
0.758106 0.479726
0.758392 0.291339
0.758573 0.332423
0.758645 0.55257
0.758942 0.546052
0.759982 0.0250029
0.761079 0.452988
0.761274 0.730225
0.761525 0.955776
0.762641 0.708289
0.763734 0.07097
0.765633 0.990848
0.766135 0.436323
0.766892 0.159948
0.767479 0.0113281
0.768176 0.730095
0.769567 0.113017
0.7711 0.885016
0.771724 0.359782
0.772231 0.882291
0.772248 0.166685
0.772675 0.341032
0.774558 0.993671
0.775133 0.659089
0.775356 0.408201
0.77628 0.944624
0.776351 0.130742
0.776411 0.135898
0.77681 0.847941
0.777212 0.598357
0.778212 0.413225
0.778282 0.579651
0.778915 0.229141
0.784668 0.915903
0.785047 0.278882
0.785172 0.391117
0.786217 0.954007
0.786263 0.715497
0.786613 0.601067
0.786699 0.047756
0.787082 0.486956
0.787316 0.42524
0.788409 0.798338
0.78857 0.488347
0.788891 0.894991
0.789087 0.180657
0.789371 0.958789
0.789393 0.326214
0.790087 0.984671
0.790889 0.469082
0.792311 0.373624
0.793006 0.0483438
0.794205 0.204954
0.795165 0.335712
0.79585 0.847417
0.795903 0.746682
0.796729 0.619939
0.796773 0.369502
0.797372 0.426872
0.797483 0.296208
0.797501 0.597656
0.798268 0.489408
0.798482 0.0926291
0.799065 0.882674
0.799735 0.15407
0.800032 0.136352
0.800314 0.877723
0.801603 0.5399
0.802729 0.46043
0.802972 0.54808
0.803118 0.00555952
0.80372 0.122042
0.803949 0.965353
0.804516 0.492924
0.805852 0.959738
0.806667 0.645827
0.808303 0.143197
0.808687 0.610243
0.808702 0.850567
0.80969 0.45309
0.809698 0.591962
0.809884 0.727362
0.810645 0.50495
0.813226 0.885106
0.81335 0.968846
0.81393 0.714898
0.814754 0.567361
0.815136 0.994305
0.815777 0.768726
0.815864 0.225417
0.8164 0.23637
0.817229 0.173897
0.81779 0.597683
0.818086 0.571568
0.819257 0.251826
0.819977 0.35263
0.820063 0.795843
0.820802 0.215939
0.821614 0.862772
0.8222 0.708587
0.823039 0.815234
0.823203 0.571219
0.823337 0.822623
0.823595 0.156976
0.824444 0.431945
0.825816 0.492639
0.825824 0.628051
0.82669 0.174791
0.826865 0.126928
0.826927 0.15644
0.827641 0.158342
0.827758 0.131753
0.827951 0.380831
0.828874 0.89239
0.828999 0.98131
0.82987 0.617255
0.831023 0.994805
0.832233 0.346801
0.834091 0.571784
0.834779 0.137185
0.835375 0.148458
0.835546 0.0237326
0.835779 0.940423
0.835889 0.786954
0.836311 0.886269
0.836492 0.926265
0.837433 0.736439
0.838015 0.512615
0.838129 0.439225
0.838229 0.109137
0.838404 0.0618776
0.839304 0.174878
0.83934 0.789115
0.840113 0.782187
0.840532 0.827102
0.840735 0.2417
0.842998 0.269323
0.843148 0.793875
0.843297 0.293273
0.843923 0.820781
0.844118 0.0892605
0.844631 0.712378
0.846494 0.0166416
0.846851 0.0317777
0.846966 0.95042
0.847213 0.107521
0.84754 0.609772
0.850195 0.233514
0.851289 0.609266
0.851334 0.373237
0.851348 0.613131
0.851625 0.258465
0.852098 0.210752
0.852354 0.514794
0.852935 0.273603
0.853375 0.671627
0.853856 0.752917
0.853878 0.122228
0.855278 0.665606
0.855593 0.947528
0.855949 0.926702
0.856187 0.941379
0.858502 0.847662
0.858527 0.25713
0.859031 0.72649
0.860107 0.813714
0.860312 0.261175
0.861877 0.566017
0.861995 0.550996
0.86217 0.485649
0.863761 0.236305
0.863964 0.642067
0.864437 0.589252
0.864992 0.928787
0.865763 0.878759
0.866638 0.576563
0.866939 0.641469
0.86728 0.374769
0.86752 0.400967
0.867659 0.740644
0.867838 0.745907
0.868316 0.786007
0.868863 0.972732
0.869763 0.102513
0.869847 0.525785
0.869951 0.272912
0.870077 0.388576
0.871472 0.827064
0.871479 0.942527
0.872361 0.775641
0.87289 0.660871
0.873962 0.684686
0.874423 0.421232
0.874556 0.669326
0.874921 0.793804
0.875135 0.400696
0.875913 0.465379
0.876321 0.333347
0.876814 0.619109
0.877131 0.947238
0.877285 0.523961
0.880877 0.891611
0.880903 0.339366
0.882041 0.460367
0.883245 0.694076
0.883875 0.283051
0.885136 0.486963
0.885559 0.587398
0.886357 0.995667
0.887114 0.733153
0.887167 0.61898
0.887845 0.00719301
0.888378 0.97161
0.888412 0.54173
0.888786 0.827768
0.889181 0.456938
0.89004 0.902443
0.890048 0.0357026
0.890586 0.0831107
0.891215 0.643473
0.891587 0.90687
0.892019 0.164943
0.89228 0.549236
0.892872 0.498422
0.892885 0.718922
0.893852 0.975895
0.894409 0.332092
0.896292 0.985937
0.896824 0.920011
0.897817 0.610683
0.897917 0.288555
0.898429 0.903235
0.898747 0.245976
0.898887 0.586804
0.898971 0.00286851
0.899189 0.669585
0.899611 0.766983
0.899772 0.466024
0.900003 0.352505
0.901062 0.146616
0.90308 0.0587046
0.90409 0.0404859
0.905061 0.360055
0.905572 0.956108
0.905753 0.985476
0.906404 0.93164
0.906735 0.489669
0.907538 0.984498
0.90809 0.275908
0.908649 0.662785
0.908682 0.22583
0.909185 0.676196
0.909211 0.10116
0.909254 0.823933
0.910457 0.0540485
0.910608 0.580416
0.910875 0.0833803
0.91232 0.363204
0.913271 0.352429
0.914699 0.34382
0.916194 0.475027
0.916439 0.587354
0.916449 0.754439
0.917305 0.151609
0.917928 0.609399
0.91873 0.102373
0.919777 0.685986
0.919964 0.836123
0.922781 0.187903
0.923842 0.0140639
0.923905 0.0648948
0.924546 0.848152
0.925149 0.979466
0.925239 0.488617
0.927798 0.504878
0.92863 0.489895
0.928887 0.804205
0.929731 0.992458
0.929759 0.467143
0.929765 0.567328
0.930637 0.21509
0.93069 0.114622
0.930789 0.769954
0.930901 0.659521
0.931187 0.465671
0.93144 0.719639
0.931571 0.918434
0.931735 0.675218
0.932329 0.646302
0.932365 0.255585
0.933234 0.857813
0.933492 0.192917
0.933743 0.415611
0.935903 0.714977
0.935987 0.138922
0.936617 0.721716
0.936805 0.881753
0.937406 0.981103
0.937838 0.249022
0.939488 0.975461
0.94125 0.591178
0.941642 0.179079
0.943024 0.397123
0.943774 0.0100057
0.943928 0.605175
0.943963 0.181587
0.944156 0.432316
0.944214 0.406551
0.94424 0.84568
0.944497 0.161892
0.944753 0.468132
0.945492 0.89168
0.945651 0.55389
0.946642 0.209538
0.946713 0.409532
0.946891 0.390533
0.947162 0.953596
0.9487 0.804117
0.948823 0.868158
0.949007 0.968691
0.949458 0.533707
0.949794 0.182436
0.949943 0.685935
0.950026 0.0842801
0.950636 0.332003
0.951801 0.918705
0.952874 0.947216
0.953792 0.380707
0.954266 0.341463
0.955126 0.80961
0.955651 0.623933
0.955762 0.488558
0.956256 0.791005
0.958157 0.742932
0.95855 0.345226
0.960297 0.714444
0.961023 0.911347
0.961665 0.699621
0.961738 0.926718
0.962188 0.489072
0.962482 0.435299
0.962584 0.14367
0.962757 0.0515103
0.962854 0.695157
0.96303 0.640173
0.96305 0.988415
0.964464 0.739763
0.965398 0.44137
0.965694 0.423441
0.966107 0.352814
0.966149 0.0659842
0.966879 0.333004
0.967362 0.446906
0.967625 0.874487
0.968447 0.694376
0.968802 0.653405
0.970579 0.520685
0.970796 0.163006
0.970907 0.0366627
0.971374 0.886996
0.971555 0.917382
0.97213 0.596723
0.972299 0.435879
0.972796 0.787695
0.973281 0.936769
0.973443 0.661433
0.973616 0.55744
0.974104 0.765236
0.975807 0.396004
0.97613 0.818778
0.97665 0.558484
0.977982 0.948052
0.977988 0.0504756
0.97891 0.54358
0.979538 0.0905906
0.980297 0.851274
0.980495 0.177544
0.981623 0.134716
0.982178 0.466809
0.982189 0.657389
0.982517 0.163693
0.982874 0.157651
0.983885 0.160689
0.984071 0.285218
0.985668 0.128303
0.986382 0.127583
0.986902 0.868213
0.989033 0.685326
0.98917 0.984149
0.98925 0.324352
0.990968 0.202598
0.991554 0.0525068
0.991801 0.203081
0.992397 0.209321
0.992533 0.508998
0.994428 0.358674
0.994615 0.496398
0.994932 0.829137
0.995242 0.0314346
0.995483 0.0844295
0.996222 0.495525
0.996276 0.403415
0.996751 0.394483
0.998456 0.0535667
0.998795 0.744769
