0.000390649 0.565643
0.00309095 0.949592
0.00359387 0.402102
0.00439518 0.86975
0.00504255 0.750227
0.00549618 0.374261
0.00573065 0.314971
0.00857318 0.0895157
0.0115716 0.483139
0.0194703 0.23659
0.0214124 0.878333
0.0257861 0.387436
0.0293249 0.863929
0.0452191 0.997353
0.0550222 0.757335
0.0579337 0.691012
0.0592292 0.465693
0.0626871 0.581713
0.0692682 0.191297
0.0758301 0.477315
0.0912255 0.227539
0.0947104 0.797042
0.0975939 0.260479
0.101972 0.843815
0.102089 0.806043
0.105029 0.214233
0.108489 0.373822
0.118419 0.268454
0.123903 0.440943
0.125542 0.976294
0.128601 0.399828
0.132122 0.576267
0.142075 0.850063
0.146941 0.631403
0.148416 0.428065
0.156345 0.697061
0.157334 0.315973
0.186289 0.956796
0.196226 0.970538
0.196636 0.862916
0.19964 0.348813
0.201549 0.433592
0.201716 0.239651
0.206119 0.242887
0.207823 0.881592
0.208259 0.204796
0.215075 0.760811
0.224247 0.919584
0.229199 0.143129
0.230075 0.865555
0.240366 0.834553
0.240573 0.306033
0.240646 0.54083
0.252704 0.193549
0.262035 0.0261391
0.263124 0.317428
0.267733 0.78813
0.271102 0.404617
0.27146 0.42891
0.286321 0.192662
0.290116 0.977149
0.292871 0.280352
0.292969 0.929556
0.295523 0.859672
0.311355 0.936348
0.313624 0.0804752
0.31944 0.836296
0.322337 0.521909
0.328609 0.923912
0.329774 0.510935
0.331706 0.975286
0.334277 0.188874
0.348028 0.308539
0.354405 0.491605
0.358901 0.0447603
0.360274 0.132636
0.363958 0.0455168
0.366291 0.254774
0.376193 0.672983
0.376995 0.151831
0.378291 0.943244
0.385531 0.612513
0.388175 0.0634808
0.401591 0.5424
0.404478 0.0599023
0.413208 0.784369
0.429088 0.687133
0.432653 0.599884
0.434892 0.222595
0.436222 0.58571
0.438043 0.189107
0.438812 0.11106
0.452107 0.56122
0.462729 0.0869879
0.466183 0.141993
0.473859 0.148608
0.480652 0.312788
0.480947 0.272006
0.489964 0.82013
0.490956 0.489326
0.491886 0.130348
0.494158 0.318859
0.500659 0.570333
0.507532 0.0938276
0.508082 0.330618
0.508421 0.0358301
0.509565 0.264859
0.510663 0.71648
0.528321 0.496174
0.54725 0.630485
0.555852 0.207639
0.556444 0.162389
0.558122 0.361439
0.565245 0.0776374
0.566543 0.894111
0.566812 0.404237
0.583257 0.8056
0.590001 0.146211
0.591542 0.0429072
0.593334 0.16024
0.597588 0.662043
0.603493 0.899482
0.606471 0.954365
0.606931 0.694808
0.620053 0.224269
0.629235 0.55534
0.630362 0.491428
0.638235 0.819672
0.640347 0.316006
0.64334 0.620878
0.652323 0.595658
0.657981 0.691664
0.660684 0.112037
0.666572 0.0771963
0.66769 0.871862
0.684943 0.837074
0.69325 0.449922
0.70019 0.0920011
0.70788 0.340122
0.708695 0.0330363
0.711405 0.575994
0.712112 0.473828
0.721004 0.917199
0.72792 0.1461
0.737145 0.192963
0.743298 0.603617
0.746865 0.554929
0.759235 0.464925
0.760465 0.127659
0.76619 0.347038
0.772633 0.647639
0.778499 0.227992
0.781473 0.215051
0.794318 0.108875
0.794776 0.805875
0.815198 0.0400953
0.81577 0.650125
0.822003 0.41129
0.825742 0.248786
0.833207 0.718055
0.841823 0.524325
0.844067 0.228274
0.846916 0.120081
0.850956 0.0254959
0.851892 0.751974
0.855732 0.283887
0.865772 0.0226548
0.868991 0.12381
0.870425 0.241134
0.873152 0.0715232
0.874113 0.22025
0.875876 0.844842
0.87635 0.821439
0.876902 0.0864745
0.878837 0.60687
0.881769 0.894119
0.88411 0.237121
0.884823 0.225577
0.901746 0.638559
0.905157 0.978869
0.906751 0.763843
0.911388 0.701676
0.91762 0.442775
0.918022 0.192494
0.922119 0.0615848
0.923913 0.2026
0.928537 0.915465
0.929081 0.0668696
0.931972 0.656421
0.939595 0.764499
0.943136 0.290056
0.956326 0.965093
0.959345 0.718902
0.961094 0.112272
0.96336 0.192207
0.977453 0.0516458
0.981369 0.86886
0.987521 0.259283
0.992959 0.66064
0.99788 0.371761
