0.00321914 0.104098
0.0123637 0.797382
0.0227274 0.980141
0.023474 0.527689
0.0290541 0.311988
0.0291272 0.540555
0.0397496 0.0719813
0.0413065 0.237858
0.0617473 0.786237
0.088676 0.376962
0.111175 0.510826
0.115948 0.732887
0.148493 0.725622
0.187636 0.596737
0.211794 0.616127
0.221213 0.928902
0.228337 0.662178
0.240964 0.878211
0.250726 0.947031
0.273417 0.317012
0.275348 0.770594
0.282173 0.483723
0.28849 0.65124
0.288709 0.332639
0.32784 0.0124615
0.346591 0.154431
0.354434 0.967253
0.357162 0.820933
0.374207 0.302871
0.383153 0.644286
0.384612 0.181159
0.389757 0.647873
0.41559 0.813234
0.423101 0.0518739
0.424314 0.441389
0.431431 0.0590458
0.440638 0.805494
0.444486 0.474775
0.449827 0.234011
0.458718 0.674611
0.46321 0.162533
0.472729 0.158855
0.488743 0.30414
0.502298 0.123723
0.507967 0.409143
0.510782 0.706819
0.512091 0.720948
0.51332 0.36702
0.516009 0.565461
0.518011 0.208885
0.525456 0.345189
0.533529 0.0242924
0.544986 0.585182
0.54719 0.626824
0.56706 0.575652
0.569399 0.883811
0.577041 0.320619
0.587793 0.032957
0.59367 0.803795
0.605344 0.0172278
0.622282 0.697825
0.630165 0.184357
0.632031 0.549682
0.651416 0.344397
0.651622 0.814288
0.65555 0.835034
0.682644 0.192756
0.686567 0.129753
0.686839 0.700235
0.692757 0.171729
0.693285 0.0346696
0.696418 0.688987
0.73563 0.737055
0.735949 0.0991747
0.736131 0.161797
0.737829 0.688851
0.740659 0.257187
0.74343 0.820092
0.754228 0.316178
0.75695 0.0652273
0.790158 0.185877
0.797826 0.0630678
0.80051 0.179238
0.807667 0.458841
0.820136 0.0222511
0.829046 0.782175
0.845013 0.138688
0.849437 0.49026
0.863762 0.250697
0.870751 0.714764
0.8718 0.338934
0.908952 0.757572
0.924011 0.856061
0.933097 0.563489
0.946474 0.3822
0.961583 0.331282
0.974908 0.275584
0.975647 0.705298
0.980936 0.591894
0.987787 0.728453
