5.83315e-05 0.980386
0.000217346 0.65295
0.000443382 0.451932
0.000612892 0.300887
0.000724461 0.176031
0.00265896 0.689179
0.00358362 0.229953
0.00459408 0.212791
0.00474742 0.789827
0.00589083 0.00722605
0.00707267 0.870316
0.00744684 0.159
0.00754047 0.73264
0.00876642 0.33731
0.00972781 0.49528
0.0103799 0.455711
0.0107035 0.893433
0.0113849 0.346151
0.0119503 0.847958
0.0120125 0.894829
0.0120781 0.996179
0.0137559 0.195448
0.0143085 0.483548
0.0153291 0.636234
0.0153589 0.137646
0.0161725 0.811745
0.0165914 0.852136
0.0167177 0.974428
0.0167256 0.106725
0.0167979 0.322857
0.016816 0.627075
0.0177224 0.861056
0.0188642 0.0514467
0.0190041 0.402551
0.0205511 0.402219
0.0212074 0.43268
0.0214252 0.0932923
0.021734 0.283811
0.0227633 0.582153
0.0230881 0.0416169
0.0233129 0.820313
0.0239448 0.439655
0.0239605 0.703459
0.0250068 0.289984
0.025144 0.595976
0.0255877 0.0517592
0.0256596 0.260683
0.027018 0.0910472
0.0270196 0.117735
0.0279932 0.481468
0.030164 0.965646
0.0302166 0.850886
0.030245 0.326949
0.0315749 0.679545
0.0317708 0.971582
0.0321812 0.869031
0.032609 0.0599463
0.0327499 0.428065
0.0329568 0.905133
0.0330643 0.711255
0.0334723 0.568446
0.0339116 0.951514
0.0340032 0.491172
0.0343143 0.720181
0.035539 0.303869
0.0361096 0.893558
0.0371613 0.569241
0.037922 0.354202
0.0394496 0.0293577
0.0410888 0.579109
0.0415959 0.101712
0.0418246 0.946408
0.0421943 0.159473
0.0429179 0.321048
0.0432935 0.633508
0.0434003 0.429378
0.0435367 0.722144
0.0438192 0.470144
0.0449837 0.0418353
0.0471998 0.287574
0.0480108 0.917571
0.0484874 0.927344
0.0484992 0.126196
0.0505574 0.718529
0.053012 0.972981
0.0552443 0.491585
0.057104 0.746387
0.0572572 0.321043
0.0574444 0.467643
0.0582507 0.0196505
0.0599567 0.692658
0.0602441 0.52314
0.06035 0.302668
0.0611357 0.507866
0.0628564 0.427076
0.0631804 0.873039
0.0652734 0.0492896
0.0671005 0.758671
0.067642 0.858962
0.0676503 0.999398
0.0680455 0.640292
0.0680967 0.500958
0.068414 0.834088
0.0686521 0.835194
0.0687028 0.68812
0.0692867 0.502004
0.0694559 0.34541
0.0696018 0.796926
0.0710026 0.341212
0.0721972 0.418932
0.0722463 0.244333
0.0731726 0.811952
0.073621 0.348299
0.0739426 0.752791
0.0748584 0.144872
0.0749684 0.994697
0.0750065 0.634502
0.0752576 0.855091
0.0754656 0.34969
0.0755028 0.975369
0.075585 0.357099
0.0770435 0.870039
0.0774264 0.304935
0.0783196 0.317476
0.0798631 0.259738
0.0800622 0.605746
0.0801352 0.833038
0.0801781 0.55405
0.0805857 0.404314
0.0817745 0.383172
0.0820647 0.260683
0.0824291 0.385326
0.0826229 0.643248
0.0826744 0.507975
0.0833007 0.0345829
0.0835023 0.423847
0.083939 0.763189
0.0841681 0.61298
0.085423 0.703824
0.0856127 0.893195
0.0864463 0.902247
0.0868999 0.526516
0.0870282 0.682939
0.0870304 0.719809
0.0871245 0.301464
0.0874925 0.486698
0.087849 0.478285
0.0880584 0.998312
0.0881653 0.794229
0.088233 0.932378
0.0900039 0.695521
0.0931448 0.484671
0.0932615 0.446757
0.0933967 0.71847
0.0946715 0.144581
0.0965186 0.187546
0.0970833 0.679351
0.0980416 0.785502
0.0990099 0.0592943
0.0995477 0.0978507
0.101358 0.517078
0.101934 0.205356
0.102059 0.30366
0.102111 0.174782
0.102847 0.548131
0.103935 0.840172
0.106001 0.563322
0.106273 0.129187
0.107196 0.640002
0.109072 0.176318
0.109275 0.581125
0.109608 0.178208
0.109686 0.487004
0.112167 0.195228
0.112204 0.815687
0.112687 0.938715
0.113423 0.299244
0.11349 0.421436
0.113663 0.340116
0.114178 0.994038
0.114321 0.399449
0.114337 0.654049
0.115059 0.789851
0.115681 0.250804
0.115743 0.284949
0.116896 0.677674
0.117963 0.601054
0.11845 0.785636
0.118706 0.091454
0.119242 0.0960675
0.120354 0.795979
0.120716 0.871574
0.121413 0.590811
0.121495 0.969574
0.121864 0.161688
0.12297 0.756273
0.123557 0.621286
0.123739 0.682602
0.123905 0.463303
0.124655 0.070856
0.126014 0.919612
0.126454 0.305545
0.126567 0.215562
0.126703 0.500424
0.127256 0.789119
0.127704 0.321217
0.128219 0.984546
0.128569 0.861836
0.12867 0.565003
0.129163 0.849715
0.129597 0.132121
0.129722 0.229807
0.130585 0.739919
0.131078 0.0285292
0.132871 0.159221
0.133314 0.602568
0.133878 0.0886832
0.133996 0.0660702
0.134243 0.228767
0.134892 0.136167
0.1353 0.991401
0.13748 0.629868
0.139375 0.471044
0.139424 0.296507
0.140813 0.644601
0.142499 0.986232
0.142911 0.906559
0.143994 0.114669
0.144505 0.699335
0.147101 0.331383
0.147864 0.154482
0.147967 0.888219
0.148506 0.9354
0.149506 0.747036
0.149711 0.201008
0.150887 0.957605
0.152183 0.746976
0.15547 0.987784
0.156592 0.847252
0.157442 0.122886
0.15785 0.991229
0.158034 0.079538
0.158228 0.333523
0.158822 0.324126
0.159341 0.0436799
0.161814 0.615992
0.161966 0.17044
0.162549 0.958364
0.163034 0.118567
0.163696 0.233702
0.163869 0.141464
0.164322 0.76225
0.164345 0.143324
0.165651 0.102574
0.166357 0.968266
0.166718 0.0270964
0.16673 0.237626
0.167555 0.104277
0.167611 0.0442163
0.168714 0.58368
0.169505 0.866766
0.170421 0.267542
0.17056 0.594862
0.171025 0.418304
0.171039 0.652915
0.17108 0.338529
0.17215 0.324871
0.172434 0.100835
0.172762 0.604213
0.172825 0.67234
0.173836 0.663951
0.174092 0.972234
0.174367 0.585926
0.174719 0.507122
0.174771 0.368218
0.174996 0.154741
0.17515 0.745794
0.175176 0.181229
0.175429 0.433663
0.175633 0.860964
0.175711 0.169634
0.176162 0.762919
0.178738 0.0444624
0.180789 0.513014
0.181167 0.872393
0.18186 0.519431
0.182672 0.164682
0.182675 0.218097
0.184809 0.0901277
0.185273 0.88977
0.185403 0.0632465
0.18601 0.265733
0.186568 0.652829
0.18913 0.706234
0.189417 0.539416
0.189805 0.0599165
0.192151 0.476314
0.195776 0.407283
0.195856 0.752691
0.196159 0.85049
0.196163 0.906785
0.197463 0.758345
0.198873 0.455088
0.199031 0.115874
0.199884 0.458329
0.200467 0.257132
0.20114 0.566407
0.20142 0.266439
0.201878 0.963392
0.201966 0.438897
0.201993 0.897076
0.202609 0.255863
0.202812 0.65574
0.203977 0.241041
0.206499 0.621918
0.207547 0.242519
0.209724 0.831015
0.209758 0.398512
0.210148 0.956752
0.211363 0.382887
0.212958 0.189751
0.215591 0.439291
0.21565 0.437404
0.215673 0.811747
0.216522 0.0843053
0.216972 0.650886
0.219178 0.73292
0.219554 0.04502
0.22228 0.853816
0.222507 0.676082
0.222823 0.993074
0.223622 0.41158
0.224817 0.5045
0.224822 0.584399
0.225124 0.659275
0.226238 0.382001
0.227306 0.329783
0.22893 0.62758
0.230385 0.0859777
0.230704 0.448426
0.230907 0.847747
0.231813 0.0865017
0.232148 0.707964
0.233113 0.922862
0.234587 0.708731
0.234719 0.92638
0.234746 0.380028
0.235492 0.912424
0.236572 0.0696789
0.237309 0.457107
0.238805 0.588824
0.240329 0.202472
0.241193 0.735492
0.241376 0.810073
0.241868 0.0721675
0.242255 0.579316
0.243724 0.272231
0.244702 0.704312
0.244999 0.700963
0.245778 0.791591
0.245831 0.689683
0.245929 0.325989
0.246539 0.579166
0.247077 0.6245
0.249454 0.567503
0.250074 0.995882
0.25067 0.0122256
0.250964 0.945765
0.251096 0.17488
0.251496 0.890664
0.252395 0.00795322
0.253236 0.135865
0.254492 0.252137
0.255705 0.629936
0.2559 0.915962
0.25614 0.937714
0.256723 0.735194
0.256859 0.0251426
0.257149 0.898012
0.257507 0.913587
0.258051 0.0651559
0.258783 0.371715
0.261141 0.00456593
0.261435 0.939248
0.261837 0.699157
0.262525 0.262547
0.26433 0.590245
0.264411 0.955805
0.264622 0.498959
0.265645 0.697179
0.265664 0.0136302
0.265689 0.429124
0.265707 0.733163
0.271371 0.937392
0.272124 0.581189
0.272344 0.280174
0.272899 0.606545
0.273131 0.510354
0.273556 0.650139
0.274214 0.712321
0.275339 0.626135
0.277482 0.645583
0.278729 0.591264
0.279742 0.616552
0.280301 0.019543
0.280406 0.775569
0.28203 0.0851444
0.284401 0.930756
0.284716 0.226445
0.285301 0.0615849
0.287554 0.921192
0.288732 0.716538
0.289436 0.545789
0.29026 0.408082
0.291119 0.838451
0.291227 0.660657
0.291637 0.548026
0.291701 0.613844
0.293137 0.754797
0.295301 0.129233
0.296113 0.766971
0.296532 0.818914
0.29661 0.118208
0.299441 0.697446
0.301237 0.882312
0.301243 0.988579
0.301979 0.352904
0.302135 0.981132
0.302675 0.0606514
0.303478 0.549978
0.304349 0.192982
0.306254 0.219142
0.30626 0.305811
0.307106 0.535787
0.309022 0.730629
0.30955 0.599541
0.31045 0.735512
0.310988 0.776455
0.311303 0.0706733
0.311469 0.86421
0.315081 0.573865
0.315166 0.992433
0.318645 0.469656
0.319084 0.848208
0.319271 0.983271
0.319877 0.170074
0.320269 0.755322
0.320517 0.921322
0.322703 0.675791
0.324863 0.965562
0.325405 0.0756432
0.32644 0.482482
0.327889 0.826834
0.328692 0.328323
0.329066 0.61811
0.330422 0.398073
0.330801 0.771703
0.330804 0.828351
0.332149 0.422499
0.332266 0.399957
0.333133 0.968297
0.334456 0.205877
0.334708 0.435121
0.335505 0.83529
0.339045 0.332367
0.339319 0.926195
0.341116 0.128999
0.341868 0.775629
0.341896 0.238528
0.342606 0.181661
0.34269 0.5864
0.343348 0.649897
0.344107 0.411895
0.344485 0.767142
0.345234 0.345902
0.346103 0.960324
0.346488 0.42287
0.347308 0.211164
0.348291 0.726345
0.348733 0.160824
0.35074 0.895465
0.350745 0.965496
0.351002 0.284407
0.351888 0.173464
0.35562 0.899333
0.355945 0.373385
0.356182 0.343311
0.357236 0.0629544
0.358443 0.355564
0.35887 0.533855
0.360394 0.137939
0.360562 0.969308
0.361186 0.457512
0.361251 0.539187
0.362084 0.552856
0.362253 0.388327
0.363209 0.446487
0.36354 0.0194016
0.363608 0.157395
0.364215 0.368326
0.365193 0.803192
0.365924 0.0788057
0.366945 0.242918
0.367559 0.572043
0.367617 0.544829
0.368349 0.833199
0.36922 0.483724
0.372251 0.418283
0.373556 0.354634
0.374434 0.104968
0.374656 0.850606
0.374911 0.124899
0.374939 0.593112
0.375132 0.846017
0.375502 0.0549183
0.376268 0.937451
0.377228 0.0662596
0.380094 0.244512
0.380491 0.914927
0.381024 0.870915
0.381853 0.806102
0.382709 0.191657
0.382812 0.926599
0.383441 0.499813
0.38372 0.187597
0.38398 0.550492
0.386051 0.357244
0.386458 0.203502
0.386765 0.360367
0.387431 0.55706
0.388656 0.146038
0.389102 0.631264
0.389778 0.999285
0.389926 0.47806
0.391338 0.216338
0.393816 0.87265
0.393819 0.922269
0.397716 0.409774
0.398773 0.17701
0.399665 0.171347
0.399955 0.0508693
0.400693 0.45075
0.401434 0.895514
0.402971 0.727996
0.403191 0.436521
0.403524 0.0310285
0.404506 0.538242
0.405055 0.757901
0.405352 0.754372
0.407393 0.0530443
0.408327 0.749243
0.408332 0.833024
0.408343 0.0160045
0.409172 0.956521
0.410926 0.428914
0.411404 0.473881
0.413377 0.627172
0.41341 0.178618
0.41357 0.867806
0.414804 0.609523
0.415765 0.761107
0.416282 0.456305
0.41718 0.549888
0.420462 0.699487
0.420559 0.332733
0.42118 0.768641
0.424247 0.32646
0.424361 0.239163
0.424643 0.96726
0.424697 0.875823
0.4257 0.739865
0.427734 0.918128
0.42822 0.100785
0.428993 0.0785563
0.4296 0.285496
0.430036 0.607831
0.430133 0.248324
0.431332 0.395801
0.432973 0.984637
0.433008 0.557082
0.435415 0.0219073
0.435597 0.0742226
0.437422 0.747384
0.437439 0.0292192
0.438125 0.572566
0.441914 0.241677
0.442332 0.273982
0.442741 0.153463
0.445483 0.233333
0.445483 0.236502
0.44617 0.771569
0.447736 0.106112
0.448009 0.681595
0.448158 0.193453
0.448236 0.510865
0.449714 0.339834
0.449865 0.877127
0.450756 0.853699
0.450956 0.212557
0.451294 0.898141
0.452968 0.0333199
0.453276 0.202285
0.453551 0.83519
0.456027 0.450586
0.459006 0.514164
0.459223 0.152815
0.459686 0.948568
0.465944 0.114191
0.46665 0.991435
0.467556 0.220587
0.467698 0.59974
0.46822 0.368397
0.469319 0.845601
0.469976 0.885094
0.471841 0.232341
0.472246 0.0448037
0.472343 0.664901
0.472661 0.0100611
0.473045 0.466041
0.473404 0.499804
0.474282 0.251743
0.4754 0.0535932
0.475732 0.625522
0.476722 0.259077
0.477063 0.00296658
0.477725 0.128041
0.478055 0.667396
0.48001 0.520796
0.481015 0.41554
0.481074 0.406069
0.481908 0.420428
0.482372 0.232616
0.483189 0.958205
0.483984 0.318052
0.484577 0.278249
0.484766 0.462447
0.484784 0.765914
0.485082 0.77213
0.485818 0.14947
0.485895 0.429441
0.486682 0.670977
0.487362 0.0883664
0.487376 0.330193
0.487768 0.913821
0.487952 0.0159045
0.488635 0.481872
0.489104 0.371541
0.490425 0.575295
0.491578 0.949605
0.492495 0.367897
0.49262 0.463939
0.492805 0.569826
0.494686 0.17942
0.495144 0.881397
0.495496 0.806256
0.496114 0.191817
0.496389 0.803122
0.498017 0.164695
0.498975 0.267787
0.499336 0.335391
0.499511 0.277229
0.500866 0.0545072
0.501736 0.679596
0.502132 0.332316
0.503941 0.736774
0.503976 0.319408
0.504998 0.500981
0.509733 0.0907969
0.511686 0.904251
0.511696 0.0770416
0.512247 0.339941
0.513272 0.566742
0.513458 0.68494
0.514095 0.399153
0.514507 0.314103
0.515695 0.280024
0.515868 0.18716
0.515927 0.188106
0.516049 0.240884
0.516115 0.34538
0.517231 0.102394
0.517386 0.699621
0.517754 0.892846
0.517989 0.834918
0.519337 0.497109
0.519935 0.542841
0.521739 0.866125
0.521977 0.860641
0.522392 0.839062
0.523839 0.167957
0.525253 0.924079
0.525871 0.308223
0.528854 0.447146
0.52909 0.421134
0.529279 0.593842
0.529361 0.964662
0.529537 0.935426
0.529963 0.086466
0.530333 0.314589
0.532835 0.350997
0.534217 0.584231
0.535073 0.972268
0.535248 0.920641
0.537697 0.0740226
0.538015 0.420294
0.538776 0.205396
0.539072 0.183898
0.539934 0.672307
0.5401 0.462518
0.54142 0.653444
0.541855 0.949483
0.543599 0.263932
0.54465 0.928251
0.544659 0.0921114
0.544975 0.393537
0.54503 0.3214
0.545697 0.528127
0.545989 0.433695
0.546964 0.831324
0.54752 0.161092
0.547743 0.916075
0.54863 0.826482
0.548667 0.445462
0.549385 0.507219
0.549783 0.196644
0.551587 0.523215
0.552001 0.481796
0.553327 0.774098
0.553705 0.125306
0.553831 0.245125
0.555947 0.806707
0.556024 0.0922504
0.556239 0.703376
0.556599 0.757738
0.556801 0.162718
0.558267 0.791597
0.558951 0.288839
0.559541 0.198588
0.559676 0.473846
0.560223 0.660728
0.560483 0.0347763
0.561269 0.240796
0.565745 0.470276
0.566857 0.170845
0.567131 0.77257
0.568414 0.338616
0.568435 0.680542
0.57024 0.0271873
0.570989 0.615214
0.57209 0.121885
0.572343 0.374092
0.574538 0.265061
0.574613 0.52243
0.575214 0.620716
0.575856 0.413576
0.576397 0.505634
0.576488 0.0403691
0.577411 0.541362
0.579254 0.525355
0.579513 0.880292
0.580194 0.327781
0.580462 0.819499
0.581267 0.355948
0.581832 0.85356
0.58208 0.0215243
0.582343 0.440018
0.583138 0.791828
0.583889 0.422523
0.583956 0.548276
0.585151 0.626592
0.585185 0.200413
0.58671 0.84226
0.587128 0.854069
0.587176 0.671079
0.587878 0.472798
0.589417 0.338502
0.589489 0.541626
0.590186 0.261105
0.590299 0.149585
0.590506 0.629095
0.591277 0.588568
0.593479 0.603624
0.593483 0.670759
0.594507 0.882745
0.594784 0.543465
0.597314 0.0489463
0.597327 0.277648
0.59848 0.660787
0.598743 0.0768626
0.599067 0.516447
0.599838 0.470756
0.602091 0.350563
0.602441 0.22952
0.604327 0.931958
0.60457 0.00578714
0.605 0.23214
0.605183 0.317295
0.606173 0.950912
0.607162 0.566975
0.607206 0.319473
0.607875 0.559407
0.608199 0.00293604
0.608271 0.218363
0.610573 0.904474
0.613989 0.309116
0.614109 0.323968
0.615175 0.254736
0.615539 0.360994
0.618582 0.504173
0.619544 0.680863
0.619913 0.872625
0.620845 0.534317
0.621319 0.505161
0.621511 0.727966
0.62223 0.817335
0.622822 0.763163
0.62435 0.452469
0.625381 0.777304
0.625745 0.896765
0.626362 0.271385
0.627421 0.0678988
0.628291 0.692025
0.628566 0.300724
0.628894 0.822415
0.630681 0.850989
0.632255 0.315817
0.632501 0.446645
0.633761 0.621099
0.63513 0.636964
0.635234 0.375717
0.63538 0.832532
0.636309 0.45265
0.637803 0.559228
0.638236 0.826974
0.638291 0.762546
0.640364 0.597497
0.640594 0.467096
0.64088 0.273841
0.641254 0.562712
0.642686 0.623327
0.64377 0.833598
0.644172 0.591448
0.645121 0.547701
0.646414 0.275972
0.647047 0.915044
0.64815 0.459963
0.648596 0.945056
0.649314 0.0203607
0.650552 0.821168
0.650624 0.0371583
0.650858 0.977367
0.651382 0.781994
0.651697 0.0770569
0.65177 0.295701
0.653134 0.227205
0.654656 0.797261
0.655715 0.610202
0.655877 0.325514
0.659419 0.852002
0.661156 0.0560992
0.66149 0.665688
0.661973 0.775239
0.662524 0.0482894
0.663042 0.738987
0.663403 0.820593
0.663927 0.627144
0.664922 0.346476
0.665802 0.133735
0.666618 0.849377
0.667795 0.629625
0.667839 0.366556
0.668205 0.518842
0.668783 0.230106
0.668978 0.518981
0.66966 0.970908
0.669785 0.0772659
0.671687 0.0437972
0.671737 0.876758
0.671813 0.16299
0.671897 0.577442
0.67242 0.362275
0.672874 0.992375
0.673301 0.171003
0.673617 0.488238
0.674105 0.689138
0.675651 0.663981
0.67609 0.0497257
0.677169 0.175652
0.677384 0.78522
0.678619 0.552765
0.680618 0.152213
0.681172 0.450715
0.681181 0.614489
0.682967 0.634086
0.683025 0.593771
0.683118 0.159468
0.685656 0.815262
0.687324 0.857863
0.690396 0.49361
0.690768 0.745314
0.691034 0.215172
0.69158 0.387842
0.691616 0.997547
0.692492 0.705917
0.694085 0.478893
0.694195 0.337546
0.69479 0.342142
0.697566 0.983993
0.698207 0.765255
0.698369 0.489747
0.699561 0.527177
0.701109 0.53882
0.701258 0.0466079
0.701463 0.487049
0.704406 0.956895
0.710048 0.771269
0.710777 0.0318317
0.711322 0.181601
0.711619 0.178918
0.712746 0.118935
0.71319 0.586989
0.716836 0.858437
0.718279 0.11439
0.718791 0.724962
0.719603 0.371997
0.720544 0.185169
0.720931 0.688294
0.723087 0.93153
0.72505 0.9085
0.725406 0.899546
0.726076 0.153529
0.726134 0.135253
0.726188 0.0332976
0.727766 0.559931
0.730214 0.713454
0.73068 0.536011
0.731772 0.900399
0.732041 0.407503
0.732542 0.831275
0.733424 0.65045
0.733772 0.497312
0.735154 0.735876
0.735949 0.0919353
0.736467 0.801127
0.737239 0.769436
0.73846 0.300703
0.738854 0.914008
0.739052 0.241624
0.739617 0.73872
0.739696 0.0726305
0.740634 0.829022
0.740845 0.381904
0.740906 0.405068
0.741002 0.0155003
0.741235 0.943508
0.741653 0.955426
0.741729 0.233292
0.743384 0.0607465
0.743672 0.896997
0.74401 0.573525
0.744252 0.645068
0.744372 0.662988
0.744569 0.978637
0.745108 0.0256774
0.74524 0.247991
0.746015 0.270114
0.746985 0.584095
0.747737 0.21004
0.74783 0.775501
0.748041 0.330685
0.748425 0.77444
0.748688 0.196111
0.74924 0.480823
0.749496 0.77343
0.751311 0.279083
0.75205 0.712233
0.752145 0.305854
0.754685 0.984235
0.755164 0.0461628
0.755299 0.308876
0.755767 0.173774
0.75585 0.570891
0.757201 0.275556
0.757636 0.592968
0.757918 0.322741
0.758415 0.68056
0.75902 0.844947
0.759331 0.0808507
0.759752 0.159356
0.760758 0.0558294
0.760992 0.987688
0.761713 0.102688
0.762951 0.923875
0.763043 0.464895
0.763254 0.0126272
0.765546 0.534494
0.766893 0.176869
0.767415 0.942575
0.767745 0.493286
0.768439 0.157136
0.768578 0.491163
0.769774 0.589021
0.770511 0.979595
0.772253 0.251163
0.77257 0.580576
0.772574 0.658378
0.772702 0.804197
0.772816 0.71034
0.773205 0.25594
0.773364 0.937003
0.774562 0.0625746
0.775488 0.622837
0.775673 0.739688
0.776141 0.598247
0.776184 0.330866
0.776686 0.762675
0.779154 0.245046
0.781307 0.425514
0.783188 0.0438033
0.783379 0.250142
0.785913 0.840312
0.785937 0.240787
0.786783 0.463163
0.787182 0.165971
0.792219 0.827892
0.792775 0.177461
0.793125 0.0450619
0.794053 0.648643
0.796001 0.38806
0.797315 0.47207
0.797838 0.270005
0.798188 0.138279
0.802467 0.0565628
0.802674 0.548603
0.80339 0.576269
0.80439 0.3912
0.806802 0.928904
0.807115 0.189563
0.807983 0.768782
0.808781 0.189182
0.809089 0.35817
0.80942 0.913319
0.809424 0.984993
0.810178 0.65446
0.812901 0.430597
0.813623 0.558988
0.814272 0.467522
0.814353 0.835008
0.814939 0.676855
0.815672 0.00614177
0.81568 0.135339
0.815988 0.307763
0.817439 0.69156
0.8194 0.655069
0.821208 0.0360566
0.821308 0.723422
0.821771 0.501471
0.822378 0.698275
0.822861 0.823831
0.823376 0.4805
0.823584 0.979145
0.824562 0.409582
0.826934 0.2816
0.827737 0.778291
0.828689 0.781885
0.82936 0.0598713
0.829628 0.552434
0.83051 0.373621
0.831384 0.0780383
0.832915 0.803846
0.833342 0.980799
0.833507 0.751013
0.834066 0.150115
0.836566 0.1619
0.837301 0.524418
0.837543 0.5843
0.837907 0.708661
0.838634 0.919542
0.838944 0.134651
0.840225 0.668108
0.843053 0.188194
0.843441 0.715754
0.843663 0.4493
0.843923 0.808611
0.843945 0.191187
0.844118 0.0987226
0.844201 0.493953
0.844411 0.0215793
0.846277 0.376456
0.846443 0.1758
0.84652 0.456585
0.846857 0.130656
0.847134 0.787299
0.847416 0.52093
0.847561 0.959477
0.84832 0.716859
0.85391 0.670011
0.854843 0.346722
0.856172 0.683923
0.856202 0.188239
0.856818 0.536029
0.85715 0.117217
0.857474 0.573018
0.857714 0.601367
0.858539 0.464372
0.858897 0.489291
0.859263 0.630017
0.859491 0.47296
0.859964 0.410143
0.860752 0.652038
0.861632 0.440761
0.861647 0.701372
0.862032 0.179571
0.864113 0.152484
0.86482 0.0321302
0.865989 0.682476
0.865993 0.741886
0.866491 0.113581
0.866545 0.015633
0.868494 0.772886
0.870388 0.607081
0.870905 0.296644
0.871361 0.962612
0.871478 0.938293
0.872876 0.426557
0.874213 0.902004
0.874801 0.772316
0.875151 0.663098
0.876226 0.734036
0.876314 0.21189
0.8765 0.337147
0.877728 0.982491
0.877815 0.43609
0.878051 0.409757
0.878139 0.88383
0.878525 0.377322
0.878872 0.198614
0.879266 0.820082
0.881084 0.382767
0.881106 0.74242
0.881762 0.769179
0.881888 0.895776
0.882339 0.47635
0.883841 0.714927
0.884289 0.238346
0.884501 0.812555
0.885541 0.289753
0.885959 0.311274
0.886173 0.908258
0.887032 0.348386
0.887245 0.932793
0.888898 0.710049
0.890468 0.0875352
0.890982 0.741465
0.891946 0.928744
0.892209 0.356051
0.89282 0.6188
0.893313 0.907982
0.89357 0.227825
0.894315 0.748121
0.895977 0.690702
0.896861 0.544462
0.899561 0.927221
0.901251 0.318385
0.902887 0.828652
0.90371 0.654795
0.906782 0.28781
0.906931 0.792882
0.90719 0.148969
0.907286 0.75973
0.907861 0.420404
0.909741 0.014823
0.910042 0.0768482
0.910253 0.616073
0.911332 0.76497
0.912547 0.172689
0.912567 0.511978
0.913962 0.962551
0.915641 0.179437
0.916177 0.193536
0.916263 0.637799
0.916805 0.735484
0.917551 0.275299
0.917632 0.641345
0.917801 0.482795
0.918057 0.776701
0.919506 0.136526
0.919528 0.514852
0.919821 0.437365
0.920871 0.0856081
0.920916 0.830843
0.92408 0.014489
0.924123 0.736761
0.925159 0.141652
0.928043 0.626698
0.928613 0.191194
0.930809 0.107591
0.932405 0.936001
0.933003 0.973985
0.933024 0.339711
0.933123 0.99736
0.933134 0.186335
0.933415 0.904775
0.933662 0.0544727
0.934197 0.0514398
0.934295 0.702545
0.934579 0.471058
0.935866 0.106845
0.93641 0.240499
0.936745 0.87086
0.938093 0.524442
0.938516 0.641782
0.940944 0.44664
0.941184 0.474449
0.941352 0.299518
0.94339 0.558299
0.943755 0.687051
0.945797 0.00647023
0.945947 0.535616
0.947521 0.989621
0.947552 0.50134
0.948395 0.67459
0.948666 0.230186
0.948806 0.582762
0.948902 0.199431
0.950812 0.288868
0.952542 0.374606
0.953955 0.122894
0.954118 0.869895
0.954536 0.884114
0.955969 0.971707
0.956472 0.418871
0.957359 0.337121
0.957453 0.916286
0.958026 0.539942
0.958942 0.945821
0.960481 0.80024
0.960764 0.565286
0.960877 0.463478
0.96099 0.364949
0.961982 0.0235716
0.961986 0.104762
0.963447 0.653203
0.96383 0.0871826
0.964508 0.488442
0.965951 0.730495
0.966223 0.310565
0.966352 0.481858
0.967961 0.518559
0.968052 0.0579747
0.969 0.986421
0.969469 0.861102
0.969939 0.772567
0.97044 0.191761
0.970745 0.317391
0.97094 0.581002
0.971592 0.552218
0.971891 0.566409
0.972502 0.843582
0.972568 0.946622
0.974487 0.211166
0.97523 0.695227
0.975286 0.640214
0.975498 0.190827
0.975713 0.802148
0.976052 0.49764
0.977398 0.123986
0.97741 0.33731
0.977559 0.841036
0.977827 0.342067
0.977998 0.214399
0.97811 0.102503
0.978195 0.524304
0.978605 0.417707
0.979849 0.317799
0.980593 0.833604
0.981239 0.677797
0.981259 0.0275735
0.981693 0.321781
0.982792 0.777792
0.983579 0.0170425
0.983677 0.664376
0.984305 0.218094
0.985092 0.4489
0.987145 0.947121
0.987248 0.673532
0.98731 0.714807
0.987864 0.038329
0.988385 0.787873
0.99006 0.938502
0.991936 0.471859
0.992836 0.59602
0.994134 0.40772
0.995928 0.564114
0.996426 0.931857
0.996487 0.957675
0.996728 0.00499542
0.996812 0.418923
0.998688 0.943335
0.998985 0.941599
