0.00386029 0.879944
0.0048928 0.233282
0.00551301 0.6572
0.00573736 0.427843
0.00575459 0.717363
0.00728091 0.370324
0.00863575 0.141082
0.00910839 0.0846358
0.0111236 0.953844
0.0142901 0.173616
0.0158283 0.0270567
0.0179251 0.266317
0.0182894 0.390733
0.0194544 0.97065
0.0196003 0.422197
0.0212561 0.251929
0.0217614 0.744447
0.0228022 0.237142
0.0228225 0.57701
0.0231168 0.52326
0.0237188 0.641464
0.0247736 0.369082
0.027954 0.822347
0.0280375 0.225975
0.0293403 0.122043
0.0307135 0.201998
0.03314 0.984308
0.0334024 0.394851
0.0371138 0.772141
0.038419 0.708053
0.0385047 0.147823
0.0417713 0.050093
0.0450555 0.247675
0.0457354 0.675004
0.049994 0.248865
0.0507232 0.504662
0.0526793 0.380766
0.0548371 0.646361
0.0576837 0.490435
0.0590944 0.200006
0.0604859 0.586919
0.0609815 0.91643
0.0611819 0.283616
0.0617538 0.895415
0.0624677 0.89529
0.0630548 0.761759
0.0666884 0.83156
0.0668611 0.734086
0.0670343 0.645699
0.0672319 0.966247
0.0689079 0.134916
0.0708617 0.973078
0.0729383 0.874153
0.0762034 0.750901
0.0767838 0.505422
0.0769929 0.0199702
0.0774064 0.970068
0.0790605 0.769832
0.0791721 0.645257
0.0793815 0.164439
0.0807742 0.571568
0.0828933 0.187825
0.0838604 0.441393
0.0846125 0.0819738
0.088528 0.890649
0.0888111 0.648714
0.0898485 0.0841429
0.092448 0.773002
0.0934681 0.918182
0.0965607 0.895245
0.0981005 0.775115
0.0990432 0.619232
0.0993543 0.847951
0.09976 0.667051
0.100232 0.603819
0.100462 0.456826
0.100525 0.521651
0.103722 0.25506
0.104332 0.515603
0.104763 0.746471
0.105132 0.950481
0.105811 0.368692
0.106106 0.324568
0.106298 0.545339
0.107932 0.0174521
0.111997 0.332734
0.113125 0.290994
0.116815 0.317068
0.119439 0.417743
0.122618 0.837339
0.124627 0.604029
0.126895 0.71894
0.127051 0.344014
0.127936 0.217809
0.13091 0.199218
0.131534 0.684331
0.132759 0.273004
0.132888 0.445604
0.134342 0.879826
0.139159 0.849517
0.139513 0.799632
0.140134 0.239938
0.142981 0.0826192
0.143209 0.906662
0.14442 0.270663
0.148205 0.88405
0.148664 0.60409
0.14891 0.725354
0.149296 0.224637
0.152609 0.905889
0.154262 0.676485
0.155326 0.567996
0.15607 0.0731014
0.161649 0.83313
0.162943 0.586148
0.164834 0.358218
0.165401 0.902725
0.169844 0.57496
0.170254 0.462431
0.171137 0.304357
0.172262 0.205477
0.172786 0.0105263
0.173273 0.191023
0.173385 0.0787199
0.174249 0.610855
0.175482 0.329219
0.175711 0.170002
0.178707 0.522757
0.179732 0.763935
0.180224 0.0286749
0.18028 0.973005
0.180578 0.973397
0.183105 0.43797
0.183308 0.85904
0.18568 0.725329
0.186922 0.596659
0.187966 0.144607
0.188102 0.427332
0.1886 0.808051
0.189566 0.0297433
0.19249 0.182301
0.194773 0.550959
0.195368 0.55165
0.201575 0.870147
0.202421 0.0821452
0.203823 0.657736
0.204664 0.782423
0.205449 0.978065
0.20602 0.575667
0.207929 0.658467
0.211193 0.521824
0.212399 0.789147
0.212536 0.0932141
0.214533 0.65015
0.219463 0.516921
0.221308 0.529583
0.223126 0.0771698
0.224342 0.513957
0.224467 0.608739
0.225377 0.910003
0.225657 0.614504
0.225873 0.247254
0.225951 0.553225
0.226095 0.983594
0.227827 0.0819569
0.230187 0.748055
0.232926 0.795547
0.234576 0.511366
0.235533 0.610426
0.238966 0.302226
0.239969 0.160421
0.240635 0.345484
0.243435 0.408299
0.245161 0.421652
0.247202 0.731844
0.248072 0.337704
0.248761 0.920918
0.250277 0.408789
0.251581 0.313678
0.254454 0.610539
0.257317 0.731831
0.257993 0.0912112
0.259912 0.3373
0.260182 0.878019
0.260627 0.354941
0.261097 0.251974
0.262088 0.91667
0.262515 0.0815314
0.264634 0.695268
0.268197 0.588516
0.268265 0.724349
0.268347 0.108113
0.269302 0.158995
0.271213 0.277546
0.273717 0.355276
0.278959 0.466185
0.282289 0.429304
0.282332 0.150699
0.282564 0.0605265
0.283208 0.883941
0.283467 0.230691
0.284824 0.0352284
0.28535 0.882422
0.286798 0.215551
0.288612 0.699753
0.289361 0.295026
0.290155 0.638673
0.292208 0.135814
0.295138 0.388525
0.297878 0.437035
0.298684 0.988252
0.299853 0.635436
0.301035 0.490145
0.301129 0.0762759
0.304172 0.219329
0.3049 0.461109
0.308215 0.161528
0.309133 0.600591
0.309251 0.577477
0.310385 0.637527
0.313194 0.848033
0.31374 0.0355179
0.314094 0.984122
0.314539 0.449766
0.315623 0.669092
0.317043 0.537843
0.319022 0.794544
0.319169 0.2816
0.321739 0.465971
0.324822 0.287391
0.325389 0.819971
0.32662 0.507194
0.328508 0.22876
0.328654 0.681763
0.329002 0.531466
0.333795 0.0958133
0.334091 0.0631786
0.334373 0.807164
0.334666 0.730748
0.338491 0.0189558
0.33882 0.544232
0.338953 0.782049
0.339436 0.904451
0.340507 0.901429
0.340601 0.486879
0.341041 0.876154
0.341956 0.257075
0.342411 0.902295
0.344761 0.405933
0.345322 0.833327
0.347088 0.50004
0.348232 0.738751
0.351793 0.581698
0.351814 0.942603
0.352127 0.193181
0.353438 0.2404
0.355595 0.492589
0.35688 0.0797421
0.35987 0.340513
0.360184 0.610282
0.361392 0.921072
0.362829 0.0747812
0.363437 0.28032
0.367757 0.885234
0.37026 0.956892
0.371451 0.985533
0.372068 0.343577
0.372526 0.04409
0.37254 0.274584
0.3763 0.474731
0.376857 0.833284
0.382801 0.728208
0.382893 0.284427
0.383661 0.187379
0.384628 0.444297
0.385326 0.174413
0.388123 0.1777
0.389072 0.136207
0.389593 0.89656
0.390056 0.678937
0.394899 0.0694048
0.395275 0.39308
0.396254 0.840171
0.397574 0.0233968
0.400007 0.924003
0.403105 0.979618
0.405338 0.512201
0.408591 0.196827
0.409421 0.134394
0.409869 0.675226
0.410334 0.48242
0.411553 0.966486
0.41617 0.575331
0.417505 0.0100722
0.417667 0.730049
0.419104 0.888861
0.421726 0.954951
0.422752 0.184946
0.423047 0.157719
0.423483 0.481205
0.423962 0.535282
0.426478 0.818088
0.427535 0.578702
0.429531 0.126277
0.430004 0.0716154
0.432797 0.0245559
0.433029 0.910669
0.436045 0.609521
0.438448 0.99739
0.440455 0.719932
0.445063 0.169737
0.448215 0.15302
0.449161 0.0543869
0.44984 0.467949
0.45024 0.190863
0.451667 0.166366
0.455658 0.248141
0.456485 0.138968
0.457111 0.669348
0.457524 0.603934
0.458278 0.281783
0.458851 0.902904
0.458855 0.974163
0.461201 0.404178
0.462375 0.140685
0.462819 0.599144
0.466368 0.252787
0.468381 0.0799752
0.469153 0.0599069
0.469596 0.501164
0.469972 0.823923
0.470337 0.951384
0.470681 0.730289
0.471102 0.816354
0.473357 0.707752
0.473505 0.202806
0.473514 0.354004
0.473699 0.463115
0.475824 0.181068
0.475831 0.296812
0.477551 0.20767
0.477631 0.545682
0.477939 0.720657
0.478202 0.143487
0.480899 0.472175
0.481426 0.32815
0.487342 0.759424
0.487443 0.44974
0.488149 0.3181
0.491315 0.534429
0.491345 0.0358804
0.491539 0.292683
0.491741 0.694172
0.491911 0.547494
0.492284 0.81892
0.493677 0.232873
0.494011 0.837336
0.495301 0.520801
0.497449 0.619335
0.49842 0.937408
0.499924 0.230551
0.500593 0.45848
0.501901 0.456157
0.503865 0.454228
0.504446 0.227571
0.50464 0.49148
0.50631 0.556699
0.508385 0.428159
0.510157 0.206203
0.510295 0.530173
0.510884 0.431321
0.513205 0.440645
0.513716 0.0311341
0.514165 0.564257
0.515416 0.603502
0.516562 0.856112
0.516582 0.195401
0.517013 0.429533
0.517942 0.0586674
0.517999 0.00148667
0.518957 0.107834
0.522222 0.992502
0.523245 0.175922
0.524354 0.82382
0.52518 0.692686
0.525849 0.938107
0.527313 0.5516
0.527744 0.788769
0.528024 0.501605
0.531275 0.145792
0.532508 0.862379
0.534281 0.659433
0.541255 0.874574
0.541373 0.862425
0.544014 0.235098
0.544673 0.315304
0.54538 0.193971
0.551129 0.821019
0.552459 0.174906
0.552862 0.954545
0.553532 0.209897
0.553757 0.99242
0.553953 0.284121
0.554988 0.687947
0.561502 0.170291
0.562483 0.645816
0.562689 0.105642
0.565998 0.728353
0.567434 0.856838
0.569614 0.499148
0.571602 0.914254
0.571723 0.947497
0.573287 0.235411
0.576222 0.569188
0.57637 0.0502564
0.577969 0.932199
0.578694 0.104003
0.579313 0.506422
0.581247 0.0208227
0.582088 0.151215
0.584563 0.74951
0.589611 0.590272
0.589639 0.056677
0.589913 0.660351
0.590026 0.574673
0.590127 0.257147
0.590692 0.767492
0.593018 0.855683
0.593052 0.419604
0.593146 0.00821643
0.594532 0.293833
0.597233 0.696174
0.597275 0.40511
0.597786 0.996867
0.598436 0.906027
0.600528 0.0793509
0.601466 0.835546
0.602228 0.649692
0.602382 0.227314
0.603091 0.155758
0.605051 0.0961163
0.605089 0.731954
0.606795 0.406824
0.607648 0.736092
0.611251 0.297485
0.611455 0.731515
0.611822 0.88845
0.613154 0.27682
0.613941 0.500191
0.615167 0.10537
0.616635 0.789496
0.617555 0.243977
0.618119 0.731477
0.618702 0.526953
0.621756 0.852408
0.624356 0.555793
0.625832 0.352595
0.627165 0.764515
0.629031 0.115729
0.629688 0.169059
0.633964 0.0257651
0.635412 0.374586
0.63851 0.437465
0.638588 0.756419
0.638638 0.587674
0.639383 0.112025
0.640213 0.0640695
0.641131 0.494234
0.641887 0.202434
0.644029 0.188581
0.646902 0.482546
0.649667 0.946801
0.64972 0.840251
0.650466 0.377938
0.655365 0.717432
0.65543 0.814368
0.656353 0.326975
0.656413 0.341476
0.659807 0.370061
0.663379 0.403189
0.665434 0.943884
0.666077 0.75847
0.667385 0.735502
0.667899 0.383249
0.672226 0.0989455
0.672663 0.453565
0.675031 0.248727
0.676684 0.0343259
0.677715 0.357626
0.678571 0.744544
0.679624 0.439957
0.679802 0.433848
0.68149 0.796039
0.681798 0.97733
0.682438 0.734307
0.682855 0.751445
0.68468 0.414197
0.684739 0.40201
0.686065 0.697529
0.691119 0.630196
0.695098 0.503351
0.696329 0.209154
0.698143 0.681459
0.699528 0.975051
0.700462 0.667649
0.700877 0.64074
0.702834 0.529281
0.704223 0.879222
0.704746 0.658358
0.70484 0.237711
0.706667 0.955577
0.709672 0.452055
0.709917 0.576669
0.711023 0.161846
0.711773 0.767208
0.712697 0.303599
0.717817 0.352095
0.719722 0.365616
0.720228 0.875955
0.720521 0.790602
0.721094 0.423767
0.722283 0.402367
0.723593 0.432391
0.724357 0.271425
0.726995 0.604644
0.72749 0.921469
0.727561 0.117612
0.730161 0.810791
0.730298 0.110711
0.730768 0.0181849
0.730844 0.292576
0.73264 0.487679
0.732941 0.536079
0.733743 0.0157005
0.735043 0.869569
0.735811 0.771746
0.735834 0.163447
0.736327 0.451995
0.736882 0.781137
0.73908 0.713116
0.740031 0.70951
0.740355 0.143922
0.740757 0.901272
0.741071 0.175517
0.741309 0.17937
0.74297 0.096217
0.748633 0.280191
0.750093 0.813785
0.751314 0.33757
0.752086 0.30811
0.754462 0.241047
0.757449 0.445163
0.757592 0.852195
0.758 0.711882
0.759508 0.0539866
0.761027 0.588909
0.76118 0.155113
0.764706 0.409815
0.76831 0.993505
0.768342 0.530605
0.769275 0.211683
0.769413 0.528155
0.771272 0.763132
0.776455 0.882354
0.777651 0.97615
0.778001 0.864906
0.778947 0.759362
0.779671 0.930454
0.779693 0.292384
0.780491 0.716838
0.780686 0.991868
0.781653 0.2437
0.784256 0.986232
0.784916 0.0910754
0.790133 0.766329
0.793237 0.934246
0.793319 0.304526
0.796172 0.264579
0.799315 0.091335
0.800014 0.828549
0.800982 0.101809
0.801724 0.571031
0.803837 0.0821012
0.804016 0.105302
0.805105 0.397304
0.808726 0.251997
0.809518 0.571836
0.809637 0.570041
0.812034 0.857302
0.81419 0.0846733
0.815703 0.521344
0.816482 0.60564
0.81818 0.157722
0.819499 0.326375
0.820246 0.871747
0.82191 0.837447
0.822626 0.867547
0.825022 0.13946
0.831617 0.992334
0.831817 0.342983
0.832344 0.200688
0.83291 0.719862
0.833367 0.394947
0.834033 0.593292
0.834338 0.717278
0.835249 0.0267681
0.835679 0.252096
0.837248 0.628596
0.839136 0.357252
0.840358 0.89525
0.841049 0.513542
0.841212 0.250118
0.842649 0.406324
0.843276 0.939529
0.845745 0.437193
0.847283 0.289303
0.848343 0.0932834
0.848957 0.418041
0.85046 0.67512
0.850462 0.723409
0.854034 0.745181
0.854853 0.510653
0.856 0.785396
0.856195 0.0672116
0.858198 0.741472
0.859547 0.402357
0.860432 0.287101
0.86178 0.931277
0.861882 0.656772
0.862784 0.812833
0.862874 0.316725
0.86403 0.755743
0.865392 0.646801
0.865636 0.748124
0.867115 0.609596
0.868012 0.675294
0.868489 0.694693
0.869751 0.899004
0.869864 0.798839
0.871862 0.388184
0.872558 0.0837143
0.873456 0.183332
0.874204 0.748364
0.87488 0.102869
0.875225 0.911443
0.875396 0.774916
0.875803 0.625071
0.876137 0.234535
0.876596 0.945622
0.876687 0.471255
0.876697 0.646308
0.879008 0.485362
0.882819 0.539984
0.884377 0.727493
0.886811 0.625062
0.887956 0.871246
0.888904 0.805765
0.890658 0.294421
0.891867 0.610361
0.892215 0.463742
0.894289 0.323032
0.895253 0.510312
0.895797 0.657271
0.896167 0.872418
0.897046 0.654003
0.898099 0.3543
0.898562 0.137898
0.898773 0.684981
0.898967 0.933511
0.900875 0.0137206
0.902584 0.730728
0.903036 0.31977
0.903517 0.41586
0.906314 0.423655
0.910162 0.0905573
0.910239 0.387778
0.912879 0.75019
0.913541 0.891739
0.914084 0.0110325
0.915386 0.897286
0.915868 0.986293
0.916926 0.772774
0.917776 0.0586445
0.922526 0.887361
0.922662 0.185323
0.926128 0.437428
0.926358 0.304367
0.92662 0.699468
0.928363 0.999759
0.92982 0.48432
0.934317 0.0717544
0.934371 0.975332
0.935267 0.0313649
0.935896 0.605064
0.937453 0.767481
0.937671 0.434112
0.939844 0.95685
0.939867 0.347402
0.940095 0.182244
0.940655 0.584273
0.94364 0.753632
0.945192 0.84058
0.946547 0.618328
0.946572 0.0335558
0.949804 0.35118
0.952057 0.221893
0.954516 0.544207
0.956229 0.348846
0.958433 0.388978
0.958465 0.917203
0.958668 0.32824
0.95946 0.651155
0.959489 0.132617
0.959925 0.457449
0.960639 0.463687
0.964209 0.463725
0.964938 0.710122
0.967378 0.72756
0.967677 0.74121
0.967712 0.33596
0.968494 0.477694
0.968708 0.0693476
0.968864 0.692559
0.971044 0.344565
0.971285 0.394688
0.971343 0.368765
0.971925 0.151735
0.972691 0.025494
0.972996 0.140793
0.976337 0.295564
0.976564 0.115098
0.97758 0.195101
0.978066 0.353097
0.978463 0.0279721
0.981179 0.668767
0.983629 0.857297
0.983785 0.480931
0.983944 0.144143
0.984935 0.795526
0.98598 0.361092
0.986443 0.147813
0.986995 0.426654
0.989412 0.042114
0.989922 0.617428
0.992574 0.189743
0.993922 0.848217
0.995412 0.882456
0.996941 0.592259
0.999083 0.594794
0.999349 0.0561531
