0.000279106 0.690938
0.000980317 0.476198
0.00108773 0.281506
0.00125006 0.00970044
0.00159531 0.812304
0.00163383 0.459865
0.00170791 0.704837
0.00190397 9.86145e-05
0.00225026 0.820076
0.00316647 0.218935
0.00397641 0.831512
0.00475322 0.887359
0.00502618 0.475004
0.00505233 0.914439
0.0054311 0.280494
0.0060161 0.112676
0.0060767 0.131106
0.00669881 0.586986
0.00690775 0.0986391
0.00817923 0.468251
0.00837055 0.683918
0.0103392 0.771757
0.0110947 0.468444
0.0114332 0.158551
0.011864 0.39817
0.0119081 0.139577
0.0121219 0.732797
0.0122932 0.612462
0.0127056 0.542243
0.0127422 0.15788
0.0129567 0.762542
0.0142557 0.594888
0.0145266 0.149334
0.0158238 0.951117
0.0160835 0.31561
0.0166389 0.650034
0.0167895 0.180871
0.0174355 0.0387214
0.0178998 0.842222
0.0180674 0.659316
0.0190051 0.418571
0.0198317 0.310862
0.0201868 0.278766
0.0207125 0.114385
0.0213461 0.764132
0.0220231 0.141552
0.0220362 0.363038
0.0228466 0.98233
0.0235829 0.358527
0.0247266 0.579495
0.0248115 0.00625824
0.0248797 0.153839
0.0252069 0.65256
0.0265731 0.613867
0.0275816 0.563717
0.0304893 0.433335
0.0328101 0.440014
0.0332904 0.511967
0.0332929 0.553064
0.0348144 0.126155
0.0353634 0.352905
0.0358799 0.032951
0.0360858 0.493654
0.0369298 0.679911
0.0369338 0.745809
0.0370302 0.367002
0.0375035 0.320699
0.0381279 0.814788
0.0381476 0.146884
0.0383357 0.30743
0.0390684 0.623263
0.0394283 0.67084
0.039569 0.0354518
0.0396798 0.898355
0.040231 0.161872
0.0403355 0.91908
0.0435726 0.323929
0.0444404 0.909355
0.0453885 0.843756
0.0457463 0.857875
0.0479194 0.381138
0.0489798 0.204074
0.0499276 0.133779
0.0501944 0.617812
0.0502324 0.256475
0.0507528 0.00220755
0.0508689 0.953642
0.0518477 0.403911
0.052047 0.754403
0.0522117 0.521479
0.0533215 0.174033
0.053482 0.872542
0.0536896 0.360739
0.0541902 0.774775
0.0543945 0.208524
0.0544835 0.704621
0.0558269 0.283046
0.0566914 0.813061
0.0569056 0.413073
0.0575926 0.9593
0.0588206 0.597976
0.0598503 0.904285
0.0602253 0.206172
0.0603131 0.682515
0.0603499 0.300375
0.0620877 0.508808
0.0627962 0.415463
0.0629918 0.702718
0.06315 0.362055
0.063292 0.748981
0.0633795 0.219908
0.0638167 0.567467
0.0639029 0.0155492
0.0644365 0.985046
0.0647921 0.961582
0.0651611 0.163142
0.0653676 0.632791
0.0663575 0.270275
0.0665191 0.986549
0.0669512 0.249138
0.0681182 0.862497
0.0699496 0.642441
0.0699807 0.165164
0.0700755 0.759654
0.0708099 0.101275
0.0709071 0.735843
0.0710536 0.197675
0.0731491 0.417221
0.0739925 0.591574
0.0747937 0.0579221
0.0754733 0.479561
0.075606 0.710248
0.0758208 0.319981
0.0761266 0.460278
0.0773773 0.479793
0.0777799 0.246667
0.0781569 0.582943
0.0801969 0.869202
0.0812162 0.000193084
0.0812438 0.464289
0.0813318 0.944396
0.0818805 0.165002
0.0819018 0.522753
0.0820158 0.439924
0.0822948 0.129422
0.0827449 0.69288
0.083041 0.66984
0.0831005 0.670982
0.0832859 0.786057
0.0843553 0.759173
0.084633 0.427328
0.085396 0.250779
0.0874093 0.0874293
0.0880171 0.303009
0.0881163 0.971137
0.0887419 0.485567
0.0888603 0.474333
0.0890806 0.17774
0.0892933 0.752825
0.0895477 0.0288562
0.0899185 0.26072
0.0901267 0.760242
0.090368 0.815655
0.0908677 0.213091
0.0933757 0.365955
0.0966847 0.980135
0.0975624 0.730892
0.0988122 0.736374
0.0996799 0.319608
0.0997215 0.01909
0.0998554 0.269476
0.0999399 0.689164
0.0999769 0.311204
0.10015 0.222613
0.100293 0.632689
0.101201 0.879975
0.101351 0.412807
0.10172 0.611753
0.10198 0.979125
0.102265 0.772268
0.102888 0.23988
0.103015 0.380854
0.104323 0.357682
0.104439 0.3032
0.104981 0.423793
0.105094 0.32308
0.105609 0.973801
0.10589 0.69343
0.108058 0.139087
0.108142 0.548052
0.108207 0.632114
0.108366 0.299505
0.108757 0.881709
0.111798 0.985669
0.112761 0.171172
0.113585 0.0314141
0.114407 0.844917
0.115074 0.0562141
0.115076 0.0849134
0.115143 0.204789
0.115354 0.753726
0.116341 0.34901
0.117072 0.627863
0.117684 0.921981
0.117879 0.188371
0.118245 0.348608
0.119602 0.145084
0.120095 0.435048
0.120243 0.921713
0.120415 0.822157
0.120762 0.647973
0.121052 0.521375
0.121283 0.400547
0.121377 0.98278
0.121709 0.570017
0.121773 0.635985
0.122822 0.263496
0.123206 0.731121
0.123778 0.339054
0.124265 0.521907
0.125258 0.203014
0.12533 0.420602
0.125662 0.0035737
0.126109 0.507598
0.126222 0.416043
0.127766 0.370169
0.128417 0.31033
0.129259 0.459349
0.129296 0.0806924
0.129409 0.983635
0.130261 0.301704
0.130625 0.412893
0.130843 0.0798676
0.130985 0.458333
0.132591 0.45321
0.133305 0.450549
0.13397 0.641975
0.134428 0.337252
0.13637 0.963422
0.136956 0.817267
0.13699 0.386064
0.137603 0.697313
0.137711 0.507842
0.137822 0.372412
0.139257 0.487827
0.139307 0.330421
0.140062 0.0277663
0.140504 0.445325
0.141694 0.445001
0.142516 0.274728
0.143442 0.828064
0.143602 0.523231
0.143712 0.363719
0.144372 0.454709
0.144567 0.742074
0.146288 0.660422
0.146508 0.355822
0.14663 0.418486
0.147071 0.814945
0.147689 0.208394
0.148993 0.125531
0.149168 0.0736772
0.150177 0.0208581
0.151961 0.00160472
0.154703 0.0896219
0.155075 0.344879
0.155097 0.717312
0.15679 0.177693
0.15723 0.563547
0.157396 0.353139
0.15741 0.588744
0.157414 0.654243
0.157855 0.0698373
0.159159 0.992914
0.15991 0.610008
0.160149 0.616764
0.160234 0.0475106
0.161425 0.0659153
0.162253 0.994012
0.163122 0.594049
0.164866 0.910384
0.165924 0.683301
0.166139 0.299334
0.166629 0.537504
0.166802 0.442073
0.167064 0.841095
0.167724 0.942033
0.167807 0.338836
0.167851 0.0754617
0.16808 0.927781
0.168412 0.501752
0.168897 0.646381
0.169712 0.344844
0.170956 0.25558
0.170988 0.795943
0.171274 0.604543
0.171489 0.210636
0.172555 0.129712
0.173324 0.061605
0.173454 0.234941
0.173778 0.690797
0.1739 0.735029
0.17395 0.572818
0.176618 0.42628
0.176636 0.716811
0.177159 0.51534
0.177687 0.387328
0.177775 0.862067
0.179438 0.821833
0.180944 0.127052
0.181851 0.375105
0.182146 0.334769
0.182183 0.941907
0.182277 0.537563
0.182317 0.209919
0.182613 0.169043
0.183253 0.934339
0.183688 0.251963
0.184392 0.0841889
0.184446 0.976865
0.186832 0.0814111
0.187026 0.342385
0.187075 0.164569
0.188249 0.897108
0.188558 0.0911401
0.188928 0.312775
0.188963 0.89346
0.189439 0.909588
0.189907 0.764868
0.190156 0.951404
0.191429 0.342851
0.191529 0.0337694
0.192216 0.567052
0.192866 0.491974
0.194313 0.811196
0.194558 0.938604
0.194668 0.788906
0.194974 0.932913
0.195528 0.235108
0.19629 0.0392753
0.197085 0.414407
0.197166 0.770952
0.197875 0.685057
0.197962 0.141756
0.19853 0.692838
0.200326 0.884818
0.201382 0.625272
0.201625 0.713399
0.201633 0.839404
0.201755 0.895798
0.202441 0.433526
0.203176 0.780602
0.203338 0.509062
0.203356 0.806863
0.203588 0.70805
0.203884 0.67327
0.20397 0.12017
0.204413 0.567845
0.206612 0.536147
0.207037 0.671009
0.207314 0.33295
0.208052 0.732932
0.208606 0.0444021
0.208741 0.316945
0.210112 0.352204
0.210182 0.524077
0.210293 0.400559
0.212004 0.151352
0.212235 0.0255305
0.212382 0.499821
0.212394 0.71176
0.212484 0.216254
0.212977 0.508245
0.213857 0.292953
0.214308 0.882082
0.214861 0.163303
0.215033 0.0535259
0.215643 0.304489
0.216554 0.627009
0.217827 0.0198026
0.218367 0.0866201
0.218538 0.962545
0.218921 0.401596
0.219251 0.95619
0.219551 0.986119
0.219897 0.809039
0.220077 0.840356
0.220525 0.363305
0.222021 0.509508
0.222654 0.138312
0.222778 0.228399
0.222817 0.888772
0.223431 0.197854
0.223869 0.562326
0.224084 0.179463
0.224305 0.892754
0.224617 0.142518
0.225225 0.364821
0.225748 0.141257
0.225794 0.914807
0.227172 0.0877004
0.228712 0.958821
0.229277 0.4653
0.229436 0.135571
0.229786 0.0104664
0.229973 0.163687
0.230203 0.0187297
0.230949 0.559446
0.231105 0.179096
0.231442 0.839658
0.232911 0.534358
0.233224 0.79025
0.233769 0.958145
0.234086 0.291346
0.234384 0.287755
0.235506 0.154071
0.235779 0.743023
0.237493 0.541542
0.238891 0.0465005
0.239124 0.958769
0.239325 0.338297
0.23982 0.653556
0.242682 0.74989
0.243105 0.873843
0.243657 0.147535
0.243893 0.110832
0.244216 0.53287
0.244861 0.381141
0.245165 0.486165
0.245393 0.328043
0.245661 0.822148
0.245751 0.338429
0.248158 0.790873
0.248359 0.16468
0.248444 0.600772
0.248936 0.862725
0.249643 0.744618
0.250149 0.25383
0.250942 0.582324
0.251574 0.199663
0.252125 0.461725
0.252262 0.760494
0.25242 0.417374
0.25373 0.436457
0.257208 0.902996
0.257399 0.0992073
0.258148 0.6866
0.25839 0.765375
0.258725 0.383761
0.259128 0.157695
0.259351 0.917647
0.261664 0.781088
0.26268 0.870771
0.26355 0.493293
0.263673 0.558461
0.264013 0.271671
0.264055 0.968891
0.264559 0.436162
0.264898 0.144755
0.265574 0.498148
0.265809 0.450175
0.266015 0.912341
0.266528 0.535231
0.266928 0.252886
0.267183 0.541916
0.267246 0.604283
0.267596 0.482614
0.267873 0.138028
0.267973 0.824768
0.268661 0.383986
0.270389 0.432307
0.271157 0.331815
0.271199 0.0397414
0.271545 0.862419
0.272636 0.187143
0.273166 0.0964703
0.273759 0.0703014
0.274256 0.428152
0.275362 0.00593297
0.275441 0.337754
0.275582 0.701404
0.275785 0.112628
0.276406 0.54928
0.276969 0.0124558
0.277795 0.893641
0.278373 0.612379
0.278577 0.0451892
0.278661 0.454131
0.278716 0.382675
0.279464 0.947661
0.280463 0.749036
0.28082 0.745084
0.281032 0.309369
0.281423 0.879622
0.282265 0.0312233
0.282293 0.499397
0.28271 0.508607
0.282979 0.0324675
0.283307 0.54202
0.283556 0.727656
0.283763 0.20427
0.284798 0.601507
0.285001 0.00762867
0.2856 0.0820521
0.286143 0.20799
0.287114 0.526909
0.287381 0.0203563
0.287846 0.82824
0.287879 0.383528
0.288848 0.665139
0.29013 0.22087
0.29014 0.386703
0.290182 0.0807451
0.291239 0.857091
0.291428 0.0239919
0.292357 0.648923
0.292578 0.356775
0.292701 0.420714
0.292761 0.429588
0.292895 0.683449
0.29293 0.273338
0.293779 0.538352
0.293999 0.244662
0.294083 0.660922
0.294693 0.898987
0.295432 0.324319
0.296099 0.529558
0.296568 0.415463
0.296723 0.021182
0.297051 0.53655
0.297713 0.661241
0.297962 0.840232
0.298492 0.747478
0.298533 0.448627
0.298631 0.0987069
0.299123 0.36437
0.300493 0.377778
0.301349 0.777851
0.302244 0.813269
0.303101 0.226021
0.303177 0.488195
0.303804 0.0290156
0.304328 0.84751
0.304366 0.487425
0.304404 0.11395
0.304464 0.126165
0.304628 0.87938
0.304721 0.442572
0.304826 0.211081
0.30491 0.627263
0.30525 0.335402
0.305276 0.778484
0.305963 0.326941
0.308194 0.8186
0.309318 0.713936
0.310138 0.489387
0.310474 0.132199
0.310872 0.833583
0.311269 0.5019
0.311534 0.950408
0.312048 0.591009
0.31274 0.213676
0.312961 0.9338
0.314551 0.663176
0.315449 0.751265
0.316268 0.518991
0.31705 0.653345
0.317797 0.210841
0.318535 0.614564
0.319022 0.802292
0.319443 0.872931
0.320063 0.298148
0.32077 0.18278
0.320773 0.230607
0.322212 0.42175
0.322292 0.75764
0.322672 0.152739
0.322829 0.781381
0.323367 0.835105
0.32357 0.241548
0.324454 0.102845
0.32472 0.575075
0.325518 0.985637
0.325827 0.173581
0.326751 0.701661
0.326851 0.386882
0.326961 0.226666
0.327164 0.646945
0.327702 0.690237
0.328152 0.254869
0.328413 0.639702
0.330006 0.407043
0.331032 0.659938
0.331947 0.0305119
0.332085 0.344409
0.33289 0.888184
0.333246 0.866826
0.334253 0.797962
0.33442 0.589464
0.33479 0.818597
0.33504 0.0201281
0.33556 0.755272
0.335868 0.938794
0.336538 0.195578
0.337438 0.324959
0.337659 0.041256
0.337914 0.323383
0.338096 0.375754
0.340728 0.60986
0.340921 0.852615
0.341876 0.914532
0.342028 0.463243
0.342282 0.725703
0.343074 0.0490013
0.344042 0.312134
0.344063 0.673744
0.344783 0.76262
0.344883 0.440656
0.345259 0.775828
0.345634 0.0757029
0.345872 0.0649833
0.345937 0.161896
0.346021 0.57274
0.346555 0.556277
0.3479 0.153204
0.347957 0.117507
0.348025 0.253778
0.348095 0.434629
0.349612 0.929848
0.349852 0.954919
0.350016 0.71517
0.351261 0.635775
0.351451 0.841268
0.352692 0.690911
0.352769 0.992554
0.353619 0.277493
0.353822 0.682793
0.354319 0.0407531
0.354444 0.138917
0.355036 0.0852693
0.355966 0.728201
0.356185 0.404959
0.357159 0.776824
0.357621 0.543853
0.357785 0.290643
0.358606 0.0880311
0.359369 0.915247
0.359746 0.258574
0.359829 0.650455
0.360645 0.362793
0.36109 0.840404
0.361296 0.307603
0.361647 0.193408
0.3621 0.807926
0.362255 0.41694
0.362709 0.0467185
0.363833 0.946054
0.364818 0.493245
0.365294 0.49422
0.365962 0.729897
0.366254 0.627326
0.366569 0.932955
0.367315 0.458503
0.36811 0.831788
0.368986 0.540353
0.369214 0.38022
0.369282 0.520468
0.37036 0.634928
0.370565 0.0915301
0.372607 0.402716
0.372786 0.419657
0.373403 0.778506
0.374409 0.698224
0.374506 0.318314
0.375205 0.0736534
0.376077 0.726808
0.37664 0.18683
0.376953 0.44291
0.377441 0.648318
0.377495 0.555755
0.377767 0.134681
0.378047 0.839629
0.378096 0.661624
0.378585 0.871016
0.378638 0.77277
0.378742 0.51863
0.379047 0.648157
0.379109 0.688814
0.381489 0.693402
0.381781 0.593923
0.381822 0.280921
0.38202 0.604225
0.382165 0.048838
0.382405 0.0787686
0.382507 0.799576
0.385075 0.95193
0.386597 0.543633
0.38672 0.608746
0.386906 0.737345
0.387172 0.202257
0.387197 0.616961
0.387225 0.0976484
0.387555 0.630406
0.387635 0.984071
0.38791 0.597261
0.388509 0.670965
0.388553 0.410001
0.388836 0.165906
0.388948 0.0418394
0.389285 0.710048
0.389996 0.658441
0.390075 0.995592
0.390281 0.453798
0.390688 0.296542
0.391023 0.926229
0.391031 0.0502065
0.391444 0.992846
0.392138 0.666955
0.393422 0.235913
0.393858 0.569518
0.393863 0.651804
0.394417 0.962014
0.394788 0.207332
0.395005 0.842837
0.395507 0.28464
0.396012 0.779319
0.396907 0.818642
0.398076 0.467227
0.398468 0.0519198
0.399717 0.048965
0.400076 0.0742519
0.401379 0.979993
0.403 0.226371
0.403139 0.551875
0.403671 0.504404
0.403914 0.581316
0.405222 0.565486
0.406358 0.666546
0.40642 0.707891
0.406949 0.597261
0.407374 0.729111
0.407514 0.0875795
0.408276 0.897546
0.408513 0.875768
0.409119 0.0562775
0.409125 0.157762
0.409407 0.900557
0.410367 0.0382412
0.410672 0.16323
0.410824 0.71994
0.410955 0.917522
0.411567 0.205629
0.412582 0.259319
0.412586 0.338944
0.412959 0.604313
0.413019 0.610893
0.413133 0.526781
0.413149 0.80032
0.414019 0.416589
0.414915 0.48325
0.41544 0.307489
0.415664 0.0729354
0.415756 0.616335
0.416398 0.403936
0.416596 0.721189
0.416933 0.397772
0.418672 0.61969
0.418982 0.825947
0.419756 0.84296
0.419848 0.37775
0.420971 0.256558
0.421458 0.450422
0.421777 0.810475
0.422058 0.53113
0.422105 0.324958
0.422166 0.339514
0.423134 0.620601
0.423452 0.950006
0.424678 0.564216
0.424691 0.782596
0.425079 0.308449
0.425705 0.815647
0.425913 0.326063
0.426826 0.66293
0.427344 0.378116
0.427666 0.784572
0.427736 0.951531
0.429587 0.0677193
0.430151 0.540929
0.430976 0.414452
0.431684 0.318469
0.432302 0.692822
0.432545 0.785614
0.432568 0.163816
0.433002 0.466241
0.434461 0.984745
0.434824 0.0849854
0.435211 0.591218
0.435263 0.462943
0.435895 0.0912462
0.436355 0.815857
0.436796 0.229636
0.437066 0.763733
0.438419 0.509948
0.438691 0.0755784
0.43872 0.563427
0.438984 0.00367872
0.439151 0.81059
0.439621 0.709565
0.439879 0.0393785
0.439913 0.618921
0.440493 0.36254
0.440523 0.868663
0.440527 0.931094
0.440662 0.202377
0.441339 0.589196
0.442918 0.121198
0.443116 0.446623
0.443735 0.848243
0.445738 0.510342
0.446871 0.568513
0.446971 0.24327
0.450034 0.725683
0.450775 0.182931
0.453443 0.0241994
0.453586 0.425369
0.45363 0.157776
0.454371 0.611486
0.455061 0.210893
0.455127 0.313441
0.455347 0.0142412
0.456204 0.41397
0.457593 0.760624
0.457864 0.312926
0.458567 0.134312
0.458644 0.422768
0.458823 0.439802
0.460377 0.563283
0.46144 0.426321
0.461706 0.897283
0.462411 0.745342
0.462545 0.988145
0.462788 0.0807959
0.462968 0.0981899
0.462994 0.548363
0.463329 0.171421
0.463391 0.209166
0.463551 0.896092
0.463942 0.469499
0.465356 0.234574
0.466023 0.448008
0.466219 0.739865
0.466294 0.996772
0.466998 0.834273
0.467161 0.570755
0.467882 0.693488
0.468025 0.0949237
0.468446 0.179142
0.468506 0.174406
0.469465 0.304028
0.469573 0.109587
0.469897 0.554713
0.470021 0.651053
0.470908 0.545135
0.471815 0.792327
0.471879 0.871317
0.473242 0.772314
0.475131 0.524661
0.475365 0.454015
0.475463 0.100511
0.476379 0.503839
0.476836 0.177899
0.477867 0.504956
0.478961 0.900548
0.47916 0.244786
0.480703 0.180936
0.481581 0.924618
0.482519 0.702798
0.482896 0.0321
0.483008 0.923514
0.483758 0.514702
0.484626 0.113119
0.484741 0.0379757
0.485906 0.618659
0.486154 0.786021
0.486207 0.67433
0.486499 0.587951
0.486721 0.321403
0.486873 0.86808
0.486952 0.194024
0.487197 0.312893
0.487459 0.73019
0.487785 0.202528
0.487826 0.898911
0.48784 0.118847
0.488766 0.682005
0.48881 0.433274
0.489197 0.941198
0.489198 0.953461
0.490115 0.364772
0.490129 0.591158
0.490183 0.498273
0.490717 0.47587
0.491378 0.587154
0.49195 0.210599
0.492646 0.89277
0.492648 0.929178
0.49322 0.546596
0.494285 0.443796
0.494321 0.0486261
0.496428 0.464199
0.497306 0.218181
0.497333 0.67618
0.498104 0.638041
0.499014 0.927057
0.499182 0.749864
0.499349 0.566503
0.500262 0.900427
0.502302 0.194881
0.502846 0.336166
0.503124 0.00359341
0.503197 0.239448
0.503886 0.803933
0.504149 0.231084
0.504222 0.453359
0.505192 0.755506
0.505564 0.0155606
0.505737 0.92877
0.506723 0.498845
0.507005 0.226598
0.507087 0.612507
0.508198 0.280582
0.508314 0.24151
0.508368 0.132855
0.508972 0.284838
0.5097 0.53273
0.510705 0.41827
0.510732 0.871237
0.511355 0.350057
0.511362 0.461528
0.5126 0.275162
0.512759 0.936824
0.513084 0.410892
0.513775 0.0128661
0.514174 0.721481
0.514549 0.0222249
0.514839 0.897395
0.514865 0.332189
0.515128 0.764622
0.515815 0.299892
0.516811 0.0354326
0.518374 0.305009
0.5192 0.1987
0.519364 0.957965
0.519608 0.0446839
0.519895 0.871394
0.520236 0.604538
0.520324 0.0818355
0.520456 0.302192
0.52106 0.460248
0.52188 0.230197
0.522674 0.573984
0.522717 0.305648
0.522998 0.0335499
0.523065 0.145544
0.523228 0.89285
0.523801 0.526156
0.524141 0.235038
0.525542 0.788857
0.525926 0.242692
0.526387 0.97844
0.52644 0.883935
0.52665 0.404502
0.527067 0.412742
0.528636 0.786925
0.529985 0.464887
0.530026 0.138823
0.531649 0.424857
0.532474 0.282845
0.532623 0.802325
0.533072 0.341005
0.533353 0.0654239
0.533548 0.333559
0.535096 0.35313
0.53534 0.462381
0.536398 0.238413
0.536481 0.629096
0.536539 0.607009
0.53741 0.252447
0.538108 0.987743
0.538191 0.384719
0.53892 0.628534
0.539016 0.243239
0.539252 0.214018
0.539493 0.258756
0.54198 0.0656785
0.542317 0.719182
0.542497 0.753833
0.542882 0.222937
0.54476 0.78292
0.544821 0.800536
0.54515 0.333208
0.545659 0.888822
0.546726 0.816945
0.547277 0.080345
0.548966 0.466156
0.550308 0.0281932
0.550469 0.740022
0.550906 0.0742929
0.550991 0.514228
0.551813 0.31963
0.551992 0.324799
0.552119 0.463378
0.552976 0.862058
0.553108 0.0877524
0.553384 0.722567
0.554561 0.500812
0.554705 0.923621
0.555125 0.993627
0.555352 0.797344
0.555396 0.542172
0.555522 0.658618
0.556308 0.871634
0.557694 0.170438
0.557868 0.089799
0.558003 0.353623
0.558536 0.31257
0.559417 0.116891
0.559779 0.19949
0.560485 0.0761621
0.561503 0.173038
0.561651 0.670104
0.562181 0.577169
0.562314 0.806237
0.562992 0.213522
0.563105 0.10766
0.563817 0.0674713
0.564015 0.401027
0.564627 0.678975
0.56533 0.497028
0.566166 0.543983
0.566322 0.167554
0.566527 0.622677
0.567454 0.195461
0.568193 0.618312
0.56822 0.0738539
0.568895 0.410686
0.569034 0.758769
0.569325 0.652387
0.56958 0.927854
0.569981 0.662969
0.570149 0.492875
0.570278 0.659041
0.571227 0.606028
0.57184 0.916925
0.572711 0.559342
0.574935 0.939913
0.575767 0.908221
0.576142 0.214788
0.577254 0.915114
0.577259 0.989152
0.577483 0.752688
0.577718 0.701593
0.579837 0.313193
0.579951 0.233659
0.580463 0.848472
0.580567 0.596108
0.580618 0.445809
0.580659 0.12873
0.580799 0.496473
0.58111 0.718908
0.581924 0.393203
0.582258 0.00679108
0.58308 0.833231
0.583165 0.247659
0.583318 0.817447
0.583343 0.238279
0.584113 0.181129
0.584462 0.0573632
0.584607 0.492843
0.584631 0.896754
0.586356 0.879756
0.586875 0.615487
0.586942 0.73897
0.587166 0.494876
0.587796 0.0897921
0.588027 0.964244
0.588449 0.0696951
0.588831 0.48378
0.589685 0.828568
0.590439 0.510354
0.591009 0.0949019
0.591012 0.143832
0.592936 0.469312
0.593306 0.695596
0.594378 0.708658
0.594848 0.609174
0.595212 0.71933
0.59604 0.641737
0.596127 0.112476
0.59695 0.933899
0.597231 0.66353
0.598708 0.485197
0.598866 0.146522
0.599663 0.536665
0.600365 0.331325
0.60076 0.977532
0.601176 0.96234
0.602391 0.385391
0.603089 0.113073
0.603119 0.614477
0.603505 0.115075
0.603798 0.0287747
0.603856 0.00898049
0.604544 0.565883
0.605501 0.662337
0.606582 0.816352
0.606588 0.92704
0.606727 0.257506
0.607278 0.52903
0.607321 0.239304
0.607748 0.427105
0.608049 0.481961
0.60808 0.993375
0.608121 0.696003
0.608616 0.00873397
0.608859 0.0851688
0.609967 0.70875
0.610146 0.725878
0.610631 0.875492
0.61068 0.697809
0.610821 0.0698873
0.611227 0.895029
0.611304 0.188939
0.611802 0.552252
0.611985 0.637626
0.612185 0.999459
0.613334 0.311917
0.61342 0.755147
0.613437 0.0415134
0.614234 0.437135
0.614836 0.555699
0.615257 0.628279
0.615566 0.823157
0.615991 0.959953
0.616362 0.192599
0.616676 0.467995
0.616678 0.515524
0.616746 0.654183
0.617499 0.297956
0.618976 0.136379
0.619189 0.715683
0.619975 0.916404
0.620543 0.459629
0.620853 0.674918
0.621294 0.0951767
0.622074 0.199454
0.622174 0.874352
0.62243 0.178995
0.623629 0.331826
0.625263 0.794266
0.625749 0.969629
0.625939 0.15277
0.627084 0.407986
0.627677 0.37104
0.628543 0.928901
0.630047 0.202313
0.630235 0.3576
0.630811 0.0370972
0.631052 0.0917669
0.631377 0.557007
0.632443 0.468193
0.632513 0.639965
0.632605 0.193444
0.632955 0.0734266
0.633149 0.335645
0.63317 0.692207
0.633567 0.360336
0.634015 0.884506
0.634188 0.801292
0.634344 0.42527
0.634358 0.65783
0.634409 0.515131
0.634786 0.855813
0.634806 0.186625
0.634987 0.220095
0.636518 0.949902
0.636697 0.965175
0.636956 0.324025
0.637159 0.735758
0.637175 0.000171958
0.638669 0.103588
0.640684 0.970526
0.6413 0.332842
0.641343 0.0499726
0.642176 0.049962
0.64267 0.36015
0.642781 0.216862
0.643307 0.0658479
0.644802 0.180479
0.645156 0.138068
0.645475 0.493418
0.64556 0.921871
0.645763 0.339967
0.64636 0.374711
0.646524 0.122972
0.64655 0.566852
0.649329 0.271673
0.649368 0.933995
0.649501 0.171077
0.64959 0.653235
0.65043 0.77771
0.651317 0.692954
0.651422 0.449528
0.652063 0.230798
0.652681 0.615842
0.653266 0.441309
0.654247 0.926836
0.655038 0.229863
0.655627 0.131386
0.655834 0.597646
0.655932 0.248627
0.656247 0.535832
0.656536 0.404585
0.657139 0.542081
0.657236 0.165388
0.657422 0.283546
0.658474 0.97748
0.659162 0.537787
0.660195 0.898223
0.660305 0.751179
0.660459 0.342138
0.660781 0.748813
0.661061 0.449189
0.661379 0.79067
0.661594 0.407917
0.662135 0.502032
0.662345 0.0306058
0.662884 0.0846271
0.66316 0.732058
0.663459 0.760422
0.663554 0.347688
0.664387 0.354346
0.664885 0.729954
0.66509 0.166802
0.665142 0.0397553
0.665175 0.602299
0.665506 0.161127
0.66561 0.914695
0.666077 0.761835
0.666998 0.228533
0.66774 0.704494
0.668171 0.955468
0.668428 0.265231
0.66863 0.668848
0.668702 0.874767
0.669719 0.971016
0.669855 0.25436
0.670382 0.102532
0.670431 0.92578
0.670564 0.167385
0.671125 0.592541
0.671406 0.322548
0.671625 0.997012
0.67225 0.500477
0.673034 0.680694
0.674185 0.0307343
0.674436 0.253014
0.674755 0.604387
0.675662 0.843244
0.677242 0.40688
0.677284 0.111872
0.678805 0.682319
0.678815 0.83703
0.679077 0.253357
0.679837 0.0192058
0.679916 0.352913
0.67992 0.417903
0.679979 0.401725
0.680184 0.845108
0.680281 0.479097
0.680677 0.143157
0.680776 0.800806
0.68087 0.374907
0.681395 0.210871
0.681623 0.0333397
0.682151 0.904075
0.682699 0.129799
0.683068 0.320951
0.683714 0.178598
0.683977 0.595409
0.684698 0.713016
0.684942 0.824083
0.685216 0.430175
0.685864 0.31253
0.686321 0.0029004
0.686844 0.790019
0.687053 0.297133
0.688142 0.602533
0.689018 0.333951
0.689641 0.801978
0.689717 0.0710632
0.690266 0.295746
0.691004 0.705668
0.691677 0.0113045
0.692125 0.552144
0.693067 0.369057
0.693319 0.620966
0.693416 0.243874
0.69465 0.980176
0.695856 0.246754
0.696725 0.853123
0.697915 0.860391
0.698304 0.391402
0.69889 0.242782
0.699152 0.649599
0.6992 0.447153
0.699609 0.33446
0.700579 0.636959
0.702863 0.0256524
0.702894 0.540479
0.703512 0.934265
0.703613 0.629261
0.704021 0.472701
0.704382 0.545682
0.705119 0.938526
0.705229 0.787803
0.705698 0.658337
0.705848 0.179406
0.707005 0.627847
0.707425 0.685291
0.708436 0.690677
0.708715 0.367246
0.710622 0.424359
0.711022 0.142272
0.711639 0.51704
0.711925 0.316405
0.713724 0.563044
0.715497 0.35491
0.715717 0.0503254
0.716153 0.386803
0.717222 0.343781
0.717404 0.416022
0.717521 0.374266
0.717634 0.282249
0.718062 0.463811
0.7181 0.104603
0.719324 0.671965
0.719572 0.846394
0.719812 0.888369
0.719897 0.305067
0.72028 0.749926
0.720681 0.4822
0.721174 0.774958
0.721458 0.54607
0.724216 0.900011
0.724552 0.550133
0.725015 0.329435
0.725736 0.450242
0.727069 0.857161
0.729592 0.252486
0.730129 0.273558
0.730475 0.0883236
0.730548 0.31405
0.731039 0.570408
0.731351 0.82414
0.73139 0.472931
0.731402 0.667126
0.732121 0.754602
0.73227 0.262429
0.732728 0.956352
0.733045 0.288591
0.733122 0.587267
0.733139 0.870143
0.733379 0.905247
0.733538 0.573789
0.734567 0.864422
0.734719 0.424842
0.734866 0.898358
0.735568 0.694763
0.736129 0.112718
0.736354 0.900697
0.736361 0.0144215
0.736693 0.596219
0.737065 0.848933
0.737397 0.430566
0.737981 0.241092
0.738591 0.507708
0.738745 0.0895253
0.739303 0.464404
0.740202 0.574877
0.740278 0.853205
0.740974 0.545049
0.741392 0.569451
0.742241 0.849248
0.742271 0.350715
0.743727 0.821377
0.743924 0.13723
0.744292 0.319255
0.746525 0.843526
0.746714 0.0277548
0.746872 0.677842
0.747003 0.874179
0.747045 0.58526
0.747527 0.688416
0.748012 0.837897
0.748049 0.451586
0.749351 0.339562
0.749365 0.578509
0.751072 0.261604
0.752037 0.482208
0.752572 0.475716
0.752602 0.9737
0.752664 0.0293681
0.75446 0.212919
0.754946 0.375063
0.75573 0.560962
0.756016 0.353948
0.756467 0.938247
0.756664 0.259805
0.757261 0.289884
0.757501 0.327868
0.757925 0.438939
0.758057 0.658795
0.758921 0.183628
0.759172 0.407535
0.759657 0.559434
0.760236 0.289482
0.761691 0.742644
0.763985 0.294376
0.764109 0.377263
0.764366 0.69716
0.764415 0.521692
0.765764 0.189002
0.768945 0.66375
0.768958 0.882778
0.769449 0.13534
0.769538 0.630161
0.769656 0.603165
0.769732 0.879709
0.770158 0.0524198
0.771306 0.344819
0.771707 0.0834952
0.772127 0.144962
0.772775 0.0343219
0.774307 0.785996
0.774868 0.207426
0.776377 0.561552
0.77682 0.0220777
0.777764 0.887827
0.777972 0.371946
0.778525 0.666245
0.779626 0.167915
0.77974 0.0940626
0.780042 0.165479
0.780439 0.846334
0.780633 0.0914835
0.78097 0.755098
0.781276 0.91122
0.781543 0.394242
0.78182 0.0544775
0.782128 0.228122
0.782748 0.649598
0.783013 0.10731
0.783558 0.265485
0.783595 0.88459
0.783842 0.0375746
0.7843 0.728743
0.784823 0.52847
0.784981 0.175262
0.785114 0.402373
0.785557 0.856825
0.785681 0.942717
0.785894 0.519086
0.785997 0.257237
0.786522 0.0738374
0.787147 0.584996
0.787603 0.248819
0.787736 0.47125
0.788308 0.0918454
0.788396 0.569785
0.788415 0.891856
0.789391 0.298015
0.790452 0.121687
0.790608 0.747222
0.79096 0.66665
0.790993 0.22305
0.791021 0.697813
0.791418 0.369644
0.791741 0.786493
0.791773 0.331303
0.791854 0.686392
0.792371 0.386724
0.792456 0.81405
0.794589 0.660214
0.795074 0.807394
0.795685 0.0765689
0.796406 0.198394
0.796745 0.897431
0.79702 0.51491
0.797328 0.69221
0.797568 0.725725
0.798138 0.298009
0.798152 0.534968
0.798888 0.908614
0.798946 0.886989
0.799065 0.887025
0.799327 0.286853
0.799642 0.580148
0.799936 0.524026
0.800267 0.0853188
0.801613 0.71345
0.801862 0.902835
0.8021 0.901632
0.803162 0.740448
0.803926 0.579427
0.804388 0.351872
0.806096 0.0584858
0.80631 0.65871
0.806332 0.0191296
0.806394 0.0586592
0.806592 0.397427
0.807006 0.346343
0.808627 0.597354
0.809017 0.1425
0.809285 0.648407
0.809375 0.169117
0.809443 0.309771
0.81069 0.267873
0.810791 0.967447
0.811216 0.105503
0.811229 0.331669
0.812189 0.468484
0.8123 0.32108
0.81366 0.176809
0.813736 0.458096
0.813813 0.761718
0.81434 0.613874
0.81489 0.860526
0.81503 0.214588
0.815497 0.0544423
0.816512 0.112507
0.816903 0.681132
0.817442 0.753522
0.817616 0.680169
0.819017 0.221089
0.820345 0.545784
0.820529 0.636621
0.820593 0.708888
0.820945 0.623777
0.821558 0.923286
0.821808 0.130171
0.821955 0.595548
0.821999 0.331187
0.822927 0.93253
0.822987 0.951281
0.824169 0.807296
0.82434 0.675872
0.824481 0.0600578
0.824623 0.431628
0.825356 0.750795
0.826271 0.136654
0.826499 0.961526
0.826554 0.89655
0.826812 0.23059
0.827005 0.465596
0.827139 0.718831
0.827867 0.957927
0.828016 0.459743
0.828294 0.131718
0.829906 0.226921
0.831371 0.854822
0.832643 0.224536
0.832901 0.560673
0.833638 0.951428
0.833825 0.0969005
0.836114 0.56043
0.836327 0.140532
0.837321 0.853016
0.83835 0.143735
0.838552 0.537194
0.838941 0.088718
0.839095 0.674089
0.84004 0.546701
0.840944 0.738185
0.842498 0.857698
0.842651 0.435086
0.842683 0.966363
0.843467 0.157411
0.843856 0.685738
0.844635 0.78089
0.846062 0.761503
0.846828 0.642932
0.847739 0.944486
0.847798 0.936948
0.848741 0.786285
0.849353 0.082758
0.849793 0.469434
0.849863 0.640181
0.850943 0.794516
0.85103 0.264935
0.851056 0.69976
0.851105 0.52714
0.851469 0.638016
0.851513 0.37263
0.852353 0.49684
0.853257 0.682775
0.854146 0.629504
0.85425 0.37498
0.854329 0.701573
0.854728 0.419103
0.855208 0.474135
0.855235 0.941839
0.855239 0.994557
0.856601 0.88585
0.857525 0.416873
0.858198 0.735837
0.858993 0.10067
0.85906 0.225765
0.859131 0.413456
0.859697 0.925461
0.85978 0.327516
0.859936 0.939707
0.859957 0.295103
0.86015 0.539117
0.860383 0.456223
0.862432 0.889015
0.862588 0.515897
0.863254 0.715643
0.863371 0.66948
0.863787 0.66231
0.864613 0.557332
0.86514 0.403821
0.865899 0.158909
0.866244 0.970802
0.867576 0.349491
0.867834 0.679281
0.867857 0.069379
0.868736 0.839929
0.870037 0.712604
0.870315 0.382982
0.871141 0.264379
0.872345 0.510288
0.872867 0.268457
0.873018 0.807472
0.873168 0.326076
0.873613 0.809353
0.873861 0.983249
0.874233 0.227025
0.875976 0.525868
0.876041 0.627116
0.87662 0.344517
0.876754 0.603668
0.877983 0.254005
0.878082 0.922462
0.878555 0.879759
0.878712 0.516791
0.88014 0.518724
0.880502 0.58902
0.881032 0.500163
0.881147 0.440939
0.881265 0.413888
0.881466 0.801681
0.881472 0.895691
0.881873 0.641575
0.882168 0.593319
0.882448 0.310413
0.883928 0.170311
0.884339 0.0843528
0.884679 0.796084
0.885669 0.433223
0.885904 0.392552
0.885941 0.0170574
0.887387 0.316572
0.887546 0.982742
0.887592 0.751433
0.888449 0.169311
0.88907 0.596555
0.88912 0.443
0.889822 0.245095
0.890114 0.142868
0.890439 0.605447
0.892251 0.0681957
0.892381 0.250884
0.89287 0.462538
0.892943 0.698908
0.892983 0.365551
0.893072 0.859378
0.893435 0.959461
0.894071 0.652637
0.894426 0.62591
0.895391 0.831112
0.895603 0.402683
0.895855 0.638479
0.895912 0.600034
0.896361 0.146032
0.896517 0.762144
0.896723 0.223012
0.897123 0.940314
0.897451 0.45792
0.897959 0.990932
0.898872 0.335273
0.89905 0.326323
0.8996 0.579987
0.900152 0.860989
0.900339 0.994253
0.900627 0.841796
0.901279 0.802345
0.901426 0.260318
0.901634 0.768253
0.901844 0.296811
0.902425 0.0521685
0.903137 0.0250186
0.904477 0.541397
0.904673 0.84054
0.905795 0.696463
0.906877 0.873472
0.907233 0.871304
0.907814 0.636539
0.908659 0.832993
0.908723 0.909941
0.909318 0.91136
0.909588 0.440503
0.909607 0.767919
0.910013 0.588115
0.910666 0.556294
0.910775 0.401697
0.913153 0.362489
0.913575 0.462336
0.91456 0.0120002
0.915117 0.376353
0.915363 0.514561
0.9155 0.81164
0.915548 0.61947
0.915957 0.491977
0.916049 0.0314549
0.916449 0.756787
0.918339 0.519981
0.918613 0.121918
0.91904 0.299192
0.919307 0.795409
0.919429 0.837935
0.919649 0.543244
0.92136 0.297684
0.921547 0.445794
0.922892 0.0519255
0.922943 0.904178
0.922946 0.955855
0.924197 0.98063
0.92544 0.8754
0.92592 0.931763
0.926635 0.954201
0.926781 0.406312
0.928453 0.501866
0.928772 0.873823
0.930293 0.435058
0.931183 0.391492
0.932512 0.734939
0.932522 0.898956
0.932598 0.179241
0.933979 0.38434
0.9351 0.225572
0.935521 0.30187
0.935971 0.869813
0.936377 0.695127
0.936457 0.0252495
0.936509 0.90372
0.936764 0.188791
0.938042 0.66974
0.938555 0.294642
0.939564 0.258235
0.940626 0.104806
0.94163 0.970788
0.94185 0.681333
0.942085 0.616885
0.943002 0.0367812
0.943066 0.103969
0.943194 0.266192
0.943265 0.446729
0.943734 0.339505
0.944597 0.835334
0.945415 0.596423
0.94572 0.718179
0.945759 0.36733
0.946331 0.989702
0.946732 0.716928
0.946857 0.828373
0.946989 0.035777
0.947194 0.484506
0.947983 0.749333
0.948111 0.906499
0.948275 0.658126
0.94885 0.329006
0.949148 0.329242
0.94916 0.533447
0.949174 0.760929
0.949758 0.583891
0.950752 0.287296
0.951262 0.8679
0.951284 0.231654
0.952066 0.376605
0.953161 0.775311
0.953234 0.00586687
0.95346 0.797821
0.953613 0.379208
0.953836 0.115305
0.954326 0.362256
0.954381 0.288961
0.955764 0.524034
0.956029 0.974491
0.956774 0.496972
0.95699 0.132117
0.957318 0.642844
0.958338 0.79034
0.958837 0.166168
0.958924 0.628196
0.958956 0.179767
0.958986 0.675333
0.959506 0.416057
0.959688 0.477936
0.960421 0.796657
0.961452 0.129263
0.961911 0.845969
0.962138 0.650962
0.962601 0.433065
0.963901 0.278082
0.964006 0.0548792
0.965417 0.761327
0.966512 0.169785
0.967458 0.073985
0.968055 0.093436
0.968822 0.983951
0.969471 0.894333
0.970111 0.651364
0.97048 0.851649
0.970514 0.424022
0.970666 0.987456
0.971115 0.521823
0.971513 0.219466
0.97165 0.522915
0.973167 0.017704
0.974463 0.79269
0.976481 0.716542
0.976502 0.0753026
0.976642 0.416749
0.977307 0.594307
0.977334 0.0518285
0.977511 0.0242366
0.978277 0.900539
0.978309 0.436153
0.979519 0.781981
0.979703 0.861579
0.97991 0.350074
0.979992 0.722271
0.980053 0.746798
0.980631 0.4724
0.980758 0.606165
0.981031 0.190391
0.981728 0.895861
0.982442 0.894984
0.982523 0.269412
0.98274 0.904291
0.983056 0.21568
0.983733 0.598132
0.983804 0.801883
0.984135 0.354566
0.984884 0.94721
0.98545 0.465507
0.98607 0.883978
0.9863 0.744655
0.98686 0.154315
0.987001 0.531942
0.987071 0.702994
0.987277 0.164261
0.987793 0.835432
0.987896 0.565505
0.988701 0.102956
0.989664 0.275687
0.990012 0.139899
0.990848 0.186252
0.991382 0.164436
0.99187 0.362847
0.992114 0.45549
0.993041 0.0325244
0.993103 0.0741593
0.993182 0.412038
0.994051 0.0233294
0.994088 0.644814
0.994387 0.67025
0.99441 0.0536956
0.995062 0.00558024
0.995739 0.393425
0.996297 0.757903
0.996766 0.651837
0.996849 0.0361261
0.997121 0.614505
0.997365 0.719318
0.997581 0.347115
0.998146 0.836305
0.999312 0.428142
