0.000171716 0.886044
0.000285147 0.792477
0.00093474 0.710176
0.000987471 0.596434
0.00310385 0.166414
0.00439734 0.906064
0.00450337 0.688207
0.00478488 0.419474
0.00742368 0.769787
0.0079765 0.0609705
0.00804668 0.24049
0.00864032 0.217875
0.00996494 0.480819
0.0103214 0.471154
0.0103529 0.00171115
0.0110795 0.212921
0.0117555 0.575127
0.0117892 0.140879
0.0125942 0.671232
0.0138484 0.750806
0.0140656 0.400704
0.0141583 0.959364
0.0145379 0.337769
0.0146089 0.531823
0.0158437 0.284372
0.0167095 0.837099
0.017504 0.189519
0.0180087 0.673052
0.019226 0.131002
0.0207328 0.456475
0.0209394 0.928339
0.0215855 0.787356
0.0221466 0.217724
0.0235516 0.831946
0.024408 0.224764
0.0248598 0.818221
0.0248603 0.826712
0.0252497 0.372007
0.0257621 0.983337
0.0258664 0.737226
0.0265564 0.332885
0.0276915 0.41128
0.028383 0.0336652
0.028718 0.663642
0.0299661 0.640652
0.0302183 0.878482
0.0303502 0.0961152
0.031828 0.932801
0.032748 0.395671
0.0332022 0.0299738
0.0340248 0.854019
0.0342848 0.22388
0.0347667 0.323593
0.034795 0.799859
0.035862 0.732982
0.0368126 0.709208
0.0368822 0.879649
0.0372483 0.0322006
0.0377031 0.676294
0.0379677 0.122853
0.0381092 0.500778
0.0383995 0.379572
0.0400685 0.431659
0.0401979 0.605973
0.0405913 0.217987
0.0407735 0.279733
0.0412151 0.702317
0.0417819 0.228949
0.0426503 0.823735
0.0440979 0.15259
0.0443791 0.878747
0.044553 0.801959
0.0453835 0.759975
0.0455776 0.0229684
0.0457445 0.827743
0.0463006 0.174463
0.0466148 0.455619
0.0470843 0.34528
0.0483003 0.782654
0.0488523 0.0609789
0.0488804 0.533441
0.0489489 0.684238
0.0493126 0.797603
0.0495746 0.199998
0.0495767 0.236399
0.0498609 0.0120181
0.0507329 0.667137
0.0517492 0.749072
0.0522881 0.805645
0.0537555 0.468671
0.0543604 0.635485
0.0548912 0.556748
0.0549283 0.180329
0.0550638 0.456801
0.0554456 0.874455
0.0562681 0.698429
0.056592 0.141771
0.0574814 0.0901206
0.0576101 0.25264
0.0577007 0.775793
0.0580227 0.188306
0.0580763 0.0884952
0.0581098 0.651798
0.0584666 0.648112
0.0587922 0.11991
0.0595162 0.289586
0.0596284 0.174974
0.0599946 0.329646
0.060209 0.932304
0.0605082 0.96055
0.0611476 0.708323
0.0616092 0.465468
0.0618769 0.965122
0.0619489 0.174781
0.0630291 0.329508
0.0640021 0.682652
0.0641268 0.778867
0.0652443 0.561269
0.0653475 0.295075
0.0655671 0.986414
0.0657391 0.877107
0.0664026 0.0291116
0.067428 0.261767
0.0675659 0.580947
0.0678149 0.765832
0.068391 0.447121
0.0687106 0.819094
0.0688455 0.0867613
0.0692501 0.886311
0.070483 0.606976
0.0722517 0.334453
0.0729428 0.949294
0.0737781 0.988219
0.0747078 0.614121
0.0751935 0.777572
0.0754093 0.404061
0.0761985 0.668325
0.0762763 0.974914
0.0767858 0.538206
0.077301 0.198373
0.078135 0.214751
0.0783661 0.0994244
0.0788845 0.811692
0.0794011 0.494681
0.0796432 0.56372
0.0801515 0.105716
0.0816345 0.0302371
0.0817943 0.716404
0.0819617 0.529772
0.0827341 0.511707
0.082897 0.249598
0.0833648 0.111648
0.0836596 0.0666709
0.083698 0.712722
0.085054 0.503008
0.0851045 0.351636
0.0855704 0.18206
0.0864132 0.346019
0.0864732 0.355104
0.0865234 0.198208
0.0874289 0.417733
0.088291 0.90608
0.0884122 0.944059
0.0891393 0.163448
0.0892251 0.607037
0.0895609 0.249348
0.0898143 0.508341
0.0902606 0.00967357
0.0903294 0.166536
0.0905979 0.678242
0.0915178 0.13947
0.0915534 0.738508
0.0917212 0.558278
0.0919444 0.309003
0.0935135 0.682247
0.0957066 0.541011
0.0960695 0.639787
0.0961104 0.327404
0.0961497 0.988443
0.0967135 0.463554
0.0974064 0.109685
0.0985022 0.527206
0.0996484 0.790147
0.100245 0.816078
0.100604 0.858692
0.100858 0.117701
0.100905 0.902302
0.101386 3.66522e-06
0.101786 0.710129
0.101902 0.670181
0.102401 0.0482621
0.103788 0.362773
0.104342 0.684386
0.106282 0.289737
0.106605 0.710257
0.106812 0.195386
0.107591 0.285255
0.108465 0.971202
0.110598 0.816529
0.112457 0.0623299
0.114505 0.488673
0.114576 0.675394
0.117471 0.343139
0.117795 0.776298
0.117826 0.296814
0.118156 0.849561
0.118185 0.338513
0.118777 0.281868
0.119124 0.124237
0.120827 0.74743
0.121957 0.727878
0.122767 0.351974
0.123496 0.596079
0.125096 0.493838
0.125487 0.0639503
0.125745 0.402709
0.125856 0.26184
0.126581 0.451981
0.126674 0.00924884
0.127541 0.577855
0.128399 0.00194768
0.12869 0.88831
0.128876 0.0157585
0.130786 0.112317
0.130806 0.463345
0.131055 0.643824
0.131139 0.060569
0.131948 0.650605
0.132104 0.270177
0.132445 0.00180309
0.133288 0.165888
0.133348 0.173854
0.133433 0.606799
0.133809 0.93265
0.133917 0.744682
0.134064 0.219317
0.134106 0.925913
0.13472 0.241381
0.135019 0.261597
0.136352 0.673728
0.136406 0.583591
0.13662 0.176849
0.136695 0.433717
0.136853 0.0822309
0.137114 0.479375
0.137649 0.467568
0.138102 0.0721384
0.138808 0.945523
0.139139 0.516114
0.139878 0.936601
0.139906 0.406058
0.139956 0.24596
0.140089 0.472304
0.140899 0.0948589
0.141181 0.82298
0.143053 0.292959
0.143176 0.364779
0.143932 0.0664132
0.145624 0.496083
0.14639 0.374264
0.14716 0.317279
0.14764 0.390633
0.147657 0.662755
0.148202 0.824374
0.149155 0.851917
0.149546 0.413208
0.150583 0.852136
0.151552 0.142379
0.151568 0.402261
0.152249 0.84277
0.152804 0.168757
0.153742 0.947602
0.15401 0.441488
0.154117 0.237749
0.154386 0.761782
0.154882 0.105075
0.155197 0.403198
0.155647 0.95998
0.156432 0.160757
0.156481 0.982001
0.156798 0.306851
0.156977 0.318877
0.157963 0.883896
0.159596 0.326895
0.162385 0.209093
0.164569 0.919046
0.166516 0.639953
0.167432 0.0321442
0.168141 0.939918
0.16913 0.574287
0.169668 0.606645
0.170591 0.125631
0.170964 0.385443
0.171263 0.420177
0.171483 0.117534
0.17171 0.93807
0.172504 0.280652
0.173272 0.187133
0.174389 0.955252
0.174742 0.885918
0.174792 0.729773
0.175839 0.329211
0.177624 0.318536
0.178435 0.956274
0.179054 0.368389
0.180465 0.0711042
0.182823 0.714099
0.184286 0.302508
0.184941 0.310641
0.187109 0.734164
0.187321 0.297244
0.187932 0.570903
0.188485 0.865914
0.188638 0.444069
0.189149 0.0354971
0.189556 0.865726
0.190496 0.664411
0.190751 0.946139
0.191888 0.0679784
0.192033 0.490584
0.194829 0.497151
0.194902 0.722432
0.195031 0.883809
0.19509 0.873203
0.19512 0.386996
0.195668 0.592645
0.196866 0.723405
0.197254 0.247083
0.197494 0.285388
0.197498 0.353219
0.198359 0.825687
0.199371 0.825993
0.199951 0.582071
0.200424 0.519629
0.200601 0.495685
0.201755 0.896103
0.202091 0.549591
0.203135 0.0879991
0.203207 0.303246
0.203649 0.724124
0.20366 0.910078
0.203692 0.447711
0.204692 0.259261
0.205681 0.883643
0.205972 0.770342
0.206322 0.650535
0.206619 0.64487
0.206695 0.923621
0.207371 0.279651
0.207592 0.00339875
0.207672 0.33893
0.209597 0.69703
0.210172 0.365672
0.210184 0.562317
0.210699 0.211425
0.211743 0.764907
0.212041 0.779849
0.212162 0.81393
0.212367 0.248345
0.212728 0.313609
0.212806 0.631413
0.213323 0.312171
0.215862 0.991084
0.216413 0.251636
0.216587 0.179136
0.217812 0.759537
0.21859 0.843199
0.218884 0.786725
0.219313 0.985482
0.219447 0.245816
0.219792 0.0469557
0.220116 0.485359
0.220122 0.589238
0.220355 0.512785
0.221684 0.842888
0.221908 0.604296
0.221969 0.627226
0.222105 0.917511
0.224137 0.0730228
0.224948 0.694028
0.226421 0.465856
0.226662 0.505554
0.226816 0.0915119
0.227837 0.257142
0.228371 0.227046
0.228471 0.913002
0.228501 0.414516
0.228631 0.595749
0.228994 0.699425
0.22911 0.648597
0.229164 0.561293
0.230161 0.314497
0.230722 0.740623
0.230842 0.765289
0.231536 0.433232
0.231881 0.23222
0.232697 0.944997
0.233483 0.15464
0.233601 0.129398
0.238706 0.927066
0.238928 0.659994
0.239009 0.0202638
0.24059 0.603098
0.240608 0.903443
0.240637 0.387684
0.241361 0.546794
0.241501 0.910264
0.241628 0.0345515
0.24173 0.7497
0.241768 0.394249
0.24183 0.438975
0.242815 0.998727
0.242946 0.199714
0.245195 0.99023
0.246122 0.566841
0.246206 0.989495
0.246378 0.871399
0.247774 0.339159
0.247864 0.857913
0.248003 0.182094
0.248707 0.0233748
0.250238 0.746123
0.250338 0.427313
0.251014 0.786732
0.251045 0.318096
0.251266 0.0245233
0.252187 0.505496
0.252357 0.359053
0.252384 0.825207
0.25302 0.506848
0.253129 0.343759
0.253957 0.251992
0.255073 0.00735377
0.255165 0.561679
0.255614 0.107073
0.25637 0.804825
0.25669 0.192874
0.257652 0.364539
0.258042 0.919296
0.258371 0.436534
0.259202 0.414101
0.259584 0.820461
0.260994 0.52673
0.2621 0.116266
0.26212 0.454412
0.262414 0.391544
0.262432 0.692993
0.26282 0.210527
0.262859 0.87335
0.263184 0.332055
0.265079 0.190496
0.266835 0.690101
0.267145 0.898276
0.267146 0.925104
0.267178 0.460389
0.267497 0.82009
0.26835 0.158586
0.268459 0.994441
0.268817 0.0115176
0.2698 0.532302
0.270414 0.847253
0.271243 0.778535
0.271492 0.965416
0.272394 0.130963
0.273409 0.181311
0.273983 0.830074
0.274664 0.274706
0.27593 0.557899
0.276519 0.452692
0.276564 0.206168
0.278713 0.332156
0.279405 0.963033
0.279852 0.473405
0.280403 0.726623
0.280771 0.915113
0.282119 0.57397
0.283321 0.774103
0.283732 0.681469
0.284842 0.337045
0.286176 0.762386
0.287951 0.600122
0.28818 0.438463
0.289019 0.539459
0.289472 0.156598
0.289998 0.997406
0.290049 0.852374
0.292826 0.532347
0.292979 0.0997089
0.293967 0.694766
0.294835 0.285896
0.294949 0.208131
0.29537 0.290518
0.29596 0.200353
0.296413 0.817617
0.297165 0.45358
0.298712 0.458914
0.299509 0.843994
0.299841 0.422473
0.299936 0.0314807
0.300896 0.161362
0.303286 0.322305
0.303464 0.312894
0.304117 0.293892
0.304272 0.898618
0.304531 0.258696
0.305429 0.350323
0.30544 0.52885
0.305842 0.290661
0.30693 0.577364
0.307225 0.523778
0.308088 0.0295701
0.309039 0.025268
0.3104 0.890108
0.310621 0.609433
0.312325 0.24024
0.31256 0.197112
0.312715 0.804068
0.313939 0.380876
0.314125 0.492867
0.31439 0.959721
0.314545 0.557097
0.314953 0.412715
0.315161 0.908198
0.31583 0.148336
0.31587 0.83096
0.316007 0.136804
0.316413 0.947921
0.31644 0.40754
0.316653 0.985693
0.316699 0.764362
0.317094 0.391771
0.318635 0.301545
0.319304 0.550245
0.320185 0.34764
0.321029 0.53781
0.323592 0.608222
0.323774 0.663519
0.323957 0.746318
0.324244 0.57064
0.324262 0.873724
0.324525 0.291029
0.324993 0.165656
0.326016 0.358193
0.326127 0.220908
0.326649 0.989447
0.32675 0.68359
0.32711 0.745856
0.328027 0.142062
0.331479 0.174653
0.331575 0.783833
0.331579 0.843704
0.331658 0.18408
0.332161 0.634758
0.332967 0.17289
0.333098 0.371591
0.333717 0.778643
0.333834 0.740886
0.333994 0.442212
0.334978 0.978282
0.335202 0.731965
0.335219 0.0230512
0.336073 0.385409
0.336359 0.191395
0.336612 0.436715
0.337209 0.464024
0.338325 0.230139
0.338616 0.125094
0.339787 0.797409
0.340191 0.595104
0.340568 0.9245
0.341429 0.395355
0.341555 0.521787
0.341669 0.434403
0.341702 0.982241
0.342417 0.999131
0.342449 0.54232
0.342998 0.772458
0.343623 0.275586
0.344477 0.620194
0.346094 0.79878
0.346328 0.737032
0.346723 0.369591
0.348033 0.386286
0.348239 0.859911
0.348378 0.182339
0.34926 0.0101469
0.349818 0.391436
0.349903 0.815678
0.351304 0.368057
0.351376 0.568309
0.351597 0.290311
0.352102 0.784692
0.353997 0.63382
0.354297 0.676577
0.355704 0.309034
0.356587 0.165667
0.357038 0.737835
0.357429 0.313504
0.358007 0.0286108
0.358143 0.308221
0.358473 0.855567
0.359049 0.540636
0.359205 0.151654
0.35929 0.594993
0.359913 0.0525642
0.361173 0.235713
0.362054 0.0464669
0.362412 0.0551149
0.362879 0.903281
0.363246 0.0702248
0.363998 0.713701
0.368021 0.321643
0.369428 0.973784
0.369481 0.874122
0.371523 0.194504
0.373204 0.442156
0.374546 0.986498
0.374953 0.828631
0.376752 0.0719912
0.378814 0.719375
0.37933 0.396337
0.37936 0.906664
0.379776 0.890603
0.381011 0.656472
0.381306 0.609766
0.382732 0.579337
0.383002 0.115938
0.384103 0.618657
0.384754 0.561541
0.385158 0.354705
0.386916 0.903491
0.387635 0.989565
0.388008 0.248672
0.388121 0.154675
0.388625 0.62218
0.388681 0.566776
0.390114 0.648726
0.390171 0.603512
0.390492 0.00597594
0.391078 0.844066
0.391207 0.0138647
0.391207 0.0150465
0.391419 0.573517
0.391492 0.813761
0.391692 0.168675
0.391808 0.118607
0.393038 0.797237
0.394197 0.26112
0.394594 0.948611
0.394888 0.87895
0.394889 0.906937
0.397175 0.317098
0.398277 0.833725
0.399634 0.651809
0.400909 0.0747264
0.402756 0.126488
0.403781 0.353407
0.404768 0.929446
0.405241 0.882414
0.406088 0.119151
0.408079 0.575761
0.408283 0.0178293
0.408458 0.958462
0.40862 0.670276
0.40905 0.896832
0.40943 0.288886
0.409822 0.870307
0.410183 0.948148
0.411096 0.286157
0.412143 0.880085
0.412286 0.297009
0.412385 0.948835
0.412835 0.513576
0.413054 0.191868
0.413533 0.248724
0.413877 0.0267838
0.414138 0.419036
0.415429 0.110014
0.416123 0.773316
0.416139 0.0479118
0.41681 0.321147
0.417263 0.932526
0.417614 0.842593
0.419083 0.525741
0.419442 0.563832
0.420185 0.0452549
0.420611 0.213528
0.420786 0.157777
0.421307 0.902477
0.422781 0.684378
0.42343 0.595166
0.424133 0.396086
0.424143 0.570513
0.425135 0.237244
0.425587 0.840006
0.426846 0.00119325
0.42729 0.456741
0.429143 0.604227
0.429471 0.126819
0.429581 0.969537
0.430363 0.118542
0.430658 0.0625301
0.431663 0.963778
0.432389 0.160212
0.433654 0.425271
0.433699 0.184664
0.433762 0.24055
0.433775 0.459
0.434227 0.0497252
0.434524 0.0521056
0.434835 0.272028
0.435746 0.59033
0.435849 0.31822
0.436595 0.859828
0.437536 0.668711
0.437589 0.557395
0.437751 0.277551
0.439924 0.809196
0.440708 0.971153
0.440805 0.618033
0.441147 0.349893
0.442235 0.649682
0.443625 0.0112612
0.444341 0.0404064
0.444775 0.339537
0.444842 0.462143
0.445335 0.742888
0.445533 0.0661679
0.445552 0.39925
0.446299 0.946016
0.446784 0.0981422
0.449206 0.799418
0.449591 0.274792
0.449776 0.38395
0.450252 0.389574
0.450863 0.662694
0.450968 0.41742
0.451064 0.0325717
0.451094 0.543172
0.453016 0.834771
0.454067 0.506932
0.454821 0.170663
0.455061 0.210635
0.455327 0.682082
0.461218 0.694192
0.461807 0.592679
0.461947 0.950067
0.462457 0.509767
0.462661 0.940472
0.462695 0.511343
0.46289 0.799827
0.464992 0.113172
0.465418 0.285499
0.466494 0.360225
0.46677 0.999493
0.466817 0.794887
0.468088 0.15805
0.468607 0.871256
0.469171 0.365362
0.471148 0.576106
0.471635 0.773688
0.472361 0.964996
0.472594 0.881546
0.472619 0.307316
0.472634 0.558589
0.472655 0.910674
0.473343 0.474158
0.473736 0.0871036
0.47405 0.366044
0.474128 0.66332
0.474227 0.329687
0.474653 0.485861
0.475607 0.518374
0.476186 0.263542
0.478033 0.296129
0.478114 0.669453
0.479185 0.665751
0.479586 0.397172
0.47975 0.156124
0.479782 0.696676
0.480653 0.337848
0.481253 0.419041
0.481668 0.397517
0.481725 0.35062
0.481941 0.980224
0.482228 0.813313
0.48286 0.430996
0.483013 0.994006
0.483363 0.887669
0.484031 0.11332
0.484522 0.359856
0.487748 0.586875
0.488002 0.849217
0.488338 0.503644
0.488611 0.084582
0.48893 0.440018
0.489052 0.498689
0.489145 0.0563326
0.489201 0.993619
0.490249 0.620003
0.490807 0.000532742
0.490993 0.120202
0.491151 0.776237
0.491481 0.326854
0.492744 0.545378
0.49429 0.531898
0.494547 0.854707
0.495622 0.927046
0.495743 0.948761
0.496678 0.658851
0.49796 0.215983
0.499736 0.0567002
0.500123 0.572888
0.500534 0.472897
0.502618 0.506833
0.503045 0.676726
0.503052 0.790624
0.50339 0.470016
0.503434 0.212825
0.503512 0.52076
0.504498 0.0912497
0.504918 0.154031
0.505643 0.339227
0.506571 0.940945
0.507299 0.181567
0.507775 0.168314
0.508306 0.104157
0.508921 0.441351
0.508979 0.406232
0.512152 0.744183
0.512504 0.646784
0.512656 0.210272
0.512905 0.396135
0.513029 0.472988
0.515268 0.103909
0.515288 0.442258
0.515661 0.722168
0.517078 0.534984
0.51749 0.45542
0.517997 0.977929
0.518313 0.287933
0.518374 0.317993
0.519204 0.258228
0.51946 0.568968
0.519465 0.653204
0.520522 0.40942
0.520526 0.486885
0.521378 0.803091
0.522178 0.251321
0.52242 0.317238
0.522889 0.190307
0.523043 0.779153
0.523044 0.806545
0.52425 0.0772325
0.525118 0.65451
0.528025 0.520161
0.529781 0.0330394
0.530401 0.450179
0.530538 0.751453
0.531641 0.290001
0.531858 0.944532
0.532799 0.747834
0.533374 0.424286
0.53356 0.538094
0.533782 0.277541
0.533954 0.166864
0.534331 0.49673
0.535287 0.575035
0.535437 0.0845445
0.537512 0.96571
0.537714 0.361947
0.537883 0.199154
0.538261 0.559214
0.538848 0.41806
0.539696 0.67765
0.542924 0.921785
0.544963 0.19535
0.545281 0.534045
0.54532 0.192079
0.546007 0.746641
0.546438 0.979881
0.546933 0.309564
0.547461 0.171072
0.548441 0.644327
0.549643 0.854439
0.549883 0.889918
0.550007 0.972507
0.55157 0.24433
0.551724 0.827055
0.552516 0.128564
0.553284 0.038638
0.553292 0.182956
0.553743 0.762419
0.553951 0.258568
0.554315 0.377341
0.554565 0.570874
0.555337 0.543261
0.556982 0.193017
0.5572 0.857981
0.557475 0.484531
0.558389 0.85203
0.559226 0.906874
0.559377 0.443252
0.55952 0.846745
0.560202 0.306718
0.560265 0.375471
0.560439 0.300491
0.56109 0.24044
0.561956 0.789582
0.562284 0.309614
0.563194 0.607732
0.563204 0.77121
0.56405 0.987551
0.565367 0.124272
0.565508 0.487335
0.565943 0.802775
0.565974 0.321092
0.56625 0.966989
0.566357 0.765066
0.569613 0.480129
0.570121 0.0308605
0.570161 0.699835
0.571583 0.597051
0.572186 0.735518
0.573235 0.363765
0.57351 0.987012
0.574296 0.19405
0.574942 0.0416087
0.575774 0.0289976
0.575948 0.960607
0.576258 0.162114
0.577326 0.110389
0.577724 0.811412
0.577788 0.876237
0.57782 0.420529
0.577847 0.872925
0.577862 0.131524
0.577963 0.826794
0.579016 0.52979
0.579106 0.0301054
0.579235 0.205374
0.580315 0.352745
0.580857 0.470934
0.58115 0.396092
0.581768 0.7808
0.58368 0.912538
0.583691 0.0922233
0.584029 0.77477
0.584436 0.623054
0.584664 0.452982
0.585949 0.0364729
0.586248 0.0631072
0.58721 0.238068
0.587552 0.982756
0.587721 0.825442
0.587896 0.767539
0.588482 0.612603
0.589207 0.795458
0.589612 0.604446
0.590815 0.827001
0.591327 0.430748
0.591864 0.460704
0.592567 0.274984
0.593996 0.297883
0.594099 0.0177669
0.594549 0.581115
0.594597 0.383937
0.594876 0.0879758
0.595175 0.103231
0.595895 0.204441
0.596879 0.752861
0.597574 0.418541
0.59812 0.609712
0.598634 0.244232
0.599326 0.868934
0.599902 0.559748
0.600984 0.732225
0.601884 0.863501
0.602671 0.0977814
0.603433 0.893926
0.603685 0.131131
0.604069 0.588198
0.604407 0.274196
0.605659 0.307893
0.605745 0.75898
0.606261 0.427983
0.607013 0.0616524
0.608427 0.831854
0.608446 0.159153
0.608694 0.328792
0.608701 0.445162
0.609054 0.364817
0.609084 0.876199
0.609156 0.0929886
0.609446 0.964082
0.609656 0.487474
0.609835 0.491438
0.609841 0.592202
0.610187 0.421243
0.610342 0.0144246
0.610541 0.357654
0.612017 0.177262
0.612859 0.316569
0.613016 0.9652
0.613748 0.262218
0.614176 0.459637
0.615436 0.629692
0.615933 0.984216
0.617056 0.85594
0.61798 0.390399
0.618637 0.437843
0.619556 0.874832
0.621409 0.0209487
0.621894 0.167996
0.622175 0.888924
0.622608 0.176197
0.622622 0.415966
0.623049 0.588998
0.623732 0.0670102
0.624677 0.951675
0.625015 0.623046
0.625309 0.57396
0.626569 0.745651
0.626673 0.498288
0.627977 0.413468
0.628357 0.790292
0.629207 0.0776813
0.631942 0.0437167
0.633297 0.817199
0.633537 0.847795
0.63355 0.0831025
0.634119 0.635671
0.634608 0.860927
0.634781 0.770317
0.63501 0.619474
0.635226 0.247568
0.636283 0.00170226
0.636569 0.807383
0.637302 0.126769
0.638855 0.236624
0.639434 0.962806
0.639823 0.506128
0.640272 0.0501921
0.640862 0.969677
0.641181 0.321755
0.641963 0.470666
0.641985 0.834592
0.642266 0.56366
0.642374 0.378149
0.643186 0.0307727
0.643446 0.397198
0.643783 0.0615015
0.644899 0.813138
0.645526 0.362591
0.646754 0.992031
0.64727 0.674472
0.647644 0.944905
0.648367 0.108718
0.649395 0.381656
0.649657 0.785296
0.649718 0.802692
0.651121 0.397169
0.651461 0.111169
0.653381 0.368529
0.654346 0.584727
0.655613 0.895969
0.65573 0.853117
0.655798 0.999962
0.656459 0.110628
0.656896 0.445525
0.656952 0.386387
0.657332 0.777448
0.657357 0.191462
0.657405 0.003597
0.657748 0.770739
0.65808 0.34543
0.658393 0.605369
0.658783 0.17408
0.659118 0.795111
0.661334 0.0407007
0.662526 0.0821854
0.663962 0.210248
0.664331 0.419556
0.664857 0.248984
0.666754 0.127876
0.667134 0.519515
0.667763 0.0964149
0.668177 0.0551842
0.66928 0.584497
0.672024 0.70173
0.672504 0.770552
0.672531 0.227096
0.67255 0.545551
0.672861 0.771343
0.672994 0.0167906
0.673805 0.648776
0.674734 0.259205
0.675448 0.252522
0.676411 0.433736
0.676665 0.710455
0.678476 0.14175
0.678659 0.217427
0.678761 0.937546
0.678989 0.772827
0.67956 0.360262
0.679968 0.224317
0.680086 0.206822
0.680676 0.117956
0.681144 0.986635
0.681263 0.989692
0.681375 0.862331
0.68164 0.331344
0.681805 0.0888091
0.68211 0.22189
0.684053 0.885453
0.684174 0.919488
0.684241 0.0327103
0.684361 0.0557094
0.685471 0.711848
0.685595 0.801786
0.686625 0.103924
0.68667 0.860445
0.687497 0.766064
0.687881 0.222302
0.688269 0.742787
0.688818 0.97053
0.688892 0.212598
0.689185 0.133733
0.68941 0.90724
0.689938 0.779925
0.690107 0.635853
0.690323 0.255721
0.6913 0.679709
0.691416 0.634979
0.693389 0.793967
0.6937 0.0110482
0.694496 0.394429
0.695261 0.250783
0.695993 0.55155
0.697843 0.650191
0.69786 0.92982
0.698061 0.307955
0.698147 0.755559
0.699078 0.406083
0.700842 0.0531287
0.701145 0.150216
0.70307 0.492006
0.704751 0.75834
0.706456 0.40725
0.707122 0.605039
0.707712 0.5236
0.70849 0.584644
0.710083 0.365454
0.711471 0.693638
0.711901 0.92158
0.713087 0.858246
0.713425 0.536105
0.713594 0.375723
0.714995 0.922552
0.716026 0.254634
0.71612 0.823978
0.718296 0.402847
0.71887 0.0471796
0.719219 0.907291
0.719277 0.893805
0.720521 0.797575
0.721809 0.440789
0.723019 0.776819
0.723853 0.7992
0.723873 0.12761
0.725386 0.555726
0.725682 0.536365
0.726663 0.0176343
0.726913 0.223932
0.727919 0.131081
0.728149 0.00124415
0.728841 0.635275
0.729094 0.881151
0.729425 0.451389
0.730531 0.027981
0.730757 0.828333
0.730775 0.12982
0.731903 0.0959226
0.732423 0.840466
0.732487 0.912968
0.733228 0.367163
0.734558 0.720503
0.734596 0.347301
0.736244 0.0448061
0.737202 0.158228
0.73764 0.519015
0.737965 0.973125
0.738804 0.0821203
0.739072 0.586532
0.739249 0.562666
0.739872 0.0264745
0.740165 0.950364
0.740357 0.177278
0.740428 0.368068
0.740712 0.143374
0.740891 0.1469
0.74209 0.313755
0.743218 0.263007
0.743285 0.386663
0.743551 0.85858
0.743572 0.214186
0.744067 0.537162
0.744353 0.338108
0.744362 0.484539
0.744477 0.427271
0.744903 0.583178
0.745079 0.537281
0.745375 0.523531
0.746512 0.619512
0.746937 0.772359
0.747023 0.223087
0.74753 0.729739
0.747927 0.405844
0.749027 0.900697
0.74922 0.13575
0.749664 0.602654
0.75043 0.478206
0.750449 0.795682
0.751118 0.0330808
0.751167 0.858551
0.75133 0.608972
0.751908 0.321927
0.751928 0.661709
0.754205 0.923811
0.75422 0.183271
0.754241 0.532217
0.755994 0.990295
0.756139 0.419913
0.756191 0.298627
0.756312 0.333131
0.756538 0.141841
0.757746 0.43528
0.757862 0.391301
0.758112 0.596973
0.758764 0.552176
0.759058 0.484628
0.7592 0.874308
0.759226 0.30619
0.75934 0.227032
0.759846 0.724692
0.760342 0.0666469
0.760441 0.725039
0.761922 0.625157
0.762056 0.882071
0.765946 0.252391
0.766466 0.997091
0.767102 0.690878
0.768308 0.957668
0.768617 0.14043
0.768646 0.628295
0.768924 0.301334
0.768998 0.553592
0.769145 0.0240012
0.769442 0.0184066
0.769477 0.606402
0.769711 0.535638
0.769756 0.286304
0.770918 0.818159
0.771239 0.209596
0.772027 0.457597
0.77211 0.846973
0.772858 0.430585
0.77407 0.786917
0.775449 0.971957
0.776906 0.459077
0.776977 0.652708
0.77705 0.884649
0.77708 0.38758
0.777209 0.559139
0.777532 0.972419
0.778446 0.349364
0.77889 0.801876
0.779525 0.472809
0.779879 0.42499
0.780063 0.522299
0.780241 0.515979
0.780692 0.0865751
0.780698 0.199525
0.782022 0.436353
0.782566 0.594583
0.782675 0.417133
0.782774 0.0837896
0.783208 0.372464
0.783945 0.766795
0.783945 0.770881
0.784669 0.937386
0.786499 0.69627
0.787547 0.295403
0.788171 0.793609
0.788689 0.500718
0.790299 0.551859
0.790351 0.430393
0.791605 0.500333
0.79209 0.660395
0.792104 0.89157
0.792222 0.878904
0.79305 0.78947
0.793072 0.168493
0.793099 0.612467
0.793959 0.0774603
0.794307 0.90953
0.794385 0.226614
0.795122 0.617744
0.795126 0.68347
0.795228 0.403197
0.795548 0.779357
0.796512 0.976553
0.796694 0.038792
0.797883 0.0264156
0.798206 0.444869
0.799234 0.721462
0.799257 0.116897
0.800176 0.55272
0.801239 0.415672
0.801506 0.916562
0.801608 0.626452
0.802489 0.435328
0.803322 0.439755
0.803807 0.591263
0.804071 0.0134665
0.804463 0.616105
0.804868 0.421821
0.805292 0.537431
0.805602 0.750529
0.805706 0.508018
0.805793 0.968771
0.806751 0.0589487
0.807691 0.855606
0.808172 0.954912
0.808271 0.612663
0.808333 0.659846
0.80905 0.701029
0.809374 0.154114
0.809618 0.254584
0.810255 0.947705
0.811294 0.42578
0.811485 0.628314
0.812234 0.225012
0.812371 0.527616
0.813621 0.53583
0.814344 0.678324
0.814486 0.0654295
0.814789 0.15073
0.814984 0.436655
0.818264 0.568644
0.818785 0.318228
0.818812 0.779232
0.819031 0.461852
0.819153 0.500152
0.820516 0.420214
0.821183 0.62057
0.821521 0.297294
0.823304 0.271248
0.823416 0.146931
0.826472 0.507792
0.827071 0.581042
0.827186 0.508888
0.827385 0.860327
0.827388 0.90154
0.827456 0.0613223
0.827655 0.395958
0.828107 0.990315
0.82964 0.756303
0.830632 0.428145
0.831359 0.656377
0.831394 0.241539
0.831461 0.363551
0.833224 0.995281
0.833538 0.27725
0.834504 0.512044
0.834573 0.670354
0.834577 0.7287
0.836758 0.39358
0.836955 0.700855
0.837072 0.672936
0.837559 0.847868
0.837672 0.749606
0.838104 0.0155443
0.838981 0.748105
0.84024 0.905411
0.841401 0.42177
0.841421 0.765786
0.841797 0.0857823
0.842796 0.865322
0.842894 0.516467
0.843214 0.903866
0.844144 0.536459
0.844616 0.464117
0.845502 0.349613
0.846183 0.798003
0.846536 0.736002
0.846701 0.508087
0.846706 0.584464
0.846891 0.704454
0.848322 0.740948
0.848676 0.696361
0.84898 0.79906
0.849198 0.469291
0.849486 0.309321
0.849836 0.191143
0.849991 0.799922
0.850381 0.355023
0.850637 0.662891
0.850784 0.129849
0.852765 0.416963
0.853922 0.858728
0.854146 0.634411
0.854248 0.344911
0.854558 0.55858
0.854834 0.190014
0.854869 0.785914
0.855072 0.188772
0.855682 0.44764
0.855759 0.740204
0.856389 0.333484
0.856802 0.269361
0.856841 0.932818
0.857112 0.477497
0.857661 0.70571
0.858457 0.0798245
0.858739 0.824858
0.859378 0.563302
0.859814 0.890795
0.859976 0.616062
0.860126 0.138853
0.860262 0.425108
0.860598 0.0660886
0.86119 0.0233356
0.861583 0.632618
0.862184 0.729574
0.862224 0.400936
0.864684 0.741141
0.864839 0.350288
0.865826 0.935327
0.866659 0.936005
0.866752 0.497358
0.867015 0.927411
0.86846 0.212197
0.869411 0.188971
0.869942 0.110366
0.871141 0.272831
0.871168 0.717721
0.872086 0.151955
0.872262 0.106136
0.874111 0.187293
0.874362 0.407592
0.874508 0.852339
0.874714 0.313292
0.874726 0.514289
0.875827 0.025343
0.876269 0.448537
0.877038 0.380869
0.877858 0.156374
0.877866 0.293101
0.878086 0.985864
0.878462 0.304702
0.878641 0.313886
0.878835 0.583477
0.88311 0.433491
0.88428 0.0942232
0.884792 0.697994
0.885097 0.818098
0.885188 0.349523
0.886614 0.321168
0.886801 0.457656
0.887695 0.493042
0.887931 0.462389
0.887983 0.333894
0.888974 0.980081
0.890012 0.430482
0.890105 0.992719
0.89157 0.620581
0.892848 0.089439
0.89308 0.997098
0.89374 0.0812641
0.893784 0.82246
0.894398 0.148541
0.894969 0.742026
0.896401 0.806343
0.896551 0.335809
0.898408 0.540373
0.898567 0.22229
0.899367 0.655071
0.899826 0.371754
0.90072 0.402906
0.901703 0.927722
0.902474 0.876606
0.903522 0.501965
0.90528 0.036468
0.905712 0.304708
0.906512 0.753509
0.908472 0.687724
0.909738 0.972881
0.909981 0.0576279
0.910083 0.761984
0.910493 0.662361
0.910544 0.520131
0.911946 0.0813374
0.912151 0.523891
0.913389 0.32534
0.914683 0.0684649
0.916679 0.626387
0.917374 0.300755
0.917659 0.0957207
0.917709 0.927992
0.917796 0.401111
0.918097 0.460585
0.918275 0.44366
0.918555 0.15101
0.918757 0.550534
0.91975 0.237809
0.921602 0.356815
0.922065 0.154219
0.922119 0.0616943
0.922587 0.923658
0.922709 0.976882
0.922878 0.812415
0.924378 0.0139189
0.924396 0.321127
0.924562 0.113834
0.925026 0.905353
0.92645 0.838006
0.926805 0.816844
0.927368 0.27991
0.927427 0.258449
0.927989 0.719332
0.928014 0.138998
0.928354 0.845681
0.928863 0.404661
0.930067 0.632765
0.930728 0.753449
0.931134 0.571031
0.932114 0.0318497
0.933854 0.284165
0.935687 0.0902021
0.935722 0.67347
0.935788 0.795685
0.936821 0.146488
0.937534 0.140156
0.938463 0.745764
0.939034 0.349776
0.939815 0.476061
0.940239 0.592852
0.940851 0.879057
0.941806 0.929852
0.941847 0.620193
0.942935 0.912617
0.943693 0.646715
0.944935 0.516816
0.945774 0.625029
0.945982 0.116208
0.946132 0.642794
0.946205 0.864467
0.946614 0.740167
0.94762 0.650071
0.9483 0.0863376
0.948502 0.470796
0.949423 0.954916
0.949598 0.892144
0.950615 0.98056
0.952913 0.601368
0.953744 0.57895
0.953805 0.595752
0.955751 0.298713
0.956038 0.129297
0.956231 0.370291
0.956539 0.558962
0.956723 0.642434
0.95729 0.178356
0.957555 0.626755
0.957934 0.997741
0.958401 0.851666
0.958478 0.143096
0.959617 0.290206
0.959925 0.455743
0.960037 0.347165
0.960479 0.766469
0.960739 0.132942
0.961072 0.743032
0.961408 0.379802
0.964083 0.336917
0.964307 0.102222
0.96454 0.0295177
0.965506 0.268013
0.965668 0.981423
0.966267 0.0531776
0.96661 0.819678
0.967279 0.0510029
0.96747 0.263148
0.96749 0.597256
0.967941 0.19047
0.969033 0.53321
0.969502 0.427966
0.969601 0.0906703
0.971211 0.141443
0.971962 0.767772
0.972323 0.833412
0.97281 0.0189172
0.973049 0.0306671
0.973372 0.468843
0.974101 0.707227
0.975268 0.326079
0.975562 0.275835
0.97574 0.262887
0.977684 0.929706
0.97782 0.219545
0.97816 0.934954
0.978938 0.00230669
0.97909 0.55998
0.980801 0.32987
0.981308 0.837509
0.981473 0.613217
0.981744 0.178941
0.981755 0.364136
0.982036 0.0840314
0.982186 0.601673
0.982403 0.249097
0.982415 0.443481
0.983934 0.982317
0.984075 0.35528
0.984326 0.57374
0.985061 0.912332
0.98637 0.926155
0.988677 0.688628
0.988817 0.0449995
0.988972 0.652034
0.989489 0.33568
0.989889 0.0623581
0.990288 0.770081
0.990802 0.403098
0.991689 0.316198
0.99203 0.0510953
0.992066 0.649883
0.992666 0.733855
0.99278 0.647065
0.993187 0.496226
0.993341 0.0801804
0.996004 0.83658
0.996072 0.986313
0.996329 0.309638
0.996793 0.100742
0.997663 0.729948
0.998693 0.0271552
0.999793 0.522517
0.999841 0.328798
