0.000337123 0.666033
0.00168246 0.277173
0.00212486 0.71249
0.00316524 0.198156
0.00346937 0.309785
0.00392398 0.950317
0.00419416 0.491255
0.00429841 0.243422
0.00478688 0.453096
0.00571877 0.115312
0.00577663 0.0877699
0.00628269 0.593155
0.00631977 0.216447
0.00684634 0.0664349
0.0075957 0.660957
0.00771757 0.70918
0.00795802 0.75042
0.00805398 0.363192
0.00848669 0.635736
0.00857919 0.19046
0.00916993 0.118977
0.00951612 0.937483
0.00997709 0.684884
0.0105482 0.284098
0.0109649 0.287008
0.0112905 0.758979
0.011376 0.196808
0.0118626 0.37426
0.0118774 0.624227
0.0119504 0.850619
0.0123037 0.787937
0.0126705 0.952338
0.0137069 0.371441
0.0138706 0.123067
0.0144379 0.658355
0.0151017 0.814203
0.0154294 0.321267
0.0161563 0.538331
0.0165598 0.321195
0.0174689 0.599903
0.0178558 0.102067
0.0178686 0.318294
0.0181942 0.789881
0.018307 0.685693
0.0193499 0.213364
0.0202484 0.315525
0.0213242 0.394994
0.0215945 0.93896
0.0219505 0.922157
0.0231518 0.111803
0.0232537 0.825449
0.023292 0.46862
0.0235802 0.31189
0.0241159 0.316457
0.0244744 0.341806
0.0251701 0.0344096
0.025807 0.738018
0.0262159 0.610705
0.0270411 0.480566
0.0271955 0.0748427
0.0274384 0.157413
0.0284406 0.00131751
0.0286224 0.0568338
0.0302504 0.417782
0.0305138 0.845433
0.0308253 0.0807258
0.0309093 0.492971
0.0310018 0.0479998
0.0311754 0.964512
0.0322134 0.410225
0.0324283 0.0220393
0.0325234 0.620004
0.0327151 0.843427
0.033498 0.00105656
0.033855 0.000305129
0.0341093 0.274254
0.0344522 0.0374594
0.0358248 0.108172
0.0358486 0.507856
0.0383058 0.805118
0.0383876 0.17971
0.0386335 0.312667
0.0387786 0.752397
0.0388832 0.510262
0.0392842 0.248711
0.0394648 0.284779
0.0400727 0.501384
0.0406331 0.920122
0.0422194 0.5823
0.0425822 0.679598
0.0428297 0.838702
0.0435269 0.55653
0.0441589 0.179183
0.0444999 0.909713
0.0447353 0.86671
0.0460931 0.686916
0.0463227 0.546067
0.0477603 0.707846
0.0498968 0.616292
0.0510509 0.0123204
0.0515991 0.226454
0.0518813 0.96896
0.0519538 0.188222
0.0520301 0.469375
0.0521057 0.740581
0.0539194 0.223052
0.0550397 0.0515673
0.0557306 0.664584
0.0563435 0.964673
0.0564925 0.470223
0.0566617 0.313856
0.0567777 0.262426
0.0574458 0.491059
0.0577162 0.0357456
0.0577824 0.148201
0.0578531 0.33669
0.0581351 0.076903
0.0588347 0.835569
0.0589308 0.449163
0.0600062 0.524006
0.0607429 0.905533
0.0613657 0.372747
0.0614472 0.742299
0.0615993 0.300261
0.0617718 0.198249
0.0621043 0.787599
0.0629113 0.350697
0.0643455 0.45485
0.0643552 0.617576
0.0644819 0.74688
0.0647158 0.677948
0.0656122 0.743897
0.0656235 0.933444
0.0657577 0.189606
0.0661911 0.474586
0.0664195 0.312418
0.0671422 0.459538
0.0673099 0.278268
0.0694358 0.00790527
0.0696474 0.564114
0.070382 0.910375
0.0705743 0.142713
0.0716222 0.754212
0.0719999 0.102211
0.0724989 0.489707
0.0729464 0.00976047
0.0729766 0.517794
0.0734882 0.116751
0.073594 0.893744
0.0736012 0.0151227
0.074008 0.851808
0.0750734 0.758768
0.0755417 0.62963
0.075757 0.247291
0.0758194 0.297246
0.0759464 0.431191
0.0769401 0.132569
0.0772916 0.0401399
0.0777566 0.855333
0.0779457 0.033246
0.0783826 0.375633
0.0783882 0.470386
0.0792174 0.407115
0.0792504 0.961042
0.0795426 0.873286
0.0802957 0.529152
0.0806201 0.982558
0.0808414 0.700889
0.0809033 0.741155
0.0809615 0.719326
0.0822802 0.884128
0.0822878 0.0106019
0.0831664 0.777411
0.0850295 0.0906597
0.086312 0.646422
0.0868592 0.842883
0.0883351 0.648012
0.0886599 0.106435
0.0891743 0.752296
0.0895066 0.338062
0.0903378 0.307348
0.0904356 0.95062
0.090979 0.0833899
0.0910768 0.727538
0.0911616 0.153463
0.0919555 0.495905
0.0920216 0.607773
0.0926293 0.821013
0.092647 0.117687
0.0936994 0.805266
0.0938319 0.0325412
0.0944966 0.204065
0.0948816 0.674586
0.0949421 0.691357
0.095508 0.202634
0.0964077 0.324737
0.0969549 0.521895
0.096963 0.656579
0.097086 0.725229
0.0974099 0.167561
0.0977488 0.863866
0.0978896 0.230639
0.0981495 0.598222
0.101535 0.503464
0.103375 0.421504
0.103594 0.0992245
0.103599 0.182333
0.104376 0.243134
0.104857 0.326889
0.105128 0.891197
0.105155 0.332784
0.105538 0.770012
0.106056 0.490958
0.106463 0.32258
0.10701 0.512045
0.107341 0.0790588
0.107578 0.066727
0.107763 0.18109
0.10804 0.824373
0.108238 0.163032
0.110944 0.638956
0.111481 0.660897
0.111564 0.0542102
0.112429 0.598477
0.112832 0.374211
0.11306 0.192164
0.115621 0.234213
0.115881 0.603761
0.115947 0.727432
0.116025 0.0368306
0.11688 0.399885
0.117024 0.819838
0.117424 0.54715
0.11846 0.964351
0.119245 0.153497
0.120338 0.526752
0.120609 0.0726441
0.120678 0.237161
0.120681 0.277952
0.121369 0.843526
0.121591 0.580171
0.123546 0.437061
0.124424 0.195739
0.12512 0.896177
0.125425 0.0202335
0.125747 0.437599
0.125912 0.206749
0.126007 0.79306
0.126181 0.724622
0.126637 0.383867
0.126972 0.0201757
0.128315 0.582596
0.128683 0.778733
0.128695 0.973774
0.130787 0.134622
0.131138 0.044298
0.132922 0.022462
0.133316 0.650262
0.134646 0.994069
0.134773 0.130347
0.135011 0.129989
0.13526 0.322787
0.135542 0.0478709
0.136313 0.00638959
0.136447 0.270856
0.137055 0.480675
0.137358 0.581284
0.137398 0.247434
0.13837 0.58109
0.138949 0.311943
0.139166 0.95749
0.139557 0.529268
0.14065 0.910138
0.141429 0.000891477
0.14342 0.467816
0.143522 0.174317
0.143603 0.530024
0.143832 0.379064
0.144043 0.926608
0.144099 0.86812
0.144158 0.857076
0.144306 0.358736
0.145309 0.209989
0.145652 0.968702
0.145951 0.00481386
0.146775 0.855625
0.146912 0.144259
0.147849 0.905392
0.147927 0.210158
0.148282 0.182718
0.149109 0.0696401
0.149728 0.478617
0.150742 0.516944
0.151029 0.338723
0.151077 0.147751
0.151437 0.195851
0.153426 0.623942
0.153597 0.509547
0.154325 0.736105
0.15457 0.850106
0.154719 0.357409
0.156343 0.663306
0.156473 0.845032
0.157711 0.644805
0.157919 0.143028
0.158057 0.464118
0.158182 0.566805
0.15948 0.379319
0.159496 0.655574
0.159699 0.055255
0.16027 0.650501
0.160344 0.900631
0.160799 0.554021
0.161282 0.658532
0.161361 0.997616
0.161861 0.398715
0.162311 0.960787
0.162448 0.267344
0.16251 0.307202
0.162842 0.87773
0.163017 0.822816
0.164285 0.130474
0.165081 0.514231
0.165773 0.14456
0.1659 0.277676
0.166276 0.598596
0.166468 0.827201
0.166667 0.170986
0.166986 0.532776
0.167615 0.109903
0.168965 0.786495
0.170282 0.929094
0.171562 0.441936
0.171964 0.194778
0.173483 0.73269
0.174158 0.0665719
0.174339 0.113604
0.174429 0.635168
0.175195 0.495286
0.175624 0.711856
0.176754 0.700803
0.176873 0.697787
0.177844 0.0248929
0.178096 0.258591
0.179082 0.836148
0.179915 0.833781
0.180621 0.69196
0.180622 0.710641
0.180736 0.623735
0.180964 0.464854
0.182349 0.732235
0.182746 0.417363
0.183051 0.544018
0.183055 0.602959
0.18307 0.849466
0.183261 0.0604609
0.183333 0.271208
0.183659 0.755716
0.185476 0.301863
0.185516 0.96705
0.185602 0.404864
0.185797 0.685771
0.186138 0.413789
0.186208 0.595947
0.186527 0.960868
0.187093 0.472145
0.187261 0.302567
0.187798 0.325447
0.187822 0.717971
0.187913 0.246563
0.18813 0.899912
0.189396 0.179967
0.190227 0.141067
0.19108 0.483655
0.191591 0.0780967
0.192393 0.544821
0.192501 0.370055
0.193085 0.178578
0.193538 0.799239
0.193933 0.433315
0.19403 0.0699344
0.19425 0.765796
0.194304 0.666353
0.194764 0.393148
0.194857 0.966404
0.195173 0.279828
0.195736 0.733417
0.195821 0.161362
0.196282 0.912786
0.196475 0.161269
0.196627 0.704541
0.196715 0.191278
0.197948 0.906566
0.198717 0.839109
0.199812 0.243943
0.199836 0.646727
0.200196 0.695564
0.201025 0.632832
0.201421 0.282171
0.203945 0.705232
0.204019 0.946698
0.204153 0.20621
0.204857 0.0383964
0.205532 0.374078
0.205903 0.60847
0.20636 0.285708
0.207989 0.676568
0.20896 0.990744
0.209208 0.164054
0.209866 0.213502
0.211081 0.644717
0.211471 0.191514
0.211774 0.283177
0.212603 0.217214
0.212875 0.794067
0.212895 0.12873
0.213908 0.158197
0.214758 0.431804
0.215139 0.843628
0.215206 0.973607
0.215301 0.556161
0.216018 0.611415
0.216716 0.347494
0.217364 0.233027
0.2175 0.520816
0.217557 0.476509
0.218437 0.266962
0.219118 0.717911
0.22018 0.571393
0.220543 0.671171
0.222391 0.727003
0.223021 0.309976
0.224706 0.628644
0.224859 0.198839
0.225139 0.910697
0.225215 0.194159
0.225248 0.749667
0.226208 0.881583
0.227105 0.958136
0.227119 0.192301
0.22757 0.775388
0.228197 0.306464
0.228595 0.00224385
0.228901 0.13768
0.228997 0.755414
0.229038 0.444644
0.229817 0.539811
0.22999 0.433728
0.230283 0.362893
0.230296 0.578502
0.231037 0.0393571
0.231161 0.119528
0.231812 0.0708802
0.232412 0.151158
0.232777 0.27843
0.233176 0.989409
0.233372 0.286275
0.233588 0.919369
0.233741 0.485393
0.234228 0.673004
0.234674 0.172106
0.235266 0.110382
0.235418 0.672211
0.235491 0.902492
0.235871 0.285014
0.236127 0.592139
0.236376 0.773228
0.238468 0.937081
0.238477 0.0797092
0.238904 0.260513
0.238923 0.584188
0.239403 0.645387
0.240001 0.700456
0.240159 0.355489
0.240225 0.469283
0.240369 0.885769
0.24201 0.466958
0.242152 0.847591
0.242517 0.981672
0.243108 0.911457
0.243281 0.819775
0.244283 0.669869
0.244359 0.936043
0.245279 0.400847
0.24549 0.948501
0.245723 0.871445
0.245772 0.689715
0.245923 0.229458
0.246399 0.224118
0.247951 0.30896
0.247955 0.375086
0.248077 0.432388
0.249807 0.513477
0.250222 0.484738
0.250602 0.861248
0.250841 0.88509
0.251669 0.801384
0.252875 0.066343
0.25338 0.550104
0.253666 0.368212
0.253679 0.576777
0.253933 0.849184
0.25398 0.64025
0.254098 0.621175
0.254388 0.49525
0.254591 0.918864
0.25497 0.287196
0.254987 0.567091
0.256477 0.60219
0.256611 0.852999
0.257353 0.328936
0.257486 0.560257
0.257604 0.542825
0.259669 0.251255
0.262189 0.615399
0.264582 0.821783
0.265166 0.653205
0.265253 0.109113
0.265645 0.696741
0.265998 0.634646
0.267353 0.408731
0.267468 0.326896
0.267869 0.0668946
0.267874 0.159465
0.268223 0.0247808
0.268283 0.0264387
0.268689 0.853482
0.269186 0.20594
0.269871 0.725362
0.2701 0.56771
0.270321 0.289853
0.270424 0.0119202
0.270853 0.220898
0.271032 0.239255
0.271783 0.862617
0.272261 0.893333
0.272921 0.978822
0.273199 0.65579
0.274176 0.0824856
0.274311 0.338804
0.275685 0.444344
0.275838 0.00485802
0.27609 0.248715
0.276375 0.0392822
0.276553 0.0202523
0.276632 0.352699
0.276864 0.249292
0.277109 0.374274
0.278835 0.385208
0.279082 0.526399
0.279206 0.609762
0.279418 0.185411
0.280248 0.125873
0.281233 0.688388
0.282058 0.544818
0.282348 0.425554
0.284082 0.56279
0.284984 0.73272
0.285215 0.602147
0.285609 0.234666
0.287499 0.9979
0.288312 0.658045
0.289261 0.606456
0.290605 0.193475
0.291342 0.578125
0.292408 0.493459
0.292671 0.927168
0.292786 0.85236
0.292821 0.450217
0.293554 0.762904
0.2943 0.293085
0.295222 0.801427
0.29556 0.475365
0.296709 0.795485
0.297679 0.0841162
0.297697 0.392287
0.298045 0.233764
0.298058 0.4631
0.298867 0.0604777
0.30045 0.670298
0.300519 0.815812
0.300898 0.195023
0.301599 0.968089
0.301706 0.776192
0.302639 0.445499
0.302782 0.853602
0.303679 0.934139
0.304264 0.771682
0.305243 0.220026
0.305637 0.846988
0.30564 0.885525
0.30583 0.078316
0.3067 0.712633
0.307444 0.211501
0.307949 0.691802
0.309028 0.833248
0.309673 0.666148
0.31102 0.306473
0.311097 0.608796
0.311356 0.964218
0.311396 0.629514
0.312637 0.488729
0.313187 0.731084
0.314626 0.919003
0.315732 0.508085
0.315835 0.23128
0.315897 0.277258
0.317061 0.847924
0.317423 0.926571
0.31769 0.410486
0.317779 0.905221
0.318141 0.00236944
0.318861 0.0999562
0.31917 0.291344
0.319691 0.0440731
0.320229 0.0820896
0.320514 0.886126
0.320901 0.377622
0.321117 0.0145595
0.321314 0.329911
0.322106 0.630865
0.322729 0.111399
0.322865 0.396886
0.323718 0.720519
0.324441 0.878385
0.324594 0.450654
0.32515 0.791121
0.325755 0.958248
0.328226 0.491607
0.328451 0.267823
0.328571 0.292129
0.328988 0.303922
0.329255 0.794387
0.329605 0.674651
0.329949 0.459802
0.33001 0.480846
0.330538 0.351887
0.331329 0.651181
0.331647 0.997992
0.332022 0.301733
0.334625 0.0438591
0.334977 0.951938
0.335544 0.486992
0.335901 0.487093
0.335905 0.552522
0.336334 0.759254
0.336905 0.364854
0.337038 0.603752
0.337219 0.642731
0.337543 0.0823392
0.338013 0.978676
0.338947 0.688132
0.339543 0.696306
0.340033 0.941933
0.340335 0.00280037
0.341028 0.664427
0.34236 0.0395159
0.342427 0.176085
0.342609 0.231382
0.342849 0.271518
0.343121 0.838025
0.343133 0.0323298
0.343611 0.0783774
0.343667 0.0121024
0.343723 0.954562
0.343767 0.684707
0.343797 0.199103
0.345523 0.199691
0.347608 0.254234
0.348024 0.237374
0.348067 0.96226
0.348279 0.52228
0.349141 0.0160663
0.34921 0.177194
0.349999 0.424686
0.350493 0.730483
0.350849 0.716403
0.351205 0.704155
0.351775 0.283443
0.352327 0.556924
0.353189 0.0399408
0.353438 0.227291
0.353991 0.521316
0.35502 0.827641
0.355685 0.991886
0.355752 0.130873
0.357059 0.0868914
0.357069 0.253617
0.357179 0.104389
0.358017 0.195539
0.358137 0.2136
0.359167 0.527853
0.359679 0.121731
0.360381 0.916594
0.360589 0.42276
0.361229 0.175534
0.361892 0.313968
0.362778 0.21554
0.364568 0.29104
0.364793 0.0686878
0.365028 0.0313742
0.365284 0.323347
0.366942 0.198472
0.366951 0.339057
0.367551 0.427036
0.367694 0.8333
0.368492 0.252768
0.369425 0.921058
0.370622 0.0356563
0.370727 0.816703
0.370998 0.365452
0.371015 0.652241
0.371104 0.148275
0.371118 0.379482
0.371495 0.718536
0.371922 0.889
0.372607 0.401762
0.372743 0.691499
0.372832 0.190648
0.372922 0.707633
0.374151 0.356929
0.374372 0.0634585
0.375687 0.176004
0.375776 0.667569
0.376534 0.400117
0.377069 0.395793
0.377351 0.137845
0.37755 0.49045
0.377808 0.823206
0.377998 0.010456
0.379328 0.359882
0.380351 0.556122
0.380633 0.291435
0.381954 0.497779
0.38362 0.501679
0.384608 0.114267
0.386345 0.295339
0.38695 0.467537
0.387661 0.425932
0.388268 0.626626
0.38862 0.530236
0.389762 0.731255
0.389878 0.679207
0.390121 0.770348
0.391154 0.127935
0.391312 0.785802
0.391334 0.151943
0.391982 0.0413807
0.392058 0.312461
0.392159 0.0175611
0.394166 0.741856
0.394365 0.0988439
0.394412 0.881238
0.394877 0.692088
0.395516 0.445081
0.396632 0.185846
0.396861 0.0360601
0.398296 0.168145
0.398404 0.975771
0.398705 0.0338356
0.3991 0.676052
0.3991 0.679801
0.399129 0.160966
0.399251 0.21473
0.400321 0.191306
0.400677 0.180325
0.404264 0.458559
0.404269 0.557422
0.404597 0.0648225
0.405075 0.0994201
0.405805 0.367919
0.406265 0.0920369
0.40645 0.203934
0.406609 0.885601
0.406774 0.652488
0.407278 0.115274
0.407516 0.129591
0.408729 0.508173
0.410356 0.851755
0.411205 0.116432
0.411376 0.00191227
0.411961 0.826714
0.41226 0.858639
0.412616 0.831724
0.412732 0.78974
0.413933 0.967545
0.414782 0.248203
0.415295 0.864167
0.415437 0.252908
0.415521 0.662938
0.416153 0.284542
0.41746 0.245632
0.417726 0.725868
0.417732 0.827595
0.418224 0.0955986
0.418252 0.565267
0.418335 0.958955
0.418808 0.912887
0.418986 0.904297
0.419739 0.551632
0.419772 0.105676
0.421341 0.48605
0.422828 0.472188
0.423728 0.590831
0.423975 0.747972
0.424347 0.998869
0.425075 0.227282
0.426594 0.770368
0.427327 0.0773254
0.428386 0.879944
0.430739 0.424444
0.431373 0.077987
0.431667 0.035491
0.431764 0.665387
0.434047 0.034726
0.43417 0.0929593
0.434527 0.0958159
0.435169 0.88355
0.435763 0.863431
0.436119 0.847872
0.436544 0.988417
0.43725 0.867476
0.438265 0.918583
0.438361 0.529797
0.439349 0.133847
0.439442 0.694041
0.439704 0.109718
0.440829 0.00989105
0.440874 0.766044
0.441005 0.969996
0.441183 0.956288
0.441592 0.83227
0.441795 0.246445
0.441817 0.613745
0.442185 0.801687
0.442474 0.662269
0.442598 0.747684
0.443116 0.443038
0.443705 0.347582
0.444001 0.321827
0.444395 0.941425
0.445468 0.983131
0.446154 0.502248
0.44698 0.387831
0.448119 0.532923
0.448416 0.520089
0.44856 0.946474
0.448651 0.478111
0.450168 0.974935
0.450507 0.675975
0.450552 0.434233
0.450648 0.0457214
0.450852 0.462714
0.452678 0.162524
0.452709 0.677429
0.453866 0.134127
0.455737 0.573279
0.456105 0.753128
0.456115 0.924855
0.456221 0.70533
0.456306 0.139825
0.456417 0.994018
0.456919 0.431571
0.457448 0.3338
0.457792 0.103118
0.458712 0.565433
0.459585 0.246191
0.459765 0.27376
0.459788 0.658011
0.459868 0.00614225
0.461163 0.769099
0.461215 0.644972
0.461516 0.703178
0.461646 0.878525
0.461858 0.451529
0.463074 0.880802
0.463206 0.104399
0.463373 0.913009
0.46355 0.892414
0.463865 0.176927
0.464601 0.554377
0.46545 0.813106
0.465525 0.0812517
0.465612 0.536776
0.465701 0.0378348
0.467266 0.346347
0.468154 0.262883
0.46836 0.733087
0.468977 0.0916155
0.470868 0.877475
0.471207 0.573311
0.471322 0.502237
0.471376 0.421405
0.47141 0.985467
0.471466 0.924483
0.473831 0.670034
0.475308 0.502141
0.475338 0.00851464
0.475974 0.702833
0.476481 0.216663
0.476799 0.563357
0.477609 0.173061
0.478373 0.0154754
0.479107 0.35006
0.480015 0.614243
0.48039 0.921232
0.480454 0.989273
0.480593 0.32035
0.48122 0.872432
0.481733 0.485868
0.482151 0.515442
0.483801 0.249551
0.484192 0.807196
0.484454 0.21766
0.484904 0.787411
0.485638 0.121017
0.485804 0.909114
0.486282 0.937733
0.486863 0.705245
0.487184 0.0984977
0.487889 0.952223
0.488456 0.474605
0.488836 0.863857
0.489961 0.781421
0.490081 0.795897
0.4907 0.187374
0.490935 0.140591
0.491205 0.68048
0.491772 0.212066
0.492279 0.731836
0.492597 0.0695139
0.492969 0.33057
0.493643 0.658371
0.493887 0.752196
0.493926 0.421092
0.494667 0.875945
0.494969 0.951682
0.495143 0.876388
0.496014 0.500327
0.497166 0.863203
0.497985 0.630397
0.49818 0.915719
0.4982 0.254875
0.49968 0.115501
0.50027 0.0347353
0.500576 0.17979
0.500833 0.507624
0.501931 0.950471
0.502071 0.310137
0.502265 0.57324
0.502362 0.20334
0.503822 0.740017
0.503878 0.684526
0.503903 0.105421
0.504177 0.706551
0.504475 0.7192
0.505603 0.668421
0.505984 0.0728247
0.50635 0.227967
0.506568 0.881911
0.507264 0.580627
0.508176 0.907326
0.508295 0.906118
0.508579 0.684062
0.508909 0.23205
0.508957 0.032445
0.509237 0.749366
0.50954 0.842658
0.509717 0.819003
0.510083 0.973354
0.510115 0.495037
0.51342 0.0433264
0.513462 0.759744
0.513506 0.493693
0.513522 0.771819
0.515863 0.106345
0.516873 0.0788519
0.517228 0.0585894
0.517663 0.368058
0.518157 0.671147
0.518265 0.483014
0.518728 0.255249
0.519498 0.197168
0.519662 0.960432
0.520101 0.34087
0.520187 0.776031
0.520498 0.00122772
0.520571 0.239586
0.520605 0.80987
0.521522 0.218004
0.521532 0.395709
0.52158 0.202631
0.522184 0.346944
0.522294 0.19385
0.523483 0.185347
0.524706 0.730381
0.525186 0.807851
0.526859 0.91311
0.527313 0.54501
0.527368 0.479979
0.527893 0.30155
0.528692 0.725972
0.528807 0.661723
0.52904 0.573702
0.529996 0.634852
0.53022 0.414519
0.530611 0.973462
0.530727 0.923942
0.530734 0.0409464
0.53076 0.488474
0.531257 0.833129
0.53183 0.459078
0.532532 0.269085
0.533433 0.414353
0.533672 0.427207
0.534109 0.774446
0.534835 0.976272
0.53486 0.385043
0.535057 0.69494
0.535918 0.177934
0.536633 0.19001
0.53665 0.483945
0.537333 0.954764
0.537827 0.253009
0.537976 0.769492
0.539119 0.966832
0.539292 0.878085
0.539864 0.492467
0.539929 0.590123
0.540316 0.0905329
0.540558 0.161724
0.540588 0.661203
0.540669 0.0278984
0.54172 0.68173
0.541874 0.272673
0.542171 0.266906
0.542186 0.518461
0.542743 0.879042
0.542999 0.182715
0.543496 0.545801
0.544231 0.897494
0.545327 0.302892
0.54551 0.385057
0.545755 0.503762
0.546017 0.89974
0.546851 0.927247
0.546908 0.876946
0.546945 0.505074
0.54759 0.351992
0.549478 0.0824641
0.549799 0.479513
0.549952 0.0494184
0.550013 0.0714013
0.55102 0.99216
0.551541 0.750228
0.552336 0.105825
0.552441 0.882677
0.552508 0.00713833
0.553277 0.930931
0.553436 0.604615
0.553591 0.209238
0.554517 0.763787
0.554874 0.762965
0.555117 0.847414
0.555861 0.360941
0.556601 0.787463
0.556764 0.53822
0.556933 0.369918
0.558227 0.126465
0.558505 0.801688
0.558565 0.79768
0.560058 0.898568
0.560203 0.323654
0.560985 0.482778
0.562157 0.179605
0.562829 0.464158
0.562948 0.460743
0.56315 0.868039
0.56416 0.839716
0.564811 0.772489
0.565209 0.469615
0.565622 0.411377
0.566567 0.285805
0.567393 0.172148
0.56815 0.898044
0.569619 0.586192
0.570044 0.734117
0.570829 0.9209
0.571009 0.955856
0.572831 0.568825
0.573375 0.71742
0.57417 0.0684703
0.574267 0.701215
0.574522 0.985299
0.574768 0.128118
0.574805 0.753366
0.575163 0.759846
0.575704 0.857421
0.575751 0.648065
0.576582 0.621836
0.576599 0.89219
0.578004 0.521454
0.578104 0.189128
0.578766 0.311612
0.579186 0.387464
0.579315 0.5406
0.580475 0.0433251
0.580748 0.630845
0.582924 0.211358
0.583543 0.614661
0.58421 0.818899
0.584273 0.871006
0.585311 0.315364
0.585392 0.677427
0.585808 0.682442
0.585884 0.951902
0.586893 0.911441
0.586933 0.590613
0.588081 0.884398
0.58913 0.499434
0.589454 0.950015
0.589666 0.520929
0.589924 0.851393
0.590957 0.213543
0.591574 0.580031
0.591904 0.125561
0.592179 0.757379
0.592718 0.810821
0.592754 0.415393
0.592936 0.467387
0.593314 0.834428
0.594775 0.377304
0.594929 0.977286
0.596121 0.0112731
0.596219 0.656689
0.596572 0.581031
0.596884 0.834474
0.596954 0.0015108
0.597018 0.0777774
0.597662 0.903321
0.597888 0.706529
0.59823 0.455389
0.59826 0.957396
0.599157 0.0329318
0.600179 0.212517
0.60036 0.248217
0.600548 0.418225
0.601147 0.475626
0.601257 0.3198
0.601269 0.532106
0.601425 0.154863
0.602442 0.239405
0.603387 0.130088
0.604847 0.658611
0.604886 0.315525
0.605859 0.670195
0.606222 0.775522
0.606291 0.940712
0.606913 0.381073
0.607565 0.342091
0.607613 0.144145
0.608467 0.51159
0.609528 0.329298
0.609891 0.441833
0.610201 0.651229
0.610291 0.165819
0.611158 0.730285
0.613046 0.455671
0.613319 0.0605576
0.615442 0.732186
0.617258 0.257343
0.617308 0.093332
0.617479 0.968114
0.617537 0.947795
0.617884 0.777619
0.620284 0.106986
0.620344 0.115241
0.62035 0.228661
0.621104 0.899787
0.621195 0.417845
0.621201 0.521192
0.621708 0.0407507
0.622677 0.328364
0.622779 0.046221
0.622991 0.603501
0.623064 0.829956
0.623789 0.0145018
0.62465 0.492573
0.625351 0.269278
0.625576 0.0598473
0.626139 0.511918
0.627921 0.473122
0.628064 0.873963
0.62899 0.433348
0.630587 0.277716
0.630594 0.398336
0.631615 0.548956
0.631745 0.745685
0.631965 0.431732
0.632028 0.501104
0.632189 0.206743
0.633328 0.34119
0.634214 0.23247
0.634246 0.773053
0.635301 0.503536
0.635782 0.587463
0.635806 0.983822
0.635912 0.772257
0.636794 0.598131
0.636849 0.51456
0.637359 0.0945931
0.637847 0.292723
0.638012 0.062287
0.63853 0.766188
0.638815 0.558712
0.639318 0.0181016
0.639404 0.456432
0.639854 0.0341729
0.640378 0.836616
0.640693 0.129323
0.640797 0.87213
0.641295 0.247613
0.641385 0.751466
0.643042 0.608738
0.643605 0.0712493
0.64495 0.667926
0.645504 0.980233
0.646832 0.297211
0.646932 0.990728
0.647317 0.448993
0.648793 0.263248
0.649102 0.459214
0.649879 0.515061
0.650952 0.547627
0.651146 0.809086
0.652477 0.181044
0.653863 0.468093
0.655298 0.588407
0.655562 0.0368374
0.65582 0.370408
0.656219 0.0720807
0.657005 0.284401
0.657678 0.599656
0.658416 0.999082
0.659028 0.282634
0.659621 0.252951
0.659623 0.288569
0.659865 0.349515
0.66215 0.748117
0.662666 0.433156
0.662984 0.769957
0.663861 0.506557
0.664474 0.808469
0.665126 0.765637
0.665677 0.0401895
0.667702 0.073125
0.668057 0.0297355
0.669387 0.389258
0.66939 0.434893
0.6695 0.291801
0.670457 0.370091
0.670723 0.834706
0.672019 0.631371
0.672034 0.872955
0.673202 0.497388
0.673228 0.945675
0.673259 0.462239
0.674002 0.945259
0.674493 0.210194
0.6751 0.407413
0.675157 0.372107
0.675451 0.30495
0.675835 0.763247
0.676893 0.548452
0.677201 0.723059
0.678112 0.0212868
0.678229 0.000434689
0.678276 0.785138
0.678885 0.0204948
0.679433 0.228148
0.679507 0.473245
0.679543 0.0721265
0.679712 0.911572
0.680336 0.415076
0.680435 0.0748302
0.68132 0.952156
0.68185 0.854056
0.682208 0.870687
0.682213 0.953826
0.685822 0.609659
0.685852 0.106923
0.687684 0.904281
0.687974 0.778027
0.688027 0.670327
0.688293 0.138926
0.689261 0.410003
0.689297 0.0155444
0.689994 0.731337
0.690099 0.496098
0.690332 0.406308
0.69053 0.730817
0.690843 0.989988
0.691467 0.478262
0.693071 0.444722
0.69356 0.65528
0.693966 0.485775
0.695544 0.00229656
0.695812 0.512657
0.696335 0.307015
0.696885 0.54307
0.697601 0.582366
0.698689 0.869327
0.698783 0.448767
0.699027 0.544094
0.699332 0.678232
0.699334 0.709154
0.699922 0.583543
0.700183 0.981328
0.701213 0.287129
0.701333 0.301535
0.70147 0.601376
0.701648 0.60311
0.702112 0.396326
0.702133 0.756598
0.702609 0.744777
0.703023 0.704384
0.704277 0.775756
0.705273 0.521455
0.705806 0.48703
0.705902 0.103003
0.70725 0.75722
0.708106 0.134542
0.708421 0.425621
0.708983 0.877238
0.710377 0.305858
0.710512 0.572492
0.71115 0.304299
0.711591 0.717905
0.711612 0.0682059
0.71224 0.609809
0.712401 0.326694
0.712812 0.224347
0.713677 0.764379
0.71553 0.911623
0.716769 0.740996
0.716856 0.205043
0.717445 0.102544
0.717819 0.391595
0.718363 0.530227
0.718439 0.797614
0.718665 0.603828
0.71869 0.0195252
0.71907 0.409771
0.719964 0.440705
0.721394 0.46931
0.721829 0.781925
0.721946 0.750578
0.72238 0.0322942
0.722588 0.536739
0.722974 0.0187414
0.723028 0.934771
0.723715 0.484136
0.724047 0.0501249
0.724101 0.974043
0.72423 0.140359
0.725083 0.462262
0.725144 0.502857
0.725789 0.336688
0.726437 0.233311
0.726795 0.250333
0.726862 0.363
0.726926 0.447578
0.727654 0.680381
0.72812 0.520102
0.728318 0.837317
0.728512 0.106297
0.72957 0.877478
0.730293 0.0311481
0.730955 0.158023
0.73118 0.936288
0.731374 0.205825
0.731556 0.263376
0.732071 0.925241
0.732128 0.879213
0.732681 0.172612
0.732779 0.819562
0.733033 0.0940349
0.733339 0.224369
0.733521 0.278954
0.733599 0.601829
0.733678 0.921175
0.733943 0.379208
0.734155 0.942429
0.734454 0.962559
0.735075 0.400103
0.735082 0.5239
0.735416 0.139492
0.735718 0.204946
0.736301 0.00422508
0.7364 0.679898
0.73719 0.956371
0.737707 0.649682
0.738177 0.549173
0.738287 0.385584
0.73893 0.199662
0.739255 0.655103
0.74006 0.194307
0.740065 0.274715
0.740163 0.927237
0.740432 0.438443
0.740505 0.661141
0.741288 0.833484
0.741391 0.563401
0.741537 0.0175233
0.741595 0.993738
0.744744 0.917713
0.745016 0.486677
0.745266 0.681407
0.74537 0.435743
0.746454 0.646412
0.74699 0.661122
0.747353 0.767271
0.747451 0.40738
0.747526 0.66597
0.747989 0.446078
0.748812 0.277965
0.749105 0.208859
0.749379 0.806381
0.750611 0.523477
0.750931 0.895442
0.751424 0.186628
0.751775 0.0872482
0.752755 0.544624
0.753603 0.801537
0.753736 0.0457405
0.753958 0.764385
0.754165 0.24665
0.754483 0.594737
0.754487 0.655782
0.756107 0.892017
0.756675 0.435726
0.757537 0.925686
0.757578 0.612105
0.75876 0.481965
0.758997 0.459318
0.759467 0.367411
0.75977 0.45005
0.760011 0.507992
0.760454 0.958406
0.760977 0.735921
0.761111 0.000379484
0.76118 0.148829
0.7612 0.487937
0.76121 0.650875
0.76138 0.516891
0.761414 0.0852342
0.761595 0.133558
0.761955 0.182426
0.763002 0.777254
0.763212 0.305147
0.763709 0.654936
0.763786 0.948009
0.764157 0.191675
0.764975 0.939937
0.765195 0.633216
0.765369 0.554205
0.76539 0.914046
0.765753 0.0165084
0.766161 0.871187
0.766588 0.0470988
0.7667 0.933191
0.766888 0.0932287
0.767567 0.493893
0.769246 0.717291
0.769266 0.0522048
0.771107 0.989036
0.772017 0.282498
0.775083 0.824539
0.77556 0.836621
0.776369 0.441871
0.778714 0.841559
0.77886 0.293843
0.779259 0.0105501
0.779278 0.325397
0.779739 0.0802647
0.780104 0.199875
0.780249 0.653199
0.780343 0.223263
0.780546 0.636295
0.781019 0.591314
0.781355 0.23163
0.781517 0.954127
0.781956 0.337226
0.784344 0.473915
0.784421 0.767466
0.784466 0.524659
0.784934 0.385386
0.785487 0.673893
0.786194 0.556623
0.787101 0.803376
0.787385 0.584607
0.788725 0.107395
0.789155 0.319981
0.791513 0.960894
0.791546 0.520409
0.791559 0.728183
0.791727 0.54955
0.792154 0.726245
0.794151 0.289919
0.794248 0.928487
0.7947 0.520519
0.795573 0.188864
0.795695 0.24799
0.796225 0.150148
0.796361 0.446773
0.796429 0.581182
0.797022 0.540925
0.797045 0.92873
0.797884 0.0301879
0.798221 0.70843
0.800094 0.17517
0.800581 0.369871
0.8008 0.0424967
0.800802 0.0766588
0.801358 0.420326
0.802174 0.141399
0.80303 0.523167
0.8032 0.380214
0.804672 0.12278
0.805215 0.254235
0.80694 0.235703
0.807111 0.118899
0.807156 0.875646
0.808365 0.197941
0.808415 0.0287489
0.808551 0.308915
0.808645 0.898302
0.808688 0.623282
0.81062 0.0903405
0.81086 0.117657
0.811796 0.848534
0.812108 0.0972417
0.812449 0.834792
0.812669 0.530098
0.814162 0.624569
0.814466 0.737223
0.814502 0.331409
0.814788 0.133191
0.814943 0.745352
0.815403 0.470002
0.815798 0.120091
0.816259 0.863227
0.818 0.134498
0.81832 0.511448
0.818395 0.761421
0.818686 0.660978
0.818697 0.840461
0.818958 0.224284
0.819081 0.291009
0.819665 0.109111
0.819842 0.088328
0.82032 0.117831
0.82189 0.499621
0.821972 0.886172
0.822104 0.10397
0.822712 0.316935
0.823251 0.383534
0.823627 0.706818
0.823665 0.339141
0.823848 0.410803
0.824017 0.257966
0.824665 0.15271
0.824747 0.530089
0.824957 0.0577542
0.826731 0.864951
0.826886 0.467156
0.826941 0.397578
0.82696 0.716127
0.827308 0.557182
0.827396 0.048144
0.828385 0.668668
0.829178 0.99861
0.830306 0.949686
0.830462 0.582766
0.830568 0.351448
0.83164 0.368055
0.8322 0.777581
0.832362 0.500078
0.832889 0.371737
0.834141 0.416147
0.834667 0.255554
0.835565 0.336623
0.835731 0.123531
0.835863 0.342369
0.836045 0.413906
0.836403 0.420276
0.836741 0.107221
0.836886 0.550105
0.838008 0.393388
0.838365 0.399548
0.838378 0.614045
0.838604 0.424266
0.839049 0.899223
0.839225 0.854766
0.839437 0.425233
0.839577 0.77669
0.841997 0.441221
0.842139 0.828138
0.843045 0.0618372
0.843417 0.307249
0.844143 0.509474
0.844413 0.0417557
0.84657 0.307773
0.847005 0.611044
0.847169 0.363226
0.847457 0.205526
0.84746 0.256326
0.847575 0.1943
0.848236 0.303776
0.848647 0.213662
0.849408 0.00783481
0.850415 0.921065
0.850666 0.137302
0.850755 0.639519
0.851088 0.240687
0.851386 0.239984
0.851727 0.97658
0.852638 0.284895
0.852989 0.185172
0.85314 0.726073
0.853175 0.308542
0.853815 0.0644078
0.853874 0.0597889
0.854281 0.895645
0.856207 0.276786
0.857749 0.189175
0.857876 0.31718
0.858038 0.0526293
0.8584 0.125704
0.858485 0.550228
0.860566 0.536713
0.861429 0.0427711
0.861566 0.337963
0.863865 0.973532
0.864478 0.286456
0.864676 0.613187
0.86568 0.491019
0.86642 0.925312
0.866476 0.870111
0.86691 0.155983
0.86706 0.669844
0.867786 0.877564
0.868349 0.341343
0.868451 0.0532826
0.868849 0.741212
0.870168 0.906969
0.87041 0.980141
0.870957 0.178426
0.871241 0.947658
0.871452 0.493129
0.87193 0.535248
0.872872 0.355032
0.873455 0.16008
0.873612 0.804273
0.873621 0.951581
0.873949 0.455491
0.87493 0.940768
0.875189 0.29651
0.875955 0.171913
0.87597 0.43012
0.877439 0.120961
0.878237 0.531015
0.878884 0.408838
0.87919 0.539986
0.879208 0.846623
0.880896 0.221907
0.88107 0.145839
0.881789 0.225707
0.882659 0.857456
0.883044 0.328784
0.883359 0.621953
0.884575 0.0581605
0.884849 0.661334
0.885062 0.240543
0.886774 0.00815594
0.887608 0.0312722
0.888262 0.0118874
0.888379 0.989822
0.888681 0.0608712
0.889914 0.787281
0.889937 0.176533
0.889974 0.800349
0.890256 0.535287
0.892153 0.413999
0.892503 0.302418
0.892516 0.523803
0.892807 0.412184
0.893045 0.414261
0.893347 0.484652
0.893817 0.389246
0.893863 0.147997
0.893949 0.608468
0.895002 0.295248
0.895978 0.699365
0.896271 0.629994
0.896589 0.965089
0.896734 0.413294
0.897011 0.067691
0.897094 0.456073
0.897223 0.623359
0.897301 0.934112
0.897539 0.930851
0.898829 0.613752
0.900216 0.928827
0.902198 0.237252
0.903172 0.611503
0.904049 0.347101
0.90442 0.594211
0.905634 0.98796
0.905947 0.252618
0.906268 0.640009
0.906618 0.534799
0.906701 0.924198
0.907686 0.477713
0.908132 0.974381
0.908205 0.196179
0.90822 0.445746
0.90967 0.826264
0.912392 0.572895
0.912814 0.660783
0.912847 0.223875
0.914571 0.202142
0.915347 0.23318
0.919038 0.271236
0.919694 0.292892
0.919695 0.316121
0.919813 0.29109
0.920592 0.385419
0.92074 0.877312
0.921034 0.814984
0.921254 0.515135
0.921916 0.640741
0.921924 0.774087
0.922135 0.329575
0.922932 0.71107
0.922953 0.066583
0.924018 0.96808
0.924254 0.942929
0.926457 0.958955
0.926484 0.416978
0.926539 0.344042
0.926694 0.940284
0.927066 0.194093
0.928404 0.679948
0.928772 0.874168
0.929226 0.499759
0.929526 0.541068
0.930533 0.469794
0.93086 0.962238
0.931195 0.601834
0.932563 0.581705
0.932936 0.847567
0.93299 0.770476
0.933112 0.817635
0.934635 0.406732
0.935 0.547043
0.935976 0.95105
0.936002 0.387151
0.936527 0.205677
0.938398 0.654173
0.938936 0.702286
0.939618 0.163644
0.940127 0.715846
0.940786 0.78385
0.941198 0.717528
0.942086 0.647048
0.942311 0.415812
0.942451 0.779478
0.942571 0.796771
0.943713 0.987804
0.943826 0.890425
0.944168 0.631983
0.944323 0.232693
0.944723 0.951913
0.945767 0.508729
0.945788 0.862269
0.946846 0.647216
0.947217 0.883095
0.94726 0.600178
0.947335 0.863558
0.94802 0.364102
0.948172 0.927997
0.948505 0.517418
0.949576 0.523765
0.950193 0.892773
0.950476 0.651135
0.951149 0.955738
0.951319 0.810923
0.951843 0.628142
0.952588 0.151288
0.952935 0.978794
0.953513 0.691733
0.953911 0.378802
0.954738 0.290103
0.954798 0.291378
0.955 0.681291
0.95598 0.152245
0.955997 0.435701
0.956779 0.587437
0.958089 0.598701
0.958113 0.00208019
0.958826 0.987445
0.958875 0.815592
0.959802 0.396555
0.961188 0.694146
0.961363 0.62923
0.961745 0.0556729
0.961856 0.9164
0.961904 0.716333
0.962005 0.423757
0.962875 0.0380698
0.96291 0.631551
0.963347 0.967027
0.963354 0.0974379
0.963809 0.737821
0.964414 0.911984
0.964605 0.115513
0.96466 0.0435008
0.964727 0.174302
0.965257 0.0744095
0.965609 0.982833
0.967301 0.431396
0.96887 0.803341
0.969343 0.755136
0.969635 0.66414
0.969724 0.147072
0.969903 0.159309
0.970221 0.499029
0.970329 0.314395
0.970704 0.622073
0.970706 0.656712
0.970814 0.469745
0.971787 0.829182
0.971846 0.809286
0.972583 0.209275
0.972744 0.904333
0.972894 0.434872
0.973337 0.86752
0.973991 0.867216
0.97414 0.362857
0.974485 0.175001
0.975419 0.867638
0.975769 0.745938
0.976152 0.190217
0.976386 0.117168
0.976491 0.89024
0.976753 0.282101
0.977816 0.158303
0.979217 0.703701
0.97952 0.799504
0.979654 0.0418297
0.980128 0.0120398
0.980226 0.649888
0.980457 0.537065
0.980799 0.293735
0.9818 0.114231
0.982148 0.954448
0.982467 0.321772
0.982603 0.601436
0.98281 0.0909249
0.98306 0.282368
0.983849 0.543047
0.984591 0.0182175
0.98519 0.096241
0.98691 0.993278
0.986937 0.443326
0.98746 0.236541
0.988388 0.844059
0.99136 0.786962
0.991664 0.88945
0.992196 0.844428
0.993027 0.810702
0.993124 0.426839
0.993587 0.218334
0.993654 0.34728
0.993825 0.211966
0.994385 0.626564
0.995805 0.489586
0.996574 0.426653
0.997389 0.114566
0.997501 0.994272
0.997705 0.427238
0.998526 0.226262
0.998696 0.080265
0.99886 0.831711
0.998923 0.903752
0.998966 0.626118
0.999007 0.304163
0.999618 0.581751
0.999639 0.937115
