1.7371e-05 0.291963
0.00406463 0.314202
0.00442043 0.294135
0.00882512 0.323793
0.00984287 0.42916
0.0100753 0.33624
0.0102679 0.571865
0.0119144 0.245171
0.0150548 0.0255477
0.0152917 0.00810525
0.0171867 0.856544
0.0175415 0.82041
0.0183273 0.0267194
0.0183493 0.396367
0.0183672 0.697752
0.018564 0.00597428
0.0200097 0.303431
0.0208281 0.0573355
0.0242689 0.886863
0.0244304 0.602535
0.0245593 0.767528
0.0262935 0.914312
0.0270988 0.448766
0.0274738 0.752969
0.028837 0.662755
0.0295836 0.211266
0.0299341 0.102769
0.0299692 0.693167
0.0328166 0.548871
0.0330271 0.0862963
0.0332996 0.666937
0.0341085 0.261912
0.034721 0.555708
0.0352626 0.658872
0.0369631 0.239019
0.0372983 0.871798
0.0373807 0.257535
0.038077 0.960743
0.0383002 0.710677
0.0384272 0.846251
0.0398575 0.884576
0.0401925 0.514545
0.0414944 0.396127
0.0415057 0.586574
0.0424249 0.035271
0.0436144 0.0271678
0.0454839 0.447708
0.0456829 0.792855
0.0464111 0.0317468
0.0478262 0.814572
0.0482628 0.15242
0.0489536 0.762737
0.0490968 0.169956
0.04928 0.249397
0.0508905 0.316426
0.052079 0.291339
0.0525825 0.753906
0.0551539 0.97154
0.0559507 0.363773
0.0560346 0.773662
0.0570335 0.561286
0.0573422 0.750459
0.0574296 0.219672
0.0578139 0.67782
0.0585608 0.232114
0.0607278 0.652022
0.0608224 0.242888
0.0611556 0.842952
0.0613951 0.867045
0.0626844 0.537095
0.063425 0.984481
0.0635177 0.54135
0.0656911 0.0705994
0.0664272 0.442727
0.067671 0.346866
0.0677699 0.00823182
0.0689509 0.857532
0.0691687 0.518708
0.0692631 0.104291
0.0693399 0.395243
0.0703071 0.651324
0.0712568 0.612406
0.0733431 0.678085
0.0734298 0.134103
0.0737341 0.248557
0.074961 0.868997
0.0751604 0.221438
0.0777021 0.93856
0.0780478 0.75025
0.0787929 0.27255
0.0806109 0.827846
0.0828096 0.781661
0.0833807 0.379991
0.0834321 0.242996
0.0839037 0.168823
0.08831 0.226805
0.0903376 0.303529
0.0908563 0.0214704
0.0908835 0.478319
0.091225 0.219117
0.0913824 0.863499
0.0931205 0.0758369
0.0936891 0.631951
0.0937014 0.839217
0.0937187 0.130123
0.093942 0.882507
0.0946031 0.994331
0.0962028 0.880751
0.0969483 0.409508
0.102667 0.518919
0.104204 0.360189
0.106177 0.517847
0.107098 0.991667
0.107497 0.702113
0.107554 0.65877
0.108693 0.797459
0.110474 0.740991
0.112485 0.537265
0.112893 0.392226
0.113504 0.656086
0.11403 0.497849
0.114803 0.493777
0.11533 0.343202
0.115565 0.293491
0.115656 0.831803
0.117128 0.567943
0.117204 0.855506
0.117576 0.0955801
0.119061 0.0613067
0.119654 0.0322264
0.121925 0.198393
0.123689 0.848882
0.123867 0.834892
0.12567 0.136716
0.126165 0.448704
0.131121 0.742967
0.134084 0.552501
0.134861 0.615901
0.135788 0.193968
0.135986 0.520942
0.136087 0.21874
0.136268 0.257813
0.136878 0.514019
0.137645 0.406014
0.141416 0.779397
0.14254 0.66463
0.142926 0.156001
0.142971 0.911934
0.144016 0.469853
0.145137 0.309458
0.145642 0.802485
0.146252 0.0657825
0.146274 0.425615
0.146843 0.991591
0.147547 0.825069
0.149 0.239491
0.149144 0.655726
0.1515 0.257178
0.151841 0.988256
0.156175 0.827265
0.15618 0.910897
0.156423 0.998461
0.156633 0.536489
0.157595 0.690921
0.157697 0.415375
0.159223 0.0683512
0.160834 0.144889
0.161658 0.989806
0.161995 0.647747
0.163707 0.430316
0.163726 0.743472
0.164548 0.558149
0.167421 0.836704
0.168007 0.698602
0.16805 0.420593
0.16853 0.488014
0.168611 0.838932
0.16911 0.235272
0.170482 0.29365
0.171467 0.839354
0.172642 0.601351
0.174521 0.169833
0.175286 0.033856
0.176019 0.354369
0.176683 0.518701
0.176876 0.759397
0.177352 0.755481
0.17828 0.349443
0.178499 0.0331351
0.178518 0.344679
0.180837 0.320851
0.182484 0.0162278
0.183224 0.447335
0.184275 0.111263
0.18643 0.33494
0.187078 0.219706
0.187958 0.00318496
0.188722 0.854952
0.18947 0.420204
0.189996 0.271154
0.191031 0.65964
0.191061 0.156724
0.191808 0.720285
0.19206 0.960284
0.192433 0.214539
0.192833 0.945968
0.192902 0.105546
0.194083 0.949994
0.19523 0.227531
0.195552 0.644052
0.197831 0.949958
0.199637 0.298246
0.199976 0.00169728
0.200545 0.557859
0.20136 0.265196
0.202729 0.271341
0.202776 0.0486404
0.203445 0.30123
0.20561 0.689425
0.207363 0.142087
0.209251 0.878171
0.210187 0.620029
0.21064 0.234201
0.212913 0.433192
0.215111 0.364905
0.215291 0.388168
0.215401 0.248927
0.215664 0.659438
0.21574 0.945037
0.215869 0.102438
0.215909 0.78568
0.216324 0.750022
0.216859 0.754001
0.217645 0.95747
0.218102 0.639215
0.219087 0.188903
0.22073 0.806227
0.220938 0.30621
0.221527 0.201058
0.222453 0.759301
0.224005 0.853848
0.225009 0.718179
0.225071 0.765621
0.22538 0.959912
0.226588 0.271704
0.227106 0.96741
0.230055 0.542106
0.230846 0.823486
0.231076 0.700091
0.231464 0.216639
0.231683 0.890884
0.231803 0.919925
0.232936 0.947488
0.236757 0.181639
0.237216 0.883741
0.237913 0.596114
0.238234 0.998218
0.23903 0.37285
0.239227 0.680085
0.240078 0.995806
0.240595 0.678435
0.241328 0.996467
0.242125 0.390829
0.242952 0.300916
0.243487 0.289971
0.246516 0.201865
0.248579 0.869918
0.250538 0.78596
0.251833 0.557511
0.252919 0.804166
0.252945 0.246544
0.253736 0.536141
0.253741 0.621159
0.254625 0.48723
0.254985 0.52896
0.256984 0.122117
0.257722 0.527428
0.259665 0.192901
0.262032 0.977569
0.264532 0.990896
0.266445 0.134163
0.266453 0.272087
0.26695 0.62053
0.271547 0.882635
0.271756 0.397535
0.272446 0.999408
0.280225 0.736637
0.281432 0.0338323
0.284146 0.642187
0.284419 0.226138
0.285128 0.147569
0.285316 0.305713
0.286579 0.526475
0.287745 0.127429
0.288413 0.365101
0.288606 0.600569
0.290395 0.665645
0.291219 0.521707
0.292387 0.151087
0.293965 0.661981
0.296134 0.124809
0.29695 0.840951
0.299181 0.33203
0.299272 0.869403
0.299367 0.45944
0.299384 0.738779
0.29983 0.244893
0.3017 0.669933
0.302112 0.60329
0.305715 0.146948
0.305867 0.711563
0.306173 0.849911
0.307393 0.352181
0.309157 0.0099413
0.31013 0.353341
0.310774 0.185568
0.310962 0.338351
0.311553 0.27089
0.312731 0.0620639
0.31377 0.531616
0.31405 0.235851
0.31569 0.797404
0.316745 0.540464
0.317202 0.217608
0.318971 0.939239
0.319433 0.715927
0.321063 0.107828
0.327341 0.625889
0.327488 0.0876887
0.328261 0.0789216
0.329406 0.332424
0.330184 0.395323
0.33093 0.935287
0.331597 0.157088
0.331958 0.219722
0.332117 0.896145
0.332565 0.414249
0.333986 0.308624
0.335115 0.270414
0.335909 0.623828
0.336017 0.432964
0.338281 0.489842
0.338484 0.906467
0.338775 0.78948
0.340803 0.879251
0.341205 0.634824
0.341747 0.749969
0.3421 0.673145
0.342952 0.988483
0.343048 0.608682
0.345008 0.542615
0.346044 0.961053
0.347672 0.320146
0.352239 0.0836096
0.352954 0.0979473
0.354711 0.631769
0.357715 0.11207
0.35832 0.282186
0.359868 0.296647
0.36005 0.360138
0.360316 0.836962
0.360362 0.596628
0.360374 0.801366
0.360438 0.88913
0.361928 0.927477
0.362547 0.319151
0.362837 0.203016
0.363359 0.97305
0.364806 0.294439
0.365364 0.67007
0.365807 0.114669
0.368796 0.353237
0.371066 0.511154
0.371159 0.0762398
0.371434 0.693978
0.371755 0.0807111
0.373915 0.385266
0.375755 0.313567
0.376179 0.441166
0.377711 0.18233
0.378817 0.777955
0.379245 0.967062
0.379983 0.371505
0.381562 0.916805
0.381655 0.483401
0.381905 0.675572
0.383012 0.289551
0.383096 0.699182
0.384716 0.927214
0.384907 0.1287
0.385911 0.0093647
0.386636 0.189911
0.386948 0.436505
0.389152 0.482147
0.389774 0.928839
0.390437 0.0762267
0.390872 0.382291
0.39252 0.0815025
0.392521 0.102563
0.393275 0.779732
0.396524 0.376077
0.398707 0.0712847
0.399678 0.380053
0.400999 0.583627
0.402036 0.0264909
0.40349 0.455775
0.404868 0.622415
0.405631 0.445365
0.406191 0.85972
0.408492 0.51775
0.409323 0.484501
0.409813 0.729785
0.410212 0.427443
0.410816 0.584403
0.410986 0.444831
0.411439 0.0510762
0.411849 0.950756
0.412029 0.973965
0.412432 0.745098
0.41262 0.904415
0.413808 0.878812
0.414618 0.478036
0.415259 0.261271
0.416644 0.527642
0.416688 0.282276
0.417024 0.928454
0.417462 0.288958
0.417788 0.767589
0.418557 0.695131
0.419729 0.381948
0.419729 0.389931
0.420314 0.220766
0.421372 0.991555
0.421564 0.232236
0.421658 0.803591
0.422832 0.53656
0.423848 0.61099
0.424174 0.0960222
0.42688 0.570217
0.427302 0.665353
0.427687 0.137917
0.427844 0.777603
0.428991 0.0530189
0.430314 0.282529
0.43182 0.599222
0.432211 0.17392
0.4332 0.789896
0.434889 0.18434
0.435314 0.320556
0.435704 0.873325
0.437039 0.321035
0.437134 0.904779
0.437746 0.200735
0.437937 0.413687
0.437963 0.83617
0.438823 0.304771
0.442106 0.467549
0.442784 0.871704
0.444042 0.0208314
0.446889 0.856007
0.447004 0.791398
0.447945 0.614978
0.448302 0.610345
0.449668 0.57519
0.450019 0.472852
0.450116 0.102733
0.456166 0.775878
0.456732 0.286905
0.456782 0.132317
0.456823 0.820787
0.45703 0.30882
0.461764 0.860436
0.46206 0.834391
0.462603 0.961706
0.46292 0.30372
0.465712 0.227773
0.466945 0.943069
0.47042 0.351599
0.47162 0.523056
0.471796 0.469622
0.47462 0.943642
0.474933 0.198118
0.475583 0.126711
0.477954 0.969051
0.480617 0.724386
0.481711 0.114992
0.48319 0.96942
0.483714 0.787875
0.484471 0.503589
0.485244 0.490862
0.485474 0.370072
0.486129 0.363053
0.486477 0.220253
0.486908 0.458619
0.488133 0.0507279
0.48886 0.269999
0.490059 0.424536
0.491204 0.667879
0.493111 0.711234
0.493135 0.113392
0.493182 0.907589
0.493339 0.54171
0.493866 0.403085
0.49412 0.676533
0.494602 0.776176
0.496823 0.106079
0.497012 0.274788
0.497082 0.456437
0.49725 0.283102
0.499034 0.262409
0.499684 0.184811
0.49977 0.628675
0.500425 0.645448
0.501134 0.552854
0.501386 0.795529
0.501721 0.423471
0.501836 0.356075
0.50213 0.291838
0.504816 0.450442
0.506402 0.102423
0.507726 0.344033
0.509086 0.216566
0.510044 0.310023
0.510853 0.900114
0.511528 0.250634
0.512034 0.753194
0.513801 0.453225
0.51471 0.729554
0.514995 0.523745
0.517329 0.752787
0.517857 0.625174
0.519076 0.107017
0.520247 0.79482
0.520672 0.935717
0.521357 0.453026
0.521901 0.596518
0.52215 0.772723
0.523205 0.511909
0.52387 0.683989
0.524042 0.576137
0.524353 0.807596
0.524438 0.237035
0.525471 0.583439
0.526271 0.0317007
0.529673 0.208595
0.529673 0.2219
0.529938 0.672866
0.535371 0.98076
0.537207 0.833161
0.537824 0.206262
0.540301 0.840848
0.540621 0.216429
0.541305 0.716801
0.541936 0.311459
0.54283 0.346603
0.543336 0.844389
0.545019 0.139782
0.545283 0.575596
0.545404 0.602954
0.546127 0.756883
0.546863 0.133159
0.547305 0.557182
0.548863 0.733202
0.549291 0.94218
0.549504 0.513908
0.549671 0.314277
0.550615 0.180488
0.551112 0.530973
0.554405 0.880841
0.555471 0.797772
0.557109 0.329413
0.55878 0.417618
0.560597 0.95496
0.561424 0.853496
0.563909 0.615989
0.564207 0.630258
0.564464 0.93937
0.564492 0.409641
0.564589 0.0434116
0.566384 0.221211
0.567702 0.364694
0.567761 0.350769
0.567867 0.140558
0.56869 0.974347
0.569543 0.301056
0.570709 0.907778
0.571714 0.795791
0.571856 0.189103
0.572007 0.716073
0.576363 0.929198
0.576448 0.358794
0.576595 0.830432
0.576753 0.486514
0.578054 0.345485
0.578613 0.756068
0.57867 0.712834
0.57888 0.237447
0.580404 0.848669
0.580643 0.873231
0.582383 0.114127
0.582681 0.11351
0.582718 0.745646
0.583677 0.855969
0.585919 0.549469
0.589004 0.394509
0.590837 0.203035
0.591008 0.0763142
0.591055 0.86875
0.59194 0.738484
0.592441 0.149436
0.594224 0.12666
0.594643 0.156446
0.594745 0.885917
0.596373 0.233005
0.598004 0.657628
0.598939 0.370614
0.599513 0.0230157
0.604006 0.530081
0.606395 0.682854
0.60647 0.932905
0.606548 0.250028
0.608986 0.225595
0.610412 0.201826
0.610861 0.740325
0.611373 0.349034
0.611438 0.443677
0.611844 0.267066
0.61257 0.468227
0.613577 0.388477
0.614423 0.604913
0.615639 0.0454169
0.61822 0.431529
0.618873 0.407033
0.619904 0.734122
0.620504 0.817522
0.620635 0.0109873
0.620739 0.752347
0.621412 0.069034
0.623019 0.0819822
0.623469 0.641183
0.626169 0.0163273
0.626237 0.164362
0.627877 0.724561
0.628604 0.945734
0.62883 0.752417
0.629176 0.553784
0.629685 0.123385
0.63012 0.423822
0.630799 0.830458
0.631568 0.760621
0.63197 0.512524
0.632404 0.807256
0.633597 0.858899
0.636894 0.271879
0.637071 0.255784
0.637461 0.815471
0.638111 0.736794
0.638621 0.308765
0.639018 0.980299
0.641316 0.597303
0.642714 0.0980118
0.643618 0.283391
0.643824 0.748547
0.644056 0.642408
0.646063 0.376392
0.646318 0.658543
0.647657 0.166297
0.649123 0.816057
0.649601 0.844049
0.649838 0.833533
0.650653 0.51686
0.651803 0.856421
0.653236 0.934144
0.65375 0.568304
0.654226 0.57922
0.655159 0.2546
0.656106 0.170469
0.656765 0.247129
0.657432 0.457519
0.659961 0.968251
0.660441 0.0380283
0.661694 0.0861719
0.662439 0.615391
0.662572 0.846219
0.663433 0.320447
0.663684 0.534704
0.663868 0.633532
0.665641 0.430703
0.667854 0.618636
0.66794 0.0699891
0.668705 0.927274
0.669436 0.211113
0.669898 0.976428
0.671273 0.0874541
0.671481 0.57951
0.672463 0.084391
0.673192 0.331508
0.673659 0.194012
0.675462 0.492196
0.676707 0.417896
0.677141 0.700646
0.677473 0.285551
0.67872 0.244364
0.680106 0.544569
0.680538 0.804959
0.683211 0.722034
0.683923 0.688411
0.684503 0.440287
0.685684 0.29224
0.689656 0.0489629
0.689757 0.74903
0.690359 0.865168
0.690622 0.288977
0.692228 0.27836
0.692232 0.347811
0.692614 0.755596
0.692898 0.53728
0.694025 0.484161
0.694914 0.426125
0.695261 0.255345
0.697895 0.522182
0.702805 0.0435917
0.702905 0.716024
0.704196 0.415447
0.704747 0.675685
0.705249 0.114022
0.705913 0.274706
0.70614 0.101989
0.70708 0.891782
0.707627 0.091476
0.708453 0.97414
0.708958 0.454583
0.710287 0.786235
0.710331 0.532159
0.711417 0.789239
0.712467 0.43256
0.712583 0.386295
0.714603 0.328734
0.714705 0.046779
0.714779 0.294193
0.718483 0.545001
0.718688 0.996977
0.719574 0.877418
0.719706 0.0990265
0.721823 0.670845
0.722441 0.0648819
0.722879 0.419321
0.723862 0.956807
0.725075 0.331617
0.727593 0.654141
0.727791 0.988166
0.728907 0.733479
0.730969 0.394081
0.731893 0.922929
0.732971 0.0361289
0.735006 0.24353
0.735459 0.867071
0.736924 0.475297
0.737959 0.873879
0.737978 0.202493
0.738033 0.124314
0.74002 0.517968
0.740555 0.513667
0.742782 0.940594
0.748202 0.0249356
0.748715 0.645368
0.749022 0.820829
0.749447 0.949994
0.750383 0.682068
0.752965 0.0789571
0.75526 0.654936
0.755337 0.944596
0.755762 0.0906425
0.755866 0.838404
0.756562 0.539538
0.757275 0.525975
0.758217 0.360215
0.758694 0.361472
0.758866 0.268498
0.759984 0.0556744
0.76055 0.567358
0.760942 0.158069
0.763159 0.40945
0.763275 0.355195
0.763566 0.256866
0.763824 0.597112
0.764581 0.309969
0.765347 0.184957
0.765843 0.519719
0.765956 0.418795
0.767295 0.93029
0.767842 0.125992
0.767922 0.460153
0.768533 0.726949
0.769173 0.498373
0.770408 0.242282
0.773648 0.697025
0.776886 0.129071
0.777806 0.581775
0.77828 0.554638
0.779203 0.0715267
0.780009 0.616624
0.780395 0.092428
0.781447 0.774935
0.78147 0.171631
0.783494 0.175248
0.783846 0.108215
0.784002 0.719797
0.785197 0.799161
0.787493 0.397507
0.79044 0.920267
0.790644 0.345345
0.791093 0.896962
0.7912 0.703264
0.791325 0.804762
0.79176 0.11589
0.791789 0.605875
0.792083 0.540291
0.793076 0.228192
0.794026 0.196647
0.797359 0.219762
0.79787 0.808929
0.798083 0.383216
0.799895 0.833631
0.800192 0.831261
0.800233 0.520842
0.800841 0.73315
0.803918 0.4517
0.80564 0.392283
0.806155 0.0509086
0.806259 0.789607
0.806453 0.053876
0.807152 0.800771
0.811821 0.282702
0.812411 0.186651
0.813349 0.965183
0.81546 0.443038
0.816983 0.0262969
0.817292 0.222615
0.817811 0.950535
0.817853 0.652662
0.818312 0.376576
0.819032 0.46287
0.819544 0.0747245
0.819912 0.258754
0.819965 0.150161
0.824178 0.963855
0.824872 0.626609
0.825011 0.95925
0.825217 0.427928
0.825308 0.956575
0.827453 0.996324
0.827611 0.663614
0.82776 0.162237
0.828144 0.618749
0.828912 0.517764
0.829741 0.452622
0.829908 0.265669
0.830139 0.14913
0.830454 0.448403
0.83152 0.359049
0.832 0.421931
0.832435 0.738131
0.834483 0.157885
0.834846 0.25753
0.836169 0.485859
0.837312 0.70426
0.837448 0.992111
0.837467 0.30497
0.837558 0.830533
0.840623 0.358346
0.840971 0.193273
0.841502 0.120335
0.84187 0.30931
0.84241 0.389839
0.842569 0.054491
0.842611 0.755319
0.843974 0.669496
0.844198 0.441289
0.844769 0.034117
0.844929 0.718867
0.846832 0.699634
0.846979 0.172744
0.847644 0.351836
0.84903 0.646625
0.849156 0.772916
0.849254 0.415193
0.849755 0.829934
0.84981 0.756036
0.851218 0.414892
0.852247 0.709297
0.853669 0.622033
0.855327 0.48768
0.855494 0.281748
0.857229 0.451918
0.857684 0.090556
0.85889 0.368867
0.861139 0.170175
0.861343 0.597663
0.861427 0.00678541
0.863075 0.701536
0.865583 0.859855
0.865731 0.342958
0.866804 0.376533
0.866851 0.16097
0.867119 0.661344
0.868495 0.792608
0.868737 0.860763
0.87051 0.66281
0.871302 0.972365
0.871511 0.477451
0.872358 0.714736
0.872572 0.321879
0.873626 0.024351
0.874616 0.667485
0.875651 0.0588752
0.875694 0.788864
0.876715 0.949642
0.877105 0.499327
0.878396 0.194156
0.878727 0.759307
0.879868 0.945033
0.880367 0.329665
0.880383 0.602038
0.881921 0.451464
0.88233 0.327939
0.882623 0.24401
0.885296 0.162799
0.885513 0.81625
0.885881 0.997086
0.887864 0.3381
0.888421 0.699032
0.888775 0.637806
0.892088 0.315028
0.892469 0.722398
0.893178 0.649667
0.893884 0.50808
0.894658 0.50973
0.895318 0.610159
0.8954 0.982208
0.895889 0.203879
0.896281 0.790904
0.898205 0.131371
0.901135 0.369056
0.901327 0.60011
0.901619 0.511172
0.901744 0.617491
0.902366 0.0677051
0.902381 0.319096
0.903933 0.397654
0.904024 0.93966
0.905048 0.133497
0.90955 0.804822
0.911302 0.251482
0.9117 0.945508
0.912505 0.469271
0.913866 0.339057
0.915126 0.518581
0.916631 0.811239
0.917067 0.147184
0.917069 0.173966
0.918508 0.37069
0.919084 0.0390887
0.919311 0.862192
0.919971 0.948706
0.920124 0.516326
0.92039 0.994301
0.922564 0.53864
0.923753 0.522225
0.923848 0.113521
0.924215 0.27512
0.9251 0.154042
0.926072 0.499696
0.926412 0.204618
0.926745 0.80822
0.926883 0.124873
0.927053 0.979478
0.927887 0.997813
0.928925 0.435425
0.929388 0.225738
0.92988 0.485994
0.932412 0.054203
0.933436 0.25585
0.93353 0.840393
0.933759 0.682757
0.936646 0.213877
0.937101 0.849838
0.939262 0.170147
0.939424 0.900431
0.939768 0.673302
0.940957 0.667281
0.941632 0.00790098
0.941848 0.637325
0.942322 0.609085
0.943127 0.130382
0.943171 0.881792
0.943578 0.708381
0.944415 0.785727
0.945647 0.489181
0.946543 0.541575
0.946765 0.281037
0.947693 0.883437
0.950148 0.143108
0.95039 0.19806
0.950916 0.0441737
0.952265 0.717095
0.952319 0.628726
0.952517 0.945792
0.953176 0.0370328
0.953801 0.538432
0.955534 0.658035
0.958666 0.295025
0.959111 0.785627
0.959273 0.493488
0.959673 0.226522
0.961742 0.00281357
0.961951 0.510044
0.962115 0.273105
0.96262 0.760114
0.963554 0.446717
0.965171 0.623072
0.966625 0.0675624
0.96772 0.466214
0.969372 0.234368
0.97076 0.569948
0.971372 0.84871
0.971475 0.576662
0.971811 0.233218
0.972387 0.916597
0.97247 0.304948
0.974315 0.316513
0.978274 0.846803
0.983023 0.668679
0.983766 0.151816
0.984869 0.700781
0.984974 0.465095
0.985221 0.602685
0.986616 0.0613115
0.989648 0.0121493
0.989675 0.474883
0.991559 0.133917
0.99333 0.905746
0.995738 0.372106
0.995927 0.549667
0.99613 0.960406
0.996175 0.716535
0.997498 0.941851
0.999256 0.49671
0.999431 0.44531
0.999929 0.807308
