0.000264299 0.442075
0.000318235 0.34858
0.000553158 0.296936
0.00139438 0.435405
0.00213458 0.875905
0.00334046 0.14307
0.00402938 0.721839
0.00431563 0.532732
0.00446084 0.97337
0.00453392 0.201679
0.0045539 0.537329
0.00505635 0.982028
0.0051404 0.394735
0.0052028 0.443476
0.00575766 0.768939
0.00587092 0.672547
0.00717359 0.566557
0.00745117 0.231801
0.00766474 0.821294
0.0093669 0.429421
0.00964642 0.127418
0.00984507 0.466069
0.0102843 0.848363
0.0109158 0.462539
0.0110108 0.0585552
0.0129553 0.740151
0.0132307 0.368149
0.0132356 0.451437
0.0133666 0.651672
0.0136658 0.680271
0.0138328 0.488028
0.0138997 0.612646
0.0150862 0.554195
0.0154061 0.929714
0.0159871 0.69588
0.0161863 0.0425997
0.0167837 0.0829628
0.0172333 0.640034
0.0177946 0.073173
0.0180961 0.140943
0.0181554 0.138351
0.0183498 0.404835
0.0185948 0.522992
0.0191169 0.297221
0.0196785 0.735979
0.0202674 0.634403
0.0211293 0.119744
0.0215979 0.995271
0.0221391 0.0921651
0.0224425 0.190935
0.0232549 0.844952
0.0241996 0.721971
0.0247279 0.601402
0.0250654 0.273891
0.0250884 0.660827
0.0252389 0.190216
0.0254536 0.798712
0.0257104 0.115526
0.0265706 0.572466
0.0273969 0.458957
0.028087 0.058998
0.028217 0.243275
0.0284468 0.10479
0.0296924 0.0402651
0.0308986 0.313058
0.0310181 0.32071
0.0319065 0.251935
0.0321553 0.434308
0.0328441 0.0113236
0.0329559 0.889731
0.0330617 0.668555
0.034392 0.0257368
0.0349314 0.091396
0.0363273 0.553481
0.0381954 0.949345
0.0391604 0.168455
0.0393727 0.736895
0.0397178 0.537519
0.0398322 0.458986
0.0398812 0.282712
0.041206 0.548701
0.0414448 0.562517
0.0414508 0.664158
0.0417927 0.409409
0.0427563 0.605728
0.0431662 0.495187
0.0440271 0.962896
0.0445053 0.000937466
0.0452828 0.0684775
0.0455184 0.0275638
0.0455613 0.748991
0.0459694 0.608467
0.0465631 0.586156
0.046949 0.0722207
0.047016 0.19766
0.0477688 0.850458
0.0483688 0.934617
0.04859 0.651493
0.049223 0.291598
0.0493342 0.159518
0.0500624 0.398253
0.05058 0.0974976
0.0512684 0.668769
0.0522516 0.192465
0.0525047 0.445744
0.0532897 0.639211
0.0534944 0.0808409
0.0542699 0.113906
0.0550634 0.450548
0.0551243 0.474065
0.056345 0.990187
0.0568883 0.121064
0.0570612 0.0282546
0.0577074 0.887819
0.0581967 0.111346
0.0588926 0.808488
0.0591051 0.378659
0.0596046 0.774991
0.0609085 0.688716
0.0616699 0.485205
0.0627243 0.207204
0.0628975 0.11859
0.063185 0.95063
0.0632356 0.801458
0.0633903 0.401565
0.0635197 0.575707
0.065581 0.219366
0.0656966 0.163318
0.0657136 0.447674
0.0657931 0.784441
0.0660267 0.710492
0.0670131 0.289967
0.06707 0.245394
0.0672003 0.435753
0.0674946 0.381979
0.0675631 0.533731
0.067779 0.162537
0.0679332 0.753957
0.0680995 0.548401
0.0688299 0.823388
0.0692194 0.370741
0.0693661 0.836016
0.0701206 0.51666
0.0702301 0.357242
0.0703978 0.176237
0.0706484 0.387301
0.0709907 0.141537
0.0713933 0.906479
0.0715323 0.242869
0.0718077 0.872057
0.0720473 0.898215
0.0727183 0.176053
0.0730302 0.418797
0.0730563 0.857026
0.0734928 0.19348
0.0746057 0.898425
0.0752594 0.884229
0.0755727 0.149575
0.0756052 0.696185
0.0764681 0.19966
0.0778222 0.95781
0.078101 0.643168
0.0783924 0.541458
0.0784425 0.382464
0.0786789 0.356655
0.0792916 0.654052
0.0793388 0.446401
0.0806794 0.97934
0.0808731 0.234757
0.0813901 0.923749
0.0825361 0.184999
0.0829399 0.970548
0.0832778 0.649643
0.0835762 0.665258
0.084475 0.771309
0.084739 0.207616
0.0854181 0.622602
0.0859173 0.0119927
0.0863977 0.0859648
0.0865412 0.498576
0.0872223 0.944845
0.0876058 0.391519
0.088457 0.69723
0.088502 0.453085
0.0885225 0.798196
0.0890153 0.0809682
0.0891308 0.0213834
0.0900395 0.293893
0.0908582 0.0545289
0.0917236 0.598748
0.0925294 0.141521
0.0930259 0.485746
0.0933221 0.46406
0.0934378 0.408701
0.0947545 0.538136
0.095553 0.96014
0.0969486 0.41591
0.0971953 0.561945
0.0984853 0.242122
0.0988003 0.536685
0.0989961 0.826624
0.0992667 0.375897
0.0993264 0.379191
0.0995911 0.827675
0.10075 0.296833
0.101011 0.693687
0.10173 0.773031
0.102398 0.00527967
0.102852 0.63019
0.103353 0.0491253
0.103953 0.129912
0.104268 0.424771
0.105046 0.509216
0.105873 0.41111
0.106245 0.655496
0.106971 0.853464
0.1079 0.476548
0.10851 0.721743
0.108986 0.722155
0.109648 0.856425
0.110119 0.774927
0.110878 0.519394
0.110989 0.39215
0.111121 0.609635
0.111164 0.335585
0.111228 0.416884
0.111599 0.642518
0.113067 0.316955
0.113907 0.435874
0.114434 0.295418
0.114679 0.41086
0.114739 0.416165
0.116664 0.765265
0.116837 0.672972
0.116914 0.97499
0.117079 0.752475
0.117579 0.157948
0.117635 0.0970266
0.11813 0.40856
0.118281 0.941009
0.119307 0.196925
0.1194 0.759389
0.119418 0.0611736
0.119505 0.514202
0.120079 0.160883
0.120606 0.0187908
0.120674 0.17516
0.121269 0.16563
0.121315 0.937905
0.122958 0.555683
0.123686 0.791186
0.12371 0.193548
0.124492 0.342138
0.124526 0.900752
0.124693 0.718707
0.12489 0.0258178
0.124977 0.490116
0.125394 0.496344
0.126267 0.165136
0.12863 0.887075
0.129073 0.325303
0.129445 0.576913
0.130437 0.257543
0.131257 0.033135
0.131375 0.0132299
0.132696 0.215512
0.134283 0.901452
0.134698 0.867335
0.134996 0.882778
0.135541 0.0352469
0.136388 0.277235
0.136401 0.486959
0.136961 0.899819
0.137219 0.246858
0.13827 0.900674
0.138294 0.306965
0.139683 0.655302
0.139789 0.438759
0.139832 0.154958
0.140161 0.689962
0.140998 0.756225
0.141236 0.74826
0.141431 0.0243628
0.141465 0.594201
0.141647 0.664665
0.143098 0.0530955
0.144127 0.338884
0.144407 0.0515794
0.144728 0.445372
0.145099 0.671492
0.145332 0.590116
0.145764 0.852658
0.145992 0.679643
0.146261 0.214264
0.146568 0.372757
0.148876 0.165753
0.149272 0.814723
0.150905 0.255046
0.151828 0.77195
0.152541 0.759898
0.152623 0.130342
0.152842 0.819277
0.152908 0.926607
0.153211 0.016768
0.153884 0.331507
0.154559 0.668175
0.155404 0.876721
0.156066 0.0082521
0.156238 0.887644
0.156342 0.64691
0.156391 0.462965
0.156748 0.471418
0.157918 0.124941
0.157951 0.67422
0.158196 0.807161
0.158544 0.640764
0.159109 0.148731
0.159191 0.530914
0.15961 0.570334
0.15995 0.287709
0.161357 0.91875
0.161417 0.9429
0.161749 0.521356
0.162213 0.320717
0.162308 0.906707
0.162365 0.872857
0.162581 0.502656
0.163151 0.0866013
0.163375 0.848338
0.163616 0.901098
0.164864 0.872441
0.165216 0.786782
0.165266 0.632836
0.165338 0.831037
0.165501 0.568083
0.166284 0.731386
0.166415 0.934024
0.166909 0.240064
0.167966 0.00176601
0.168361 0.643184
0.168362 0.66167
0.1685 0.971959
0.16904 0.0518545
0.17005 0.0237823
0.170316 0.500685
0.171078 0.30709
0.172217 0.454052
0.172658 0.855528
0.173703 0.4255
0.174092 0.971412
0.174532 0.352023
0.174585 0.243376
0.175051 0.0738932
0.175228 0.0488762
0.17549 0.45927
0.175523 0.0228078
0.176333 0.625116
0.176439 0.410232
0.177115 0.773369
0.177573 0.464561
0.177663 0.976655
0.177838 0.930757
0.178138 0.960702
0.178528 0.523762
0.179849 0.726765
0.180048 0.0722874
0.18112 0.0878381
0.181725 0.248766
0.181872 0.716006
0.182213 0.461657
0.183013 0.907265
0.183486 0.854411
0.184693 0.13953
0.185638 0.0194136
0.186424 0.228893
0.186798 0.511792
0.187395 0.54544
0.187411 0.822846
0.187542 0.0149964
0.18877 0.651606
0.188963 0.903682
0.189083 0.919566
0.189531 0.441905
0.189768 0.436217
0.190851 0.633136
0.190903 0.503671
0.191736 0.507511
0.192053 0.836611
0.192054 0.850566
0.19412 0.574789
0.19437 0.77589
0.19488 0.341092
0.195095 0.964771
0.19578 0.472305
0.197166 0.775507
0.197424 0.108169
0.197547 0.174143
0.198109 0.609621
0.198256 0.0829968
0.19932 0.978287
0.19981 0.211565
0.199837 0.661699
0.199987 0.188787
0.200261 0.789917
0.201151 0.737703
0.201151 0.74747
0.201657 0.246782
0.201812 0.857972
0.202194 0.282623
0.202257 0.340905
0.203507 0.350605
0.204023 0.0182229
0.204406 0.4543
0.204518 0.325781
0.204602 0.745789
0.205359 0.470824
0.206549 0.466282
0.207252 0.277502
0.207394 0.671659
0.207435 0.363564
0.207597 0.0825468
0.209429 0.870646
0.209922 0.157816
0.20994 0.459194
0.210885 0.343155
0.211764 0.113298
0.21178 0.381226
0.211933 0.958465
0.212673 0.396671
0.213493 0.184777
0.214468 0.560868
0.215144 0.919332
0.215353 0.433145
0.215743 0.992715
0.215769 0.427047
0.21596 0.631374
0.216528 0.182378
0.217484 0.248599
0.217945 0.997996
0.218221 0.646976
0.218839 0.0346894
0.219552 0.00514468
0.220253 0.796705
0.220318 0.886002
0.22238 0.545501
0.222399 0.865341
0.223018 0.263589
0.223728 0.191703
0.224673 0.0830052
0.226661 0.49214
0.227609 0.416907
0.227903 0.373183
0.228608 0.211951
0.229317 0.131629
0.231125 0.517688
0.231388 0.93367
0.232434 0.520234
0.233174 0.953533
0.233187 0.175441
0.237635 0.936114
0.23851 0.639647
0.239283 0.636186
0.240389 0.212019
0.240419 0.729443
0.240762 0.482678
0.24125 0.689276
0.241267 0.971009
0.242144 0.707319
0.242597 0.320115
0.24292 0.754338
0.242963 0.471649
0.243155 0.711077
0.24354 0.168567
0.243561 0.527023
0.243775 0.11845
0.244359 0.942774
0.244567 0.443023
0.244926 0.463325
0.245315 0.0160776
0.246148 0.00615877
0.246312 0.774228
0.247204 0.761561
0.247378 0.676805
0.247651 0.277662
0.248052 0.00187462
0.248843 0.298336
0.249639 0.681482
0.25274 0.795968
0.25278 0.468128
0.254838 0.0670429
0.254913 0.3206
0.255531 0.716954
0.256474 0.56593
0.257577 0.0972703
0.2576 0.47602
0.258015 0.450989
0.258528 0.0756875
0.258741 0.659906
0.258863 0.703888
0.259293 0.936009
0.259433 0.283935
0.259851 0.319239
0.259964 0.214543
0.260421 0.89254
0.260629 0.391944
0.260855 0.188124
0.261568 0.168284
0.262539 0.489317
0.262933 0.109971
0.263257 0.554588
0.263507 0.768352
0.263793 0.570769
0.264045 0.809961
0.264345 0.850049
0.264467 0.898116
0.264843 0.222143
0.26579 0.14007
0.265926 0.421238
0.266097 0.298172
0.266526 0.500631
0.267434 0.771302
0.267792 0.782204
0.268288 0.109539
0.27079 0.159267
0.271361 0.762786
0.271613 0.993103
0.271695 0.382432
0.272249 0.695506
0.273735 0.658032
0.274267 0.609614
0.274372 0.376557
0.274502 0.548117
0.274506 0.6298
0.275204 0.354836
0.276854 0.0858776
0.276863 0.236848
0.277223 0.293425
0.277814 0.212464
0.277907 0.783279
0.277933 0.226838
0.278503 0.794778
0.279088 0.634238
0.279242 0.222567
0.279417 0.160359
0.279906 0.381835
0.280141 0.325824
0.280391 0.524108
0.280917 0.375363
0.282174 0.490916
0.282369 0.774211
0.282454 0.198899
0.282798 0.979143
0.283175 0.324309
0.283193 0.621304
0.283505 0.866012
0.283752 0.0142462
0.283909 0.663621
0.28436 0.237621
0.284805 0.711381
0.285349 0.867584
0.285582 0.783437
0.286617 0.165138
0.286759 0.555241
0.28709 0.116948
0.287448 0.13066
0.287453 0.226838
0.288326 0.893423
0.288761 0.204809
0.288885 0.293597
0.289144 0.648721
0.289174 0.145492
0.289243 0.30723
0.290306 0.170041
0.291276 0.480453
0.291843 0.0110848
0.291977 0.258622
0.292073 0.877836
0.293434 0.739983
0.293467 0.302433
0.293652 0.405815
0.294738 0.664179
0.294981 0.740833
0.295433 0.341521
0.295664 0.226789
0.296016 0.143814
0.296115 0.797142
0.296991 0.528779
0.297578 0.388189
0.297844 0.866649
0.298484 0.614656
0.298909 0.767121
0.29908 0.632182
0.299497 0.649884
0.299588 0.172935
0.300363 0.192765
0.301173 0.807055
0.301434 0.195723
0.301461 0.653354
0.301588 0.790838
0.302117 0.685765
0.302174 0.644479
0.3026 0.805818
0.302623 0.177516
0.304129 0.503733
0.304208 0.81735
0.305313 0.400219
0.305626 0.649216
0.305923 0.642823
0.307033 0.30516
0.307098 0.40248
0.311253 0.231397
0.311295 0.942235
0.311448 0.502898
0.311731 0.25593
0.311753 0.631917
0.312045 0.547432
0.312301 0.850581
0.314026 0.827244
0.314258 0.733768
0.314761 0.193557
0.314929 0.0189466
0.315232 0.109131
0.31554 0.279458
0.316232 0.907916
0.316394 0.628166
0.316577 0.714973
0.316888 0.932813
0.31762 0.233572
0.317665 0.000924304
0.318156 0.255185
0.319331 0.00237434
0.320255 0.533076
0.321133 0.288224
0.321293 0.964216
0.323197 0.974834
0.324064 0.545913
0.324409 0.342678
0.324512 0.0663887
0.324762 0.271982
0.325774 0.277031
0.326593 0.0439904
0.327017 0.173625
0.327567 0.412716
0.327987 0.484264
0.3284 0.420775
0.32927 0.0336941
0.32975 0.116166
0.32982 0.283883
0.329896 0.558893
0.329963 0.682196
0.330289 0.167252
0.330295 0.270302
0.330364 0.434091
0.330405 0.12379
0.330462 0.0808607
0.33258 0.664122
0.33292 0.39426
0.33293 0.550983
0.333375 0.039731
0.333458 0.427902
0.333846 0.945765
0.334375 0.845888
0.334697 0.250685
0.334999 0.334796
0.335054 0.259952
0.33642 0.206874
0.336689 0.732629
0.338142 0.155659
0.338232 0.671963
0.338852 0.0848068
0.338976 0.177116
0.339876 0.297247
0.34028 0.0938537
0.340616 0.734185
0.340799 0.801934
0.341068 0.327728
0.343241 0.858801
0.343543 0.9265
0.343546 0.980346
0.345105 0.174484
0.345198 0.748186
0.345264 0.856518
0.345433 0.69756
0.345891 0.387211
0.345995 0.144849
0.346241 0.276538
0.346256 0.522223
0.346343 0.981426
0.346366 0.366225
0.346956 0.286892
0.34744 0.42893
0.347831 0.995332
0.348691 0.44295
0.348933 0.518321
0.349006 0.749417
0.349704 0.474695
0.349904 0.844065
0.351873 0.923866
0.352061 0.0952201
0.352611 0.331447
0.353608 0.0962893
0.354609 0.916659
0.354776 0.71389
0.355214 0.0763277
0.356167 0.104114
0.356368 0.481982
0.357245 0.211413
0.357581 0.862365
0.357945 0.977569
0.358293 0.834095
0.358419 0.953343
0.35854 0.974613
0.359056 0.657813
0.360312 0.758957
0.360554 0.835595
0.361464 0.123758
0.362692 0.756869
0.362925 0.676377
0.362959 0.244204
0.363376 0.263534
0.363715 0.957898
0.363831 0.899565
0.364419 0.788598
0.364841 0.884931
0.365109 0.388357
0.365232 0.447201
0.366976 0.758175
0.366988 0.963085
0.368775 0.995165
0.368807 0.544028
0.368868 0.559617
0.369002 0.823112
0.369349 0.647895
0.370026 0.0263796
0.370998 0.365655
0.371394 0.0157367
0.371668 0.62827
0.371745 0.911685
0.371922 0.896208
0.372394 0.829094
0.37415 0.340995
0.37461 0.0703091
0.376097 0.0609158
0.376319 0.795213
0.376424 0.561006
0.376662 0.555037
0.377269 0.752507
0.377365 0.36837
0.377549 0.462228
0.377903 0.412632
0.379035 0.433981
0.379207 0.331373
0.379352 0.76269
0.379787 0.086974
0.380173 0.564304
0.380264 0.094375
0.380493 0.948478
0.381586 0.319503
0.383766 0.94954
0.384567 0.410301
0.384636 0.583286
0.385458 0.389729
0.385634 0.34477
0.38643 0.735547
0.386499 0.892496
0.387442 0.737098
0.387559 0.697447
0.387799 0.730062
0.388624 0.60947
0.388781 0.235374
0.388839 0.211346
0.388964 0.312663
0.389138 0.24781
0.389742 0.395394
0.390675 0.0758771
0.390878 0.495116
0.391314 0.81346
0.392097 0.973124
0.392158 0.00226839
0.393027 0.607307
0.39431 0.176091
0.395015 0.0223266
0.395077 0.0660356
0.39517 0.619992
0.395299 0.792295
0.396106 0.357123
0.396838 0.662124
0.397003 0.421209
0.397296 0.355625
0.397667 0.586651
0.397701 0.165811
0.397704 0.215007
0.398335 0.817178
0.39848 0.252557
0.398581 0.943091
0.398771 0.151707
0.401965 0.820698
0.402201 0.794646
0.402809 0.003159
0.403217 0.866658
0.403246 0.361472
0.403411 0.130144
0.40358 0.960778
0.403841 0.349673
0.404263 0.440081
0.404309 0.226475
0.405012 0.0356287
0.40536 0.878639
0.405838 0.913652
0.40632 0.0130519
0.408134 0.51559
0.408938 0.0175878
0.409216 0.697592
0.4093 0.105548
0.410114 0.793986
0.41043 0.10287
0.410801 0.335955
0.411646 0.529913
0.412033 0.0319901
0.412187 0.624459
0.413047 0.0732127
0.413708 0.186939
0.413954 0.329921
0.414269 0.612032
0.4146 0.182771
0.414719 0.190423
0.415416 0.898616
0.416102 0.433925
0.416174 0.643029
0.417055 0.436127
0.417058 0.489182
0.417639 0.262196
0.417821 0.322189
0.417849 0.791294
0.418464 0.128699
0.419287 0.957205
0.419368 0.321513
0.41946 0.858737
0.419683 0.607912
0.419962 0.29885
0.420606 0.118634
0.422115 0.482542
0.422229 0.41042
0.422813 0.218457
0.423132 0.58366
0.423709 0.27726
0.423903 0.538907
0.424077 0.463982
0.424569 0.727407
0.425481 0.0596788
0.426827 0.676798
0.428363 0.50071
0.428379 0.769459
0.428388 0.916603
0.429156 0.816737
0.429605 0.372595
0.430115 0.937516
0.431147 0.28975
0.432135 0.890059
0.43255 0.869834
0.433352 0.34962
0.434017 0.520307
0.434356 0.228179
0.435008 0.178186
0.435264 0.476662
0.435957 0.137718
0.436106 0.632154
0.438007 0.579002
0.438588 0.346256
0.43883 0.42226
0.441114 0.802274
0.441616 0.245166
0.442159 0.373084
0.443768 0.406788
0.44462 0.725341
0.445125 0.218596
0.446218 0.59142
0.446353 0.853507
0.446878 0.676791
0.447484 0.862138
0.44784 0.846297
0.448452 0.129951
0.449001 0.365481
0.449494 0.639707
0.449732 0.6531
0.45007 0.333307
0.450627 0.692893
0.450867 0.714888
0.452136 0.0426674
0.452371 0.001605
0.452696 0.457195
0.453087 0.0336851
0.453139 0.910583
0.453149 0.0733791
0.453612 0.851726
0.453756 0.274245
0.454509 0.925133
0.454654 0.373378
0.454667 0.589088
0.45504 0.861281
0.455071 0.386039
0.45611 0.841887
0.456183 0.0637479
0.45645 0.547256
0.456624 0.476079
0.457804 0.312833
0.458225 0.389241
0.458421 0.677005
0.459274 0.0190846
0.460435 0.529214
0.460794 0.561701
0.461775 0.0537548
0.462342 0.575848
0.462452 0.422511
0.462545 0.995212
0.464886 0.34273
0.465421 0.325312
0.465501 0.681692
0.466631 0.666366
0.466667 0.26794
0.466947 0.98584
0.467184 0.957378
0.467239 0.884482
0.467459 0.589783
0.467587 0.736219
0.467686 0.404378
0.467864 0.386178
0.467873 0.536726
0.468006 0.776007
0.468465 0.495351
0.468854 0.0305802
0.468883 0.509413
0.468992 0.346708
0.469983 0.00277154
0.469996 0.224344
0.470759 0.0482569
0.471427 0.277148
0.472637 0.605007
0.473176 0.670307
0.473422 0.809751
0.473566 0.217284
0.473962 0.873877
0.474059 0.5148
0.47469 0.107768
0.475004 0.387961
0.475031 0.846179
0.475244 0.429208
0.476109 0.970814
0.476216 0.760493
0.476462 0.895782
0.476485 0.275502
0.476993 0.827602
0.477033 0.49264
0.477288 0.781303
0.478141 0.121465
0.478295 0.69973
0.478476 0.752186
0.478581 0.514426
0.4788 0.192452
0.479017 0.846028
0.479091 0.0743608
0.479354 0.495743
0.479795 0.919923
0.480302 0.42775
0.481712 0.125276
0.482172 0.863238
0.48241 0.860705
0.482523 0.758451
0.483346 0.591512
0.483374 0.0663611
0.485019 0.719099
0.48502 0.727794
0.485982 0.900728
0.48599 0.0403351
0.486568 0.748531
0.486746 0.732115
0.486952 0.209207
0.487669 0.249998
0.487901 0.156679
0.488023 0.195479
0.488347 0.651813
0.48843 0.0404687
0.491424 0.367185
0.492075 0.305945
0.49221 0.567452
0.492255 0.332128
0.492625 0.54524
0.492902 0.200967
0.493697 0.5591
0.493828 0.759398
0.495339 0.169897
0.495382 0.877995
0.495854 0.824186
0.495917 0.871425
0.496063 0.333421
0.496181 0.321819
0.496639 0.0186153
0.496707 0.155873
0.496747 0.820825
0.497724 0.24306
0.497729 0.337947
0.498332 0.467021
0.498588 0.772698
0.498967 0.134253
0.499278 0.372513
0.500274 0.103615
0.501237 0.28886
0.501293 0.226083
0.501338 0.98294
0.501573 0.932322
0.501799 0.739013
0.502443 0.567421
0.504348 0.571534
0.506143 0.741351
0.506748 0.90987
0.506791 0.632268
0.506815 0.0418842
0.507313 0.407389
0.507333 0.737763
0.508502 0.387781
0.509372 0.00974714
0.510488 0.765305
0.510552 0.841822
0.511325 0.843002
0.511931 0.0274171
0.512713 0.172117
0.512797 0.573037
0.513591 0.928619
0.514239 0.82273
0.514463 0.571999
0.515095 0.204763
0.51573 0.880212
0.516312 0.661648
0.517058 0.194702
0.517216 0.853006
0.517863 0.730337
0.517984 0.762626
0.518333 0.619873
0.51899 0.667544
0.519522 0.607582
0.51969 0.426758
0.521773 0.431846
0.521924 0.979587
0.522565 0.742512
0.522651 0.19122
0.522654 0.246482
0.522988 0.855156
0.523188 0.215642
0.52331 0.271191
0.523867 0.637164
0.524188 0.0204457
0.524561 0.303596
0.525074 0.919575
0.525555 0.00162418
0.525598 0.733084
0.525639 0.423112
0.526809 0.0848455
0.527661 0.392732
0.527851 0.587636
0.527988 0.890115
0.528685 0.607778
0.529035 0.494648
0.530093 0.272434
0.530258 0.0398612
0.530714 0.71227
0.531191 0.722747
0.531191 0.724539
0.532029 0.810251
0.53225 0.532448
0.533082 0.500851
0.533165 0.906396
0.53424 0.967856
0.534307 0.0969665
0.5345 0.344667
0.534669 0.174651
0.534787 0.170281
0.535398 0.434729
0.538075 0.428588
0.538231 0.0488176
0.539244 0.077111
0.53933 0.520614
0.539747 0.524949
0.54003 0.290128
0.54007 0.962663
0.540244 0.87275
0.540766 0.647346
0.540994 0.483402
0.541492 0.854487
0.541831 0.560231
0.543072 0.414147
0.543529 0.0928174
0.544358 0.0227763
0.544561 0.433054
0.545063 0.872901
0.545347 0.653255
0.546592 0.56468
0.547229 0.28517
0.547239 0.441447
0.547408 0.280815
0.547657 0.468948
0.548477 0.260959
0.548576 0.913818
0.548947 0.146284
0.549434 0.332173
0.549524 0.85441
0.549787 0.275057
0.552987 0.0526616
0.553181 0.318973
0.554895 0.124043
0.555088 0.357977
0.555409 0.753421
0.556169 0.535588
0.557128 0.645856
0.557904 0.684994
0.558104 0.0516793
0.558261 0.689729
0.559001 0.131426
0.559368 0.29999
0.559978 0.54333
0.56069 0.509653
0.560917 0.325971
0.561514 0.360542
0.563316 0.658147
0.563378 0.686923
0.563498 0.710001
0.563614 0.665364
0.564321 0.535994
0.564734 0.475706
0.564856 0.529494
0.564953 0.163186
0.565292 0.855727
0.56559 0.877079
0.565849 0.224674
0.565977 0.369623
0.565997 0.715588
0.567308 0.741903
0.567343 0.340393
0.569174 0.103283
0.56927 0.719867
0.56935 0.0716374
0.569359 0.217912
0.570211 0.535738
0.571452 0.389381
0.571554 0.108999
0.571637 0.49951
0.571962 0.959271
0.572644 0.42336
0.573629 0.989827
0.573738 0.813262
0.573763 0.237075
0.574123 0.288886
0.574219 0.902926
0.574241 0.266234
0.574642 0.0091202
0.575325 0.482366
0.575441 0.433488
0.575841 0.15205
0.577896 0.706191
0.578555 0.770438
0.579826 0.140426
0.580278 0.739705
0.58079 0.328848
0.581337 0.526671
0.581405 0.667356
0.581651 0.803068
0.582046 0.445112
0.582106 0.455215
0.582879 0.446855
0.583192 0.715981
0.583803 0.971937
0.584008 0.426176
0.584472 0.216035
0.584957 0.37947
0.585456 0.765041
0.586345 0.700728
0.586423 0.0029185
0.586651 0.844179
0.587734 0.0467876
0.589863 0.833847
0.590102 0.851749
0.591069 0.100457
0.591692 0.575199
0.592095 0.342019
0.59297 0.0420851
0.593579 0.280408
0.593992 0.21796
0.594007 0.471002
0.594027 0.819127
0.594232 0.262659
0.594424 0.488289
0.596343 0.73614
0.597791 0.0723679
0.598584 0.408791
0.598758 0.332112
0.599001 0.405346
0.599697 0.114917
0.600064 0.269276
0.60011 0.0475851
0.600623 0.671407
0.600684 0.688216
0.601518 0.715535
0.602046 0.588642
0.602075 0.0792852
0.602765 0.667696
0.602792 0.131315
0.603173 0.531054
0.603769 0.538813
0.604178 0.423388
0.605226 0.0348084
0.605239 0.249094
0.605716 0.27585
0.60595 0.204218
0.606274 0.648201
0.606997 0.80663
0.607216 0.481643
0.607686 0.385196
0.607801 0.306757
0.608009 0.81391
0.608733 0.976847
0.609305 0.596026
0.611038 0.72265
0.611299 0.105495
0.613935 0.411714
0.614335 0.13444
0.614657 0.5416
0.614744 0.997594
0.614768 0.404127
0.615528 0.179626
0.615668 0.525259
0.617701 0.699062
0.61824 0.765073
0.618242 0.799759
0.618831 0.699475
0.620164 0.0924156
0.62039 0.887712
0.620834 0.365205
0.62099 0.986045
0.622401 0.701321
0.622451 0.527527
0.623547 0.953461
0.624099 0.228648
0.624126 0.683149
0.624409 0.435852
0.625463 0.150824
0.625812 0.0212658
0.626073 0.401904
0.626484 0.316971
0.627479 0.0461323
0.628303 0.88457
0.629016 0.870662
0.629152 0.158153
0.629875 0.316801
0.629969 0.894637
0.630305 0.543413
0.630328 0.915846
0.630879 0.184333
0.631195 0.487732
0.631264 0.655035
0.631418 0.247613
0.632066 0.125014
0.63209 0.534044
0.633304 0.947774
0.633468 0.700175
0.633556 0.17464
0.634208 0.13763
0.634389 0.178292
0.634407 0.478057
0.635048 0.245819
0.637191 0.264265
0.637899 0.162545
0.638275 0.48208
0.638632 0.484021
0.638748 0.437937
0.639251 0.896849
0.639918 0.109469
0.640405 0.284644
0.640717 0.534956
0.640838 0.568599
0.641422 0.376613
0.641423 0.390567
0.641812 0.929225
0.641907 0.534703
0.64203 0.598587
0.642364 0.217161
0.642558 0.464666
0.642902 0.251021
0.643022 0.263431
0.643057 0.86513
0.643952 0.898404
0.644441 0.113298
0.644584 0.525471
0.644889 0.654349
0.644981 0.19756
0.645201 0.89397
0.645465 0.323937
0.646781 0.447432
0.647095 0.718382
0.647846 0.345736
0.648156 0.557065
0.648648 0.821593
0.64894 0.740834
0.649009 0.891866
0.649273 0.335256
0.64954 0.819586
0.652093 0.724313
0.653056 0.905817
0.653217 0.61666
0.653345 0.763816
0.653505 0.45633
0.654515 0.434339
0.654658 0.836025
0.654931 0.433978
0.655492 0.858648
0.656965 0.612507
0.658201 0.378893
0.658928 0.609834
0.659158 0.462779
0.660223 0.365739
0.661454 0.0528603
0.661587 0.289535
0.66165 0.351722
0.661701 0.203841
0.661921 0.906747
0.663601 0.135835
0.663879 0.818899
0.664669 0.0877259
0.665771 0.611756
0.66687 0.0914963
0.667023 0.662114
0.667391 0.845236
0.667702 0.0681161
0.667763 0.0979098
0.667834 0.290727
0.668005 0.162675
0.668319 0.437711
0.66895 0.0484442
0.669122 0.935357
0.669205 0.332826
0.669884 0.744877
0.670145 0.119544
0.670895 0.723982
0.671185 0.605703
0.671347 0.327628
0.671749 0.0861678
0.672362 0.380144
0.674081 0.275577
0.67561 0.978446
0.676085 0.966218
0.678012 0.348119
0.678271 0.695432
0.678501 0.564938
0.681039 0.226429
0.681396 0.220004
0.681437 0.906556
0.68173 0.83432
0.682864 0.896296
0.682889 0.313911
0.682981 0.858163
0.684577 0.67859
0.685222 0.532872
0.685228 0.622539
0.685675 0.14602
0.685741 0.245069
0.685899 0.899187
0.686459 0.317111
0.686904 0.798963
0.687852 0.722917
0.687996 0.148645
0.688176 0.175705
0.688951 0.207619
0.68914 0.37074
0.689428 0.212391
0.690284 0.594972
0.690423 0.945051
0.690971 0.155521
0.692077 0.733592
0.693054 0.15967
0.693204 0.686476
0.693672 0.545896
0.693714 0.245753
0.693728 0.490092
0.694221 0.767034
0.694225 0.837721
0.694335 0.680401
0.695182 0.927844
0.695441 0.276324
0.696638 0.389099
0.697089 0.968758
0.697154 0.0660771
0.697819 0.248965
0.697822 0.292386
0.698131 0.492937
0.699036 0.701436
0.69985 0.381874
0.700362 0.984416
0.700655 0.90523
0.700764 0.741296
0.700991 0.562928
0.702005 0.597905
0.707155 0.152564
0.707156 0.163763
0.707405 0.357414
0.708012 0.549843
0.708152 0.904461
0.709198 0.483183
0.709575 0.830556
0.709667 0.378706
0.709886 0.0494609
0.710619 0.375045
0.711453 0.395532
0.712923 0.0945752
0.712955 0.634579
0.713328 0.896809
0.714169 0.0305355
0.715403 0.781426
0.715546 0.178964
0.716215 0.420518
0.716607 0.0107824
0.716651 0.755368
0.716679 0.22052
0.717276 0.260038
0.718201 0.799623
0.718303 0.521197
0.718413 0.363008
0.719299 0.252628
0.720407 0.876664
0.722183 0.727234
0.722467 0.503182
0.722923 0.17102
0.723997 0.226024
0.724577 0.963076
0.724676 0.622822
0.724905 0.484579
0.726535 0.869288
0.726913 0.223854
0.727415 0.66205
0.728176 0.454649
0.728339 0.199341
0.728753 0.147654
0.728921 0.973811
0.729745 0.8184
0.729949 0.244933
0.731014 0.146172
0.731083 0.31846
0.731241 0.966239
0.731493 0.208999
0.733333 0.123808
0.733482 0.629232
0.734126 0.454071
0.735 0.147492
0.735367 0.310429
0.735498 0.51781
0.735643 0.958815
0.736459 0.661277
0.736679 0.363674
0.736866 0.512763
0.73753 0.659751
0.738394 0.193757
0.738425 0.704694
0.739231 0.248867
0.739764 0.217339
0.740486 0.349479
0.741798 0.391384
0.742346 0.615691
0.742925 0.340785
0.743464 0.399635
0.744909 0.678112
0.745661 0.323827
0.745753 0.87236
0.745802 0.695569
0.746046 0.801431
0.746443 0.464559
0.746694 0.681532
0.74724 0.86526
0.747504 0.306912
0.747728 0.0671773
0.748048 0.443103
0.748611 0.904964
0.748876 0.365047
0.750772 0.219881
0.75127 0.598142
0.752401 0.603705
0.752651 0.806684
0.75279 0.139036
0.753195 0.948698
0.754453 0.0987953
0.754603 0.619927
0.754732 0.787769
0.755084 0.690291
0.755159 0.950094
0.756 0.0858631
0.756066 0.193435
0.756395 0.734348
0.756516 0.755751
0.756747 0.648164
0.757157 0.530892
0.757257 0.223423
0.757608 0.114394
0.758707 0.595574
0.75888 0.494438
0.759884 0.369256
0.759911 0.830949
0.76032 0.693885
0.760528 0.192405
0.760626 0.844825
0.760953 0.338318
0.760997 0.0816277
0.761246 0.266168
0.762397 0.606864
0.762415 0.9085
0.762632 0.553913
0.764449 0.0912323
0.765182 0.41288
0.765721 0.467363
0.765969 0.644539
0.766544 0.310129
0.767196 0.260902
0.767327 0.465465
0.767488 0.167863
0.768387 0.284425
0.768977 0.190081
0.770215 0.0110952
0.770607 0.588118
0.770876 0.106038
0.77123 0.0588058
0.771834 0.213082
0.772626 0.528154
0.773102 0.533058
0.773749 0.40621
0.774331 0.189077
0.774344 0.400264
0.774861 0.0827991
0.775225 0.207559
0.775231 0.306164
0.77552 0.157253
0.77564 0.184846
0.777418 0.0639043
0.778142 0.2298
0.77835 0.731192
0.778647 0.711917
0.778926 0.415768
0.779116 0.603315
0.779138 0.972297
0.779328 0.172508
0.779678 0.0534294
0.779711 0.608953
0.781032 0.808269
0.781543 0.395714
0.781731 0.547917
0.781835 0.308075
0.782544 0.217258
0.782736 0.439499
0.78283 0.0319151
0.783339 0.573145
0.783465 0.698826
0.785459 0.212897
0.786874 0.986464
0.786884 0.161125
0.786923 0.811731
0.788785 0.115243
0.790247 0.677654
0.790732 0.837278
0.790782 0.674793
0.790831 0.498832
0.79125 0.537712
0.79126 0.711371
0.791438 0.694141
0.791699 0.0914101
0.792127 0.274209
0.792659 0.216415
0.793407 0.793884
0.79403 0.265691
0.794071 0.958888
0.794512 0.362704
0.795111 0.431078
0.795658 0.621129
0.797682 0.638553
0.79855 0.237267
0.798568 0.536547
0.798616 0.347344
0.798942 0.822006
0.800091 0.129698
0.800589 0.506105
0.800976 0.00362699
0.801704 0.233573
0.801917 0.82763
0.801941 0.223895
0.802198 0.539081
0.802548 0.420049
0.802599 0.278172
0.802613 0.522926
0.802733 0.525944
0.802911 0.521385
0.80305 0.864412
0.805071 0.829485
0.805085 0.0691913
0.805755 0.320161
0.806249 0.629378
0.80634 0.156177
0.806847 0.684447
0.807016 0.512967
0.809647 0.734199
0.809794 0.206557
0.809836 0.917426
0.811144 0.889394
0.811595 0.480988
0.812636 0.978911
0.81292 0.740521
0.81297 0.588289
0.813761 0.883889
0.81382 0.875694
0.814412 0.830295
0.81442 0.962843
0.814481 0.977868
0.81465 0.81805
0.815819 0.462503
0.816025 0.933364
0.816041 0.193826
0.816233 0.430436
0.817341 0.0529613
0.817706 0.179537
0.818051 0.989818
0.818074 0.368959
0.818471 0.0498995
0.818548 0.334473
0.818729 0.381044
0.819149 0.437987
0.819253 0.189442
0.820262 0.14614
0.820663 0.886483
0.821015 0.795728
0.821074 0.797738
0.821968 0.821965
0.822371 0.583118
0.822805 0.888236
0.823414 0.11255
0.823627 0.698694
0.823797 0.563215
0.824673 0.277009
0.824997 0.717298
0.825039 0.43597
0.825086 0.228664
0.825409 0.64898
0.82543 0.997457
0.825513 0.399222
0.82645 0.14677
0.82653 0.4881
0.827017 0.667603
0.827106 0.171572
0.827165 0.168292
0.829312 0.253818
0.830102 0.516735
0.830244 0.90946
0.830447 0.318877
0.831315 0.912308
0.831361 0.684591
0.831581 0.39008
0.832886 0.319112
0.83329 0.108042
0.833447 0.741904
0.833512 0.828204
0.834307 0.194242
0.83562 0.260111
0.835777 0.899468
0.837601 0.552273
0.838969 0.545238
0.83922 0.778764
0.839444 0.540625
0.839459 0.784886
0.840201 0.252097
0.84069 0.473667
0.841202 0.0892939
0.841375 0.990005
0.841935 0.394984
0.842714 0.495669
0.842944 0.356479
0.843607 0.510167
0.844012 0.314443
0.844143 0.513583
0.844145 0.545397
0.844204 0.532005
0.844237 0.0956755
0.844367 0.275969
0.844542 0.216383
0.845079 0.241744
0.845119 0.915845
0.846631 0.322345
0.847413 0.478135
0.847713 0.517354
0.848059 0.329928
0.848447 0.855273
0.850003 0.00291447
0.850683 0.437162
0.850831 0.917808
0.851066 0.866321
0.851379 0.122855
0.851526 0.598679
0.851557 0.121731
0.851881 0.564204
0.8533 0.412137
0.853645 0.21395
0.85372 0.475099
0.853816 0.0805771
0.854365 0.305221
0.854592 0.126728
0.856255 0.0760854
0.857421 0.666466
0.857468 0.461946
0.859506 0.725634
0.859691 0.825761
0.85995 0.186426
0.860778 0.10272
0.861002 0.86693
0.861371 0.0649445
0.861467 0.677732
0.861765 0.686249
0.862433 0.912886
0.866712 0.834934
0.866995 0.589117
0.867071 0.854954
0.867826 0.559726
0.86894 0.276034
0.869331 0.849589
0.869932 0.954348
0.870981 0.575582
0.87112 0.911801
0.871287 0.713469
0.871787 0.118042
0.872053 0.599171
0.872352 0.621109
0.872558 0.0813507
0.873415 0.493438
0.873796 0.89187
0.873966 0.749011
0.874055 0.240248
0.874767 0.209748
0.874973 0.663955
0.875787 0.353058
0.876376 0.250151
0.876934 0.62514
0.878077 0.8398
0.87916 0.03794
0.879492 0.624543
0.879543 0.478408
0.879661 0.470125
0.88151 0.533165
0.881542 0.077152
0.882275 0.391545
0.883231 0.46524
0.883453 0.20295
0.883829 0.516756
0.883944 0.440524
0.884215 0.99897
0.884872 0.0453735
0.886148 0.483348
0.888346 0.425807
0.888422 0.702257
0.888893 0.62842
0.890888 0.151507
0.891101 0.736868
0.891108 0.853309
0.891254 0.304042
0.891256 0.339778
0.891414 0.987877
0.892668 0.0658934
0.892781 0.964672
0.893191 0.864532
0.894454 0.0825865
0.895132 0.479776
0.895837 0.324524
0.895899 0.378626
0.897116 0.824249
0.897184 0.978592
0.897919 0.320572
0.899132 0.705721
0.899159 0.164714
0.899596 0.503328
0.900005 0.382182
0.900423 0.401903
0.900683 0.772946
0.90093 0.927629
0.901029 0.590607
0.901333 0.703692
0.901644 0.935831
0.901986 0.678789
0.90331 0.931897
0.903399 0.432814
0.903722 0.849296
0.903766 0.589044
0.903866 0.281293
0.905351 0.226162
0.905491 0.582612
0.906168 0.969932
0.90782 0.733022
0.907904 0.140665
0.908 0.76131
0.908072 0.97003
0.908852 0.0789016
0.909339 0.262959
0.909495 0.883024
0.909882 0.393969
0.910903 0.546146
0.910989 0.986933
0.911021 0.537346
0.911308 0.360487
0.911356 0.160295
0.911774 0.178224
0.912302 0.0645575
0.913128 0.942291
0.91381 0.411084
0.914706 0.457396
0.916168 0.0316401
0.916326 0.690132
0.916579 0.947709
0.916597 0.239241
0.916846 0.43185
0.917812 0.673821
0.918752 0.466002
0.918928 0.419071
0.919011 0.816344
0.919147 0.111544
0.920252 0.674432
0.920517 0.132707
0.920577 0.135664
0.921203 0.662632
0.921204 0.677557
0.921619 0.655008
0.922398 0.737011
0.922406 0.8747
0.922502 0.48388
0.92282 0.838337
0.922946 0.949086
0.92302 0.192257
0.923133 0.091866
0.923266 0.338339
0.923536 0.868116
0.924022 0.0360051
0.925247 0.631714
0.925719 0.558746
0.925758 0.220536
0.926216 0.910977
0.926349 0.144951
0.926797 0.675609
0.927101 0.779834
0.927482 0.182806
0.927636 0.772974
0.92768 0.520815
0.928076 0.177549
0.928086 0.342098
0.928289 0.755476
0.928939 0.680148
0.930404 0.294666
0.931576 0.00375705
0.93252 0.864317
0.933211 0.485043
0.933772 0.90735
0.934986 0.313207
0.935248 0.713035
0.935348 0.39313
0.935955 0.597408
0.936186 0.469997
0.936344 0.132724
0.937096 0.776928
0.937491 0.414542
0.93754 0.229784
0.937684 0.65613
0.938382 0.391129
0.938758 0.699676
0.939095 0.374811
0.939328 0.28744
0.93959 0.686274
0.940432 0.843182
0.941069 0.542518
0.942057 0.151686
0.942792 0.496742
0.943142 0.380896
0.943546 0.172299
0.94357 0.578698
0.944143 0.209445
0.944145 0.245548
0.944247 0.965111
0.94463 0.400961
0.944933 0.487687
0.94511 0.471748
0.945509 0.167544
0.946181 0.456674
0.946431 0.673608
0.946792 0.734693
0.947751 0.846456
0.948066 0.142544
0.948431 0.276344
0.949037 0.468186
0.950098 0.30204
0.950334 0.257088
0.95035 0.532803
0.950566 0.162164
0.950577 0.354301
0.950638 0.370751
0.950795 0.0172066
0.951078 0.767359
0.951294 0.399999
0.951311 0.688135
0.951527 0.320971
0.952679 0.683808
0.953088 0.543535
0.953173 0.983978
0.954197 0.180452
0.954472 0.809061
0.954647 0.750531
0.954719 0.957561
0.954996 0.622773
0.955073 0.907081
0.956517 0.186669
0.956617 0.86847
0.957685 0.817567
0.958909 0.38806
0.959809 0.515915
0.959866 0.474817
0.96104 0.191664
0.961742 0.996505
0.961899 0.631464
0.962201 0.707741
0.962464 0.140323
0.963392 0.735999
0.963814 0.824217
0.964142 0.340429
0.964268 0.446568
0.964302 0.0273707
0.964419 0.986874
0.964673 0.262334
0.965717 0.80291
0.966175 0.496129
0.969165 0.748487
0.970079 0.119484
0.971294 0.533606
0.97168 0.0184806
0.972357 0.408571
0.972589 0.310557
0.972634 0.0556503
0.97372 0.320142
0.97521 0.346695
0.975445 0.310227
0.975672 0.121818
0.976109 0.471804
0.976614 0.943715
0.976629 0.197697
0.978948 0.172804
0.979399 0.757112
0.979821 0.848569
0.979901 0.192842
0.980062 0.898347
0.980083 0.24666
0.980464 0.650117
0.981165 0.442233
0.98117 0.516458
0.981246 0.804788
0.981301 0.733762
0.981815 0.363391
0.982002 0.513716
0.982435 0.782237
0.982974 0.85037
0.983563 0.735364
0.983605 0.446953
0.984356 0.068468
0.984546 0.264045
0.98488 0.873392
0.985447 0.409604
0.985515 0.549037
0.98557 0.483591
0.98615 0.222976
0.986373 0.969341
0.986925 0.243346
0.986967 0.959537
0.987374 0.803087
0.987607 0.706254
0.988734 0.644212
0.989108 0.944072
0.989662 0.249249
0.990186 0.0567321
0.990489 0.147558
0.990725 0.118392
0.99141 0.625777
0.992013 0.761301
0.992186 0.674956
0.99404 0.837383
0.994412 0.0888517
0.994925 0.71283
0.99501 0.137464
0.995109 0.791833
0.996571 0.364324
0.996784 0.944661
0.997138 0.893828
0.997903 0.752389
0.998117 0.348222
0.998198 0.711082
0.998234 0.325632
0.99888 0.171712
0.998923 0.897491
0.999808 0.770574
0.999986 0.767455
