0.000986128 0.573855
0.00127545 0.436543
0.00180482 0.333598
0.00183844 0.898647
0.00244635 0.115815
0.00261408 0.934787
0.00348586 0.586823
0.00363347 0.0677506
0.00504857 0.851343
0.00634757 0.68365
0.00689549 0.892532
0.00697734 0.26822
0.00743057 0.885648
0.010222 0.801946
0.0106458 0.923417
0.011105 0.641681
0.0113372 0.544449
0.012647 0.558468
0.0131158 0.437407
0.0135773 0.194497
0.0143934 0.909145
0.014593 0.265139
0.015013 0.323108
0.0156971 0.821523
0.0157948 0.46265
0.0162523 0.152598
0.0184922 0.798412
0.01871 0.459032
0.0192713 0.893423
0.0208173 0.876906
0.0213688 0.14555
0.0242773 0.0283796
0.0256094 0.417869
0.0256504 0.107067
0.0261326 0.210051
0.026209 0.494038
0.0276841 0.286833
0.0290423 0.114732
0.0303081 0.387578
0.0337138 0.628524
0.0341062 0.22278
0.0345553 0.770131
0.0349487 0.382247
0.0354265 0.412924
0.0358424 0.402592
0.0388578 0.0827467
0.0393383 0.158206
0.0401417 0.661338
0.0419831 0.609346
0.0420078 0.0257321
0.0425528 0.185574
0.0459649 0.531252
0.0469154 0.506758
0.0473329 0.523309
0.0475751 0.595173
0.04773 0.198216
0.0483472 0.571239
0.0503144 0.634534
0.0524634 0.752939
0.0542506 0.789988
0.0553158 0.692299
0.0555692 0.952012
0.0558571 0.789843
0.05586 0.839172
0.0567852 0.388133
0.0568484 0.45068
0.0584491 0.354709
0.0602687 0.935746
0.0607859 0.628549
0.0618805 0.026371
0.0662297 0.122124
0.0664928 0.544837
0.0671306 0.263629
0.0707297 0.754576
0.0708404 0.615295
0.0710081 0.432631
0.0712807 0.014235
0.0712971 0.290177
0.0724608 0.849064
0.0740928 0.277554
0.0743736 0.997887
0.0756016 0.635859
0.0761885 0.500387
0.0775053 0.632083
0.0779241 0.670556
0.0800211 0.914654
0.0812285 0.208234
0.0814519 0.961572
0.0817869 0.591636
0.0829654 0.398861
0.0829802 0.64864
0.0830548 0.902315
0.0835953 0.986468
0.084768 0.695973
0.0849158 0.179961
0.0852074 0.0812171
0.0865204 0.148158
0.0868099 0.0134755
0.087049 0.0327309
0.088298 0.0245481
0.0887915 0.319114
0.0892231 0.572452
0.0895452 0.98639
0.0902023 0.029593
0.091523 0.226491
0.0938048 0.577563
0.0944283 0.0572672
0.094744 0.362896
0.0953758 0.981322
0.0957749 0.689617
0.0962474 0.630587
0.0969665 0.716223
0.0991976 0.213243
0.0997335 0.221715
0.101406 0.324501
0.1015 0.905036
0.101703 0.32235
0.102179 0.318598
0.10275 0.913077
0.102964 0.517511
0.103818 0.87328
0.105342 0.481285
0.105564 0.207216
0.106312 0.782509
0.106635 0.212452
0.106778 0.615836
0.107062 0.393654
0.107125 0.448696
0.107747 0.901712
0.108019 0.468023
0.108268 0.653361
0.108725 0.348396
0.10906 0.968669
0.110121 0.797662
0.111207 0.0566443
0.112589 0.288948
0.113691 0.81261
0.114449 0.546496
0.114712 0.960803
0.114948 0.93501
0.115765 0.665435
0.116166 0.394931
0.118265 0.672291
0.118853 0.570503
0.119079 0.363287
0.119634 0.689009
0.120281 0.558286
0.121761 0.437578
0.122101 0.154444
0.123742 0.736666
0.12532 0.259473
0.126489 0.906563
0.127025 0.903515
0.127694 0.155822
0.127697 0.202491
0.127866 0.0466168
0.128436 0.622203
0.12927 0.64078
0.130305 0.028969
0.130557 0.264976
0.13161 0.976644
0.133 0.334568
0.133108 0.138053
0.134226 0.936405
0.136824 0.602341
0.137432 0.819017
0.14069 0.572132
0.140699 0.728276
0.142114 0.509309
0.145022 0.380376
0.145301 0.0807677
0.146753 0.478809
0.148936 0.164836
0.150993 0.73747
0.151031 0.383764
0.151749 0.438533
0.152398 0.345799
0.15363 0.0558827
0.153681 0.919789
0.153841 0.605071
0.153972 0.799413
0.155049 0.901601
0.156099 0.548843
0.157118 0.683849
0.157434 0.991591
0.157561 0.126429
0.157572 0.319662
0.159552 0.591256
0.160013 0.332591
0.165156 0.772234
0.165943 0.0116956
0.166595 0.963635
0.167745 0.286956
0.169052 0.257383
0.170321 0.577015
0.170443 0.629935
0.171845 0.203327
0.173258 0.955035
0.174227 0.236489
0.175659 0.304147
0.176837 0.0952587
0.176862 0.512725
0.1769 0.157274
0.177126 0.951036
0.177574 0.486937
0.178218 0.303958
0.17984 0.564243
0.18008 0.598407
0.18083 0.203425
0.182077 0.167701
0.182533 0.831133
0.182865 0.411749
0.186392 0.688983
0.186401 0.848672
0.186419 0.143828
0.188549 0.944513
0.190063 0.383336
0.190074 0.58139
0.190077 0.628833
0.192318 0.290966
0.192339 0.640711
0.192457 0.62727
0.192531 0.865519
0.193349 0.612482
0.193907 0.999343
0.194654 0.55021
0.194814 0.231062
0.196724 0.348212
0.197488 0.177478
0.197697 0.697169
0.198829 0.727064
0.200225 0.183937
0.201448 0.733392
0.202702 0.817654
0.203212 0.387849
0.204109 0.463652
0.204877 0.370156
0.207857 0.454239
0.208181 0.904249
0.209603 0.790641
0.210071 0.668077
0.210327 0.95897
0.212489 0.305474
0.212986 0.656422
0.213479 0.935492
0.213925 0.436761
0.21499 0.340669
0.21529 0.377431
0.215325 0.973557
0.215454 0.129965
0.215879 0.270149
0.216589 0.216828
0.218052 0.807006
0.218344 0.703887
0.219884 0.585189
0.220375 0.849327
0.221287 0.172278
0.221555 0.679726
0.222907 0.40445
0.223445 0.437708
0.224782 0.908835
0.22583 0.52726
0.226056 0.317218
0.226101 0.0867928
0.226685 0.896951
0.2267 0.138606
0.226808 0.958644
0.22837 0.211831
0.228661 0.111702
0.229675 0.155828
0.230462 0.371701
0.231886 0.308801
0.232237 0.214015
0.232831 0.188606
0.233451 0.613799
0.234002 0.879688
0.23434 0.547482
0.234897 0.913376
0.235949 0.592158
0.23666 0.547806
0.237155 0.870837
0.238386 0.550053
0.238818 0.811789
0.23949 0.115727
0.242607 0.499268
0.244182 0.96585
0.244368 0.09862
0.245053 0.604189
0.247561 0.760082
0.249713 0.927354
0.249996 0.683627
0.250255 0.037921
0.250306 0.892114
0.251456 0.216813
0.251612 0.846285
0.254015 0.230601
0.254779 0.0730784
0.255984 0.323026
0.259439 0.397089
0.260789 0.0798792
0.261907 0.874882
0.262032 0.9695
0.262111 0.291076
0.26215 0.960872
0.262559 0.837066
0.262818 0.175238
0.262947 0.342007
0.263837 0.305086
0.263857 0.647263
0.264119 0.0484371
0.26418 0.066953
0.264236 0.0104218
0.264809 0.650122
0.266923 0.170826
0.267096 0.0803966
0.268401 0.0105094
0.274041 0.807305
0.27422 0.813351
0.276527 0.590193
0.27654 0.801881
0.276604 0.889378
0.277425 0.674338
0.278857 0.750559
0.279191 0.369665
0.279403 0.918634
0.279407 0.995685
0.282173 0.486055
0.282224 0.344952
0.283127 0.514687
0.284349 0.0575285
0.284393 0.791728
0.285143 0.397622
0.286053 0.699622
0.290616 0.387201
0.291518 0.539427
0.29295 0.607696
0.296153 0.445619
0.296353 0.812813
0.297436 0.000880252
0.297465 0.497495
0.297924 0.211242
0.298628 0.0440789
0.299098 0.941848
0.299277 0.942901
0.299361 0.363496
0.300699 0.848992
0.301689 0.483517
0.302574 0.355239
0.302674 0.0489432
0.303299 0.545944
0.306379 0.30829
0.307591 0.679992
0.3081 0.242972
0.308242 0.622172
0.308434 0.841729
0.309125 0.460061
0.309328 0.884027
0.309631 0.971362
0.309794 0.715264
0.313602 0.703729
0.314039 0.0458187
0.31466 0.497465
0.314678 0.790837
0.31495 0.368097
0.315008 0.345203
0.315892 0.190495
0.316068 0.147814
0.31912 0.443497
0.320145 0.669602
0.321771 0.00969263
0.321849 0.310568
0.322519 0.58173
0.322848 0.111889
0.326156 0.696767
0.326192 0.300791
0.326697 0.798702
0.32944 0.905541
0.331228 0.947388
0.331816 0.836554
0.332096 0.541602
0.332631 0.533647
0.333567 0.25975
0.334223 0.287441
0.334286 0.349675
0.335388 0.859257
0.335752 0.991569
0.336299 0.178944
0.337054 0.870075
0.337244 0.0610737
0.33779 0.238431
0.337821 0.750463
0.339454 0.200123
0.34026 0.753164
0.340308 0.554733
0.341233 0.102676
0.341649 0.0983
0.341973 0.54539
0.344923 0.122426
0.347286 0.82746
0.349119 0.646779
0.351009 0.41049
0.352586 0.905708
0.353223 0.614756
0.353326 0.342693
0.353486 0.0425247
0.354312 0.914107
0.35561 0.732036
0.355998 0.263682
0.356525 0.113716
0.356884 0.141907
0.357005 0.19103
0.358935 0.626878
0.359397 0.383295
0.359407 0.551632
0.359499 0.0950393
0.359783 0.868029
0.361384 0.784909
0.362923 0.653188
0.363188 0.107769
0.364032 0.278499
0.364887 0.657824
0.366188 0.520239
0.367381 0.580296
0.36818 0.00604072
0.368181 0.0235874
0.368377 0.319264
0.368634 0.635279
0.368654 0.969559
0.36882 0.765287
0.369547 0.96925
0.370273 0.180898
0.370361 0.653273
0.372376 0.529431
0.372556 0.551583
0.374784 0.00216095
0.374996 0.557571
0.375942 0.461896
0.376688 0.00167259
0.377647 0.104967
0.377711 0.181563
0.37823 0.918843
0.378892 0.043667
0.380123 0.730694
0.380468 0.520579
0.381434 0.76118
0.382697 0.986653
0.383149 0.582794
0.38409 0.405263
0.384154 0.47379
0.385534 0.662336
0.386249 0.694025
0.388079 0.435823
0.391836 0.586977
0.392729 0.594791
0.393214 0.7441
0.393554 0.464416
0.39406 0.967704
0.395312 0.0059081
0.395849 0.0293049
0.396794 0.917586
0.396922 0.0604614
0.398758 0.921088
0.39885 0.473111
0.399809 0.587496
0.399873 0.661986
0.402296 0.383305
0.402694 0.0860898
0.40275 0.0231097
0.404325 0.488901
0.40534 0.543193
0.405385 0.310068
0.405419 0.882003
0.405864 0.35441
0.406046 0.417627
0.406174 0.561903
0.408792 0.564905
0.413105 0.0544907
0.413916 0.690296
0.414021 0.451917
0.41405 0.931713
0.414268 0.602116
0.414304 0.20664
0.414907 0.33451
0.415273 0.50089
0.417262 0.924645
0.417344 0.305256
0.41901 0.293933
0.419395 0.767013
0.419548 0.343775
0.419791 0.424358
0.419945 0.0219767
0.420073 0.166911
0.420263 0.360187
0.422305 0.680279
0.422375 0.855424
0.42411 0.01063
0.42437 0.385445
0.424534 0.137901
0.425844 0.159668
0.426048 0.586147
0.426293 0.700493
0.426423 0.892565
0.426983 0.299587
0.427125 0.687811
0.429257 0.521218
0.429271 0.764524
0.429476 0.210592
0.429785 0.392095
0.430544 0.159337
0.431256 0.125386
0.431595 0.812848
0.431996 0.548339
0.432338 0.30947
0.434075 0.503925
0.436478 0.888522
0.43684 0.970707
0.437024 0.0566442
0.438463 0.247631
0.438657 0.505568
0.441506 0.386771
0.446765 0.782583
0.446828 0.844872
0.446933 0.59567
0.447505 0.218652
0.447742 0.201554
0.450697 0.870143
0.450722 0.278108
0.45233 0.302718
0.453453 0.182754
0.45385 0.850961
0.455213 0.772339
0.456299 0.0219525
0.457314 0.0810426
0.45759 0.723441
0.458205 0.0527148
0.460036 0.81685
0.46057 0.80358
0.461341 0.751103
0.461928 0.626079
0.462177 0.804343
0.462344 0.615527
0.462579 0.563665
0.46578 0.36741
0.466331 0.617286
0.466458 0.76708
0.46698 0.537983
0.468884 0.527022
0.46921 0.0143639
0.469268 0.988223
0.469291 0.377389
0.469455 0.134032
0.469862 0.965716
0.470148 0.779833
0.47015 0.803774
0.470243 0.38103
0.470324 0.740463
0.472904 0.0969441
0.475802 0.798679
0.476932 0.795351
0.476991 0.782867
0.479162 0.283308
0.479737 0.933487
0.480624 0.845436
0.480804 0.875227
0.481019 0.489523
0.482083 0.368691
0.482407 0.818897
0.482625 0.476817
0.482875 0.68482
0.482969 0.253514
0.483011 0.968367
0.483275 0.397341
0.484331 0.143837
0.485375 0.697467
0.488292 0.7314
0.488975 0.201774
0.489733 0.934064
0.489792 0.936598
0.491275 0.854905
0.494159 0.323594
0.494791 0.960318
0.495085 0.899861
0.495178 0.453685
0.49574 0.909481
0.498485 0.0405351
0.498769 0.818753
0.499311 0.926471
0.499688 0.260696
0.501094 0.879629
0.505754 0.207663
0.506095 0.94357
0.506935 0.048941
0.50709 0.665554
0.508534 0.925303
0.510964 0.765803
0.511072 0.59056
0.511364 0.494633
0.512154 0.771482
0.513063 0.0557235
0.513512 0.592783
0.513749 0.571975
0.514261 0.184096
0.51473 0.074235
0.515607 0.805606
0.516899 0.525558
0.517002 0.248337
0.517602 0.330696
0.517641 0.999608
0.519162 0.562088
0.519599 0.895075
0.520013 0.855433
0.521746 0.983191
0.522013 0.465979
0.522539 0.317439
0.522906 0.475281
0.523261 0.451942
0.523885 0.939637
0.523943 0.913895
0.524556 0.211949
0.525546 0.84876
0.526156 0.111775
0.526354 0.436792
0.526575 0.153942
0.526604 0.636406
0.5272 0.645894
0.528174 0.0154892
0.529316 0.220311
0.529388 0.420133
0.52976 0.681228
0.530147 0.176215
0.530236 0.673094
0.531124 0.607161
0.53189 0.470792
0.532364 0.444164
0.533506 0.637411
0.535218 0.417358
0.53572 0.850255
0.536566 0.0611342
0.537576 0.0484878
0.538808 0.753656
0.539183 0.053868
0.540473 0.731878
0.54072 0.875165
0.541066 0.700183
0.541809 0.182734
0.543947 0.11329
0.544019 0.331096
0.544742 0.484493
0.545931 0.457458
0.546275 0.241943
0.546706 0.484825
0.546738 0.0316377
0.546918 0.0548468
0.547854 0.777545
0.547901 0.570184
0.548199 0.58871
0.549818 0.797451
0.55076 0.61621
0.551805 0.183944
0.552906 0.688682
0.553682 0.728478
0.55405 0.913485
0.555132 0.10149
0.555215 0.505439
0.555269 0.412922
0.556043 0.409524
0.556234 0.63056
0.559074 0.355517
0.560082 0.292946
0.560826 0.79698
0.561119 0.731842
0.561332 0.308023
0.56153 0.627155
0.56442 0.20989
0.564665 0.328267
0.564969 0.44096
0.565431 0.195592
0.566269 0.291087
0.568272 0.94921
0.572489 0.825569
0.573243 0.50201
0.573349 0.27098
0.573643 0.211282
0.574382 0.636324
0.575191 0.229843
0.576259 0.187041
0.576873 0.502375
0.577587 0.500465
0.577729 0.890662
0.580217 0.711993
0.580243 0.14314
0.581107 0.664201
0.581204 0.301485
0.58185 0.147354
0.583075 0.743384
0.583814 0.163527
0.584332 0.870284
0.584755 0.974264
0.586016 0.175718
0.586046 0.678915
0.586439 0.276521
0.587782 0.851917
0.587817 0.447637
0.590121 0.166611
0.590428 0.322201
0.59109 0.45478
0.591174 0.862572
0.591656 0.965831
0.591879 0.714528
0.594025 0.772443
0.594844 0.548731
0.595519 0.888577
0.597043 0.50217
0.597203 0.187155
0.597555 0.10594
0.598694 0.247275
0.598813 0.242819
0.601528 0.877032
0.601618 0.389705
0.603058 0.594544
0.603332 0.205794
0.604603 0.568957
0.605803 0.730999
0.60741 0.744104
0.608312 0.897614
0.608644 0.487543
0.609701 0.249512
0.610019 0.591596
0.610331 0.840311
0.612347 0.722401
0.613959 0.804496
0.614709 0.419805
0.615427 0.484505
0.61613 0.288532
0.6179 0.0461806
0.619104 0.279763
0.61913 0.721069
0.621335 0.780078
0.621718 0.220084
0.621781 0.269952
0.622228 0.79017
0.622251 0.170711
0.625099 0.0358387
0.625772 0.355164
0.62593 0.00265207
0.62728 0.696501
0.628105 0.559372
0.630056 0.353949
0.63123 0.0884759
0.632473 0.982064
0.632622 0.479733
0.632704 0.863137
0.632978 0.453514
0.63318 0.856451
0.633573 0.456162
0.634046 0.414773
0.635069 0.604689
0.63773 0.326934
0.641082 0.658386
0.642473 0.0450326
0.643049 0.722933
0.643308 0.0804362
0.643487 0.0847133
0.643796 0.279716
0.644242 0.782708
0.644248 0.871803
0.646071 0.521172
0.647325 0.589304
0.647456 0.797194
0.647586 0.974818
0.648121 0.96705
0.648613 0.239851
0.64862 0.356096
0.649802 0.223147
0.650281 0.27346
0.65107 0.534257
0.65127 0.899384
0.652733 0.488537
0.654476 0.780501
0.65475 0.391484
0.655996 0.328118
0.657725 0.385932
0.658158 0.665614
0.658506 0.503764
0.659132 0.0233281
0.659312 0.0568523
0.660855 0.985567
0.662218 0.891863
0.662572 0.84985
0.664756 0.551515
0.667101 0.963029
0.667178 0.264539
0.668344 0.857564
0.669406 0.714882
0.669667 0.0976171
0.669733 0.207349
0.669804 0.398429
0.670071 0.885521
0.673098 0.751951
0.674724 0.0833078
0.675749 0.310939
0.675842 0.874553
0.676422 0.622962
0.676866 0.0890361
0.677176 0.289322
0.67756 0.754091
0.678323 0.57845
0.679084 0.365602
0.679824 0.801914
0.680851 0.0575404
0.681003 0.61386
0.681152 0.118431
0.684079 0.32013
0.68444 0.376018
0.68458 0.737437
0.685638 0.519707
0.68623 0.464588
0.687596 0.427625
0.691081 0.993708
0.69236 0.491555
0.692385 0.914242
0.69281 0.0571732
0.694158 0.713205
0.696612 0.957083
0.699551 0.351256
0.700957 0.98506
0.701605 0.869505
0.701838 0.786798
0.703119 0.321883
0.704454 0.762455
0.706377 0.0843113
0.709659 0.245759
0.710903 0.150164
0.711649 0.687686
0.712209 0.0955067
0.713062 0.425722
0.713245 0.501673
0.713546 0.566516
0.713981 0.877143
0.714817 0.930899
0.715137 0.311778
0.71519 0.203985
0.715479 0.0474349
0.716576 0.49882
0.718922 0.918755
0.719546 0.409831
0.720212 0.602024
0.7206 0.12481
0.722665 0.835517
0.723685 0.9674
0.724475 0.249492
0.726134 0.141671
0.726334 0.494472
0.726576 0.570773
0.72661 0.139312
0.727038 0.331996
0.727834 0.708505
0.729049 0.131643
0.731389 0.455415
0.732084 0.141632
0.732208 0.220457
0.732543 0.847037
0.733027 0.982955
0.733449 0.0798286
0.734717 0.390696
0.735635 0.815405
0.736796 0.330371
0.737282 0.502978
0.737724 0.922862
0.740918 0.610448
0.741199 0.332535
0.742865 0.326753
0.74562 0.634535
0.7476 0.908187
0.748087 0.100369
0.749527 0.303361
0.749659 0.51395
0.749981 0.936904
0.754159 0.156764
0.754479 0.529817
0.755279 0.982508
0.757533 0.863231
0.758939 0.494585
0.759049 0.333375
0.759444 0.970246
0.76007 0.497104
0.760746 0.859434
0.76085 0.6007
0.76161 0.386851
0.762179 0.945955
0.766601 0.270111
0.766878 0.921401
0.76746 0.706929
0.768473 0.718686
0.768566 0.297249
0.768802 0.248133
0.76926 0.958226
0.769587 0.445528
0.770019 0.714949
0.772375 0.313819
0.774864 0.146326
0.775048 0.230228
0.776133 0.472689
0.77625 0.428733
0.776547 0.432797
0.776704 0.0602261
0.77676 0.0134544
0.777612 0.328972
0.778319 0.21419
0.779161 0.36443
0.780911 0.777279
0.782136 0.361038
0.782266 0.547029
0.782501 0.500214
0.782649 0.986839
0.783262 0.282757
0.784081 0.0475088
0.784724 0.85718
0.787622 0.561381
0.788051 0.777966
0.790041 0.21987
0.790286 0.337925
0.793246 0.0846059
0.793399 0.656946
0.794301 0.817805
0.794405 0.563985
0.795233 0.479105
0.796192 0.605754
0.797338 0.866809
0.797428 0.372657
0.797952 0.175452
0.798937 0.729538
0.799487 0.983139
0.80253 0.128306
0.802894 0.234251
0.804377 0.159743
0.805955 0.693717
0.80598 0.0999839
0.806628 0.00265629
0.808016 0.324164
0.808159 0.734334
0.808277 0.713944
0.808889 0.991618
0.809482 0.967046
0.810128 0.817289
0.811482 0.586537
0.813372 0.341326
0.813639 0.835298
0.813685 0.612198
0.815279 0.39214
0.815378 0.0638679
0.817254 0.592936
0.818833 0.124054
0.819183 0.00198632
0.819198 0.263864
0.820145 0.183193
0.823243 0.243238
0.824434 0.270002
0.825466 0.598201
0.82574 0.215258
0.826255 0.864367
0.826363 0.680773
0.828587 0.0560848
0.830162 0.540002
0.832102 0.14162
0.832187 0.571239
0.83252 0.171554
0.833697 0.948836
0.836858 0.0780656
0.83869 0.866008
0.839291 0.968622
0.839789 0.332428
0.842709 0.416974
0.843893 0.305117
0.845553 0.211132
0.845814 0.59476
0.846521 0.478405
0.847067 0.657922
0.84967 0.40663
0.85045 0.509389
0.850506 0.45112
0.851863 0.261973
0.854414 0.142932
0.855061 0.015387
0.855081 0.350551
0.855461 0.728416
0.856061 0.814243
0.857223 0.353353
0.857339 0.288587
0.858626 0.930055
0.861189 0.0110952
0.862375 0.942776
0.863669 0.686441
0.864077 0.550057
0.864758 0.988061
0.865125 0.149496
0.867151 0.205988
0.867991 0.332593
0.871826 0.783871
0.871989 0.511783
0.872093 0.272215
0.872651 0.651313
0.873913 0.857697
0.87564 0.887008
0.875867 0.701158
0.876442 0.367021
0.876782 0.0671225
0.877092 0.277309
0.878999 0.333702
0.879831 0.327235
0.881046 0.734689
0.881381 0.373337
0.881983 0.485578
0.882008 0.913156
0.884917 0.793277
0.886711 0.957341
0.887293 0.740208
0.888493 0.910163
0.888631 0.215553
0.88966 0.519601
0.891197 0.34633
0.891666 0.236124
0.892779 0.94502
0.895499 0.650508
0.8967 0.830285
0.897494 0.186579
0.897891 0.849026
0.898714 0.682267
0.900045 0.0592103
0.901175 0.0552485
0.90232 0.286336
0.902815 0.611707
0.904068 0.674971
0.905319 0.702343
0.906248 0.310792
0.906286 0.946951
0.906491 0.395195
0.906925 0.694794
0.909718 0.633765
0.909925 0.110762
0.910722 0.497368
0.910968 0.64525
0.911131 0.377435
0.911518 0.889914
0.912034 0.56222
0.912116 0.940388
0.9133 0.836983
0.914954 0.630354
0.915445 0.89082
0.915501 0.82089
0.917983 0.543429
0.918329 0.362202
0.918934 0.524202
0.921225 0.0237641
0.921301 0.30462
0.923562 0.306432
0.923925 0.414366
0.925907 0.718525
0.926772 0.253588
0.929373 0.96451
0.932035 0.717129
0.932359 0.149029
0.932813 0.795368
0.933081 0.295194
0.93463 0.32767
0.935465 0.360921
0.937514 0.803426
0.937697 0.868154
0.938725 0.151509
0.941884 0.246005
0.944882 0.636678
0.944972 0.137596
0.946263 0.842286
0.94645 0.98059
0.947486 0.403653
0.947636 0.925121
0.947755 0.911219
0.948079 0.358074
0.94843 0.271076
0.94999 0.478566
0.951785 0.651012
0.951912 0.786351
0.95266 0.357644
0.953612 0.353647
0.954858 0.295963
0.955466 0.515158
0.955622 0.143887
0.955845 0.880673
0.955992 0.351841
0.95644 0.883947
0.956675 0.832076
0.956697 0.212023
0.956807 0.060087
0.957123 0.37373
0.957229 0.14497
0.957405 0.101624
0.959194 0.167295
0.959578 0.61922
0.959777 0.97368
0.959898 0.0093817
0.960599 0.789218
0.961204 0.94826
0.961668 0.762585
0.962194 0.597593
0.963478 0.166926
0.963525 0.970154
0.963607 0.34772
0.96541 0.645544
0.965801 0.222277
0.969935 0.697051
0.969973 0.330861
0.970614 0.106598
0.970974 0.159254
0.971308 0.774337
0.971309 0.795899
0.971998 0.364744
0.972195 0.67763
0.972917 0.809841
0.973632 0.82828
0.974083 0.410396
0.974297 0.0041002
0.974422 0.110912
0.974692 0.645831
0.974791 0.311572
0.975125 0.922828
0.975192 0.0463115
0.97598 0.291424
0.976329 0.165459
0.976536 0.643113
0.976931 0.278435
0.977502 0.883847
0.977941 0.260357
0.978228 0.0771818
0.979253 0.308358
0.979873 0.726852
0.980608 0.0728714
0.981811 0.293619
0.981884 0.519502
0.982745 0.995601
0.984585 0.913915
0.98502 0.236478
0.985088 0.366347
0.985514 0.528978
0.988466 0.150749
0.989446 0.618761
0.992247 0.690107
0.994144 0.582561
0.995861 0.437594
0.996942 0.606941
0.999536 0.195177
