0.00119463 0.0781825
0.00145332 0.425879
0.00207898 0.941366
0.0024407 0.0208188
0.00258265 0.406586
0.00348986 0.654114
0.00371184 0.384897
0.00398994 0.0589536
0.0046962 0.929051
0.00540069 0.769487
0.00587751 0.783282
0.00603643 0.454203
0.00662849 0.405079
0.00664645 0.706974
0.00832198 0.867526
0.0102595 0.432141
0.0105188 0.789738
0.0105385 0.120433
0.0107974 0.471754
0.0115894 0.783289
0.0120087 0.830785
0.0131253 0.596517
0.0132052 0.940641
0.0132448 0.604889
0.0133071 0.651986
0.0138836 0.341861
0.0145683 0.849535
0.0150798 0.446012
0.0153008 0.160031
0.0157033 0.92559
0.0160032 0.966203
0.0160487 0.730268
0.0165508 0.168995
0.0167692 0.840087
0.0171504 0.246236
0.0175974 0.758839
0.0177853 0.917389
0.0181025 0.248532
0.0182294 0.381883
0.0190639 0.407057
0.0203167 0.463606
0.0208285 0.0646923
0.0221945 0.0233935
0.0223835 0.199538
0.0228594 0.197195
0.0231327 0.79172
0.0231406 0.924204
0.0248666 0.933581
0.0264998 0.382364
0.0275003 0.198156
0.0276756 0.143626
0.028742 0.0675298
0.0289314 0.249512
0.0330368 0.24982
0.0331804 0.663152
0.0335353 0.628254
0.0345375 0.471798
0.0345686 0.995069
0.034606 0.622806
0.0355921 0.196834
0.0366042 0.206109
0.0384725 0.607991
0.0393495 0.347463
0.0405317 0.216376
0.0407978 0.688622
0.0410065 0.19698
0.041855 0.456859
0.0420871 0.358672
0.0423112 0.123759
0.0425938 0.873739
0.0433696 0.913025
0.043918 0.130524
0.045148 0.803088
0.0456008 0.411892
0.0464206 0.191146
0.0466855 0.642871
0.0478392 0.0336951
0.0500428 0.0700311
0.0500618 0.388909
0.0511523 0.716575
0.0518963 0.221955
0.0524117 0.884235
0.0526036 0.109161
0.053547 0.964391
0.0540372 0.203445
0.0542962 0.556033
0.0545221 0.353074
0.054582 0.359757
0.0548326 0.571995
0.0563235 0.629736
0.0565591 0.588799
0.0567828 0.348587
0.0574931 0.286328
0.0576635 0.150082
0.0583307 0.364612
0.0588816 0.622409
0.0599827 0.129299
0.0612398 0.256747
0.0613661 0.380714
0.0614509 0.806084
0.0619432 0.0796673
0.062104 0.782402
0.0624582 0.73452
0.0626361 0.725242
0.0627134 0.0246151
0.063004 0.908653
0.0635124 0.453569
0.0643819 0.0670205
0.0648512 0.953888
0.0648902 0.609878
0.0655413 0.551956
0.0663658 0.410273
0.0666153 0.603892
0.0666529 0.235261
0.0675539 0.37808
0.0683453 0.679989
0.068487 0.0603552
0.0693314 0.252325
0.070054 0.397199
0.0701066 0.280874
0.0713533 0.23446
0.0729472 0.0231983
0.0734868 0.0930211
0.0743863 0.210264
0.0748104 0.337879
0.0749702 0.0236622
0.0753709 0.758081
0.077297 0.131301
0.0791791 0.763036
0.0835145 0.628475
0.0841978 0.112028
0.0851351 0.865751
0.0854844 0.737085
0.086688 0.965776
0.0886118 0.298504
0.0893027 0.9103
0.0897666 0.70761
0.0910545 0.35296
0.0913648 0.568085
0.0914979 0.804947
0.0916529 0.410705
0.091677 0.815924
0.092107 0.0422842
0.0922479 0.409659
0.0931726 0.951459
0.0931966 0.355378
0.0937838 0.224711
0.094035 0.446724
0.0953458 0.476193
0.09575 0.269638
0.096114 0.38791
0.096489 0.691221
0.096709 0.387756
0.0968849 0.344143
0.0969637 0.66878
0.0969774 0.898672
0.0973618 0.35948
0.0995787 0.619001
0.0997055 0.750575
0.100356 0.687879
0.100453 0.31196
0.10153 0.422343
0.101578 0.215154
0.102305 0.442855
0.102512 0.912456
0.103281 0.846925
0.103646 0.971285
0.103934 0.818375
0.104473 0.87764
0.104697 0.649293
0.105496 0.0631809
0.105746 0.277861
0.106268 0.0484658
0.106838 0.631769
0.106987 0.126909
0.107325 0.810395
0.107501 0.772519
0.1076 0.44064
0.108595 0.155182
0.109422 0.0581631
0.109771 0.929122
0.109966 0.19055
0.110098 0.425409
0.111037 0.197366
0.11132 0.949053
0.111943 0.432912
0.111964 0.780638
0.114735 0.343199
0.115243 0.895347
0.115601 0.897734
0.115912 0.140877
0.116113 0.511835
0.118243 0.307676
0.118361 0.28547
0.119033 0.595176
0.119232 0.929851
0.120999 0.636268
0.121093 0.209861
0.121211 0.196882
0.121228 0.480393
0.121439 0.0325937
0.12254 0.531697
0.122781 0.578188
0.122798 0.86144
0.123299 0.288984
0.124074 0.311921
0.124669 0.31201
0.124837 0.135138
0.125651 0.81603
0.12578 0.990775
0.126263 0.0998405
0.129299 0.131016
0.131422 0.802644
0.132931 0.166514
0.133231 0.216995
0.135089 0.434426
0.135239 0.954141
0.135279 0.628383
0.135358 0.957332
0.135957 0.0274035
0.136799 0.182895
0.137235 0.513495
0.137278 0.231095
0.137386 0.0527449
0.137745 0.0819684
0.137963 0.738675
0.138077 0.665238
0.138524 0.174467
0.139373 0.441257
0.13975 0.781759
0.14022 0.671694
0.140368 0.171467
0.141154 0.381541
0.141851 0.0955735
0.142191 0.808854
0.142719 0.674393
0.143432 0.665792
0.143509 0.955171
0.143779 0.489025
0.144647 0.0875285
0.144649 0.112667
0.14546 0.746899
0.145585 0.848193
0.145797 0.405864
0.146595 0.827219
0.147901 0.779433
0.147914 0.992146
0.148769 0.36208
0.149122 0.286501
0.149211 0.789406
0.149499 0.623426
0.149603 0.377049
0.149908 0.512008
0.150338 0.734902
0.151622 0.304579
0.151699 0.606754
0.151782 0.0060071
0.153262 0.871314
0.153418 0.498743
0.153649 0.383862
0.154053 0.165842
0.155071 0.274238
0.157176 0.66191
0.158375 0.812228
0.16052 0.85827
0.160756 0.82901
0.160831 0.092366
0.161377 0.259518
0.161651 0.861423
0.162219 0.422014
0.166541 0.0545083
0.167237 0.746799
0.167265 0.223362
0.168158 0.239331
0.168347 0.407211
0.168997 0.331977
0.170331 0.747802
0.170828 0.110654
0.17112 0.013506
0.17117 0.857243
0.171337 0.659099
0.172182 0.856783
0.172193 0.0554394
0.17265 0.731683
0.172897 0.873351
0.173187 0.755096
0.173231 0.494954
0.174377 0.752087
0.174483 0.538127
0.176484 0.170392
0.177265 0.290956
0.177337 0.502298
0.178979 0.107804
0.179189 0.635289
0.180889 0.194204
0.182504 0.349342
0.182854 0.220911
0.183359 0.716129
0.18336 0.727517
0.184231 0.36595
0.184265 0.944295
0.185792 0.60264
0.18602 0.438852
0.186176 0.0521003
0.186399 0.805087
0.18674 0.537167
0.187404 0.690557
0.187497 0.265207
0.18773 0.172021
0.188175 0.64967
0.188829 0.65018
0.189011 0.710612
0.189411 0.426599
0.191502 0.576764
0.19352 0.498205
0.194583 0.36327
0.194987 0.141673
0.195171 0.23719
0.195587 0.228775
0.195902 0.5265
0.195912 0.69486
0.196816 0.893004
0.196896 0.235892
0.197434 0.265855
0.198036 0.384536
0.198527 0.639415
0.200214 0.00482255
0.201058 0.176468
0.201754 0.882219
0.202774 0.02693
0.202864 0.533107
0.203208 0.316676
0.203225 0.605571
0.203526 0.66924
0.206012 0.448152
0.207404 0.834251
0.20777 0.9916
0.208765 0.715659
0.209328 0.183813
0.209347 0.496007
0.209547 0.850115
0.210158 0.123649
0.210416 0.46071
0.211925 0.822975
0.211942 0.107777
0.212501 0.51249
0.212851 0.383668
0.213813 0.551749
0.214099 0.355981
0.214519 0.426793
0.215296 0.479025
0.216468 0.182457
0.217199 0.45908
0.217357 0.126635
0.218119 0.927625
0.21842 0.991333
0.218465 0.744981
0.219128 0.886639
0.219529 0.630481
0.219825 0.606572
0.220092 0.0938212
0.220321 0.935512
0.220546 0.720939
0.220665 0.715599
0.221308 0.525936
0.221657 0.381711
0.222163 0.900143
0.223342 0.703487
0.223446 0.459497
0.22562 0.990609
0.225952 0.578629
0.226165 0.150357
0.226839 0.475873
0.227268 0.699635
0.227499 0.581154
0.227654 0.181591
0.22896 0.130776
0.229771 0.769626
0.230109 0.439603
0.230381 0.00686875
0.232827 0.124328
0.232946 0.117532
0.235577 0.338412
0.235649 0.556226
0.236021 0.800088
0.236335 0.08547
0.236718 0.522322
0.237138 0.585855
0.237412 0.178416
0.237547 0.453291
0.239209 0.389547
0.239407 0.712796
0.239562 0.3262
0.239621 0.302556
0.240623 0.158387
0.241253 0.739552
0.241348 0.332782
0.24351 0.671937
0.243917 0.519533
0.245086 0.162139
0.245695 0.402778
0.24642 0.586972
0.246995 0.243999
0.247505 0.819955
0.247632 0.953947
0.247824 0.172604
0.247881 0.138331
0.247994 0.0392234
0.248144 0.554478
0.24815 0.662779
0.248511 0.732269
0.249144 0.365464
0.250933 0.431158
0.251235 0.500462
0.251371 0.785347
0.252913 0.715392
0.252962 0.537849
0.253251 0.391349
0.253535 0.169104
0.254125 0.0802462
0.258021 0.560559
0.260553 0.121114
0.261031 0.152651
0.261441 0.0416485
0.26266 0.530888
0.263139 0.577647
0.263165 0.0169258
0.263406 0.0695529
0.263585 0.0688524
0.263926 0.811177
0.264414 0.00283411
0.26553 0.760974
0.265604 0.00129721
0.266035 0.255035
0.266555 0.983033
0.268211 0.828269
0.268373 0.543729
0.26889 0.236626
0.2691 0.759956
0.269762 0.889679
0.270155 0.493632
0.270668 0.115473
0.272214 0.0941827
0.273053 0.19503
0.274464 0.921866
0.274584 0.930966
0.275665 0.0958279
0.276319 0.0992804
0.276508 0.277467
0.277662 0.666076
0.277703 0.34751
0.280233 0.872643
0.280344 0.738771
0.280693 0.600526
0.282906 0.802452
0.283632 0.00579637
0.28457 0.763964
0.284572 0.806085
0.285428 0.192298
0.285543 0.116709
0.285666 0.195909
0.286355 0.772283
0.287105 0.374209
0.287499 0.992249
0.28853 0.332181
0.289509 0.779092
0.289971 0.54008
0.292256 0.950304
0.292449 0.182305
0.293344 0.226332
0.294005 0.348244
0.295644 0.891844
0.296033 0.423685
0.296495 0.188171
0.297037 0.297806
0.29717 0.537846
0.30028 0.807717
0.300566 0.605383
0.300673 0.414738
0.301417 0.918662
0.301512 0.511156
0.302269 0.240565
0.302556 0.0605758
0.302602 0.835347
0.302951 0.700413
0.303379 0.89449
0.303389 0.0629913
0.306214 0.539852
0.307172 0.643961
0.307246 0.883189
0.307363 0.854698
0.30815 0.0778262
0.308992 0.233224
0.309705 0.21689
0.310295 0.129894
0.310387 0.679946
0.311003 0.0197616
0.3122 0.143901
0.312875 0.482838
0.313006 0.699266
0.313112 0.469849
0.313252 0.824788
0.31343 0.815455
0.31348 0.665923
0.313684 0.0952971
0.313808 0.169504
0.314068 0.544828
0.314329 0.926022
0.314347 0.233058
0.315702 0.997305
0.315737 0.592688
0.315978 0.643257
0.31684 0.127722
0.317027 0.277906
0.318878 0.388092
0.319639 0.17267
0.319741 0.891473
0.321417 0.0509768
0.322417 0.868741
0.323188 0.828113
0.323412 0.589098
0.324015 0.720372
0.32461 0.715741
0.324678 0.87132
0.324931 0.112132
0.325873 0.943993
0.326031 0.598283
0.326524 0.887934
0.32673 0.3523
0.327592 0.832617
0.327621 0.333653
0.327943 0.742786
0.32931 0.706214
0.329573 0.139907
0.332709 0.847272
0.333436 0.0538563
0.333624 0.225985
0.33491 0.831476
0.335189 0.519667
0.335563 0.806668
0.33753 0.873226
0.337859 0.402987
0.33825 0.962478
0.338814 0.444359
0.339032 0.109902
0.339396 0.223243
0.340472 0.316604
0.341778 0.266744
0.342107 0.79292
0.343034 0.376364
0.343098 0.456379
0.343359 0.829504
0.343614 0.124921
0.344019 0.92368
0.345877 0.15004
0.347161 0.734204
0.347513 0.656081
0.348225 0.61032
0.349539 0.70463
0.349665 0.820802
0.349717 0.690961
0.349929 0.261194
0.350586 0.305681
0.350719 0.538395
0.351922 0.749978
0.352532 0.999743
0.352864 0.59213
0.353199 0.223485
0.353734 0.210755
0.354261 0.0590525
0.354765 0.533672
0.35589 0.437273
0.356276 0.937542
0.35683 0.245788
0.356893 0.307521
0.357708 0.99937
0.358163 0.652323
0.358822 0.717267
0.359762 0.51891
0.36116 0.0123089
0.361194 0.590341
0.362712 0.0960324
0.363586 0.798031
0.364083 0.141825
0.364942 0.578612
0.365261 0.939879
0.366985 0.911298
0.368163 0.719517
0.369575 0.447206
0.370124 0.67531
0.370692 0.218205
0.37072 0.697382
0.372405 0.00969579
0.372803 0.701688
0.37323 0.88264
0.374598 0.869453
0.374724 0.981728
0.375784 0.803615
0.375812 0.264103
0.37647 0.33793
0.37731 0.45573
0.377965 0.45019
0.379014 0.0948097
0.37975 0.450651
0.380026 0.0948733
0.381371 0.700918
0.383432 0.342996
0.385206 0.150482
0.386945 0.384969
0.387649 0.214033
0.387745 0.826265
0.388246 0.246343
0.389727 0.134205
0.390637 0.43226
0.390703 0.553622
0.390738 0.133384
0.391386 0.0229002
0.391954 0.566203
0.392109 0.169911
0.392751 0.972139
0.393178 0.143144
0.393776 0.196225
0.394543 0.0875778
0.394566 0.477041
0.395259 0.11882
0.395288 0.60566
0.395514 0.395509
0.395546 0.935168
0.396043 0.288831
0.396198 0.896601
0.396522 0.345859
0.396827 0.479801
0.397312 0.629235
0.398078 0.493618
0.398277 0.838702
0.398477 0.204628
0.398911 0.49194
0.399456 0.65006
0.39972 0.0970737
0.400405 0.606603
0.400424 0.922217
0.401081 0.96801
0.402484 0.554996
0.404977 0.450412
0.405641 0.61101
0.406465 0.449307
0.407086 0.890325
0.408664 0.409476
0.4089 0.383621
0.409878 0.812156
0.410038 0.508113
0.410039 0.523328
0.410846 0.0891334
0.411297 0.66203
0.412156 0.109461
0.412353 0.417604
0.412467 0.337366
0.413874 0.981266
0.414302 0.169739
0.414885 0.970615
0.415189 0.0884578
0.415997 0.666739
0.416448 0.238321
0.417044 0.25281
0.417167 0.333497
0.417533 0.472681
0.418275 0.951498
0.418558 0.699412
0.419537 0.166304
0.419725 0.310799
0.420242 0.00136331
0.421522 0.523542
0.421535 0.730346
0.424257 0.480116
0.424656 0.198709
0.425399 0.687615
0.426555 0.103084
0.426846 0.998157
0.427183 0.671578
0.427944 0.455287
0.428355 0.365595
0.428845 0.601636
0.429601 0.305148
0.430018 0.310797
0.430105 0.777083
0.430514 0.651805
0.430901 0.152575
0.432114 0.539242
0.432256 0.931481
0.432515 0.278372
0.432903 0.796329
0.433137 0.731771
0.433303 0.51594
0.433411 0.3346
0.43355 0.682613
0.434576 0.923705
0.436347 0.681588
0.436942 0.688744
0.437958 0.765623
0.439419 0.314048
0.440042 0.779727
0.441145 0.31678
0.441623 0.356551
0.443055 0.43245
0.444368 0.496058
0.445177 0.0880505
0.445982 0.625243
0.446464 0.716801
0.446605 0.0926129
0.447477 0.753923
0.447562 0.180333
0.448644 0.354556
0.44975 0.9468
0.449982 0.841194
0.450088 0.636868
0.454318 0.729329
0.45447 0.27585
0.454629 0.951912
0.454959 0.494602
0.455458 0.887483
0.4556 0.275394
0.456101 0.688162
0.456325 0.448255
0.456428 0.178501
0.457294 0.739836
0.457315 0.0876794
0.457911 0.114378
0.458155 0.212131
0.4602 0.58081
0.461763 0.846348
0.462057 0.789632
0.46209 0.349828
0.462218 0.503863
0.463198 0.963493
0.466023 0.443696
0.467021 0.229286
0.467036 0.476716
0.468202 0.0631916
0.471794 0.435522
0.471961 0.256521
0.472361 0.973472
0.47288 0.686216
0.472909 0.189194
0.472991 0.56809
0.473072 0.920972
0.475318 0.667864
0.47638 0.521879
0.477303 0.0346503
0.477753 0.59461
0.4781 0.425435
0.479345 0.353945
0.479533 0.505811
0.480128 0.511903
0.480363 0.458882
0.480613 0.658159
0.48085 0.65014
0.481109 0.00610124
0.481874 0.850746
0.483085 0.20214
0.48329 0.655337
0.484219 0.272137
0.485944 0.26302
0.485986 0.971142
0.486248 0.365969
0.487276 0.654114
0.489673 0.929956
0.49166 0.324393
0.492011 0.228575
0.49297 0.350433
0.493646 0.705274
0.494091 0.181734
0.494874 0.3482
0.494914 0.0231616
0.495586 0.316151
0.495692 0.0986689
0.497004 0.149949
0.497338 0.756831
0.49792 0.545913
0.497921 0.550843
0.497961 0.236011
0.498899 0.994945
0.49964 0.44169
0.500559 0.893361
0.500736 0.86764
0.501443 0.751801
0.505043 0.252469
0.507066 0.259828
0.509174 0.691523
0.509385 0.239835
0.509748 0.327999
0.510123 0.636326
0.51201 0.351827
0.512344 0.96644
0.51409 0.305542
0.514173 0.698448
0.514519 0.515194
0.516918 0.843433
0.517009 0.374436
0.517054 0.123169
0.51711 0.0681715
0.518133 0.257148
0.518661 0.132063
0.519388 0.357947
0.520315 0.94129
0.520501 0.0656074
0.520636 0.321668
0.520783 0.797336
0.521171 0.32132
0.522353 0.1861
0.524484 0.00224275
0.524514 0.509712
0.524795 0.232668
0.524953 0.886942
0.527462 0.0562804
0.529753 0.561571
0.530102 0.432272
0.531273 0.097707
0.535538 0.78019
0.535613 0.0555125
0.535989 0.360076
0.536028 0.0216073
0.53623 0.415238
0.537618 0.752861
0.538557 0.523825
0.541042 0.286732
0.541175 0.521747
0.542744 0.905291
0.543119 0.206739
0.543439 0.583893
0.543481 0.28577
0.543528 0.0685869
0.543532 0.140042
0.543568 0.753833
0.54407 0.176681
0.544487 0.191307
0.544977 0.428913
0.54565 0.735183
0.546124 0.698185
0.546166 0.404977
0.546401 0.365636
0.546931 0.265102
0.547185 0.544162
0.547556 0.769444
0.547878 0.189971
0.548244 0.342366
0.54825 0.437637
0.548773 0.22283
0.549425 0.179559
0.549807 0.606276
0.549902 0.208029
0.550128 0.00769205
0.550416 0.83383
0.551195 0.940995
0.551372 0.902494
0.551683 0.128857
0.551836 0.708146
0.552048 0.274866
0.554768 0.992061
0.555158 0.545769
0.555269 0.405667
0.555338 0.563116
0.557107 0.289396
0.557125 0.602365
0.557675 0.841965
0.559056 0.0571053
0.559238 0.113639
0.560295 0.875694
0.562047 0.323652
0.563545 0.506913
0.565085 0.37639
0.565469 0.832737
0.565658 0.0146494
0.565727 0.166276
0.565902 0.108654
0.565963 0.147073
0.566427 0.937049
0.566491 0.00841674
0.566986 0.34033
0.567028 0.0455018
0.567186 0.697076
0.567952 0.574537
0.568464 0.176311
0.569065 0.274668
0.570475 0.970895
0.571502 0.229714
0.572162 0.332303
0.572806 0.15427
0.57288 0.394702
0.572925 0.158509
0.573186 0.545244
0.574038 0.852489
0.574181 0.252969
0.575114 0.947375
0.575375 0.324515
0.576461 0.579592
0.576562 0.27573
0.577049 0.462441
0.577209 0.156896
0.577503 0.086577
0.578006 0.540645
0.578177 0.418956
0.57819 0.639887
0.579091 0.78741
0.579419 0.293151
0.579949 0.198393
0.58149 0.0953714
0.581825 0.72538
0.58254 0.742707
0.582861 0.149484
0.583054 0.383786
0.583436 0.816255
0.584966 0.529862
0.585719 0.172524
0.585727 0.307372
0.585729 0.346809
0.586116 0.854013
0.586226 0.705583
0.587504 0.179818
0.587508 0.251969
0.588937 0.266048
0.589101 0.0206328
0.589519 0.0483758
0.590281 0.857787
0.59076 0.909399
0.590967 0.375643
0.591028 0.415
0.591418 0.962815
0.593015 0.80255
0.59322 0.253642
0.596251 0.194924
0.596499 0.363381
0.597833 0.778291
0.599911 0.711595
0.600417 0.210641
0.601984 0.537185
0.602794 0.154575
0.602837 0.87716
0.602854 0.164122
0.602881 0.617456
0.603513 0.245713
0.604238 0.424169
0.604546 0.607613
0.605083 0.626619
0.605478 0.269422
0.605859 0.677309
0.60618 0.0677285
0.608048 0.464766
0.608062 0.705278
0.608715 0.664692
0.608819 0.428325
0.609651 0.411621
0.609888 0.39093
0.609947 0.374502
0.610269 0.791202
0.610497 0.629355
0.611055 0.00560406
0.611869 0.687271
0.612299 0.903935
0.612856 0.27818
0.612944 0.754852
0.61321 0.213245
0.613798 0.105439
0.614234 0.433816
0.615321 0.693886
0.616703 0.928898
0.618769 0.645631
0.619105 0.298742
0.619275 0.151798
0.619717 0.588266
0.622261 0.337296
0.62237 0.171585
0.622724 0.129816
0.623175 0.700521
0.625301 0.427873
0.625446 0.872252
0.625888 0.302763
0.626069 0.335794
0.626156 0.797236
0.627099 0.655628
0.627131 0.189879
0.628788 0.0375726
0.628865 0.330802
0.628893 0.809893
0.629719 0.693105
0.63006 0.420732
0.630584 0.231916
0.631511 0.799888
0.63177 0.154769
0.632849 0.286197
0.633373 0.105607
0.634673 0.954028
0.636066 0.356579
0.636552 0.528693
0.636882 0.0801093
0.637397 0.738852
0.638349 0.739911
0.638526 0.709134
0.63899 0.504941
0.640216 0.116389
0.640524 0.279625
0.641584 0.102654
0.643755 0.594212
0.64573 0.776656
0.646469 0.211333
0.6486 0.0269272
0.649028 0.212152
0.649514 0.386224
0.649538 0.782794
0.649626 0.272621
0.650577 0.241991
0.650802 0.0371935
0.652067 0.293065
0.652264 0.602523
0.652386 0.65066
0.652577 0.867103
0.652808 0.748974
0.653138 0.287672
0.654243 0.867238
0.656114 0.312329
0.65727 0.73197
0.657625 0.705798
0.657764 0.0343311
0.658272 0.581759
0.658286 0.806619
0.658593 0.973353
0.658898 0.0993118
0.659633 0.452868
0.659787 0.0316721
0.659868 0.409043
0.66002 0.962403
0.660477 0.638311
0.660527 0.472735
0.66229 0.105466
0.662544 0.382671
0.662672 0.530462
0.662833 0.230301
0.662904 0.435131
0.663199 0.377898
0.664091 0.382433
0.664464 0.640547
0.664675 0.187809
0.665993 0.343564
0.666527 0.316512
0.667304 0.376445
0.668119 0.0746966
0.668269 0.591751
0.668363 0.183173
0.668804 0.591113
0.66881 0.691533
0.669122 0.928423
0.669386 0.36419
0.669774 0.896187
0.671047 0.292565
0.671243 0.589564
0.671269 0.0217595
0.671293 0.423221
0.673714 0.115755
0.674132 0.129872
0.674549 0.151072
0.675994 0.424486
0.676929 0.151943
0.677037 0.953213
0.67712 0.358493
0.677289 0.203495
0.678507 0.660192
0.678685 0.667224
0.680078 0.0747051
0.68026 0.127302
0.680699 0.508351
0.682573 0.0123596
0.683209 0.686956
0.684362 0.0759249
0.685555 0.119718
0.686297 0.593808
0.686508 0.132986
0.686509 0.156356
0.686519 0.325899
0.688135 0.48909
0.688211 0.75484
0.688888 0.137645
0.689848 0.268183
0.689879 0.789545
0.69077 0.772182
0.69085 0.110186
0.691295 0.59502
0.691751 0.266756
0.693009 0.394415
0.693291 0.149976
0.693402 0.00535725
0.693479 0.299565
0.69397 0.555203
0.694876 0.776395
0.694964 0.260901
0.696081 0.0400234
0.696576 0.351268
0.697335 0.106316
0.697985 0.040396
0.698351 0.187806
0.69986 0.544819
0.700221 0.61773
0.703823 0.150446
0.704574 0.774341
0.704637 0.82723
0.705925 0.486284
0.70606 0.757818
0.706153 0.31737
0.706374 0.0336434
0.707325 0.00344382
0.707557 0.905507
0.707598 0.595261
0.707656 0.580037
0.708022 0.725005
0.708708 0.25698
0.708882 0.186445
0.709753 0.809961
0.710553 0.268264
0.710816 0.689881
0.710847 0.200575
0.711402 0.53874
0.71243 0.807272
0.713122 0.439604
0.714809 0.788976
0.717576 0.299249
0.717809 0.208904
0.718129 0.588343
0.718271 0.98729
0.718316 0.742002
0.718772 0.402867
0.719123 0.296296
0.719468 0.0922933
0.721745 0.36968
0.721786 0.0515603
0.721995 0.566398
0.723434 0.752212
0.724213 0.841986
0.724535 0.267335
0.726104 0.637402
0.726581 0.65367
0.726936 0.608575
0.727004 0.756852
0.727135 0.960429
0.727595 0.682887
0.727728 0.916314
0.728341 0.220566
0.729615 0.646254
0.731078 0.231995
0.7312 0.282879
0.731255 0.196005
0.731829 0.849284
0.732201 0.101003
0.732309 0.925439
0.732868 0.315689
0.733477 0.554154
0.734208 0.83487
0.734256 0.646245
0.735164 0.906718
0.735423 0.25011
0.735504 0.60822
0.735553 0.43416
0.735691 0.759899
0.735837 0.21777
0.736314 0.230305
0.736877 0.683894
0.738644 0.397214
0.738689 0.142503
0.739455 0.0152372
0.739558 0.756714
0.73957 0.955731
0.739841 0.49947
0.740254 0.450711
0.740313 0.444542
0.740463 0.958114
0.740491 0.435491
0.741328 0.491713
0.742183 0.877511
0.743051 0.45795
0.743343 0.370187
0.743475 0.591318
0.744219 0.0890125
0.744529 0.298322
0.74531 0.424717
0.745525 0.0448662
0.746724 0.190825
0.748704 0.475575
0.749556 0.779533
0.749561 0.867509
0.749934 0.135515
0.751192 0.278021
0.751713 0.0366755
0.75197 0.365769
0.752178 0.862693
0.752215 0.475529
0.752673 0.182546
0.752941 0.681245
0.753542 0.784759
0.753557 0.0256698
0.753737 0.0536217
0.753984 0.210081
0.755167 0.0898574
0.755295 0.249106
0.75664 0.855174
0.756976 0.489683
0.757858 0.321458
0.758256 0.0114546
0.758778 0.785378
0.759566 0.0278218
0.760929 0.928905
0.76162 0.546626
0.76184 0.236336
0.761852 0.44487
0.762349 0.808011
0.763527 0.594512
0.763562 0.188706
0.763991 0.395963
0.765622 0.815107
0.765885 0.229046
0.765974 0.730168
0.767132 0.19283
0.767375 0.274195
0.767536 0.984443
0.768566 0.288162
0.768934 0.479705
0.769723 0.739867
0.769915 0.9562
0.770114 0.305698
0.770795 0.744312
0.771604 0.34475
0.772675 0.351613
0.773134 0.0623167
0.773812 0.454568
0.77389 0.767003
0.774639 0.365
0.774784 0.795933
0.775577 0.13
0.776169 0.0730967
0.776301 0.295457
0.777518 0.739898
0.777991 0.697594
0.778045 0.599598
0.778106 0.621558
0.779829 0.583608
0.780219 0.139915
0.780681 0.905762
0.781516 0.939499
0.78215 0.600798
0.782335 0.709315
0.78236 0.125044
0.782835 0.106915
0.783049 0.706247
0.783998 0.647371
0.784185 0.791897
0.785203 0.903275
0.785686 0.0215679
0.785906 0.727135
0.785986 0.0741858
0.78614 0.661231
0.786251 0.518452
0.786954 0.328256
0.787587 0.977784
0.789503 0.183818
0.789923 0.242279
0.790181 0.57585
0.791049 0.159858
0.791525 0.167729
0.791771 0.292758
0.792286 0.943659
0.795639 0.312316
0.797236 0.143254
0.797786 0.384169
0.798764 0.823043
0.799798 0.197333
0.799957 0.878083
0.800604 0.757449
0.800952 0.603206
0.80096 0.739745
0.801155 0.0145643
0.801593 0.372384
0.802144 0.631026
0.802701 0.0021956
0.803977 0.440405
0.804584 0.636263
0.805009 0.779766
0.805462 0.401225
0.805696 0.335909
0.806014 0.675887
0.806435 0.748835
0.806854 0.789296
0.807948 0.183581
0.807997 0.0116184
0.809135 0.129012
0.810416 0.662046
0.812594 0.270178
0.813368 0.27877
0.814052 0.768835
0.814181 0.941169
0.815145 0.14036
0.815683 0.192589
0.816888 0.432778
0.816946 0.41872
0.817871 0.965818
0.818386 0.60595
0.818728 0.359466
0.818786 0.337058
0.82005 0.585118
0.820717 0.783244
0.821056 0.496212
0.822365 0.488591
0.823616 0.510368
0.8244 0.686726
0.824693 0.61521
0.824951 0.949422
0.826103 0.317658
0.827016 0.651379
0.827855 0.762354
0.828734 0.531252
0.829194 0.256497
0.829959 0.120223
0.832012 0.627303
0.832332 0.0126514
0.832349 0.292968
0.83243 0.656345
0.832863 0.925837
0.832916 0.823968
0.833248 0.403864
0.833273 0.819554
0.833338 0.913234
0.83338 0.610078
0.8335 0.627599
0.83397 0.52835
0.834208 0.527413
0.834892 0.023035
0.834972 0.373483
0.835577 0.538481
0.835745 0.360176
0.836058 0.625593
0.838853 0.59468
0.840769 0.808743
0.841795 0.0418138
0.841856 0.0671386
0.84191 0.989617
0.842336 0.14698
0.845973 0.272482
0.846147 0.196022
0.846693 0.368261
0.846815 0.422064
0.847761 0.316567
0.848283 0.0929325
0.849007 0.259845
0.849524 0.951318
0.849544 0.29009
0.850682 0.415804
0.851711 0.711712
0.851877 0.499598
0.852588 0.439491
0.852588 0.442308
0.853034 0.939892
0.853122 0.416947
0.853332 0.948314
0.853636 0.0606082
0.854059 0.174559
0.854541 0.273129
0.855041 0.672733
0.85595 0.953899
0.856503 0.250326
0.857843 0.760686
0.857943 0.442761
0.858376 0.724352
0.858824 0.250744
0.859211 0.761188
0.859545 0.376037
0.859991 0.861505
0.86024 0.0547718
0.860622 0.47594
0.862681 0.0727027
0.862865 0.164557
0.863927 0.027869
0.864989 0.876601
0.866877 0.595897
0.867101 0.359175
0.868647 0.353725
0.869579 0.0112299
0.871538 0.936906
0.871688 0.453984
0.87192 0.364742
0.872619 0.107004
0.873366 0.659835
0.873713 0.486285
0.875957 0.204016
0.876397 0.606987
0.876445 0.405629
0.876446 0.422275
0.877744 0.237834
0.879003 0.403514
0.880336 0.815253
0.880421 0.241249
0.880977 0.58757
0.881483 0.0807065
0.881593 0.938358
0.881658 0.0226544
0.883967 0.82541
0.884205 0.827643
0.885252 0.426158
0.885305 0.327043
0.885506 0.7015
0.885619 0.600365
0.886123 0.0720963
0.886597 0.0327347
0.886977 0.424538
0.887995 0.540409
0.890017 0.50808
0.890129 0.4061
0.890504 0.706006
0.891711 0.979958
0.89242 0.910013
0.892911 0.152393
0.893245 0.762828
0.893851 0.95197
0.893942 0.478073
0.894541 0.553521
0.895214 0.86088
0.895402 0.0283521
0.89615 0.599168
0.896207 0.545916
0.899096 0.107841
0.899306 0.643411
0.899433 0.76755
0.899696 0.187007
0.900346 0.121658
0.901262 0.51154
0.901511 0.696464
0.901545 0.273815
0.903084 0.129385
0.903481 0.802131
0.903551 0.980023
0.904211 0.0663415
0.90492 0.996436
0.90542 0.393144
0.906368 0.321997
0.907864 0.472841
0.907994 0.649808
0.911023 0.569427
0.911268 0.673097
0.911359 0.208795
0.912051 0.833114
0.912092 0.529582
0.912972 0.313296
0.913214 0.39312
0.913477 0.806848
0.913639 0.531411
0.913721 0.901205
0.915587 0.272306
0.916088 0.698504
0.916211 0.759242
0.917185 0.123601
0.918158 0.487303
0.919722 0.76638
0.920489 0.663352
0.920728 0.670594
0.920853 0.769642
0.921677 0.625055
0.922307 0.217866
0.923465 0.672897
0.923608 0.0748879
0.92364 0.613632
0.924325 0.131613
0.924899 0.771884
0.925816 0.183868
0.926842 0.439658
0.927428 0.28149
0.927738 0.486597
0.92793 0.725947
0.927938 0.856389
0.928122 0.941935
0.928997 0.653161
0.929 0.701896
0.929013 0.926145
0.93083 0.468191
0.931329 0.849051
0.931768 0.228793
0.931866 0.876329
0.933286 0.73374
0.934671 0.0121643
0.934958 0.845487
0.935245 0.668487
0.935388 0.071668
0.935493 0.827052
0.9358 0.989693
0.936071 0.539569
0.93675 0.948834
0.93748 0.225574
0.937844 0.346257
0.938167 0.7762
0.938168 0.787845
0.93956 0.182248
0.940797 0.980809
0.941368 0.56999
0.942414 0.150285
0.942657 0.243241
0.943205 0.439804
0.943763 0.817461
0.943961 0.156112
0.946045 0.183051
0.946438 0.775805
0.947161 0.931205
0.948205 0.474606
0.94854 0.117591
0.949539 0.901608
0.949729 0.0969889
0.949752 0.483533
0.949862 0.327387
0.950092 0.200829
0.950267 0.134395
0.950752 0.284854
0.950802 0.128388
0.951139 0.794899
0.951287 0.287503
0.952764 0.103425
0.953566 0.578187
0.954475 0.865019
0.95586 0.141502
0.956073 0.710256
0.95651 0.0597727
0.95685 0.784144
0.95692 0.950797
0.957068 0.448872
0.95757 0.880979
0.95934 0.625213
0.960274 0.324518
0.960338 0.39983
0.960841 0.849037
0.961337 0.197715
0.961408 0.377822
0.962981 0.817747
0.964162 0.663236
0.964204 0.368376
0.964224 0.709254
0.964771 0.904314
0.965064 0.825738
0.965913 0.0926852
0.967639 0.114976
0.967673 0.673434
0.96783 0.311367
0.968008 0.314697
0.968194 0.438083
0.968419 0.224488
0.969933 0.668305
0.970588 0.675435
0.971746 0.134552
0.972161 0.11547
0.973058 0.180769
0.973208 0.706033
0.973516 0.89033
0.973668 0.438611
0.973993 0.903491
0.974072 0.223745
0.974348 0.866863
0.974979 0.463713
0.975204 0.254595
0.977369 0.638352
0.978114 0.167172
0.978928 0.841835
0.979085 0.479055
0.979181 0.0955917
0.980023 0.241018
0.980894 0.89177
0.981566 0.181598
0.98274 0.916476
0.982987 0.0677862
0.983515 0.944188
0.985669 0.145975
0.985723 0.0538337
0.985749 0.476896
0.985939 0.683978
0.986217 0.346506
0.986415 0.678395
0.986927 0.282157
0.987207 0.992473
0.987466 0.335271
0.98912 0.132601
0.989305 0.257044
0.990549 0.16375
0.991201 0.122631
0.99139 0.294479
0.99147 0.632459
0.99287 0.170116
0.992905 0.750966
0.992935 0.256557
0.993164 0.115442
0.993442 0.78575
0.994497 0.516468
0.994514 0.804032
0.994772 0.130527
0.994875 0.862323
0.995552 0.246575
0.995808 0.543283
0.997114 0.499332
0.998681 0.830572
0.998791 0.686134
0.998929 0.99633
0.999623 0.672294
