0.000632549 0.631254
0.00152516 0.633339
0.0037032 0.239671
0.00521479 0.645013
0.00621495 0.454716
0.00650627 0.350861
0.00699383 0.545312
0.00704763 0.449586
0.00732422 0.0982072
0.0074723 0.587032
0.00845322 0.0733256
0.00927576 0.897722
0.00990773 0.519209
0.0130516 0.358644
0.0138933 0.504931
0.0154172 0.117547
0.0155893 0.00895955
0.0162788 0.597238
0.0163454 0.716541
0.0165355 0.912095
0.0166343 0.571896
0.0168701 0.536038
0.0178116 0.360354
0.0188759 0.246738
0.018893 0.534263
0.0189512 0.512403
0.0193706 0.561363
0.0199928 0.018363
0.0211109 0.810399
0.0216561 0.973309
0.0218627 0.445931
0.0219302 0.580669
0.0226175 0.132139
0.0238515 0.87183
0.0241755 0.31824
0.0245584 0.753112
0.0249939 0.0725671
0.0253503 0.0621423
0.0254618 0.937184
0.0271859 0.913017
0.0294712 0.32202
0.029477 0.41981
0.0308647 0.742751
0.031385 0.488163
0.0315883 0.904772
0.0317962 0.398424
0.0319038 0.206691
0.0320328 0.37609
0.0321323 0.0471138
0.0321575 0.471671
0.0339927 0.31522
0.0348073 0.00569202
0.0361148 0.981785
0.0364094 0.9332
0.0369763 0.46099
0.0372444 0.965864
0.0372938 0.796602
0.038184 0.75785
0.0388687 0.2655
0.04093 0.90984
0.0409461 0.181258
0.0410353 0.680376
0.0430262 0.141524
0.0431739 0.623782
0.0438909 0.674121
0.0452162 0.949088
0.0454564 0.985827
0.0464636 0.914146
0.0473869 0.431184
0.0477573 0.656692
0.047842 0.0807081
0.0488239 0.582545
0.050082 0.728917
0.0505127 0.966783
0.0516842 0.65623
0.0526039 0.113512
0.0539789 0.223998
0.0554413 0.801279
0.0554986 0.765229
0.0566496 0.109854
0.056958 0.293829
0.0572438 0.0960974
0.057875 0.705367
0.0585931 0.773535
0.0587016 0.597955
0.0587817 0.943825
0.0594234 0.728436
0.0595754 0.284348
0.0601023 0.14001
0.0607992 0.851976
0.0608143 0.105966
0.060843 0.588414
0.0611536 0.808415
0.062165 0.806404
0.0637563 0.552513
0.0652544 0.731007
0.0657306 0.733634
0.0668253 0.133123
0.0671661 0.860593
0.067269 0.590698
0.0684572 0.559867
0.0686653 0.0581521
0.0692789 0.370278
0.0695854 0.521798
0.0696477 0.568645
0.0697916 0.986664
0.0701358 0.772895
0.0707406 0.937267
0.0709346 0.197067
0.0714091 0.173178
0.071701 0.0791142
0.0719164 0.699029
0.0724144 0.0694328
0.0732775 0.574231
0.0740507 0.57066
0.0747202 0.822405
0.0764374 0.682681
0.0784584 0.649554
0.0785618 0.387846
0.0786827 0.419681
0.0797078 0.649753
0.081243 0.451133
0.0826032 0.312239
0.0841692 0.631912
0.0841975 0.10792
0.0858033 0.095487
0.0863663 0.558648
0.0865018 0.835628
0.0890162 0.0951731
0.0891704 0.687494
0.0894524 0.427221
0.0900464 0.410115
0.090063 0.689336
0.09028 0.335258
0.0915842 0.255541
0.092176 0.202653
0.0924784 0.284166
0.094202 0.253143
0.0947432 0.349411
0.0947971 0.254429
0.095783 0.824449
0.0961508 0.00721057
0.0961809 0.512395
0.0962963 0.451221
0.096901 0.614748
0.0969318 0.132016
0.0986357 0.769367
0.0989057 0.308449
0.0997096 0.8185
0.100301 0.753716
0.100651 0.634192
0.100679 0.104102
0.100789 0.964579
0.101186 0.631542
0.103466 0.947411
0.103767 0.0152044
0.104135 0.196792
0.104322 0.345653
0.105587 0.594981
0.106876 0.260688
0.107919 0.802563
0.108131 0.353058
0.108586 0.00562756
0.108814 0.837402
0.108828 0.0666053
0.108916 0.544991
0.108934 0.852818
0.109238 0.957723
0.109471 0.882992
0.110031 0.284254
0.111928 0.170064
0.114855 0.376404
0.115342 0.554232
0.115669 0.0526478
0.116648 0.505601
0.118995 0.954822
0.120058 0.81905
0.12117 0.510791
0.122401 0.198406
0.12286 0.902433
0.124321 0.466064
0.124579 0.802796
0.125061 0.901187
0.125352 0.785389
0.126467 0.536798
0.126861 0.146754
0.126934 0.374618
0.127319 0.850703
0.128558 0.682354
0.128856 0.690941
0.129226 0.903974
0.129939 0.882906
0.130555 0.240268
0.131182 0.778818
0.131284 0.495118
0.131469 0.602413
0.133797 0.724422
0.133835 0.367389
0.134156 0.764587
0.134182 0.191218
0.135008 0.0855198
0.136567 0.273655
0.138975 0.759486
0.13938 0.564084
0.139496 0.50403
0.140054 0.890484
0.140239 0.997983
0.141357 0.792524
0.14155 0.0273889
0.141676 0.144124
0.141923 0.303832
0.144801 0.663281
0.147322 0.0336471
0.147743 0.124846
0.147846 0.847634
0.150303 0.14488
0.15062 0.475256
0.151886 0.752774
0.152476 0.661075
0.15287 0.286386
0.153106 0.257306
0.153968 0.73724
0.154915 0.653273
0.155916 0.485539
0.157448 0.226163
0.157574 0.351648
0.157825 0.560129
0.157998 0.466694
0.158351 0.409616
0.160198 0.443338
0.160608 0.335756
0.160964 0.316683
0.162119 0.727057
0.162812 0.375308
0.163574 0.185439
0.163684 0.0326422
0.164023 0.737925
0.164554 0.667186
0.165062 0.195643
0.165069 0.317531
0.166426 0.127805
0.166454 0.586219
0.167173 0.676762
0.167392 0.354866
0.168767 0.463638
0.169884 0.237227
0.170765 0.0473943
0.171241 0.0550692
0.17168 0.421929
0.172524 0.608029
0.173463 0.387555
0.17417 0.282282
0.176009 0.17502
0.1762 0.387987
0.177352 0.74738
0.178524 0.452135
0.178856 0.0409145
0.179145 0.885507
0.179774 0.469928
0.180188 0.417514
0.180649 0.17379
0.181572 0.684018
0.181968 0.336581
0.182465 0.688342
0.182827 0.781327
0.183209 0.19175
0.184137 0.795198
0.184654 0.474078
0.185139 0.626306
0.185171 0.173134
0.186155 0.702974
0.18622 0.807658
0.186881 0.900793
0.187111 0.782868
0.188056 0.651943
0.188057 0.666601
0.188285 0.497633
0.188495 0.0409744
0.188731 0.99747
0.189442 0.953619
0.189636 0.217872
0.190994 0.0381641
0.191204 0.564491
0.191243 0.226046
0.191315 0.432747
0.191576 0.810482
0.192664 0.0975136
0.192933 0.631775
0.193931 0.395718
0.194908 0.812998
0.195604 0.520135
0.196482 0.277451
0.196988 0.781772
0.198192 0.012686
0.199342 0.334145
0.199811 0.230255
0.199917 0.0021134
0.200628 0.947133
0.200888 0.328311
0.20141 0.0909175
0.201966 0.449565
0.202305 0.13615
0.203899 0.924012
0.203923 0.328212
0.204314 0.899349
0.205822 0.251761
0.206627 0.787882
0.207682 0.518263
0.208833 0.849865
0.209331 0.219658
0.210353 0.405997
0.213504 0.358562
0.213983 0.420559
0.214689 0.274918
0.215386 0.995337
0.216042 0.0148334
0.216723 0.460155
0.216762 0.116106
0.217083 0.512012
0.217432 0.375254
0.217814 0.795225
0.218019 0.23702
0.219532 0.677909
0.220322 0.958803
0.220368 0.731109
0.22046 0.265555
0.220533 0.492636
0.220863 0.0420483
0.221073 0.582252
0.221748 0.921542
0.221771 0.299618
0.221969 0.629534
0.222226 0.957055
0.22343 0.193197
0.223521 0.709853
0.223812 0.611915
0.225922 0.0676456
0.225927 0.16236
0.227097 0.814616
0.227611 0.462206
0.229675 0.144777
0.23042 0.674435
0.230664 0.765786
0.233021 0.390193
0.233089 0.534518
0.233158 0.694206
0.233404 0.825277
0.233962 0.201987
0.235052 0.521976
0.23642 0.512507
0.236524 0.253913
0.236661 0.555985
0.237539 0.31359
0.238713 0.0418243
0.238751 0.690818
0.238959 0.190301
0.238976 0.462408
0.239093 0.433722
0.239218 0.536691
0.239638 0.596592
0.240363 0.780058
0.240596 0.68922
0.240684 0.168435
0.241919 0.925304
0.242721 0.410217
0.244341 0.645066
0.244686 0.433692
0.245172 0.602551
0.245902 0.877436
0.246398 0.203871
0.246965 0.738126
0.248723 0.295717
0.249499 0.336162
0.249639 0.690169
0.250749 0.335931
0.251487 0.739826
0.252992 0.0396446
0.253505 0.652094
0.253923 0.682146
0.253968 0.446289
0.254207 0.451457
0.254359 0.0159395
0.254534 0.949803
0.255021 0.145224
0.255257 0.0959913
0.255403 0.552689
0.256041 0.278955
0.256123 0.660778
0.256604 0.751624
0.256966 0.833167
0.259113 0.913653
0.260148 0.31445
0.261555 0.948512
0.26158 0.379056
0.263187 0.381455
0.263352 0.149336
0.263366 0.389371
0.263536 0.249776
0.263723 0.395084
0.264799 0.480368
0.265108 0.672812
0.26703 0.967064
0.267069 0.623665
0.26731 0.68084
0.268454 0.897949
0.26907 0.259248
0.269414 0.0461987
0.269992 0.758465
0.270425 0.0320261
0.271953 0.719829
0.272803 0.000245205
0.273311 0.53512
0.273692 0.936628
0.273756 0.0237188
0.273879 0.0767007
0.275583 0.723278
0.277039 0.191905
0.277061 0.570083
0.277548 0.755487
0.278361 0.418027
0.279168 0.977869
0.279328 0.665241
0.279768 0.0593676
0.279827 0.044911
0.280069 0.117315
0.280661 0.0673385
0.280739 0.373098
0.281134 0.0168635
0.281569 0.330402
0.281694 0.4292
0.284898 0.279065
0.285093 0.56409
0.287735 0.967567
0.289065 0.32129
0.289367 0.384161
0.289673 0.541613
0.289907 0.474794
0.290454 0.657387
0.290573 0.660922
0.290595 0.0230242
0.290915 0.400734
0.293497 0.796637
0.294053 0.154861
0.294382 0.685248
0.295744 0.571461
0.296805 0.3991
0.297152 0.233228
0.297256 0.976873
0.297475 0.658757
0.297691 0.28419
0.298876 0.206306
0.299444 0.754273
0.300137 0.402744
0.300577 0.789717
0.300807 0.657697
0.302022 0.0792849
0.30246 0.44011
0.303058 0.490358
0.303878 0.277212
0.30461 0.580139
0.304787 0.556594
0.30542 0.19126
0.305784 0.311285
0.306017 0.233086
0.306177 0.917359
0.307095 0.349957
0.307409 0.622754
0.307498 0.119837
0.307608 0.959136
0.307946 0.649986
0.309663 0.502828
0.311678 0.37695
0.311783 0.13761
0.311968 0.253929
0.312449 0.330225
0.313481 0.683305
0.313606 0.777235
0.314466 0.225479
0.314882 0.217808
0.315189 0.380934
0.316561 0.436291
0.316606 0.204168
0.31692 0.482114
0.317496 0.158324
0.31773 0.091028
0.317774 0.820344
0.318138 0.945472
0.318304 0.74044
0.318309 0.826671
0.318376 0.937624
0.319678 0.827165
0.320091 0.775416
0.320364 0.354178
0.321275 0.667573
0.32243 0.0804676
0.322528 0.736199
0.323876 0.376234
0.324236 0.441529
0.325278 0.950353
0.325619 0.679655
0.325724 0.437199
0.327429 0.106426
0.32913 0.690401
0.32919 0.702523
0.33037 0.521057
0.33046 0.0468003
0.330606 0.487876
0.331483 0.236372
0.332804 0.437872
0.333095 0.328429
0.333575 0.403301
0.334205 0.981336
0.334495 0.859394
0.335957 0.427807
0.336253 0.399469
0.336527 0.00343273
0.336543 0.281363
0.337135 0.221752
0.33955 0.814468
0.339599 0.631885
0.342704 0.822866
0.344186 0.727618
0.346096 0.83781
0.346373 0.491236
0.346994 0.935878
0.347203 0.445191
0.347285 0.816097
0.348004 0.902335
0.348295 0.791139
0.3483 0.876462
0.348373 0.0972351
0.348987 0.419512
0.350257 0.776891
0.350469 0.324201
0.350731 0.733608
0.350957 0.541732
0.351115 0.188258
0.351825 0.124958
0.352186 0.184352
0.352631 0.673921
0.356204 0.714899
0.357047 0.884783
0.357219 0.787411
0.357897 0.170443
0.358018 0.206152
0.358342 0.65102
0.358496 0.244131
0.359025 0.139191
0.360665 0.693778
0.361675 0.664642
0.361932 0.983663
0.36261 0.394408
0.36289 0.0905109
0.363479 0.9851
0.363541 0.0264845
0.363829 0.882512
0.363882 0.765428
0.364599 0.814577
0.364791 0.0429625
0.366062 0.405429
0.366392 0.95373
0.366481 0.452174
0.367349 0.0289983
0.368632 0.599951
0.369442 0.219211
0.370916 0.988167
0.371928 0.00218521
0.372202 0.595763
0.37261 0.459207
0.373553 0.31198
0.373923 0.522313
0.37435 0.692332
0.374647 0.696966
0.375712 0.597211
0.37573 0.900327
0.376881 0.244145
0.377353 0.16944
0.377609 0.469396
0.378335 0.682273
0.37838 0.427437
0.379114 0.769707
0.381387 0.972697
0.38188 0.265228
0.381955 0.518034
0.382671 0.555053
0.382832 0.252113
0.384061 0.914675
0.384868 0.469845
0.385272 0.266444
0.386088 0.987236
0.386477 0.516447
0.389233 0.846502
0.389464 0.715397
0.38992 0.384042
0.390092 0.278695
0.390222 0.467613
0.390723 0.882956
0.391129 0.701688
0.391416 0.525948
0.391428 0.730811
0.391712 0.510069
0.391725 0.726891
0.392366 0.489057
0.392741 0.802174
0.392778 0.4252
0.393131 0.352078
0.393501 0.568814
0.396017 0.856025
0.39649 0.800103
0.396527 0.42723
0.396835 0.604271
0.397327 0.875977
0.397754 0.0432562
0.398303 0.271242
0.399542 0.108348
0.39958 0.742221
0.4 0.807077
0.400317 0.130213
0.400365 0.926624
0.400755 0.492925
0.401246 0.735422
0.401547 0.79877
0.402996 0.146464
0.403193 0.464578
0.403257 0.543396
0.404831 0.988729
0.404968 0.296185
0.405118 0.813028
0.406364 0.753411
0.406818 0.38632
0.406844 0.82073
0.40819 0.445559
0.408721 0.380564
0.409861 0.5372
0.411641 0.457793
0.412351 0.377573
0.41367 0.55856
0.41484 0.215942
0.415606 0.0880964
0.415705 0.759911
0.415817 0.636173
0.416074 0.954858
0.41648 0.776164
0.419211 0.672271
0.419248 0.293528
0.419366 0.284932
0.422017 0.842128
0.422674 0.882834
0.422776 0.592293
0.423622 0.823082
0.423914 0.723007
0.42473 0.444174
0.42542 0.0320139
0.425435 0.283984
0.42544 0.372625
0.426745 0.295577
0.427893 0.595975
0.430969 0.291993
0.431157 0.450034
0.431678 0.219043
0.431753 0.46497
0.432155 0.231077
0.43293 0.25961
0.433782 0.5735
0.434491 0.491409
0.435228 0.877953
0.436032 0.388575
0.437367 0.82287
0.438166 0.264503
0.440755 0.770992
0.441328 0.402788
0.44236 0.750154
0.443591 0.440234
0.443692 0.129892
0.44391 0.793603
0.444515 0.959086
0.445495 0.433476
0.445503 0.562533
0.445578 0.823236
0.445828 0.0265833
0.445942 0.950868
0.446908 0.190483
0.448682 0.995989
0.448971 0.852017
0.449316 0.647756
0.449561 0.7705
0.451138 0.28148
0.452361 0.827523
0.452622 0.216058
0.452911 0.0748245
0.453424 0.701268
0.454011 0.555261
0.455045 0.93895
0.456298 0.000375187
0.456621 0.42192
0.457098 0.445506
0.458492 0.874768
0.458813 0.264968
0.458854 0.965139
0.46011 0.0710176
0.460113 0.11814
0.460118 0.204152
0.460164 0.976098
0.460832 0.208057
0.460833 0.215719
0.460847 0.45789
0.461562 0.465998
0.462411 0.737359
0.462519 0.548812
0.463736 0.00976611
0.466327 0.562736
0.468309 0.869612
0.468606 0.861755
0.46936 0.534674
0.469792 0.788865
0.470505 0.776053
0.471468 0.968647
0.472123 0.966637
0.47345 0.271883
0.473526 0.546618
0.473731 0.997593
0.474266 0.995046
0.476457 0.810068
0.477333 0.540915
0.477677 0.321807
0.478192 0.980808
0.478655 0.756604
0.47906 0.556842
0.480177 0.343188
0.480218 0.0212416
0.480356 0.344593
0.48041 0.254143
0.480671 0.641699
0.481322 0.580349
0.481621 0.606052
0.48221 0.500469
0.482793 0.305243
0.483799 0.21132
0.484498 0.958011
0.486237 0.18554
0.48692 0.672404
0.487238 0.0125785
0.488846 0.0397316
0.489225 0.400645
0.489411 0.528046
0.490799 0.855628
0.491377 0.576542
0.491639 0.976636
0.495074 0.702276
0.495137 0.771022
0.495215 0.0795674
0.495437 0.814366
0.495493 0.754633
0.495686 0.988051
0.49623 0.139636
0.496266 0.744168
0.496763 0.0925484
0.497686 0.604897
0.497929 0.688087
0.497971 0.392914
0.50074 0.939149
0.501185 0.416963
0.501736 0.679448
0.502263 0.525969
0.502738 0.513545
0.504284 0.499815
0.50444 0.124638
0.504523 0.512027
0.504903 0.91168
0.505337 0.195142
0.505732 0.832592
0.505777 0.599036
0.506059 0.329834
0.50626 0.703719
0.506649 0.249592
0.507483 0.260382
0.507719 0.23408
0.507796 0.532678
0.509173 0.678453
0.511288 0.210537
0.511607 0.572219
0.511834 0.397521
0.512844 0.372955
0.514873 0.475122
0.515171 0.485588
0.51538 0.988522
0.517529 0.109814
0.517817 0.954399
0.518019 0.33903
0.518783 0.188285
0.51901 0.00634787
0.519187 0.973724
0.519264 0.262515
0.519383 0.262528
0.519464 0.624943
0.519693 0.482216
0.519906 0.0548281
0.519969 0.11995
0.520378 0.989992
0.521386 0.936664
0.521474 0.417882
0.521697 0.156664
0.521916 0.835113
0.522332 0.842476
0.522424 0.37329
0.523801 0.51822
0.525106 0.450297
0.52523 0.539805
0.526926 0.0377829
0.52821 0.628709
0.528425 0.233558
0.529655 0.908
0.531657 0.563212
0.532552 0.597095
0.53263 0.913405
0.533587 0.991827
0.534798 0.350225
0.535229 0.598335
0.535975 0.133213
0.536216 0.184032
0.536468 0.418332
0.538603 0.298518
0.539129 0.14435
0.539211 0.52615
0.539486 0.132994
0.540894 0.809138
0.540898 0.8711
0.540935 0.493554
0.541654 0.575269
0.542832 0.385821
0.543531 0.132841
0.544248 0.167825
0.544357 0.00972978
0.545529 0.708607
0.545772 0.796836
0.546025 0.0457489
0.546361 0.696004
0.546715 0.636148
0.546929 0.234055
0.547535 0.428136
0.547601 0.522067
0.547788 0.68014
0.548224 0.00353937
0.548354 0.184107
0.549228 0.878592
0.549465 0.861393
0.549805 0.564836
0.551915 0.0340743
0.552733 0.78063
0.552767 0.362427
0.552848 0.7193
0.555811 0.509018
0.55681 0.299162
0.557104 0.23912
0.557406 0.317393
0.559367 0.284854
0.559876 0.832157
0.560474 0.879305
0.5607 0.684431
0.561197 0.0323734
0.561265 0.176776
0.561451 0.304178
0.56191 0.0264486
0.562116 0.487097
0.562377 0.876375
0.562728 0.762259
0.564167 0.959765
0.564622 0.593464
0.564738 0.556474
0.565557 0.311029
0.566343 0.531739
0.566967 0.00762354
0.567601 0.664157
0.568402 0.139732
0.568934 0.0677882
0.569434 0.47208
0.56951 0.745837
0.57114 0.158283
0.571165 0.577079
0.571549 0.0281287
0.572218 0.261794
0.572611 0.879529
0.572717 0.65678
0.572965 0.825973
0.573589 0.315875
0.573972 0.742772
0.574228 0.0481909
0.574533 0.175191
0.574608 0.428646
0.574693 0.866288
0.574739 0.633131
0.577129 0.809101
0.577188 0.797751
0.57731 0.851179
0.577792 0.954485
0.577969 0.92917
0.578336 0.0941892
0.578827 0.351604
0.579467 0.109997
0.579493 0.537919
0.579735 0.606575
0.579886 0.15268
0.581281 0.581527
0.581509 0.416714
0.582068 0.814102
0.582114 0.587426
0.582215 0.292478
0.582369 0.876573
0.582954 0.707151
0.583083 0.86805
0.583187 0.628928
0.584185 0.396737
0.584346 0.103095
0.586406 0.730146
0.586486 0.0784103
0.58765 0.634746
0.587734 0.0432422
0.589433 0.596506
0.589601 0.431194
0.589667 0.54012
0.590149 0.636366
0.590159 0.79409
0.590397 0.802608
0.591031 0.462326
0.591152 0.485889
0.591303 0.0376141
0.591464 0.732961
0.591826 0.818386
0.592258 0.0818824
0.592401 0.484155
0.592949 0.68946
0.593111 0.41821
0.593624 0.0356921
0.594161 0.0673378
0.596224 0.737222
0.596334 0.582555
0.596353 0.90418
0.597613 0.0787738
0.59764 0.537313
0.598026 0.0310237
0.599711 0.340355
0.599755 0.0744688
0.599854 0.742237
0.600649 0.100855
0.600957 0.291029
0.601365 0.149551
0.601765 0.864693
0.601803 0.505258
0.601938 0.772173
0.602262 0.222167
0.60265 0.746033
0.60404 0.103942
0.604109 0.266236
0.604352 0.345527
0.605047 0.0206702
0.605956 0.304865
0.606454 0.676122
0.606568 0.594349
0.606675 0.391377
0.606837 0.113099
0.606844 0.233437
0.608051 0.516021
0.608669 0.898209
0.609831 0.428678
0.612416 0.872705
0.615174 0.229613
0.617599 0.979773
0.618334 0.334777
0.61942 0.595715
0.621097 0.772296
0.621799 0.582545
0.622646 0.804389
0.622818 0.702157
0.623555 0.0956274
0.62448 0.642076
0.624952 0.56345
0.625056 0.30891
0.625698 0.111663
0.627589 0.887419
0.628197 0.103938
0.628599 0.86182
0.628632 0.415277
0.630938 0.181742
0.631726 0.420765
0.631909 0.489312
0.633278 0.495731
0.634372 0.891557
0.63472 0.740015
0.63541 0.330312
0.636136 0.543401
0.636198 0.575456
0.636247 0.399471
0.636598 0.307754
0.637198 0.390246
0.638418 0.892633
0.639854 0.032725
0.639943 0.529276
0.641232 0.19168
0.641637 0.996637
0.642147 0.560837
0.642481 0.179294
0.642695 0.779987
0.643816 0.608479
0.644057 0.662287
0.644985 0.262675
0.645718 0.580175
0.646996 0.0548091
0.649001 0.754654
0.649292 0.647998
0.649376 0.0595147
0.650305 0.673207
0.650638 0.279251
0.650701 0.324533
0.651937 0.105117
0.652937 0.90884
0.653885 0.85164
0.654242 0.846506
0.654754 0.452029
0.654819 0.543596
0.656185 0.505365
0.656284 0.158866
0.657062 0.241605
0.65743 0.425102
0.661112 0.306372
0.661137 0.722727
0.661368 0.604622
0.662458 0.933188
0.665069 0.811696
0.665495 0.970406
0.665797 0.0471993
0.667289 0.124037
0.667469 0.145595
0.669512 0.492125
0.670174 0.606234
0.671378 0.846438
0.671693 0.147254
0.671994 0.195638
0.672503 0.75389
0.673675 0.45798
0.674228 0.744812
0.674484 0.0446743
0.675474 0.68424
0.676502 0.961623
0.676988 0.136774
0.677 0.341011
0.67706 0.354596
0.677434 0.626899
0.677438 0.706188
0.677591 0.268275
0.677894 0.364424
0.67813 0.327611
0.679157 0.588786
0.68046 0.496241
0.680623 0.227511
0.681217 0.215617
0.683601 0.283098
0.683787 0.410085
0.683994 0.882512
0.685302 0.876018
0.685477 0.8065
0.685938 0.561196
0.686268 0.106038
0.687205 0.849546
0.688195 0.484706
0.688274 0.818405
0.688422 0.303802
0.688434 0.504164
0.688698 0.945692
0.689239 0.0348221
0.689481 0.100707
0.692188 0.604267
0.692295 0.402289
0.692413 0.3784
0.693129 0.421555
0.69392 0.716678
0.695634 0.52145
0.696346 0.486012
0.698204 0.718617
0.698549 0.506452
0.69856 0.694402
0.699266 0.56007
0.699322 0.512907
0.699637 0.796231
0.700206 0.35348
0.700397 0.580597
0.700517 0.591106
0.700862 0.394984
0.700955 0.950726
0.701289 0.558265
0.702097 0.1433
0.702405 0.315411
0.703117 0.286883
0.703853 0.653087
0.703861 0.795777
0.704001 0.138037
0.705186 0.0637779
0.705263 0.35354
0.707012 0.742511
0.707154 0.135557
0.708001 0.377264
0.708532 0.294731
0.709269 0.686041
0.710533 0.927089
0.711509 0.329805
0.712002 0.622078
0.713075 0.64911
0.713322 0.795325
0.713344 0.170083
0.714051 0.0580714
0.715804 0.511039
0.717048 0.428067
0.717413 0.56524
0.717511 0.203205
0.717838 0.700517
0.717908 0.871765
0.718652 0.384517
0.719481 0.311643
0.719682 0.686632
0.720444 0.506577
0.720538 0.0856797
0.720655 0.0485253
0.720733 0.35772
0.721519 0.56464
0.722244 0.76044
0.722575 0.324112
0.722734 0.997639
0.723444 0.927421
0.723993 0.142884
0.725207 0.555675
0.726819 0.641495
0.727413 0.625203
0.728861 0.965164
0.729338 0.991763
0.729433 0.573308
0.7295 0.713305
0.730205 0.560432
0.731899 0.0203903
0.73233 0.273462
0.733835 0.560274
0.733911 0.847445
0.734884 0.201943
0.735259 0.491433
0.736587 0.811659
0.736922 0.448914
0.737225 0.53967
0.73815 0.0844983
0.739226 0.17256
0.739659 0.456836
0.73998 0.838013
0.740278 0.844682
0.741109 0.820903
0.74133 0.537364
0.741632 0.612216
0.742337 0.46393
0.742632 0.419697
0.74307 0.775591
0.743225 0.381076
0.74505 0.0508953
0.745969 0.498505
0.746149 0.522786
0.747208 0.32776
0.748335 0.258096
0.749314 0.721639
0.749317 0.762578
0.749772 0.412721
0.750157 0.889175
0.750993 0.943511
0.751978 0.501838
0.752371 0.0961101
0.753483 0.78591
0.753903 0.852848
0.754845 0.683589
0.75489 0.438059
0.756184 0.189504
0.756671 0.369695
0.757048 0.710001
0.757075 0.159595
0.757482 0.992516
0.757976 0.308448
0.758642 0.504469
0.758793 0.0298816
0.759 0.513946
0.759816 0.22047
0.760181 0.355358
0.760739 0.740748
0.761646 0.977671
0.762093 0.493349
0.762199 0.271594
0.762401 0.667957
0.763746 0.284129
0.764146 0.997792
0.76493 0.181374
0.765178 0.34094
0.76559 0.274603
0.765593 0.320723
0.765891 0.327095
0.766172 0.0544101
0.767005 0.0575378
0.767701 0.752513
0.769657 0.619225
0.769813 0.247696
0.770177 0.370734
0.770245 0.505612
0.770733 0.708172
0.771495 0.516948
0.771747 0.748643
0.771801 0.664132
0.772574 0.645621
0.772855 0.375918
0.774158 0.270703
0.774546 0.798231
0.77535 0.311217
0.775466 0.2547
0.776156 0.853684
0.778499 0.235403
0.778953 0.856839
0.779411 0.562886
0.780255 0.739634
0.780817 0.195375
0.782654 0.059374
0.782819 0.845319
0.782896 0.137742
0.783036 0.485895
0.783296 0.86039
0.783744 0.387768
0.784159 0.351898
0.785276 0.131397
0.78612 0.320636
0.786125 0.410772
0.786748 0.872499
0.786754 0.967151
0.787289 0.972226
0.787386 0.588309
0.788904 0.115186
0.788946 0.822416
0.790145 0.965792
0.790325 0.995505
0.790373 0.806144
0.790508 0.0636607
0.791495 0.648942
0.795186 0.685214
0.795193 0.803893
0.795295 0.514761
0.795696 0.270671
0.795697 0.280712
0.796015 0.620127
0.796097 0.00288221
0.796873 0.0438987
0.796908 0.636308
0.797111 0.0451535
0.798948 0.920822
0.799775 0.826183
0.801554 0.723602
0.802314 0.493004
0.803393 0.623517
0.803478 0.0474931
0.803969 0.301542
0.804222 0.567039
0.805342 0.379909
0.805409 0.506319
0.806279 0.126102
0.806435 0.753891
0.807796 0.619725
0.808485 0.210421
0.808486 0.225174
0.809056 0.797442
0.810801 0.125313
0.811227 0.284296
0.811502 0.918962
0.811717 0.532647
0.814063 0.963649
0.815657 0.748279
0.817785 0.519161
0.819004 0.00474516
0.820743 0.234544
0.822002 0.389337
0.822514 0.987261
0.822755 0.0487479
0.822885 0.232234
0.82368 0.581344
0.82397 0.459191
0.824022 0.335408
0.824146 0.416541
0.826788 0.822218
0.827887 0.288638
0.831895 0.653634
0.831944 0.481906
0.832055 0.353082
0.832268 0.935383
0.832566 0.931565
0.83297 0.721379
0.835559 0.243004
0.836867 0.217946
0.837853 0.788272
0.83789 0.42238
0.837912 0.791902
0.838007 0.390712
0.838439 0.651595
0.840352 0.797076
0.840935 0.588318
0.840998 0.661767
0.841808 0.27385
0.842033 0.0445008
0.842359 0.523296
0.842577 0.19654
0.843235 0.252648
0.843414 0.262435
0.844393 0.719771
0.845302 0.993784
0.846716 0.747769
0.847169 0.363562
0.847566 0.0403239
0.847969 0.809648
0.848395 0.96914
0.849043 0.861795
0.849784 0.324764
0.850118 0.932068
0.850205 0.389564
0.850501 0.375517
0.850882 0.766562
0.851228 0.586696
0.852102 0.278834
0.853719 0.447863
0.853872 0.0237485
0.853887 0.281768
0.854233 0.0997581
0.85452 0.910698
0.854553 0.475433
0.855702 0.789683
0.856357 0.785263
0.857125 0.699899
0.857269 0.113403
0.858636 0.0935793
0.859331 0.777918
0.85972 0.312616
0.859931 0.855676
0.860108 0.829516
0.860213 0.591451
0.861262 0.234591
0.861334 0.43727
0.862234 0.573718
0.863472 0.377953
0.863633 0.0814862
0.863853 0.772879
0.864193 0.487898
0.864858 0.676154
0.865013 0.267731
0.8651 0.733164
0.865403 0.821877
0.866808 0.438432
0.866916 0.262038
0.867699 0.425021
0.867798 0.0844774
0.868112 0.355474
0.868672 0.76929
0.869888 0.199682
0.870337 0.749311
0.870344 0.871269
0.870581 0.858562
0.870702 0.88981
0.872535 0.693218
0.872675 0.0496982
0.873246 0.653655
0.87375 0.114406
0.874339 0.0200306
0.875274 0.724987
0.875628 0.673747
0.876615 0.274737
0.878634 0.208254
0.879837 0.414335
0.879838 0.433134
0.880054 0.0630271
0.880166 0.942882
0.880273 0.749576
0.880506 0.662635
0.880539 0.2116
0.881143 0.370478
0.881197 0.28434
0.881268 0.476006
0.881497 0.321696
0.883914 0.939355
0.884707 0.2681
0.885185 0.295944
0.885516 0.860884
0.886501 0.417568
0.886555 0.333503
0.888125 0.710747
0.88968 0.858169
0.890855 0.606016
0.890885 0.0974263
0.89096 0.359092
0.892056 0.793072
0.893178 0.638961
0.893612 0.936416
0.89421 0.994107
0.894881 0.272656
0.895101 0.96981
0.895297 0.249927
0.895726 0.468814
0.896012 0.275691
0.89627 0.603368
0.897031 0.406048
0.897109 0.707057
0.89747 0.780085
0.897669 0.125349
0.898083 0.0762684
0.898482 0.792013
0.898849 0.952782
0.900538 0.348807
0.901279 0.801664
0.901283 0.869057
0.901443 0.547217
0.901538 0.154596
0.902082 0.284901
0.902398 0.606739
0.902888 0.842036
0.904077 0.81493
0.904316 0.844375
0.904401 0.261034
0.904512 0.126395
0.904527 0.391599
0.904629 0.100886
0.905076 0.60898
0.907147 0.413188
0.907224 0.717649
0.907751 0.572575
0.907936 0.676912
0.90804 0.433541
0.908543 0.886833
0.908581 0.518265
0.909525 0.390463
0.910156 0.98829
0.910427 0.547362
0.911174 0.103511
0.911342 0.923313
0.911449 0.728136
0.911689 0.749105
0.912141 0.348643
0.91217 0.844436
0.912625 0.480131
0.913412 0.710194
0.913502 0.231875
0.913522 0.565614
0.91496 0.725068
0.915317 0.73165
0.915924 0.940687
0.916333 0.809446
0.916453 0.818561
0.917276 0.659056
0.918714 0.822784
0.918942 0.655873
0.919249 0.816957
0.920196 0.728051
0.920667 0.646639
0.921268 0.759098
0.921327 0.738005
0.922925 0.602315
0.923112 0.749995
0.923924 0.398236
0.923941 0.67316
0.924122 0.71592
0.924208 0.159525
0.925101 0.168685
0.926078 0.584964
0.926597 0.31391
0.927211 0.640076
0.92735 0.966081
0.930612 0.801451
0.931957 0.409429
0.93196 0.452677
0.932529 0.0097857
0.932896 0.182474
0.934632 0.367123
0.935251 0.766309
0.935252 0.776961
0.937179 0.162806
0.93847 0.865735
0.940343 0.336943
0.940625 0.091243
0.94202 0.527525
0.943184 0.0874373
0.94359 0.911867
0.943645 0.838642
0.944127 0.938175
0.945571 0.213749
0.945586 0.470297
0.947195 0.510865
0.947832 0.21535
0.948035 0.61705
0.951447 0.962908
0.951951 0.435493
0.953857 0.481298
0.953945 0.945541
0.954456 0.542831
0.955082 0.0560243
0.955373 0.947576
0.955435 0.00369706
0.956478 0.529059
0.95695 0.461014
0.957831 0.272417
0.958599 0.166517
0.958748 0.673186
0.959745 0.434326
0.959923 0.41928
0.960654 0.71496
0.960658 0.771592
0.96105 0.364478
0.962265 0.787326
0.964921 0.428694
0.966041 0.248036
0.968082 0.549165
0.968121 0.208733
0.969511 0.576205
0.96992 0.440753
0.970265 0.239905
0.974012 0.215865
0.974622 0.475351
0.976514 0.26845
0.97654 0.703408
0.977822 0.247454
0.977943 0.295599
0.978531 0.169487
0.98125 0.865842
0.981383 0.10459
0.981551 0.928094
0.98164 0.426679
0.982284 0.245273
0.982998 0.25162
0.983904 0.471051
0.984111 0.946672
0.984958 0.195258
0.98766 0.604157
0.989353 0.0514678
0.989387 0.631793
0.989834 0.134542
0.98989 0.0892495
0.99004 0.606883
0.99029 0.799031
0.992725 0.724782
0.993476 0.358538
0.993828 0.273896
0.993904 0.542425
0.994792 0.464893
0.995921 0.447345
0.996304 0.887453
0.996573 0.404019
0.996589 0.66531
0.997139 0.913707
0.998112 0.263337
0.999177 0.165084
