0.000550353 0.249798
0.00108939 0.309462
0.00118815 0.969208
0.00196688 0.0573472
0.00200882 0.762213
0.00270758 0.506354
0.00307012 0.599456
0.00418108 0.271365
0.00618013 0.869444
0.00645569 0.500847
0.00680252 0.329958
0.00684556 0.0533727
0.00722741 0.471058
0.00760617 0.836855
0.00899362 0.155843
0.0121663 0.479088
0.0130514 0.355474
0.0134147 0.460676
0.0147569 0.0198176
0.0160277 0.376884
0.0160651 0.00537234
0.0178398 0.833732
0.0185545 0.846003
0.0188879 0.448784
0.020852 0.459838
0.0227118 0.717613
0.0227819 0.895756
0.0300179 0.510835
0.030087 0.672276
0.0306319 0.830959
0.0308693 0.820686
0.0310752 0.280191
0.0320891 0.321116
0.0334682 0.499238
0.034441 0.850573
0.0353772 0.5848
0.0381052 0.433722
0.0394456 0.961487
0.0394988 0.855611
0.0395282 0.350754
0.0412014 0.472707
0.0421021 0.60914
0.046111 0.987472
0.0461369 0.42214
0.0471731 0.838379
0.0480338 0.304656
0.0487895 0.00566343
0.0530296 0.26917
0.0569457 0.0857497
0.0572104 0.53497
0.0574011 0.740385
0.0583346 0.430134
0.061772 0.20206
0.0623927 0.634039
0.0626425 0.832643
0.062885 0.908718
0.0642177 0.307028
0.0648387 0.744697
0.0652397 0.483365
0.0675427 0.190568
0.0686687 0.115449
0.0687559 0.580874
0.069166 0.472712
0.0726257 0.620413
0.0730207 0.259616
0.0734384 0.279838
0.073762 0.71864
0.0740045 0.792876
0.0755569 0.885451
0.0764886 0.543887
0.0793011 0.813436
0.080616 0.912457
0.0811875 0.517807
0.0819182 0.798429
0.0820668 0.296481
0.0829599 0.30651
0.083196 0.274894
0.0881796 0.0349755
0.0888878 0.936723
0.0891052 0.591669
0.0914475 0.957351
0.0960186 0.78503
0.0973552 0.249309
0.0986279 0.639566
0.098886 0.976361
0.101083 0.901335
0.101212 0.0710085
0.101879 0.287174
0.102984 0.849929
0.104196 0.227634
0.105729 0.993709
0.105905 0.949979
0.107706 0.221131
0.108331 0.72422
0.109425 0.102797
0.112273 0.975445
0.112457 0.056507
0.113528 0.0594495
0.115342 0.552049
0.11558 0.557944
0.116086 0.0542038
0.116554 0.925207
0.117873 0.0944543
0.121557 0.0156939
0.122292 0.364679
0.122741 0.900033
0.123228 0.0981782
0.123416 0.256517
0.124141 0.443896
0.124442 0.494847
0.125087 0.34023
0.125396 0.528816
0.125494 0.172244
0.126864 0.201789
0.127486 0.655878
0.128697 0.00511075
0.129207 0.576816
0.130774 0.915852
0.132686 0.0552284
0.132702 0.325246
0.133214 0.924352
0.136253 0.998298
0.138234 0.300642
0.138356 0.344906
0.13914 0.521897
0.140328 0.493563
0.141736 0.156379
0.142384 0.0534479
0.143393 0.998703
0.144492 0.468904
0.144956 0.275464
0.145365 0.151955
0.146763 0.652484
0.146864 0.339105
0.152682 0.133369
0.154242 0.340061
0.155242 0.159867
0.155826 0.962817
0.156269 0.411651
0.157951 0.689262
0.158147 0.982997
0.158797 0.900774
0.159312 0.554438
0.163182 0.59987
0.163684 0.0326109
0.165091 0.680549
0.165575 0.815285
0.165634 0.80781
0.165856 0.540542
0.165962 0.328444
0.166465 0.782097
0.166486 0.127717
0.167025 0.185104
0.167034 0.335973
0.167426 0.931638
0.168591 0.509426
0.169603 0.513426
0.170108 0.00336201
0.17077 0.135167
0.173066 0.719128
0.173584 0.430143
0.174399 0.116162
0.175274 0.826003
0.177518 0.54764
0.178322 0.0552251
0.17927 0.994612
0.180277 0.917148
0.180651 0.205972
0.180827 0.167055
0.183614 0.993561
0.184391 0.0663682
0.185195 0.574705
0.185391 0.862884
0.186194 0.358753
0.187402 0.662617
0.187604 0.0638864
0.188541 0.805619
0.189009 0.666807
0.190456 0.987508
0.190747 0.885414
0.193143 0.148844
0.193316 0.0698798
0.195233 0.280132
0.195955 0.422987
0.19738 0.367928
0.197715 0.998163
0.20029 0.271779
0.201434 0.508556
0.203509 0.378271
0.204268 0.134431
0.204734 0.965888
0.206048 0.0513539
0.209251 0.887993
0.212852 0.410661
0.21301 0.0536021
0.213093 0.454076
0.213178 0.880737
0.215186 0.63377
0.215972 0.836026
0.217458 0.821874
0.218272 0.497578
0.220829 0.478706
0.221469 0.223576
0.222702 0.960034
0.224229 0.611562
0.225513 0.195812
0.225544 0.725727
0.22569 0.16516
0.225895 0.618639
0.227771 0.153037
0.228513 0.620451
0.228585 0.826667
0.232993 0.914076
0.233412 0.951633
0.233488 0.227762
0.2339 0.16533
0.235663 0.789515
0.235831 0.609316
0.236309 0.653548
0.236585 0.290304
0.236976 0.848301
0.237716 0.284503
0.237875 0.972759
0.239283 0.624196
0.239753 0.527585
0.240552 0.95808
0.241526 0.325578
0.241818 0.236773
0.243135 0.365762
0.243196 0.394303
0.243987 0.69287
0.244408 0.771163
0.244675 0.248207
0.245266 0.190654
0.24718 0.356797
0.24831 0.354502
0.248887 0.0426706
0.249354 0.88571
0.250955 0.807372
0.251525 0.381056
0.253712 0.130203
0.2547 0.747158
0.256565 0.084074
0.260281 0.537522
0.261188 0.784691
0.262016 0.698363
0.263403 0.0208494
0.264856 0.443074
0.267934 0.173997
0.268284 0.0565389
0.2689 0.399555
0.269274 0.681203
0.269322 0.500945
0.269468 0.949456
0.270443 0.338749
0.270538 0.932511
0.272058 0.477984
0.273956 0.37461
0.275816 0.635406
0.275966 0.158409
0.278464 0.13932
0.278779 0.433569
0.280585 0.784925
0.281056 0.705516
0.281714 0.775845
0.282314 0.858165
0.283341 0.115411
0.284174 0.10453
0.285318 0.345455
0.287118 0.584597
0.28713 0.801184
0.287277 0.267484
0.287511 0.198771
0.287549 0.835063
0.29033 0.577451
0.290763 0.849314
0.290809 0.629274
0.292048 0.452911
0.292853 0.987959
0.294801 0.721631
0.295194 0.330413
0.298791 0.780248
0.298943 0.334133
0.300873 0.766952
0.301501 0.333591
0.301526 0.755652
0.30227 0.245653
0.302337 0.372775
0.303266 0.991876
0.307813 0.408772
0.308085 0.979403
0.308641 0.32923
0.309094 0.945297
0.309186 0.488039
0.309201 0.747256
0.309956 0.426577
0.311183 0.0476899
0.31191 0.266139
0.31253 0.683718
0.313683 0.0736415
0.313842 0.741072
0.313926 0.152761
0.314141 0.759911
0.315915 0.582933
0.318337 0.283786
0.319298 0.44552
0.319699 0.180455
0.3198 0.872266
0.319946 0.335757
0.320177 0.218293
0.320259 0.596971
0.320626 0.755862
0.322223 0.605591
0.324694 0.126264
0.32661 0.335139
0.327542 0.000892915
0.327575 0.555422
0.327884 0.749142
0.328652 0.65531
0.334081 0.896297
0.335 0.341856
0.336134 0.397194
0.339411 0.479721
0.339802 0.0578395
0.340917 0.79142
0.341843 0.354234
0.344895 0.654754
0.348683 0.319748
0.348783 0.988791
0.350079 0.770227
0.350581 0.217055
0.351323 0.679241
0.354899 0.795775
0.356912 0.617727
0.357264 0.529594
0.35729 0.975814
0.35745 0.6541
0.358232 0.80654
0.360279 0.215611
0.360642 0.309637
0.36098 0.99893
0.361031 0.850861
0.365467 0.403243
0.36585 0.837927
0.367208 0.669614
0.36911 0.635817
0.369486 0.955492
0.369489 0.995313
0.370114 0.501783
0.371989 0.0136182
0.373222 0.735394
0.373263 0.431644
0.37381 0.62391
0.375007 0.735464
0.375805 0.157335
0.376369 0.632783
0.376866 0.989694
0.376942 0.262176
0.378822 0.862175
0.382226 0.0650451
0.383445 0.560937
0.385335 0.329797
0.386382 0.930582
0.387529 0.201192
0.389241 0.97073
0.389962 0.083101
0.391438 0.899962
0.392915 0.717035
0.394386 0.452384
0.395879 0.536
0.399258 0.324135
0.399284 0.771733
0.399494 0.301065
0.400683 0.275995
0.402001 0.424471
0.402757 0.144998
0.403006 0.322322
0.4046 0.116805
0.405262 0.241973
0.40758 0.205013
0.408084 0.675477
0.408225 0.0358704
0.409074 0.313625
0.40908 0.400483
0.409457 0.750783
0.411496 0.015684
0.412232 0.383688
0.412886 0.376974
0.415548 0.122675
0.418144 0.744047
0.420287 0.765538
0.42045 0.497285
0.421326 0.234338
0.423315 0.658625
0.425805 0.509908
0.427805 0.122418
0.430025 0.424616
0.431055 0.735958
0.431212 0.378046
0.432026 0.0616858
0.435862 0.52792
0.437492 0.921316
0.437874 0.355617
0.43901 0.440453
0.441705 0.73688
0.442115 0.634462
0.442429 0.904575
0.444777 0.369668
0.445184 0.207027
0.447155 0.341472
0.447417 0.734006
0.447906 0.954347
0.449713 0.318319
0.450427 0.332602
0.450594 0.137643
0.450821 0.951011
0.452403 0.53552
0.452631 0.36299
0.455386 0.673167
0.455635 0.861839
0.459162 0.136178
0.462324 0.27987
0.463143 0.045131
0.463783 0.797913
0.465752 0.895112
0.468036 0.280808
0.469484 0.619673
0.469842 0.639325
0.470168 0.11949
0.471412 0.0215231
0.471582 0.879698
0.471899 0.205393
0.472066 0.00535498
0.472626 0.422066
0.473547 0.901309
0.473762 0.525732
0.475938 0.097229
0.476301 0.194832
0.478982 0.249768
0.479662 0.6845
0.481043 0.892135
0.483117 0.741776
0.483176 0.735724
0.483836 0.824437
0.484086 0.0364015
0.485391 0.96624
0.486107 0.00414328
0.488778 0.897692
0.490478 0.467047
0.491208 0.724832
0.491231 0.120431
0.491996 0.984572
0.492795 0.411006
0.493736 0.220639
0.494356 0.634054
0.495018 0.762909
0.497577 0.769442
0.498162 0.613402
0.500038 0.137164
0.500749 0.0808221
0.501443 0.747951
0.502445 0.588709
0.502748 0.68985
0.502756 0.821239
0.503316 0.237222
0.504167 0.539842
0.504304 0.839753
0.50529 0.415103
0.505497 0.889174
0.508528 0.829
0.511264 0.80744
0.511537 0.398866
0.512343 0.955045
0.512692 0.80787
0.515088 0.0874927
0.516672 0.707049
0.51712 0.240399
0.519379 0.202555
0.51978 0.934477
0.520201 0.0194932
0.520393 0.237853
0.52196 0.577444
0.52471 0.798407
0.525185 0.778158
0.525192 0.898653
0.52728 0.987123
0.529443 0.350649
0.5298 0.354844
0.530017 0.000554663
0.531226 0.322873
0.531643 0.317823
0.533606 0.318453
0.536026 0.986232
0.536255 0.842276
0.537143 0.762099
0.537416 0.343288
0.537443 0.812432
0.542822 0.214729
0.54369 0.796171
0.543873 0.868161
0.544796 0.384197
0.545224 0.575417
0.54668 0.0456639
0.546741 0.0777507
0.547003 0.479121
0.547759 0.183212
0.54898 0.706958
0.549234 0.96973
0.549822 0.859592
0.549954 0.0734297
0.55048 0.915427
0.55335 0.148065
0.554281 0.80107
0.561583 0.521013
0.562051 0.394129
0.562643 0.339887
0.564953 0.167945
0.565589 0.849405
0.569001 0.192594
0.570351 0.89434
0.571857 0.198995
0.572073 0.835706
0.575851 0.322094
0.578105 0.203591
0.579439 0.635813
0.57961 0.497493
0.579613 0.550102
0.581113 0.764465
0.581715 0.890863
0.581916 0.255967
0.582965 0.896243
0.583027 0.934059
0.583317 0.811484
0.58496 0.421897
0.588472 0.441111
0.58954 0.392697
0.592124 0.826698
0.592451 0.316208
0.593886 0.443441
0.595487 0.344307
0.59618 0.99468
0.596586 0.816355
0.597108 0.593182
0.597946 0.683018
0.599507 0.915599
0.600684 0.701513
0.601673 0.312301
0.601948 0.945363
0.60207 0.983827
0.602459 0.535257
0.603446 0.121196
0.604323 0.864573
0.604374 0.721404
0.607301 0.902833
0.6084 0.377862
0.60929 0.342506
0.609858 0.884236
0.610007 0.386318
0.610219 0.956896
0.611328 0.582254
0.612293 0.800353
0.612541 0.968936
0.612856 0.268726
0.613544 0.83304
0.615196 0.592686
0.618251 0.944868
0.61916 0.223052
0.6215 0.545087
0.622096 0.568827
0.622884 0.806105
0.623455 0.405155
0.624585 0.406601
0.624666 0.76936
0.628272 0.369923
0.628816 0.51005
0.632054 0.930396
0.633764 0.67316
0.634343 0.406213
0.63453 0.553274
0.634916 0.0296258
0.635083 0.836843
0.636185 0.359143
0.636271 0.802349
0.636738 0.647361
0.637716 0.0890833
0.637987 0.639827
0.638103 0.600036
0.641475 0.266447
0.641503 0.741469
0.641969 0.569583
0.64239 0.648714
0.644714 0.701694
0.645754 0.19154
0.64587 0.132018
0.646789 0.579799
0.646949 0.264213
0.647306 0.278746
0.647407 0.964844
0.650298 0.566025
0.650413 0.497597
0.652019 0.488302
0.653767 0.869158
0.656535 0.380363
0.657371 0.431153
0.659487 0.000655024
0.659877 0.545394
0.659916 0.209195
0.661127 0.561974
0.662495 0.559689
0.665202 0.0429315
0.66544 0.0509639
0.666195 0.735841
0.666471 0.369733
0.675235 0.666847
0.676008 0.658589
0.679176 0.907139
0.680852 0.0841109
0.681363 0.662203
0.681635 0.231323
0.682416 0.36437
0.683466 0.0211366
0.683599 0.255017
0.68376 0.961924
0.68614 0.954451
0.687519 0.127282
0.688273 0.802063
0.689174 0.953539
0.689208 0.522046
0.692565 0.945872
0.69449 0.300599
0.695724 0.030491
0.696625 0.170579
0.697401 0.221574
0.698956 0.359972
0.700079 0.225936
0.700596 0.914091
0.702511 0.102531
0.703923 0.837686
0.703976 0.72965
0.704722 0.266429
0.706888 0.673079
0.707497 0.896579
0.707884 0.407124
0.713733 0.702565
0.714833 0.192754
0.715819 0.777449
0.71699 0.449231
0.717238 0.624677
0.718445 0.902143
0.719105 0.000169189
0.720329 0.575702
0.721083 0.247509
0.722311 0.889237
0.72797 0.997562
0.728795 0.865387
0.729119 0.311077
0.731309 0.117435
0.731579 0.64362
0.733061 0.563672
0.733375 0.836438
0.73533 0.695026
0.736208 0.448116
0.736398 0.643654
0.736401 0.697437
0.736678 0.341103
0.736879 0.723879
0.737446 0.263511
0.737737 0.138768
0.738394 0.188177
0.739334 0.991432
0.741138 0.308611
0.742602 0.912204
0.744154 0.999402
0.745958 0.311525
0.74802 0.980032
0.748606 0.821965
0.749093 0.00850392
0.750982 0.762526
0.751392 0.644323
0.751722 0.198055
0.752105 0.622706
0.752507 0.382819
0.752715 0.878013
0.753568 0.213589
0.7538 0.11717
0.755066 0.389101
0.755429 0.498295
0.756283 0.841963
0.757351 0.791287
0.76137 0.349266
0.762169 0.773712
0.764048 0.350263
0.764727 0.774837
0.766088 0.642917
0.767419 0.00628928
0.767454 0.596444
0.768226 0.567971
0.768291 0.674846
0.768688 0.33115
0.771732 0.494974
0.771889 0.132422
0.772952 0.00320027
0.773007 0.92841
0.773065 0.907254
0.773629 0.377732
0.775333 0.0133843
0.775671 0.694921
0.775841 0.561251
0.776223 0.987451
0.777368 0.222131
0.777424 0.156999
0.777663 0.175957
0.780018 0.765294
0.780642 0.251204
0.781444 0.723994
0.782055 0.996526
0.784362 0.765534
0.786448 0.838069
0.786965 0.526685
0.786968 0.571163
0.789666 0.921059
0.791804 0.857
0.79239 0.704952
0.793137 0.259724
0.793662 0.0768955
0.793842 0.0963479
0.796239 0.396366
0.796482 0.476166
0.79679 0.656683
0.797103 0.917701
0.797551 0.447091
0.797824 0.0325372
0.798052 0.862246
0.800044 0.340245
0.800371 0.830333
0.800465 0.414727
0.801331 0.961435
0.806628 0.996669
0.807892 0.244424
0.808833 0.0510292
0.809846 0.0852784
0.815632 0.322618
0.81633 0.0668051
0.816816 0.231649
0.81714 0.668244
0.820129 0.90376
0.820642 0.526282
0.822044 0.0905331
0.822308 0.533132
0.822541 0.449737
0.822763 0.177194
0.823582 0.949851
0.823639 0.903244
0.823957 0.250845
0.827772 0.359172
0.827839 0.482217
0.828405 0.0101558
0.829561 0.423261
0.830783 0.975972
0.8308 0.248807
0.83205 0.26815
0.832968 0.691764
0.834146 0.495311
0.834491 0.288898
0.835033 0.405523
0.836288 0.497893
0.837058 0.42837
0.837318 0.811082
0.838251 0.483418
0.83828 0.979429
0.840079 0.209015
0.843563 0.756104
0.845627 0.454993
0.846654 0.707206
0.847287 0.35625
0.848015 0.585648
0.848135 0.606245
0.850556 0.295124
0.850842 0.104529
0.852024 0.975532
0.852347 0.40045
0.852634 0.219882
0.853136 0.660128
0.853494 0.675992
0.853865 0.912716
0.853881 0.175408
0.856793 0.125192
0.860327 0.508332
0.862011 0.825279
0.863118 0.425952
0.863599 0.511985
0.863998 0.218565
0.864067 0.370301
0.866703 0.671003
0.868935 0.187408
0.870111 0.956465
0.870836 0.143937
0.871073 0.129641
0.872543 0.823848
0.874545 0.482174
0.875176 0.0898781
0.875198 0.453632
0.875442 0.557545
0.876872 0.585469
0.877941 0.559196
0.878459 0.25988
0.881332 0.539704
0.882489 0.98845
0.884084 0.794375
0.884418 0.415141
0.884546 0.561421
0.885344 0.97804
0.887492 0.0728407
0.889054 0.326216
0.889136 0.711875
0.890749 0.811101
0.890947 0.147983
0.893143 0.0614296
0.894622 0.91437
0.895067 0.388788
0.895284 0.0345376
0.896422 0.161621
0.89712 0.898866
0.898791 0.983001
0.899263 0.909024
0.899847 0.73161
0.900609 0.535856
0.90306 0.73067
0.904128 0.672864
0.904696 0.230826
0.906459 0.862219
0.906595 0.147354
0.907453 0.570922
0.909104 0.306722
0.909357 0.557794
0.912258 0.314666
0.913465 0.608066
0.914686 0.134715
0.91509 0.919606
0.916113 0.118945
0.918874 0.508841
0.921016 0.516416
0.921143 0.658767
0.921882 0.0710991
0.92328 0.563887
0.924355 0.632039
0.924772 0.63725
0.925445 0.953969
0.926074 0.528881
0.926678 0.673428
0.927518 0.801073
0.928373 0.166038
0.928376 0.217214
0.933551 0.194693
0.934389 0.281633
0.936406 0.178601
0.936472 0.283105
0.937249 0.337583
0.941065 0.482693
0.942517 0.886032
0.942844 0.375722
0.944325 0.277397
0.945279 0.298171
0.945698 0.349456
0.947702 0.0233799
0.947738 0.627247
0.948644 0.851687
0.948669 0.271869
0.950569 0.21176
0.951219 0.138804
0.953725 0.259235
0.953937 0.822111
0.955086 0.127322
0.957022 0.672794
0.961629 0.0987597
0.962066 0.436638
0.962217 0.98247
0.96287 0.958851
0.96571 0.684427
0.966903 0.740672
0.969279 0.666965
0.974505 0.497494
0.974852 0.340481
0.977398 0.132642
0.979495 0.370463
0.983499 0.67349
0.984934 0.792427
0.985487 0.0771302
0.985668 0.130557
0.986997 0.460887
0.987773 0.493185
0.989043 0.841947
0.989615 0.462496
0.990471 0.839239
0.991292 0.64061
0.992919 0.990554
0.993634 0.00915728
0.993882 0.168591
0.995258 0.296819
0.998547 0.573228
