0.000154311 0.59351
0.00217047 0.479044
0.00381769 0.163894
0.00428587 0.0326583
0.00531259 0.288707
0.00540395 0.824131
0.00616426 0.602768
0.00689132 0.82236
0.00729987 0.688927
0.00801717 0.74458
0.0106719 0.362179
0.0107275 0.297344
0.0108051 0.602039
0.0123443 0.470365
0.0124755 0.67575
0.0129164 0.0859287
0.0131226 0.550952
0.0175451 0.880227
0.0182873 0.354286
0.0195457 0.503961
0.0196943 0.0027169
0.0199439 0.197549
0.0206342 0.799836
0.0212948 0.900946
0.0213075 0.115397
0.0218574 0.356609
0.0226787 0.161362
0.0227398 0.188385
0.0229303 0.390082
0.0248375 0.443815
0.0259167 0.581363
0.0268807 0.783286
0.0281164 0.552842
0.029334 0.0169817
0.0301565 0.839782
0.0303735 0.487958
0.0326448 0.661763
0.0331311 0.833815
0.034035 0.0263238
0.0346973 0.156845
0.03651 0.623883
0.0365636 0.524965
0.0384125 0.599744
0.0406143 0.605111
0.0409039 0.472244
0.0414198 0.141936
0.041662 0.212955
0.042293 0.817779
0.0428736 0.576252
0.0428744 0.589666
0.0433326 0.290375
0.0442482 0.679592
0.0447542 0.183967
0.0451127 0.20974
0.0480921 0.283343
0.0485265 0.584892
0.0531053 0.541229
0.0532237 0.530786
0.0537439 0.274538
0.0546505 0.51125
0.0549848 0.130161
0.0557858 0.592627
0.0566285 0.754662
0.0569444 0.0647516
0.0569718 0.525122
0.0570584 0.980976
0.0578617 0.482355
0.060808 0.000466048
0.0622635 0.463333
0.0625934 0.00775191
0.0628071 0.599069
0.0632451 0.959856
0.0640657 0.751718
0.0665963 0.284169
0.067219 0.748972
0.067364 0.186072
0.0674845 0.21138
0.0683398 0.587763
0.0698326 0.676997
0.0700414 0.18566
0.0703365 0.145144
0.0716438 0.116674
0.0717779 0.370301
0.0719488 0.244089
0.0746664 0.917496
0.0760725 0.550423
0.0771133 0.0428284
0.0788734 0.625714
0.0791003 0.438971
0.0792878 0.590235
0.0793368 0.414102
0.0805194 0.2889
0.083428 0.175157
0.0844426 0.226507
0.0844894 0.0136522
0.0853161 0.9075
0.0859677 0.859385
0.0878927 0.212844
0.0879549 0.258079
0.0883194 0.383645
0.0890948 0.415998
0.089573 0.453155
0.0901219 0.678668
0.0906215 0.0754698
0.0914629 0.216929
0.0929726 0.59109
0.0935195 0.782957
0.0937693 0.979793
0.0947195 0.950665
0.0952508 0.880334
0.0953364 0.318617
0.0966237 0.955296
0.0969422 0.307898
0.0992114 0.446312
0.0994904 0.135121
0.10065 0.623548
0.100778 0.779572
0.10078 0.816082
0.10079 0.972961
0.101769 0.424005
0.101904 0.706245
0.10202 0.654283
0.102485 0.470533
0.1032 0.487531
0.103772 0.0921768
0.104103 0.659754
0.105669 0.985845
0.107347 0.17746
0.108506 0.668125
0.110243 0.845886
0.110517 0.467427
0.111093 0.145453
0.112043 0.0991856
0.11359 0.104121
0.113627 0.72559
0.114732 0.304075
0.114936 0.727181
0.115125 0.903896
0.115588 0.689944
0.116056 0.551187
0.116125 0.705131
0.116467 0.468751
0.116673 0.917378
0.117785 0.620381
0.118649 0.134931
0.118705 0.070135
0.118994 0.926898
0.119277 0.694159
0.119334 0.651637
0.119427 0.215322
0.120076 0.116703
0.12008 0.191092
0.122171 0.334284
0.123773 0.247274
0.124958 0.177225
0.125326 0.352293
0.125403 0.649271
0.125501 0.288794
0.126709 0.599216
0.126944 0.541679
0.127605 0.65744
0.127766 0.365223
0.127777 0.549385
0.127845 0.691065
0.130443 0.359881
0.130792 0.213199
0.132448 0.0497083
0.132974 0.901496
0.133483 0.453245
0.133706 0.202412
0.133974 0.694607
0.135262 0.34463
0.136421 0.833651
0.136511 0.337958
0.136677 0.132543
0.137324 0.00164001
0.137444 0.0265722
0.137653 0.538186
0.137946 0.462115
0.138341 0.0938122
0.138643 0.178659
0.13928 0.871632
0.139365 0.315573
0.140055 0.900478
0.142789 0.849617
0.14332 0.786305
0.143526 0.243878
0.143539 0.458351
0.143831 0.372051
0.143884 0.262097
0.144675 0.548423
0.144681 0.652819
0.14523 0.884679
0.146136 0.108642
0.146988 0.419863
0.147346 0.446731
0.14799 0.264871
0.148062 0.477684
0.148125 0.533046
0.148819 0.207328
0.14919 0.434332
0.150877 0.792132
0.151218 0.526489
0.15198 0.330649
0.152723 0.810092
0.152832 0.64237
0.152908 0.924776
0.153286 0.285602
0.154801 0.739162
0.155884 0.936559
0.156287 0.717012
0.157232 0.599744
0.157313 0.955772
0.157438 0.0649159
0.160116 0.0738177
0.160891 0.0968179
0.161712 0.886059
0.162121 0.77522
0.162265 0.192872
0.162443 0.178413
0.163451 0.122025
0.163865 0.0774286
0.165202 0.557148
0.165475 0.136584
0.165596 0.176996
0.165954 0.189472
0.166635 0.639865
0.166822 0.773551
0.167325 0.228706
0.167526 0.604125
0.167631 0.380672
0.168989 0.193826
0.169328 0.894295
0.169515 0.0468116
0.169971 0.70561
0.170554 0.500507
0.170801 0.659956
0.171024 0.403724
0.172748 0.379877
0.172781 0.936825
0.174057 0.378432
0.174069 0.576063
0.174965 0.631806
0.1757 0.993431
0.175717 0.270915
0.176975 0.426515
0.177421 0.910762
0.17856 0.0566599
0.180511 0.854602
0.180759 0.0112572
0.182418 0.89708
0.18272 0.979094
0.183118 0.660599
0.183871 0.322044
0.185245 0.417464
0.185719 0.381812
0.185804 0.808591
0.186774 0.116193
0.188199 0.0629027
0.188969 0.994021
0.189663 0.662332
0.190193 0.581849
0.190511 0.91289
0.191304 0.238489
0.19445 0.121391
0.194532 0.492955
0.194913 0.904215
0.195069 0.524507
0.196933 0.858573
0.196951 0.14912
0.196977 0.592272
0.198084 0.195513
0.198614 0.0996668
0.200043 0.120109
0.200478 0.42964
0.203479 0.864893
0.203492 0.0970776
0.203833 0.814953
0.204002 0.657513
0.204686 0.157557
0.204833 0.636058
0.205752 0.0814451
0.206842 0.39745
0.206925 0.787515
0.207444 0.512438
0.208329 0.38855
0.209699 0.409525
0.210203 0.873971
0.211304 0.379421
0.211641 0.0428791
0.212336 0.732712
0.213198 0.217975
0.213344 0.679564
0.213741 0.338584
0.21489 0.660527
0.215081 0.871898
0.215371 0.737826
0.217421 0.188454
0.21749 0.358144
0.218351 0.833429
0.218725 0.114231
0.218991 0.586461
0.219729 0.9821
0.220946 0.442467
0.224517 0.450974
0.224637 0.470803
0.224787 0.99836
0.225391 0.152613
0.226233 0.295191
0.227281 0.911581
0.227653 0.16107
0.230019 0.929607
0.230297 0.596087
0.23086 0.0710422
0.231381 0.817526
0.231464 0.219409
0.232939 0.00313357
0.233838 0.109419
0.234204 0.271957
0.234696 0.542003
0.234711 0.783909
0.235301 0.702713
0.235514 0.288708
0.236209 0.966434
0.237814 0.946996
0.237894 0.289931
0.238187 0.204906
0.240063 0.738851
0.240354 0.626731
0.240378 0.0271285
0.243749 0.686669
0.24424 0.934973
0.245508 0.253393
0.245584 0.526234
0.247511 0.919702
0.248213 0.710644
0.249164 0.705614
0.249673 0.252048
0.251184 0.648006
0.251572 0.177859
0.251721 0.668233
0.25179 0.833845
0.252994 0.0645481
0.253815 0.868456
0.254378 0.330505
0.254841 0.11674
0.255194 0.0522041
0.255212 0.348072
0.256873 0.259871
0.256876 0.310852
0.257173 0.309726
0.257553 0.695684
0.258686 0.74203
0.258892 0.193615
0.259502 0.457116
0.261226 0.419237
0.261752 0.263551
0.262008 0.562795
0.262008 0.574949
0.263519 0.967901
0.263875 0.946269
0.263909 0.515818
0.266002 0.69408
0.268731 0.559937
0.270408 0.746958
0.270667 0.0969328
0.271004 0.772052
0.27129 0.578335
0.271719 0.784152
0.272492 0.766306
0.272535 0.502673
0.273338 0.998292
0.273828 0.233175
0.273938 0.0724888
0.274089 0.607027
0.274336 0.758619
0.274874 0.80292
0.276336 0.374831
0.278793 0.682009
0.279145 0.59757
0.279352 0.0704355
0.28007 0.133907
0.280639 0.696001
0.281049 0.583143
0.282452 0.17704
0.282762 0.376136
0.283194 0.649033
0.28388 0.164455
0.284168 0.0132352
0.285699 0.746603
0.286383 0.239149
0.28666 0.89778
0.288833 0.413021
0.288893 0.421988
0.289624 0.708371
0.290103 0.758206
0.290768 0.93729
0.290813 0.692339
0.29218 0.676468
0.29272 0.745962
0.293296 0.430257
0.293309 0.643682
0.293768 0.356804
0.294044 0.992949
0.294378 0.617369
0.294972 0.588939
0.294997 0.0107643
0.295127 0.194932
0.295903 0.237036
0.29666 0.960216
0.29692 0.333043
0.297268 0.17913
0.298842 0.64381
0.299153 0.859678
0.299161 0.995982
0.299851 0.596633
0.299941 0.105698
0.300039 0.750167
0.300704 0.925651
0.301044 0.653935
0.301383 0.347204
0.301843 0.0727303
0.303799 0.94255
0.30414 0.673988
0.304256 0.639189
0.304585 0.162336
0.304713 0.317006
0.304725 0.518183
0.305184 0.22117
0.305929 0.749332
0.30923 0.235911
0.309319 0.719321
0.309604 0.515484
0.309888 0.292747
0.310078 0.480576
0.310757 0.88711
0.310931 0.819032
0.311344 0.753094
0.314591 0.329411
0.315139 0.537518
0.315899 0.308392
0.31618 0.0334368
0.317975 0.202408
0.318087 0.0933601
0.318409 0.501201
0.31939 0.98816
0.319646 0.282873
0.321614 0.370578
0.322207 0.338774
0.322581 0.6169
0.322789 0.107257
0.324593 0.442069
0.325937 0.023805
0.326205 0.52864
0.327313 0.153215
0.32743 0.118956
0.327544 0.02924
0.328253 0.956071
0.328569 0.255102
0.332187 0.0725812
0.332318 0.263558
0.332346 0.738094
0.33356 0.140742
0.333663 0.875668
0.334294 0.481361
0.334438 0.895459
0.334682 0.997612
0.335779 0.438416
0.337094 0.541108
0.337278 0.629292
0.337585 0.790508
0.339603 0.701689
0.340286 0.178746
0.340933 0.0541281
0.341773 0.18553
0.342207 0.464547
0.344215 0.223896
0.34433 0.155733
0.345395 0.0519395
0.345475 0.400767
0.346443 0.675358
0.348029 0.321727
0.348592 0.789583
0.349525 0.462694
0.349918 0.0698789
0.351997 0.00812955
0.352614 0.390974
0.354089 0.177446
0.354229 0.521874
0.354555 0.00418306
0.355891 0.457496
0.357126 0.218295
0.35856 0.323457
0.359192 0.932218
0.360271 0.0784772
0.362796 0.510351
0.363185 0.0573674
0.363615 0.275933
0.365724 0.71641
0.366521 0.121767
0.368024 0.378462
0.368167 0.784836
0.36886 0.423375
0.36904 0.4484
0.36904 0.451147
0.369537 0.808512
0.36982 0.556528
0.369941 0.598991
0.370551 0.843192
0.370688 0.160212
0.371487 0.583116
0.371529 0.280508
0.374127 0.950936
0.377202 0.638353
0.378244 0.138608
0.378818 0.797341
0.380757 0.381365
0.381112 0.350967
0.381129 0.643314
0.381534 0.445743
0.381992 0.147493
0.382011 0.46688
0.382149 0.785762
0.382522 0.0546686
0.382761 0.0612296
0.382886 0.168386
0.385336 0.339541
0.385372 0.948292
0.38618 0.522808
0.38626 0.873828
0.386743 0.996707
0.386835 0.54236
0.387911 0.627878
0.38792 0.770138
0.388992 0.792365
0.389029 0.416768
0.391229 0.381148
0.393224 0.919121
0.393549 0.379743
0.393877 0.886024
0.393977 0.567144
0.394692 0.590372
0.39536 0.810905
0.397585 0.206863
0.398596 0.207271
0.399785 0.191161
0.400633 0.437117
0.401693 0.256406
0.40179 0.890255
0.402517 0.0964246
0.403281 0.943018
0.405487 0.0266648
0.405547 0.0228755
0.406381 0.0379462
0.40814 0.604146
0.408198 0.583678
0.409154 0.644061
0.409161 0.77711
0.41015 0.394448
0.411353 0.607111
0.412214 0.0833741
0.412709 0.402194
0.412857 0.879725
0.414216 0.729436
0.416268 0.221881
0.417233 0.434409
0.418228 0.152692
0.418466 0.150636
0.418804 0.830444
0.419469 0.017135
0.420142 0.323296
0.420174 0.856436
0.420229 0.795084
0.421953 0.768052
0.423658 0.417017
0.424873 0.846791
0.42589 0.93919
0.426431 0.0301366
0.427208 0.0931295
0.427317 0.913152
0.427415 0.556321
0.427453 0.199641
0.427947 0.505736
0.428195 0.668887
0.428246 0.531478
0.429855 0.578698
0.430123 0.0710805
0.430404 0.804445
0.431389 0.349609
0.431996 0.555891
0.432159 0.301147
0.432881 0.436989
0.433572 0.0407472
0.434869 0.850021
0.43534 0.767027
0.436023 0.233527
0.436455 0.492156
0.437096 0.273535
0.437146 0.10594
0.437519 0.38801
0.437677 0.0319923
0.438125 0.572707
0.438646 0.324607
0.43903 0.781729
0.439603 0.404258
0.43987 0.900617
0.440648 0.964463
0.440659 0.162165
0.44102 0.222021
0.441365 0.0170716
0.44194 0.681033
0.442328 0.207881
0.44326 0.869494
0.443658 0.563482
0.443752 0.132066
0.445001 0.132751
0.445355 0.0880935
0.447333 0.318873
0.447925 0.268638
0.448016 0.805987
0.44913 0.524103
0.450352 0.0699663
0.451229 0.805188
0.452983 0.284945
0.453243 0.663572
0.454171 0.256251
0.455075 0.449723
0.455348 0.0285712
0.455472 0.123581
0.456205 0.44317
0.456808 0.566015
0.457251 0.0136198
0.457392 0.384172
0.457894 0.824364
0.458114 0.528842
0.461075 0.293258
0.46231 0.0425512
0.462477 0.855693
0.46333 0.18572
0.464219 0.122917
0.464719 0.524822
0.465767 0.139232
0.465788 0.492006
0.466114 0.971075
0.46655 0.301941
0.466719 0.151733
0.466767 0.957951
0.467937 0.615309
0.46808 0.021644
0.468316 0.985019
0.468333 0.265704
0.468369 0.872592
0.468552 0.946281
0.469731 0.762179
0.46975 0.0940166
0.470935 0.998947
0.471854 0.452778
0.471855 0.459665
0.471957 0.176074
0.472812 0.558507
0.472943 0.753647
0.473086 0.156311
0.47354 0.789072
0.473936 0.442378
0.474069 0.682065
0.475348 0.16721
0.477312 0.183015
0.477735 0.299806
0.478515 0.394879
0.479959 0.66665
0.480927 0.933109
0.482763 0.790033
0.483271 0.336632
0.48383 0.73834
0.484506 0.0869584
0.484577 0.27857
0.486391 0.765769
0.486779 0.298698
0.487575 0.675238
0.487846 0.232948
0.488815 0.511898
0.48929 0.504413
0.490584 0.249777
0.490703 0.241666
0.491127 0.375542
0.494465 0.477782
0.49545 0.033864
0.496396 0.926269
0.497131 0.285147
0.497472 0.0105278
0.497684 0.573976
0.49895 0.857419
0.499754 0.360371
0.501531 0.237833
0.502496 0.447872
0.50277 0.057165
0.503413 0.854502
0.504084 0.142944
0.504491 0.980287
0.504716 0.764838
0.504805 0.262672
0.505463 0.317794
0.505482 0.640037
0.50699 0.984239
0.50771 0.0749152
0.507816 0.861174
0.510012 0.765299
0.510651 0.50815
0.510696 0.261837
0.511121 0.411593
0.511218 0.0326296
0.511902 0.534708
0.512525 0.00306387
0.513369 0.198016
0.514765 0.653253
0.51564 0.367281
0.5157 0.377681
0.516064 0.486718
0.516212 0.975042
0.516645 0.254786
0.517552 0.502839
0.518021 0.370336
0.518362 0.115274
0.518375 0.335054
0.518556 0.376569
0.520876 0.370006
0.521 0.443798
0.521918 0.878079
0.521978 0.890499
0.523299 0.0911219
0.525691 0.287214
0.525964 0.879218
0.526017 0.774586
0.526287 0.311775
0.526631 0.093255
0.528435 0.414417
0.528881 0.895683
0.529684 0.403597
0.53028 0.414337
0.531408 0.369013
0.533287 0.957359
0.536453 0.167544
0.537129 0.51945
0.537558 0.731269
0.537939 0.141747
0.538146 0.618776
0.538528 0.0352401
0.538633 0.801237
0.539415 0.947346
0.539451 0.555149
0.540559 0.170083
0.540561 0.202601
0.540648 0.665005
0.540691 0.385892
0.542866 0.952004
0.54287 0.0122203
0.54329 0.0788447
0.544526 0.840144
0.544917 0.426535
0.545903 0.99369
0.547566 0.940215
0.547858 0.845901
0.548401 0.975118
0.550845 0.0577102
0.552367 0.636069
0.552749 0.0454744
0.555283 0.645514
0.557379 0.875766
0.557431 0.749541
0.55806 0.310859
0.558072 0.519705
0.558167 0.114852
0.55922 0.808011
0.561365 0.867867
0.562784 0.717068
0.563729 0.59375
0.564878 0.910341
0.565339 0.646934
0.566002 0.789117
0.567514 0.20522
0.567777 0.623659
0.569159 0.852613
0.569703 0.99238
0.573155 0.021785
0.574161 0.921115
0.5742 0.584565
0.576952 0.835042
0.577949 0.5838
0.579768 0.154045
0.580397 0.726593
0.580446 0.56043
0.580582 0.836104
0.581085 0.301042
0.582448 0.203151
0.582659 0.744465
0.583133 0.720952
0.583363 0.584651
0.586089 0.401265
0.587284 0.489426
0.587629 0.286731
0.592081 0.103511
0.592243 0.820669
0.593287 0.381696
0.594379 0.735001
0.594501 0.771438
0.59528 0.867208
0.595497 0.51162
0.595967 0.411721
0.59627 0.506468
0.596726 0.171802
0.597278 0.453125
0.598166 0.380586
0.598731 0.869973
0.599968 0.660496
0.600383 0.64452
0.600806 0.745667
0.600899 0.30943
0.601351 0.904092
0.601697 0.721159
0.602057 0.77192
0.603648 0.516941
0.604096 0.0365005
0.604615 0.761141
0.606047 0.833331
0.606401 0.777357
0.606441 0.457461
0.608481 0.732685
0.608584 0.462915
0.608819 0.425735
0.608881 0.462196
0.608993 0.346559
0.609686 0.998239
0.609861 0.931992
0.610775 0.299225
0.612818 0.626377
0.612987 0.466269
0.61323 0.557668
0.613992 0.371579
0.614785 0.692748
0.614949 0.455127
0.615317 0.639266
0.616131 0.308075
0.6182 0.0882642
0.618763 0.543637
0.620112 0.230396
0.62125 0.352626
0.621751 0.776304
0.622694 0.61585
0.624107 0.36406
0.624905 0.780374
0.625042 0.0814756
0.626034 0.755203
0.626865 0.71574
0.627182 0.0458102
0.628059 0.789305
0.628087 0.254214
0.628198 0.125742
0.628938 0.553414
0.629522 0.376963
0.629941 0.410568
0.630038 0.0534245
0.632609 0.257519
0.632983 0.544778
0.633346 0.649854
0.633404 0.62304
0.633725 0.00766795
0.634104 0.392764
0.634117 0.5987
0.63417 0.490374
0.635781 0.574964
0.635888 0.363219
0.636005 0.341585
0.636506 0.75735
0.637212 0.626994
0.638208 0.357603
0.638377 0.198794
0.638385 0.33585
0.639035 0.267323
0.640053 0.366524
0.642011 0.285587
0.644744 0.206088
0.645849 0.789998
0.64632 0.693089
0.648254 0.202567
0.650422 0.648528
0.650755 0.236736
0.651881 0.162767
0.652126 0.281582
0.652576 0.85026
0.652619 0.573824
0.653432 0.236708
0.654229 0.627039
0.654259 0.13335
0.654898 0.876834
0.655553 0.872319
0.656204 0.820972
0.656744 0.890927
0.657837 0.264918
0.658046 0.781188
0.659772 0.789642
0.660691 0.22829
0.661448 0.963248
0.661923 0.940361
0.662522 0.000681589
0.662991 0.88261
0.663676 0.397352
0.664635 0.528328
0.664928 0.451819
0.665885 0.527761
0.666107 0.263623
0.666293 0.393365
0.667606 0.459296
0.66847 0.974957
0.668525 0.893116
0.66854 0.143779
0.668841 0.214538
0.669069 0.0406621
0.6694 0.604506
0.670615 0.0255307
0.670711 0.636143
0.67081 0.299058
0.671299 0.526584
0.671424 0.617891
0.677449 0.878063
0.67758 0.0802156
0.677793 0.66625
0.677795 0.702408
0.67882 0.922393
0.680297 0.753881
0.680326 0.230578
0.681731 0.854176
0.682386 0.866198
0.683094 0.754289
0.683115 0.10707
0.683163 0.920308
0.683225 0.960816
0.684194 0.255145
0.684515 0.651865
0.685208 0.298747
0.685704 0.624908
0.685865 0.337809
0.686012 0.800259
0.686041 0.292107
0.686921 0.0801804
0.687043 0.136582
0.687227 0.232115
0.688655 0.21773
0.689161 0.722637
0.689707 0.900722
0.689884 0.88847
0.69001 0.990891
0.690267 0.310311
0.690334 0.445604
0.690536 0.844941
0.691171 0.515796
0.693188 0.404437
0.693403 0.0204308
0.694163 0.79503
0.694994 0.758337
0.695773 0.850554
0.695931 0.519087
0.69607 0.847463
0.696683 0.149251
0.698582 0.0713047
0.69871 0.215174
0.70131 0.922128
0.701548 0.924604
0.702484 0.642779
0.70272 0.621188
0.703286 0.132716
0.703532 0.254716
0.704217 0.770678
0.707609 0.781301
0.70928 0.874523
0.71021 0.498672
0.711527 0.627567
0.714183 0.281613
0.715187 0.145498
0.715834 0.0187903
0.716792 0.12736
0.717869 0.22652
0.720577 0.744519
0.721135 0.123718
0.721627 0.385993
0.72327 0.991671
0.723695 0.146428
0.723943 0.309634
0.724312 0.513981
0.724354 0.211271
0.725993 0.760842
0.72603 0.390341
0.726504 0.344968
0.72726 0.0519867
0.727365 0.815776
0.727382 0.105775
0.72865 0.418794
0.731692 0.548848
0.7319 0.0387197
0.73197 0.226097
0.734087 0.803441
0.737741 0.22107
0.737775 0.779207
0.738999 0.35654
0.739016 0.648018
0.739021 0.73014
0.739201 0.754953
0.739832 0.357962
0.740482 0.276185
0.741613 0.283243
0.741626 0.510419
0.741964 0.182815
0.74231 0.00796575
0.742965 0.0096339
0.742975 0.173213
0.743428 0.796715
0.743783 0.762834
0.744219 0.0822427
0.744466 0.235525
0.745953 0.22502
0.749152 0.989625
0.749631 0.044689
0.751339 0.757251
0.752192 0.0997768
0.753448 0.207409
0.753457 0.351398
0.754659 0.551007
0.755704 0.111705
0.757169 0.732703
0.757335 0.532313
0.757826 0.782629
0.758166 0.489774
0.76135 0.0103137
0.761954 0.161389
0.76197 0.436313
0.762017 0.21877
0.762152 0.488026
0.762433 0.21574
0.763709 0.657793
0.765495 0.676395
0.767293 0.899415
0.767838 0.049912
0.768185 0.891303
0.769124 0.671228
0.770289 0.255198
0.770291 0.279061
0.770721 0.509225
0.771514 0.830426
0.772212 0.571842
0.772214 0.606427
0.772576 0.689989
0.776613 0.534961
0.777844 0.218004
0.778338 0.529553
0.778774 0.858753
0.779531 0.580618
0.779775 0.67377
0.780365 0.591102
0.781153 0.834994
0.781709 0.187403
0.78247 0.966487
0.783361 0.942964
0.78531 0.697611
0.785876 0.217278
0.78713 0.297283
0.787526 0.956725
0.788428 0.10827
0.788625 0.419912
0.789534 0.691334
0.789816 0.434443
0.790539 0.584733
0.790541 0.623183
0.790676 0.891829
0.790768 0.444557
0.79342 0.0145247
0.793487 0.137898
0.795783 0.731478
0.796321 0.771764
0.797979 0.636981
0.798069 0.144386
0.798443 0.435285
0.799145 0.223534
0.799771 0.759408
0.800511 0.185773
0.80067 0.868582
0.800788 0.841688
0.803834 0.0457008
0.804007 0.94213
0.804842 0.975898
0.805198 0.968557
0.805806 0.175591
0.805942 0.459114
0.806351 0.334188
0.807151 0.791645
0.808878 0.804912
0.809364 0.977575
0.80974 0.303809
0.809758 0.607433
0.809941 0.683086
0.809953 0.87682
0.812044 0.020075
0.814546 0.0711883
0.814576 0.572859
0.814744 0.404314
0.816076 0.797231
0.817026 0.750768
0.817248 0.487907
0.817898 0.418073
0.81859 0.0395504
0.81902 0.270865
0.819541 0.0198538
0.820099 0.409752
0.820679 0.151828
0.825329 0.304394
0.825707 0.659375
0.826524 0.384643
0.826578 0.288737
0.827722 0.524951
0.829019 0.329873
0.832178 0.409828
0.832881 0.227583
0.833279 0.921242
0.83408 0.38374
0.836031 0.169128
0.837308 0.628704
0.83749 0.688947
0.83799 0.0906566
0.838017 0.550996
0.840329 0.403996
0.841959 0.802292
0.842051 0.356937
0.842064 0.568382
0.842203 0.914188
0.842243 0.578936
0.842328 0.00191088
0.843371 0.535083
0.843416 0.287049
0.84343 0.521511
0.84441 0.999118
0.845121 0.949443
0.846532 0.662802
0.847705 0.373568
0.847965 0.746403
0.848279 0.0306581
0.848393 0.933984
0.849092 0.689324
0.849149 0.653587
0.849508 0.674617
0.849542 0.248485
0.849822 0.956586
0.851392 0.350985
0.852194 0.824252
0.853095 0.963675
0.853149 0.880871
0.85357 0.95612
0.85379 0.641901
0.853859 0.801691
0.854047 0.960406
0.85613 0.972937
0.859415 0.182376
0.859873 0.877661
0.86018 0.0444736
0.860651 0.95889
0.861457 0.499941
0.863714 0.44916
0.863887 0.354089
0.864165 0.0234653
0.865141 0.419286
0.86608 0.208298
0.866289 0.727503
0.866558 0.246902
0.867427 0.846391
0.867593 0.643074
0.867801 0.135717
0.867922 0.157221
0.868741 0.922263
0.870118 0.0706749
0.871702 0.689393
0.871776 0.941151
0.871947 0.809194
0.872103 0.427639
0.874102 0.0385061
0.875281 0.844409
0.877271 0.288645
0.877734 0.0669527
0.879555 0.675789
0.879711 0.297505
0.88014 0.511547
0.880416 0.153758
0.880607 0.357717
0.881876 0.68646
0.88206 0.783401
0.882398 0.467161
0.882468 0.640858
0.882904 0.966496
0.883104 0.328728
0.884222 0.117868
0.885823 0.0346772
0.886472 0.937436
0.886951 0.981981
0.887533 0.762336
0.887561 0.244237
0.887769 0.734406
0.88802 0.960051
0.888852 0.943151
0.89077 0.165651
0.892704 0.67959
0.893711 0.599598
0.894051 0.316135
0.896483 0.184785
0.896572 0.690861
0.896633 0.715966
0.897091 0.409647
0.897366 0.0277451
0.898182 0.742416
0.901361 0.182329
0.902138 0.232385
0.903201 0.0960025
0.903647 0.588107
0.905939 0.109434
0.906887 0.0430926
0.907206 0.403631
0.907287 0.779303
0.907311 0.1689
0.908277 0.412029
0.908663 0.902687
0.91088 0.15662
0.91164 0.931078
0.912147 0.445901
0.912402 0.74131
0.91282 0.764506
0.914125 0.691966
0.914566 0.111192
0.914788 0.846788
0.915886 0.292124
0.916507 0.725292
0.916889 0.156064
0.918087 0.296153
0.918601 0.924686
0.919098 0.278505
0.920936 0.165209
0.92239 0.614974
0.922392 0.636356
0.923176 0.819476
0.923212 0.425237
0.924551 0.922926
0.924729 0.914195
0.925491 0.722878
0.925674 0.809371
0.926588 0.168973
0.927216 0.723482
0.928122 0.952086
0.928219 0.573373
0.928576 0.582138
0.928639 0.6325
0.928834 0.92139
0.930336 0.153292
0.932756 0.836638
0.934504 0.203766
0.934553 0.0275223
0.934965 0.963462
0.935049 0.371997
0.935436 0.872525
0.936867 0.930815
0.937167 0.96328
0.938055 0.884558
0.939367 0.939901
0.939453 0.384649
0.939844 0.952467
0.940232 0.476231
0.940601 0.685242
0.940815 0.277898
0.940873 0.249526
0.941161 0.092225
0.941163 0.11885
0.941469 0.262865
0.942164 0.952228
0.943876 0.728676
0.944034 0.386746
0.94433 0.348304
0.944566 0.322347
0.945938 0.385827
0.946434 0.714689
0.947805 0.751599
0.948589 0.935493
0.948716 0.0710435
0.948733 0.35201
0.9488 0.482991
0.949819 0.606093
0.950032 0.191407
0.951742 0.931291
0.951867 0.0271067
0.953351 0.971655
0.953441 0.484438
0.953505 0.566543
0.953507 0.58747
0.954221 0.599985
0.956563 0.950327
0.956615 0.832704
0.959345 0.713416
0.961268 0.0269294
0.962533 0.289985
0.962646 0.194329
0.964159 0.620191
0.964871 0.593972
0.965297 0.749183
0.965733 0.0766608
0.96611 0.403365
0.9665 0.956986
0.966765 0.415966
0.966846 0.775399
0.966951 0.550216
0.967309 0.565806
0.968154 0.761001
0.96819 0.365118
0.968696 0.881616
0.971498 0.961548
0.971732 0.903643
0.97305 0.0432441
0.974883 0.852099
0.976059 0.630344
0.978029 0.737161
0.980626 0.381223
0.982553 0.775074
0.983676 0.641805
0.983923 0.799555
0.985063 0.954868
0.985609 0.123835
0.985823 0.728833
0.986214 0.292872
0.986337 0.368307
0.986851 0.00256933
0.987324 0.961807
0.988098 0.957297
0.988108 0.138564
0.988346 0.130497
0.9887 0.073357
0.989584 0.932275
0.989592 0.0725781
0.990091 0.458674
0.990501 0.351999
0.991771 0.698538
0.992267 0.0234238
0.992772 0.511896
0.994012 0.359794
0.99459 0.0731246
0.994988 0.767511
0.996334 0.388332
0.998255 0.673585
0.998482 0.488971
0.999218 0.864958
