4.7721e-06 0.0802125
0.0039534 0.44474
0.00410471 0.987856
0.0088704 0.0848133
0.00993492 0.976246
0.0101557 0.687533
0.0108281 0.987574
0.0108389 0.169983
0.0121988 0.0255954
0.012686 0.21341
0.0144611 0.0475765
0.0154446 0.577408
0.0156313 0.715853
0.0164486 0.452274
0.0164683 0.782022
0.018381 0.929061
0.0191481 0.821908
0.0206296 0.721314
0.0212721 0.519927
0.023113 0.460351
0.0231841 0.65561
0.0232548 0.843919
0.0247266 0.580302
0.0281487 0.0957023
0.0302575 0.537909
0.0313623 0.106674
0.0346652 0.618861
0.0352853 0.0400079
0.0369455 0.943135
0.039407 0.312869
0.0406368 0.983531
0.0422273 0.714378
0.0436345 0.364461
0.0445972 0.544524
0.0446115 0.786077
0.0446909 0.119699
0.0464352 0.436675
0.0484749 0.718074
0.0493654 0.68444
0.0495905 0.467253
0.0508667 0.917461
0.0515789 0.885944
0.0517029 0.971139
0.052303 0.0558386
0.0530367 0.387997
0.0536748 0.113003
0.053955 0.821934
0.0540158 0.843494
0.0565796 0.934004
0.0579021 0.160815
0.0591935 0.865552
0.0598489 0.88036
0.059918 0.0417387
0.0607598 0.190077
0.0632659 0.310641
0.0636976 0.565365
0.0639887 0.457339
0.064102 0.362206
0.0657509 0.0757009
0.0660923 0.813752
0.0681512 0.417739
0.0685745 0.532057
0.0697099 0.614428
0.0717886 0.550299
0.0725836 0.912682
0.0728751 0.811371
0.0750936 0.0978065
0.0754749 0.506781
0.0757892 0.788954
0.0785184 0.658788
0.0792809 0.473834
0.0797721 0.72901
0.0798083 0.338692
0.0803602 0.613479
0.0806891 0.142175
0.085552 0.873004
0.0858055 0.132952
0.0911979 0.762637
0.0912943 0.38275
0.0916556 0.455104
0.0917746 0.455251
0.0929338 0.938402
0.096736 0.842084
0.103793 0.456956
0.103956 0.188594
0.104166 0.715868
0.105079 0.0649041
0.10526 0.103547
0.105408 0.590203
0.106012 0.742233
0.107469 0.234026
0.108625 0.65369
0.110584 0.578498
0.110694 0.42945
0.111596 0.595177
0.112004 0.456633
0.11268 0.817234
0.112701 0.160272
0.114849 0.273612
0.115452 0.39951
0.115761 0.59438
0.117345 0.214898
0.118346 0.048456
0.119622 0.485836
0.119943 0.88121
0.121262 0.0563429
0.122306 0.602139
0.123329 0.791171
0.123536 0.269726
0.123663 0.395814
0.123867 0.830588
0.124684 0.565381
0.126935 0.39704
0.128856 0.67582
0.129014 0.332184
0.129063 0.16793
0.129105 0.86713
0.129764 0.945787
0.130791 0.198947
0.133757 0.0503132
0.134844 0.315486
0.134935 0.856373
0.135061 0.962151
0.136093 0.307585
0.136161 0.460206
0.13733 0.0977243
0.138499 0.75394
0.140311 0.210248
0.141758 0.533156
0.143839 0.507698
0.143953 0.413873
0.1482 0.803258
0.14938 0.633767
0.150147 0.513537
0.151846 0.0785406
0.152436 0.987452
0.153308 0.641569
0.154495 0.603178
0.155109 0.914325
0.156068 0.0300877
0.157883 0.546448
0.15901 0.47827
0.161235 0.870917
0.161663 0.0677023
0.16465 0.276029
0.168446 0.080387
0.169522 0.150965
0.170701 0.968224
0.171668 0.219758
0.172004 0.865364
0.172453 0.40993
0.173292 0.517297
0.175006 0.319016
0.176451 0.60982
0.177947 0.761588
0.17844 0.0427394
0.179605 0.62599
0.180604 0.413764
0.181891 0.0398688
0.182295 0.836319
0.183692 0.311976
0.183976 0.0840494
0.184185 0.59985
0.185208 0.792278
0.18747 0.810189
0.187639 0.640361
0.187741 0.363681
0.19049 0.565047
0.191498 0.514466
0.191933 0.825274
0.193096 0.361323
0.19401 0.728572
0.19424 0.591542
0.195876 0.0919012
0.198116 0.738357
0.200857 0.803835
0.201323 0.628459
0.201325 0.665877
0.201766 0.076423
0.203467 0.668036
0.203981 0.305499
0.204699 0.368384
0.205422 0.529591
0.206047 0.0316706
0.20788 0.843155
0.21119 0.471923
0.211756 0.983834
0.212118 0.0640545
0.212684 0.580888
0.2145 0.100167
0.215061 0.525526
0.215814 0.192873
0.218696 0.627674
0.219038 0.378866
0.219218 0.402223
0.220372 0.785487
0.220436 0.864133
0.220557 0.908991
0.222478 0.191395
0.227614 0.506277
0.22838 0.375551
0.22896 0.129907
0.232486 0.385447
0.233299 0.050076
0.233345 0.824394
0.235661 0.749585
0.237463 0.0373831
0.237713 0.25002
0.239072 0.0748827
0.239717 0.917112
0.242053 0.186765
0.245657 0.76046
0.246132 0.736697
0.246472 0.455824
0.247451 0.904465
0.250269 0.27848
0.250365 0.883387
0.250949 0.704643
0.251379 0.929861
0.251691 0.171986
0.251904 0.75309
0.252774 0.364366
0.253213 0.752646
0.253927 0.74291
0.256254 0.867509
0.256804 0.110796
0.259752 0.651878
0.260861 0.291198
0.26249 0.663384
0.263711 0.194619
0.264098 0.689731
0.265977 0.277991
0.266855 0.031941
0.267468 0.33329
0.267615 0.803417
0.267962 0.635111
0.270017 0.174194
0.270369 0.100391
0.272172 0.392666
0.27286 0.950171
0.274442 0.545473
0.276743 0.222051
0.277891 0.5209
0.278526 0.180634
0.280698 0.695006
0.281023 0.159447
0.282076 0.846235
0.282108 0.382232
0.28247 0.479467
0.288192 0.646323
0.289438 0.59094
0.290357 0.0322098
0.291178 0.820551
0.292311 0.874277
0.293791 0.739654
0.2941 0.941497
0.294931 0.913124
0.298301 0.551259
0.298373 0.750814
0.300235 0.0421962
0.302558 0.091263
0.302958 0.818215
0.30306 0.524231
0.304934 0.0231442
0.305772 0.109083
0.307143 0.153287
0.307348 0.604199
0.309627 0.900659
0.309906 0.590352
0.310749 0.759673
0.311094 0.552822
0.311536 0.989908
0.311798 0.391106
0.312436 0.103879
0.313516 0.256156
0.313815 0.292558
0.315269 0.732775
0.316046 0.777016
0.317482 0.915347
0.318204 0.0474245
0.319944 0.30244
0.321428 0.236603
0.323518 0.365378
0.324892 0.463765
0.325136 0.55298
0.326081 0.436526
0.329512 0.108853
0.329561 0.928298
0.330453 0.924169
0.331232 0.0087235
0.332237 0.901582
0.333195 0.00365539
0.334088 0.0198909
0.334109 0.373932
0.335843 0.515591
0.336177 0.128021
0.336739 0.565581
0.33866 0.856195
0.339288 0.41284
0.340149 0.876158
0.340353 0.318109
0.344796 0.98762
0.346207 0.702763
0.346317 0.546491
0.348862 0.316026
0.349594 0.630717
0.350539 0.51467
0.35069 0.0388771
0.350908 0.718539
0.353851 0.178688
0.354446 0.16753
0.354743 0.160753
0.355001 0.50496
0.355166 0.269312
0.356036 0.901538
0.356652 0.248038
0.357853 0.434115
0.359052 0.579236
0.359153 0.281518
0.359518 0.424561
0.359706 0.584919
0.359755 0.400216
0.361996 0.0716691
0.363361 0.00444937
0.364278 0.416785
0.364665 0.924685
0.365667 0.761663
0.368074 0.217606
0.368924 0.507969
0.371843 0.571102
0.372021 0.56256
0.372485 0.355174
0.372733 0.52666
0.372774 0.209785
0.372959 0.330479
0.375218 0.289145
0.375792 0.941468
0.377924 0.768842
0.379415 0.828446
0.379584 0.672916
0.380515 0.323314
0.38221 0.810821
0.382406 0.101301
0.385143 0.0919579
0.386284 0.268856
0.386972 0.838507
0.387589 0.208462
0.389161 0.628383
0.389338 0.6094
0.392583 0.137546
0.393233 0.067587
0.393375 0.453487
0.395834 0.783588
0.39885 0.468142
0.400128 0.954429
0.402277 0.0755805
0.402689 0.00192507
0.404548 0.234382
0.40536 0.89394
0.40625 0.847549
0.406931 0.283346
0.407455 0.0934427
0.407525 0.279607
0.408198 0.587709
0.408496 0.599951
0.41069 0.467926
0.412385 0.947199
0.412817 0.208426
0.412971 0.802805
0.413784 0.46464
0.414784 0.279219
0.418324 0.768008
0.419592 0.076691
0.420772 0.907278
0.421532 0.685525
0.42192 0.210056
0.422799 0.978524
0.423078 0.67822
0.424674 0.495876
0.426682 0.241193
0.4278 0.0306854
0.428366 0.544913
0.428885 0.275369
0.431406 0.640061
0.432928 0.226513
0.434866 0.787566
0.43605 0.690125
0.436091 0.37854
0.439439 0.655645
0.440304 0.196679
0.440499 0.463727
0.440893 0.0943284
0.442108 0.504521
0.443624 0.990709
0.444355 0.272959
0.445627 0.651782
0.447008 0.86542
0.447627 0.274491
0.447969 0.0196721
0.448176 0.488311
0.449101 0.0374207
0.449436 0.67146
0.449462 0.11577
0.449843 0.510838
0.451071 0.142164
0.453154 0.160291
0.453705 0.425037
0.454053 0.273433
0.45453 0.28164
0.454726 0.58256
0.455579 0.916758
0.456313 0.251101
0.460111 0.0834302
0.460166 0.0168265
0.462395 0.46893
0.46271 0.767296
0.463291 0.524501
0.463801 0.103235
0.464711 0.397698
0.46501 0.415817
0.465365 0.394334
0.466827 0.955093
0.467349 0.727341
0.468586 0.518232
0.471121 0.126395
0.471483 0.21099
0.474199 0.854337
0.474284 0.297864
0.474576 0.196991
0.474974 0.884381
0.477074 0.189101
0.478705 0.6002
0.479793 0.887616
0.48048 0.420553
0.480721 0.47246
0.48175 0.770967
0.483874 0.462404
0.484696 0.27964
0.487178 0.998461
0.488362 0.905332
0.490276 0.062459
0.490686 0.957271
0.490702 0.233933
0.491982 0.738886
0.492447 0.555277
0.493041 0.548165
0.493131 0.0443089
0.496004 0.335206
0.49625 0.465988
0.496933 0.95588
0.498397 0.563832
0.49903 0.193333
0.501496 0.640744
0.502402 0.878192
0.504151 0.272688
0.504807 0.289462
0.507009 0.299736
0.507119 0.149388
0.507664 0.313362
0.508038 0.595393
0.508937 0.699793
0.509422 0.85433
0.509632 0.392819
0.509999 0.550012
0.512048 0.992892
0.516106 0.18591
0.518077 0.326569
0.518993 0.712343
0.519549 0.0588901
0.519942 0.672556
0.520206 0.106773
0.521596 0.472242
0.522611 0.527254
0.526058 0.450237
0.527146 0.746441
0.528057 0.0560794
0.528968 0.364669
0.529633 0.550077
0.530048 0.511757
0.532297 0.316658
0.533385 0.602289
0.533884 0.990936
0.534158 0.585751
0.534614 0.251766
0.536265 0.0084302
0.537232 0.253547
0.537587 0.225567
0.538482 0.25888
0.538735 0.513177
0.539443 0.42592
0.540402 0.537214
0.541368 0.764596
0.541764 0.435425
0.542174 0.323107
0.542314 0.67569
0.542527 0.251097
0.542906 0.623514
0.546881 0.426937
0.548793 0.564999
0.5491 0.727484
0.551716 0.696629
0.551904 0.85633
0.552326 0.936791
0.554092 0.627712
0.554324 0.522426
0.555228 0.719232
0.555588 0.771253
0.555716 0.926722
0.559301 0.177172
0.559641 0.891408
0.560173 0.833559
0.561034 0.292862
0.561052 0.599601
0.561079 0.0500323
0.562897 0.603505
0.563513 0.971034
0.563752 0.987385
0.564444 0.610749
0.565867 0.519282
0.566284 0.538666
0.566644 0.583449
0.567836 0.62671
0.568916 0.775278
0.56968 0.604716
0.570397 0.659845
0.57064 0.744051
0.573149 0.921975
0.573558 0.792009
0.574686 0.752594
0.575002 0.0572757
0.57518 0.0518325
0.576168 0.659435
0.578899 0.559095
0.580796 0.431475
0.58188 0.656092
0.582048 0.480847
0.582746 0.206134
0.583859 0.911915
0.586861 0.366319
0.587857 0.107784
0.587998 0.475706
0.588183 0.586125
0.589805 0.850151
0.590763 0.949845
0.591321 0.324231
0.593224 0.307276
0.594019 0.669362
0.594144 0.778623
0.595453 0.770948
0.595811 0.79258
0.595918 0.594703
0.598353 0.522615
0.598461 0.337839
0.598874 0.277004
0.599263 0.812468
0.601093 0.565004
0.601859 0.442481
0.60201 0.978186
0.60407 0.597433
0.604711 0.370619
0.604743 0.910638
0.604917 0.836753
0.606781 0.169646
0.609544 0.610875
0.610543 0.388192
0.611149 0.587329
0.612084 0.301481
0.612318 0.224683
0.612657 0.929089
0.613591 0.617226
0.614342 0.253541
0.614997 0.254677
0.615805 0.835674
0.616098 0.75061
0.617737 0.300949
0.618289 0.582631
0.618525 0.55064
0.62107 0.318891
0.622009 0.107973
0.622499 0.348294
0.624435 0.873073
0.626183 0.254609
0.627903 0.157085
0.627989 0.609526
0.628391 0.375227
0.628444 0.262886
0.629073 0.822928
0.629178 0.598394
0.629241 0.646643
0.632881 0.838684
0.63355 0.0724586
0.635067 0.577477
0.636136 0.533578
0.636455 0.90635
0.638643 0.665804
0.641083 0.682546
0.641149 0.792113
0.641518 0.986841
0.642465 0.902334
0.642544 0.232723
0.642998 0.862353
0.645605 0.689199
0.645995 0.240097
0.646578 0.0435405
0.6474 0.854476
0.649354 0.684913
0.64997 0.0421896
0.653333 0.56224
0.653982 0.471573
0.654442 0.202492
0.656985 0.947593
0.657788 0.440167
0.659203 0.230773
0.663556 0.388761
0.663975 0.434129
0.664442 0.274061
0.666484 0.602442
0.66749 0.512792
0.669657 0.920279
0.67094 0.484697
0.672318 0.649005
0.674281 0.63802
0.67511 0.577316
0.677072 0.551766
0.67749 0.571479
0.678047 0.932921
0.679442 0.383838
0.680638 0.476045
0.6811 0.252772
0.681168 0.383494
0.681174 0.488767
0.681486 0.739705
0.681587 0.43719
0.682065 0.471247
0.683198 0.514831
0.683483 0.298519
0.684483 0.108863
0.68511 0.639595
0.685446 0.284098
0.686382 0.0228876
0.688432 0.47444
0.688782 0.357232
0.689171 0.903873
0.690588 0.710123
0.691597 0.674608
0.692329 0.98126
0.693018 0.559489
0.693496 0.589125
0.694045 0.805966
0.694141 0.421047
0.695135 0.130181
0.695355 0.828281
0.695357 0.857176
0.699099 0.759882
0.699597 0.127131
0.699791 0.380036
0.702129 0.690214
0.702186 0.637581
0.702377 0.855651
0.703702 0.112194
0.705202 0.331416
0.708853 0.691724
0.709191 0.365905
0.711755 0.460406
0.712676 0.947781
0.712676 0.953471
0.714579 0.926756
0.714963 0.381038
0.715587 0.877311
0.718114 0.340005
0.72067 0.294485
0.721554 0.158129
0.722059 0.640278
0.722545 0.807188
0.722559 0.051097
0.723018 0.76418
0.723255 0.73978
0.72358 0.212259
0.723793 0.789543
0.724519 0.999446
0.727751 0.317454
0.727935 0.410921
0.728117 0.454831
0.728761 0.285743
0.728829 0.422547
0.730929 0.720419
0.731727 0.131247
0.731818 0.669363
0.732898 0.811889
0.733195 0.805465
0.733529 0.421613
0.735916 0.536827
0.740091 0.710832
0.740378 0.533433
0.741649 0.889137
0.742843 0.970192
0.742845 0.996903
0.744518 0.111851
0.744781 0.535714
0.744912 0.736646
0.745097 0.840779
0.745897 0.296241
0.747292 0.733228
0.747572 0.443802
0.74764 0.581114
0.748339 0.325638
0.748356 0.622664
0.749007 0.55996
0.752206 0.333879
0.75243 0.0976114
0.754149 0.978182
0.754752 0.115193
0.755229 0.138536
0.755515 0.931796
0.757053 0.794495
0.757789 0.155322
0.758322 0.111247
0.758969 0.989721
0.759022 0.879422
0.759209 0.0198781
0.759545 0.666384
0.75959 0.422075
0.760592 0.264367
0.763106 0.515147
0.765185 0.464926
0.766704 0.995505
0.766803 0.661199
0.767044 0.715055
0.767164 0.724639
0.767668 0.191049
0.767709 0.880732
0.767929 0.576422
0.768614 0.0950061
0.771498 0.560416
0.771684 0.687019
0.775348 0.273126
0.777296 0.0168235
0.778009 0.990261
0.778608 0.0704207
0.778767 0.741874
0.778906 0.0697724
0.780108 0.279109
0.78019 0.656073
0.780497 0.804978
0.781215 0.873506
0.783116 0.83358
0.784915 0.0685198
0.785616 0.848888
0.78616 0.98752
0.786316 0.605394
0.787984 0.648292
0.79698 0.845842
0.798338 0.662831
0.799595 0.789849
0.801447 0.926198
0.802417 0.229464
0.804073 0.0619352
0.805812 0.288674
0.806928 0.0460391
0.81062 0.0944572
0.810839 0.76295
0.811417 0.482792
0.811678 0.868768
0.813694 0.747751
0.814366 0.041773
0.814752 0.543075
0.815515 0.368319
0.815596 0.718524
0.81567 0.972629
0.816495 0.828746
0.818053 0.0185251
0.818368 0.319748
0.819107 0.739554
0.822054 0.268434
0.822417 0.367954
0.822592 0.307601
0.824019 0.281343
0.825235 0.732108
0.825749 0.362793
0.8264 0.29951
0.832628 0.983773
0.833863 0.742803
0.834461 0.790671
0.834888 0.954155
0.835081 0.199085
0.836387 0.158156
0.836394 0.27379
0.836696 0.346569
0.836852 0.97529
0.838051 0.124097
0.838214 0.860525
0.839024 0.468256
0.839436 0.409064
0.841384 0.133078
0.843738 0.704094
0.844522 0.884013
0.845838 0.00216949
0.846898 0.807496
0.848914 0.705528
0.850524 0.763142
0.851991 0.412268
0.852972 0.897795
0.853298 0.387962
0.853409 0.247014
0.853818 0.117009
0.853845 0.568387
0.853948 0.298946
0.854272 0.747015
0.85435 0.0564913
0.854471 0.0890072
0.855148 0.476335
0.857029 0.0879487
0.857162 0.314152
0.857303 0.691865
0.857794 0.946587
0.85907 0.384836
0.860861 0.482994
0.861386 0.307225
0.863442 0.867807
0.864313 0.514098
0.868335 0.108391
0.869735 0.62807
0.869843 0.454314
0.870045 0.849041
0.870243 0.175538
0.872313 0.957668
0.872636 0.401291
0.875136 0.405783
0.875792 0.429615
0.87701 0.903163
0.877916 0.137637
0.87823 0.408062
0.878255 0.840015
0.880774 0.165787
0.880946 0.0643065
0.881006 0.0692515
0.882161 0.474452
0.882333 0.372893
0.885354 0.143255
0.886292 0.91706
0.888775 0.633111
0.890064 0.310032
0.890156 0.856296
0.890602 0.35402
0.892004 0.903362
0.893351 0.546441
0.894083 0.855348
0.894535 0.446926
0.897281 0.610037
0.89871 0.627005
0.899021 0.852241
0.900311 0.527269
0.902977 0.333108
0.903555 0.0485511
0.904408 0.38768
0.905524 0.136061
0.907115 0.882772
0.907296 0.923332
0.90744 0.33639
0.909281 0.291245
0.909478 0.595499
0.910544 0.520687
0.91112 0.187622
0.911606 0.365568
0.913384 0.249447
0.915943 0.254227
0.917034 0.587623
0.917404 0.81123
0.92144 0.635798
0.92145 0.80275
0.922054 0.95622
0.922127 0.196558
0.922285 0.845651
0.92274 0.492429
0.925439 0.850293
0.926947 0.206219
0.927771 0.050612
0.929045 0.460396
0.929348 0.558595
0.929682 0.169992
0.93106 0.324752
0.933631 0.532438
0.93383 0.88509
0.934363 0.833644
0.935133 0.780313
0.93673 0.62728
0.938482 0.0708715
0.938936 0.696455
0.941007 0.509421
0.941741 0.846746
0.941792 0.697002
0.94234 0.907809
0.944555 0.129239
0.945101 0.307465
0.945501 0.0359744
0.945607 0.819862
0.946085 0.84553
0.947056 0.168949
0.948719 0.128027
0.948761 0.831649
0.948892 0.0321034
0.949299 0.868539
0.949472 0.784026
0.94955 0.0809254
0.952458 0.967605
0.954937 0.632245
0.955456 0.355046
0.957526 0.136566
0.957614 0.624226
0.957714 0.295704
0.958763 0.930227
0.959296 0.895427
0.959327 0.406818
0.961066 0.642596
0.963534 0.123856
0.963698 0.878315
0.968043 0.893965
0.969618 0.377413
0.974897 0.0985904
0.976259 0.987285
0.976618 0.0143091
0.977779 0.539606
0.978382 0.664853
0.979296 0.0228508
0.979879 0.827358
0.980008 0.00250989
0.981075 0.921554
0.985062 0.941775
0.985552 0.171171
0.985881 0.708773
0.986858 0.118157
0.987024 0.904305
0.987434 0.80876
0.987634 0.165505
0.987983 0.0367533
0.988573 0.953108
0.989839 0.222362
0.990773 0.916736
0.991186 0.861794
0.991745 0.25368
0.992806 0.0912509
0.993625 0.861192
0.995084 0.383414
0.995131 0.15925
0.995392 0.550359
0.995983 0.484018
0.997489 0.80208
0.998124 0.47155
0.998182 0.450347
0.999569 0.750919
