0.000125895 0.115922
0.0015936 0.78362
0.00266689 0.822415
0.00334605 0.236987
0.00398671 0.00470908
0.00447102 0.144431
0.00479146 0.530084
0.0058782 0.794936
0.00597528 0.426515
0.00630018 0.887199
0.00631152 0.0776541
0.00691336 0.192767
0.00823896 0.472272
0.00848725 0.645214
0.00985705 0.667481
0.0106311 0.676738
0.0111513 0.419927
0.0149399 0.0952363
0.0221203 0.77515
0.0226884 0.32462
0.0228837 0.606357
0.0231394 0.903253
0.0254765 0.18283
0.0267627 0.800679
0.0303238 0.652877
0.0340459 0.209711
0.0366502 0.979848
0.0388125 0.321538
0.0391594 0.151964
0.0433171 0.0298588
0.0471844 0.0289121
0.0485265 0.584094
0.0489971 0.494628
0.0491156 0.486611
0.0492408 0.590769
0.0504671 0.200738
0.0536661 0.965437
0.0558249 0.248939
0.0558312 0.355753
0.0572256 0.789914
0.0579432 0.851633
0.0590374 0.2418
0.0595981 0.665602
0.0615702 0.809728
0.0621392 0.373817
0.0632892 0.702406
0.0652331 0.372731
0.0666862 0.795621
0.0669864 0.840506
0.0682348 0.822329
0.0740499 0.55745
0.0764983 0.707693
0.0779602 0.276944
0.0788675 0.526569
0.0795346 0.737561
0.080034 0.131522
0.0814265 0.534425
0.0822305 0.0479663
0.0832899 0.853989
0.0844713 0.7097
0.0850895 0.0986725
0.085645 0.435085
0.0878391 0.310918
0.0880243 0.424341
0.0881235 0.0915771
0.0904315 0.881865
0.0917669 0.326264
0.0957056 0.524215
0.0961245 0.564645
0.0984702 0.988728
0.0993745 0.18724
0.0995896 0.80231
0.099979 0.346313
0.099987 0.481764
0.100814 0.382319
0.10089 0.658025
0.102455 0.966115
0.107907 0.588121
0.110525 0.601743
0.111384 0.0333726
0.111926 0.147156
0.112195 0.667237
0.114032 0.53734
0.114047 0.788105
0.120273 0.433573
0.122323 0.878246
0.122641 0.233314
0.122898 0.544954
0.123366 0.405642
0.125484 0.00839088
0.128882 0.115279
0.130437 0.253481
0.132882 0.353182
0.133461 0.0790895
0.133667 0.545357
0.136447 0.270621
0.138212 0.923435
0.138467 0.221865
0.140797 0.381737
0.14299 0.23665
0.144141 0.583591
0.144517 0.889821
0.145211 0.566357
0.14556 0.427862
0.145957 0.102487
0.147392 0.210248
0.149414 0.200295
0.150166 0.839592
0.150432 0.306922
0.15244 0.0632581
0.152569 0.230114
0.157561 0.130263
0.159182 0.371851
0.160808 0.697667
0.163716 0.572427
0.166275 0.577473
0.16707 0.938345
0.168292 0.479074
0.169112 0.268025
0.170261 0.574708
0.179182 0.509019
0.181733 0.391347
0.182874 0.565388
0.182948 0.802737
0.183133 0.914729
0.183917 0.0957668
0.185142 0.683031
0.185474 0.264555
0.186126 0.215383
0.191138 0.463368
0.191177 0.10711
0.194402 0.314782
0.195105 0.130088
0.195331 0.92219
0.195396 0.013022
0.196956 0.242817
0.198924 0.322657
0.19989 0.547644
0.203913 0.162332
0.204858 0.0414487
0.204998 0.404918
0.205241 0.482394
0.208363 0.9573
0.20902 0.00209136
0.209942 0.499116
0.212107 0.879924
0.218495 0.250329
0.219633 0.375918
0.222809 0.75412
0.228123 0.06168
0.22844 0.391391
0.230326 0.0828093
0.230394 0.230773
0.230467 0.451147
0.23234 0.939033
0.232582 0.997553
0.233678 0.425593
0.236004 0.523144
0.238387 0.569603
0.239885 0.746689
0.241736 0.856859
0.24447 0.814113
0.245763 0.539832
0.246855 0.889546
0.247773 0.31838
0.247913 0.672348
0.252149 0.874495
0.252617 0.738306
0.25513 0.969442
0.255145 0.225403
0.256551 0.852382
0.257478 0.428227
0.258309 0.402858
0.262146 0.880699
0.263531 0.161275
0.264219 0.732594
0.266228 0.488507
0.266955 0.712192
0.267127 0.599222
0.269005 0.15962
0.270554 0.196393
0.272631 0.109959
0.274931 0.76176
0.276727 0.953622
0.280553 0.254227
0.282221 0.286036
0.283903 0.56007
0.284296 0.169376
0.286463 0.577169
0.287401 0.345667
0.291412 0.764556
0.293327 0.943698
0.295079 0.388847
0.297367 0.841552
0.297646 0.54027
0.298734 0.819906
0.301642 0.690565
0.303056 0.455366
0.303613 0.816221
0.30432 0.711245
0.306595 0.941627
0.306736 0.306638
0.307132 0.96439
0.309235 0.307945
0.312177 0.759289
0.313396 0.241516
0.314809 0.995157
0.314875 0.110657
0.318354 0.569464
0.32138 0.425564
0.322887 0.76136
0.323672 0.957355
0.324259 0.828848
0.32429 0.343761
0.325204 0.703362
0.325641 0.0454203
0.327831 0.853711
0.328143 0.107138
0.329153 0.0826976
0.329284 0.277227
0.32955 0.751954
0.32994 0.306202
0.33028 0.0206329
0.331939 0.890702
0.333364 0.851867
0.333651 0.673082
0.336307 0.314708
0.337613 0.266461
0.338433 0.0398848
0.339728 0.812664
0.34352 0.540621
0.344368 0.786945
0.345755 0.109768
0.346488 0.419919
0.346926 0.790152
0.346996 0.96669
0.352586 0.919874
0.352698 0.788467
0.353987 0.457288
0.35402 0.0214364
0.356641 0.0626937
0.357468 0.967953
0.359221 0.420905
0.360865 0.065981
0.362722 0.262617
0.363383 0.370708
0.363994 0.647091
0.364912 0.0757446
0.366092 0.909611
0.367697 0.88835
0.371173 0.305811
0.37152 0.129044
0.372208 0.700723
0.374095 0.409469
0.374505 0.309259
0.375447 0.142129
0.376456 0.0891689
0.376819 0.191397
0.377034 0.814153
0.377096 0.857024
0.378053 0.932512
0.378274 0.649059
0.381011 0.647621
0.381425 0.615476
0.382194 0.534245
0.385666 0.891927
0.387817 0.0357208
0.387834 0.326963
0.389356 0.903726
0.391368 0.729912
0.391849 0.812352
0.39832 0.558047
0.39966 0.091667
0.403635 0.894628
0.405488 0.0380678
0.410451 0.443935
0.410997 0.626153
0.411255 0.955348
0.411445 0.157124
0.411537 0.695412
0.411666 0.86899
0.415798 0.308835
0.416661 0.824167
0.419501 0.557741
0.424242 0.235784
0.425259 0.332018
0.425392 0.56658
0.426234 0.722345
0.426479 0.838608
0.428272 0.968659
0.429577 0.902512
0.431425 0.951817
0.432445 0.109042
0.432456 0.290011
0.435903 0.222307
0.43885 0.745247
0.442101 0.391172
0.443665 0.675947
0.444506 0.816967
0.445471 0.0228737
0.445613 0.41437
0.448948 0.463007
0.451348 0.807541
0.453918 0.995184
0.457097 0.424759
0.461754 0.693937
0.464167 0.261727
0.465607 0.457307
0.465912 0.582734
0.467505 0.356281
0.469167 0.297907
0.472957 0.983601
0.473615 0.044249
0.476147 0.60399
0.476409 0.998442
0.477706 0.80446
0.478219 0.423272
0.478666 0.945415
0.479049 0.371044
0.481527 0.0321929
0.481896 0.219916
0.482438 0.336517
0.483008 0.913105
0.48374 0.210961
0.485655 0.399088
0.485906 0.622847
0.486441 0.618906
0.486733 0.51909
0.487279 0.69424
0.48883 0.772312
0.490516 0.103182
0.492762 0.850246
0.495292 0.371231
0.496968 0.54721
0.498079 0.22023
0.498214 0.48922
0.498548 0.0999986
0.498877 0.623067
0.500047 0.283431
0.504047 0.516882
0.504983 0.247586
0.505013 0.754125
0.506631 0.945428
0.506732 0.645848
0.507123 0.217689
0.50721 0.684139
0.512741 0.640713
0.514915 0.181515
0.51775 0.826667
0.518346 0.847918
0.520434 0.932154
0.521548 0.652273
0.522201 0.630893
0.526094 0.0583691
0.526226 0.280393
0.526679 0.897947
0.52747 0.189916
0.528853 0.428754
0.530605 0.875304
0.532216 0.959981
0.532574 0.964512
0.534108 0.759936
0.536116 0.501707
0.538135 0.432359
0.539055 0.889165
0.542836 0.451297
0.543303 0.295651
0.543734 0.531474
0.544952 0.00777563
0.545728 0.047039
0.546822 0.434671
0.548599 0.296684
0.549413 0.976903
0.550938 0.610548
0.552553 0.764966
0.55369 0.866636
0.553729 0.514996
0.55429 0.943995
0.554648 0.971864
0.557063 0.562131
0.557612 0.780428
0.55832 0.683944
0.55838 0.696019
0.558963 0.49828
0.560978 0.352532
0.562493 0.815953
0.562923 0.045139
0.564189 0.330312
0.56563 0.543815
0.566181 0.799616
0.57485 0.503046
0.583105 0.248365
0.584714 0.279705
0.58525 0.291534
0.587075 0.963326
0.587792 0.0167173
0.588777 0.57499
0.589808 0.909709
0.592975 0.124082
0.593938 0.315611
0.594173 0.263208
0.594802 0.842933
0.59682 0.74862
0.597074 0.0219585
0.598443 0.0340511
0.601053 0.903715
0.601237 0.99078
0.602795 0.173695
0.603463 0.410631
0.604523 0.220341
0.605669 0.472896
0.606539 0.100944
0.606744 0.537956
0.607636 0.545113
0.612969 0.175527
0.618325 0.190701
0.620522 0.119816
0.6208 0.787893
0.620833 0.342837
0.622195 0.223603
0.624111 0.43391
0.625253 0.632706
0.625513 0.999179
0.625544 0.522677
0.626161 0.885478
0.62752 0.72417
0.628119 0.801152
0.628188 0.953898
0.6299 0.72616
0.630341 0.14616
0.630783 0.571334
0.634127 0.775364
0.634138 0.964011
0.634565 0.136096
0.63533 0.984568
0.635476 0.45331
0.63684 0.363629
0.639955 0.729513
0.64144 0.685919
0.643838 0.987596
0.644342 0.458357
0.644666 0.904375
0.646694 0.986061
0.649867 0.321194
0.651591 0.285945
0.651859 0.794959
0.652476 0.168733
0.65338 0.353612
0.653845 0.177273
0.656391 0.967242
0.657991 0.851337
0.659055 0.731969
0.660923 0.13321
0.663378 0.398219
0.663832 0.0180584
0.670184 0.776372
0.673821 0.912846
0.67596 0.855376
0.676123 0.60334
0.678262 0.543882
0.680858 0.172995
0.681814 0.247559
0.683696 0.884553
0.68487 0.60518
0.685097 0.431766
0.688412 0.132615
0.692616 0.800347
0.693061 0.279734
0.693599 0.315176
0.694673 0.376714
0.697936 0.208296
0.699611 0.357923
0.701384 0.15331
0.701961 0.854666
0.703923 0.841646
0.704224 0.897254
0.704264 0.565
0.70523 0.803832
0.705285 0.731483
0.705392 0.528425
0.708211 0.907543
0.709248 0.332508
0.709277 0.826603
0.709588 0.0424316
0.709772 0.131515
0.709829 0.0909654
0.711092 0.327012
0.716795 0.175085
0.718658 0.484671
0.718938 0.186488
0.720122 0.0898604
0.720514 0.677284
0.723102 0.181269
0.723746 0.00484809
0.726671 0.157992
0.727426 0.847988
0.727709 0.601068
0.73029 0.980613
0.730423 0.218618
0.730463 0.889205
0.732367 0.884772
0.73457 0.925366
0.735704 0.984453
0.736289 0.801593
0.740446 0.678219
0.740768 0.0947867
0.74274 0.224003
0.743432 0.862159
0.747285 0.621107
0.748908 0.897937
0.749375 0.740616
0.753979 0.124359
0.757475 0.890108
0.759033 0.0656663
0.759847 0.747451
0.760066 0.436661
0.760777 0.373932
0.763568 0.287592
0.763618 0.135345
0.768385 0.240629
0.769019 0.90077
0.771697 0.916684
0.77185 0.477316
0.774776 0.652851
0.774838 0.69919
0.776409 0.112059
0.776835 0.258833
0.778017 0.130564
0.778847 0.0788444
0.782492 0.351239
0.78251 0.646997
0.784114 0.600794
0.789395 0.369126
0.790111 0.390139
0.793877 0.686292
0.797041 0.871558
0.79859 0.89937
0.80003 0.0965628
0.800473 0.554686
0.800777 0.662706
0.805358 0.656117
0.805876 0.358531
0.808944 0.917125
0.811414 0.43045
0.811497 0.831769
0.811903 0.646001
0.813846 0.304101
0.816527 0.365667
0.817005 0.402518
0.817695 0.00300546
0.81958 0.682763
0.823505 0.655338
0.824394 0.592794
0.824479 0.0253714
0.82528 0.479965
0.825689 0.350507
0.827553 0.677828
0.829162 0.732874
0.83179 0.8958
0.833237 0.214372
0.836885 0.530837
0.837323 0.887632
0.837425 0.604056
0.842279 0.180353
0.842696 0.184664
0.84372 0.402278
0.845905 0.126615
0.846658 0.780727
0.855971 0.309787
0.855979 0.445864
0.855982 0.490185
0.857969 0.877594
0.859481 0.303088
0.860519 0.739605
0.86103 0.323512
0.866685 0.36957
0.867902 0.832912
0.869758 0.0307918
0.870655 0.100286
0.874211 0.86097
0.875196 0.425747
0.877515 0.391017
0.878447 0.0565513
0.880049 0.982846
0.881078 0.272564
0.882628 0.332964
0.884966 0.61827
0.886278 0.671601
0.889131 0.616659
0.891876 0.757027
0.892545 0.00483468
0.892938 0.607426
0.893052 0.531249
0.894717 0.504634
0.89587 0.880157
0.896985 0.623944
0.898597 0.724399
0.898607 0.891593
0.900009 0.458936
0.902855 0.281362
0.904515 0.180044
0.908332 0.340259
0.912653 0.957313
0.916879 0.985918
0.917479 0.0649201
0.91899 0.468501
0.920165 0.219674
0.92349 0.0892206
0.923674 0.182084
0.925556 0.811604
0.926724 0.443324
0.927896 0.153996
0.930659 0.593119
0.932774 0.138282
0.936323 0.777008
0.937076 0.433248
0.937535 0.14288
0.940295 0.530287
0.94088 0.364652
0.941366 0.533761
0.942037 0.813806
0.943108 0.815527
0.943499 0.394076
0.944098 0.447157
0.944648 0.703114
0.948401 0.775652
0.94947 0.74804
0.949842 0.988184
0.950003 0.706971
0.950042 0.348577
0.950328 0.168783
0.950595 0.645842
0.956905 0.703335
0.96004 0.399437
0.960851 0.0296622
0.964555 0.269185
0.965478 0.796075
0.966719 0.648716
0.968042 0.876528
0.969158 0.640663
0.969445 0.466802
0.970309 0.992003
0.973233 0.135145
0.975746 0.365138
0.977275 0.0629276
0.984793 0.421678
0.986395 0.340233
0.989213 0.696842
0.991079 0.0585828
0.996669 0.00872992
