0.000337522 0.672732
0.000709893 0.931175
0.00149191 0.0745601
0.00251066 0.196692
0.00330919 0.617506
0.00364996 0.344898
0.00418566 0.348447
0.00462802 0.783083
0.00472178 0.359001
0.00510907 0.868223
0.00563222 0.660813
0.00572985 0.301642
0.00580586 0.579055
0.00609178 0.384524
0.0061968 0.149612
0.00636229 0.931073
0.00682493 0.706665
0.00799022 0.291653
0.00885195 0.774764
0.00894904 0.40653
0.00941534 0.243692
0.00948545 0.421929
0.0101742 0.9977
0.0114282 0.0731343
0.0116302 0.468409
0.0120462 0.459939
0.0127942 0.0314207
0.0131686 0.324189
0.013455 0.1379
0.0139621 0.661669
0.0147479 0.86725
0.0158639 0.625038
0.0161786 0.913073
0.0163354 0.549245
0.0175498 0.959618
0.0177063 0.589379
0.0178975 0.803865
0.0184736 0.485843
0.0185581 0.90672
0.0197758 0.371893
0.0209072 0.387278
0.0213468 0.774948
0.0230177 0.858505
0.0230358 0.162387
0.0233267 0.0520599
0.0240084 0.509559
0.0242782 0.0443845
0.0248022 0.850694
0.025182 0.233215
0.0257766 0.227254
0.0259427 0.0185675
0.0263124 0.2329
0.0264599 0.712357
0.0267449 0.502212
0.0275302 0.70032
0.02776 0.562374
0.0288669 0.166789
0.0295785 0.126248
0.0296176 0.782842
0.0300298 0.710587
0.0305705 0.798066
0.0312516 0.246385
0.0318435 0.193356
0.0327205 0.93426
0.0327756 0.860112
0.0331832 0.710517
0.0338188 0.392955
0.0338578 0.0486095
0.0348873 0.351436
0.0350005 0.254144
0.0357016 0.036782
0.0359035 0.430124
0.0363513 0.956939
0.0364913 0.308504
0.0365598 0.460303
0.0369487 0.996081
0.0382052 0.114536
0.0382899 0.538114
0.0385403 0.747065
0.0390979 0.118524
0.0392761 0.11326
0.0400023 0.318921
0.0412976 0.088265
0.0437971 0.0973585
0.0441826 0.57681
0.0444788 0.555147
0.0446286 0.0721235
0.0461046 0.879671
0.0475983 0.984363
0.0476352 0.605456
0.0487489 0.321936
0.0491979 0.868497
0.0495121 0.149606
0.0497588 0.295766
0.0524091 0.839664
0.0538036 0.277519
0.0542961 0.554836
0.0552322 0.287411
0.0554968 0.734244
0.0570062 0.103569
0.057157 0.6377
0.0574418 0.424605
0.0585765 0.495949
0.0593769 0.94713
0.0597013 0.399174
0.0616546 0.22951
0.0617995 0.663691
0.0626118 0.316197
0.0637461 0.380207
0.0641555 0.26173
0.0644187 0.685625
0.0649999 0.453434
0.066527 0.120083
0.0665392 0.324899
0.0676634 0.218075
0.0680852 0.307216
0.06918 0.708763
0.0692227 0.425729
0.0694556 0.340722
0.0702371 0.475318
0.0704497 0.0485721
0.0728392 0.208169
0.0732832 0.670839
0.0739567 0.99065
0.074011 0.903142
0.0743943 0.345723
0.0750554 0.45624
0.075164 0.280841
0.0752518 0.756628
0.0753903 0.0855751
0.0761697 0.183724
0.0772178 0.799394
0.0780205 0.29002
0.0780293 0.439222
0.0793233 0.186738
0.079476 0.752942
0.0795331 0.712713
0.0796356 0.434772
0.080671 0.837902
0.0806855 0.0816149
0.0829505 0.148464
0.0830009 0.996467
0.0834946 0.294101
0.0841027 0.514463
0.0846442 0.614441
0.0857529 0.248181
0.0862695 0.932038
0.086517 0.0911745
0.0865956 0.412774
0.0866785 0.805234
0.0875294 0.106218
0.0879284 0.813041
0.0887034 0.837528
0.0887641 0.858454
0.0900817 0.00353383
0.0913822 0.860407
0.0915823 0.223985
0.0925626 0.698876
0.0928967 0.314476
0.0930943 0.636668
0.094714 0.858753
0.0950127 0.878492
0.095187 0.808653
0.095847 0.900293
0.0965102 0.0471641
0.0966774 0.857277
0.0972481 0.449212
0.0973309 0.840036
0.0973563 0.268014
0.0976896 0.869894
0.0981116 0.961907
0.098295 0.0437435
0.0996968 0.603705
0.0999639 0.0936857
0.1022 0.681397
0.102526 0.156318
0.103762 0.935728
0.105128 0.883198
0.105574 0.378434
0.105667 0.945296
0.106005 0.625237
0.10694 0.345133
0.106943 0.398525
0.108023 0.544643
0.108172 0.0541446
0.108543 0.281798
0.108581 0.925126
0.108651 0.0919354
0.109174 0.882239
0.110425 0.905863
0.110555 0.0998213
0.110562 0.210408
0.112282 0.117729
0.113205 0.63594
0.113344 0.980744
0.113433 0.464005
0.115138 0.122236
0.115902 0.973173
0.117209 0.933402
0.117441 0.83354
0.117765 0.278455
0.118131 0.430271
0.118177 0.208016
0.118554 0.534008
0.119053 0.91954
0.119375 0.328383
0.120068 0.981213
0.12141 0.537208
0.121934 0.350803
0.12256 0.861054
0.122862 0.946863
0.123085 0.683305
0.124194 0.335852
0.124837 0.137634
0.125484 0.0024037
0.125792 0.188344
0.127398 0.185452
0.127579 0.215477
0.129485 0.256962
0.129659 0.178819
0.130886 0.797428
0.131186 0.835442
0.131193 0.967254
0.131194 0.971582
0.131769 0.645146
0.132459 0.244773
0.132939 0.308884
0.132951 0.509896
0.133005 0.408113
0.13339 0.882618
0.133448 0.858675
0.135043 0.659717
0.136608 0.97568
0.136819 0.511297
0.137233 0.467194
0.13747 0.454722
0.137703 0.368454
0.137955 0.604476
0.138428 0.552898
0.140358 0.989692
0.140733 0.304359
0.140847 0.208836
0.142618 0.981072
0.144651 0.15255
0.146508 0.365058
0.14708 0.976833
0.147428 0.825714
0.147695 0.305379
0.148269 0.957718
0.148829 0.369788
0.149399 0.954907
0.152118 0.649704
0.152863 0.167637
0.15504 0.753385
0.155045 0.848773
0.158901 0.650899
0.159046 0.0810261
0.159372 0.558373
0.159583 0.103945
0.159752 0.944495
0.16145 0.483703
0.161468 0.800303
0.161917 0.332635
0.16206 0.742108
0.163007 0.660607
0.163111 0.411522
0.163859 0.977642
0.16398 0.0188142
0.163981 0.0345218
0.164436 0.673708
0.164571 0.947323
0.164637 0.0558654
0.16481 0.969145
0.164888 0.274145
0.165423 0.259459
0.165522 0.936032
0.166043 0.676333
0.167046 0.544882
0.168287 0.407009
0.169352 0.304342
0.169502 0.823048
0.17363 0.20331
0.174647 0.290568
0.176433 0.307269
0.176523 0.826938
0.177034 0.417834
0.17706 0.842344
0.177761 0.625515
0.177772 0.816094
0.178495 0.962745
0.178513 0.270775
0.178895 0.688382
0.179329 0.989539
0.179425 0.590509
0.179808 0.0353288
0.179949 0.403792
0.182413 0.823348
0.182723 0.0299656
0.183312 0.918661
0.183771 0.63597
0.186042 0.804101
0.186854 0.460567
0.187732 0.215527
0.187806 0.455843
0.188634 0.373546
0.189224 0.280931
0.189236 0.49697
0.189826 0.41251
0.189857 0.928925
0.190323 0.762276
0.190388 0.855126
0.190529 0.218416
0.190875 0.0354432
0.191243 0.222924
0.191595 0.139142
0.192431 0.190637
0.192737 0.32569
0.193645 0.593066
0.194792 0.871558
0.194796 0.929348
0.195077 0.663519
0.195164 0.122369
0.195571 0.960847
0.195627 0.910523
0.195652 0.326901
0.195701 0.142542
0.196152 0.726114
0.196248 0.34175
0.196637 0.883859
0.198725 0.972173
0.19882 0.568251
0.199984 0.131725
0.201511 0.788387
0.202529 0.90864
0.203689 0.406082
0.204172 0.5155
0.204699 0.382056
0.205333 0.0249558
0.206923 0.755576
0.207186 0.181419
0.207228 0.874819
0.207348 0.903626
0.207358 0.0672515
0.208001 0.880234
0.208471 0.774966
0.210887 0.374938
0.211028 0.740959
0.212018 0.388116
0.213426 0.0500632
0.213509 0.453824
0.215122 0.553364
0.216766 0.188719
0.217057 0.0719826
0.217114 0.0425071
0.217339 0.8183
0.218192 0.150746
0.219315 0.0210218
0.219454 0.367978
0.219563 0.195083
0.220479 0.596892
0.221586 0.190749
0.223044 0.698578
0.223097 0.598587
0.223242 0.0257635
0.224692 0.398494
0.224891 0.743625
0.226268 0.881988
0.227973 0.539969
0.228781 0.129035
0.229005 0.883931
0.229773 0.792526
0.230156 0.230677
0.230263 0.0369638
0.23097 0.911288
0.231827 0.308473
0.232488 0.421659
0.234432 0.0939177
0.234975 0.217672
0.235581 0.404185
0.235681 0.0945005
0.236289 0.30439
0.236776 0.490781
0.237731 0.550655
0.237832 0.23748
0.237868 0.843663
0.238749 0.655208
0.240247 0.838625
0.241061 0.506463
0.241469 0.377679
0.241481 0.574411
0.241883 0.335337
0.24203 0.79439
0.242129 0.463277
0.242144 0.715404
0.242578 0.0131722
0.243799 0.533286
0.245606 0.904788
0.245969 0.996411
0.245978 0.149675
0.246423 0.631707
0.246848 0.780039
0.247584 0.143089
0.248527 0.989107
0.250009 0.905504
0.250166 0.540017
0.250242 0.817249
0.250427 0.920545
0.250586 0.596819
0.251781 0.683399
0.252301 0.423591
0.25342 0.224001
0.255298 0.788664
0.255383 0.227378
0.255903 0.962115
0.256157 0.233692
0.256597 0.618075
0.256953 0.614811
0.257568 0.945
0.25823 0.0746532
0.258798 0.624084
0.258904 0.401609
0.259719 0.0983575
0.259841 0.146213
0.260148 0.309934
0.260287 0.643194
0.261458 0.329322
0.262009 0.579473
0.262101 0.124609
0.26244 0.835566
0.263434 0.528483
0.263579 0.979741
0.26409 0.562545
0.264212 0.606996
0.26598 0.333722
0.26622 0.35322
0.266371 0.899827
0.26648 0.737333
0.267908 0.737591
0.269143 0.48942
0.269329 0.615444
0.269947 0.993421
0.270259 0.242544
0.270716 0.931302
0.270788 0.132744
0.271312 0.935124
0.271816 0.416098
0.272268 0.00991483
0.273878 0.0738676
0.273893 0.312384
0.274269 0.641882
0.275102 0.634687
0.275618 0.315249
0.277157 0.179154
0.277172 0.433636
0.277263 0.954057
0.2774 0.25472
0.277522 0.305111
0.278564 0.820651
0.279824 0.999745
0.280354 0.910411
0.28071 0.886752
0.281704 0.602397
0.283984 0.921858
0.284166 0.972452
0.284207 0.670893
0.285176 0.954695
0.285985 0.553732
0.288061 0.437683
0.288231 0.3051
0.289066 0.326949
0.289803 0.723753
0.290656 0.0526692
0.291491 0.091446
0.291814 0.512623
0.292187 0.781537
0.292469 0.533787
0.294152 0.807062
0.294206 0.712487
0.294597 0.286473
0.294774 0.265815
0.294872 0.91264
0.295225 0.84095
0.295665 0.243991
0.296499 0.257857
0.296825 0.744862
0.297999 0.461928
0.299416 0.289888
0.300464 0.893067
0.300536 0.112283
0.300949 0.0582244
0.301074 0.143052
0.301401 0.647447
0.301646 0.766645
0.301719 0.983207
0.303304 0.635837
0.304243 0.407646
0.304821 0.126228
0.305221 0.857062
0.305556 0.478931
0.30569 0.730515
0.305695 0.821293
0.30663 0.523298
0.306864 0.460987
0.307429 0.962012
0.308327 0.0584441
0.30931 0.56698
0.309332 0.948806
0.309964 0.568891
0.310786 0.382973
0.312555 0.111147
0.313669 0.828387
0.31368 0.0282877
0.314058 0.369768
0.314083 0.800202
0.314575 0.0617178
0.315314 0.477728
0.316152 0.566375
0.318924 0.156164
0.322152 0.400502
0.323366 0.820689
0.32459 0.390689
0.324893 0.472953
0.325323 0.701489
0.325368 0.464944
0.326333 0.677557
0.329426 0.665796
0.330039 0.970127
0.330081 0.673827
0.330257 0.623046
0.330736 0.671519
0.331157 0.762852
0.333042 0.435174
0.33332 0.103024
0.338103 0.498988
0.338893 0.778974
0.33915 0.0916796
0.340234 0.312751
0.340493 0.669323
0.341099 0.851617
0.341118 0.176208
0.341542 0.29289
0.341733 0.502358
0.34206 0.00481258
0.344529 0.501068
0.345486 0.584656
0.345721 0.540431
0.347041 0.725003
0.347313 0.290421
0.347758 0.766036
0.347982 0.542009
0.348317 0.164817
0.349118 0.619496
0.349834 0.664333
0.350166 0.245716
0.350468 0.314136
0.351027 0.714771
0.3515 0.66576
0.352683 0.541412
0.353226 0.665322
0.35336 0.916445
0.355098 0.12901
0.355205 0.932534
0.355671 0.757017
0.356119 0.294288
0.356386 0.777686
0.356837 0.365547
0.357305 0.224028
0.357554 0.415314
0.357672 0.398211
0.358085 0.336749
0.3613 0.373016
0.362234 0.064581
0.363299 0.971979
0.363512 0.547245
0.363587 0.806711
0.364066 0.861532
0.364255 0.0326123
0.364775 0.7811
0.365172 0.451335
0.365635 0.225964
0.36565 0.471493
0.366092 0.914291
0.366414 0.324027
0.366571 0.963978
0.366739 0.776509
0.367257 0.485036
0.367346 0.985687
0.368431 0.215023
0.369352 0.693781
0.369612 0.0682365
0.370126 0.707812
0.370186 0.714565
0.371219 0.0798308
0.372372 0.452036
0.372715 0.227231
0.372996 0.938697
0.374294 0.756682
0.375336 0.277465
0.376202 0.819141
0.376354 0.379749
0.377087 0.708636
0.377666 0.429237
0.377745 0.758922
0.377963 0.420356
0.378448 0.573006
0.379342 0.595221
0.379382 0.267898
0.379953 0.863277
0.380328 0.174218
0.380869 0.262159
0.382311 0.503015
0.382385 0.73912
0.382625 0.786425
0.384199 0.2378
0.384703 0.70165
0.386857 0.902537
0.387627 0.852494
0.388754 0.793403
0.389254 0.184061
0.389497 0.271845
0.389997 0.672536
0.39077 0.670398
0.391408 0.392266
0.39235 0.228462
0.392394 0.967545
0.392413 0.290727
0.393103 0.885861
0.393645 0.98497
0.39386 0.605073
0.394715 0.97939
0.395272 0.331205
0.39764 0.131298
0.397832 0.370256
0.398111 0.0491259
0.398536 0.195298
0.39903 0.501955
0.399069 0.144759
0.399581 0.762538
0.399736 0.371278
0.400197 0.10694
0.401173 0.509515
0.401341 0.342778
0.401729 0.86601
0.401791 0.898191
0.402182 0.478226
0.403361 0.295822
0.404196 0.322703
0.405993 0.527847
0.406128 0.785809
0.406698 0.370991
0.407876 0.174843
0.409397 0.742903
0.409799 0.500096
0.410951 0.850059
0.412036 0.0818128
0.412426 0.636029
0.412916 0.875646
0.412921 0.960719
0.413391 0.867113
0.413454 0.923133
0.413512 0.895559
0.41431 0.314801
0.414898 0.196609
0.415208 0.398272
0.415716 0.943369
0.415989 0.529324
0.417114 0.429888
0.417174 0.444412
0.417322 0.926365
0.417586 0.368346
0.418148 0.810438
0.420323 0.366955
0.420367 0.103229
0.420465 0.747455
0.421536 0.757934
0.421578 0.468381
0.421793 0.079217
0.421872 0.399666
0.421907 0.992592
0.422406 0.385465
0.423027 0.806495
0.42433 0.719218
0.424421 0.238433
0.424441 0.586824
0.424512 0.770336
0.424923 0.684995
0.426105 0.55178
0.427351 0.486347
0.427891 0.558267
0.430973 0.357906
0.431083 0.21303
0.431362 0.900587
0.431615 0.155204
0.432036 0.223958
0.432041 0.319752
0.433199 0.776913
0.433305 0.554132
0.433365 0.571333
0.434518 0.948837
0.435273 0.632212
0.438594 0.443906
0.439625 0.772473
0.439984 0.803685
0.440312 0.329947
0.442325 0.158144
0.442817 0.431978
0.443802 0.988005
0.444004 0.372041
0.44423 0.172479
0.445131 0.31389
0.445819 0.886742
0.44657 0.49928
0.447982 0.240532
0.449765 0.201165
0.451209 0.475315
0.451261 0.340833
0.452341 0.489487
0.453245 0.68594
0.453412 0.488132
0.454325 0.845543
0.454644 0.200869
0.455298 0.190657
0.456674 0.327517
0.456829 0.924291
0.458346 0.424324
0.46398 0.108123
0.464621 0.88429
0.465152 0.807579
0.465581 0.0215899
0.467029 0.36242
0.467474 0.835194
0.468501 0.100947
0.468849 0.937423
0.468927 0.254875
0.469288 0.330251
0.469361 0.552628
0.469381 0.889968
0.469536 0.497636
0.471539 0.154694
0.473768 0.616244
0.474718 0.579173
0.474831 0.484636
0.475489 0.54274
0.475509 0.880589
0.477956 0.00902786
0.478426 0.899386
0.479612 0.8317
0.480102 0.0724913
0.482869 0.585739
0.484038 0.223062
0.484194 0.842148
0.486721 0.318461
0.48754 0.0788925
0.487641 0.783484
0.488355 0.7849
0.488608 0.0295313
0.49057 0.00452165
0.491604 0.380392
0.491873 0.909747
0.492236 0.0158642
0.494399 0.365773
0.495566 0.9849
0.496483 0.382819
0.496892 0.256101
0.497851 0.385771
0.498207 0.360969
0.498316 0.190766
0.500915 0.878342
0.501174 0.232198
0.50401 0.901831
0.504969 0.0147285
0.505062 0.581912
0.505675 0.872461
0.506259 0.701613
0.506715 0.359731
0.507218 0.805033
0.508254 0.229161
0.508305 0.0898582
0.508324 0.403469
0.509214 0.365593
0.509255 0.056708
0.512498 0.560021
0.513661 0.101808
0.514742 0.261974
0.514967 0.0427364
0.515296 0.584948
0.515462 0.376826
0.515651 0.543304
0.516126 0.521145
0.516132 0.634682
0.517343 0.984095
0.51817 0.883563
0.519113 0.73585
0.519614 0.154793
0.519914 0.198591
0.520277 0.302963
0.520781 0.769819
0.521369 0.643378
0.522784 0.43288
0.523063 0.112767
0.523988 0.673037
0.52547 0.570173
0.525651 0.619053
0.525659 0.75286
0.526996 0.216982
0.527732 0.592436
0.528944 0.960288
0.529765 0.762591
0.531001 0.533736
0.531232 0.413017
0.531479 0.565947
0.531949 0.468819
0.532379 0.700337
0.532767 0.219304
0.534134 0.185432
0.534479 0.99594
0.535698 0.470849
0.537274 0.970168
0.537804 0.873986
0.539121 0.01192
0.539402 0.729765
0.539453 0.579936
0.539543 0.0984704
0.540156 0.397033
0.540533 0.741652
0.5416 0.664945
0.542315 0.690232
0.542945 0.270951
0.545366 0.959556
0.545557 0.174221
0.545574 0.465347
0.546006 0.727803
0.546253 0.869157
0.546689 0.198748
0.547159 0.101181
0.547173 0.331895
0.548787 0.461135
0.548906 0.463567
0.5491 0.72962
0.549187 0.188823
0.549229 0.88591
0.549676 0.404351
0.550884 0.700693
0.551318 0.994079
0.551755 0.33944
0.552629 0.0429492
0.553488 0.474312
0.554104 0.824662
0.55411 0.919604
0.554468 0.936031
0.554472 0.00315809
0.554813 0.741241
0.554955 0.126264
0.555475 0.863811
0.556258 0.0216591
0.556436 0.0183603
0.556589 0.591733
0.557975 0.877913
0.558108 0.123032
0.558385 0.77123
0.558723 0.457049
0.559048 0.919573
0.559905 0.324741
0.560248 0.0832581
0.561132 0.952514
0.561367 0.892277
0.561466 0.566322
0.562147 0.996844
0.562725 0.720928
0.562918 0.966124
0.563642 0.134258
0.563873 0.00784091
0.56521 0.490401
0.565576 0.642413
0.565611 0.227982
0.56642 0.821423
0.56648 0.822079
0.56676 0.534234
0.567271 0.117147
0.569249 0.371038
0.569696 0.880204
0.569935 0.904289
0.570359 0.0184191
0.570629 0.557776
0.57075 0.600826
0.571445 0.279483
0.571847 0.0307987
0.574179 0.228246
0.574364 0.334923
0.575131 0.223317
0.575476 0.0267658
0.576084 0.249256
0.577436 0.960754
0.577606 0.824594
0.577617 0.0113708
0.577986 0.216922
0.578803 0.949626
0.57915 0.767201
0.579267 0.739688
0.579466 0.0770165
0.579972 0.5886
0.580021 0.411887
0.580025 0.473778
0.580138 0.380704
0.580263 0.474117
0.580431 0.298724
0.5808 0.502484
0.580928 0.65378
0.581186 0.999873
0.582946 0.565916
0.583693 0.122355
0.583732 0.783245
0.583873 0.147278
0.584016 0.556915
0.584327 0.782864
0.58468 0.720229
0.585496 0.423599
0.585909 0.377524
0.587066 0.825605
0.587831 0.670039
0.588304 0.633182
0.588468 0.382351
0.588813 0.174443
0.589148 0.812027
0.590898 0.221144
0.591742 0.410938
0.592528 0.626084
0.592685 0.257278
0.592842 0.887493
0.592957 0.823088
0.593433 0.831843
0.594962 0.532857
0.595199 0.506328
0.595804 0.676992
0.596053 0.857502
0.596115 0.899951
0.597088 0.257751
0.598995 0.301912
0.5997 0.161922
0.600734 0.544366
0.601745 0.523776
0.60274 0.250441
0.602743 0.301485
0.602916 0.213012
0.605703 0.0429295
0.60629 0.91051
0.606559 0.435599
0.606686 0.568199
0.607045 0.611377
0.607123 0.917652
0.607299 0.867411
0.60932 0.835231
0.610807 0.829931
0.611053 0.968859
0.611254 0.351126
0.612048 0.694836
0.612211 0.426559
0.612327 0.371373
0.612513 0.506382
0.61262 0.311393
0.612643 0.692326
0.613419 0.732489
0.614215 0.116449
0.614275 0.113498
0.61462 0.914277
0.615424 0.435441
0.616351 0.0153869
0.617282 0.658616
0.617488 0.123569
0.62009 0.846591
0.621868 0.74059
0.622494 0.261461
0.623589 0.65821
0.623974 0.125664
0.624094 0.151167
0.624498 0.932755
0.624826 0.445078
0.624999 0.361043
0.627385 0.462975
0.627947 0.905771
0.629345 0.407239
0.629611 0.871056
0.629789 0.860987
0.629877 0.343896
0.631923 0.730411
0.632129 0.191944
0.633523 0.626097
0.633676 0.197787
0.633738 0.241066
0.634034 0.212384
0.634369 0.838393
0.636381 0.647909
0.636691 0.858893
0.637715 0.082517
0.638561 0.298264
0.638967 0.120698
0.639064 0.747972
0.639242 0.736698
0.639295 0.629021
0.639516 0.352589
0.639975 0.0668375
0.641076 0.564359
0.641211 0.827832
0.64222 0.791002
0.645 0.517259
0.645726 0.708903
0.64635 0.203626
0.646859 0.759758
0.64703 0.624772
0.647455 0.782558
0.647608 0.341938
0.648878 0.689948
0.649099 0.411434
0.650023 0.944014
0.650027 0.0109062
0.650114 0.459019
0.650233 0.461075
0.651473 0.298713
0.652751 0.779287
0.652852 0.485623
0.65332 0.357041
0.653453 0.58808
0.654312 0.0198584
0.655406 0.410104
0.656176 0.353103
0.657691 0.817205
0.658212 0.563455
0.658913 0.354295
0.659121 0.840121
0.659709 0.72596
0.659734 0.150384
0.660222 0.348373
0.660289 0.469328
0.660328 0.129443
0.660869 0.222698
0.662739 0.660159
0.662802 0.719701
0.663739 0.46623
0.663751 0.658203
0.664562 0.289477
0.664791 0.13573
0.665327 0.149336
0.665976 0.0632003
0.666968 0.731848
0.667729 0.513718
0.668195 0.347515
0.668766 0.946463
0.668898 0.170897
0.669719 0.966227
0.671068 0.632355
0.671313 0.760397
0.671354 0.442848
0.675124 0.807826
0.675179 0.731932
0.677002 0.373694
0.677516 0.00503679
0.678061 0.174998
0.678309 0.33343
0.679234 0.888785
0.679382 0.379863
0.680116 0.707843
0.680317 0.0834576
0.68099 0.404575
0.681476 0.559503
0.681893 0.571468
0.682857 0.782477
0.683265 0.637648
0.683869 0.782267
0.685167 0.594311
0.685303 0.895138
0.685439 0.177096
0.686077 0.887623
0.68622 0.29305
0.686309 0.801191
0.6868 0.0469288
0.686829 0.540374
0.687292 0.314126
0.687374 0.696928
0.688291 0.106556
0.689278 0.696581
0.689345 0.818647
0.68952 0.765017
0.690207 0.315948
0.690554 0.134415
0.690632 0.456124
0.690703 0.639542
0.690704 0.661244
0.690941 0.647817
0.691167 0.438816
0.691509 0.193412
0.692898 0.54189
0.693155 0.854689
0.694725 0.244932
0.695049 0.686607
0.6951 0.537873
0.695627 0.402896
0.695791 0.156729
0.696422 0.761741
0.699059 0.078197
0.699087 0.561726
0.699935 0.801852
0.700233 0.815799
0.700997 0.663231
0.701013 0.923614
0.702872 0.175926
0.703017 0.61204
0.703259 0.677965
0.703463 0.105468
0.704346 0.949304
0.70641 0.640766
0.707638 0.27484
0.7098 0.604157
0.71305 0.234023
0.713068 0.528529
0.713786 0.602645
0.714429 0.406431
0.714961 0.341272
0.716332 0.389593
0.716486 0.984692
0.717659 0.690895
0.717744 0.129843
0.719466 0.0728526
0.719476 0.237465
0.719948 0.170382
0.720652 0.000651393
0.720918 0.463967
0.72117 0.708051
0.724111 0.128638
0.724294 0.217346
0.725332 0.648572
0.725708 0.97706
0.725828 0.98821
0.725984 0.619842
0.72642 0.942397
0.726722 0.0235419
0.727276 0.334119
0.72747 0.579863
0.728024 0.895176
0.728254 0.761794
0.728795 0.864433
0.730167 0.9092
0.730358 0.129383
0.73119 0.117844
0.7314 0.645541
0.731692 0.539605
0.732572 0.33599
0.734477 0.346662
0.734877 0.0754689
0.735865 0.682312
0.736358 0.965131
0.736728 0.179847
0.737209 0.279404
0.738014 0.795818
0.739489 0.594929
0.739626 0.887593
0.743054 0.506263
0.744383 0.850508
0.7448 0.850827
0.745783 0.381152
0.746725 0.212395
0.751891 0.0346211
0.752918 0.288979
0.753757 0.390414
0.756413 0.0319615
0.756578 0.806222
0.756653 0.0678949
0.756954 0.122962
0.756977 0.516926
0.757172 0.783074
0.757247 0.0535046
0.757392 0.485345
0.757773 0.887112
0.75875 0.315538
0.760251 0.533782
0.760493 0.599471
0.760675 0.658768
0.760897 0.389097
0.761521 0.890026
0.761697 0.834815
0.761708 0.0249254
0.761758 0.872905
0.762451 0.510395
0.762635 0.598469
0.762937 0.686188
0.763119 0.736641
0.763456 0.407338
0.763754 0.415127
0.764738 0.947299
0.765285 0.14538
0.765518 0.0578369
0.765676 0.713394
0.765698 0.0821651
0.766231 0.0526791
0.766352 0.0811723
0.767125 0.0682494
0.767136 0.255847
0.76901 0.754284
0.769124 0.661539
0.76974 0.0244654
0.770795 0.753939
0.771418 0.224079
0.771847 0.427297
0.772436 0.339214
0.772573 0.642506
0.773154 0.400705
0.773171 0.686047
0.773815 0.508037
0.774696 0.321507
0.774707 0.495558
0.775733 0.751583
0.77621 0.764705
0.778093 0.406779
0.778434 0.146411
0.780947 0.382547
0.781187 0.403712
0.781701 0.0459886
0.782239 0.0881999
0.782245 0.188135
0.783371 0.109791
0.785913 0.83589
0.787225 0.896312
0.787376 0.435765
0.787715 0.129159
0.788659 0.996927
0.790309 0.718522
0.791125 0.436464
0.791233 0.260212
0.791276 0.980136
0.792646 0.00949383
0.793414 0.913971
0.79419 0.947592
0.794572 0.364824
0.796242 0.433173
0.796327 0.865618
0.798137 0.289963
0.798195 0.256598
0.798608 0.199308
0.798721 0.102602
0.800042 0.312438
0.800391 0.17906
0.800402 0.35495
0.800709 0.520096
0.8034 0.744144
0.803778 0.0907976
0.804036 0.429502
0.804307 0.995124
0.804527 0.679246
0.804823 0.651535
0.805032 0.179764
0.805141 0.00624248
0.805244 0.730533
0.805469 0.520045
0.806836 0.494853
0.807197 0.561048
0.807318 0.591529
0.807816 0.967122
0.807916 0.636392
0.809878 0.618591
0.810827 0.577176
0.811513 0.10397
0.811634 0.125138
0.811794 0.826785
0.813158 0.741228
0.813676 0.459733
0.81389 0.0466124
0.81392 0.556532
0.81405 0.742202
0.815413 0.65191
0.815906 0.925439
0.816351 0.414249
0.817007 0.430427
0.817548 0.537128
0.818377 0.466805
0.820101 0.433638
0.820449 0.280264
0.821103 0.285767
0.822424 0.482227
0.823249 0.338086
0.825988 0.374527
0.826671 0.851702
0.827041 0.0844193
0.827648 0.284949
0.829346 0.824955
0.829427 0.185828
0.830089 0.303263
0.830467 0.663511
0.830565 0.30697
0.831748 0.184673
0.831877 0.364833
0.834289 0.894985
0.834707 0.925499
0.835627 0.385372
0.836075 0.90782
0.836231 0.526781
0.836997 0.412053
0.837352 0.383041
0.838258 0.598802
0.839809 0.677375
0.842181 0.540948
0.842603 0.630567
0.843234 0.241683
0.844939 0.895782
0.845149 0.415073
0.846169 0.55796
0.846518 0.434836
0.847744 0.0373537
0.849901 0.293354
0.850571 0.552862
0.850614 0.266697
0.850751 0.569293
0.851392 0.351705
0.8515 0.153437
0.851714 0.75878
0.85235 0.449991
0.853225 0.149181
0.853256 0.670315
0.85336 0.424392
0.853508 0.902096
0.85403 0.680214
0.855164 0.738675
0.855325 0.452117
0.856044 0.534395
0.856186 0.925562
0.85629 0.672541
0.858178 0.400172
0.859487 0.393139
0.859902 0.376451
0.86123 0.687027
0.862199 0.980973
0.862498 0.00716861
0.863111 0.312603
0.863213 0.02693
0.863385 0.915267
0.863508 0.98355
0.863847 0.681765
0.865994 0.768864
0.866261 0.24946
0.866375 0.15756
0.867882 0.492472
0.868059 0.475689
0.868118 0.46657
0.868565 0.978272
0.868571 0.0796861
0.869252 0.515319
0.869601 0.392124
0.870208 0.582377
0.871331 0.466178
0.871557 0.25886
0.871722 0.0379876
0.873019 0.834833
0.873192 0.735512
0.874397 0.98971
0.874544 0.460737
0.875132 0.351077
0.87612 0.948489
0.876154 0.518914
0.87812 0.571292
0.87842 0.612374
0.880082 0.533165
0.880687 0.710184
0.880833 0.163673
0.881219 0.642161
0.882067 0.902111
0.882661 0.875809
0.883234 0.510015
0.883826 0.458316
0.884768 0.28952
0.884986 0.964352
0.88507 0.369319
0.888129 0.780621
0.888594 0.59403
0.889086 0.870431
0.889159 0.103147
0.889224 0.181589
0.890241 0.286182
0.890501 0.658821
0.890511 0.822815
0.890851 0.538514
0.891129 0.201042
0.891219 0.718505
0.891372 0.292378
0.891715 0.0557402
0.891719 0.114923
0.892344 0.620353
0.89333 0.201056
0.893348 0.503255
0.894468 0.327849
0.894478 0.494614
0.895083 0.658524
0.895164 0.0259234
0.895963 0.45631
0.896175 0.0112657
0.896247 0.226114
0.896303 0.161748
0.896823 0.898653
0.898716 0.723887
0.899282 0.230108
0.899375 0.789708
0.89975 0.0951399
0.900971 0.61624
0.901434 0.403885
0.902234 0.850205
0.902918 0.350272
0.903727 0.944183
0.904589 0.419154
0.904706 0.387854
0.907159 0.623796
0.907519 0.670872
0.907597 0.979722
0.908715 0.774161
0.908723 0.914926
0.908915 0.126312
0.909429 0.76934
0.910315 0.66296
0.910426 0.5348
0.911273 0.758585
0.912503 0.434608
0.914865 0.138022
0.915273 0.985406
0.915443 0.8434
0.915765 0.267708
0.916644 0.0318487
0.91674 0.642915
0.916765 0.0768711
0.917041 0.713956
0.917293 0.945799
0.917709 0.938582
0.917738 0.414722
0.918423 0.929096
0.918494 0.124957
0.919013 0.849778
0.91969 0.231628
0.919889 0.582104
0.920696 0.131334
0.920732 0.746752
0.921063 0.300477
0.921621 0.688285
0.922588 0.943858
0.923404 0.651869
0.924438 0.0353149
0.924915 0.0530076
0.925195 0.753016
0.925642 0.267043
0.927697 0.800725
0.929144 0.122115
0.929614 0.0234057
0.9297 0.468905
0.929747 0.25954
0.930506 0.00904797
0.931227 0.135905
0.931502 0.749644
0.931713 0.293573
0.933051 0.795065
0.933105 0.7002
0.935685 0.0517668
0.935872 0.205324
0.936379 0.729743
0.937395 0.800792
0.938169 0.807497
0.941196 0.676996
0.941276 0.019445
0.941946 0.28926
0.942016 0.467317
0.942191 0.40802
0.942826 0.0725908
0.943847 0.234801
0.944153 0.379982
0.944175 0.75085
0.944319 0.166052
0.945266 0.0887842
0.946152 0.974179
0.947057 0.179984
0.947125 0.322313
0.947971 0.555709
0.948556 0.374703
0.948815 0.73907
0.949387 0.35486
0.950064 0.732961
0.950475 0.638887
0.951603 0.585259
0.952769 0.181908
0.953444 0.532398
0.957385 0.76556
0.957518 0.997257
0.957635 0.978479
0.95788 0.0976611
0.957929 0.913028
0.958102 0.828476
0.958123 0.179856
0.959267 0.404111
0.959395 0.551151
0.959495 0.232709
0.959782 0.0510754
0.960313 0.978638
0.961055 0.457714
0.962405 0.137553
0.963036 0.751026
0.963485 0.284149
0.963772 0.123287
0.964537 0.972894
0.964674 0.269659
0.96507 0.924546
0.965071 0.947892
0.9658 0.192787
0.96897 0.480054
0.969482 0.0790899
0.970165 0.557086
0.970192 0.0190223
0.970301 0.849727
0.970973 0.148485
0.971106 0.378342
0.971223 0.351621
0.972289 0.269154
0.972858 0.825495
0.973434 0.511198
0.97406 0.0281794
0.974909 0.302264
0.976532 0.569953
0.977064 0.510186
0.97776 0.208918
0.978747 0.801009
0.97879 0.531765
0.979543 0.178645
0.980748 0.434095
0.981573 0.293319
0.982371 0.704108
0.983733 0.603321
0.98483 0.0323623
0.985028 0.373424
0.985039 0.545197
0.985214 0.486002
0.985263 0.31224
0.985799 0.32637
0.985898 0.98693
0.985988 0.504799
0.986427 0.886913
0.987447 0.0251665
0.988078 0.623902
0.989157 0.767015
0.989487 0.30068
0.991526 0.584099
0.991718 0.798373
0.992432 0.800994
0.994118 0.141185
0.99513 0.146266
0.995291 0.847255
0.995321 0.36353
0.995563 0.423498
0.997915 0.953581
0.998814 0.0584346
