0.000198945 0.343683
0.000362396 0.0907936
0.00178724 0.0381061
0.00179713 0.204377
0.00240482 0.417789
0.00288569 0.499815
0.00355027 0.669405
0.00414346 0.639073
0.00417002 0.0855515
0.00451961 0.961167
0.00540039 0.7644
0.00670764 0.735335
0.0077352 0.005432
0.00839214 0.0466859
0.0096954 0.950549
0.0102978 0.0757108
0.0103613 0.141725
0.0107926 0.390751
0.0110609 0.901205
0.0128611 0.155992
0.0154898 0.336355
0.0158281 0.0222904
0.01588 0.894993
0.0163256 0.384672
0.0167884 0.162729
0.0182122 0.0917984
0.0188023 0.0107822
0.0190688 0.489665
0.0190791 0.662721
0.0201579 0.794627
0.0201663 0.93554
0.0216069 0.147455
0.0218917 0.933553
0.0227649 0.609569
0.0230306 0.075389
0.0234108 0.46461
0.0237218 0.692546
0.0243375 0.0410101
0.0246247 0.8679
0.0248099 0.979821
0.0258738 0.860476
0.0260326 0.530411
0.026176 0.940525
0.0267325 0.293037
0.0270009 0.803514
0.0271283 0.945881
0.0284473 0.113023
0.0296793 0.819327
0.0297302 0.67568
0.0300228 0.593223
0.0300955 0.815122
0.0319754 0.410144
0.0323458 0.635942
0.0334633 0.417773
0.0339699 0.93165
0.0343102 0.651066
0.036437 0.396043
0.0368279 0.966241
0.0376627 0.997497
0.038142 0.052545
0.0386502 0.594229
0.0397835 0.640958
0.0400751 0.541925
0.0414179 0.111374
0.0423009 0.951727
0.0427374 0.287227
0.0428313 0.866212
0.0431272 0.83879
0.0445379 0.5484
0.0453328 0.908364
0.0455276 0.182792
0.0456797 0.73807
0.0458845 0.180053
0.0464103 0.0180428
0.0465813 0.892136
0.0471222 0.983536
0.0473626 0.023414
0.0473754 0.238796
0.0474361 0.257797
0.0478553 0.303994
0.04803 0.239681
0.0484721 0.670467
0.0485 0.140049
0.0490688 0.699067
0.0491035 0.28246
0.0491064 0.330929
0.0491598 0.228762
0.0495913 0.480989
0.0496041 0.696488
0.050171 0.224372
0.0515885 0.0486699
0.0518687 0.756583
0.052975 0.350252
0.0537461 0.310156
0.0537745 0.787964
0.05431 0.787514
0.0549317 0.237689
0.0574194 0.0476404
0.0583394 0.510949
0.058583 0.60371
0.0589552 0.860532
0.0591186 0.605491
0.059316 0.9242
0.061546 0.403015
0.0618942 0.256419
0.0625905 0.958195
0.0629119 0.359728
0.0637787 0.928718
0.0653491 0.321677
0.0669879 0.865543
0.068914 0.238388
0.0689187 0.316417
0.0693294 0.219783
0.0695639 0.160892
0.0702551 0.777463
0.0702712 0.0478482
0.0706535 0.472695
0.0716142 0.61952
0.0716217 0.746025
0.0720199 0.439254
0.0726636 0.257487
0.0729144 0.473028
0.0738502 0.200806
0.0742548 0.000676303
0.0745537 0.0245714
0.0748929 0.725385
0.0752898 0.394899
0.0759842 0.0658864
0.0764388 0.70699
0.077394 0.761769
0.0780617 0.982943
0.0790364 0.364403
0.0793511 0.654598
0.0801094 0.398886
0.0803409 0.289898
0.0806627 0.697231
0.0819219 0.861032
0.0820953 0.77529
0.0837172 0.0354189
0.0844956 0.117618
0.0845755 0.459738
0.0849231 0.302937
0.0868783 0.163803
0.0876797 0.633321
0.0889209 0.494023
0.0897584 0.56978
0.0910881 0.917265
0.0911084 0.259559
0.0912501 0.64045
0.0916311 0.0432261
0.0919513 0.426219
0.0961941 0.733732
0.0963194 0.840161
0.0984559 0.748098
0.0993679 0.0760583
0.0997235 0.0519921
0.100281 0.422981
0.100359 0.739854
0.10041 0.596568
0.100435 0.00368754
0.102858 0.741395
0.103066 0.22528
0.103758 0.852526
0.10379 0.390502
0.104838 0.0125823
0.105246 0.86694
0.1056 0.825163
0.106025 0.958429
0.106426 0.699742
0.107039 0.00941072
0.107341 0.0865878
0.107793 0.672641
0.108814 0.83968
0.109767 0.858567
0.109773 0.957962
0.110293 0.701253
0.112509 0.945919
0.11309 0.700338
0.113889 0.125269
0.115025 0.226173
0.1151 0.489302
0.115987 0.388854
0.116332 0.193101
0.118047 0.0150284
0.118137 0.528515
0.118405 0.0315654
0.118704 0.0502873
0.118841 0.353079
0.118842 0.375048
0.119322 0.451923
0.119834 0.0456838
0.120156 0.464036
0.120438 0.207536
0.120458 0.537292
0.120488 0.0386255
0.12194 0.44335
0.122309 0.653292
0.122884 0.311635
0.122994 0.157711
0.123338 0.940466
0.123422 0.351349
0.124327 0.555715
0.124817 0.797876
0.125052 0.740973
0.125715 0.898856
0.126033 0.234467
0.126076 0.952239
0.126603 0.824047
0.126703 0.505237
0.127376 0.803
0.127625 0.990288
0.128745 0.812823
0.129904 0.290856
0.13005 0.753455
0.130399 0.60862
0.130509 0.470873
0.130659 0.982441
0.131362 0.806199
0.131472 0.65197
0.135937 0.690189
0.136389 0.294712
0.137129 0.719151
0.137224 0.330405
0.137918 0.983767
0.138137 0.665479
0.138226 0.168173
0.140648 0.876438
0.140662 0.110118
0.140772 0.952304
0.140936 0.7156
0.141055 0.716254
0.141093 0.35271
0.142106 0.375674
0.143124 0.488602
0.143153 0.972772
0.143767 0.289437
0.144874 0.904308
0.145078 0.33214
0.145295 0.977749
0.145472 0.944843
0.146132 0.0431513
0.149205 0.682741
0.149688 0.81113
0.150187 0.191082
0.150476 0.0539961
0.151216 0.483773
0.151768 0.756761
0.154212 0.843579
0.154966 0.517539
0.155089 0.579842
0.156699 0.64356
0.15698 0.358314
0.158429 0.710758
0.159298 0.313613
0.159425 0.460049
0.159493 0.599146
0.160114 0.0427079
0.160558 0.502122
0.161099 0.583442
0.162428 0.923422
0.162539 0.788657
0.16288 0.528359
0.166055 0.881869
0.166077 0.249372
0.166444 0.417013
0.167106 0.54233
0.167422 0.857647
0.167489 0.980215
0.167844 0.957831
0.170407 0.0256058
0.171855 0.373996
0.17249 0.0355695
0.172541 0.890733
0.172925 0.348333
0.173796 0.987087
0.174527 0.279371
0.174952 0.419133
0.175364 0.348741
0.176922 0.523829
0.177241 0.894135
0.177432 0.0992839
0.178335 0.274677
0.178422 0.735461
0.178442 0.0686447
0.178467 0.493726
0.178852 0.965758
0.179085 0.876829
0.179151 0.983235
0.180574 0.906192
0.180751 0.877747
0.180753 0.911338
0.181029 0.548563
0.18144 0.46813
0.182648 0.766187
0.182973 0.23523
0.18335 0.559218
0.183675 0.0291227
0.184711 0.43208
0.185073 0.517967
0.185333 0.898104
0.187854 0.261771
0.189327 0.013368
0.189747 0.0789437
0.190732 0.636966
0.191233 0.0453356
0.19375 0.356394
0.194969 0.844905
0.195842 0.516624
0.19613 0.357257
0.196233 0.0898506
0.196322 0.588726
0.19698 0.640412
0.198387 0.284672
0.198665 0.964128
0.199009 0.750124
0.199316 0.905463
0.199429 0.806653
0.19957 0.169042
0.19992 0.0534231
0.200193 0.645686
0.200198 0.727284
0.201973 0.560707
0.202326 0.488782
0.204213 0.202084
0.204285 0.418442
0.204905 0.837696
0.20532 0.812626
0.206483 0.358209
0.206782 0.388725
0.207039 0.70262
0.207084 0.460565
0.207427 0.22503
0.208205 0.295943
0.208435 0.160268
0.208899 0.963596
0.209662 0.785326
0.210161 0.178003
0.210544 0.616444
0.21233 0.638083
0.212904 0.285977
0.213631 0.498761
0.214919 0.136715
0.215657 0.550237
0.215757 0.221785
0.216448 0.842433
0.216526 0.153772
0.216771 0.262389
0.218987 0.515703
0.219548 0.946196
0.219798 0.138109
0.220905 0.746328
0.22102 0.684794
0.222079 0.473325
0.222306 0.30366
0.222947 0.0758198
0.224843 0.941743
0.224933 0.441917
0.225514 0.205618
0.225809 0.165642
0.225871 0.206002
0.226948 0.311728
0.22817 0.844755
0.228999 0.777931
0.229099 0.460608
0.230682 0.0805709
0.231547 0.608824
0.232025 0.639071
0.232531 0.14995
0.233412 0.956674
0.234446 0.330376
0.234598 0.885584
0.234657 0.885841
0.235871 0.288802
0.235888 0.573353
0.236353 0.386543
0.237924 0.786201
0.239831 0.84769
0.239871 0.503845
0.240047 0.473952
0.240048 0.490465
0.240394 0.309496
0.240976 0.081219
0.24121 0.010612
0.242719 0.383545
0.242833 0.289649
0.243656 0.121771
0.245035 0.299774
0.245317 0.0358392
0.248261 0.522121
0.248767 0.0265118
0.249051 0.795259
0.249102 0.650345
0.249139 0.285588
0.250056 0.691882
0.250192 0.973879
0.250242 0.813868
0.250358 0.773176
0.250707 0.632317
0.253323 0.603105
0.25386 0.633194
0.255177 0.765375
0.255258 0.128518
0.255357 0.783536
0.25566 0.87185
0.255943 0.6407
0.256124 0.671281
0.25671 0.525682
0.259441 0.424559
0.259499 0.401486
0.261159 0.306554
0.262147 0.897894
0.262186 0.556662
0.262757 0.155634
0.26741 0.360104
0.267597 0.4957
0.267775 0.491846
0.269118 0.0698644
0.269743 0.56382
0.270275 0.508116
0.270918 0.315205
0.271232 0.600853
0.271316 0.00556102
0.271501 0.116872
0.271589 0.592823
0.27165 0.62131
0.272286 0.316255
0.272296 0.475725
0.272558 0.888576
0.272644 0.334059
0.272673 0.807876
0.27299 0.140685
0.27332 0.691757
0.274103 0.854904
0.2754 0.655639
0.275499 0.319783
0.277794 0.883427
0.277807 0.0997483
0.278645 0.180161
0.27926 0.519241
0.279469 0.0389396
0.280743 0.455721
0.28139 0.322486
0.281516 0.434408
0.282237 0.552281
0.282455 0.217174
0.282966 0.814182
0.28309 0.894556
0.283788 0.627974
0.283842 0.528617
0.284797 0.576212
0.285226 0.788422
0.285249 0.177925
0.285299 0.0259358
0.286048 0.611669
0.28642 0.859436
0.2866 0.881604
0.287737 0.98934
0.287796 0.989394
0.288698 0.150221
0.288805 0.940715
0.28954 0.304328
0.290015 0.284352
0.290103 0.769312
0.290253 0.274572
0.290665 0.201785
0.290721 0.15452
0.290782 0.172089
0.290952 0.0269217
0.291655 0.853113
0.293472 0.389235
0.294088 0.737182
0.29462 0.670497
0.295068 0.206915
0.295385 0.536399
0.295404 0.850408
0.295613 0.375233
0.29563 0.661678
0.295925 0.62009
0.296915 0.248918
0.297245 0.790245
0.297254 0.943118
0.297611 0.950279
0.297675 0.0268742
0.299184 0.377416
0.299543 0.418042
0.299969 0.581095
0.30054 0.182884
0.300952 0.0930909
0.301057 0.858814
0.301746 0.440236
0.301891 0.889537
0.302321 0.113753
0.302708 0.617905
0.302926 0.284762
0.303012 0.718796
0.303123 0.593524
0.30385 0.799013
0.303911 0.833604
0.304097 0.951215
0.304302 0.409617
0.304479 0.385383
0.304713 0.311332
0.305096 0.754195
0.305427 0.305329
0.306089 0.431335
0.306248 0.117728
0.30718 0.777495
0.307417 0.749964
0.308822 0.375315
0.30925 0.569932
0.309318 0.701954
0.309831 0.331324
0.310399 0.876748
0.311135 0.242419
0.311257 0.304041
0.311614 0.301826
0.313965 0.807116
0.314126 0.521238
0.314332 0.97838
0.314469 0.282894
0.314497 0.748062
0.3151 0.882975
0.316801 0.477554
0.316836 0.0706914
0.317789 0.079068
0.318664 0.787586
0.318722 0.761014
0.31881 0.239267
0.321123 0.114244
0.322065 0.953407
0.323071 0.854975
0.323689 0.236959
0.324234 0.401106
0.32498 0.930732
0.327121 0.91799
0.32728 0.587791
0.328406 0.513447
0.329168 0.320157
0.32918 0.531368
0.329597 0.537056
0.331544 0.256453
0.332385 0.395994
0.332622 0.380555
0.333184 0.824134
0.334086 0.976376
0.334905 0.756437
0.334935 0.25302
0.336018 0.452076
0.336125 0.246083
0.336471 0.0618892
0.336972 0.489371
0.338612 0.0555962
0.33913 0.757227
0.340311 0.607123
0.340791 0.67038
0.34231 0.203581
0.343441 0.218786
0.343534 0.778684
0.343908 0.0565352
0.345874 0.106228
0.345893 0.418876
0.346497 0.574725
0.346888 0.143358
0.346983 0.744421
0.34742 0.0794277
0.348412 0.753993
0.349443 0.0858161
0.349683 0.119151
0.349866 0.189905
0.349907 0.879839
0.349914 0.00980366
0.350548 0.667025
0.351392 0.839297
0.351647 0.127662
0.35234 0.784514
0.352708 0.964889
0.353503 0.325871
0.354071 0.863436
0.354119 0.676909
0.354295 0.643698
0.3543 0.726806
0.354705 0.520995
0.356193 0.543134
0.356244 0.395198
0.356343 0.058341
0.356982 0.790899
0.357172 0.993645
0.357278 0.776665
0.357899 0.200207
0.358048 0.721041
0.358094 0.48203
0.358162 0.632123
0.359485 0.859403
0.35949 0.956513
0.362434 0.436173
0.365096 0.170909
0.366044 0.102728
0.366228 0.195874
0.366363 0.461122
0.366635 0.0381475
0.367986 0.742343
0.368482 0.0851352
0.368815 0.681561
0.369011 0.969825
0.370056 0.523957
0.370515 0.247887
0.370522 0.370541
0.370755 0.281096
0.37095 0.552988
0.371817 0.136481
0.371824 0.24216
0.372057 0.16681
0.372556 0.547498
0.373024 0.41789
0.37392 0.470957
0.374578 0.524999
0.37473 0.080199
0.375475 0.605786
0.37556 0.0399451
0.376358 0.446766
0.377547 0.426156
0.377676 0.607952
0.378043 0.775077
0.378192 0.276196
0.379125 0.958879
0.379329 0.390022
0.381804 0.976624
0.382674 0.609728
0.383849 0.346727
0.384445 0.368894
0.384555 0.218124
0.384557 0.248616
0.384678 0.29151
0.385621 0.125108
0.385947 0.618194
0.387157 0.940167
0.387299 0.340335
0.388273 0.70489
0.38852 0.860668
0.389108 0.746249
0.390049 0.557151
0.391026 0.977695
0.391113 0.433783
0.392488 0.550006
0.392586 0.189247
0.394786 0.16784
0.394919 0.403168
0.395441 0.177154
0.396301 0.625297
0.396471 0.481327
0.396753 0.224741
0.398196 0.485335
0.398739 0.598899
0.399297 0.982857
0.399337 0.656786
0.400188 0.965502
0.400505 0.289163
0.400552 0.0694437
0.40098 0.265837
0.401113 0.508922
0.401276 0.251062
0.402569 0.983489
0.402699 0.164807
0.404023 0.414995
0.404332 0.603659
0.404833 0.0367284
0.405407 0.677743
0.405659 0.918931
0.406055 0.56974
0.406585 0.471797
0.407293 0.376253
0.408952 0.250477
0.409582 0.841355
0.409737 0.45076
0.409831 0.0213638
0.410098 0.51298
0.410358 0.890182
0.410379 0.245922
0.410599 0.933699
0.410759 0.630909
0.412063 0.542129
0.412088 0.956394
0.414157 0.730408
0.414573 0.723974
0.414698 0.83491
0.414782 0.24386
0.41513 0.0920593
0.415321 0.301301
0.415496 0.234617
0.416468 0.585538
0.418569 0.896441
0.418827 0.232625
0.419285 0.929523
0.41929 0.0108622
0.421822 0.562832
0.421874 0.429532
0.42207 0.729192
0.422365 0.694765
0.422498 0.915787
0.42288 0.344288
0.423306 0.511012
0.423419 0.398575
0.423739 0.779564
0.423806 0.907939
0.424236 0.129706
0.424694 0.8372
0.424745 0.695103
0.425269 0.489125
0.426001 0.790792
0.426691 0.39556
0.427147 0.0570747
0.427309 0.777035
0.427633 0.231357
0.427759 0.343061
0.428302 0.470501
0.429405 0.011749
0.429822 0.0129294
0.429909 0.47538
0.43014 0.367403
0.431208 0.317846
0.431387 0.318601
0.431943 0.674055
0.433654 0.429818
0.433989 0.0577681
0.434456 0.901802
0.43623 0.72199
0.437026 0.0964804
0.438451 0.0420789
0.439371 0.511633
0.439554 0.582192
0.440012 0.289867
0.440168 0.90162
0.441458 0.580624
0.441714 0.886238
0.441912 0.208939
0.442838 0.777599
0.442944 0.568021
0.444931 0.953685
0.445788 0.362618
0.445926 0.674292
0.446003 0.979543
0.446376 0.237289
0.446855 0.2938
0.446952 0.918046
0.447469 0.619489
0.447778 0.80251
0.448034 0.11174
0.448636 0.229404
0.448936 0.267692
0.449312 0.585325
0.449353 0.26863
0.449606 0.531559
0.449826 0.232821
0.450108 0.959127
0.451616 0.302397
0.452668 0.997842
0.45303 0.0735539
0.4536 0.647818
0.454383 0.821131
0.455591 0.119947
0.456246 0.129034
0.456803 0.486547
0.457143 0.206636
0.457308 0.969282
0.45956 0.833225
0.460252 0.455986
0.460675 0.570532
0.461074 0.272612
0.461392 0.614422
0.461482 0.128902
0.461484 0.163667
0.462554 0.152726
0.46288 0.630127
0.46297 0.134316
0.46363 0.229204
0.464067 0.573563
0.465345 0.0607662
0.465532 0.194711
0.465722 0.387376
0.466469 0.953003
0.467496 0.202337
0.467941 0.683634
0.468252 0.915288
0.468417 0.680367
0.468891 0.65453
0.469353 0.415369
0.469709 0.39729
0.47056 0.708401
0.470843 0.452104
0.470869 0.891578
0.47094 0.0821254
0.471322 0.51652
0.471567 0.632572
0.47173 0.358755
0.471745 0.609762
0.471812 0.745141
0.472264 0.349218
0.472354 0.856679
0.473073 0.938472
0.473273 0.304711
0.473448 0.235248
0.473826 0.590126
0.475667 0.52814
0.475743 0.804535
0.476127 0.260154
0.476307 0.298187
0.477309 0.137144
0.477925 0.484473
0.479114 0.468442
0.479668 0.786822
0.479892 0.543276
0.479934 0.246969
0.480122 0.409448
0.480293 0.28945
0.481159 0.841488
0.48125 0.362895
0.481414 0.122825
0.481745 0.682748
0.483067 0.899596
0.484423 0.696087
0.485002 0.421682
0.485566 0.915248
0.48592 0.865034
0.486465 0.0131044
0.486878 0.963077
0.487051 0.860626
0.488167 0.614508
0.488171 0.68266
0.488373 0.0837264
0.488917 0.233809
0.490116 0.376473
0.490533 0.381277
0.490604 0.587265
0.490688 0.993711
0.491063 0.292044
0.491912 0.570089
0.493132 0.0732743
0.494348 0.505819
0.494452 0.255913
0.496105 0.0369487
0.497239 0.0899786
0.497865 0.612258
0.499356 0.677403
0.499398 0.377495
0.500192 0.724797
0.500268 0.0118667
0.500848 0.754084
0.501808 0.890923
0.501831 0.26813
0.502545 0.282327
0.504055 0.64921
0.504636 0.41583
0.505128 0.686252
0.505994 0.249591
0.506946 0.239787
0.506956 0.40994
0.507114 0.0594948
0.507914 0.510261
0.508543 0.0858614
0.508823 0.786653
0.509303 0.858653
0.509799 0.19851
0.509989 0.386965
0.512222 0.914179
0.512705 0.0299044
0.513206 0.452807
0.51339 0.544841
0.51474 0.226614
0.514793 0.122053
0.516344 0.200697
0.516454 0.043666
0.518439 0.410617
0.518813 0.686668
0.518868 0.60784
0.519386 0.316976
0.519441 0.253167
0.519504 0.299998
0.519684 0.324992
0.521121 0.474577
0.521145 0.875334
0.521796 0.820269
0.52472 0.96428
0.526238 0.481789
0.526742 0.957786
0.52687 0.104003
0.527666 0.475512
0.5281 0.780112
0.528314 0.369982
0.530408 0.563959
0.530614 0.0227762
0.53087 0.324462
0.532707 0.204591
0.534625 0.437141
0.534749 0.532338
0.534865 0.47518
0.535413 0.679913
0.5357 0.507914
0.53571 0.676886
0.536452 0.15485
0.537026 0.798095
0.537497 0.712495
0.537782 0.501905
0.538029 0.648847
0.538342 0.92083
0.540262 0.175912
0.540452 0.379222
0.540471 0.701159
0.541372 0.845317
0.541706 0.446242
0.542125 0.494224
0.542207 0.870851
0.542478 0.42673
0.543861 0.679311
0.544596 0.0282495
0.545119 0.816339
0.545468 0.678994
0.546173 0.537485
0.546613 0.924513
0.547657 0.469887
0.547793 0.760689
0.548437 0.585215
0.548969 0.521723
0.54951 0.615761
0.550839 0.9435
0.550867 0.429698
0.551611 0.921647
0.554003 0.133329
0.554307 0.245005
0.55486 0.53024
0.555727 0.100295
0.556354 0.643878
0.556721 0.805328
0.558209 0.822755
0.55828 0.00561714
0.558707 0.194568
0.559232 0.02002
0.559912 0.437096
0.559931 0.754291
0.559951 0.0964913
0.560274 0.519359
0.560605 0.08984
0.560699 0.673506
0.562292 0.436793
0.562486 0.709859
0.562868 0.118622
0.563651 0.288155
0.56382 0.12271
0.56517 0.818594
0.565861 0.42866
0.566364 0.875684
0.566672 0.0531874
0.567161 0.270202
0.568221 0.0831203
0.568555 0.700927
0.569099 0.84568
0.569272 0.746547
0.569444 0.649457
0.569463 0.958552
0.570037 0.615313
0.570535 0.976129
0.571383 0.2301
0.572246 0.73489
0.57333 0.956423
0.57337 0.623104
0.573777 0.462905
0.573969 0.700118
0.574306 0.357018
0.574889 0.158379
0.575051 0.885791
0.575812 0.677577
0.576294 0.765456
0.576892 0.822677
0.576934 0.521799
0.577328 0.158599
0.577779 0.723075
0.578463 0.233081
0.578562 0.894095
0.57892 0.903103
0.579456 0.918329
0.579698 0.984511
0.579801 0.717113
0.580729 0.305879
0.581487 0.0534925
0.581675 0.214328
0.581983 0.39425
0.582271 0.22258
0.582585 0.50408
0.582859 0.105891
0.583131 0.688614
0.584008 0.428524
0.584085 0.724868
0.584433 0.572629
0.585387 0.595187
0.586944 0.773312
0.587356 0.692801
0.58841 0.409564
0.589207 0.804677
0.589231 0.204558
0.590052 0.0125192
0.591494 0.242747
0.591647 0.81893
0.59294 0.541409
0.592947 0.663657
0.592977 0.160803
0.593342 0.304981
0.596202 0.367098
0.596846 0.195521
0.597015 0.0326819
0.597284 0.555055
0.597398 0.470959
0.598144 0.00690806
0.598337 0.25302
0.599245 0.518369
0.599486 0.557206
0.599616 0.739816
0.599649 0.305874
0.599919 0.831127
0.600093 0.759731
0.601299 0.0241813
0.601399 0.716931
0.602492 0.0805361
0.603696 0.310566
0.604581 0.187711
0.606772 0.0208275
0.608665 0.82695
0.60902 0.798094
0.611293 0.00629532
0.611678 0.474523
0.611999 0.865788
0.612288 0.717292
0.613246 0.829525
0.613304 0.808635
0.613566 0.202288
0.618384 0.174718
0.61853 0.639923
0.618587 0.598042
0.619278 0.197943
0.619709 0.449536
0.620772 0.323045
0.620818 0.0864139
0.621636 0.842338
0.621688 0.707308
0.621868 0.73825
0.621911 0.459661
0.623493 0.0497897
0.623704 0.59688
0.624833 0.573806
0.625235 0.333175
0.625272 0.947381
0.625274 0.987147
0.625744 0.887389
0.626224 0.95485
0.626525 0.000377043
0.626682 0.646339
0.628128 0.948398
0.629737 0.992049
0.63095 0.380187
0.631436 0.544929
0.632548 0.229744
0.633532 0.776262
0.633543 0.960831
0.63367 0.0997465
0.634565 0.127823
0.634582 0.420154
0.634796 0.0157288
0.635074 0.690983
0.635083 0.835207
0.635348 0.302452
0.63929 0.550233
0.639797 0.0698468
0.639985 0.232983
0.641387 0.785808
0.642243 0.177718
0.644457 0.388762
0.645018 0.815616
0.646032 0.856025
0.646386 0.816556
0.646915 0.704721
0.647117 0.0982193
0.647656 0.162149
0.648948 0.875096
0.649688 0.304638
0.650011 0.743072
0.650236 0.515703
0.650812 0.19567
0.651269 0.876445
0.651757 0.0819783
0.652795 0.53007
0.652962 0.325845
0.653562 0.414786
0.654644 0.608982
0.655379 0.951714
0.656557 0.754432
0.65708 0.548837
0.657179 0.210923
0.657455 0.848258
0.658031 0.532412
0.658301 0.0661099
0.659071 0.00597055
0.660338 0.299573
0.661317 0.75503
0.662146 0.685271
0.66231 0.437054
0.663685 0.556814
0.663906 0.264494
0.664659 0.918082
0.664811 0.486422
0.665151 0.20029
0.665525 0.47354
0.665644 0.474429
0.666145 0.892026
0.667042 0.978307
0.669446 0.375443
0.669919 0.322643
0.670355 0.660005
0.670606 0.875061
0.672916 0.699339
0.673026 0.54554
0.673837 0.178214
0.673991 0.769267
0.674155 0.520197
0.674847 0.146566
0.675989 0.340001
0.676403 0.304874
0.676543 0.660706
0.677256 0.634878
0.677524 0.146968
0.677679 0.748344
0.678398 0.829151
0.678573 0.779872
0.678815 0.844559
0.679328 0.471699
0.680489 0.977743
0.680823 0.586448
0.681128 0.715036
0.681662 0.697243
0.682347 0.214497
0.683274 0.780441
0.684024 0.389989
0.684309 0.178843
0.685436 0.130592
0.687232 0.306998
0.688206 0.670057
0.688448 0.743104
0.68934 0.738873
0.690485 0.979838
0.690898 0.92718
0.691361 0.702749
0.692438 0.806941
0.693165 0.0295147
0.695934 0.561608
0.695992 0.542463
0.696865 0.209032
0.696916 0.0663094
0.696989 0.286268
0.697175 0.425761
0.697576 0.154764
0.69889 0.250272
0.698927 0.859562
0.699423 0.201204
0.700381 0.307551
0.700447 0.419913
0.701123 0.78269
0.701126 0.821587
0.702678 0.9164
0.702797 0.914457
0.703177 0.294059
0.70325 0.525444
0.70479 0.403725
0.70499 0.768822
0.70554 0.0191753
0.705625 0.445946
0.706568 0.28323
0.707809 0.140559
0.707836 0.598652
0.709118 0.141735
0.709441 0.568281
0.710304 0.0819702
0.710318 0.314828
0.710356 0.960809
0.711107 0.568761
0.711507 0.290219
0.711592 0.732713
0.711814 0.464302
0.712282 0.319598
0.712516 0.260269
0.712732 0.891031
0.71328 0.0913271
0.714633 0.839382
0.71603 0.323976
0.718265 0.872931
0.719158 0.881583
0.719456 0.892674
0.719695 0.910998
0.719885 0.104047
0.721391 0.425333
0.721684 0.340693
0.72234 0.362334
0.722735 0.00872112
0.723056 0.407922
0.72344 0.858314
0.724046 0.0486535
0.724403 0.0368669
0.724554 0.580359
0.725766 0.951224
0.726093 0.450305
0.728243 0.577585
0.7286 0.578124
0.728764 0.334994
0.729263 0.716684
0.72927 0.848542
0.729548 0.519625
0.729859 0.740376
0.73028 0.818412
0.730534 0.0846987
0.730743 0.598089
0.731183 0.989782
0.731205 0.359272
0.732755 0.419509
0.733922 0.0291501
0.734437 0.6798
0.735338 0.825508
0.735781 0.263603
0.73631 0.164212
0.737128 0.914916
0.737203 0.167737
0.73857 0.151052
0.738912 0.885269
0.739886 0.260639
0.739987 0.969809
0.740014 0.415599
0.740345 0.983247
0.740412 0.0991617
0.741096 0.603111
0.741304 0.0930921
0.741755 0.67585
0.744759 0.165026
0.747011 0.013379
0.748392 0.221914
0.749263 0.854618
0.749898 0.534207
0.751812 0.699458
0.752097 0.492436
0.752247 0.0132628
0.752308 0.034964
0.75275 0.469678
0.75376 0.43835
0.753808 0.244372
0.753924 0.196981
0.754122 0.535562
0.75434 0.200525
0.756191 0.299104
0.756487 0.269295
0.756857 0.5
0.757312 0.139711
0.76002 0.653226
0.760128 0.469741
0.760801 0.783095
0.761236 0.0993726
0.762323 0.36273
0.763098 0.388485
0.764115 0.486941
0.764639 0.294863
0.765245 0.466184
0.765657 0.391394
0.765824 0.209357
0.766382 0.573537
0.767658 0.0219289
0.768009 0.92118
0.768758 0.519334
0.768963 0.952918
0.769687 0.137182
0.770078 0.694059
0.770109 0.229798
0.771771 0.161077
0.771919 0.648375
0.772784 0.186185
0.772859 0.444508
0.773853 0.143147
0.773868 0.392895
0.775158 0.0846239
0.776033 0.780675
0.777735 0.39943
0.779617 0.0280263
0.780269 0.983041
0.780373 0.726389
0.782089 0.571913
0.783148 0.36586
0.784177 0.669954
0.784286 0.501732
0.784486 0.849907
0.784634 0.345791
0.785276 0.140256
0.785499 0.889071
0.786384 0.760159
0.787881 0.918508
0.789587 0.586687
0.790526 0.366925
0.790925 0.0801886
0.791551 0.602194
0.792348 0.986929
0.792572 0.762158
0.793676 0.316969
0.793707 0.83178
0.793808 0.522785
0.794865 0.297463
0.795935 0.281865
0.796127 0.501328
0.796676 0.740255
0.797168 0.00212276
0.798392 0.578321
0.799124 0.86864
0.799748 0.368622
0.799798 0.205965
0.799995 0.523923
0.800695 0.285508
0.801099 0.072559
0.801221 0.124672
0.801322 0.81336
0.801811 0.0365497
0.802567 0.74475
0.802705 0.0603142
0.80444 0.221147
0.804602 0.950296
0.805484 0.774762
0.807013 0.463387
0.807284 0.0244304
0.80783 0.195519
0.80827 0.592893
0.808839 0.150964
0.809639 0.607154
0.809695 0.542554
0.809745 0.379161
0.810609 0.901154
0.811548 0.680836
0.811849 0.747361
0.812334 0.895934
0.812858 0.701813
0.813441 0.503479
0.813686 0.612597
0.814313 0.162113
0.814701 0.680453
0.814888 0.817716
0.815791 0.00124765
0.81623 0.373554
0.816689 0.0951364
0.817222 0.0443784
0.817568 0.865295
0.818236 0.0924646
0.818526 0.969075
0.818695 0.802135
0.819284 0.703173
0.819979 0.394548
0.821539 0.611726
0.821893 0.551213
0.821896 0.614559
0.822093 0.909563
0.822464 0.144808
0.823308 0.330704
0.823365 0.294882
0.823694 0.826841
0.825511 0.370797
0.82572 0.87179
0.826644 0.400833
0.827094 0.971937
0.827302 0.458968
0.827788 0.62825
0.828117 0.155553
0.828528 0.0727955
0.82989 0.964503
0.830257 0.129295
0.830373 0.0744998
0.830923 0.326278
0.831252 0.858597
0.831277 0.26607
0.834534 0.00898674
0.83476 0.811358
0.835708 0.745454
0.835874 0.532941
0.835998 0.610764
0.838943 0.10801
0.839594 0.0479828
0.840657 0.928396
0.84093 0.508661
0.841339 0.382279
0.841879 0.468271
0.842527 0.355041
0.842653 0.464631
0.845933 0.592887
0.846009 0.878603
0.846289 0.57102
0.847669 0.77514
0.848836 0.378599
0.850153 0.517527
0.850374 0.242988
0.850491 0.199839
0.851355 0.718568
0.851704 0.58901
0.85196 0.899031
0.852061 0.593792
0.852107 0.368125
0.852617 0.926322
0.853002 0.410837
0.853132 0.59477
0.853164 0.13331
0.853346 0.185837
0.853877 0.106708
0.854834 0.189146
0.855272 0.560208
0.855353 0.912072
0.855593 0.954392
0.855874 0.681308
0.856058 0.77281
0.856133 0.0212878
0.856987 0.386675
0.857102 0.30696
0.857512 0.202829
0.85805 0.248625
0.858069 0.559927
0.860296 0.00151988
0.860549 0.240673
0.860914 0.38568
0.861106 0.603304
0.861138 0.143761
0.861733 0.15123
0.862775 0.667302
0.863886 0.3314
0.864325 0.707339
0.865047 0.847579
0.867516 0.344179
0.867555 0.995927
0.867801 0.133948
0.86875 0.0769273
0.868888 0.394769
0.86954 0.366016
0.869717 0.332539
0.870372 0.339466
0.870781 0.217749
0.871179 0.90222
0.87258 0.458597
0.873327 0.00812569
0.874613 0.615291
0.874858 0.731429
0.875835 0.15476
0.876705 0.779427
0.877088 0.21732
0.877228 0.571327
0.877398 0.435019
0.877895 0.776669
0.878199 0.884212
0.878461 0.296664
0.878668 0.774844
0.878718 0.605456
0.879379 0.720982
0.879619 0.764069
0.881708 0.868442
0.88231 0.980213
0.882495 0.0898957
0.882596 0.79804
0.883088 0.0643451
0.883853 0.920839
0.88458 0.135329
0.88479 0.660443
0.885479 0.239564
0.886627 0.545479
0.887038 0.452133
0.888213 0.189946
0.888222 0.348117
0.888611 0.876969
0.8893 0.456606
0.890522 0.00178817
0.891409 0.905277
0.891555 0.373252
0.892398 0.539458
0.892502 0.284957
0.892918 0.277638
0.893219 0.339476
0.894517 0.152819
0.895211 0.807089
0.896539 0.133099
0.896587 0.934918
0.896853 0.405152
0.896889 0.0199293
0.897606 0.0577852
0.897657 0.920869
0.897771 0.836741
0.898115 0.610262
0.898741 0.142708
0.899256 0.803149
0.900269 0.826151
0.901454 0.737562
0.901833 0.10663
0.902479 0.964144
0.902624 0.394967
0.903127 0.852502
0.903324 0.164379
0.903578 0.437224
0.904601 0.625332
0.904856 0.911263
0.904964 0.732311
0.905219 0.0131546
0.905897 0.416018
0.90643 0.371005
0.906913 0.486355
0.907327 0.436758
0.907651 0.888724
0.907894 0.980592
0.908043 0.47675
0.908356 0.737651
0.908848 0.999667
0.909442 0.987093
0.909803 0.0513317
0.91055 0.606237
0.91128 0.884472
0.913223 0.542165
0.913364 0.90677
0.91487 0.222852
0.915201 0.774933
0.915335 0.0366518
0.915611 0.680389
0.915886 0.295497
0.91623 0.0816649
0.916319 0.574318
0.91919 0.818719
0.921299 0.275357
0.921906 0.471363
0.92219 0.250841
0.923031 0.383229
0.923364 0.976672
0.923576 0.547766
0.925181 0.51857
0.92583 0.426235
0.925879 0.247409
0.926036 0.884426
0.926429 0.496338
0.92648 0.343645
0.926656 0.305855
0.927032 0.624756
0.927265 0.548037
0.928078 0.208972
0.928649 0.804288
0.930065 0.5975
0.930716 0.543131
0.932647 0.997245
0.933088 0.413348
0.934157 0.377237
0.934743 0.2303
0.934744 0.235989
0.936353 0.284039
0.936528 0.224421
0.938032 0.496042
0.938321 0.36103
0.938679 0.382451
0.940568 0.128842
0.941723 0.534528
0.943247 0.154406
0.943383 0.432193
0.944176 0.761705
0.944332 0.388015
0.944654 0.800349
0.94494 0.605865
0.945908 0.875102
0.946458 0.112245
0.947201 0.608922
0.947721 0.349591
0.949091 0.369666
0.949232 0.744625
0.950473 0.598362
0.95112 0.477109
0.952045 0.012804
0.952246 0.404627
0.953628 0.624463
0.953856 0.456872
0.954156 0.499214
0.955115 0.621237
0.955283 0.448419
0.955785 0.883954
0.955818 0.433756
0.955889 0.627074
0.957041 0.987696
0.958104 0.846289
0.958295 0.0595922
0.959525 0.73621
0.960267 0.214166
0.960455 0.360625
0.960946 0.622829
0.961214 0.118257
0.963509 0.691778
0.965091 0.288566
0.965154 0.351544
0.96622 0.258058
0.966729 0.814306
0.966878 0.312421
0.96719 0.56825
0.967603 0.502578
0.968112 0.0498888
0.968245 0.285945
0.968296 0.158374
0.9685 0.580078
0.968797 0.575266
0.968918 0.607939
0.968919 0.612908
0.969309 0.168839
0.969621 0.420395
0.97037 0.00624569
0.970975 0.173247
0.971258 0.935022
0.971381 0.00345271
0.972062 0.450966
0.972091 0.938173
0.972819 0.176846
0.973115 0.14929
0.973697 0.930585
0.973913 0.558318
0.975562 0.264894
0.975753 0.484381
0.976423 0.747434
0.977481 0.515327
0.97786 0.891525
0.978066 0.358465
0.978575 0.904947
0.979308 0.231024
0.979611 0.320317
0.979964 0.252282
0.980135 0.130727
0.980577 0.564604
0.981233 0.578152
0.982325 0.938118
0.98287 0.0942185
0.984937 0.828436
0.985602 0.00954688
0.985767 0.787642
0.985858 0.318597
0.986265 0.161247
0.986466 0.53575
0.987544 0.651016
0.98835 0.205771
0.988582 0.0985058
0.989172 0.0214655
0.991451 0.312439
0.991772 0.720108
0.994451 0.735936
0.994726 0.368231
0.995057 0.928084
0.995341 0.702224
0.995667 0.182537
0.996326 0.246072
0.996793 0.0975174
0.99864 0.1496
0.999952 0.194275
