0.000590945 0.932015
0.00153726 0.836762
0.00326341 0.848111
0.0034313 0.669823
0.00349922 0.811385
0.00522867 0.878301
0.00584403 0.220676
0.00701823 0.955383
0.00825108 0.675977
0.00828654 0.271814
0.00865624 0.485497
0.00953239 0.21085
0.0113878 0.39451
0.0180255 0.954011
0.0201849 0.248204
0.0216327 0.58084
0.0220967 0.379684
0.0251058 0.953987
0.0252754 0.803294
0.0264273 0.163392
0.0264791 0.0346936
0.0279606 0.934107
0.0282067 0.070367
0.0290638 0.475911
0.0305834 0.0153261
0.0309308 0.853751
0.0313529 0.948542
0.0319033 0.198708
0.034165 0.210695
0.0362344 0.991862
0.0365923 0.0073742
0.0373917 0.442777
0.0379772 0.2823
0.0389348 0.377095
0.0392864 0.286599
0.0429637 0.0915464
0.0441489 0.0105953
0.0464985 0.500561
0.0471744 0.859698
0.0474419 0.355752
0.0481299 0.91958
0.0481926 0.973722
0.0513886 0.687816
0.0519325 0.830158
0.0528802 0.758236
0.0529142 0.329529
0.0558541 0.740693
0.0572341 0.933567
0.0573779 0.350021
0.058565 0.301996
0.0605996 0.496741
0.0606137 0.734984
0.0614163 0.223747
0.0618134 0.898137
0.0628356 0.0780822
0.0642196 0.338842
0.0642704 0.192527
0.0645464 0.831779
0.0671223 0.125344
0.0677905 0.35415
0.0686335 0.523854
0.0727431 0.593848
0.0752659 0.994228
0.0755886 0.418215
0.0776328 0.774168
0.077737 0.525921
0.0786353 0.624075
0.079221 0.468161
0.0807021 0.360844
0.0820389 0.827251
0.0837974 0.383519
0.0846867 0.329794
0.0856206 0.0250458
0.0864806 0.479755
0.0870369 0.829973
0.0884798 0.0804401
0.0893101 0.0344182
0.0899686 0.101632
0.0936194 0.460547
0.0953045 0.782878
0.0953144 0.9494
0.0957402 0.10584
0.0987947 0.4424
0.0992652 0.349413
0.0993408 0.620697
0.0997786 0.979096
0.100585 0.532411
0.101703 0.32865
0.101734 0.847742
0.103712 0.090198
0.103769 0.0508301
0.103845 0.321879
0.1049 0.055266
0.105241 0.78618
0.107055 0.266867
0.10761 0.596791
0.10772 0.456188
0.113668 0.423835
0.113671 0.473368
0.114747 0.548438
0.114956 0.0596369
0.116052 0.488725
0.116702 0.409242
0.117855 0.786557
0.117882 0.236401
0.117967 0.67499
0.119614 0.359174
0.121814 0.335826
0.122937 0.198182
0.123133 0.490838
0.124411 0.978831
0.124876 0.794502
0.124898 0.164485
0.125816 0.591026
0.126583 0.48259
0.128152 0.848595
0.12977 0.0509025
0.130151 0.452325
0.130431 0.147058
0.131886 0.600886
0.132131 0.725304
0.134433 0.41118
0.138741 0.82816
0.140057 0.931768
0.140354 0.922417
0.144216 0.840741
0.144983 0.733894
0.145367 0.184826
0.145913 0.355663
0.146535 0.81174
0.147344 0.412029
0.147695 0.314637
0.14773 0.903024
0.148708 0.33872
0.148834 0.44878
0.14907 0.413837
0.149587 0.109779
0.149758 0.979755
0.150782 0.1911
0.151153 0.425664
0.153112 0.347912
0.153875 0.181819
0.154334 0.891865
0.154648 0.177067
0.156563 0.349972
0.157846 0.920283
0.157983 0.219772
0.158312 0.752546
0.158317 0.826481
0.158336 0.14665
0.158567 0.0377255
0.158707 0.390888
0.158817 0.239046
0.159053 0.2048
0.15991 0.613929
0.160063 0.175656
0.160643 0.930106
0.163671 0.82349
0.164608 0.561818
0.165267 0.649357
0.168753 0.238536
0.171953 0.00571594
0.173822 0.428792
0.175293 0.152833
0.176881 0.834498
0.178518 0.358149
0.179132 0.673272
0.183461 0.437312
0.183838 0.771365
0.18389 0.641689
0.185454 0.928499
0.185574 0.949197
0.185962 0.466254
0.188145 0.145441
0.189245 0.635927
0.189827 0.42875
0.190937 0.0832453
0.191077 0.425239
0.191094 0.723901
0.19118 0.163312
0.192416 0.932015
0.193127 0.893008
0.194013 0.774653
0.1946 0.634368
0.19625 0.37131
0.196907 0.423983
0.198184 0.872195
0.198644 0.613515
0.199235 0.536889
0.200137 0.69886
0.202972 0.347588
0.203296 0.796862
0.207709 0.957127
0.208882 0.671892
0.209229 0.503765
0.209294 0.601969
0.210003 0.525764
0.212158 0.735721
0.213382 0.307998
0.213391 0.462577
0.215552 0.783489
0.216012 0.519338
0.216912 0.646927
0.217804 0.632437
0.218706 0.78795
0.219613 0.0347583
0.21995 0.707045
0.220119 0.531699
0.221072 0.554859
0.221704 0.184368
0.222169 0.995351
0.222923 0.663589
0.224212 0.338226
0.225662 0.700586
0.226021 0.73946
0.226604 0.537949
0.229036 0.405801
0.230386 0.093851
0.230496 0.951862
0.230665 0.789735
0.231982 0.927004
0.232667 0.439006
0.233133 0.274548
0.235533 0.609871
0.235813 0.303431
0.236396 0.107265
0.237172 0.141903
0.239658 0.938323
0.240345 0.471519
0.242989 0.913651
0.243158 0.758755
0.243451 0.686691
0.244452 0.507445
0.245517 0.409537
0.246154 0.11097
0.247595 0.33298
0.249117 0.914869
0.24926 0.315803
0.249517 0.639715
0.253889 0.120448
0.256538 0.635279
0.256889 0.532691
0.25696 0.735001
0.257269 0.917169
0.260003 0.872145
0.260128 0.96854
0.260831 0.779118
0.260905 0.0355636
0.260953 0.829651
0.261256 0.934697
0.26143 0.862002
0.26145 0.195585
0.263659 0.320015
0.266367 0.823113
0.267505 0.955345
0.268269 0.791742
0.268286 0.0834616
0.268962 0.446512
0.271908 0.957611
0.272214 0.0985498
0.275019 0.245772
0.276011 0.920094
0.279651 0.0965064
0.280898 0.0495126
0.280981 0.449916
0.281385 0.233437
0.281817 0.501927
0.281951 0.753668
0.285449 0.539601
0.285859 0.436894
0.286014 0.035429
0.286212 0.359625
0.286254 0.0759643
0.287876 0.333361
0.288757 0.130654
0.289171 0.0935245
0.294842 0.415118
0.297339 0.376909
0.297522 0.455881
0.298334 0.099457
0.29952 0.0274828
0.300023 0.484258
0.300438 0.456849
0.300555 0.427967
0.300947 0.00898089
0.301641 0.677471
0.303078 0.826962
0.303368 0.698564
0.30443 0.552375
0.304661 0.43445
0.30679 0.224531
0.306903 0.121048
0.307885 0.621445
0.310933 0.851379
0.312099 0.455267
0.313601 0.698423
0.317301 0.885892
0.317398 0.50491
0.318009 0.775306
0.318261 0.00454253
0.320155 0.847691
0.321073 0.267705
0.321902 0.208253
0.322098 0.501949
0.322285 0.640879
0.322945 0.743656
0.326208 0.569705
0.326529 0.978297
0.326717 0.127346
0.327104 0.632194
0.327539 0.947361
0.327703 0.699511
0.328713 0.671854
0.328789 0.959957
0.329212 0.0694384
0.329791 0.796833
0.330552 0.584791
0.332885 0.793242
0.33343 0.965528
0.334411 0.440646
0.334695 0.213807
0.335248 0.5163
0.33533 0.889883
0.336951 0.136307
0.33815 0.284278
0.338362 0.849846
0.339458 0.272399
0.340949 0.32982
0.34208 0.335485
0.342825 0.860454
0.343545 0.96276
0.343873 0.470184
0.34472 0.714512
0.345035 0.0111094
0.345446 0.907792
0.345483 0.533596
0.345668 0.646582
0.346129 0.393928
0.346365 0.359479
0.3464 0.95325
0.347851 0.339277
0.349305 0.773719
0.349743 0.135687
0.352601 0.158524
0.354033 0.230001
0.354669 0.916423
0.355913 0.825062
0.355946 0.384968
0.356013 0.508217
0.358999 0.688564
0.359082 0.0953695
0.359248 0.881314
0.360103 0.247108
0.361147 0.790064
0.361854 0.68112
0.362985 0.689782
0.364172 0.639902
0.365213 0.141409
0.36567 0.808621
0.365992 0.219679
0.366041 0.0518021
0.366164 0.113276
0.368135 0.244911
0.368272 0.542772
0.370351 0.482431
0.37182 0.171034
0.372354 0.156105
0.373025 0.435054
0.376675 0.77081
0.376766 0.311032
0.377541 0.325486
0.377995 0.956908
0.379103 0.58513
0.37936 0.9052
0.380592 0.602417
0.381092 0.0168519
0.381849 0.733426
0.381851 0.770116
0.382139 0.613394
0.382511 0.870671
0.39044 0.122363
0.390521 0.481835
0.392578 0.0646979
0.395406 0.583375
0.395513 0.393403
0.397364 0.505272
0.397525 0.200501
0.397695 0.0628234
0.398584 0.00107703
0.401748 0.183142
0.40189 0.562515
0.403632 0.845525
0.405716 0.866172
0.405759 0.582997
0.406258 0.982507
0.408673 0.563922
0.410138 0.190681
0.41184 0.787397
0.412837 0.555581
0.412868 0.0792742
0.4133 0.332495
0.413493 0.584625
0.414895 0.138115
0.415832 0.884308
0.416543 0.830236
0.417385 0.984561
0.417686 0.0465626
0.417927 0.0983287
0.420258 0.281735
0.422463 0.334029
0.42414 0.524259
0.42495 0.140772
0.425462 0.73634
0.426973 0.130975
0.429689 0.778822
0.432372 0.868226
0.432978 0.0548557
0.434398 0.927505
0.438259 0.822389
0.439529 0.16172
0.440965 0.305741
0.441417 0.896145
0.446249 0.112547
0.447819 0.494823
0.448027 0.983865
0.449894 0.361713
0.4502 0.518437
0.450737 0.536144
0.450982 0.649097
0.454545 0.530604
0.454762 0.178671
0.455607 0.389698
0.45566 0.281231
0.457391 0.367674
0.457446 0.295874
0.45777 0.743942
0.457999 0.584937
0.458867 0.172303
0.459218 0.084757
0.459495 0.734747
0.459923 0.923674
0.46004 0.885894
0.460196 0.51629
0.464225 0.227266
0.465419 0.29187
0.466422 0.156702
0.466682 0.528425
0.467521 0.633069
0.469568 0.024045
0.46959 0.401699
0.473066 0.82164
0.473666 0.902136
0.47482 0.29678
0.475123 0.397201
0.475179 0.338643
0.475286 0.127336
0.475545 0.487367
0.475555 0.655149
0.476758 0.863734
0.478329 0.278357
0.479145 0.998217
0.479474 0.519016
0.481129 0.342541
0.481297 0.167062
0.482986 0.53848
0.483665 0.955737
0.485687 0.941103
0.488073 0.0448203
0.490256 0.727052
0.490481 0.509302
0.49122 0.932857
0.494792 0.977317
0.495523 0.254175
0.497098 0.732324
0.497753 0.737013
0.498292 0.799737
0.498754 0.564169
0.500304 0.614411
0.500812 0.150468
0.505225 0.312501
0.505541 0.631442
0.50782 0.935877
0.507948 0.0747612
0.508054 0.862601
0.508062 0.992973
0.50983 0.715974
0.510934 0.27552
0.511211 0.925142
0.51384 0.116149
0.514621 0.235077
0.514669 0.039675
0.514701 0.582653
0.515558 0.991359
0.515705 0.451586
0.519113 0.734168
0.520069 0.796045
0.52063 0.223408
0.52145 0.0116235
0.522719 0.343966
0.52356 0.47471
0.523991 0.714321
0.525115 0.607584
0.526425 0.625367
0.526678 0.869521
0.527037 0.907056
0.527969 0.568302
0.528693 0.745374
0.530478 0.743777
0.530901 0.856851
0.532437 0.671597
0.533185 0.246076
0.533396 0.784245
0.536402 0.304374
0.536658 0.604072
0.540379 0.141513
0.540444 0.247003
0.541374 0.86583
0.542923 0.903041
0.543162 0.924746
0.54352 0.943686
0.548555 0.556027
0.550052 0.715457
0.55506 0.892824
0.557051 0.359952
0.558232 0.205308
0.558417 0.309567
0.559175 0.0561165
0.559447 0.627139
0.561795 0.0886553
0.562128 0.686677
0.562764 0.381019
0.563203 0.756144
0.564004 0.220645
0.565558 0.338272
0.566078 0.0752162
0.566537 0.783423
0.567451 0.15305
0.567566 0.0816087
0.56914 0.536646
0.57007 0.17212
0.573159 0.0792931
0.573359 0.447066
0.574526 0.0623265
0.574544 0.35634
0.575651 0.959612
0.575975 0.413464
0.577463 0.426454
0.577586 0.494807
0.577974 0.0173735
0.58059 0.968745
0.586 0.894243
0.586247 0.0529564
0.588593 0.489061
0.589216 0.956673
0.589511 0.903815
0.592897 0.815857
0.594802 0.845375
0.596012 0.174651
0.596309 0.164736
0.596688 0.52759
0.596887 0.887928
0.597841 0.909046
0.597876 0.497941
0.598453 0.192731
0.598739 0.999976
0.600348 0.0499199
0.600563 0.66031
0.601024 0.408173
0.602397 0.485749
0.602608 0.0275802
0.603798 0.0352236
0.604865 0.963338
0.606998 0.81023
0.60725 0.0486084
0.610576 0.943285
0.611178 0.0645653
0.611273 0.659345
0.611302 0.159528
0.611912 0.400207
0.612797 0.286125
0.613317 0.0246893
0.616153 0.687216
0.616969 0.393927
0.619071 0.729491
0.619907 0.776603
0.620783 0.502473
0.622275 0.582331
0.623339 0.457618
0.62384 0.880427
0.624456 0.225627
0.62578 0.490129
0.625817 0.0981912
0.626742 0.660347
0.631189 0.385746
0.631746 0.757479
0.632737 0.412267
0.636013 0.474093
0.636319 0.606955
0.637144 0.484219
0.637616 0.409497
0.637641 0.826729
0.641035 0.874974
0.641532 0.222039
0.641899 0.399236
0.642194 0.356169
0.642298 0.106591
0.642702 0.900576
0.64345 0.464552
0.645017 0.800222
0.64709 0.637137
0.649531 0.659372
0.649952 0.74899
0.651213 0.937359
0.651798 0.774722
0.651925 0.905505
0.652648 0.0535097
0.652905 0.376843
0.653959 0.0866175
0.655493 0.875647
0.655646 0.448714
0.65583 0.541406
0.656019 0.718082
0.656327 0.880833
0.656667 0.598802
0.656852 0.703992
0.657016 0.459289
0.65857 0.582637
0.658631 0.611546
0.659467 0.662994
0.659619 0.213264
0.660753 0.283355
0.661076 0.699351
0.661415 0.399961
0.661521 0.190501
0.66199 0.0717413
0.664777 0.903279
0.664981 0.339173
0.665613 0.951659
0.665769 0.57714
0.667828 0.18194
0.66895 0.041463
0.672201 0.681432
0.672236 0.273247
0.67331 0.322513
0.673719 0.195341
0.675161 0.431666
0.678482 0.243329
0.679418 0.975826
0.679722 0.0883857
0.679783 0.10608
0.681419 0.61108
0.682254 0.637757
0.682911 0.686125
0.683495 0.497809
0.683659 0.263515
0.68432 0.360321
0.685015 0.0527521
0.685053 0.67977
0.686009 0.758004
0.69005 0.678039
0.69265 0.371406
0.694116 0.000903854
0.69557 0.436762
0.695672 0.166867
0.69631 0.885025
0.697725 0.661151
0.698394 0.902157
0.698401 0.022433
0.699412 0.0149286
0.701207 0.194027
0.701725 0.898655
0.702671 0.795624
0.703365 0.45963
0.704694 0.796808
0.704798 0.539239
0.706203 0.149916
0.707168 0.368501
0.708388 0.881399
0.711828 0.691024
0.712285 0.36539
0.715429 0.21312
0.715989 0.628595
0.717449 0.162345
0.71804 0.100464
0.720607 0.249304
0.721917 0.263003
0.725167 0.887609
0.726358 0.891809
0.731505 0.401505
0.732809 0.325732
0.733546 0.713521
0.73651 0.515862
0.736617 0.329568
0.739345 0.168018
0.740459 0.893734
0.7409 0.309203
0.743069 0.752136
0.74364 0.358104
0.74437 0.631236
0.745524 0.02865
0.749019 0.763516
0.749891 0.417657
0.750948 0.186075
0.752135 0.131757
0.752238 0.863286
0.752907 0.110945
0.753094 0.253467
0.753697 0.385845
0.754543 0.612282
0.755176 0.247504
0.755273 0.8792
0.755492 0.561796
0.755697 0.00809124
0.757701 0.681319
0.75773 0.172791
0.759777 0.577581
0.759855 0.886471
0.759978 0.942732
0.763303 0.833965
0.7658 0.793142
0.768687 0.323456
0.769309 0.770172
0.770057 0.344166
0.770963 0.571729
0.771359 0.232799
0.772537 0.0238242
0.773587 0.671762
0.773882 0.634549
0.774295 0.56926
0.775125 0.530454
0.776425 0.3682
0.776691 0.849845
0.777514 0.678273
0.778097 0.484213
0.779632 0.271841
0.779643 0.463564
0.781452 0.861565
0.782343 0.839976
0.782743 0.56271
0.786585 0.133551
0.789656 0.740121
0.790105 0.294618
0.790938 0.298411
0.793549 0.170987
0.794162 0.476468
0.794325 0.222467
0.7952 0.922909
0.796405 0.18696
0.797954 0.216313
0.798023 0.379108
0.79807 0.169047
0.798236 0.950547
0.798612 0.275537
0.799526 0.639615
0.79983 0.735239
0.800845 0.798289
0.80104 0.0817798
0.801421 0.474108
0.801649 0.318741
0.803588 0.906905
0.80419 0.0249295
0.804689 0.415854
0.807312 0.488456
0.808616 0.415336
0.809119 0.857328
0.812739 0.696611
0.813046 0.860207
0.814634 0.551202
0.815009 0.853573
0.815134 0.955674
0.816122 0.57021
0.817933 0.00246016
0.818424 0.251093
0.819371 0.16949
0.819757 0.663357
0.820868 0.32737
0.82099 0.382058
0.822551 0.606969
0.824008 0.102307
0.82449 0.201363
0.82472 0.0668693
0.826038 0.216457
0.826968 0.846937
0.829111 0.866855
0.831196 0.917977
0.831321 0.0141295
0.832017 0.71661
0.832434 0.72233
0.8342 0.399546
0.834856 0.425147
0.835164 0.59959
0.835788 0.0865418
0.83656 0.0607759
0.836818 0.396303
0.836876 0.370185
0.838325 0.721612
0.838491 0.524493
0.838592 0.208454
0.839786 0.288021
0.841174 0.606172
0.84624 0.755575
0.846353 0.653555
0.848711 0.293662
0.850484 0.0928445
0.851094 0.337437
0.852934 0.258295
0.853732 0.667448
0.854318 0.524572
0.855609 0.217061
0.85577 0.921838
0.857053 0.483564
0.860124 0.102468
0.860167 0.824294
0.861623 0.299777
0.863729 0.69879
0.865411 0.968755
0.866117 0.831417
0.866398 0.554451
0.86702 0.0074987
0.867571 0.273247
0.868306 0.613044
0.869444 0.737756
0.870477 0.10173
0.871647 0.77932
0.872769 0.634522
0.873172 0.405334
0.87461 0.568779
0.874618 0.707345
0.875064 0.202408
0.875221 0.845076
0.876625 0.431624
0.878213 0.118009
0.881036 0.568316
0.882297 0.764597
0.883498 0.946635
0.883512 0.184713
0.885057 0.156856
0.885661 0.296113
0.8863 0.0393311
0.889294 0.36197
0.890241 0.27283
0.890574 0.880588
0.89161 0.295715
0.893182 0.707919
0.893378 0.997045
0.89348 0.715504
0.894268 0.968052
0.895153 0.835109
0.895564 0.736276
0.89598 0.737816
0.896934 0.767191
0.897364 0.00345984
0.897745 0.402323
0.898533 0.64407
0.90045 0.858572
0.90096 0.436461
0.901847 0.339089
0.903728 0.959256
0.904453 0.140178
0.906118 0.131712
0.906407 0.978857
0.907655 0.954958
0.90895 0.723378
0.910361 0.436299
0.910505 0.851039
0.911672 0.479691
0.912879 0.751004
0.915775 0.428063
0.915988 0.017627
0.916985 0.772686
0.918521 0.579301
0.918656 0.851273
0.91907 0.804055
0.919381 0.0332123
0.922092 0.593537
0.926759 0.0387618
0.929168 0.534549
0.929189 0.882634
0.929815 0.408091
0.930731 0.800783
0.93497 0.0373743
0.936638 0.0832703
0.938243 0.045355
0.940578 0.286356
0.941854 0.742684
0.942662 0.319822
0.943342 0.741218
0.943957 0.0900498
0.944576 0.49034
0.944746 0.349993
0.945144 0.0389251
0.94516 0.309561
0.945436 0.942067
0.945481 0.69883
0.94625 0.62224
0.947038 0.868933
0.949246 0.979095
0.950035 0.233959
0.951089 0.955912
0.952375 0.561387
0.953863 0.581217
0.956539 0.55285
0.958216 0.744919
0.958471 0.0289089
0.959502 0.347514
0.961151 0.0648429
0.964926 0.510894
0.964974 0.310123
0.965603 0.887453
0.966831 0.523366
0.967026 0.805777
0.969687 0.532061
0.969927 0.564856
0.970849 0.0529899
0.97269 0.992365
0.973573 0.840138
0.978669 0.487423
0.978813 0.904495
0.980637 0.570675
0.981471 0.581121
0.98269 0.0785306
0.982817 0.197348
0.98291 0.764257
0.983554 0.583955
0.98405 0.927929
0.984599 0.149434
0.984674 0.41423
0.985234 0.836631
0.986975 0.089682
0.988074 0.566613
0.988555 0.641078
0.98945 0.693831
0.989671 0.397841
0.990047 0.723167
0.990958 0.036562
0.992305 0.672527
0.992362 0.635789
0.993102 0.0575283
0.993133 0.589972
0.993437 0.702618
0.993589 0.254969
0.994096 0.773056
0.994869 0.75604
0.99512 0.984816
0.996092 0.318573
0.996429 0.98301
0.996786 0.986336
0.997644 0.409865
0.998067 0.518744
0.999192 0.416929
