0.00175526 0.500607
0.0100312 0.593956
0.0106257 0.585733
0.0107724 0.0520176
0.0112601 0.247698
0.0112664 0.354848
0.0118075 0.449019
0.0142317 0.193019
0.0154163 0.10216
0.0189717 0.857741
0.0197116 0.293537
0.0234918 0.826782
0.0254978 0.541098
0.0256087 0.404611
0.0282078 0.0877885
0.0283165 0.915653
0.030107 0.00866863
0.030377 0.54585
0.0304581 0.908702
0.0356467 0.11363
0.0369972 0.811377
0.0376634 0.0092992
0.0386829 0.14274
0.0389043 0.864977
0.0393461 0.289423
0.0400604 0.295371
0.0427015 0.6848
0.0432476 0.863213
0.0465007 0.537078
0.0536266 0.302145
0.0537009 0.551617
0.0602744 0.0324173
0.0603294 0.956633
0.0606923 0.0551046
0.0618518 0.543351
0.0620422 0.742505
0.0626983 0.770931
0.0682534 0.134163
0.0721982 0.434366
0.0732361 0.87932
0.0734664 0.75061
0.0740142 0.957167
0.0779763 0.547376
0.0793952 0.394487
0.0800543 0.472079
0.0871713 0.0876616
0.0919748 0.821302
0.0955364 0.679995
0.0959985 0.446509
0.0971657 0.0638197
0.0979591 0.399147
0.0985237 0.888322
0.0992519 0.127324
0.099953 0.910846
0.100382 0.113336
0.104612 0.220182
0.105315 0.0372248
0.105363 0.835726
0.105444 0.196544
0.108626 0.670071
0.111468 0.445367
0.113724 0.356026
0.11396 0.322508
0.113982 0.702423
0.118283 0.97939
0.119726 0.240649
0.120181 0.875585
0.124389 0.599135
0.130006 0.0191535
0.131774 0.73263
0.131787 0.945906
0.13519 0.135213
0.135756 0.655905
0.136646 0.610516
0.137272 0.134353
0.137575 0.220867
0.142571 0.190671
0.143372 0.659454
0.144957 0.293974
0.146664 0.984293
0.149306 0.380453
0.149584 0.063525
0.153164 0.229975
0.159657 0.362011
0.159686 0.846087
0.167047 0.561654
0.168792 0.888093
0.178898 0.743175
0.181367 0.240588
0.182925 0.419801
0.18301 0.849444
0.184193 0.730824
0.184816 0.208212
0.186569 0.657243
0.191531 0.0622496
0.191805 0.667215
0.193873 0.430797
0.194311 0.787318
0.195812 0.00564813
0.196397 0.836867
0.197669 0.22977
0.199315 0.8955
0.200751 0.018992
0.208589 0.762301
0.212457 0.764962
0.225272 0.141987
0.226883 0.221053
0.229003 0.86129
0.229168 0.626314
0.229566 0.318322
0.230608 0.824799
0.231865 0.956113
0.23216 0.907356
0.232457 0.901871
0.233861 0.509989
0.239535 0.862073
0.24588 0.508618
0.248025 0.562322
0.250767 0.641433
0.257339 0.0961564
0.260411 0.725478
0.2631 0.91509
0.265678 0.243459
0.266322 0.0783711
0.266723 0.818534
0.267203 0.887012
0.275836 0.97727
0.27589 0.878469
0.276058 0.707779
0.280709 0.879872
0.282938 0.346056
0.282986 0.14163
0.283461 0.128674
0.289325 0.691754
0.291631 0.450071
0.291904 0.0275345
0.292627 0.183209
0.292799 0.0769617
0.293151 0.997438
0.293805 0.978358
0.295361 0.125264
0.297116 0.630747
0.298729 0.741251
0.29988 0.0771802
0.301176 0.86429
0.301742 0.371567
0.302778 0.789864
0.302975 0.105333
0.30646 0.666478
0.307699 0.494215
0.308079 0.884782
0.312091 0.30659
0.312621 0.216442
0.313474 0.56245
0.314281 0.125439
0.316259 0.361861
0.316717 0.0619833
0.322112 0.730338
0.324767 0.358902
0.328069 0.859819
0.328357 0.701109
0.328488 0.898166
0.337705 0.810541
0.338141 0.133753
0.341739 0.606426
0.344081 0.962803
0.344195 0.879481
0.34478 0.720545
0.345375 0.724304
0.346765 0.0744099
0.347464 0.832825
0.350936 0.175426
0.353391 0.450234
0.357558 0.470005
0.360703 0.343845
0.367486 0.338317
0.370464 0.393905
0.374972 0.146084
0.375183 0.694294
0.376387 0.932267
0.3778 0.688945
0.378721 0.164635
0.380009 0.809086
0.381729 0.723732
0.38529 0.569927
0.38545 0.26165
0.38617 0.36596
0.389246 0.0586908
0.390071 0.9166
0.390708 0.621172
0.391338 0.209498
0.391761 0.325178
0.394832 0.933908
0.395488 0.959799
0.396459 0.279548
0.398584 0.999629
0.398668 0.409784
0.39939 0.547967
0.414922 0.598321
0.415087 0.369302
0.416086 0.156934
0.417635 0.195938
0.418538 0.375533
0.420695 0.625233
0.422857 0.951733
0.423161 0.0637217
0.423617 0.733884
0.423725 0.549187
0.426764 0.621467
0.429033 0.752336
0.431169 0.655414
0.43533 0.586136
0.440749 0.664092
0.442572 0.313602
0.443533 0.466954
0.447154 0.311912
0.458888 0.528888
0.46077 0.168543
0.461686 0.560084
0.465022 0.631363
0.467405 0.680186
0.470692 0.916838
0.471713 0.0738984
0.473141 0.0785782
0.474172 0.409056
0.47566 0.420778
0.477985 0.496212
0.480241 0.417459
0.480314 0.638545
0.481704 0.00374012
0.483184 0.865799
0.487925 0.553859
0.48806 0.830558
0.489951 0.610336
0.492955 0.0922494
0.494047 0.448106
0.494508 0.191493
0.496492 0.545655
0.496695 0.960855
0.505595 0.529847
0.515832 0.584764
0.519274 0.438476
0.521614 0.768055
0.52195 0.4119
0.5228 0.692316
0.527642 0.0763041
0.528974 0.458171
0.529656 0.928529
0.532761 0.112826
0.534816 0.652566
0.535022 0.113558
0.53598 0.213871
0.536676 0.9093
0.536869 0.15423
0.542049 0.220068
0.54259 0.304049
0.543147 0.669262
0.551025 0.0736094
0.555478 0.919589
0.556747 0.245076
0.558921 0.783318
0.559148 0.592795
0.559812 0.768381
0.561431 0.966799
0.563129 0.501185
0.56522 0.657909
0.572523 0.399031
0.573446 0.91127
0.573851 0.720063
0.582612 0.965389
0.589244 0.429902
0.589311 0.54379
0.589669 0.575229
0.590801 0.591553
0.591541 0.0295242
0.592014 0.979934
0.594307 0.525146
0.596604 0.130153
0.599482 0.487418
0.599662 0.524425
0.601343 0.778628
0.602068 0.949352
0.604926 0.993312
0.607076 0.133145
0.613542 0.798878
0.614674 0.832216
0.615782 0.440466
0.618167 0.526871
0.620018 0.639976
0.623698 0.493588
0.629398 0.293364
0.629413 0.538674
0.630187 0.558653
0.630656 0.428576
0.633423 0.933543
0.635609 0.673808
0.637337 0.719006
0.640767 0.366539
0.646812 0.967267
0.648648 0.83176
0.649546 0.918527
0.650961 0.707895
0.656366 0.543515
0.663324 0.490235
0.663541 0.128025
0.663827 0.938409
0.664552 0.130781
0.669698 0.614478
0.671099 0.164712
0.672218 0.963033
0.673796 0.493392
0.675049 0.551561
0.677103 0.0750842
0.677411 0.24797
0.682882 0.19848
0.6831 0.858027
0.683552 0.464147
0.683744 0.693252
0.691517 0.317734
0.692352 0.353075
0.693005 0.342276
0.693616 0.606559
0.697098 0.123007
0.701821 0.508328
0.70356 0.738174
0.7055 0.338062
0.708347 0.188499
0.710708 0.86438
0.714005 0.282995
0.714253 0.458245
0.715508 0.547493
0.719911 0.551927
0.723738 0.861007
0.724112 0.144752
0.724404 0.0550475
0.724929 0.876156
0.728811 0.132846
0.729929 0.912352
0.735955 0.194774
0.736817 0.691792
0.737325 0.224225
0.743004 0.675908
0.744471 0.324229
0.745356 0.198283
0.74654 0.0960126
0.748987 0.221196
0.750736 0.61174
0.753126 0.794864
0.756871 0.725611
0.761106 0.912505
0.761347 0.959098
0.762376 0.253871
0.764295 0.511379
0.764641 0.324102
0.766694 0.831988
0.767213 0.541665
0.767388 0.481429
0.767671 0.254333
0.771696 0.894575
0.776259 0.577654
0.776498 0.601887
0.781595 0.261209
0.787308 0.290673
0.792623 0.607203
0.801044 0.142121
0.801334 0.0209623
0.807255 0.537896
0.808843 0.21896
0.81006 0.685533
0.813583 0.888706
0.814228 0.736892
0.815462 0.469147
0.815988 0.317664
0.819414 0.898305
0.819849 0.196457
0.822189 0.529738
0.822591 0.286063
0.824716 0.00893071
0.826965 0.793546
0.838354 0.223407
0.842724 0.667113
0.843031 0.819165
0.84714 0.888775
0.848294 0.282824
0.849761 0.929258
0.851182 0.812379
0.853974 0.744681
0.854054 0.0912157
0.856421 0.871774
0.857118 0.589218
0.857197 0.913597
0.86024 0.0467733
0.861088 0.310355
0.861416 0.821167
0.8643 0.284378
0.865728 0.28664
0.868843 0.64098
0.869118 0.261528
0.877507 0.257217
0.879707 0.232421
0.880761 0.955117
0.890431 0.467452
0.896117 0.0401228
0.897547 0.06818
0.900508 0.842292
0.906942 0.967426
0.907446 0.438602
0.909604 0.715342
0.910145 0.812283
0.913062 0.834312
0.917183 0.0891023
0.917437 0.363857
0.921964 0.446333
0.924857 0.0781863
0.928091 0.426827
0.928161 0.601236
0.930574 0.157693
0.931901 0.45379
0.936835 0.380191
0.937407 0.994416
0.937558 0.544083
0.939768 0.676284
0.940356 0.557239
0.943842 0.159402
0.948887 0.9497
0.949952 0.84816
0.954053 0.764327
0.95424 0.907647
0.95723 0.171713
0.957608 0.524424
0.96309 0.645916
0.966052 0.438561
0.970374 0.0702263
0.971029 0.0839783
0.974517 0.698522
0.975496 0.168514
0.97809 0.754488
0.981624 0.151723
0.982541 0.560036
0.986954 0.741393
0.987338 0.192442
0.988039 0.96741
0.988393 0.924616
0.991869 0.348353
0.993316 0.664373
0.993486 0.525381
0.994716 0.193061
0.994905 0.365683
0.995144 0.383287
0.995757 0.695718
