0.00067004 0.261363
0.0024374 0.965463
0.00317101 0.295094
0.00367696 0.798687
0.00508576 0.476443
0.00613663 0.138289
0.00630687 0.999563
0.00639737 0.520555
0.00661057 0.103889
0.00673381 0.175138
0.00686655 0.40617
0.00713338 0.890742
0.00730831 0.830765
0.00804102 0.145502
0.00867723 0.838161
0.00954253 0.381301
0.0121433 0.0926296
0.0124983 0.0584674
0.0129048 0.89153
0.0133122 0.738491
0.0135291 0.383576
0.0138523 0.816407
0.014072 0.508684
0.0183873 0.0355854
0.0191829 0.407149
0.020877 0.879957
0.0209686 0.419146
0.0209826 0.654634
0.021791 0.241305
0.0219095 0.233804
0.0224815 0.846683
0.022732 0.0559471
0.0230106 0.738675
0.0235739 0.20661
0.0241393 0.709192
0.0256033 0.315477
0.0260266 0.429474
0.0279257 0.346527
0.0280599 0.602908
0.0285659 0.107026
0.029696 0.100888
0.0298248 0.265427
0.0304358 0.535189
0.0321226 0.883942
0.0332719 0.200595
0.0334795 0.689254
0.0342301 0.305072
0.0346446 0.271824
0.034873 0.111355
0.0361825 0.119825
0.0371851 0.969646
0.0374169 0.865487
0.0390249 0.890918
0.0401219 0.329328
0.0407426 0.761095
0.0408503 0.57135
0.0411148 0.0170568
0.0423792 0.267489
0.0439314 0.355047
0.0444496 0.064982
0.0455602 0.730254
0.0472207 0.638281
0.0482355 0.694045
0.0489583 0.842081
0.050687 0.896295
0.050978 0.787548
0.0518672 0.731836
0.0524618 0.72546
0.0535355 0.770837
0.0554047 0.186095
0.0554416 0.807767
0.0567947 0.548597
0.0606115 0.697339
0.0610731 0.455024
0.0611831 0.304012
0.0614366 0.565791
0.0621268 0.165104
0.0623133 0.300073
0.0627119 0.999273
0.0630672 0.970441
0.063243 0.924731
0.0641345 0.908135
0.0644215 0.7318
0.0649697 0.945558
0.0672165 0.707234
0.0675966 0.0956329
0.0681081 0.691992
0.0689164 0.278177
0.0697427 0.165389
0.070387 0.993789
0.0707182 0.561045
0.0716151 0.635024
0.0720929 0.665293
0.0722639 0.538753
0.0723017 0.175209
0.0723461 0.920725
0.073937 0.659954
0.0746038 0.866908
0.0755787 0.251623
0.0774545 0.778007
0.0788235 0.786555
0.0794616 0.510379
0.0804023 0.322267
0.081294 0.308245
0.0814417 0.789917
0.0822446 0.285888
0.082413 0.114682
0.0824158 0.162642
0.082842 0.324834
0.0830071 0.100245
0.0838525 0.30822
0.0842957 0.758196
0.0843045 0.905527
0.0872074 0.694737
0.0889664 0.258589
0.0896301 0.413083
0.0909432 0.482223
0.0911063 0.223245
0.092391 0.81554
0.0924295 0.462702
0.0934387 0.424605
0.0935042 0.524476
0.0938171 0.783905
0.0950893 0.16521
0.0966626 0.607835
0.0967186 0.550341
0.0967485 0.0518311
0.0975903 0.199355
0.0991669 0.69808
0.0997692 0.821136
0.100312 0.94637
0.101961 0.657008
0.102453 0.928306
0.105184 0.823067
0.105379 0.103395
0.105651 0.673079
0.107436 0.67232
0.108226 0.946719
0.109791 0.24944
0.110191 0.987169
0.110582 0.559276
0.111586 0.423889
0.113333 0.787315
0.114128 0.153517
0.117486 0.594647
0.121125 0.740583
0.121149 0.15855
0.12117 0.499874
0.121642 0.444781
0.121796 0.0337676
0.122888 0.386455
0.126107 0.472082
0.12692 0.139349
0.128895 0.339097
0.130629 0.473305
0.131054 0.627216
0.131734 0.0597654
0.132853 0.856638
0.133892 0.314693
0.133997 0.0843056
0.136565 0.246865
0.13707 0.741113
0.137948 0.486815
0.138306 0.504487
0.139068 0.322835
0.140011 0.164596
0.140266 0.45059
0.141808 0.363518
0.142788 0.831592
0.143209 0.914449
0.144106 0.997702
0.144274 0.821221
0.145712 0.975642
0.146346 0.642992
0.149282 0.975055
0.149337 0.898942
0.150256 0.351357
0.151092 0.406647
0.151234 0.791256
0.151916 0.245382
0.154108 0.0969528
0.156714 0.885716
0.158943 0.348127
0.158956 0.581995
0.160609 0.347519
0.160829 0.0558795
0.161067 0.0532758
0.161771 0.893446
0.163087 0.00653882
0.163266 0.0122794
0.166195 0.234507
0.166377 0.303156
0.167051 0.627138
0.169638 0.110469
0.169757 0.101262
0.170451 0.766794
0.171461 0.753052
0.17189 0.950346
0.172226 0.610399
0.172236 0.772288
0.174213 0.00342741
0.175051 0.0878163
0.175471 0.148289
0.175517 0.914577
0.17629 0.9088
0.177857 0.245745
0.179649 0.364901
0.180645 0.107485
0.18101 0.227706
0.181799 0.501361
0.184166 0.285661
0.184377 0.820385
0.187923 0.424808
0.189977 0.941194
0.190479 0.386019
0.191485 0.285224
0.193465 0.569896
0.193536 0.755505
0.193749 0.343942
0.195872 0.0172924
0.198296 0.755438
0.19972 0.694846
0.199733 0.918422
0.200116 0.348058
0.200446 0.896986
0.201629 0.771408
0.201656 0.229595
0.201789 0.47491
0.203218 0.489287
0.204471 0.551769
0.204505 0.114015
0.204622 0.0770796
0.204944 0.495244
0.205943 0.288942
0.206188 0.39921
0.207773 0.0388795
0.207838 0.140519
0.208045 0.619129
0.210068 0.611086
0.210118 0.450229
0.210555 0.789884
0.212764 0.926163
0.212913 0.430624
0.212977 0.500787
0.21405 0.545029
0.214273 0.283028
0.214444 0.164345
0.21486 0.152236
0.214874 0.384687
0.215338 0.192594
0.216475 0.299986
0.217202 0.516893
0.217317 0.442822
0.217769 0.0365211
0.217913 0.462367
0.221146 0.793727
0.221675 0.697443
0.221801 0.802478
0.222528 0.0230715
0.222714 0.151115
0.224317 0.0901351
0.224716 0.804933
0.224829 0.705512
0.226575 0.0412249
0.227023 0.581141
0.227581 0.95649
0.227979 0.635333
0.228196 0.294693
0.228619 0.403909
0.229145 0.244951
0.22957 0.383038
0.231257 0.744173
0.231665 0.592645
0.232795 0.583236
0.233091 0.561699
0.233798 0.443278
0.234517 0.532318
0.235148 0.137096
0.235738 0.0527533
0.23603 0.955081
0.237013 0.478457
0.238995 0.783516
0.240653 0.647199
0.2411 0.159308
0.241106 0.274653
0.241437 0.837401
0.241883 0.331635
0.242019 0.611339
0.242646 0.149522
0.242703 0.114544
0.242755 0.986809
0.242889 0.237548
0.243051 0.96636
0.24319 0.300598
0.243524 0.905585
0.248195 0.417843
0.248711 0.0860875
0.249088 0.419538
0.249932 0.612877
0.251075 0.812057
0.251542 0.665185
0.251806 0.100959
0.252047 0.152303
0.253208 0.67468
0.253566 0.67731
0.253589 0.0783172
0.254208 0.473583
0.254967 0.225031
0.255363 0.893067
0.255816 0.491407
0.256105 0.355918
0.256971 0.919805
0.257336 0.0524774
0.25736 0.455653
0.258564 0.690535
0.259807 0.572149
0.2599 0.139849
0.260748 0.391268
0.262307 0.592426
0.263331 0.798926
0.264801 0.518537
0.265779 0.943738
0.270319 0.252075
0.272182 0.560401
0.272424 0.626333
0.272706 0.377659
0.273642 0.104732
0.274777 0.184685
0.275715 0.942469
0.275795 0.289637
0.27674 0.16819
0.277145 0.980912
0.277415 0.517694
0.281427 0.951608
0.281456 0.422897
0.281693 0.417303
0.282324 0.0202416
0.2826 0.650979
0.28459 0.108629
0.285222 0.728864
0.28593 0.630893
0.286542 0.903958
0.287039 0.264617
0.287476 0.612295
0.288943 0.264763
0.289305 0.351213
0.289898 0.322352
0.290493 0.322393
0.290551 0.292847
0.291591 0.763464
0.292098 0.296069
0.292212 0.208904
0.29389 0.416195
0.295565 0.568647
0.297491 0.928743
0.297516 0.343494
0.298846 0.699424
0.298904 0.678291
0.300411 0.0107381
0.300875 0.814293
0.301306 0.0517441
0.302958 0.813668
0.303198 0.847958
0.303353 0.455329
0.304383 0.767163
0.306159 0.612999
0.307338 0.433514
0.307928 0.348679
0.308305 0.676729
0.308416 0.549759
0.308596 0.566081
0.312319 0.148578
0.313681 0.0317469
0.316503 0.473116
0.318284 0.400134
0.31866 0.713385
0.319215 0.0410705
0.31939 0.990211
0.31994 0.22463
0.322204 0.278316
0.323709 0.577547
0.325344 0.0635606
0.325708 0.17385
0.326134 0.34188
0.326525 0.907022
0.326568 0.620427
0.326977 0.497654
0.327626 0.406157
0.327779 0.974795
0.329141 0.868341
0.329785 0.692648
0.330068 0.458492
0.332117 0.895503
0.332277 0.584557
0.332379 0.300325
0.333638 0.446266
0.333748 0.303769
0.334645 0.371573
0.335011 0.535214
0.335885 0.221513
0.336278 0.827525
0.337236 0.924723
0.339677 0.945729
0.339687 0.11805
0.340558 0.7624
0.34088 0.171854
0.341875 0.895224
0.342755 0.682155
0.342945 0.87943
0.343135 0.0701312
0.344523 0.393682
0.344848 0.865582
0.344969 0.887008
0.345297 0.405271
0.346706 0.0865499
0.346782 0.362436
0.346982 0.720661
0.347265 0.481699
0.34849 0.070701
0.348696 0.541312
0.348902 0.990284
0.353464 0.663815
0.354553 0.971359
0.354805 0.205049
0.354813 0.339232
0.35485 0.963753
0.355751 0.102495
0.356718 0.36209
0.357327 0.586389
0.360318 0.868064
0.360786 0.732915
0.361427 0.504621
0.362706 0.00775879
0.363642 0.725417
0.363902 0.108606
0.364842 0.904818
0.365015 0.805795
0.365137 0.852938
0.365446 0.0492717
0.365517 0.244484
0.367553 0.462685
0.367734 0.499473
0.368287 0.806027
0.369143 0.187717
0.369489 0.998123
0.371459 0.118245
0.373207 0.498271
0.373851 0.317029
0.374029 0.304237
0.376466 0.257905
0.3767 0.203569
0.37732 0.623793
0.377896 0.296505
0.378327 0.549585
0.378831 0.0185848
0.380105 0.427289
0.381977 0.879385
0.382429 0.477679
0.382892 0.261574
0.383569 0.640332
0.384679 0.307655
0.384706 0.754643
0.385152 0.245996
0.385945 0.582779
0.386751 0.126867
0.387534 0.288151
0.387645 0.157229
0.388416 0.108563
0.389199 0.264377
0.390579 0.457908
0.391524 0.340993
0.391528 0.407141
0.391616 0.897603
0.395809 0.354899
0.397512 0.984399
0.397831 0.35116
0.398992 0.853689
0.40033 0.349367
0.401651 0.551211
0.402057 0.367658
0.402269 0.934463
0.403377 0.550296
0.403757 0.949003
0.406663 0.785985
0.407049 0.27752
0.40985 0.347113
0.410463 0.658487
0.413043 0.0199933
0.414607 0.295385
0.419526 0.973689
0.419957 0.223889
0.420009 0.0882726
0.422441 0.962683
0.423075 0.624812
0.423595 0.35681
0.424421 0.243834
0.42476 0.935975
0.426173 0.697044
0.426617 0.146198
0.427339 0.280435
0.428859 0.832474
0.429521 0.961415
0.431189 0.998068
0.431837 0.888868
0.432068 0.773306
0.432079 0.948077
0.434454 0.865949
0.435163 0.777378
0.436803 0.344198
0.436998 0.622077
0.438209 0.983339
0.438683 0.94955
0.43919 0.473867
0.439634 0.931748
0.441102 0.598358
0.441553 0.178487
0.441779 0.974409
0.443191 0.703475
0.443485 0.656604
0.443729 0.759688
0.444867 0.873348
0.445325 0.57765
0.445494 0.423177
0.446215 0.529052
0.447288 0.576299
0.44743 0.960931
0.447489 0.954426
0.447961 0.88095
0.447985 0.279899
0.448512 0.143004
0.449431 0.5948
0.450445 0.632149
0.45122 0.653451
0.451803 0.455782
0.452811 0.402682
0.453432 0.832281
0.454589 0.271535
0.454776 0.427393
0.454894 0.408787
0.45538 0.570312
0.455398 0.871628
0.457114 0.712315
0.459539 0.467522
0.459744 0.922113
0.460135 0.487662
0.460756 0.920212
0.461436 0.354413
0.461447 0.53737
0.462092 0.377791
0.462111 0.700402
0.462169 0.679896
0.463011 0.832382
0.463874 0.335223
0.464225 0.232259
0.464407 0.290679
0.467009 0.0156102
0.467223 0.624897
0.467284 0.641519
0.468065 0.771654
0.47069 0.8904
0.473434 0.997271
0.473572 0.330774
0.474222 0.254538
0.474541 0.613175
0.475861 0.789443
0.476662 0.254508
0.476982 0.633994
0.47713 0.117817
0.478714 0.752486
0.479731 0.837622
0.480179 0.371786
0.480263 0.785009
0.483443 0.223341
0.485572 0.0152764
0.486429 0.410051
0.48655 0.451724
0.487022 0.370985
0.487869 0.621152
0.488373 0.0927424
0.488439 0.196339
0.488623 0.293194
0.48965 0.548256
0.490025 0.852952
0.490316 0.73897
0.491025 0.661442
0.494764 0.503039
0.494855 0.0272874
0.496684 0.76349
0.498893 0.892991
0.499073 0.926711
0.499478 0.731661
0.499828 0.603206
0.501539 0.36988
0.501815 0.00721477
0.50199 0.944522
0.502018 0.422494
0.502312 0.358921
0.502395 0.750199
0.504652 0.682999
0.505206 0.00550378
0.505453 0.146811
0.505696 0.23724
0.507605 0.317637
0.508599 0.0150941
0.508884 0.810412
0.509022 0.125124
0.510932 0.241632
0.511776 0.417824
0.511957 0.46488
0.512729 0.42854
0.51365 0.915524
0.51546 0.337991
0.515522 0.372559
0.516009 0.556343
0.516611 0.684205
0.517806 0.758615
0.518077 0.317945
0.518964 0.233752
0.521248 0.621389
0.521265 0.905893
0.521408 0.30113
0.521758 0.186787
0.522178 0.239105
0.52284 0.375441
0.523414 0.0255735
0.524265 0.323591
0.524358 0.888606
0.525026 0.116504
0.525735 0.0293099
0.527291 0.17555
0.527804 0.808208
0.528815 0.795061
0.52949 0.132284
0.531246 0.654852
0.53138 0.909848
0.531734 0.851596
0.531958 0.612644
0.532139 0.66773
0.532436 0.658269
0.533957 0.211866
0.534487 0.115096
0.534626 0.465629
0.535279 0.433487
0.535283 0.499612
0.535712 0.718812
0.53643 0.785273
0.539905 0.188474
0.540108 0.588381
0.542387 0.893544
0.543332 0.774077
0.543551 0.462692
0.543668 0.435148
0.54374 0.640511
0.543807 0.759298
0.54513 0.996658
0.547251 0.651405
0.547429 0.634128
0.547865 0.96566
0.547869 0.0308535
0.549968 0.317033
0.550014 0.0831409
0.551135 0.925712
0.552223 0.219326
0.554753 0.739512
0.555151 0.419013
0.556205 0.133053
0.559636 0.797726
0.561549 0.952012
0.561562 0.176128
0.563013 0.566366
0.563275 0.959417
0.564566 0.655701
0.56575 0.567276
0.567569 0.135791
0.567885 0.43958
0.570419 0.0312374
0.570785 0.190582
0.571201 0.170154
0.571211 0.344956
0.572289 0.452959
0.573279 0.103615
0.573495 0.731497
0.574295 0.168403
0.575588 0.907802
0.579256 0.549852
0.579762 0.0607937
0.580391 0.626306
0.580728 0.289459
0.580833 0.064464
0.582551 0.933991
0.582575 0.341299
0.582892 0.669664
0.583679 0.899053
0.583818 0.233174
0.584352 0.210395
0.584628 0.843034
0.585666 0.288504
0.587614 0.0316618
0.589278 0.997596
0.590056 0.0672411
0.590372 0.375633
0.592049 0.574691
0.592487 0.925968
0.592512 0.357177
0.592796 0.118795
0.593109 0.383054
0.593765 0.416904
0.594202 0.744507
0.597596 0.799286
0.598071 0.775077
0.598721 0.711293
0.598825 0.452316
0.599042 0.102738
0.604551 0.686675
0.604843 0.603638
0.605998 0.0138323
0.607199 0.19058
0.607969 0.1393
0.60819 0.848749
0.609179 0.469672
0.611165 0.852486
0.611685 0.596317
0.612882 0.715017
0.613415 0.667342
0.613811 0.327379
0.615635 0.983956
0.617261 0.306688
0.617623 0.384576
0.617905 0.136567
0.618828 0.635197
0.619118 0.522639
0.619666 0.71903
0.620424 0.460735
0.622526 0.802826
0.622535 0.939177
0.623042 0.45962
0.623491 0.0163163
0.624029 0.0630278
0.624048 0.379456
0.624572 0.175489
0.625221 0.0851344
0.626387 0.687888
0.626429 0.385899
0.627205 0.436636
0.627263 0.401189
0.628828 0.712902
0.629161 0.313499
0.629195 0.888064
0.629972 0.934551
0.629991 0.266561
0.631174 0.146729
0.631317 0.543703
0.631494 0.519218
0.632653 0.00257328
0.63311 0.674536
0.634124 0.726379
0.63523 0.308285
0.63531 0.659273
0.636176 0.214363
0.636602 0.374098
0.636878 0.0133269
0.638054 0.776388
0.638733 0.178227
0.639776 0.717261
0.642166 0.888794
0.642544 0.239352
0.644381 0.118167
0.645948 0.44767
0.646417 0.333097
0.647289 0.990172
0.648679 0.354819
0.648832 0.923277
0.649489 0.955609
0.649529 0.634257
0.649995 0.461792
0.650099 0.214782
0.651739 0.78388
0.651975 0.748257
0.6533 0.00796915
0.65343 0.206091
0.653458 0.662713
0.653554 0.284892
0.654877 0.525798
0.656357 0.392145
0.656881 0.200912
0.657394 0.819834
0.659106 0.594662
0.661565 0.928442
0.662275 0.851861
0.662693 0.878766
0.663676 0.401194
0.664003 0.899806
0.665394 0.277327
0.666701 0.239544
0.666932 0.128044
0.670749 0.283931
0.671237 0.47166
0.671467 0.33769
0.672866 0.8551
0.673168 0.935932
0.673614 0.423303
0.673639 0.858449
0.674034 0.489301
0.674646 0.76818
0.674664 0.0786602
0.674825 0.777912
0.675781 0.84717
0.675989 0.348766
0.677831 0.301039
0.67815 0.672472
0.678463 0.928419
0.679661 0.0647671
0.679802 0.440313
0.680046 0.530499
0.681513 0.184704
0.681848 0.826084
0.683902 0.344607
0.685307 0.955988
0.685361 0.864872
0.686038 0.248538
0.686668 0.826893
0.687066 0.521076
0.687798 0.813594
0.688774 0.22373
0.691647 0.516694
0.691675 0.989712
0.692871 0.0867477
0.693054 0.160687
0.694459 0.772178
0.694711 0.00784829
0.694806 0.600107
0.695796 0.250411
0.697577 0.18315
0.699544 0.227834
0.699763 0.921748
0.702881 0.312528
0.703632 0.937839
0.705391 0.513986
0.706231 0.62313
0.706391 0.312364
0.707571 0.148156
0.708526 0.202912
0.708956 0.424725
0.709864 0.690724
0.712372 0.835112
0.71241 0.474393
0.713593 0.352839
0.714115 0.133399
0.71531 0.217795
0.719282 0.96605
0.720304 0.142786
0.720494 0.335248
0.721279 0.536275
0.721341 0.576791
0.721405 0.651915
0.72222 0.35134
0.722715 0.664658
0.722967 0.911786
0.723359 0.498106
0.725203 0.491006
0.728972 0.829038
0.729146 0.764161
0.730203 0.514194
0.731037 0.539885
0.731214 0.515737
0.731888 0.842638
0.732589 0.623343
0.73402 0.672774
0.734076 0.617323
0.734352 0.251519
0.737725 0.945699
0.7383 0.611367
0.740098 0.834903
0.740509 0.734278
0.740835 0.21845
0.743746 0.139581
0.743928 0.20348
0.744546 0.590927
0.744799 0.831402
0.746075 0.278393
0.747759 0.588946
0.751142 0.44481
0.751304 0.164482
0.75144 0.445837
0.751606 0.247247
0.751657 0.102293
0.753176 0.632285
0.753813 0.327786
0.753967 0.915051
0.754272 0.0439129
0.754385 0.953226
0.755592 0.232985
0.75694 0.896099
0.758573 0.3405
0.759303 0.612583
0.759899 0.624349
0.760279 0.0135932
0.762263 0.346217
0.762783 0.098086
0.763733 0.064842
0.765598 0.413114
0.76714 0.320838
0.769116 0.533225
0.770674 0.722198
0.771512 0.800239
0.771644 0.0166437
0.772138 0.316227
0.772184 0.095099
0.772202 0.393706
0.772573 0.640026
0.773121 0.847459
0.77344 0.202316
0.773564 0.29227
0.774127 0.751227
0.775428 0.611333
0.77667 0.491061
0.776731 0.516887
0.777519 0.753672
0.778175 0.792923
0.778217 0.494533
0.778445 0.321941
0.779031 0.174134
0.779934 0.346569
0.780578 0.173364
0.780841 0.587499
0.783157 0.511101
0.784458 0.379676
0.784758 0.426682
0.785428 0.681392
0.786567 0.836251
0.786802 0.785507
0.791922 0.826154
0.792112 0.0206113
0.793187 0.0974347
0.795805 0.0867014
0.796247 0.525446
0.796456 0.0283413
0.796566 0.88269
0.796781 0.496179
0.797963 0.367644
0.798867 0.555496
0.798918 0.409377
0.799011 0.982352
0.799584 0.607901
0.80106 0.409681
0.801269 0.934271
0.806786 0.648752
0.807378 0.595363
0.807625 0.756768
0.807639 0.987529
0.807801 0.710002
0.808345 0.857822
0.808556 0.396648
0.809677 0.248259
0.809838 0.946666
0.810368 0.860877
0.810962 0.836743
0.811336 0.128423
0.813024 0.488861
0.813307 0.25249
0.813912 0.411814
0.814557 0.257503
0.814911 0.215483
0.815113 0.611157
0.81607 0.687615
0.816352 0.4298
0.817516 0.984719
0.818069 0.281311
0.818232 0.0185054
0.818822 0.941974
0.818914 0.494913
0.819389 0.477254
0.819513 0.556118
0.820002 0.782282
0.820668 0.972057
0.821455 0.202064
0.822684 0.851243
0.822972 0.695319
0.82374 0.591376
0.823759 0.914229
0.82451 0.543915
0.824621 0.408305
0.824677 0.349254
0.825646 0.637071
0.825677 0.146763
0.826167 0.393401
0.828401 0.929364
0.828952 0.199487
0.830032 0.345856
0.830927 0.393686
0.831737 0.00291293
0.831869 0.217235
0.833924 0.764942
0.834663 0.182268
0.834851 0.348707
0.83529 0.722102
0.835686 0.371636
0.835841 0.986003
0.835872 0.496134
0.836621 0.0821718
0.836845 0.855656
0.837004 0.526882
0.838259 0.620528
0.838279 0.947654
0.838591 0.194922
0.838793 0.591011
0.840518 0.591575
0.840591 0.818343
0.840944 0.748359
0.841091 0.21019
0.842108 0.302754
0.842133 0.735717
0.842281 0.219579
0.844978 0.547179
0.845477 0.924008
0.847298 0.544364
0.848469 0.210676
0.849713 0.120309
0.850092 0.49664
0.851062 0.795993
0.851597 0.785877
0.852996 0.301831
0.853369 0.578267
0.853739 0.797718
0.854139 0.511874
0.857536 0.611342
0.857624 0.0849771
0.858813 0.0748938
0.86009 0.527488
0.861587 0.696842
0.862284 0.407407
0.863283 0.201277
0.864785 0.442758
0.867088 0.140553
0.867547 0.862855
0.868407 0.320077
0.869488 0.491028
0.870054 0.995277
0.871069 0.0610117
0.871707 0.783779
0.872272 0.281509
0.873282 0.257225
0.873973 0.86463
0.874215 0.938678
0.874503 0.765271
0.874678 0.710584
0.875414 0.0840109
0.878043 0.267716
0.878291 0.436666
0.878578 0.25681
0.878712 0.518857
0.880366 0.311523
0.881149 0.472244
0.883287 0.39812
0.883407 0.421573
0.88431 0.596825
0.884747 0.94757
0.885781 0.316123
0.885823 0.0341841
0.886076 0.277798
0.887061 0.839421
0.888571 0.220352
0.889737 0.815186
0.890625 0.730938
0.891082 0.412849
0.891182 0.091229
0.891312 0.283372
0.892521 0.606465
0.893641 0.417558
0.894065 0.544046
0.895411 0.178423
0.896004 0.13567
0.896902 0.224855
0.897014 0.115189
0.897955 0.936484
0.899641 0.257884
0.900426 0.46039
0.901391 0.671235
0.90169 0.711252
0.902249 0.104844
0.905826 0.215124
0.906101 0.843843
0.906214 0.746699
0.906347 0.972041
0.906585 0.969477
0.907087 0.410576
0.908335 0.390333
0.908762 0.563333
0.90908 0.908712
0.909899 0.67132
0.910395 0.00592551
0.910635 0.0491844
0.911483 0.298044
0.91157 0.756402
0.913118 0.773476
0.913519 0.520941
0.913914 0.148694
0.914816 0.312645
0.915667 0.60779
0.916389 0.750128
0.91683 0.158468
0.917174 0.940707
0.917872 0.66982
0.918873 0.504379
0.919082 0.0159852
0.920139 0.779871
0.921449 0.800136
0.922789 0.322658
0.923285 0.650744
0.923722 0.99173
0.924945 0.555711
0.92496 0.802077
0.925664 0.626618
0.925957 0.565432
0.92691 0.56988
0.927712 0.0611397
0.928209 0.404331
0.928635 0.573418
0.928858 0.313734
0.930598 0.554216
0.936486 0.515274
0.936713 0.334355
0.937486 0.327309
0.937859 0.589078
0.937928 0.753235
0.937967 0.40442
0.938121 0.00481704
0.93819 0.164153
0.938677 0.342896
0.938939 0.753189
0.942637 0.904398
0.942918 0.620694
0.943972 0.33428
0.944856 0.202871
0.946346 0.233564
0.946415 0.402534
0.947555 0.557698
0.948837 0.0994662
0.949676 0.203554
0.951626 0.98553
0.951971 0.771197
0.952451 0.836263
0.952515 0.911278
0.952951 0.243959
0.954204 0.302583
0.955937 0.42642
0.957432 0.552345
0.957642 0.0822093
0.958246 0.236657
0.95848 0.165197
0.958503 0.562659
0.959508 0.455048
0.960033 0.280203
0.965656 0.772803
0.968514 0.819675
0.968597 0.215195
0.969031 0.502108
0.970303 0.888546
0.970733 0.115447
0.97133 0.142912
0.971494 0.900815
0.973323 0.640939
0.973786 0.426666
0.974093 0.585691
0.975463 0.600609
0.975728 0.0622497
0.976057 0.591494
0.976497 0.980588
0.976888 0.548313
0.977969 0.717268
0.97945 0.607854
0.980677 0.245935
0.983133 0.52349
0.983458 0.982539
0.983662 0.404932
0.984576 0.765645
0.984686 0.622756
0.98512 0.912503
0.986489 0.920651
0.987049 0.337448
0.987557 0.877543
0.988522 0.0862041
0.989963 0.300482
0.99129 0.612443
0.992178 0.536296
0.992646 0.401883
0.993033 0.900431
0.993476 0.345953
0.994852 0.474573
0.994887 0.0737519
0.995028 0.42999
0.997267 0.066311
0.997458 0.28093
0.99754 0.659317
0.997582 0.3683
0.998075 0.640577
0.998256 0.68685
0.998734 0.728797
0.999575 0.861122
0.99997 0.503409
