0.00478474 0.417189
0.0124993 0.0765776
0.0127683 0.597495
0.0142399 0.329464
0.0168843 0.77482
0.0240008 0.380729
0.0242895 0.233235
0.0283925 0.193534
0.0304619 0.972691
0.0308844 0.0744008
0.0362195 0.741192
0.0373621 0.944973
0.0400071 0.399157
0.0445314 0.439809
0.046299 0.146601
0.0469876 0.720596
0.0515826 0.948078
0.0532602 0.144803
0.0557782 0.464917
0.0575486 0.21927
0.0609784 0.863438
0.0616152 0.567101
0.0667046 0.104066
0.072587 0.970018
0.0741453 0.159703
0.0772606 0.518622
0.0776616 0.259263
0.0781434 0.356393
0.0837112 0.933872
0.0854052 0.40564
0.087887 0.116541
0.0969065 0.706755
0.101553 0.808183
0.103365 0.261916
0.106382 0.969659
0.106404 0.324734
0.110943 0.623883
0.114671 0.280128
0.121315 0.947352
0.124704 0.89192
0.127344 0.265024
0.127377 0.822965
0.129565 0.598112
0.131542 0.820682
0.135373 0.211125
0.137504 0.0313606
0.155064 0.163604
0.15852 0.245603
0.159273 0.904372
0.161087 0.394059
0.161991 0.580159
0.165102 0.876678
0.171504 0.46515
0.175881 0.0364725
0.178183 0.720924
0.178664 0.798473
0.180692 0.885097
0.192869 0.557504
0.195359 0.391021
0.199452 0.196515
0.199742 0.0596803
0.208166 0.64414
0.216649 0.217734
0.218529 0.818907
0.219155 0.331889
0.226454 0.00858379
0.23857 0.641852
0.244419 0.950982
0.249232 0.844718
0.249632 0.572422
0.250713 0.738794
0.252882 0.195306
0.263933 0.928502
0.267824 0.315391
0.271741 0.149322
0.272549 0.731235
0.274813 0.784553
0.277796 0.914209
0.278325 0.812063
0.287285 0.392448
0.289006 0.323702
0.293526 0.292101
0.303035 0.102507
0.315195 0.483765
0.323297 0.645122
0.324197 0.781625
0.324499 0.85528
0.326014 0.311321
0.328405 0.494797
0.332368 0.102208
0.332917 0.335023
0.332964 0.120579
0.333495 0.0433989
0.33547 0.241957
0.33926 0.94073
0.340448 0.90579
0.342806 0.53807
0.365809 0.149293
0.366513 0.984015
0.372543 0.338448
0.37299 0.848483
0.373701 0.790716
0.376172 0.316719
0.378932 0.706294
0.389825 0.79694
0.395779 0.854465
0.400418 0.823119
0.405028 0.301248
0.405539 0.892136
0.412197 0.801969
0.420612 0.22382
0.425385 0.447517
0.426903 0.95432
0.44554 0.186952
0.45129 0.834379
0.454032 0.911698
0.459011 0.596701
0.459956 0.483526
0.462887 0.747656
0.464806 0.990544
0.466967 0.311754
0.47028 0.996981
0.474146 0.969769
0.479978 0.984854
0.485976 0.790337
0.490109 0.26904
0.490846 0.65074
0.500212 0.0676387
0.50558 0.288388
0.506869 0.939342
0.516421 0.488197
0.51777 0.160446
0.518647 0.906663
0.523403 0.838899
0.535197 0.0617672
0.538582 0.940008
0.546336 0.265577
0.54932 0.421835
0.555492 0.146656
0.557165 0.273476
0.558263 0.729667
0.558304 0.414255
0.559887 0.0199272
0.567604 0.728701
0.56789 0.531117
0.575997 0.774275
0.576362 0.910423
0.579299 0.282901
0.57963 0.842214
0.580467 0.907788
0.582498 0.0468803
0.585042 0.805443
0.596618 0.358323
0.607703 0.656575
0.610382 0.687751
0.610483 0.379303
0.614533 0.453681
0.614742 0.968558
0.621045 0.895101
0.638539 0.924813
0.638609 0.101703
0.641347 0.123869
0.64345 0.464286
0.644516 0.38052
0.644726 0.906143
0.657866 0.755162
0.658833 0.0127065
0.658986 0.572751
0.660009 0.769429
0.674083 0.306577
0.687679 0.8268
0.689339 0.725459
0.692107 0.245538
0.694814 0.733117
0.69602 0.0149725
0.699236 0.060662
0.70086 0.358341
0.705853 0.265402
0.706637 0.449273
0.709315 0.461454
0.716816 0.521519
0.724164 0.0327242
0.725481 0.158113
0.733693 0.175696
0.739213 0.944437
0.741669 0.2274
0.749515 0.0955239
0.755512 0.885941
0.764682 0.0024525
0.77213 0.18166
0.773597 0.850994
0.776186 0.349868
0.776595 0.22711
0.777271 0.587649
0.781493 0.549002
0.784278 0.366429
0.788358 0.937305
0.791928 0.929759
0.802699 0.9661
0.803418 0.0527146
0.804615 0.161929
0.807582 0.0258873
0.80848 0.118931
0.81077 0.619181
0.830804 0.319065
0.833094 0.803482
0.833116 0.17428
0.837598 0.510558
0.840663 0.0297784
0.844467 0.957989
0.850301 0.0036592
0.854575 0.846771
0.856476 0.790559
0.861561 0.25372
0.869008 0.409911
0.869618 0.670547
0.870792 0.401919
0.87387 0.136498
0.878349 0.417271
0.889705 0.268122
0.894806 0.0066237
0.894847 0.691439
0.905312 0.5781
0.911247 0.324589
0.916243 0.299676
0.916778 0.289294
0.917017 0.309239
0.917118 0.00983034
0.9175 0.429285
0.917996 0.75741
0.918529 0.7229
0.928206 0.366131
0.929134 0.955131
0.93371 0.855228
0.933735 0.285467
0.938277 0.629828
0.94413 0.989547
0.954169 0.72113
0.956958 0.600065
0.959573 0.539877
0.974306 0.16206
0.974662 0.146023
0.977934 0.134767
0.978086 0.682822
0.981706 0.530315
0.984649 0.994753
0.993305 0.477691
0.995208 0.464164
0.995666 0.153509
0.996799 0.204645
