0.00116648 0.605016
0.00474303 0.716055
0.00670994 0.77399
0.00763384 0.301976
0.0092887 0.115186
0.012603 0.818195
0.0131433 0.899343
0.0152635 0.533319
0.0155581 0.484687
0.0156018 0.220107
0.0191495 0.845153
0.0244118 0.289034
0.0259061 0.403157
0.0266582 0.0447309
0.0275696 0.361836
0.029478 0.436574
0.0308673 0.786602
0.0308674 0.787674
0.030868 0.798177
0.0318559 0.401506
0.0347348 0.787925
0.0417251 0.274304
0.0422883 0.739421
0.0453942 0.940983
0.0484165 0.736609
0.0500687 0.505467
0.0569208 0.667305
0.0573292 0.531837
0.0577479 0.568667
0.0607906 0.707165
0.0620246 0.447607
0.0639216 0.329754
0.0646617 0.768915
0.0663143 0.544348
0.0665733 0.898149
0.0678519 0.386917
0.0679668 0.318129
0.0695574 0.0506737
0.0706795 0.909578
0.0715418 0.402441
0.0721537 0.687488
0.0722382 0.108029
0.0779379 0.902577
0.0790036 0.812785
0.0797977 0.160243
0.081658 0.426111
0.0823793 0.549657
0.0825764 0.86144
0.0836854 0.500064
0.0848662 0.346289
0.0852948 0.549914
0.0870615 0.242102
0.0872091 0.723812
0.088503 0.469677
0.0905173 0.324351
0.0915543 0.75366
0.092482 0.344507
0.0942463 0.998237
0.0952847 0.449365
0.0980263 0.528703
0.100078 0.00957306
0.101391 0.0708636
0.102494 0.615383
0.106292 0.444191
0.106684 0.0427981
0.10989 0.924768
0.111513 0.207131
0.114103 0.727223
0.114865 0.537541
0.115371 0.0442801
0.116581 0.380662
0.121288 0.481362
0.121969 0.931622
0.123078 0.572468
0.123494 0.569704
0.123673 0.578184
0.123779 0.359802
0.125999 0.659871
0.126048 0.482821
0.127463 0.276338
0.128781 0.419203
0.129835 0.139605
0.129867 0.67021
0.130787 0.130286
0.13286 0.985484
0.136505 0.23652
0.138516 0.0309781
0.144079 0.541236
0.147942 0.45751
0.151948 0.793807
0.153359 0.500466
0.155174 0.0165366
0.159745 0.83509
0.160084 0.524313
0.163755 0.227424
0.16778 0.87521
0.169027 0.84221
0.169437 0.719976
0.174719 0.4946
0.17506 0.236079
0.175118 0.214947
0.17644 0.430354
0.177495 0.15168
0.17963 0.0434252
0.18075 0.866336
0.18144 0.464773
0.182003 0.928708
0.183449 0.225664
0.184841 0.629662
0.189685 0.0332234
0.191009 0.295675
0.191952 0.130205
0.197109 0.810562
0.197774 0.994593
0.198145 0.227897
0.199111 0.465852
0.199475 0.580594
0.204394 0.256504
0.205803 0.926896
0.206926 0.799607
0.20797 0.345544
0.210599 0.545473
0.212436 0.418661
0.212883 0.92429
0.216042 0.0205231
0.216426 0.474703
0.219715 0.756583
0.222624 0.636086
0.223163 0.706449
0.227372 0.434984
0.229182 0.856582
0.230292 0.514177
0.230903 0.791851
0.231777 0.483112
0.235941 0.461262
0.244566 0.413134
0.244731 0.201325
0.244858 0.32044
0.245154 0.300163
0.24606 0.534872
0.248862 0.619929
0.249301 0.00388957
0.250519 0.474455
0.254181 0.0194027
0.256285 0.374799
0.260426 0.976837
0.261798 0.0348786
0.263706 0.100163
0.263741 0.68959
0.263982 0.750036
0.264546 0.229577
0.265619 0.264396
0.266315 0.94976
0.266524 0.472558
0.266865 0.208285
0.268418 0.295655
0.269279 0.769422
0.276152 0.279604
0.276755 0.421984
0.278422 0.436864
0.27972 0.256312
0.279967 0.409414
0.280199 0.299205
0.280658 0.0132974
0.283138 0.706174
0.283798 0.794989
0.284527 0.0485555
0.287218 0.265881
0.287955 0.654546
0.28843 0.635674
0.28935 0.111036
0.290553 0.317039
0.291196 0.132846
0.292067 0.771968
0.294612 0.545111
0.295668 0.294471
0.300033 0.658285
0.301132 0.120573
0.30115 0.435248
0.301995 0.635311
0.302545 0.867382
0.303406 0.337853
0.306814 0.62967
0.307556 0.0912225
0.307874 0.443864
0.307895 0.785571
0.308559 0.957784
0.311557 0.343981
0.311612 0.256833
0.312628 0.345491
0.315284 0.971088
0.31841 0.522544
0.322732 0.162528
0.323155 0.26272
0.324116 0.420259
0.325207 0.75655
0.325718 0.346116
0.326579 0.817159
0.328719 0.787465
0.330178 0.301767
0.330331 0.876008
0.331868 0.701868
0.332204 0.347162
0.333212 0.296479
0.333895 0.770547
0.335804 0.851367
0.335859 0.774737
0.33632 0.538441
0.337685 0.473037
0.341174 0.104916
0.342345 0.789182
0.344094 0.191771
0.346208 0.723722
0.346647 0.0934463
0.347355 0.999013
0.347787 0.249737
0.349067 0.766939
0.349445 0.120127
0.351163 0.995532
0.352333 0.666493
0.35496 0.807419
0.3565 0.687813
0.358743 0.395605
0.361975 0.706389
0.366284 0.126664
0.366416 0.347114
0.366632 0.983496
0.366783 0.52662
0.366843 0.530555
0.367427 0.346873
0.368026 0.410206
0.369029 0.268143
0.369515 0.440477
0.369952 0.777675
0.370642 0.387726
0.371423 0.509948
0.372003 0.258349
0.372133 0.43296
0.37336 0.0533536
0.375093 0.193298
0.376124 0.518524
0.376472 0.364023
0.377056 0.172107
0.379432 0.111666
0.379795 0.221462
0.379928 0.444096
0.38224 0.314925
0.382627 0.813449
0.382707 0.15395
0.384083 0.277811
0.385721 0.819305
0.389099 0.586106
0.390148 0.21908
0.39181 0.144262
0.393558 0.526605
0.394118 0.936515
0.396575 0.22883
0.39702 0.716286
0.398855 0.554036
0.400166 0.58867
0.402854 0.766793
0.407078 0.762716
0.409054 0.977037
0.409964 0.261756
0.410446 0.360389
0.411757 0.404923
0.413145 0.73101
0.414948 0.0371847
0.416031 0.230871
0.42121 0.270937
0.422947 0.465439
0.425969 0.26403
0.426921 0.268838
0.427414 0.54322
0.428147 0.871818
0.429047 0.989585
0.429955 0.258698
0.433444 0.893356
0.435043 0.772278
0.435625 0.555114
0.435913 0.38299
0.436339 0.556804
0.437621 0.100106
0.438783 0.623509
0.43889 0.424693
0.439177 0.240086
0.439611 0.534888
0.440053 0.976779
0.440497 0.430433
0.442815 0.397135
0.442871 0.334116
0.44801 0.707328
0.452819 0.523575
0.453321 0.963383
0.453746 0.115033
0.460034 0.795179
0.462471 0.754662
0.464748 0.020544
0.467506 0.367818
0.467827 0.761884
0.468205 0.129622
0.469273 0.0794389
0.470175 0.234882
0.470364 0.415472
0.470773 0.278587
0.472589 0.795471
0.4733 0.750673
0.473706 0.572809
0.474441 0.926585
0.480621 0.803049
0.480924 0.895558
0.484101 0.286384
0.485091 0.921308
0.485256 0.695576
0.485886 0.282227
0.486741 0.653077
0.48945 0.179818
0.489729 0.869316
0.490215 0.049719
0.493829 0.780944
0.495543 0.598903
0.496615 0.603223
0.498387 0.386557
0.501256 0.601257
0.50161 0.554072
0.503259 0.269179
0.50349 0.154134
0.509535 0.748577
0.509663 0.910299
0.510266 0.0482957
0.510701 0.347113
0.513052 0.857755
0.513373 0.26238
0.51482 0.576358
0.517811 0.857861
0.520913 0.988368
0.521528 0.317406
0.522136 0.538989
0.5237 0.818372
0.524303 0.954756
0.525956 0.749903
0.528529 0.983354
0.529905 0.108248
0.530144 0.13702
0.531031 0.0454791
0.532979 0.770863
0.536375 0.858686
0.536412 0.470614
0.536465 0.363579
0.537868 0.952186
0.538597 0.198051
0.543474 0.173235
0.544784 0.178332
0.547657 0.475647
0.548601 0.331151
0.550832 0.839613
0.551368 0.847623
0.553101 0.97409
0.55316 0.95421
0.553986 0.834722
0.554215 0.690641
0.558289 0.15658
0.55853 0.218724
0.558616 0.658447
0.559187 0.262905
0.561782 0.875316
0.562872 0.196573
0.565111 0.813469
0.57179 0.0791278
0.571954 0.836741
0.572208 0.0999759
0.574362 0.305566
0.574439 0.599476
0.575178 0.015479
0.575188 0.192065
0.576192 0.0672358
0.578168 0.269825
0.578938 0.207948
0.5798 0.691223
0.582664 0.832293
0.584136 0.578443
0.584684 0.776696
0.585168 0.923743
0.585191 0.306868
0.589258 0.665609
0.590157 0.76518
0.596156 0.591113
0.597083 0.169055
0.59848 0.653767
0.59855 0.829162
0.598697 0.296761
0.599856 0.772165
0.600562 0.641433
0.603726 0.823866
0.604364 0.537743
0.60445 0.985339
0.604727 0.646099
0.60607 0.212856
0.606493 0.325421
0.606586 0.887188
0.607382 0.266969
0.607984 0.382348
0.609797 0.86086
0.61125 0.284728
0.613374 0.97312
0.613479 0.743844
0.616616 0.464576
0.616921 0.585784
0.622537 0.987184
0.623206 0.220208
0.623866 0.321646
0.624065 0.654506
0.627683 0.475663
0.631217 0.857958
0.631401 0.958625
0.633347 0.667503
0.633484 0.971617
0.634595 0.64362
0.635598 0.491484
0.635898 0.542404
0.637179 0.0725346
0.638861 0.338367
0.63905 0.512351
0.639302 0.750839
0.639689 0.247312
0.639822 0.495132
0.640273 0.0709789
0.641564 0.76191
0.642071 0.282893
0.64222 0.794923
0.643986 0.477219
0.646197 0.63556
0.646638 0.0394382
0.649037 0.370276
0.649598 0.801576
0.650411 0.44984
0.650955 0.592934
0.651367 0.522025
0.653915 0.35504
0.655289 0.441248
0.656413 0.33293
0.656457 0.0757929
0.657573 0.825434
0.662058 0.214908
0.662471 0.145815
0.662544 0.370931
0.664654 0.847488
0.665252 0.892382
0.666405 0.266309
0.666956 0.528394
0.668504 0.554531
0.669057 0.836339
0.671346 0.315834
0.672883 0.145881
0.673083 0.513302
0.673486 0.274283
0.674853 0.260815
0.677252 0.576572
0.678608 0.368141
0.679217 0.593903
0.682203 0.778062
0.682678 0.767493
0.683061 0.207711
0.683805 0.702415
0.69011 0.673067
0.700381 0.309985
0.700399 0.603122
0.702646 0.364837
0.70366 0.418488
0.704505 0.611859
0.705548 0.15166
0.705781 0.0606811
0.707968 0.815143
0.709156 0.789829
0.714335 0.823501
0.714411 0.109843
0.716188 0.975221
0.717487 0.802753
0.718493 0.706083
0.721432 0.100139
0.724187 0.405925
0.724251 0.482434
0.724993 0.956618
0.72522 0.767488
0.727527 0.542538
0.728009 0.642032
0.730964 0.308915
0.73125 0.12023
0.732621 0.155489
0.73857 0.147358
0.741446 0.482154
0.743181 0.641476
0.743391 0.168406
0.743862 0.0847629
0.74424 0.448118
0.747445 0.302585
0.748056 0.572551
0.748949 0.577657
0.749802 0.918939
0.755542 0.386445
0.757403 0.667982
0.763167 0.546138
0.763475 0.726928
0.763871 0.384351
0.765474 0.323035
0.765808 0.937523
0.766874 0.85177
0.767111 0.82989
0.768389 0.305376
0.771277 0.853863
0.773357 0.81067
0.773673 0.126035
0.774587 0.484995
0.775422 0.522097
0.776365 0.37271
0.776407 0.0762846
0.777971 0.362562
0.778147 0.32334
0.780716 0.500958
0.784727 0.914321
0.785287 0.316334
0.785615 0.836859
0.78745 0.664051
0.790114 0.439946
0.790154 0.118813
0.79171 0.267527
0.7928 0.590529
0.797972 0.51838
0.798717 0.0435056
0.799079 0.11759
0.799497 0.153081
0.799871 0.437272
0.802018 0.523518
0.803426 0.174493
0.806575 0.108016
0.812702 0.0759486
0.81646 0.246754
0.819077 0.230816
0.819875 0.639398
0.825616 0.132583
0.827684 0.88621
0.82862 0.618589
0.830345 0.615123
0.830591 0.742437
0.83325 0.43405
0.837619 0.870532
0.838188 0.430129
0.838914 0.633458
0.839315 0.365341
0.841645 0.533689
0.841749 0.267864
0.845116 0.858618
0.846317 0.0481232
0.847455 0.173343
0.851003 0.810543
0.851432 0.0216191
0.852205 0.00400826
0.85326 0.74843
0.853628 0.922074
0.853894 0.390445
0.854045 0.93778
0.854585 0.0112496
0.856389 0.330408
0.856895 0.827944
0.858744 0.903732
0.863926 0.00896046
0.865246 0.186895
0.867115 0.6049
0.867122 0.712145
0.870194 0.344878
0.874551 0.582226
0.875986 0.700944
0.878217 0.196187
0.878692 0.179044
0.881566 0.47816
0.882467 0.617754
0.884603 0.516535
0.889435 0.741796
0.890458 0.93363
0.890957 0.316931
0.891052 0.903806
0.891466 0.875011
0.89374 0.0870791
0.894 0.455852
0.894476 0.454034
0.899262 0.899648
0.900413 0.245994
0.901776 0.145098
0.902244 0.0132597
0.902608 0.138161
0.905228 0.163601
0.907618 0.341645
0.909064 0.639508
0.909674 0.895527
0.909839 0.665498
0.91512 0.41788
0.917461 0.761562
0.917968 0.288063
0.91855 0.068966
0.922434 0.35167
0.922446 0.557394
0.926006 0.385902
0.927649 0.00292852
0.928874 0.591547
0.92949 0.943924
0.929892 0.696398
0.930637 0.222791
0.932032 0.669928
0.932582 0.905208
0.933131 0.128772
0.933546 0.103194
0.935613 0.845551
0.93713 0.350569
0.937155 0.770337
0.937228 0.985396
0.937485 0.312752
0.940866 0.142813
0.942153 0.763972
0.944274 0.420386
0.945492 0.88041
0.94687 0.0361319
0.948299 0.065183
0.951147 0.925834
0.95134 0.173722
0.951593 0.420803
0.951726 0.660812
0.952342 0.00450141
0.952587 0.126603
0.953209 0.591523
0.953836 0.126192
0.954561 0.314776
0.958884 0.967447
0.959337 0.577456
0.961782 0.661504
0.964011 0.128478
0.969473 0.935359
0.969766 0.860579
0.969782 0.132263
0.972798 0.816152
0.975346 0.646701
0.981054 0.580747
0.984157 0.722906
0.986629 0.272373
0.987329 0.0454238
0.98957 0.698845
0.989865 0.656522
0.991378 0.0866181
0.992121 0.585651
0.996298 0.773602
0.997896 0.634899
