0.00555723 0.400353
0.00751609 0.322953
0.00908892 0.75747
0.01171 0.809363
0.0150725 0.323521
0.0182645 0.970762
0.0222991 0.780601
0.023835 0.595176
0.0243883 0.893983
0.0261123 0.870207
0.0270771 0.0856066
0.0289049 0.8051
0.029444 0.864521
0.0315414 0.11585
0.0315642 0.499929
0.0323408 0.552059
0.0346839 0.93251
0.0351218 0.292874
0.0354188 0.284219
0.0355491 0.473889
0.0371624 0.588188
0.0377678 0.764065
0.0417355 0.448206
0.0479342 0.630838
0.0490252 0.966417
0.0519154 0.542171
0.0532955 0.73787
0.0588774 0.552464
0.0623968 0.70306
0.0645219 0.419314
0.0652797 0.155431
0.0689002 0.00547533
0.06974 0.120215
0.0701394 0.833252
0.0726146 0.433347
0.0775798 0.884232
0.0789415 0.769428
0.0817595 0.132517
0.0854482 0.128295
0.0861462 0.859819
0.0863364 0.0555215
0.0893544 0.778933
0.0920314 0.771517
0.0965102 0.0467806
0.0970819 0.655856
0.105013 0.952941
0.105631 0.339707
0.10985 0.250573
0.114481 0.0751593
0.115303 0.892113
0.117604 0.574562
0.117667 0.633422
0.120511 0.432229
0.121133 0.879063
0.127737 0.868546
0.128276 0.938181
0.129552 0.385798
0.130477 0.922511
0.135047 0.729466
0.140285 0.769342
0.14108 0.12688
0.141809 0.384626
0.145302 0.0872009
0.146085 0.256319
0.146715 0.83642
0.150036 0.65389
0.150989 0.67565
0.15621 0.414782
0.15777 0.633112
0.16504 0.828531
0.165869 0.756831
0.167039 0.419387
0.167505 0.26353
0.172852 0.121973
0.17973 0.722948
0.180876 0.990029
0.181077 0.357168
0.183287 0.496953
0.184412 0.410987
0.186833 0.101188
0.189964 0.732113
0.194883 0.397191
0.19966 0.69066
0.202859 0.443996
0.204439 0.999767
0.204525 0.453139
0.206239 0.250852
0.208159 0.52838
0.213659 0.959202
0.216584 0.13426
0.217209 0.626956
0.217665 0.296015
0.217864 0.646053
0.218913 0.27099
0.219713 0.720496
0.223504 0.437723
0.225304 0.681584
0.235172 0.53498
0.236365 0.589903
0.239744 0.379697
0.240155 0.288002
0.241478 0.515713
0.242531 0.223844
0.245612 0.000175659
0.247294 0.270868
0.24753 0.240192
0.249706 0.805145
0.249908 0.196147
0.251421 0.63605
0.258248 0.378473
0.261634 0.282345
0.26178 0.734902
0.262121 0.468907
0.262985 0.996558
0.265502 0.297434
0.267844 0.651447
0.271903 0.866935
0.275061 0.948337
0.276439 0.113819
0.288311 0.63725
0.292187 0.791015
0.295656 0.085069
0.301071 0.0949587
0.30397 0.830754
0.306993 0.639473
0.310375 0.476578
0.311766 0.843213
0.3132 0.956977
0.313507 0.113051
0.314035 0.987043
0.316832 0.988648
0.323802 0.136247
0.326409 0.948294
0.330034 0.875733
0.332074 0.163135
0.333162 0.458666
0.333955 0.778661
0.340053 0.275971
0.342261 0.384153
0.345832 0.406081
0.349361 0.715857
0.353766 0.743465
0.359573 0.347391
0.364304 0.864688
0.365855 0.928392
0.367563 0.630169
0.370725 0.778871
0.372478 0.238522
0.372495 0.52276
0.375291 0.511115
0.376518 0.135359
0.379825 0.721559
0.380568 0.214253
0.383062 0.129179
0.383305 0.208197
0.383913 0.419394
0.38492 0.347291
0.400263 0.214927
0.405105 0.597255
0.405352 0.742821
0.410547 0.0644008
0.410714 0.875523
0.411478 0.716905
0.411844 0.860871
0.415301 0.971615
0.415806 0.453482
0.416079 0.0404076
0.418191 0.532937
0.42517 0.836141
0.428886 0.290591
0.43364 0.188156
0.435362 0.125185
0.438776 0.503249
0.443469 0.390961
0.445079 0.438753
0.451684 0.459675
0.45402 0.706796
0.454926 0.936761
0.454991 0.0308175
0.455435 0.502777
0.455703 0.997289
0.456969 0.277492
0.461775 0.0501311
0.461871 0.658873
0.463313 0.902366
0.464663 0.587575
0.468651 0.615231
0.472032 0.435227
0.47687 0.755759
0.477293 0.868622
0.477836 0.986483
0.480009 0.508243
0.482798 0.386942
0.48367 0.0436032
0.484821 0.392673
0.485993 0.0887568
0.488112 0.701155
0.492513 0.66011
0.49357 0.434139
0.498675 0.229436
0.498705 0.735106
0.503035 0.502457
0.511237 0.357377
0.511746 0.907646
0.514141 0.166255
0.517499 0.600224
0.518296 0.993575
0.52333 0.611153
0.524931 0.50712
0.525975 0.0665503
0.527247 0.436882
0.533493 0.420003
0.540868 0.373984
0.546475 0.606006
0.54881 0.847625
0.554114 0.996623
0.554322 0.489273
0.563925 0.894498
0.564722 0.281448
0.565943 0.804951
0.567257 0.883741
0.571181 0.840953
0.573187 0.54857
0.575483 0.141281
0.575676 0.38942
0.576345 0.63603
0.579897 0.326168
0.584125 0.385742
0.58472 0.390354
0.58599 0.733654
0.586692 0.527671
0.58876 0.295902
0.59261 0.99735
0.593715 0.564276
0.600744 0.711671
0.604921 0.914907
0.606789 0.306858
0.608437 0.997632
0.614829 0.436895
0.615576 0.992269
0.618866 0.286578
0.619315 0.820491
0.620133 0.574067
0.62035 0.216687
0.620455 0.994845
0.62142 0.209909
0.621822 0.966585
0.626425 0.325871
0.628028 0.272091
0.629825 0.46746
0.633399 0.543704
0.63631 0.464374
0.637622 0.505245
0.638427 0.0460615
0.638889 0.802627
0.640861 0.943732
0.642187 0.230571
0.645229 0.365423
0.645705 0.369599
0.646262 0.717008
0.647626 0.641594
0.65105 0.192025
0.654072 0.996212
0.656114 0.309003
0.65744 0.599771
0.65879 0.27936
0.660291 0.513015
0.670426 0.846107
0.672618 0.693022
0.672959 0.427105
0.674375 0.221647
0.67634 0.247923
0.678927 0.726613
0.683892 0.168232
0.683916 0.57046
0.68657 0.174754
0.686873 0.277445
0.690509 0.390933
0.691432 0.900817
0.694047 0.840245
0.698962 0.448716
0.700331 0.464166
0.701686 0.236153
0.703983 0.835587
0.706272 0.31394
0.708354 0.305574
0.714102 0.906724
0.716969 0.0972168
0.72074 0.477112
0.72443 0.49579
0.725115 0.0151564
0.727654 0.682761
0.729262 0.712035
0.732815 0.427702
0.734732 0.644544
0.735604 0.290616
0.745459 0.933866
0.748481 0.719928
0.749407 0.281591
0.753683 0.153394
0.754202 0.86599
0.754571 0.0674246
0.75882 0.493109
0.759294 0.447173
0.776149 0.738355
0.782398 0.770085
0.785093 0.0614251
0.788962 0.0831905
0.789746 0.26156
0.799541 0.893831
0.802213 0.801929
0.8053 0.679934
0.805821 0.430308
0.808703 0.863551
0.809006 0.968543
0.811219 0.161657
0.814711 0.842905
0.81478 0.0109513
0.815214 0.301246
0.815387 0.210385
0.817037 0.93911
0.81816 0.813276
0.823001 0.17499
0.82483 0.922321
0.829801 0.470692
0.831624 0.103445
0.836723 0.796115
0.838967 0.519794
0.843163 0.0351936
0.843486 0.469574
0.845935 0.624623
0.845979 0.375406
0.846336 0.369137
0.848231 0.225536
0.850559 0.345361
0.851266 0.228513
0.855672 0.28363
0.867935 0.388302
0.872478 0.734268
0.873607 0.710318
0.873721 0.628945
0.877271 0.286798
0.878039 0.197693
0.880608 0.385595
0.885668 0.416757
0.888889 0.551174
0.889525 0.240812
0.898828 0.607279
0.900619 0.70683
0.902687 0.464394
0.90321 0.251724
0.904679 0.946979
0.904784 0.711066
0.905541 0.42948
0.906434 0.44145
0.912093 0.55206
0.913848 0.0411302
0.914353 0.538055
0.914466 0.437202
0.916071 0.410627
0.916892 0.200549
0.92195 0.210485
0.923076 0.144938
0.924347 0.499993
0.927763 0.913909
0.930694 0.174486
0.930934 0.215217
0.932299 0.145821
0.933927 0.516959
0.938786 0.175691
0.942772 0.176706
0.944811 0.444198
0.945915 0.986823
0.949932 0.499245
0.952302 0.342132
0.958534 0.0810703
0.958999 0.900083
0.960587 0.585098
0.960993 0.414639
0.96226 0.708695
0.96229 0.212775
0.96323 0.00443975
0.966883 0.402526
0.968856 0.563048
0.97008 0.129408
0.970774 0.790604
0.971604 0.740419
0.97195 0.562158
0.972805 0.939785
0.973363 0.307542
0.974753 0.674654
0.976972 0.965864
0.982692 0.110705
0.984665 0.265099
0.986475 0.685586
0.991007 0.859489
0.991775 0.764914
0.992727 0.755337
0.995821 0.770162
0.999944 0.0644358
