0.00276062 0.397667
0.0053439 0.815007
0.00755562 0.987255
0.00782316 0.48381
0.0104528 0.680436
0.0110768 0.167051
0.0112443 0.982924
0.0118885 0.809328
0.0123119 0.925642
0.0130727 0.713656
0.0150911 0.636638
0.0166836 0.402086
0.0177887 0.975296
0.0202058 0.598723
0.0204433 0.590461
0.0228412 0.892522
0.0242621 0.773326
0.0262434 0.0723907
0.0271097 0.63285
0.0275355 0.78839
0.0286477 0.482111
0.0332274 0.452762
0.03611 0.900304
0.0405263 0.125966
0.0419667 0.333607
0.043036 0.305291
0.0450904 0.834512
0.0453535 0.256865
0.0473057 0.067196
0.0485632 0.201101
0.0496194 0.953373
0.0516775 0.544563
0.0521446 0.394192
0.0533047 0.891963
0.0541148 0.506872
0.0595586 0.000963363
0.059723 0.765315
0.0641466 0.112646
0.0648582 0.0711814
0.0650543 0.367163
0.0674631 0.852533
0.0686501 0.802136
0.0691324 0.907734
0.0697863 0.899166
0.0699301 0.315972
0.0714919 0.564707
0.0726933 0.756051
0.0735911 0.84569
0.0742639 0.153823
0.0781741 0.872769
0.0796354 0.432745
0.0802369 0.541659
0.0817845 0.55151
0.0824524 0.777153
0.0850265 0.0406805
0.0863025 0.485308
0.0868626 0.90054
0.0884976 0.379752
0.0886221 0.471138
0.0887455 0.546221
0.0914853 0.592892
0.0944795 0.917706
0.0955749 0.327377
0.0956598 0.754359
0.0966567 0.509215
0.0968796 0.254743
0.0981937 0.342033
0.106959 0.658118
0.107581 0.105624
0.111571 0.174995
0.117222 0.145896
0.118346 0.0458968
0.120952 0.84683
0.121984 0.192138
0.12212 0.472186
0.122523 0.240908
0.122896 0.516349
0.125547 0.0703744
0.126785 0.867605
0.12684 0.807763
0.12792 0.950523
0.129188 0.26445
0.129784 0.280677
0.130172 0.792999
0.1327 0.282498
0.134165 0.917835
0.135956 0.0191702
0.140706 0.851627
0.141515 0.450523
0.144232 0.113827
0.146077 0.111179
0.147746 0.165379
0.148496 0.778051
0.14877 0.370204
0.153254 0.741388
0.162191 0.951054
0.163209 0.0613521
0.164999 0.145681
0.165047 0.93796
0.165146 0.605016
0.165928 0.745865
0.166075 0.225181
0.166454 0.585585
0.173287 0.429743
0.176448 0.567206
0.178606 0.825882
0.179856 0.836702
0.180656 0.280777
0.187311 0.134229
0.188037 0.340406
0.189599 0.593351
0.189816 0.229968
0.191255 0.428413
0.192722 0.0740958
0.193986 0.330335
0.196211 0.717323
0.196681 0.621048
0.199215 0.204378
0.20383 0.766288
0.207693 0.702856
0.209301 0.715272
0.212726 0.286686
0.213298 0.896309
0.214974 0.0692191
0.21691 0.61199
0.217505 0.602695
0.217603 0.254599
0.218255 0.209591
0.220315 0.834912
0.222706 0.0157655
0.223326 0.44722
0.2234 0.678801
0.223488 0.167815
0.22489 0.732582
0.226312 0.625188
0.226846 0.602026
0.227336 0.834748
0.227682 0.652488
0.228521 0.746918
0.228724 0.15743
0.230552 0.890455
0.231088 0.900453
0.231494 0.727012
0.232415 0.19839
0.232502 0.656638
0.236423 0.569357
0.236802 0.935177
0.237235 0.205374
0.239106 0.662361
0.245937 0.457511
0.249442 0.376273
0.250512 0.353154
0.251282 0.304159
0.251846 0.780515
0.255051 0.634232
0.255131 0.98828
0.259525 0.84107
0.260085 0.247411
0.26056 0.230362
0.262431 0.676792
0.263309 0.428277
0.263561 0.671523
0.263589 0.144212
0.263828 0.157395
0.265041 0.541987
0.265148 0.342984
0.268812 0.918415
0.269806 0.632143
0.270405 0.696917
0.271567 0.233131
0.271917 0.106038
0.275395 0.562169
0.276201 0.101788
0.278381 0.757175
0.279352 0.0649805
0.279563 0.619694
0.285535 0.987777
0.286064 0.875715
0.286415 0.779302
0.288858 0.833328
0.28886 0.863138
0.28909 0.742161
0.289554 0.526135
0.291154 0.431244
0.291326 0.311222
0.291351 0.743613
0.295611 0.33319
0.297636 0.360459
0.298074 0.723092
0.300263 0.52873
0.300852 0.422341
0.303856 0.899879
0.305246 0.264589
0.306506 0.452504
0.306853 0.280331
0.313579 0.321537
0.314082 0.772732
0.315305 0.331853
0.316698 0.735193
0.319529 0.316231
0.320183 0.322478
0.320725 0.420679
0.32126 0.424494
0.323846 0.881513
0.327312 0.131849
0.327916 0.29122
0.328794 0.0359195
0.33098 0.779894
0.331382 0.5401
0.331507 0.636166
0.33357 0.310418
0.3354 0.0621243
0.337035 0.550822
0.338389 0.309027
0.338846 0.984238
0.339218 0.238931
0.3398 0.0117813
0.341462 0.953164
0.343379 0.169489
0.34595 0.389565
0.346773 0.208546
0.350808 0.0307898
0.351766 0.135532
0.352844 0.251449
0.35762 0.52273
0.358507 0.431142
0.359285 0.508332
0.361124 0.407432
0.36277 0.0726146
0.364024 0.150506
0.364896 0.801047
0.365607 0.755716
0.369176 0.736369
0.369636 0.474926
0.370375 0.885051
0.370533 0.542401
0.37274 0.647499
0.373921 0.497801
0.377773 0.226
0.378036 0.644682
0.378229 0.900224
0.379071 0.0542208
0.380152 0.21362
0.383512 0.688904
0.387271 0.871489
0.387772 0.284906
0.389197 0.240225
0.390625 0.229017
0.392439 0.714948
0.392782 0.494636
0.394904 0.145587
0.400466 0.632679
0.403433 0.502445
0.403827 0.112275
0.404934 0.733642
0.405634 0.484966
0.41007 0.0438046
0.410815 0.568695
0.41263 0.0702557
0.413053 0.179925
0.413305 0.42343
0.41579 0.182674
0.41765 0.442218
0.418392 0.913389
0.419497 0.49409
0.419561 0.562459
0.419774 0.138789
0.421133 0.979054
0.425878 0.728692
0.425965 0.193937
0.427099 0.245128
0.427224 0.352691
0.430062 0.0547482
0.43032 0.383583
0.432882 0.45405
0.433511 0.0277959
0.433908 0.691206
0.436151 0.392212
0.437631 0.264711
0.438095 0.0666069
0.438645 0.308641
0.443064 0.572128
0.44568 0.543175
0.445796 0.49983
0.445817 0.838461
0.451074 0.2053
0.451288 0.805907
0.453763 0.399264
0.455721 0.304185
0.457163 0.536205
0.457278 0.46355
0.458072 0.818944
0.459576 0.100535
0.461078 0.332295
0.4616 0.119187
0.461949 0.968936
0.461969 0.304805
0.464045 0.198156
0.464677 0.820112
0.465809 0.854077
0.469588 0.359194
0.470137 0.595593
0.471373 0.369673
0.475062 0.371947
0.478097 0.379565
0.479987 0.146766
0.482177 0.941627
0.482307 0.142011
0.484599 0.656975
0.487709 0.922792
0.489474 0.583526
0.489606 0.801863
0.490614 0.746039
0.494354 0.606396
0.495654 0.453815
0.495948 0.397114
0.497806 0.622363
0.498514 0.516778
0.498771 0.839101
0.50007 0.675532
0.500217 0.147726
0.501923 0.827347
0.503063 0.97578
0.503773 0.911439
0.504892 0.72758
0.505146 0.994806
0.505858 0.955314
0.507121 0.186024
0.508444 0.419408
0.508839 0.0530075
0.511224 0.143584
0.511504 0.841174
0.518135 0.298769
0.518922 0.52156
0.519062 0.877532
0.520583 0.439143
0.521496 0.786865
0.52427 0.404156
0.524925 0.421915
0.526815 0.176187
0.527287 0.10455
0.527473 0.24254
0.527701 0.0766002
0.528428 0.297296
0.530827 0.60424
0.530952 0.715708
0.531381 0.914693
0.536393 0.156816
0.539049 0.804202
0.539792 0.292097
0.540748 0.351838
0.543027 0.661978
0.543551 0.462175
0.545563 0.279244
0.546042 0.32713
0.550008 0.981093
0.550628 0.404118
0.552186 0.58305
0.553086 0.710607
0.55465 0.000829697
0.555885 0.767717
0.555936 0.617168
0.557623 0.969873
0.560921 0.407302
0.565313 0.217282
0.566979 0.22353
0.569867 0.761326
0.571999 0.579112
0.573114 0.326216
0.579599 0.313801
0.580465 0.876365
0.580719 0.136994
0.586619 0.308057
0.587636 0.405128
0.588846 0.736376
0.590458 0.829029
0.590555 0.463785
0.592306 0.884398
0.597559 0.167268
0.597859 0.213179
0.598454 0.217462
0.599382 0.819102
0.599672 0.682604
0.604166 0.22074
0.605807 0.800834
0.606762 0.84835
0.607257 0.171412
0.607382 0.274029
0.60818 0.673008
0.609016 0.727398
0.609435 0.77268
0.609784 0.647998
0.611666 0.268854
0.612153 0.459283
0.612859 0.321538
0.615466 0.139431
0.617865 0.449193
0.618029 0.214719
0.618081 0.0814501
0.618209 0.241434
0.618408 0.578261
0.623239 0.783855
0.623381 0.162273
0.626571 0.774992
0.631263 0.640705
0.63341 0.714209
0.633565 0.330713
0.635294 0.394561
0.642787 0.319982
0.646055 0.238226
0.65059 0.470474
0.651499 0.749519
0.653405 0.784265
0.655291 0.468374
0.660312 0.858267
0.663872 0.69039
0.667789 0.528
0.669749 0.473407
0.670084 0.1093
0.6712 0.856327
0.673086 0.552802
0.674597 0.945386
0.676949 0.483953
0.677448 0.872084
0.678397 0.81158
0.686047 0.396526
0.686351 0.504641
0.68948 0.0844516
0.691463 0.411644
0.69272 0.55145
0.693581 0.0238157
0.694437 0.397749
0.695223 0.608332
0.697099 0.145242
0.698873 0.962786
0.699301 0.149858
0.701718 0.780556
0.702497 0.861455
0.712058 0.551185
0.712321 0.976755
0.713817 0.117479
0.71424 0.228119
0.715413 0.953739
0.716541 0.909456
0.719134 0.477468
0.719467 0.0731422
0.721721 0.956698
0.725058 0.0582653
0.727358 0.703859
0.729226 0.0983065
0.730354 0.0646202
0.737112 0.637111
0.737117 0.733579
0.740732 0.477858
0.741156 0.603188
0.742663 0.943766
0.744576 0.0832209
0.745682 0.676585
0.748162 0.355891
0.750076 0.525375
0.753419 0.721062
0.75576 0.0588361
0.763087 0.195291
0.766384 0.620926
0.768591 0.70386
0.771469 0.0722619
0.772055 0.9356
0.773116 0.761855
0.77501 0.587292
0.77562 0.842364
0.775821 0.226791
0.779116 0.605867
0.779437 0.00470769
0.779462 0.425539
0.780179 0.469414
0.782563 0.535815
0.782859 0.517776
0.784552 0.966621
0.787567 0.632852
0.791556 0.675222
0.793803 0.448129
0.797448 0.711312
0.797723 0.327962
0.799935 0.514016
0.801843 0.573141
0.802246 0.348085
0.804071 0.013983
0.804339 0.519593
0.80711 0.102283
0.807151 0.780884
0.810787 0.899076
0.816067 0.645869
0.816766 0.386033
0.81956 0.339538
0.826003 0.625292
0.829604 0.161977
0.830054 0.715433
0.830799 0.234798
0.831517 0.310252
0.831746 0.14889
0.832419 0.4705
0.837773 0.446073
0.838766 0.140666
0.839599 0.136131
0.84336 0.348964
0.852916 0.965675
0.856319 0.146177
0.856814 0.477026
0.858273 0.997573
0.85845 0.976571
0.858691 0.0259112
0.861818 0.574964
0.865683 0.526386
0.866359 0.895643
0.867428 0.854367
0.872036 0.305533
0.874304 0.431902
0.876172 0.82163
0.877724 0.909807
0.879349 0.220533
0.883108 0.397999
0.883408 0.435387
0.884533 0.348301
0.884901 0.530765
0.885432 0.452278
0.885699 0.938791
0.887716 0.845542
0.887724 0.981979
0.889261 0.8181
0.893142 0.0366278
0.894302 0.531143
0.894351 0.363086
0.894956 0.526198
0.895276 0.899361
0.895774 0.269662
0.897537 0.912216
0.89784 0.991655
0.898822 0.499346
0.902744 0.414265
0.903334 0.333514
0.904085 0.959874
0.906973 0.503744
0.910889 0.307872
0.91204 0.659595
0.91237 0.202426
0.914513 0.223509
0.914698 0.32794
0.916351 0.111176
0.919264 0.0641213
0.920274 0.0430302
0.920479 0.484089
0.920585 0.267953
0.923745 0.383268
0.925174 0.402544
0.92573 0.75165
0.930326 0.989204
0.930549 0.73942
0.930811 0.142293
0.931313 0.581866
0.931785 0.516114
0.934868 0.32664
0.935144 0.967379
0.93697 0.663119
0.93779 0.43821
0.938331 0.522567
0.939101 0.474863
0.940925 0.130517
0.944719 0.90094
0.946252 0.65349
0.946386 0.915734
0.950059 0.634513
0.957886 0.185254
0.959786 0.119392
0.96066 0.811655
0.962744 0.836849
0.966722 0.698476
0.967578 0.0812139
0.967722 0.496713
0.969107 0.783934
0.970285 0.572611
0.970919 0.24295
0.973594 0.188544
0.979474 0.0190432
0.982019 0.790668
0.983092 0.822544
0.983534 0.248798
0.984653 0.0704493
0.985837 0.966692
0.986281 0.423978
0.988521 0.0758263
0.988601 0.411717
0.991689 0.313952
0.991952 0.734786
0.991978 0.18096
0.992489 0.760453
0.992787 0.764539
0.994346 0.965345
0.994761 0.942984
0.998225 0.171922
0.99879 0.667961
