0.000131766 0.214604
0.000845841 0.21606
0.000881428 0.814167
0.00129884 0.82956
0.00304583 0.191233
0.00308761 0.893407
0.00458441 0.0501123
0.00577421 0.0472058
0.00763153 0.263055
0.00848093 0.538908
0.0101216 0.114377
0.0105605 0.49001
0.0119574 0.968633
0.0123307 0.242141
0.0140836 0.702982
0.0140985 0.953699
0.014755 0.98672
0.0157602 0.882434
0.0171917 0.941046
0.0184112 0.436663
0.0191557 0.950183
0.0219922 0.622961
0.0222071 0.23404
0.0226544 0.752638
0.0231511 0.101346
0.0236967 0.270642
0.0239169 0.9721
0.0259509 0.157071
0.0262229 0.727811
0.0267356 0.345426
0.0273221 0.202386
0.0273821 0.21036
0.0275759 0.468963
0.0306326 0.842683
0.0322725 0.403829
0.0341755 0.388314
0.0352161 0.877142
0.0361927 0.291215
0.0388238 0.511977
0.04298 0.364319
0.0430134 0.926769
0.0444501 0.0720257
0.0461808 0.161365
0.0471498 0.446419
0.047912 0.256683
0.0485859 0.582973
0.0487312 0.0251837
0.0494887 0.756417
0.0500804 0.701345
0.0508417 0.496465
0.0517249 0.340567
0.0526339 0.617163
0.0530478 0.574187
0.0536949 0.449451
0.0537936 0.109103
0.056454 0.821863
0.0594158 0.601336
0.0643415 0.387676
0.0645969 0.679712
0.0647736 0.650054
0.0650452 0.214541
0.0661055 0.0348237
0.0665324 0.210501
0.0667667 0.148338
0.06755 0.312565
0.068335 0.506901
0.0724598 0.832019
0.0735609 0.337492
0.0748215 0.524898
0.0750636 0.593334
0.0767174 0.389788
0.0808865 0.459883
0.0814151 0.343673
0.0852028 0.00401779
0.0857093 0.515836
0.0860043 0.474013
0.0865082 0.943397
0.088933 0.696397
0.0897304 0.0989843
0.0901922 0.860802
0.0938522 0.374444
0.0958411 0.801063
0.0961557 0.0889335
0.0963154 0.772259
0.0971061 0.0629288
0.0975616 0.718221
0.0975747 0.937368
0.0979847 0.829214
0.0981432 0.492605
0.10062 0.112775
0.103041 0.815624
0.104023 0.313658
0.105498 0.0971865
0.106437 0.888898
0.106578 0.260812
0.109024 0.369044
0.109148 0.44804
0.109695 0.643359
0.110033 0.329279
0.111147 0.0441313
0.111819 0.345573
0.113813 0.855668
0.113861 0.658356
0.114619 0.406228
0.114795 0.356495
0.115918 0.239677
0.117314 0.700158
0.118749 0.815808
0.121715 0.668199
0.122836 0.507757
0.123003 0.312376
0.124434 0.363114
0.12655 0.927787
0.127942 0.327167
0.128875 0.00293106
0.12937 0.319779
0.129471 0.0157296
0.131212 0.286132
0.132545 0.686343
0.133795 0.697217
0.13543 0.16451
0.135633 0.579601
0.137457 0.23995
0.137615 0.894013
0.139633 0.811142
0.143458 0.097737
0.143525 0.221212
0.14394 0.191306
0.145164 0.764859
0.145467 0.86204
0.145815 0.716837
0.147188 0.780584
0.147424 0.753734
0.148687 0.974489
0.149886 0.12764
0.150598 0.093141
0.150869 0.653457
0.151667 0.062117
0.153311 0.698209
0.154831 0.246961
0.156425 0.0388218
0.15667 0.152455
0.157022 0.0729629
0.15722 0.398575
0.157305 0.822599
0.158263 0.926496
0.162446 0.224979
0.162628 0.288424
0.164483 0.458286
0.16454 0.428763
0.166745 0.487616
0.167247 0.925005
0.168016 0.853126
0.16827 0.121174
0.168353 0.504023
0.168403 0.341766
0.168972 0.905471
0.169394 0.00440311
0.171713 0.982813
0.171799 0.41932
0.173132 0.82494
0.174012 0.623125
0.17457 0.994529
0.176244 0.13197
0.178187 0.794649
0.179185 0.562168
0.180105 0.0307516
0.183489 0.905838
0.183619 0.0900288
0.185569 0.855687
0.189517 0.213476
0.191124 0.229242
0.19196 0.272644
0.195873 0.0429082
0.196958 0.265286
0.198135 0.0587455
0.199071 0.785028
0.199538 0.637397
0.20112 0.220983
0.201321 0.594093
0.202324 0.457297
0.20246 0.737721
0.203681 0.25915
0.204124 0.70929
0.205538 0.484501
0.205633 0.0661472
0.205978 0.875872
0.206194 0.507856
0.206666 0.434363
0.20698 0.705392
0.208496 0.196291
0.208696 0.559094
0.210037 0.0866954
0.211629 0.853254
0.213355 0.849201
0.213773 0.874932
0.215407 0.338703
0.21702 0.46313
0.217901 0.255226
0.21845 0.483799
0.219112 0.607754
0.222233 0.0684788
0.223545 0.12242
0.224078 0.0739164
0.224141 0.138514
0.224759 0.519371
0.226747 0.932794
0.2273 0.225958
0.228995 0.715328
0.230157 0.251589
0.230236 0.57826
0.230372 0.855288
0.232361 0.284614
0.237389 0.793875
0.23991 0.168515
0.242673 0.59935
0.243045 0.862856
0.2437 0.874229
0.244124 0.990668
0.244686 0.432361
0.245063 0.768347
0.246318 0.867683
0.24765 0.247107
0.2501 0.42893
0.250325 0.211767
0.252134 0.6098
0.25216 0.0578829
0.253781 0.299275
0.255964 0.9941
0.256838 0.677261
0.256911 0.907589
0.257739 0.819094
0.258841 0.334233
0.260285 0.605353
0.26233 0.97984
0.262634 0.0955458
0.264237 0.0358262
0.265395 0.491703
0.266044 0.40966
0.266592 0.606614
0.268076 0.545434
0.270478 0.919223
0.270909 0.169752
0.272146 0.956158
0.273454 0.934309
0.276472 0.671503
0.277494 0.844623
0.278162 0.0636373
0.279579 0.878856
0.279764 0.987905
0.28034 0.676348
0.280553 0.251417
0.281327 0.270191
0.281427 0.948321
0.281431 0.00514868
0.283827 0.277829
0.284007 0.298056
0.285953 0.00895367
0.285995 0.720073
0.28697 0.112615
0.287913 0.961232
0.289834 0.247502
0.290974 0.408042
0.29303 0.955953
0.297448 0.215135
0.298036 0.0978436
0.303597 0.558381
0.306839 0.0456263
0.307115 0.68084
0.307256 0.0492484
0.308776 0.600638
0.308787 0.777937
0.311218 0.637477
0.311225 0.764961
0.312338 0.46607
0.312889 0.729424
0.314309 0.583297
0.315162 0.926723
0.316055 0.931
0.317482 0.915402
0.31778 0.92582
0.31792 0.28727
0.318698 0.36223
0.321836 0.103381
0.322873 0.52203
0.322926 0.417891
0.324348 0.318175
0.32465 0.397285
0.324893 0.48193
0.324905 0.674122
0.325568 0.82327
0.328642 0.481424
0.329957 0.588076
0.330231 0.189238
0.332551 0.188928
0.332658 0.976447
0.333015 0.986034
0.333113 0.622575
0.333249 0.912649
0.334583 0.330313
0.335531 0.266601
0.335583 0.13705
0.338292 0.679115
0.343125 0.906505
0.346446 0.715233
0.347165 0.803483
0.347247 0.183726
0.349618 0.023436
0.349861 0.106077
0.351248 0.425957
0.352291 0.951405
0.353824 0.720751
0.355196 0.771397
0.355702 0.28489
0.355768 0.400914
0.35707 0.271328
0.359249 0.898736
0.361132 0.548644
0.363334 0.554832
0.364832 0.726087
0.365891 0.536931
0.366514 0.99264
0.367733 0.49408
0.368776 0.021602
0.369091 0.319788
0.369508 0.324146
0.37036 0.641064
0.373263 0.424013
0.379871 0.48521
0.380061 0.690053
0.38267 0.540903
0.384411 0.788084
0.386851 0.800779
0.387571 0.907773
0.388372 0.373894
0.39036 0.783201
0.393253 0.408112
0.393576 0.830424
0.394971 0.282821
0.39544 0.158864
0.397797 0.777424
0.398899 0.295725
0.399093 0.558202
0.400713 0.785358
0.402753 0.0663348
0.4039 0.353897
0.405388 0.359452
0.405552 0.114655
0.406278 0.306863
0.407017 0.737986
0.407081 0.810277
0.407875 0.16092
0.407898 0.544037
0.408076 0.525962
0.412396 0.136949
0.413283 0.0434828
0.413688 0.848127
0.415066 0.00651839
0.417342 0.267572
0.417956 0.579909
0.420831 0.908295
0.422059 0.54816
0.423034 0.936554
0.423743 0.852827
0.423845 0.568164
0.424024 0.569005
0.424365 0.295325
0.425451 0.54857
0.42566 0.0731362
0.426007 0.899539
0.426043 0.499509
0.426689 0.369678
0.433178 0.41744
0.433484 0.561634
0.433524 0.244453
0.433651 0.366018
0.43415 0.760065
0.435052 0.920024
0.436468 0.716006
0.436588 0.738559
0.437781 0.780748
0.438031 0.990372
0.443037 0.11614
0.445225 0.896945
0.446858 0.341353
0.448396 0.195866
0.448719 0.627859
0.45073 0.417989
0.451304 0.0639502
0.454265 0.837639
0.455397 0.864334
0.455407 0.029243
0.457182 0.857861
0.458839 0.708919
0.459778 0.481659
0.461768 0.933338
0.462157 0.472645
0.463372 0.8869
0.46568 0.679974
0.466853 0.403019
0.468912 0.00976078
0.469544 0.630613
0.469981 0.978001
0.471504 0.574541
0.474449 0.0639921
0.474929 0.128197
0.47547 0.22074
0.476443 0.58322
0.477156 0.568405
0.477264 0.373025
0.47753 0.852776
0.478019 0.0626606
0.478864 0.271403
0.47943 0.785419
0.480649 0.26313
0.481913 0.509961
0.4838 0.227184
0.484403 0.358967
0.484695 0.260661
0.484995 0.315267
0.48585 0.684402
0.486621 0.638593
0.487005 0.0900101
0.489051 0.479757
0.492622 0.502703
0.493229 0.707655
0.493382 0.2664
0.493528 0.722558
0.49407 0.829266
0.496479 0.326603
0.501477 0.323917
0.505117 0.502864
0.506782 0.484874
0.506884 0.19427
0.506992 0.0145584
0.507689 0.7341
0.507838 0.239509
0.510355 0.5372
0.511867 0.952113
0.512854 0.52924
0.513257 0.303017
0.513945 0.869334
0.514908 0.0630393
0.515238 0.606832
0.51573 0.877145
0.515835 0.630768
0.515936 0.337965
0.516199 0.759042
0.516898 0.512386
0.517283 0.981146
0.517289 0.0685823
0.5176 0.305456
0.519327 0.335691
0.519495 0.155751
0.519702 0.637107
0.520234 0.567151
0.520735 0.985116
0.522649 0.160165
0.523656 0.0875765
0.524649 0.767722
0.525235 0.631788
0.525735 0.0271498
0.52599 0.321635
0.526955 0.530625
0.527767 0.184665
0.528983 0.614213
0.52976 0.679687
0.529814 0.57921
0.532601 0.428068
0.53314 0.485353
0.533911 0.440616
0.534864 0.464778
0.535577 0.441448
0.535751 0.364996
0.535778 0.813736
0.535925 0.290172
0.536307 0.711426
0.539929 0.594662
0.540255 0.0653646
0.540498 0.147106
0.541395 0.22722
0.542297 0.390967
0.542445 0.87872
0.547886 0.319866
0.549679 0.451747
0.549911 0.348943
0.551199 0.00578212
0.552189 0.646819
0.552719 0.542935
0.553983 0.790237
0.554566 0.584492
0.555782 0.0350684
0.556654 0.683801
0.557442 0.934768
0.558224 0.0643475
0.562041 0.225799
0.56388 0.133399
0.566948 0.693974
0.571774 0.80119
0.571811 0.423981
0.573989 0.0401741
0.575945 0.909055
0.577008 0.77617
0.578569 0.012234
0.580331 0.625227
0.581305 0.990189
0.582008 0.815982
0.582435 0.981211
0.582873 0.338444
0.583602 0.605064
0.58696 0.0354095
0.588207 0.987641
0.588771 0.480573
0.588936 0.25506
0.589433 0.599316
0.591269 0.463018
0.593767 0.436603
0.59823 0.446757
0.598431 0.830792
0.600055 0.125099
0.600305 0.333291
0.603081 0.990152
0.605225 0.0191635
0.608164 0.416177
0.610714 0.265753
0.611011 0.262592
0.612289 0.738282
0.613581 0.455166
0.614322 0.912891
0.615504 0.771614
0.615598 0.362222
0.615702 0.0984001
0.616747 0.674218
0.617222 0.649852
0.617309 0.116921
0.618823 0.55572
0.620306 0.485359
0.620459 0.0520484
0.624765 0.427142
0.626212 0.746042
0.629603 0.739769
0.631134 0.47694
0.632076 0.305365
0.633922 0.331707
0.636793 0.586071
0.636991 0.903239
0.638421 0.939787
0.638622 0.327948
0.639456 0.331764
0.641308 0.467448
0.642743 0.575999
0.64336 0.946401
0.645054 0.429031
0.645703 0.337847
0.646574 0.974496
0.648453 0.551063
0.650897 0.631245
0.652015 0.414602
0.65222 0.859002
0.653108 0.791785
0.653594 0.962304
0.653828 0.887987
0.656964 0.597645
0.657659 0.278149
0.657791 0.488159
0.657807 0.762285
0.657901 0.335432
0.662326 0.712558
0.662505 0.717672
0.663172 0.935035
0.664362 0.935815
0.666227 0.276573
0.666987 0.0530583
0.667086 0.719692
0.66711 0.11803
0.668818 0.823
0.670095 0.293838
0.670788 0.928088
0.671357 0.495911
0.673096 0.728543
0.674607 0.127764
0.674885 0.792257
0.676626 0.059129
0.679654 0.94057
0.681196 0.868917
0.682227 0.188085
0.683061 0.200863
0.683655 0.19037
0.684486 0.15507
0.68498 0.452877
0.686874 0.296596
0.687441 0.828668
0.691597 0.671062
0.692555 0.771093
0.695051 0.718108
0.695432 0.122473
0.6969 0.800933
0.697241 0.53068
0.698323 0.715883
0.699047 0.87756
0.699399 0.803225
0.699918 0.514976
0.699983 0.612937
0.700254 0.173691
0.700353 0.833156
0.701871 0.344592
0.704663 0.275384
0.70564 0.697376
0.706073 0.971579
0.70624 0.781277
0.706957 0.834167
0.707203 0.958578
0.709842 0.310472
0.714641 0.973807
0.715686 0.529856
0.717407 0.465313
0.71744 0.0193651
0.717727 0.844666
0.718041 0.118982
0.718723 0.569242
0.719695 0.918433
0.719951 0.216745
0.720266 0.514955
0.721326 0.329055
0.721971 0.158864
0.722366 0.801643
0.723632 0.0746933
0.723883 0.295853
0.725289 0.934361
0.726368 0.0591989
0.727976 0.0999465
0.729076 0.586472
0.72914 0.647728
0.729657 0.338849
0.730305 0.236958
0.732266 0.188415
0.732911 0.0334458
0.733999 0.322779
0.735479 0.200443
0.73598 0.620333
0.740279 0.873076
0.74079 0.453047
0.741114 0.900575
0.748633 0.268373
0.751509 0.614149
0.751673 0.369728
0.757386 0.391985
0.758662 0.82589
0.760388 0.844979
0.766296 0.134268
0.7664 0.878484
0.772634 0.661375
0.772893 0.0152855
0.773887 0.719325
0.775591 0.358945
0.777256 0.349469
0.778825 0.707217
0.77897 0.142048
0.778981 0.332831
0.780832 0.45172
0.781284 0.0444873
0.787639 0.852342
0.788567 0.444355
0.78891 0.205361
0.790669 0.768039
0.791017 0.628049
0.792061 0.162082
0.792271 0.703679
0.792337 0.804262
0.792739 0.56565
0.794262 0.158511
0.794716 0.79902
0.795843 0.732572
0.798842 0.145261
0.798938 0.754441
0.800126 0.724581
0.800456 0.263733
0.801642 0.190459
0.80445 0.393891
0.804908 0.0881351
0.805123 0.70895
0.806428 0.635486
0.807284 0.0162127
0.807518 0.949848
0.808462 0.824565
0.809693 0.514692
0.810137 0.972885
0.810885 0.540187
0.81391 0.377386
0.814337 0.558573
0.815718 0.765417
0.816125 0.614977
0.817676 0.683776
0.818588 0.0122755
0.819175 0.86857
0.820479 0.789315
0.823292 0.0655862
0.823604 0.306507
0.827125 0.493635
0.828599 0.261136
0.829583 0.805102
0.829643 0.813232
0.831543 0.741868
0.831948 0.543054
0.832492 0.68646
0.836035 0.234518
0.836838 0.739646
0.837426 0.610951
0.837665 0.643832
0.838118 0.248285
0.838637 0.972033
0.838869 0.871804
0.840558 0.256542
0.840696 0.572631
0.841111 0.557055
0.841749 0.274595
0.841819 0.455242
0.842514 0.133171
0.843184 0.396302
0.844987 0.693477
0.846013 0.936416
0.84727 0.0591059
0.849093 0.712646
0.850059 0.948543
0.850475 0.93501
0.851152 0.319137
0.851335 0.38241
0.85188 0.546869
0.852317 0.888778
0.853298 0.371206
0.854271 0.730266
0.855049 0.809679
0.855196 0.278695
0.855398 0.680755
0.857565 0.0883203
0.859196 0.503325
0.861385 0.296832
0.863667 0.650675
0.86412 0.2594
0.872086 0.143698
0.87462 0.744614
0.876764 0.780004
0.878831 0.505166
0.880874 0.854553
0.884812 0.0422442
0.88633 0.545251
0.886557 0.363698
0.887321 0.206785
0.887361 0.872966
0.887903 0.979565
0.888377 0.9445
0.888392 0.209117
0.888544 0.751388
0.888968 0.882995
0.889496 0.763372
0.889915 0.799051
0.89105 0.882635
0.891339 0.730743
0.892221 0.560554
0.892246 0.972025
0.892495 0.158687
0.892696 0.536258
0.893833 0.65755
0.897356 0.860206
0.898137 0.98516
0.899107 0.288982
0.900733 0.618945
0.901736 0.484051
0.903506 0.22247
0.905133 0.576773
0.905265 0.786674
0.907102 0.662984
0.907949 0.905622
0.909063 0.628864
0.910981 0.853611
0.91457 0.176017
0.914837 0.67294
0.914944 0.465303
0.915715 0.420574
0.916526 0.0497502
0.916853 0.550279
0.917515 0.679525
0.917602 0.131856
0.91767 0.279828
0.917846 0.238853
0.920139 0.776764
0.920866 0.986722
0.921772 0.224248
0.922052 0.921165
0.922379 0.426492
0.922805 0.588324
0.923128 0.0162789
0.923949 0.818527
0.924142 0.0575719
0.92518 0.500937
0.925191 0.687322
0.925272 0.0447742
0.925425 0.621661
0.930359 0.54058
0.93206 0.128968
0.934129 0.902059
0.934229 0.594324
0.934307 0.905773
0.935478 0.586196
0.936265 0.798657
0.936664 0.515348
0.936705 0.194161
0.936899 0.461646
0.938047 0.749749
0.938419 0.00672007
0.938445 0.438383
0.938998 0.735688
0.943133 0.234167
0.944276 0.442065
0.947169 0.0685264
0.949856 0.236311
0.950921 0.123024
0.952779 0.358878
0.953083 0.464676
0.953848 0.326163
0.954391 0.442381
0.955993 0.37676
0.958389 0.637146
0.960454 0.354043
0.961702 0.320706
0.962538 0.37894
0.962597 0.374289
0.963925 0.692488
0.965598 0.800322
0.9658 0.204159
0.967934 0.0615931
0.968186 0.294055
0.9692 0.348973
0.96958 0.73169
0.971348 0.437199
0.971983 0.113987
0.972464 0.204653
0.982194 0.73285
0.983501 0.699583
0.984779 0.187232
0.985293 0.827418
0.986938 0.460238
0.98696 0.830637
0.987099 0.180293
0.989153 0.700905
0.989315 0.41012
0.994065 0.256954
0.995427 0.13884
0.998773 0.374238
0.999274 0.803668
