4.03724e-05 0.678546
0.000657551 0.0514595
0.00159576 0.820028
0.00176392 0.646279
0.00201305 0.833316
0.00284445 0.806649
0.0029052 0.827685
0.00294635 0.519348
0.00511003 0.884205
0.00541108 0.943984
0.00557184 0.645975
0.00676216 0.651599
0.00729982 0.688004
0.00865597 0.480911
0.00910401 0.0111227
0.00955191 0.5389
0.00990758 0.516759
0.00994853 0.204869
0.0103997 0.787979
0.0104725 0.0115228
0.0110798 0.21804
0.0111441 0.298102
0.01167 0.137845
0.0119309 0.522013
0.0131534 0.068588
0.0148679 0.884231
0.0161978 0.236459
0.0167332 0.234733
0.0168304 0.867979
0.0176842 0.218785
0.0177155 0.743825
0.0181713 0.405128
0.0185604 0.943935
0.0193539 0.281218
0.020061 0.165881
0.0208123 0.792037
0.0217839 0.122101
0.0229947 0.472469
0.0242903 0.247588
0.0262972 0.977706
0.0279273 0.374287
0.0284532 0.213561
0.0291612 0.112452
0.0292813 0.130919
0.0296809 0.847149
0.0301359 0.493708
0.0306473 0.0885718
0.0306976 0.933781
0.0330527 0.517576
0.0332545 0.908218
0.034539 0.496968
0.034879 0.211947
0.0349056 0.658269
0.0355562 0.593538
0.0368129 0.714874
0.0374911 0.113183
0.0378761 0.582835
0.0393133 0.738165
0.0396017 0.586201
0.0397108 0.418973
0.0398289 0.404475
0.0402633 0.704435
0.0405757 0.956485
0.0422232 0.645968
0.0436046 0.862188
0.0437897 0.973451
0.0442125 0.0797713
0.0444879 0.708122
0.0448209 0.305118
0.0450409 0.00166909
0.0461624 0.85072
0.0468115 0.761446
0.0471072 0.730204
0.0477679 0.834727
0.0490047 0.622268
0.0490513 0.405077
0.0496411 0.31877
0.0503965 0.0135637
0.0506272 0.89178
0.0506943 0.018519
0.0510254 0.583545
0.0514562 0.823938
0.051769 0.0814036
0.0519236 0.680533
0.0523293 0.497864
0.0529009 0.105546
0.0535337 0.740479
0.053957 0.854586
0.0541344 0.837403
0.0547385 0.989339
0.0554356 0.706533
0.0559066 0.622655
0.0574769 0.0151049
0.0579863 0.576339
0.0583895 0.351775
0.0590309 0.132435
0.0590801 0.958657
0.0592472 0.766977
0.0596588 0.685918
0.0617853 0.424916
0.0618008 0.685949
0.0625129 0.654236
0.0640294 0.142013
0.0643157 0.95404
0.0645659 0.158702
0.065849 0.72467
0.0663286 0.785188
0.0668686 0.860717
0.066942 0.0934638
0.0684017 0.627363
0.0692328 0.595053
0.0694529 0.294288
0.0697227 0.829528
0.0697602 0.459222
0.0700061 0.592437
0.0714253 0.445465
0.0715874 0.170114
0.0722967 0.0907701
0.0723374 0.774184
0.072564 0.58241
0.074399 0.424143
0.0746133 0.0263232
0.074736 0.0883915
0.0762028 0.740993
0.0765193 0.0602865
0.0775322 0.0835945
0.0782195 0.635261
0.0783196 0.317304
0.078349 0.811031
0.0792452 0.874741
0.0797611 0.543971
0.0802204 0.263643
0.0808446 0.754946
0.0811763 0.330686
0.0820555 0.106136
0.08272 0.275695
0.0827695 0.106261
0.0841046 0.546262
0.0846599 0.879403
0.0847033 0.608977
0.0855192 0.321417
0.0860414 0.0984557
0.0864727 0.347255
0.0864973 0.760432
0.0866882 0.968109
0.0866898 0.995368
0.0878864 0.106906
0.0884795 0.0754782
0.0887615 0.814071
0.0890317 0.355588
0.089963 0.00893667
0.0903832 0.0708653
0.0908917 0.6173
0.0923619 0.325711
0.0924827 0.356325
0.0946084 0.0834816
0.0949776 0.288251
0.0952399 0.697118
0.0972241 0.0461308
0.0976351 0.95255
0.0983345 0.70814
0.0987813 0.217384
0.101217 0.158382
0.101647 0.381784
0.102756 0.0220045
0.102833 0.315257
0.104477 0.938968
0.10485 0.209846
0.104898 0.0124323
0.106202 0.942083
0.106247 0.701053
0.107259 0.703058
0.107829 0.284702
0.108047 0.954118
0.108609 0.384173
0.108667 0.360333
0.109815 0.656747
0.110097 0.408206
0.110136 0.0616535
0.111385 0.0425138
0.111387 0.0802291
0.111474 0.54293
0.11253 0.293754
0.113064 0.266194
0.114444 0.467011
0.114494 0.297146
0.115073 0.0310837
0.115808 0.379819
0.1166 0.694445
0.116864 0.126706
0.118977 0.641979
0.119002 0.0713649
0.119527 0.89839
0.119551 0.297879
0.120036 0.438086
0.120106 0.620087
0.120317 0.160369
0.120681 0.289058
0.121516 0.312565
0.122685 0.966582
0.123425 0.402636
0.123669 0.500397
0.123678 0.660415
0.123887 0.166073
0.124019 0.380137
0.124233 0.992085
0.124378 0.425976
0.12682 0.459114
0.127348 0.345119
0.127431 0.727655
0.12796 0.631785
0.128047 0.081135
0.128177 0.27201
0.128252 0.536821
0.128281 0.0187457
0.129033 0.656133
0.129811 0.737009
0.130345 0.715357
0.130364 0.0247571
0.132103 0.258657
0.132618 0.914441
0.133439 0.712009
0.133547 0.528799
0.133738 0.726176
0.133844 0.514776
0.134041 0.821096
0.134274 0.749941
0.134828 0.0596732
0.134974 0.513248
0.135363 0.0477574
0.136549 0.971416
0.136775 0.780596
0.137721 0.673236
0.138713 0.344827
0.140182 0.0456782
0.140681 0.433355
0.141533 0.743347
0.142039 0.249968
0.142516 0.259811
0.142925 0.134682
0.143076 0.68121
0.14393 0.0248317
0.144 0.199773
0.144203 0.618073
0.14441 0.0949062
0.1445 0.613582
0.14604 0.496238
0.146075 0.0795139
0.146286 0.626972
0.146879 0.601023
0.147402 0.393596
0.148466 0.263506
0.148879 0.205965
0.148961 0.579986
0.149563 0.709648
0.149631 0.846804
0.150207 0.531325
0.150432 0.309497
0.152045 0.420095
0.152186 0.792252
0.15259 0.585775
0.152792 0.978976
0.153552 0.741859
0.154744 0.7772
0.155411 0.998319
0.155761 0.880978
0.155999 0.871112
0.15655 0.133182
0.156858 0.30588
0.157044 0.431998
0.158197 0.815903
0.158745 0.0274064
0.15908 0.651201
0.159864 0.839525
0.159902 0.476873
0.163362 0.621029
0.163966 0.783475
0.164165 0.119465
0.164374 0.625366
0.164733 0.663973
0.164772 0.330905
0.164975 0.740267
0.166739 0.383384
0.167656 0.79248
0.167903 0.946904
0.168421 0.647033
0.168954 0.614135
0.169069 0.550684
0.170507 0.712979
0.170885 0.0678733
0.171239 0.0191931
0.172186 0.927854
0.17219 0.990136
0.172499 0.187769
0.172718 0.873989
0.173183 0.678749
0.173338 0.299394
0.173691 0.227039
0.173858 0.0257874
0.174276 0.0571072
0.174486 0.579443
0.175667 0.431412
0.177114 0.749702
0.177787 0.0582502
0.178062 0.685247
0.178064 0.7297
0.178731 0.927662
0.178852 0.959176
0.178902 0.809566
0.18066 0.358422
0.180988 0.857346
0.181195 0.336496
0.181652 0.0324547
0.181915 0.444758
0.182009 0.0240569
0.182371 0.106969
0.184688 0.0545203
0.185716 0.326315
0.185932 0.967135
0.18601 0.267752
0.186243 0.177978
0.186767 0.992998
0.187082 0.29476
0.187819 0.673635
0.188738 0.127216
0.189298 0.531318
0.18965 0.451341
0.189948 0.456961
0.190112 0.207022
0.190424 0.452349
0.19047 0.228693
0.19157 0.715751
0.19168 0.568629
0.19245 0.500279
0.192456 0.603368
0.192734 0.288648
0.192893 0.953182
0.193124 0.841534
0.193547 0.947212
0.193591 0.685552
0.194045 0.317154
0.194162 0.274936
0.19496 0.689497
0.194989 0.184045
0.195021 0.722578
0.195804 0.873304
0.196327 0.659578
0.19761 0.22927
0.197939 0.765675
0.198568 0.335868
0.199538 0.637201
0.200069 0.553705
0.200308 0.576029
0.2007 0.164024
0.201448 0.732226
0.201856 0.59081
0.202108 0.834815
0.203281 0.549408
0.203453 0.433041
0.206283 0.005447
0.206409 0.12273
0.207407 0.895399
0.208313 0.114416
0.208843 0.0283137
0.209295 0.619798
0.20971 0.596717
0.210163 0.215656
0.210257 0.797326
0.210351 0.365715
0.21046 0.20715
0.210924 0.99596
0.211314 0.561572
0.211427 0.446835
0.211971 0.589834
0.212259 0.442872
0.212614 0.407097
0.212803 0.574139
0.213681 0.342576
0.213726 0.0968974
0.214287 0.521286
0.214315 0.983832
0.214603 0.838318
0.215053 0.393746
0.215432 0.766524
0.215748 0.0811059
0.216034 0.890183
0.2164 0.0320826
0.21714 0.469952
0.218237 0.914928
0.21881 0.53489
0.218928 0.520643
0.219308 0.906295
0.220265 0.998109
0.220768 0.441986
0.220837 0.606378
0.221148 0.832741
0.221363 0.45574
0.221993 0.0339855
0.22295 0.114091
0.223484 0.103834
0.224538 0.816003
0.224563 0.237986
0.224664 0.929068
0.22474 0.209439
0.225928 0.174413
0.226321 0.777889
0.226369 0.5806
0.226945 0.263134
0.227036 0.79387
0.227319 0.557014
0.227576 0.878273
0.228069 0.159315
0.22876 0.774203
0.229465 0.622637
0.229687 0.34694
0.229752 0.444917
0.230166 0.395868
0.230223 0.357111
0.230864 0.128997
0.231094 0.000177008
0.231241 0.472723
0.231674 0.74072
0.23169 0.00603358
0.231704 0.242875
0.234179 0.854843
0.235255 0.937881
0.235762 0.453166
0.235806 0.187201
0.235967 0.899101
0.236401 0.197699
0.236722 0.581435
0.236802 0.926537
0.238066 0.171263
0.239061 0.895526
0.240065 0.779258
0.241076 0.76255
0.241976 0.882516
0.242119 0.289868
0.242448 0.827377
0.243592 0.0480632
0.244532 0.856554
0.244836 0.961163
0.24528 0.421454
0.245716 0.745386
0.246301 0.577442
0.247319 0.685619
0.24776 0.106528
0.247834 0.351766
0.248036 0.736216
0.248097 0.759671
0.248852 0.45358
0.249211 0.494926
0.249805 0.471622
0.250813 0.413974
0.251076 0.831889
0.252131 0.571271
0.252314 0.643128
0.252358 0.384372
0.252959 0.483182
0.253267 0.658361
0.254597 0.0131324
0.255723 0.933857
0.25591 0.0751273
0.256597 0.625667
0.25903 0.512936
0.25928 0.723014
0.259332 0.592375
0.261151 0.163746
0.261895 0.673564
0.26277 0.383413
0.263441 0.645167
0.264188 0.206521
0.265063 0.913928
0.266727 0.879932
0.266749 0.251724
0.266774 0.675295
0.267373 0.74442
0.268695 0.963192
0.268729 0.529704
0.269414 0.0432794
0.269491 0.332674
0.269684 0.57852
0.270303 0.984366
0.270566 0.395574
0.270819 0.659505
0.270971 0.203083
0.271212 0.256986
0.271359 0.737491
0.272735 0.862862
0.273678 0.707417
0.274882 0.942769
0.275342 0.679002
0.277218 0.202592
0.277299 0.564287
0.27809 0.850566
0.278312 0.59798
0.278418 0.377916
0.280617 0.326987
0.281388 0.286531
0.281582 0.547482
0.281594 0.752737
0.281801 0.230219
0.281913 0.110332
0.283496 0.718806
0.283961 0.532802
0.284039 0.845863
0.284497 0.535568
0.284498 0.563141
0.284664 0.355527
0.28499 0.824343
0.285234 0.922739
0.285414 0.959832
0.285504 0.457861
0.286034 0.375461
0.287275 0.236343
0.28871 0.350984
0.289395 0.868754
0.290039 0.678151
0.290369 0.237902
0.290762 0.832511
0.293279 0.13795
0.293631 0.0580738
0.294497 0.615449
0.29456 0.665552
0.295312 0.306313
0.295987 0.647074
0.296039 0.523244
0.296292 0.781039
0.296347 0.706492
0.296813 0.540656
0.297559 0.0703523
0.297705 0.530266
0.298139 0.823441
0.298419 0.529867
0.30005 0.940747
0.302036 0.313137
0.302218 0.369655
0.302258 0.0541726
0.302515 0.375745
0.303716 0.546764
0.303728 0.754945
0.304841 0.455522
0.308236 0.515546
0.308783 0.7152
0.309755 0.0542645
0.309992 0.0383482
0.311238 0.978777
0.311412 0.897864
0.311883 0.819958
0.31229 0.652378
0.312475 0.774114
0.313133 0.834213
0.313282 0.328203
0.314447 0.904191
0.315733 0.530046
0.315876 0.922434
0.315904 0.39355
0.316022 0.390065
0.316261 0.402684
0.316446 0.514831
0.316697 0.728549
0.316772 0.980298
0.318127 0.764276
0.318245 0.741616
0.320469 0.12412
0.32057 0.817676
0.321286 0.847001
0.322943 0.700955
0.323953 0.677845
0.324104 0.22435
0.32437 0.692721
0.324544 0.610079
0.325011 0.459418
0.325286 0.0789877
0.326107 0.876172
0.326232 0.981434
0.326908 0.33615
0.328623 0.160457
0.328878 0.45376
0.331317 0.439039
0.332686 0.449489
0.332697 0.645844
0.332712 0.884635
0.333474 0.699688
0.333862 0.214734
0.334372 0.79868
0.334427 0.712706
0.33637 0.367754
0.33707 0.127242
0.337556 0.304256
0.338947 0.676432
0.340302 0.463337
0.340515 0.0327792
0.34123 0.0500362
0.341502 0.629214
0.341762 0.00112513
0.342336 0.636294
0.34236 0.0470527
0.342432 0.256767
0.342632 0.616932
0.342841 0.136239
0.342921 0.469461
0.343758 0.533791
0.344026 0.0434
0.344602 0.731772
0.345128 0.570005
0.345704 0.239265
0.345858 0.839333
0.347526 0.865006
0.347649 0.934165
0.347919 0.476026
0.349133 0.880709
0.350166 0.245443
0.350489 0.661494
0.351298 0.272035
0.351909 0.539378
0.353138 0.193957
0.353157 0.505877
0.354522 0.448448
0.355 0.480901
0.355503 0.93716
0.35558 0.230671
0.355741 0.941178
0.355757 0.202414
0.356445 0.771345
0.3567 0.0497319
0.358399 0.608889
0.358479 0.948748
0.358701 0.695857
0.360877 0.253368
0.360885 0.399463
0.360889 0.454983
0.361101 0.0212402
0.36153 0.226822
0.362334 0.754263
0.363299 0.961891
0.364015 0.000905146
0.365219 0.237658
0.365531 0.481466
0.365899 0.659516
0.367271 0.722769
0.36836 0.0260097
0.368717 0.0256182
0.368815 0.668976
0.36887 0.595743
0.368943 0.833366
0.369998 0.556813
0.370079 0.913506
0.371915 0.774954
0.372159 0.879776
0.372904 0.405449
0.373649 0.919234
0.374323 0.248467
0.374376 0.13712
0.375264 0.0593611
0.375269 0.147752
0.37622 0.137635
0.376484 0.572549
0.376826 0.315038
0.37694 0.234103
0.377436 0.57259
0.377543 0.365486
0.378671 0.329186
0.380611 0.935476
0.380676 0.0288042
0.382375 0.569468
0.382499 0.668109
0.382667 0.492606
0.382803 0.775761
0.383351 0.975267
0.384538 0.929558
0.384739 0.313696
0.385014 0.931113
0.385461 0.441947
0.38703 0.809587
0.388405 0.922147
0.390415 0.705265
0.391134 0.782307
0.391242 0.599308
0.392086 0.789619
0.393643 0.961272
0.393693 0.796189
0.394212 0.524915
0.39483 0.900106
0.396392 0.161645
0.396624 0.0626046
0.397238 0.374934
0.399184 0.0794684
0.399458 0.695508
0.399854 0.346709
0.400353 0.735465
0.400452 0.391368
0.401194 0.868338
0.401806 0.147789
0.401983 0.123758
0.402036 0.0197681
0.403147 0.684845
0.403313 0.486849
0.404 0.0264395
0.404146 0.474105
0.404491 0.288401
0.40636 0.699424
0.407053 0.33837
0.407562 0.900121
0.408049 0.081056
0.408437 0.603662
0.409057 0.0181174
0.409491 0.314469
0.409647 0.942478
0.409676 0.41649
0.410493 0.162373
0.410959 0.990096
0.412121 0.518625
0.412131 0.677547
0.41358 0.0308366
0.414331 0.665391
0.415178 0.899341
0.415661 0.014942
0.41574 0.3489
0.416871 0.348593
0.417326 0.998196
0.417541 0.604368
0.42016 0.632062
0.420657 0.976779
0.421005 0.83898
0.42117 0.610133
0.421271 0.305497
0.421551 0.0141304
0.421801 0.210614
0.422502 0.9826
0.422951 0.539429
0.423054 0.273706
0.423155 0.97436
0.424674 0.495696
0.424896 0.234995
0.425667 0.184803
0.425793 0.30103
0.426344 0.55575
0.42661 0.0331379
0.426838 0.857955
0.427306 0.725702
0.428591 0.324611
0.428743 0.880445
0.42875 0.995907
0.428762 0.19782
0.428919 0.834891
0.429216 0.827426
0.430158 0.669579
0.430551 0.262935
0.430859 0.451285
0.431706 0.676518
0.432116 0.567268
0.432745 0.13692
0.433305 0.554751
0.433506 0.930131
0.433509 0.982458
0.435849 0.312609
0.436381 0.253343
0.436817 0.589398
0.438159 0.137755
0.438801 0.93575
0.439465 0.0962932
0.439868 0.867965
0.440695 0.757595
0.441092 0.427736
0.442228 0.531449
0.442369 0.897619
0.443194 0.755442
0.443735 0.858848
0.444329 0.833837
0.444378 0.668551
0.444442 0.732319
0.445267 0.601021
0.445287 0.938791
0.446028 0.392212
0.446524 0.723319
0.446882 0.741218
0.447234 0.665326
0.447323 0.152993
0.447937 0.484348
0.448106 0.317001
0.448525 0.353666
0.450216 0.778804
0.451045 0.71774
0.451056 0.891979
0.451748 0.526863
0.453023 0.961997
0.454785 0.572118
0.457289 0.651031
0.45806 0.61934
0.458632 0.229206
0.460138 0.53952
0.460424 0.34707
0.460683 0.696153
0.460734 0.557945
0.460888 0.150673
0.461331 0.58545
0.461818 0.774399
0.462089 0.333682
0.462823 0.661364
0.466053 0.94863
0.466067 0.180478
0.467089 0.362701
0.4674 0.593533
0.467673 0.178822
0.467724 0.0390422
0.468189 0.853578
0.468744 0.184676
0.469326 0.966026
0.469733 0.798469
0.470441 0.699661
0.47067 0.545938
0.470728 0.522309
0.471109 0.928318
0.471936 0.821751
0.4721 0.576531
0.472598 0.95275
0.47299 0.535853
0.473976 0.12018
0.474124 0.607901
0.47516 0.0145527
0.475562 0.769516
0.475819 0.0851477
0.477216 0.566056
0.478663 0.89193
0.478891 0.724557
0.479364 0.675092
0.480454 0.984523
0.480604 0.511
0.480873 0.0243889
0.481012 0.370977
0.481914 0.530662
0.482707 0.849945
0.484774 0.594157
0.484796 0.959789
0.485159 0.0666423
0.485555 0.721561
0.487307 0.171617
0.487563 0.466204
0.488073 0.0496648
0.488356 0.804763
0.48872 0.909324
0.48895 0.782915
0.48899 0.453509
0.488994 0.514797
0.489116 0.576169
0.489195 0.902144
0.489599 0.689719
0.490868 0.0113553
0.492073 0.277918
0.492429 0.258799
0.494422 0.746792
0.496168 0.0979618
0.498407 0.724124
0.49917 0.548272
0.499179 0.704173
0.499238 0.693137
0.499406 0.512273
0.499572 0.304166
0.5002 0.864404
0.500223 0.247794
0.501629 0.875477
0.50335 0.79716
0.50358 0.66708
0.50404 0.405325
0.505124 0.62015
0.505516 0.210798
0.506952 0.341577
0.507525 0.971141
0.508379 0.332991
0.508637 0.661975
0.510207 0.04681
0.510633 0.215827
0.511392 0.962705
0.511593 0.33508
0.51231 0.397526
0.514443 0.243651
0.514652 0.763709
0.515404 0.39806
0.515782 0.743398
0.516278 0.0842497
0.517798 0.624408
0.517889 0.16218
0.51937 0.0516155
0.519423 0.950709
0.519949 0.778094
0.521563 0.912891
0.521691 0.0684063
0.521951 0.425737
0.521953 0.455791
0.52201 0.422856
0.522464 0.0500363
0.522907 0.50355
0.523647 0.929656
0.523928 0.658223
0.523959 0.176008
0.524134 0.121055
0.525474 0.642966
0.526505 0.970892
0.527452 0.889007
0.527636 0.975508
0.527669 0.530899
0.527956 0.353977
0.528127 0.224478
0.528711 0.0378607
0.529074 0.154442
0.529462 0.667617
0.53046 0.442727
0.53101 0.68095
0.532087 0.784688
0.532618 0.703901
0.532959 0.444496
0.533887 0.0350144
0.534239 0.949417
0.535274 0.354715
0.53544 0.133209
0.536142 0.942128
0.536926 0.110644
0.537319 0.720576
0.53734 0.0747114
0.538303 0.264151
0.538443 0.605128
0.538679 0.572017
0.539052 0.849266
0.541119 0.583655
0.541328 0.0977968
0.541885 0.461304
0.541986 0.160472
0.542491 0.646533
0.542555 0.725265
0.542765 0.251796
0.543672 0.503198
0.544991 0.664439
0.545483 0.931684
0.546602 0.741454
0.547375 0.725315
0.547774 0.443885
0.54782 0.203825
0.549234 0.974301
0.550347 0.681092
0.551611 0.924864
0.552456 0.134154
0.553506 0.777975
0.553574 0.910827
0.554254 0.347477
0.554322 0.494329
0.554415 0.0506185
0.55472 0.17383
0.554822 0.894278
0.556337 0.3542
0.556411 0.597568
0.55656 0.104002
0.557182 0.549896
0.557855 0.863194
0.558002 0.335028
0.558019 0.622631
0.559026 0.548657
0.55957 0.687751
0.560751 0.540284
0.561229 0.579163
0.561581 0.499075
0.562342 0.281798
0.562731 0.814891
0.562875 0.238874
0.562931 0.176442
0.562937 0.286223
0.563195 0.614439
0.563229 0.196377
0.564437 0.495913
0.564458 0.849751
0.56459 0.0604652
0.564969 0.431365
0.565331 0.51542
0.565678 0.346409
0.566401 0.497325
0.567783 0.736374
0.567807 0.137304
0.568885 0.248586
0.569726 0.382915
0.569823 0.0117003
0.569898 0.276747
0.570041 0.674551
0.570483 0.112662
0.570768 0.890997
0.570952 0.998386
0.571688 0.360121
0.571819 0.564864
0.57288 0.391501
0.57311 0.260498
0.573121 0.450022
0.573821 0.207756
0.574623 0.683262
0.574692 0.843912
0.575175 0.964874
0.575828 0.941114
0.57612 0.843912
0.5767 0.590183
0.576738 0.234888
0.577112 0.525286
0.577552 0.924092
0.577769 0.566273
0.579133 0.48931
0.579264 0.682188
0.579516 0.925411
0.58057 0.634238
0.581849 0.139496
0.582685 0.187321
0.583002 0.506771
0.584071 0.476968
0.584182 0.346844
0.584993 0.974971
0.585443 0.546326
0.585793 0.415539
0.585834 0.105614
0.585971 0.408452
0.586111 0.767563
0.586476 0.898866
0.586649 0.805133
0.586755 0.594812
0.587686 0.243865
0.587759 0.465217
0.588067 0.642814
0.588254 0.782941
0.588343 0.273684
0.588532 0.463806
0.588819 0.286767
0.590258 0.469959
0.591554 0.24878
0.591721 0.0593465
0.592071 0.930947
0.592809 0.348593
0.593686 0.079041
0.593716 0.577205
0.594126 0.474412
0.595174 0.0933302
0.596138 0.288867
0.596159 0.646688
0.597166 0.564293
0.597331 0.335759
0.598313 0.839185
0.600519 0.915983
0.601262 0.402807
0.601491 0.260009
0.60253 0.720608
0.602669 0.0561373
0.603055 0.53695
0.603583 0.416968
0.604567 0.959134
0.604983 0.956151
0.60541 0.120832
0.607879 0.623293
0.608157 0.298727
0.609645 0.297958
0.611494 0.387436
0.612186 0.00911648
0.612494 0.184804
0.614459 0.211096
0.615103 0.0317717
0.617101 0.613846
0.617299 0.9419
0.617906 0.146812
0.618113 0.626244
0.619523 0.318213
0.620911 0.654427
0.621769 0.079576
0.621917 0.563603
0.622055 0.881437
0.622902 0.10951
0.623267 0.244805
0.623281 0.491116
0.623604 0.906807
0.623697 0.467863
0.624094 0.140828
0.624334 0.178523
0.624813 0.228906
0.625235 0.327149
0.625245 0.486635
0.625309 0.571096
0.625618 0.768329
0.626182 0.237743
0.626211 0.722
0.626895 0.22119
0.627684 0.482292
0.627789 0.254644
0.628107 0.597244
0.628415 0.774654
0.629171 0.485421
0.62918 0.630451
0.629186 0.721174
0.6298 0.0476774
0.62981 0.210395
0.630147 0.879293
0.630976 0.814519
0.631253 0.468939
0.631836 0.272523
0.632044 0.769838
0.633658 0.892129
0.634313 0.905693
0.634315 0.936396
0.635151 0.983735
0.635572 0.0533487
0.635863 0.944172
0.636437 0.589538
0.637246 0.18629
0.637326 0.538514
0.637566 0.575809
0.638786 0.0758721
0.639356 0.653008
0.639707 0.557949
0.640386 0.970932
0.6414 0.0144787
0.642049 0.915061
0.642798 0.499049
0.644399 0.420233
0.644937 0.454344
0.64612 0.34586
0.646174 0.249939
0.646756 0.0247768
0.646958 0.430132
0.647106 0.903906
0.64715 0.650338
0.647323 0.560793
0.648051 0.79387
0.648826 0.813896
0.649208 0.239627
0.650249 0.73787
0.650293 0.468141
0.650387 0.0553208
0.650754 0.220794
0.650891 0.517927
0.653312 0.218788
0.654539 0.844981
0.654769 0.700556
0.655568 0.130441
0.655869 0.184726
0.656748 0.966311
0.656806 0.930598
0.656826 0.282839
0.658678 0.39657
0.65871 0.946506
0.658952 0.00571492
0.659142 0.200799
0.659293 0.73731
0.659533 0.768218
0.660179 0.628503
0.660288 0.459263
0.660497 0.973201
0.662343 0.00599966
0.663059 0.0338144
0.663335 0.673771
0.663358 0.0531233
0.663447 0.559034
0.663514 0.685468
0.663902 0.208794
0.664459 0.564936
0.664476 0.851827
0.665205 0.0954543
0.666251 0.682003
0.666296 0.429217
0.666757 0.19289
0.668762 0.884533
0.669537 0.912166
0.671152 0.0433003
0.671289 0.359326
0.671729 0.744609
0.671764 0.331626
0.672534 0.277873
0.672553 0.601126
0.673734 0.454918
0.673743 0.598665
0.675003 0.770168
0.675643 0.538626
0.675691 0.345313
0.676133 0.759116
0.676392 0.122379
0.676884 0.387941
0.677818 0.090408
0.678286 0.960605
0.678497 0.507805
0.679182 0.0168959
0.679623 0.421666
0.680315 0.0510799
0.680802 0.241227
0.681982 0.0690201
0.682568 0.914225
0.682711 0.319205
0.682786 0.589065
0.682825 0.246746
0.683648 0.0633951
0.684786 0.19256
0.685121 0.835043
0.686034 0.167785
0.688671 0.49076
0.68921 0.55602
0.689335 0.644839
0.690068 0.968999
0.69025 0.0394328
0.690516 0.507585
0.692132 0.659937
0.692322 0.848595
0.692707 0.329463
0.693204 0.676028
0.693605 0.413905
0.695218 0.528534
0.695653 0.839404
0.69671 0.605145
0.696976 0.0737196
0.697977 0.900108
0.698062 0.33541
0.698713 0.261522
0.698782 0.423597
0.699391 0.670044
0.700137 0.203254
0.702548 0.730871
0.70392 0.778589
0.704316 0.431833
0.705088 0.4062
0.705321 0.332611
0.705982 0.432547
0.706456 0.403164
0.706458 0.444487
0.706617 0.108051
0.706904 0.93084
0.707332 0.12768
0.707464 0.349038
0.708773 0.351396
0.708843 0.52561
0.709545 0.331312
0.709758 0.897413
0.709767 0.0463956
0.710267 0.4649
0.710568 0.512431
0.711486 0.945593
0.712904 0.78332
0.713018 0.691867
0.71317 0.254682
0.713777 0.453717
0.714694 0.868103
0.71481 0.811774
0.715296 0.986503
0.71558 0.748504
0.715616 0.359446
0.715791 0.298436
0.715978 0.44862
0.716293 0.744004
0.716733 0.134812
0.7172 0.985717
0.718033 0.985323
0.718336 0.0813928
0.718663 0.562849
0.721186 0.974766
0.721627 0.384944
0.72167 0.101644
0.721968 0.114473
0.722004 0.713636
0.72295 0.627157
0.723332 0.0444275
0.723996 0.20501
0.725017 0.356029
0.725481 0.158997
0.725671 0.359567
0.725915 0.451984
0.72779 0.969587
0.727949 0.634583
0.728648 0.380969
0.728684 0.999683
0.728722 0.622849
0.729164 0.0605221
0.72919 0.504238
0.729286 0.112307
0.729888 0.227787
0.730665 0.293214
0.730857 0.518022
0.731559 0.308385
0.731572 0.532485
0.73159 0.835178
0.731837 0.984688
0.732613 0.0261269
0.734204 0.759932
0.735564 0.627816
0.7362 0.311029
0.736465 0.775261
0.737118 0.739714
0.737306 0.907007
0.73787 0.377532
0.738796 0.938045
0.739823 0.212963
0.740439 0.551917
0.7406 0.2718
0.74095 0.139182
0.741077 0.283474
0.741667 0.203953
0.741719 0.0699325
0.741953 0.998128
0.742121 0.832909
0.742447 0.311078
0.742807 0.352902
0.74295 0.769192
0.743286 0.410627
0.743705 0.448435
0.745218 0.873334
0.745372 0.471063
0.745782 0.354918
0.745811 0.845812
0.746688 0.587913
0.747405 0.634448
0.747906 0.0635967
0.748036 0.246402
0.748184 0.734585
0.748263 0.0588929
0.748568 0.188014
0.748814 0.315453
0.749222 0.170671
0.749453 0.0648224
0.750317 0.58298
0.751013 0.271968
0.751138 0.378263
0.751667 0.26426
0.751828 0.96921
0.752474 0.824697
0.752677 0.238144
0.752899 0.972285
0.754921 0.94952
0.755131 0.48603
0.755639 0.0269541
0.755929 0.89638
0.757711 0.84554
0.75885 0.984495
0.759901 0.652516
0.760044 0.0601654
0.760363 0.425259
0.760462 0.090272
0.760505 0.801227
0.761455 0.768226
0.762975 0.316993
0.763553 0.0314039
0.763575 0.410975
0.7647 0.318622
0.765046 0.131063
0.765475 0.342749
0.766131 0.363819
0.76719 0.156584
0.767232 0.862844
0.768153 0.34377
0.769186 0.71334
0.770169 0.227582
0.770463 0.178645
0.770773 0.38203
0.77194 0.992274
0.772064 0.0802472
0.773596 0.820565
0.773707 0.696429
0.774031 0.144239
0.774072 0.836254
0.774175 0.553587
0.774765 0.481767
0.775901 0.567409
0.776219 0.91051
0.776386 0.711857
0.777284 0.814019
0.777991 0.702751
0.778588 0.728776
0.779624 0.142479
0.779881 0.461821
0.780882 0.275328
0.780955 0.519235
0.781788 0.508518
0.782188 0.226125
0.782286 0.88159
0.783936 0.616286
0.784623 0.150797
0.786729 0.547517
0.786905 0.505493
0.787194 0.361512
0.788022 0.292958
0.788122 0.964694
0.788168 0.73423
0.789132 0.941326
0.789327 0.216262
0.789632 0.352607
0.789874 0.408536
0.792165 0.912309
0.792412 0.0654029
0.792802 0.616489
0.793903 0.127519
0.794745 0.278174
0.795173 0.472603
0.796677 0.752989
0.797451 0.757151
0.797478 0.213115
0.798188 0.141339
0.798559 0.382767
0.798868 0.574475
0.799429 0.0093511
0.800031 0.124926
0.800044 0.342413
0.800138 0.911654
0.802106 0.994797
0.80245 0.768787
0.802653 0.195735
0.804018 0.128226
0.804536 0.831336
0.805048 0.440648
0.805104 0.387944
0.805191 0.84908
0.806386 0.929806
0.806499 0.821925
0.806971 0.760954
0.807593 0.216506
0.807781 0.379847
0.81038 0.0508383
0.810596 0.682861
0.811555 0.806778
0.812236 0.254494
0.812381 0.682852
0.812962 0.449355
0.813355 0.0625744
0.813388 0.606163
0.813523 0.876005
0.813598 0.140817
0.813953 0.110576
0.814444 0.363201
0.814732 0.196657
0.814989 0.516046
0.815161 0.416302
0.815584 0.526708
0.815958 0.802094
0.816936 0.244936
0.817128 0.475731
0.817692 0.945943
0.818416 0.111753
0.818532 0.0682824
0.820477 0.752766
0.820679 0.153221
0.822234 0.288912
0.822255 0.639768
0.823659 0.241672
0.824268 0.467621
0.824502 0.402313
0.82454 0.0502814
0.825046 0.548529
0.825101 0.477347
0.825881 0.579675
0.826481 0.662997
0.826486 0.742145
0.826688 0.152415
0.827118 0.379112
0.827578 0.110234
0.829332 0.584725
0.829489 0.224183
0.829984 0.547605
0.830639 0.554259
0.830692 0.434639
0.830783 0.963865
0.831133 0.857356
0.831243 0.701514
0.831596 0.630255
0.83297 0.72951
0.834062 0.084107
0.834405 0.844205
0.834836 0.0925501
0.835689 0.421623
0.835706 0.715119
0.836162 0.382347
0.836217 0.303096
0.836275 0.276102
0.837432 0.72398
0.837703 0.266741
0.838201 0.641386
0.838315 0.562799
0.838498 0.636191
0.838918 0.701234
0.839134 0.328741
0.839283 0.835707
0.839543 0.20045
0.839853 0.411411
0.841001 0.703669
0.841776 0.73023
0.842528 0.369715
0.842786 0.696868
0.844093 0.669407
0.844545 0.267927
0.844557 0.467202
0.844826 0.991595
0.845078 0.228877
0.846415 0.690698
0.848193 0.586599
0.848332 0.908644
0.84837 0.556745
0.848443 0.783224
0.848584 0.145895
0.851793 0.091485
0.852075 0.822306
0.853723 0.525838
0.854103 0.903264
0.85458 0.921168
0.855656 0.0111241
0.856444 0.254413
0.856696 0.485427
0.856883 0.62481
0.857884 0.461491
0.859326 0.687876
0.862752 0.271382
0.862907 0.878204
0.863858 0.860269
0.864934 0.951367
0.865579 0.784103
0.866052 0.730059
0.866601 0.968807
0.867492 0.930938
0.867591 0.601626
0.867657 0.714449
0.868059 0.473067
0.868632 0.106013
0.868725 0.659304
0.86887 0.0972419
0.869003 0.341391
0.869234 0.216359
0.869597 0.322899
0.869769 0.208943
0.870823 0.923492
0.871036 0.500949
0.871042 0.602003
0.871046 0.671172
0.873323 0.945006
0.873356 0.48645
0.873439 0.8869
0.874078 0.630118
0.874816 0.0409086
0.874926 0.877797
0.875157 0.766798
0.8755 0.536249
0.875828 0.0401114
0.87616 0.614404
0.876594 0.923794
0.878205 0.983787
0.878722 0.675674
0.879021 0.69928
0.87914 0.704811
0.879881 0.163365
0.880196 0.454813
0.880712 0.12733
0.880819 0.923724
0.880832 0.15029
0.882814 0.461172
0.883913 0.925737
0.884284 0.154009
0.884862 0.872638
0.885263 0.61842
0.886795 0.36291
0.886985 0.560295
0.887704 0.64298
0.88783 0.761664
0.888089 0.113681
0.888283 0.371822
0.888589 0.521714
0.888748 0.186851
0.889929 0.0392584
0.890008 0.358127
0.890299 0.25547
0.8904 0.949346
0.892526 0.680526
0.893189 0.829134
0.893799 0.0734207
0.894053 0.346399
0.894359 0.48344
0.894578 0.179083
0.894725 0.636289
0.894735 0.80267
0.896259 0.42074
0.896278 0.741488
0.896703 0.886494
0.897237 0.865272
0.898381 0.0952172
0.898608 0.90842
0.899638 0.21775
0.900114 0.213114
0.901925 0.656713
0.902147 0.379482
0.903009 0.870286
0.903372 0.9811
0.904073 0.756788
0.904587 0.398743
0.906373 0.413221
0.907405 0.763836
0.907957 0.0321823
0.910128 0.524476
0.910848 0.630343
0.911185 0.294138
0.912317 0.306682
0.913586 0.635135
0.915272 0.979896
0.917406 0.836556
0.917998 0.786415
0.918127 0.952253
0.918132 0.050505
0.91892 0.281976
0.920346 0.262519
0.920437 0.790094
0.92046 0.170307
0.920942 0.267233
0.921285 0.0399868
0.923408 0.72366
0.923643 0.676063
0.924504 0.146581
0.924701 0.446163
0.924821 0.47421
0.925039 0.125845
0.925874 0.157171
0.926877 0.0182697
0.927198 0.423106
0.927304 0.194197
0.927878 0.846999
0.928045 0.658645
0.928406 0.71872
0.928546 0.0749583
0.930676 0.872443
0.931256 0.611443
0.9315 0.728701
0.933292 0.833339
0.933804 0.43966
0.934655 0.751515
0.935297 0.531
0.935815 0.241937
0.937306 0.299154
0.938287 0.79041
0.939255 0.0623236
0.93942 0.829532
0.939577 0.463614
0.939634 0.43356
0.939873 0.440653
0.939977 0.188093
0.940768 0.491817
0.942581 0.954512
0.943636 0.696891
0.944376 0.132538
0.944743 0.295952
0.945253 0.870217
0.945838 0.692397
0.946041 0.104545
0.946409 0.303256
0.948023 0.429108
0.948316 0.343543
0.948415 0.00258503
0.948501 0.452584
0.948704 0.870884
0.949185 0.946727
0.949387 0.346736
0.949455 0.49391
0.950893 0.660431
0.951349 0.322478
0.951715 0.479436
0.952103 0.999693
0.95265 0.187671
0.9528 0.713624
0.952869 0.868373
0.953903 0.247343
0.954507 0.405923
0.954811 0.506579
0.955596 0.698081
0.956205 0.933493
0.957108 0.108893
0.957199 0.649726
0.957624 0.790959
0.957989 0.917034
0.958944 0.974302
0.959456 0.583676
0.960547 0.915858
0.960665 0.902957
0.960975 0.112212
0.961162 0.25097
0.961707 0.40981
0.962324 0.781588
0.962726 0.54415
0.963347 0.966088
0.964071 0.138237
0.964086 0.390543
0.964563 0.417338
0.964607 0.146129
0.965232 0.646988
0.965634 0.40386
0.966097 0.195739
0.966242 0.621287
0.966438 0.919484
0.966615 0.901542
0.966663 0.70729
0.967611 0.634194
0.967614 0.686787
0.967878 0.12203
0.968058 0.151868
0.968195 0.4521
0.969282 0.72445
0.9698 0.428859
0.970639 0.522843
0.97222 0.0990333
0.97244 0.807504
0.972584 0.21279
0.972834 0.419643
0.973237 0.201474
0.973412 0.129444
0.973898 0.31005
0.974597 0.0548633
0.974727 0.243241
0.974975 0.407105
0.975238 0.817741
0.976051 0.487685
0.976136 0.917492
0.976713 0.623731
0.976741 0.0805958
0.979021 0.4066
0.979136 0.337389
0.979365 0.188675
0.979436 0.381249
0.979648 0.952171
0.980126 0.97391
0.980699 0.614134
0.981074 0.91152
0.981556 0.0127907
0.981569 0.236875
0.982232 0.379731
0.982286 0.275115
0.982345 0.271639
0.983021 0.630674
0.983258 0.609115
0.983399 0.983917
0.984168 0.905237
0.984536 0.0899162
0.985429 0.100039
0.986034 0.268943
0.987278 0.184335
0.987383 0.947045
0.987473 0.453785
0.988571 0.920487
0.989911 0.436709
0.990877 0.672324
0.990893 0.940009
0.991305 0.857596
0.992378 0.889387
0.992459 0.266843
0.992497 0.901312
0.992567 0.0793758
0.993246 0.483883
0.993841 0.484926
0.994636 0.840907
0.994741 0.609565
0.995811 0.599007
0.997147 0.0558811
0.99764 0.343325
0.998536 0.401307
0.99887 0.000979908
