0.00019172 0.222241
0.000358256 0.0212094
0.00115473 0.407533
0.0012522 0.0457565
0.00157181 0.417362
0.00237798 0.966771
0.0027724 0.595784
0.00286529 0.15691
0.00339392 0.0417019
0.00395393 0.453717
0.00409528 0.829357
0.00461307 0.531943
0.00549209 0.305553
0.00573595 0.404082
0.00618587 0.965849
0.00624005 0.876596
0.00678102 0.968693
0.0075832 0.45085
0.00775761 0.382217
0.00859267 0.416963
0.0125233 0.478587
0.0133954 0.136758
0.0145167 0.982624
0.014646 0.155983
0.01479 0.575826
0.0153595 0.146889
0.0162657 0.377849
0.0167218 0.0434801
0.0167526 0.560748
0.0169682 0.18503
0.0169724 0.255843
0.0171939 0.977618
0.017395 0.3585
0.0176259 0.238055
0.0177362 0.0930924
0.0178529 0.0543806
0.0186622 0.65546
0.0186754 0.877846
0.020143 0.543118
0.0203452 0.941336
0.0215753 0.616279
0.0221476 0.234402
0.0223355 0.392263
0.0224811 0.839412
0.0230941 0.142882
0.0233239 0.00402161
0.0236411 0.335798
0.0243259 0.84622
0.0246752 0.71566
0.0256325 0.805079
0.0258759 0.896391
0.0259813 0.668023
0.0261672 0.791731
0.0262467 0.127887
0.0269518 0.9791
0.0279341 0.488756
0.0282118 0.156488
0.0284321 0.857884
0.0284631 0.378556
0.0287922 0.911322
0.0299534 0.426624
0.0310423 0.72844
0.0320933 0.392195
0.0322848 0.611479
0.0324432 0.272342
0.0325172 0.516125
0.0326685 0.0594519
0.0339355 0.353516
0.0350778 0.552867
0.0358834 0.0925253
0.0366471 0.928006
0.0377288 0.108505
0.0384671 0.517307
0.0390887 0.963022
0.039112 0.355068
0.039531 0.398119
0.0414725 0.0286319
0.0419258 0.646436
0.0424148 0.865947
0.042802 0.372572
0.0430236 0.0976574
0.0434038 0.486996
0.0435952 0.703939
0.0439058 0.923994
0.0439717 0.0330922
0.0444461 0.00550939
0.0447992 0.939815
0.0450523 0.194268
0.0459478 0.244071
0.0479859 0.498391
0.0480668 0.858919
0.0480807 0.0915189
0.0483598 0.783357
0.0483881 0.259333
0.0485223 0.513625
0.0490519 0.414946
0.0490519 0.416081
0.0497599 0.314909
0.0497606 0.326375
0.0501648 0.119068
0.0512742 0.764626
0.0518564 0.549873
0.0524366 0.302132
0.0535023 0.213138
0.0538328 0.76853
0.0541648 0.347322
0.0543143 0.860244
0.05552 0.124624
0.0568089 0.786996
0.0569589 0.30884
0.0570622 0.0436647
0.0571716 0.883762
0.0574387 0.372787
0.0581767 0.776385
0.0582571 0.126293
0.058489 0.0243175
0.0589286 0.412974
0.0592514 0.837524
0.0592913 0.508103
0.0596646 0.782159
0.0597454 0.141748
0.0600471 0.211795
0.0600833 0.820068
0.0600988 0.0798804
0.060274 0.0249197
0.0604154 0.402125
0.0627855 0.236098
0.0630393 0.500741
0.0636472 0.718802
0.0637485 0.420873
0.0653619 0.538014
0.0657577 0.189238
0.065828 0.370409
0.066713 0.245731
0.066878 0.0181833
0.0672892 0.928742
0.0676208 0.50334
0.0679389 0.849462
0.0695608 0.108738
0.0697325 0.993451
0.0699349 0.396403
0.0713678 0.478197
0.0716334 0.943054
0.0723135 0.373584
0.072346 0.918988
0.0726491 0.0140559
0.0729459 0.00220802
0.072998 0.87765
0.073051 0.7679
0.0730726 0.130691
0.0752876 0.359462
0.0754296 0.745393
0.0757421 0.997826
0.0762079 0.825486
0.0770515 0.00520831
0.0773766 0.468061
0.0793654 0.894108
0.0801485 0.0566763
0.0808789 0.331217
0.081038 0.00612943
0.081373 0.635739
0.0815947 0.361865
0.0819318 0.0276165
0.0834964 0.324515
0.0838591 0.4202
0.0840606 0.805785
0.0841498 0.305654
0.0848195 0.561366
0.0859799 0.0638332
0.0875008 0.625577
0.0888335 0.0238553
0.089454 0.452821
0.0898485 0.0835324
0.0901031 0.363375
0.0903499 0.510255
0.0905858 0.476244
0.0908552 0.00325057
0.0918186 0.19449
0.0925514 0.512053
0.0931655 0.832631
0.0949921 0.532942
0.0955986 0.72552
0.0970971 0.911035
0.0978409 0.412133
0.0983356 0.725788
0.0994828 0.00823231
0.0998259 0.773308
0.100391 0.263603
0.101263 0.919246
0.101672 0.794297
0.102274 0.917353
0.102383 0.755212
0.103389 0.665061
0.104396 0.587322
0.104834 0.951936
0.105449 0.281687
0.10619 0.733558
0.106309 0.737656
0.106563 0.0126614
0.107579 0.0797266
0.107772 0.332264
0.107827 0.247456
0.10809 0.668924
0.108637 0.865706
0.109315 0.262825
0.109316 0.282203
0.109327 0.465622
0.109503 0.412548
0.109881 0.776521
0.110193 0.0200472
0.111369 0.786983
0.111707 0.461954
0.112305 0.511293
0.113208 0.679807
0.113229 0.039718
0.113373 0.460797
0.113404 0.97776
0.113719 0.280079
0.114787 0.229606
0.115964 0.00164453
0.116683 0.0938938
0.1169 0.739996
0.118008 0.361558
0.118206 0.691936
0.118455 0.868016
0.11857 0.812603
0.118599 0.288102
0.118858 0.646904
0.119536 0.039171
0.120178 0.839208
0.12046 0.57273
0.120756 0.542419
0.121087 0.101427
0.12195 0.618943
0.121969 0.933351
0.123194 0.523582
0.123334 0.868339
0.123535 0.244329
0.123635 0.936022
0.124934 0.759109
0.125018 0.170681
0.125906 0.0977509
0.126521 0.441284
0.126656 0.702768
0.12682 0.471346
0.127258 0.827656
0.127773 0.477508
0.128065 0.394518
0.128091 0.825
0.128107 0.0967394
0.128436 0.623455
0.129096 0.708404
0.129755 0.789541
0.129957 0.180331
0.130325 0.374456
0.130608 0.13411
0.131317 0.047769
0.131429 0.935599
0.13155 0.956673
0.13157 0.290373
0.133455 0.986167
0.134224 0.897641
0.134627 0.673892
0.135362 0.0285437
0.136832 0.727829
0.137433 0.840555
0.137607 0.759642
0.137745 0.0865547
0.138512 0.967624
0.140036 0.579832
0.140531 0.901242
0.141437 0.130512
0.141512 0.390729
0.142121 0.632801
0.142421 0.672193
0.142481 0.682178
0.142488 0.80243
0.143504 0.875686
0.143717 0.444229
0.144002 0.246528
0.147 0.629117
0.148132 0.662103
0.14928 0.947701
0.149939 0.026334
0.150042 0.752768
0.150176 0.00159738
0.150236 0.0175462
0.150303 0.144418
0.150977 0.468087
0.151447 0.369871
0.152887 0.577551
0.154247 0.426792
0.154346 0.0918838
0.155954 0.122473
0.156167 0.706261
0.15647 0.793879
0.156725 0.0759983
0.156736 0.255042
0.158002 0.547885
0.15922 0.0059829
0.159305 0.438889
0.160498 0.492074
0.160537 0.140849
0.161201 0.311183
0.161299 0.951129
0.16153 0.831521
0.162116 0.6914
0.162581 0.506476
0.162763 0.551098
0.162861 0.200388
0.162947 0.647601
0.163279 0.236027
0.163324 0.991601
0.165055 0.0733403
0.165193 0.398946
0.165647 0.0349778
0.165664 0.307445
0.166034 0.52746
0.166098 0.617376
0.166572 0.573976
0.166606 0.141701
0.166709 0.870538
0.168153 0.155472
0.168439 0.95018
0.168502 0.0204983
0.168857 0.980779
0.170263 0.618277
0.170363 0.28502
0.172071 0.00396802
0.174514 0.0496512
0.174975 0.796403
0.175195 0.496953
0.17545 0.784355
0.17563 0.817833
0.176044 0.770372
0.176097 0.664949
0.176853 0.360299
0.177671 0.111996
0.178724 0.818672
0.179 0.449018
0.179165 0.229015
0.18001 0.423192
0.180799 0.684842
0.181106 0.845315
0.181259 0.418813
0.181456 0.727426
0.182261 0.266098
0.182835 0.911026
0.182919 0.323544
0.183398 0.3714
0.18407 0.6583
0.1842 0.843602
0.184307 0.655289
0.184548 0.705936
0.184703 0.308916
0.185033 0.845274
0.185584 0.116634
0.186641 0.870033
0.186645 0.943241
0.186795 0.45999
0.187204 0.344252
0.187206 0.365649
0.187214 0.506907
0.18745 0.465876
0.187462 0.678401
0.187594 0.888067
0.187955 0.965611
0.188029 0.199923
0.18806 0.725824
0.190025 0.743875
0.19011 0.179927
0.191154 0.71742
0.191765 0.00248216
0.191893 0.141938
0.191978 0.57324
0.192524 0.743154
0.193569 0.320577
0.196043 0.897193
0.196404 0.957307
0.196686 0.699132
0.196804 0.692767
0.197122 0.0288477
0.197607 0.184441
0.197685 0.484041
0.199169 0.434052
0.1993 0.6301
0.199382 0.00628109
0.200394 0.0229679
0.201031 0.727868
0.201277 0.866914
0.201599 0.273933
0.201833 0.214432
0.202482 0.112808
0.202662 0.139585
0.202685 0.529065
0.203728 0.0512098
0.205152 0.983707
0.20535 0.323892
0.205874 0.123243
0.206744 0.738604
0.208189 0.0244776
0.208449 0.40366
0.208499 0.242459
0.208582 0.642675
0.208678 0.248544
0.209697 0.375042
0.21054 0.545952
0.210654 0.469556
0.211689 0.851593
0.211983 0.800833
0.212557 0.45005
0.212703 0.898709
0.213541 0.987951
0.213703 0.709109
0.213712 0.86364
0.214721 0.809553
0.215071 0.700414
0.215159 0.175114
0.21536 0.563736
0.216367 0.472176
0.216436 0.637405
0.216483 0.429598
0.21655 0.550115
0.216601 0.408535
0.216629 0.882257
0.216717 0.37102
0.216945 0.191838
0.218469 0.801957
0.219992 0.409954
0.220332 0.113585
0.220594 0.520622
0.22109 0.866051
0.223432 0.229214
0.224457 0.443947
0.224769 0.691927
0.224906 0.999414
0.225554 0.894213
0.227327 0.690453
0.227371 0.432589
0.227436 0.523851
0.227547 0.386495
0.228317 0.318733
0.228685 0.508374
0.229188 0.968961
0.22948 0.87359
0.230199 0.955399
0.230306 0.761044
0.232561 0.646361
0.232781 0.343365
0.233305 0.16276
0.233743 0.515055
0.233913 0.381823
0.234092 0.392009
0.234405 0.640458
0.235092 0.198737
0.235859 0.0845961
0.23642 0.508179
0.236525 0.273495
0.237476 0.253759
0.237526 0.107365
0.237845 0.456736
0.23868 0.486684
0.238858 0.485279
0.238965 0.281713
0.239833 0.874315
0.240464 0.474647
0.240692 0.310648
0.241428 0.687057
0.242096 0.899278
0.244356 0.889045
0.244521 0.668541
0.24482 0.690973
0.246437 0.87038
0.246597 0.560734
0.246974 0.899342
0.247032 0.872065
0.247499 0.716138
0.248545 0.290414
0.248819 0.906971
0.249197 0.262029
0.249365 0.069528
0.251583 0.36037
0.251857 0.956522
0.252069 0.524948
0.254127 0.105705
0.254324 0.42587
0.254495 0.296465
0.25619 0.793137
0.256201 0.975201
0.256835 0.633582
0.257399 0.107229
0.257726 0.600253
0.25841 0.0914211
0.258985 0.762708
0.261943 0.477942
0.263757 0.957808
0.264021 0.398083
0.264037 0.666613
0.26529 0.730926
0.265913 0.201583
0.266246 0.801554
0.267066 0.5727
0.267163 0.216629
0.267857 0.871736
0.268457 0.951904
0.268509 0.8341
0.269566 0.589158
0.27026 0.258995
0.271393 0.309802
0.271664 0.853988
0.272221 0.214278
0.272703 0.321082
0.272724 0.677659
0.272832 0.488415
0.272871 0.136611
0.273758 0.0476362
0.274044 0.851172
0.274636 0.799372
0.275998 0.703288
0.276005 0.814118
0.276555 0.0595955
0.277232 0.438495
0.277318 0.886686
0.277365 0.680405
0.277634 0.189442
0.277854 0.89281
0.27872 0.439088
0.278941 0.163046
0.279845 0.350022
0.2801 0.644492
0.280489 0.173085
0.280623 0.435289
0.280821 0.754178
0.280855 0.322302
0.282233 0.48211
0.282645 0.420616
0.284053 0.0811394
0.284894 0.20531
0.285417 0.0108282
0.287138 0.936447
0.288007 0.541227
0.288723 0.560699
0.290565 0.521315
0.290819 0.79236
0.291268 0.343734
0.291841 0.973964
0.292786 0.855021
0.293787 0.682764
0.29404 0.938227
0.294527 0.122645
0.294594 0.243937
0.294624 0.740097
0.294644 0.0873611
0.295097 0.701581
0.295308 0.249157
0.296262 0.279267
0.297159 0.346272
0.29889 0.4462
0.298907 0.732387
0.299634 0.948223
0.299974 0.661809
0.30052 0.843541
0.301357 0.907393
0.301411 0.809468
0.302457 0.39352
0.302515 0.362918
0.302542 0.816636
0.302681 0.152564
0.303072 0.737711
0.303793 0.845159
0.304176 0.288828
0.304342 0.0713522
0.304762 0.133852
0.304781 0.448605
0.304812 0.972612
0.305429 0.351481
0.307133 0.988511
0.307296 0.724515
0.309537 0.389481
0.30965 0.295734
0.309722 0.505824
0.310046 0.948328
0.310867 0.749277
0.3109 0.296473
0.311053 0.86605
0.311764 0.820782
0.311775 0.00236988
0.311922 0.476277
0.312204 0.209838
0.312298 0.793691
0.313101 0.292637
0.313829 0.531505
0.314042 0.10749
0.314242 0.47153
0.314515 0.0573911
0.314862 0.881141
0.315703 0.0168398
0.315851 0.503316
0.316631 0.61513
0.317657 0.854532
0.318047 0.416684
0.318727 0.852153
0.319839 0.529258
0.319979 0.879196
0.320237 0.217775
0.320261 0.620872
0.320511 0.819907
0.320524 0.0414485
0.321025 0.475316
0.321204 0.479147
0.322177 0.829426
0.323154 0.255113
0.323308 0.836797
0.323823 0.49961
0.32435 0.35366
0.324437 0.809474
0.324782 0.612061
0.325361 0.343455
0.326467 0.931192
0.327104 0.629157
0.327356 0.864906
0.327465 0.704846
0.327685 0.40423
0.328724 0.863193
0.32995 0.471377
0.329966 0.730375
0.331177 0.0947131
0.331259 0.467153
0.332766 0.792572
0.333055 0.651166
0.333544 0.871045
0.333848 0.983707
0.335796 0.727397
0.336373 0.414149
0.337009 0.108155
0.337368 0.138818
0.337381 0.354356
0.338556 0.119085
0.339331 0.132232
0.33983 0.52084
0.339889 0.520635
0.340308 0.560321
0.340722 0.515263
0.341474 0.146428
0.341803 0.677417
0.341833 0.194459
0.342281 0.712571
0.342537 0.026755
0.343334 0.422392
0.343861 0.278125
0.343904 0.00210285
0.344107 0.4144
0.344319 0.977049
0.344812 0.253098
0.345241 0.465215
0.345428 0.606305
0.345767 0.313176
0.345912 0.735766
0.346875 0.932633
0.3469 0.352095
0.347013 0.249989
0.347857 0.43364
0.34819 0.0346281
0.348348 0.681271
0.349511 0.229703
0.351233 0.167992
0.351342 0.00484135
0.351645 0.0982894
0.352071 0.257007
0.353477 0.891578
0.353551 0.125663
0.353641 0.647994
0.354501 0.103791
0.356306 0.439588
0.357894 0.12444
0.357939 0.889052
0.358643 0.712779
0.359404 0.499759
0.35962 0.129825
0.359736 0.0789117
0.359924 0.249437
0.359931 0.360203
0.359939 0.501187
0.360394 0.145985
0.360587 0.384169
0.360666 0.711129
0.36109 0.835959
0.361316 0.635536
0.363711 0.89884
0.364806 0.292639
0.365373 0.82709
0.36569 0.144959
0.367464 0.962518
0.367517 0.866355
0.368563 0.441351
0.368609 0.210433
0.368952 0.974084
0.369333 0.382589
0.369513 0.410009
0.369931 0.425848
0.370686 0.11881
0.370915 0.965549
0.370986 0.163649
0.371478 0.428044
0.372118 0.191916
0.374641 0.598746
0.375481 0.705604
0.376487 0.610616
0.377438 0.60597
0.379844 0.0380265
0.379937 0.596163
0.380162 0.377739
0.380861 0.138878
0.380953 0.673911
0.38129 0.340813
0.383809 0.671711
0.383993 0.767572
0.384104 0.634333
0.384733 0.200519
0.384914 0.242934
0.385502 0.127294
0.38561 0.939748
0.38591 0.994941
0.386138 0.820478
0.386578 0.222517
0.386782 0.651046
0.386926 0.0580301
0.388382 0.534343
0.388464 0.907033
0.388657 0.162255
0.389745 0.449873
0.389926 0.494167
0.39128 0.248975
0.391599 0.609678
0.392717 0.393645
0.393788 0.397144
0.393824 0.998569
0.394433 0.230059
0.395151 0.296646
0.395464 0.56463
0.395836 0.809564
0.396085 0.00316735
0.396347 0.399951
0.39735 0.262435
0.397449 0.917697
0.397517 0.0625691
0.397744 0.884107
0.39899 0.819253
0.399498 0.370141
0.399925 0.546076
0.399972 0.331805
0.401009 0.762499
0.401368 0.796027
0.4027 0.179365
0.402763 0.245809
0.40323 0.0861406
0.403951 0.210877
0.40454 0.10664
0.404788 0.277766
0.406307 0.808909
0.406909 0.924937
0.407173 0.361315
0.408339 0.947109
0.408601 0.364977
0.408916 0.651322
0.409857 0.461558
0.410825 0.738958
0.411189 0.861691
0.411705 0.529591
0.412115 0.410417
0.412176 0.447701
0.41325 0.497343
0.413381 0.699543
0.413428 0.477147
0.413587 0.164339
0.414165 0.865437
0.414326 0.57448
0.414798 0.516178
0.41485 0.391104
0.415113 0.805998
0.415156 0.532136
0.415742 0.372543
0.416271 0.273629
0.416467 0.563115
0.416799 0.139982
0.417326 0.994306
0.417732 0.817311
0.417738 0.918616
0.417819 0.291752
0.418814 0.0117884
0.419515 0.784518
0.419587 0.996643
0.420088 0.415594
0.4201 0.623376
0.42019 0.133247
0.42041 0.82345
0.420429 0.146883
0.420549 0.164583
0.421419 0.792858
0.421914 0.108485
0.422101 0.246671
0.423099 0.0311967
0.423468 0.22785
0.423788 0.610271
0.424192 0.400257
0.424382 0.58011
0.425551 0.238471
0.425579 0.711254
0.425649 0.877704
0.427575 0.257961
0.427743 0.0750622
0.427772 0.569117
0.428552 0.669912
0.429398 0.889689
0.429846 0.430051
0.429952 0.200454
0.430117 0.972445
0.430246 0.136569
0.431841 0.944177
0.431863 0.314043
0.431916 0.205819
0.432098 0.276299
0.432953 0.647016
0.434303 0.327552
0.434864 0.753443
0.436441 0.272157
0.437152 0.212895
0.438403 0.241363
0.438593 0.433567
0.438898 0.555816
0.439445 0.756425
0.440568 0.626889
0.440816 0.795276
0.441746 0.417422
0.442801 0.15408
0.442841 0.834817
0.442921 0.168415
0.443278 0.179168
0.443442 0.926756
0.443593 0.472212
0.444065 0.406977
0.445291 0.00683364
0.445345 0.908306
0.445545 0.271626
0.446963 0.107366
0.447252 0.958251
0.447762 0.536202
0.448224 0.305564
0.448727 0.760164
0.4492 0.702958
0.449732 0.641314
0.449953 0.363957
0.450041 0.834399
0.450229 0.992026
0.45032 0.525361
0.450376 0.470129
0.450377 0.489076
0.450468 0.00926231
0.452536 0.772578
0.452683 0.245546
0.452759 0.519875
0.454062 0.415771
0.454105 0.136399
0.455253 0.443473
0.455675 0.522776
0.455876 0.906421
0.456164 0.746475
0.456384 0.446477
0.456458 0.696536
0.456857 0.395798
0.457386 0.284104
0.458142 0.991052
0.459007 0.527242
0.459276 0.0445516
0.460293 0.15229
0.460618 0.606644
0.46194 0.827616
0.462392 0.430472
0.462662 0.958887
0.462905 0.05002
0.463872 0.292397
0.464321 0.835186
0.464429 0.658182
0.464552 0.721338
0.464723 0.59515
0.464888 0.37211
0.46509 0.7629
0.465726 0.46301
0.46577 0.199025
0.466434 0.358066
0.467915 0.245834
0.468615 0.0104874
0.468999 0.459424
0.469689 0.0559896
0.470233 0.202409
0.47045 0.852933
0.470539 0.34521
0.470544 0.43296
0.470746 0.819907
0.471174 0.0215362
0.473207 0.196481
0.474189 0.698083
0.474198 0.852451
0.476215 0.738344
0.476546 0.308277
0.47783 0.890727
0.478678 0.139572
0.478886 0.636065
0.48056 0.771612
0.480655 0.361186
0.48084 0.484111
0.481961 0.318339
0.482512 0.575721
0.483215 0.387152
0.483663 0.927342
0.483758 0.515642
0.48392 0.236189
0.485497 0.756248
0.486128 0.354499
0.486147 0.680255
0.487079 0.332438
0.487288 0.841477
0.487518 0.716759
0.488399 0.529649
0.489158 0.278688
0.489705 0.475673
0.490258 0.767914
0.491415 0.209366
0.492072 0.253547
0.493052 0.720666
0.493237 0.832767
0.49377 0.794555
0.494536 0.670059
0.49574 0.897788
0.4963 0.311204
0.50096 0.637281
0.501002 0.341552
0.501796 0.680088
0.502147 0.59021
0.502294 0.0609635
0.502872 0.765466
0.5042 0.0878518
0.504218 0.388557
0.505203 0.942595
0.505263 0.956838
0.506192 0.574937
0.506502 0.784458
0.506564 0.819167
0.507537 0.180888
0.507671 0.425827
0.507852 0.460643
0.508107 0.761061
0.508209 0.469213
0.508444 0.41436
0.508854 0.306691
0.508976 0.362514
0.509319 0.126236
0.509459 0.47273
0.510874 0.261027
0.511447 0.883235
0.51164 0.131154
0.511907 0.617714
0.512872 0.831118
0.513128 0.149537
0.514638 0.524246
0.514684 0.295433
0.516626 0.937787
0.518656 0.0434684
0.519628 0.392683
0.519902 0.993657
0.520714 0.638635
0.52167 0.710287
0.522609 0.497264
0.523493 0.342352
0.523626 0.589553
0.524298 0.878887
0.525337 0.33472
0.526846 0.693299
0.52686 0.939375
0.527003 0.345663
0.52714 0.647923
0.527975 0.668472
0.528906 0.323081
0.529206 0.371418
0.53083 0.657819
0.530911 0.0190364
0.530991 0.37173
0.531109 0.34385
0.531277 0.169412
0.533251 0.349798
0.533493 0.415174
0.534411 0.851513
0.535172 0.627592
0.535365 0.882242
0.535537 0.778758
0.536124 0.643614
0.536593 0.524252
0.537442 0.795339
0.537801 0.814709
0.538036 0.765225
0.538147 0.643789
0.53971 0.905186
0.539714 0.970662
0.540311 0.0116431
0.542166 0.184894
0.543373 0.473363
0.543592 0.157352
0.54365 0.11973
0.544115 0.948439
0.544555 0.334606
0.544629 0.57334
0.544662 0.14022
0.544784 0.181415
0.545127 0.943282
0.545601 0.919652
0.545636 0.498866
0.547252 0.667269
0.548054 0.148597
0.54846 0.964668
0.549203 0.46277
0.549996 0.774821
0.550089 0.337583
0.550501 0.262542
0.550692 0.480213
0.551174 0.578924
0.551202 0.0490541
0.551488 0.852872
0.552336 0.110169
0.55457 0.652714
0.555759 0.643437
0.555851 0.189849
0.556312 0.933752
0.557109 0.323864
0.557237 0.479019
0.557436 0.822201
0.557533 0.453037
0.558289 0.163968
0.558686 0.837192
0.559064 0.185567
0.559683 0.591657
0.560184 0.0205232
0.560292 0.827436
0.560664 0.0769565
0.561395 0.367588
0.561729 0.982719
0.562061 0.566121
0.562678 0.930973
0.562734 0.878167
0.563075 0.609144
0.56337 0.56005
0.563705 0.182569
0.563983 0.862221
0.565014 0.190609
0.565417 0.955386
0.565702 0.755204
0.566295 0.716881
0.566885 0.630402
0.567314 0.841086
0.567334 0.185141
0.567468 0.440842
0.567762 0.379202
0.568571 0.97388
0.570215 0.609087
0.570231 0.867921
0.57055 0.233069
0.571322 0.215278
0.572455 0.244093
0.573268 0.917934
0.573774 0.410828
0.574063 0.273133
0.575225 0.80793
0.57545 0.592379
0.577004 0.704739
0.577473 0.580007
0.577856 0.027433
0.578057 0.398743
0.579095 0.846757
0.579112 0.127051
0.579476 0.244618
0.579634 0.902461
0.579787 0.480898
0.58017 0.925036
0.581723 0.0118979
0.582391 0.238895
0.582665 0.844893
0.582665 0.855232
0.584358 0.302981
0.584702 0.0921618
0.584801 0.75586
0.584941 0.0968758
0.585125 0.194396
0.585451 0.6746
0.586056 0.837078
0.586879 0.668346
0.588527 0.37421
0.588759 0.270818
0.588924 0.0419714
0.5898 0.765814
0.589987 0.908571
0.590261 0.51561
0.590533 0.0892227
0.590776 0.171919
0.591249 0.113555
0.591478 0.970084
0.591863 0.447493
0.593638 0.274459
0.594813 0.0267279
0.595347 0.00289259
0.596232 0.872697
0.596263 0.400538
0.597365 0.921673
0.597715 0.795918
0.598427 0.758328
0.599012 0.593859
0.599546 0.575299
0.600553 0.496277
0.600563 0.658322
0.601874 0.690522
0.603507 0.146646
0.603564 0.106543
0.604021 0.779179
0.604596 0.437756
0.604769 0.358228
0.604904 0.616699
0.605012 0.43201
0.605072 0.442277
0.605728 0.469897
0.605805 0.762469
0.605946 0.131041
0.606022 0.413282
0.606245 0.154694
0.606626 0.564271
0.606669 0.291489
0.607624 0.337456
0.607883 0.695319
0.607971 0.175528
0.608246 0.789189
0.609066 0.571707
0.609093 0.0263014
0.609546 0.643605
0.609674 0.798134
0.60996 0.600872
0.610033 0.822137
0.610222 0.996763
0.611174 0.00510053
0.611816 0.786973
0.612307 0.03552
0.612591 0.82237
0.612641 0.650455
0.612965 0.106326
0.613904 0.88719
0.614066 0.614156
0.615063 0.360637
0.615181 0.348425
0.615297 0.29248
0.615659 0.388008
0.615762 0.11701
0.616367 0.276154
0.616609 0.343815
0.617278 0.584618
0.617289 0.770072
0.617422 0.0138683
0.617498 0.295342
0.618594 0.707792
0.61863 0.318022
0.61896 0.864836
0.619303 0.631657
0.619652 0.485108
0.61984 0.645732
0.61988 0.326963
0.620449 0.886317
0.620812 0.984076
0.621962 0.309159
0.622199 0.301969
0.622223 0.706764
0.622419 0.999639
0.622526 0.796088
0.622934 0.656002
0.624369 0.763458
0.624569 0.127615
0.624662 0.699071
0.628159 0.464883
0.628494 0.0961752
0.6287 0.55968
0.629134 0.849012
0.629329 0.133982
0.629615 0.938097
0.62975 0.203024
0.629756 0.30562
0.630842 0.555399
0.631979 0.668535
0.632075 0.290894
0.632276 0.660107
0.634142 0.0272951
0.634202 0.0299938
0.634623 0.11537
0.636591 0.180888
0.63685 0.537116
0.637189 0.227771
0.638066 0.975742
0.638703 0.681972
0.639078 0.988523
0.639435 0.99181
0.639676 0.0364465
0.640026 0.910223
0.640611 0.754394
0.640877 0.215088
0.641207 0.773931
0.641703 0.106455
0.641921 0.773235
0.642438 0.461968
0.642828 0.00182309
0.642863 0.605189
0.644893 0.722665
0.646595 0.322253
0.648134 0.187464
0.649397 0.420639
0.649426 0.898525
0.64994 0.548213
0.650896 0.616923
0.650934 0.242195
0.650956 0.621523
0.651167 0.168817
0.651175 0.301059
0.651827 0.247771
0.653245 0.0829236
0.653662 0.102559
0.653729 0.226347
0.653825 0.831919
0.653906 0.201205
0.653993 0.66814
0.654077 0.0746561
0.654946 0.683247
0.655145 0.023847
0.655978 0.0186005
0.656165 0.167415
0.657888 0.129826
0.658122 0.0605884
0.658173 0.910563
0.658829 0.940407
0.65993 0.450474
0.66026 0.994979
0.660501 0.03636
0.660903 0.791385
0.661285 0.22362
0.661499 0.816338
0.662668 0.461104
0.663298 0.0554099
0.6641 0.520177
0.664607 0.0517494
0.665233 0.567345
0.665806 0.194194
0.666697 0.174123
0.667331 0.839461
0.667961 0.42425
0.668658 0.140551
0.66914 0.23859
0.669569 0.454299
0.669635 0.560947
0.669807 0.451593
0.670917 0.107944
0.671685 0.00166
0.671736 0.868023
0.672241 0.354023
0.672786 0.51226
0.672848 0.551743
0.673467 0.958442
0.67363 0.699526
0.673639 0.849566
0.673668 0.335168
0.67425 0.122239
0.675385 0.203013
0.675656 0.756379
0.675694 0.382191
0.676369 0.729276
0.676657 0.568313
0.677155 0.939796
0.677302 0.415942
0.678526 0.990864
0.678654 0.142278
0.678699 0.901483
0.678861 0.623307
0.679112 0.833588
0.679184 0.042402
0.679186 0.0779651
0.679308 0.130266
0.679972 0.290113
0.680606 0.952696
0.681682 0.0222406
0.681985 0.118624
0.682085 0.794492
0.682327 0.867233
0.682484 0.50623
0.682912 0.709095
0.684763 0.816205
0.684816 0.699286
0.685421 0.862578
0.685482 0.902788
0.685515 0.457435
0.686029 0.0889658
0.686274 0.200267
0.686429 0.814587
0.687756 0.123543
0.687829 0.347916
0.688268 0.713399
0.688407 0.0620215
0.688683 0.690028
0.688813 0.885097
0.689955 0.0805435
0.690261 0.217154
0.690473 0.771828
0.691188 0.804644
0.691853 0.980707
0.694512 0.656675
0.69457 0.645443
0.694846 0.279436
0.695019 0.176688
0.695813 0.535017
0.696439 0.0506437
0.697079 0.800647
0.697441 0.886283
0.697991 0.127746
0.698772 0.258116
0.700765 0.758225
0.700936 0.634846
0.701475 0.692139
0.701558 0.0818356
0.701954 0.740229
0.702516 0.192346
0.703159 0.991726
0.703336 0.975451
0.704012 0.32994
0.704922 0.628887
0.705498 0.301599
0.705592 0.888622
0.706562 0.192413
0.706794 0.0864778
0.706873 0.414339
0.706883 0.578904
0.706917 0.158752
0.707498 0.920105
0.707595 0.548036
0.708419 0.390262
0.708502 0.793733
0.708576 0.036819
0.708888 0.281801
0.709545 0.324761
0.709993 0.846176
0.710546 0.139653
0.710653 0.942207
0.71193 0.413193
0.712069 0.750179
0.712596 0.59659
0.713639 0.130365
0.714606 0.382838
0.715597 0.0384867
0.716597 0.847775
0.716682 0.271783
0.71696 0.947999
0.717159 0.291706
0.717254 0.893372
0.717668 0.841725
0.717671 0.894381
0.718328 0.94465
0.720753 0.691124
0.720906 0.266633
0.721047 0.64383
0.721792 0.154015
0.722277 0.314414
0.724594 0.249482
0.724899 0.378931
0.725094 0.662179
0.725211 0.624907
0.725924 0.598572
0.726162 0.602229
0.726352 0.800107
0.726962 0.042586
0.727446 0.182754
0.727505 0.179356
0.729401 0.0376795
0.729627 0.849434
0.729776 0.350891
0.730302 0.17819
0.731249 0.102269
0.73251 0.294449
0.733872 0.189733
0.734473 0.290954
0.734532 0.278078
0.734686 0.873286
0.735287 0.960475
0.735353 0.0750514
0.73574 0.582497
0.736378 0.311064
0.736498 0.326456
0.736673 0.258206
0.738042 0.268382
0.738173 0.469986
0.739038 0.00677834
0.739056 0.312335
0.739502 0.80905
0.73981 0.992329
0.73996 0.515911
0.740291 0.063797
0.740709 0.103788
0.740736 0.545297
0.741893 0.996447
0.741983 0.514614
0.742389 0.3262
0.742482 0.898244
0.742945 0.684949
0.743398 0.292822
0.743758 0.343357
0.743925 0.141824
0.744921 0.888086
0.744995 0.13384
0.745512 0.816297
0.745774 0.22302
0.746095 0.610474
0.746251 0.238623
0.746404 0.81767
0.746767 0.910874
0.746807 0.582158
0.747136 0.12041
0.747293 0.748935
0.747842 0.98661
0.748222 0.369992
0.749729 0.701437
0.750715 0.269517
0.751715 0.0763865
0.751736 0.433746
0.751921 0.541089
0.752031 0.391391
0.754238 0.47996
0.754753 0.140441
0.755036 0.897762
0.755653 0.260399
0.757947 0.808563
0.759538 0.550797
0.759662 0.640938
0.761057 0.080382
0.761723 0.284143
0.762053 0.831872
0.762185 0.0477522
0.76241 0.82619
0.762718 0.994051
0.76357 0.32861
0.764242 0.616982
0.764658 0.614726
0.766764 0.99764
0.767173 0.883389
0.767564 0.456483
0.768082 0.158075
0.768206 0.24086
0.768516 0.447172
0.769016 0.859799
0.769088 0.0579768
0.769088 0.0602699
0.769268 0.0886444
0.770759 0.137988
0.771106 0.972953
0.771891 0.172188
0.772206 0.467822
0.7723 0.0470503
0.773179 0.827078
0.774268 0.124934
0.776156 0.861824
0.776184 0.316802
0.777266 0.50267
0.778057 0.803295
0.778225 0.631823
0.778356 0.832997
0.778673 0.162911
0.779109 0.492126
0.779121 0.689812
0.779158 0.302351
0.779205 0.0924074
0.779296 0.619543
0.781674 0.5931
0.782708 0.981062
0.78346 0.614599
0.784181 0.733857
0.785577 0.199245
0.785603 0.632419
0.788033 0.46902
0.788522 0.689087
0.790706 0.392763
0.790861 0.0032567
0.791779 0.424006
0.793085 0.384978
0.793158 0.608654
0.79371 0.884217
0.793793 0.274266
0.794148 0.239126
0.794246 0.898645
0.79463 0.345037
0.795574 0.214746
0.795965 0.7891
0.79608 0.724154
0.797284 0.952352
0.797613 0.484296
0.797661 0.280739
0.798053 0.877351
0.798141 0.363101
0.799089 0.291985
0.799211 0.344278
0.799363 0.887973
0.799511 0.388295
0.800264 0.0318099
0.800364 0.722212
0.800593 0.574899
0.801705 0.257671
0.803272 0.588183
0.803705 0.873022
0.80446 0.557438
0.805045 0.39909
0.805503 0.083066
0.80572 0.728378
0.80744 0.65121
0.807948 0.175363
0.808089 0.547301
0.80819 0.245099
0.809234 0.797571
0.809706 0.725871
0.810134 0.930224
0.810243 0.757516
0.81046 0.405567
0.811051 0.335289
0.811361 0.538737
0.811928 0.0818512
0.812116 0.232027
0.812135 0.550021
0.813111 0.962981
0.813393 0.70357
0.813534 0.0595417
0.813853 0.420409
0.814622 0.344249
0.814656 0.929059
0.814678 0.294433
0.815307 0.859022
0.815867 0.271804
0.81667 0.779139
0.817509 0.874258
0.817725 0.512103
0.817763 0.147221
0.817769 0.242155
0.818168 0.947232
0.818302 0.203386
0.818416 0.110031
0.819675 0.278231
0.819694 0.597187
0.820292 0.640673
0.820327 0.244023
0.820693 0.393194
0.820723 0.897877
0.820761 0.529175
0.820764 0.579194
0.820987 0.33463
0.821083 0.938746
0.821559 0.945584
0.821905 0.757031
0.822046 0.125587
0.822392 0.945424
0.824467 0.811485
0.825153 0.353509
0.82522 0.475591
0.826335 0.216333
0.826758 0.313879
0.827359 0.43062
0.827561 0.822099
0.82766 0.477102
0.827663 0.537811
0.828093 0.755391
0.82837 0.417097
0.828378 0.552415
0.828766 0.0630855
0.829654 0.99075
0.829933 0.675615
0.830189 0.985463
0.830498 0.187526
0.831456 0.281906
0.831627 0.160938
0.832407 0.256676
0.832754 0.096126
0.833422 0.31878
0.833607 0.431256
0.833772 0.206228
0.835073 0.0768608
0.835325 0.311811
0.837164 0.215834
0.838531 0.194704
0.838944 0.13768
0.839666 0.266236
0.839828 0.991471
0.839858 0.486262
0.83996 0.209175
0.84041 0.770199
0.840412 0.798577
0.840594 0.854993
0.840783 0.0339785
0.840944 0.748969
0.841848 0.933691
0.842894 0.514096
0.843104 0.0508242
0.843679 0.712516
0.843943 0.157745
0.844039 0.771425
0.844803 0.59814
0.845039 0.574053
0.845124 0.00273319
0.845747 0.466299
0.845785 0.114824
0.84598 0.380854
0.846277 0.370187
0.846735 0.0725714
0.847135 0.791118
0.847154 0.125406
0.847347 0.354699
0.84765 0.456623
0.848542 0.44693
0.849382 0.561528
0.849952 0.143383
0.850103 0.687447
0.850569 0.507829
0.851203 0.176493
0.851754 0.437427
0.852376 0.875386
0.852971 0.877838
0.853064 0.444113
0.853303 0.465294
0.853823 0.204555
0.854541 0.274843
0.854939 0.957709
0.854944 0.0363174
0.855092 0.539175
0.855159 0.657641
0.856001 0.800876
0.858398 0.0896244
0.859633 0.850086
0.860914 0.380796
0.861638 0.545815
0.862267 0.118394
0.862843 0.800748
0.863046 0.21094
0.863325 0.910447
0.863908 0.700226
0.865862 0.536533
0.865924 0.577229
0.866025 0.283784
0.86627 0.396541
0.867358 0.682516
0.867388 0.189188
0.867584 0.491947
0.867742 0.14475
0.867795 0.0279162
0.869035 0.874734
0.86963 0.878196
0.869929 0.905175
0.870946 0.980911
0.872632 0.325274
0.872877 0.450835
0.873591 0.448072
0.87428 0.0266296
0.874472 0.248769
0.874748 0.897844
0.874771 0.28244
0.877029 0.230407
0.877615 0.078194
0.878154 0.138093
0.87817 0.410169
0.87832 0.926801
0.879678 0.754653
0.880314 0.439509
0.881214 0.563311
0.881513 0.591604
0.881913 0.307936
0.882375 0.0778301
0.882675 0.12187
0.882831 0.740605
0.883565 0.074681
0.884612 0.678212
0.885698 0.92972
0.88608 0.34278
0.886439 0.379032
0.887606 0.997595
0.88903 0.930366
0.88914 0.770361
0.889977 0.837611
0.889992 0.0981661
0.890136 0.507702
0.890738 0.631377
0.890738 0.63284
0.890798 0.647826
0.891058 0.010534
0.891221 0.750037
0.892209 0.34968
0.894286 0.264608
0.895376 0.582202
0.896336 0.723118
0.896595 0.0778588
0.897088 0.358752
0.898023 0.0689912
0.89834 0.39867
0.89841 0.574254
0.898788 0.928068
0.898971 0.00788522
0.899482 0.591205
0.899559 0.88024
0.899726 0.689194
0.90011 0.151834
0.900683 0.773424
0.901299 0.126208
0.90156 0.52127
0.90212 0.939162
0.903074 0.962996
0.903305 0.845846
0.904967 0.77761
0.905719 0.411115
0.905928 0.939407
0.906338 0.816461
0.907327 0.449358
0.907711 0.891305
0.908318 0.0958732
0.90928 0.264033
0.909742 0.0382786
0.909745 0.0876865
0.909944 0.431573
0.910082 0.750542
0.912845 0.187545
0.913001 0.807829
0.913051 0.63996
0.913357 0.783027
0.91393 0.427845
0.914007 0.713702
0.914322 0.0113168
0.914341 0.328715
0.914674 0.933773
0.915531 0.336288
0.91653 0.122215
0.917608 0.242553
0.918107 0.621197
0.918389 0.37189
0.919365 0.768705
0.923558 0.245003
0.923589 0.765496
0.923602 0.971157
0.923848 0.119712
0.924692 0.292977
0.924972 0.99855
0.925024 0.87868
0.925462 0.235741
0.92563 0.0592998
0.927261 0.471025
0.927271 0.638995
0.927597 0.123456
0.927999 0.882285
0.928031 0.41393
0.92823 0.768296
0.928752 0.526841
0.929595 0.704771
0.929618 0.0925282
0.930118 0.491154
0.930621 0.952046
0.930697 0.221146
0.93098 0.986497
0.931354 0.260107
0.931516 0.984662
0.931805 0.853235
0.933383 0.36809
0.93413 0.920271
0.93416 0.432147
0.93421 0.265068
0.934893 0.746219
0.935916 0.939868
0.936695 0.0349724
0.936702 0.153675
0.937124 0.248005
0.937435 0.469758
0.937507 0.684677
0.937513 0.773483
0.938581 0.728011
0.938646 0.831169
0.938736 0.333621
0.94002 0.911891
0.94021 0.113667
0.94031 0.796837
0.940984 0.119598
0.941107 0.190878
0.943198 0.325829
0.943307 0.159766
0.943505 0.488524
0.943729 0.249846
0.944621 0.239065
0.946172 0.316426
0.946458 0.118874
0.948168 0.867609
0.948456 0.700548
0.949035 0.422644
0.949301 0.893622
0.949535 0.827844
0.95002 0.988125
0.950359 0.687749
0.95204 0.943447
0.952708 0.166969
0.952796 0.641034
0.953771 0.0363935
0.954208 0.367972
0.955794 0.0309953
0.955811 0.309982
0.956054 0.397413
0.956212 0.0479302
0.956314 0.764903
0.956799 0.920676
0.957661 0.408718
0.957808 0.887548
0.958263 0.528401
0.958367 0.274393
0.958728 0.335838
0.958746 0.651953
0.958926 0.663164
0.959321 0.302532
0.959348 0.757784
0.959365 0.0414347
0.959654 0.911706
0.959752 0.55342
0.960292 0.632721
0.961486 0.701879
0.961588 0.409804
0.961631 0.12551
0.961788 0.768984
0.96265 0.252079
0.963437 0.491212
0.964001 0.957143
0.964859 0.38079
0.965932 0.416775
0.966403 0.343792
0.966605 0.730559
0.966655 0.571103
0.967269 0.884113
0.967892 0.362667
0.968376 0.500894
0.968571 0.777411
0.970088 0.273891
0.971709 0.519415
0.971742 0.0721916
0.972522 0.178355
0.973014 0.4479
0.974288 0.853763
0.974304 0.131498
0.975323 0.247032
0.976665 0.80111
0.977489 0.654668
0.977602 0.560874
0.979282 0.784616
0.979464 0.849227
0.979704 0.882163
0.979848 0.312485
0.980393 0.467842
0.981144 0.0860078
0.981214 0.264823
0.981489 0.893643
0.981632 0.288606
0.981779 0.755173
0.982032 0.00821737
0.982771 0.434167
0.983007 0.403115
0.983444 0.736736
0.983632 0.909311
0.984096 0.697214
0.984229 0.929928
0.984334 0.69353
0.984874 0.772009
0.987823 0.338894
0.988561 0.739103
0.988566 0.824309
0.988697 0.0223369
0.988855 0.685721
0.988972 0.649631
0.988981 0.799764
0.989015 0.37422
0.989629 0.697905
0.99013 0.109194
0.990157 0.563538
0.99055 0.177446
0.991338 0.410615
0.991899 0.841868
0.992352 0.456831
0.992993 0.230259
0.993952 0.349386
0.993956 0.425701
0.995102 0.673741
0.995592 0.919744
0.995878 0.717199
0.995894 0.993157
0.996153 0.350965
0.996322 0.187304
0.996582 0.545966
0.997026 0.00828372
0.997496 0.922449
0.998148 0.873215
0.998377 0.721871
