0.000187005 0.142999
0.00147651 0.815758
0.00227405 0.219957
0.00334935 0.292601
0.0037809 0.545642
0.0040759 0.503631
0.00526929 0.560972
0.00581015 0.651268
0.00586071 0.500977
0.00646673 0.686339
0.0069552 0.896091
0.00718267 0.71914
0.0076741 0.978683
0.00795752 0.742101
0.00841862 0.491818
0.00853466 0.44204
0.00872008 0.558344
0.00887983 0.243375
0.00915683 0.898813
0.00919317 0.509552
0.00979148 0.565364
0.010189 0.246375
0.0105388 0.126256
0.0135783 0.210283
0.0138728 0.160798
0.0145773 0.000584308
0.014618 0.685525
0.0147152 0.318371
0.0147461 0.838058
0.0166248 0.41324
0.016822 0.726556
0.0181344 0.78528
0.0182004 0.894464
0.0190018 0.363536
0.0190064 0.440289
0.0200017 0.168919
0.0200195 0.467002
0.0204303 0.37166
0.0210722 0.160803
0.0222606 0.13354
0.0250807 0.530909
0.0252599 0.543834
0.025643 0.982307
0.0263471 0.81566
0.0264492 0.531497
0.0270755 0.0571186
0.0274629 0.568572
0.028093 0.158549
0.0282416 0.656695
0.028494 0.898947
0.0285665 0.116785
0.0293662 0.55726
0.0305407 0.296865
0.031699 0.765045
0.0317408 0.468417
0.0318977 0.104901
0.032289 0.68201
0.0325724 0.444833
0.0326353 0.501706
0.032991 0.479847
0.0344645 0.244162
0.0351179 0.226733
0.0358076 0.818369
0.0372421 0.928415
0.0374211 0.936206
0.0383996 0.382758
0.0384282 0.862631
0.0385967 0.69447
0.038712 0.632021
0.0394962 0.812394
0.0412778 0.756458
0.0417398 0.520897
0.043393 0.306543
0.0434489 0.246349
0.0438959 0.758959
0.0458521 0.636754
0.0460814 0.490419
0.0463785 0.484034
0.0464418 0.54788
0.0472035 0.349363
0.0475777 0.63814
0.0481016 0.443752
0.0482657 0.201147
0.0482855 0.533877
0.0493571 0.545468
0.049636 0.232289
0.0522778 0.633692
0.0524206 0.0333117
0.0525328 0.919208
0.053408 0.627515
0.0537668 0.658625
0.0538504 0.0640611
0.0539474 0.694082
0.0539752 0.161724
0.0539929 0.458218
0.054096 0.190921
0.054137 0.880589
0.0543772 0.917375
0.0544662 0.412674
0.0545033 0.0373978
0.0546332 0.220861
0.0552672 0.875085
0.0556943 0.0545737
0.0569079 0.450319
0.0582898 0.675962
0.0583963 0.466314
0.0590578 0.585182
0.059623 0.0845711
0.0608619 0.905288
0.0611751 0.169249
0.0616802 0.659154
0.0617483 0.80326
0.0629083 0.3006
0.0642167 0.290632
0.0642883 0.493975
0.0654268 0.628454
0.0660981 0.910251
0.0665381 0.305028
0.0668435 0.438539
0.0668877 0.182232
0.067243 0.153212
0.0673349 0.698544
0.0673398 0.780603
0.0673669 0.235331
0.0678993 0.183086
0.0692074 0.169376
0.0696479 0.572887
0.0697223 0.822797
0.0699248 0.226031
0.0706152 0.829985
0.0706538 0.477845
0.0708295 0.4319
0.071582 0.0787177
0.071745 0.818706
0.0726456 0.954192
0.0740806 0.0726124
0.0744448 0.193796
0.0750441 0.26656
0.0754429 0.968609
0.075443 0.969939
0.0755024 0.968803
0.0756057 0.70423
0.0767948 0.690907
0.0769394 0.121354
0.0772638 0.57289
0.0772651 0.593771
0.0774396 0.527196
0.0775656 0.645066
0.0775755 0.810609
0.0776211 0.577617
0.0796536 0.738608
0.0804196 0.61214
0.0804314 0.811016
0.0818011 0.831623
0.0820312 0.698648
0.0821469 0.64311
0.0835037 0.446042
0.0841275 0.930192
0.0842042 0.220181
0.0845946 0.78087
0.0848183 0.541237
0.0852335 0.519016
0.08589 0.55325
0.0883842 0.473099
0.0888642 0.540004
0.0894983 0.198447
0.0899859 0.392726
0.0902747 0.246155
0.0904228 0.736827
0.0904721 0.564473
0.0907418 0.0973653
0.0920305 0.756647
0.0922689 0.763051
0.092324 0.688707
0.0933816 0.464137
0.0935973 0.0906417
0.0938658 0.602669
0.0955097 0.232311
0.0957247 0.845097
0.0957847 0.854119
0.0958239 0.51252
0.0960991 0.137928
0.0977352 0.634851
0.0978695 0.89207
0.098884 0.943294
0.0992082 0.392678
0.0993391 0.591802
0.0993571 0.894721
0.0993698 0.108765
0.0998319 0.87545
0.100591 0.633974
0.100617 0.0727278
0.100702 0.493754
0.100821 0.506273
0.101452 0.102536
0.102325 0.767845
0.104459 0.643655
0.104967 0.185441
0.105303 0.831626
0.105321 0.12841
0.105399 0.436462
0.105869 0.346777
0.107536 0.357681
0.107754 0.0203753
0.107781 0.480214
0.108028 0.627641
0.109612 0.256213
0.109807 0.526094
0.109979 0.419495
0.11139 0.137862
0.111562 0.0254092
0.112187 0.522198
0.112217 0.0349976
0.11249 0.611475
0.112585 0.212108
0.112904 0.582305
0.113664 0.357741
0.115741 0.253088
0.115817 0.533615
0.115958 0.911211
0.116271 0.173043
0.11639 0.166639
0.116575 0.284265
0.117616 0.770996
0.117985 0.966099
0.118223 0.982091
0.119511 0.622675
0.120065 0.927117
0.120986 0.410266
0.121582 0.426023
0.122466 0.292501
0.122587 0.324946
0.123088 0.738504
0.125111 0.735384
0.125734 0.217342
0.126509 0.231576
0.126987 0.27238
0.127352 0.404129
0.127392 0.0698482
0.127397 0.163992
0.127515 0.143468
0.128852 0.612747
0.129181 0.141537
0.129199 0.445654
0.129487 0.282953
0.129871 0.748559
0.130374 0.203644
0.130376 0.221598
0.13137 0.932837
0.131666 0.916834
0.131778 0.786178
0.13205 0.359736
0.132593 0.494181
0.133382 0.758288
0.135843 0.120837
0.135864 0.464658
0.136541 0.844222
0.137043 0.278481
0.138263 0.783615
0.139041 0.862879
0.139323 0.601644
0.139642 0.967192
0.14038 0.362814
0.140873 0.658014
0.14209 0.099137
0.143992 0.0709903
0.145402 0.779395
0.146755 0.517612
0.147696 0.321016
0.148832 0.420213
0.148931 0.0891004
0.14963 0.835675
0.150128 0.19689
0.150483 0.167792
0.151017 0.142399
0.151127 0.994298
0.152071 0.862449
0.15412 0.29939
0.15439 0.82786
0.15451 0.850969
0.154637 0.979162
0.154694 0.946572
0.155188 0.237827
0.155879 0.85176
0.155887 0.988471
0.156835 0.933235
0.157405 0.512633
0.158552 0.779158
0.158674 0.83743
0.158674 0.840467
0.160119 0.114358
0.160455 0.769802
0.160499 0.504557
0.160749 0.713798
0.160811 0.747935
0.160852 0.436883
0.16138 0.319303
0.161882 0.753781
0.16292 0.199408
0.163722 0.669654
0.164066 0.449381
0.164146 0.797332
0.165181 0.204719
0.166199 0.301986
0.167258 0.102758
0.168206 0.0352576
0.170958 0.28431
0.171576 0.68345
0.17162 0.420341
0.171953 0.0081969
0.172303 0.90348
0.172339 0.495036
0.174314 0.697085
0.174689 0.995583
0.176558 0.414753
0.176922 0.529895
0.178063 0.703576
0.178168 0.471201
0.179018 0.762292
0.179644 0.270093
0.182476 0.876981
0.182731 0.151869
0.184027 0.935386
0.184106 0.276615
0.184146 0.940854
0.184166 0.276519
0.184249 0.67906
0.185103 0.0184706
0.185488 0.496756
0.185985 0.846795
0.187163 0.649967
0.187684 0.398314
0.1879 0.0288646
0.188816 0.427426
0.189317 0.856762
0.189412 0.441469
0.190353 0.257849
0.190529 0.228262
0.190563 0.788097
0.191196 0.427279
0.19134 0.855066
0.191857 0.53523
0.192887 0.852934
0.193165 0.517544
0.193591 0.675643
0.194491 0.815418
0.194747 0.113856
0.195416 0.357641
0.195454 0.00217332
0.195543 0.49737
0.195743 0.854327
0.195838 0.45435
0.195875 0.0738849
0.196263 0.584117
0.196827 0.0675792
0.197043 0.706653
0.1977 0.741215
0.197903 0.148378
0.198065 0.882747
0.198449 0.33879
0.199557 0.947869
0.199761 0.384498
0.200107 0.19859
0.200804 0.906894
0.20336 0.867791
0.2036 0.909469
0.203704 0.65122
0.203817 0.548144
0.205135 0.708203
0.205251 0.648157
0.205708 0.326255
0.207211 0.588523
0.208069 0.0158086
0.208667 0.0664633
0.209277 0.314961
0.210259 0.821204
0.210571 0.0606452
0.212591 0.0123429
0.212782 0.226022
0.213847 0.119599
0.214136 0.977426
0.214281 0.427495
0.214295 0.662544
0.214342 0.450315
0.217126 0.240154
0.217146 0.579834
0.217459 0.832565
0.217551 0.381818
0.218048 0.733047
0.218461 0.673127
0.219462 0.489819
0.219544 0.869498
0.219962 0.905302
0.220901 0.689078
0.221754 0.0244817
0.222318 0.49953
0.222399 0.864535
0.223511 0.548826
0.223536 0.966042
0.224232 0.675675
0.225213 0.162094
0.225255 0.862116
0.225576 0.249859
0.226078 0.695725
0.226673 0.686289
0.227408 0.0397586
0.227461 0.931894
0.22906 0.807435
0.229619 0.211021
0.23007 0.778259
0.23041 0.500259
0.23097 0.904745
0.231061 0.433947
0.231577 0.115042
0.231961 0.564995
0.232112 0.112917
0.232482 0.331437
0.233479 0.0867386
0.233684 0.524393
0.235707 0.528105
0.236155 0.0583321
0.236406 0.273693
0.236844 0.637422
0.237177 0.233699
0.238398 0.761099
0.238445 0.551641
0.238448 0.600086
0.238733 0.387202
0.239123 0.934633
0.239222 0.600742
0.239502 0.312842
0.24017 0.540637
0.240593 0.639992
0.240724 0.842144
0.240863 0.184999
0.241007 0.609968
0.242144 0.718965
0.242412 0.211802
0.242456 0.960715
0.243987 0.69755
0.245679 0.13154
0.248015 0.382371
0.248313 0.393947
0.248405 0.945838
0.249246 0.0724968
0.250847 0.977778
0.251633 0.190411
0.252561 0.791159
0.25261 0.615862
0.253896 0.234047
0.254774 0.982801
0.255259 0.133182
0.256795 0.950441
0.256887 0.4942
0.257563 0.858754
0.259074 0.261771
0.259809 0.608283
0.261043 0.356552
0.261986 0.206695
0.262331 0.998083
0.263288 0.0806377
0.263689 0.817208
0.264211 0.59139
0.264389 0.578308
0.264461 0.801562
0.265625 0.365842
0.265809 0.458807
0.266202 0.057806
0.266237 0.646999
0.266512 0.272524
0.26756 0.885048
0.268237 0.26451
0.268308 0.449391
0.268952 0.277126
0.2702 0.253471
0.270361 0.955
0.270661 0.00239021
0.270739 0.309034
0.2708 0.327941
0.27116 0.382131
0.272376 0.829507
0.272624 0.983172
0.273407 0.15521
0.273585 0.13528
0.274629 0.694898
0.275705 0.765366
0.275967 0.184588
0.27647 0.6251
0.276986 0.308418
0.277103 0.274065
0.279544 0.297326
0.281008 0.909692
0.281627 0.29681
0.282825 0.432321
0.283249 0.561415
0.284368 0.364862
0.284616 0.54052
0.284616 0.545834
0.284993 0.871239
0.285903 0.178239
0.286139 0.138218
0.286725 0.993722
0.286999 0.586564
0.287644 0.429067
0.288006 0.518092
0.2883 0.44948
0.288739 0.836751
0.289363 0.315969
0.291366 0.986341
0.291929 0.449603
0.291952 0.84125
0.292373 0.917837
0.294499 0.653102
0.295222 0.803845
0.295452 0.664437
0.295454 0.702935
0.295532 0.00261301
0.295838 0.155628
0.296551 0.132399
0.299502 0.730683
0.29971 0.222786
0.300542 0.201558
0.300597 0.136872
0.300861 0.576935
0.301237 0.886312
0.301995 0.625802
0.302153 0.281586
0.302715 0.732788
0.30276 0.487469
0.302942 0.542453
0.305295 0.0925484
0.30564 0.89397
0.305872 0.782775
0.306254 0.205243
0.30647 0.833242
0.30747 0.640895
0.307536 0.750799
0.308426 0.719176
0.310352 0.0852046
0.312055 0.706777
0.312856 0.1631
0.313056 0.529198
0.313241 0.647372
0.313726 0.784824
0.314651 0.345344
0.315124 0.283513
0.315976 0.609627
0.316304 0.118233
0.31646 0.744426
0.317184 0.905876
0.318226 0.425775
0.318258 0.954462
0.319581 0.19748
0.319777 0.490911
0.32015 0.756483
0.3205 0.649214
0.321125 0.144462
0.321494 0.355875
0.321524 0.860113
0.321597 0.0783573
0.322253 0.108114
0.325306 0.417024
0.325627 0.811036
0.32586 0.721802
0.326126 0.200787
0.326364 0.207152
0.327733 0.212686
0.327889 0.828587
0.328745 0.22258
0.33093 0.937651
0.332013 0.134593
0.332612 0.207538
0.33349 0.959923
0.333996 0.477243
0.334394 0.161839
0.334467 0.393099
0.334501 0.96318
0.334844 0.724914
0.334879 0.30412
0.335998 0.125732
0.336204 0.574085
0.336233 0.0663555
0.337364 0.0749629
0.337545 0.122402
0.337796 0.342772
0.338165 0.546438
0.338502 0.208268
0.338818 0.50834
0.339528 0.447811
0.340729 0.64036
0.34236 0.0414177
0.343116 0.753562
0.343694 0.458691
0.345023 0.809768
0.34504 0.0915253
0.345899 0.521793
0.346326 0.705813
0.346891 0.190582
0.347541 0.117649
0.34833 0.374141
0.349603 0.779003
0.3498 0.0847829
0.351007 0.368533
0.351991 0.913008
0.352054 0.973356
0.352334 0.672668
0.353836 0.925082
0.355337 0.154479
0.356145 0.721858
0.356263 0.715947
0.357326 0.570924
0.357684 0.594285
0.357994 0.811014
0.360335 0.149688
0.361529 0.224975
0.362645 0.96657
0.363095 0.529457
0.366642 0.146668
0.366699 0.111816
0.367066 0.278635
0.367966 0.398812
0.368309 0.163505
0.368751 0.591825
0.368793 0.311937
0.368815 0.67274
0.36938 0.177028
0.369612 0.0723297
0.369675 0.123646
0.369707 0.657138
0.370381 0.988367
0.370669 0.838916
0.371307 0.552824
0.371673 0.711496
0.372103 0.937856
0.372174 0.122049
0.372253 0.448336
0.37281 0.811272
0.374243 0.905126
0.374965 0.0338851
0.376109 0.265716
0.376348 0.279008
0.377248 0.402073
0.377969 0.520408
0.379228 0.678958
0.380135 0.933593
0.383062 0.120563
0.383179 0.0928154
0.383202 0.476668
0.383299 0.109804
0.383323 0.510209
0.383481 0.171057
0.384615 0.222561
0.38507 0.865535
0.385186 0.828724
0.387183 0.389518
0.38725 0.518903
0.388006 0.211106
0.389662 0.0480846
0.390506 0.241722
0.390519 0.46061
0.391259 0.88897
0.391277 0.19441
0.39133 0.0761443
0.391878 0.296946
0.392847 0.586845
0.397033 0.930165
0.397256 0.680256
0.397858 0.802874
0.398219 0.862167
0.398443 0.632763
0.39863 0.768711
0.399392 0.585784
0.400082 0.173185
0.40081 0.415215
0.401147 0.0698297
0.401177 0.573417
0.401597 0.640003
0.402486 0.580651
0.402604 0.570646
0.403224 0.984852
0.40387 0.847093
0.403933 0.903481
0.404106 0.817966
0.405367 0.00339179
0.406173 0.546493
0.407019 0.766615
0.407021 0.799454
0.409175 0.996984
0.409597 0.0945065
0.410616 0.224731
0.410843 0.0430126
0.411426 0.834129
0.411495 0.999358
0.411734 0.0214311
0.411901 0.814928
0.412051 0.341186
0.412762 0.295566
0.413218 0.952542
0.413678 0.682232
0.414524 0.900287
0.415012 0.100225
0.415043 0.619864
0.415272 0.47828
0.415369 0.104975
0.415621 0.342179
0.416372 0.968398
0.416458 0.404592
0.416788 0.949371
0.417222 0.257948
0.417295 0.484379
0.41734 0.238739
0.417404 0.302092
0.417548 0.723281
0.417732 0.81548
0.417797 0.912212
0.419092 0.671327
0.420229 0.783775
0.420472 0.868263
0.421202 0.140832
0.422182 0.607998
0.42284 0.673466
0.42319 0.554693
0.423491 0.605769
0.423879 0.141672
0.425002 0.00305773
0.425422 0.0649003
0.425794 0.313575
0.425933 0.651633
0.42599 0.606011
0.426133 0.0173705
0.426505 0.264911
0.426826 0.664949
0.427139 0.918313
0.429349 0.0710429
0.429598 0.252625
0.430339 0.713128
0.431019 0.137467
0.43519 0.237388
0.435591 0.984548
0.436003 0.904522
0.436059 0.850276
0.439137 0.581184
0.440191 0.288352
0.440865 0.609602
0.440995 0.804163
0.441282 0.62883
0.443602 0.619191
0.443765 0.359712
0.444825 0.168153
0.444825 0.172035
0.44484 0.423638
0.444875 0.0146849
0.445902 0.276501
0.446423 0.0234396
0.447179 0.735702
0.447224 0.50213
0.447447 0.242775
0.447559 0.12929
0.447739 0.142904
0.447797 0.117193
0.44845 0.0961408
0.449108 0.157
0.450018 0.457732
0.450255 0.441941
0.450307 0.308007
0.450643 0.960829
0.452861 0.233889
0.452926 0.323554
0.45431 0.594207
0.45445 0.93577
0.455063 0.244687
0.455854 0.545743
0.456013 0.204173
0.457185 0.903958
0.457424 0.918032
0.458514 0.242224
0.45874 0.0372537
0.458825 0.477306
0.458995 0.328507
0.459049 0.233548
0.460526 0.0608184
0.460532 0.158374
0.460595 0.228333
0.460873 0.884717
0.461261 0.409303
0.463039 0.292142
0.464531 0.379138
0.464543 0.572567
0.464717 0.500443
0.464826 0.328409
0.465484 0.384259
0.465828 0.168094
0.466504 0.525823
0.467702 0.670561
0.468303 0.763627
0.468618 0.0558021
0.469427 0.664003
0.470299 0.309246
0.47133 0.647142
0.471895 0.142978
0.472036 0.503888
0.472796 0.286721
0.472949 0.861604
0.473073 0.933995
0.473238 0.703692
0.473917 0.126239
0.474283 0.274377
0.478699 0.488181
0.479128 0.697152
0.479139 0.883826
0.482019 0.290421
0.48259 0.890308
0.48358 0.525452
0.484079 0.921683
0.484166 0.377004
0.484894 0.609549
0.486075 0.460657
0.4864 0.927047
0.486428 0.400339
0.48888 0.613898
0.489458 0.32355
0.48961 0.874891
0.490143 0.825252
0.491566 0.744538
0.491717 0.287506
0.494194 0.917138
0.494727 0.876562
0.494837 0.7267
0.495201 0.846318
0.495602 0.576917
0.495849 0.73531
0.497152 0.632529
0.49778 0.193196
0.498986 0.45407
0.499552 0.966975
0.500106 0.282757
0.501062 0.345942
0.50159 0.214987
0.502038 0.747617
0.502564 0.586804
0.50516 0.217467
0.505329 0.0671181
0.505538 0.570138
0.505819 0.307158
0.506726 0.543972
0.507331 0.71268
0.508248 0.124984
0.508955 0.0143739
0.509065 0.852686
0.509505 0.253724
0.510204 0.99824
0.510494 0.879311
0.511008 0.511069
0.511098 0.0171909
0.51112 0.390603
0.511301 0.436821
0.511398 0.0712723
0.511732 0.681926
0.512412 0.111407
0.512627 0.72755
0.513409 0.87196
0.513448 0.516337
0.513693 0.64394
0.513702 0.782483
0.513831 0.963973
0.513988 0.592906
0.514306 0.941282
0.514451 0.373311
0.515033 0.15365
0.515321 0.996874
0.516616 0.757647
0.519896 0.896407
0.520825 0.503604
0.520859 0.0768303
0.521552 0.719768
0.521664 0.611855
0.522299 0.274602
0.523291 0.950326
0.523423 0.167293
0.524714 0.867303
0.525423 0.784539
0.525509 0.22193
0.525716 0.708155
0.525821 0.470379
0.526175 0.422427
0.526249 0.666867
0.526538 0.516163
0.526949 0.429461
0.526958 0.57457
0.52714 0.641982
0.527555 0.620717
0.528566 0.607797
0.529227 0.724105
0.530029 0.199149
0.531229 0.361066
0.531374 0.8015
0.53169 0.111566
0.532203 0.729768
0.532436 0.65704
0.533249 0.318985
0.533798 0.543606
0.535702 0.539251
0.53618 0.573113
0.537405 0.162068
0.537726 0.562365
0.538144 0.590522
0.540084 0.192351
0.54033 0.332501
0.540597 0.80754
0.541908 0.854931
0.541943 0.438685
0.543853 0.543766
0.544755 0.691923
0.545737 0.207237
0.54587 0.440061
0.546094 0.200991
0.546788 0.869591
0.548623 0.709658
0.549027 0.500544
0.549069 0.201145
0.549102 0.764314
0.549362 0.118844
0.551151 0.19785
0.5516 0.744975
0.551993 0.347644
0.552339 0.154317
0.55249 0.692064
0.552837 0.539654
0.553202 0.663193
0.553326 0.750337
0.5539 0.394889
0.554425 0.225593
0.55495 0.0444238
0.555524 0.691512
0.557099 0.169183
0.55929 0.980887
0.561365 0.869651
0.562367 0.709783
0.563001 0.352158
0.563575 0.000381161
0.56361 0.593729
0.563807 0.908072
0.564098 0.799216
0.564492 0.414815
0.564617 0.517979
0.564793 0.47277
0.566029 0.241215
0.566078 0.0668185
0.567427 0.742683
0.56764 0.323716
0.568046 0.154086
0.568911 0.691332
0.570037 0.619187
0.573496 0.752323
0.573745 0.928607
0.574157 0.856125
0.574347 0.0461142
0.574457 0.900205
0.57466 0.306812
0.575184 0.120564
0.575558 0.409341
0.575899 0.141209
0.576269 0.349743
0.576959 0.944196
0.57752 0.371942
0.577841 0.771432
0.577879 0.41152
0.57825 0.641545
0.578807 0.00478586
0.580025 0.478286
0.580706 0.928726
0.580821 0.859718
0.581371 0.10126
0.581984 0.41049
0.582671 0.954408
0.582926 0.24145
0.583029 0.97046
0.583375 0.78265
0.584382 0.71248
0.584472 0.227281
0.5845 0.699806
0.584558 0.672139
0.585015 0.353212
0.585105 0.859248
0.586023 0.283949
0.586181 0.936282
0.586599 0.977275
0.586767 0.7939
0.587311 0.930732
0.587417 0.718314
0.587798 0.114046
0.589522 0.10284
0.590179 0.136244
0.590366 0.283837
0.590376 0.445358
0.590899 0.2388
0.59139 0.484146
0.592621 0.188579
0.593972 0.882201
0.594448 0.893774
0.594457 0.0352353
0.5957 0.92185
0.596188 0.138622
0.596996 0.720386
0.59703 0.280527
0.597482 0.883399
0.597526 0.625073
0.597995 0.509412
0.59906 0.400312
0.599477 0.411573
0.599502 0.835378
0.599626 0.919087
0.599735 0.746333
0.600108 0.00997937
0.601225 0.795942
0.601292 0.90893
0.602925 0.368412
0.603394 0.250247
0.603853 0.964425
0.604252 0.6631
0.604383 0.864189
0.604848 0.677503
0.605869 0.848448
0.606243 0.120594
0.606552 0.326022
0.606659 0.123684
0.606725 0.232227
0.606956 0.109035
0.60717 0.705979
0.608273 0.250483
0.608511 0.251691
0.608684 0.148801
0.609757 0.194264
0.610135 0.534273
0.610426 0.43009
0.610495 0.59571
0.61151 0.639836
0.61307 0.875242
0.61323 0.560188
0.615239 0.315984
0.615567 0.837652
0.616263 0.538786
0.616792 0.430739
0.617679 0.333531
0.618843 0.90091
0.619659 0.602574
0.620417 0.352183
0.620573 0.964797
0.62079 0.616534
0.62165 0.0750237
0.622441 0.364731
0.623837 0.832764
0.625043 0.0942091
0.625193 0.627104
0.625372 0.623774
0.625605 0.543501
0.626155 0.787641
0.626753 0.835893
0.627366 0.133313
0.627527 0.840454
0.628606 0.986705
0.629023 0.992503
0.629595 0.603918
0.630759 0.172354
0.631726 0.421243
0.632682 0.481508
0.635674 0.779439
0.636059 0.241022
0.636187 0.399191
0.636208 0.752661
0.636468 0.121958
0.637027 0.507982
0.637547 0.256728
0.63911 0.529529
0.640002 0.518943
0.641297 0.278606
0.641318 0.630088
0.641445 0.762147
0.641749 0.870411
0.641841 0.414538
0.641863 0.799775
0.642978 0.533301
0.643016 0.169343
0.643464 0.694694
0.644877 0.44828
0.645303 0.613963
0.646059 0.319033
0.646606 0.504428
0.647289 0.98903
0.647764 0.965634
0.6487 0.701058
0.64875 0.544905
0.649316 0.0587882
0.649374 0.0213142
0.649916 0.140576
0.65075 0.158183
0.651706 0.227174
0.652575 0.827861
0.652621 0.604182
0.653254 0.233644
0.653723 0.116496
0.65424 0.818299
0.654546 0.962095
0.655141 0.948479
0.655572 0.193263
0.655846 0.805687
0.655871 0.228702
0.656152 0.954835
0.656235 0.340502
0.65656 0.79678
0.656924 0.926854
0.656976 0.800958
0.658614 0.33047
0.659027 0.273172
0.659728 0.0492124
0.660123 0.681074
0.660305 0.750201
0.660837 0.680088
0.661408 0.290791
0.661464 0.221667
0.661856 0.808457
0.663539 0.0943643
0.663685 0.547665
0.664349 0.710102
0.664616 0.204293
0.664982 0.348384
0.665456 0.317295
0.665786 0.865643
0.666982 0.960762
0.667153 0.839089
0.667234 0.202278
0.668579 0.807713
0.668956 0.143253
0.669268 0.394496
0.669868 0.468912
0.670321 0.0874987
0.670703 0.506029
0.672752 0.943737
0.672834 0.325694
0.673268 0.615581
0.675025 0.147344
0.675075 0.980884
0.67508 0.0714507
0.675621 0.160636
0.676313 0.796514
0.677269 0.865654
0.678366 0.304306
0.679696 0.65853
0.681743 0.0509308
0.682193 0.611603
0.682695 0.0476773
0.684995 0.702632
0.68557 0.371344
0.685773 0.790747
0.688246 0.344636
0.688645 0.0546908
0.68898 0.681451
0.689472 0.950135
0.6901 0.511023
0.690472 0.755041
0.691139 0.975331
0.691219 0.318062
0.693449 0.795789
0.693833 0.257764
0.693897 0.331738
0.694549 0.284366
0.69491 0.354114
0.695487 0.0439889
0.695494 0.175284
0.695598 0.917324
0.695673 0.168283
0.695968 0.137065
0.69621 0.195499
0.696739 0.0976814
0.696891 0.648201
0.697006 0.573997
0.699291 0.990036
0.700177 0.879077
0.700376 0.211772
0.700778 0.971329
0.701604 0.863995
0.70222 0.215441
0.702241 0.570226
0.702933 0.199811
0.70349 0.550859
0.704033 0.687229
0.705321 0.327289
0.705562 0.387508
0.706329 0.264194
0.708107 0.158084
0.708754 0.0316027
0.709554 0.468062
0.710208 0.467234
0.711259 0.127248
0.711717 0.819575
0.712434 0.874555
0.713899 0.501204
0.714297 0.191232
0.714932 0.855278
0.716961 0.957633
0.71706 0.634801
0.717075 0.875657
0.718477 0.439008
0.719472 0.16752
0.719843 0.40084
0.720464 0.838532
0.720534 0.0169485
0.720658 0.0912573
0.721666 0.043854
0.721924 0.370349
0.722115 0.593107
0.722117 0.614747
0.72224 0.684626
0.722578 0.365467
0.722848 0.902092
0.722921 0.126668
0.723343 0.224927
0.724226 0.0667285
0.725555 0.394976
0.727937 0.435973
0.729074 0.545251
0.730111 0.970654
0.730259 0.471398
0.730274 0.723893
0.73065 0.0349908
0.730953 0.119086
0.731093 0.472656
0.731154 0.498215
0.7313 0.96151
0.731331 0.474576
0.731464 0.708855
0.731524 0.718535
0.732414 0.686568
0.732764 0.567122
0.733471 0.445469
0.734891 0.31062
0.735856 0.53239
0.735906 0.379814
0.736934 0.642891
0.737694 0.423226
0.737768 0.671986
0.737924 0.285195
0.738364 0.688541
0.738377 0.90534
0.739064 0.440852
0.739217 0.0182791
0.73922 0.0701367
0.739594 0.348247
0.739843 0.540942
0.740106 0.960571
0.740291 0.0715216
0.74033 0.718982
0.741366 0.141857
0.741527 0.845875
0.741609 0.22251
0.74321 0.130358
0.744173 0.311267
0.744981 0.897398
0.745495 0.531308
0.746801 0.490096
0.747895 0.873932
0.748815 0.332624
0.74953 0.342923
0.749632 0.0621418
0.750111 0.120884
0.750893 0.254471
0.750896 0.305115
0.75091 0.540853
0.752659 0.946221
0.752907 0.100082
0.753773 0.658091
0.754018 0.785601
0.754205 0.91996
0.754954 0.512244
0.756433 0.376423
0.757202 0.2979
0.75766 0.99641
0.757735 0.249584
0.757874 0.592407
0.759022 0.888751
0.759681 0.963705
0.760945 0.198524
0.762033 0.48716
0.762182 0.999174
0.762236 0.896506
0.762996 0.677797
0.763436 0.0623206
0.765129 0.52764
0.765171 0.230408
0.765227 0.165761
0.765269 0.881037
0.765709 0.276627
0.768073 0.0103366
0.768443 0.21952
0.769729 0.829049
0.770038 0.0212265
0.770203 0.80743
0.770658 0.450897
0.770804 0.909957
0.771157 0.829056
0.771518 0.906475
0.771691 0.804947
0.771827 0.0972357
0.771975 0.584315
0.773638 0.540278
0.774291 0.510602
0.776565 0.720948
0.77703 0.540986
0.777068 0.181801
0.777191 0.244597
0.77724 0.0725955
0.778372 0.0971452
0.77903 0.149661
0.779463 0.432818
0.779701 0.433353
0.78141 0.164541
0.781528 0.138195
0.782707 0.958984
0.783069 0.0413171
0.783325 0.34089
0.78387 0.508464
0.786052 0.176272
0.786935 0.0226828
0.787736 0.471547
0.788028 0.390428
0.78811 0.766687
0.788348 0.764428
0.790459 0.236327
0.79086 0.979872
0.791022 0.70643
0.791629 0.905582
0.791881 0.136298
0.792422 0.233662
0.792727 0.362978
0.793122 0.00236126
0.793218 0.615924
0.793295 0.909388
0.794102 0.468745
0.795115 0.493868
0.795617 0.938865
0.796576 0.0554648
0.796899 0.48529
0.798499 0.369049
0.800007 0.723331
0.800087 0.0625872
0.800338 0.279881
0.800892 0.597166
0.800909 0.88473
0.80095 0.559316
0.802135 0.488125
0.802848 0.463526
0.803391 0.591295
0.803892 0.00828941
0.803897 0.0987153
0.805007 0.752154
0.805772 0.615403
0.806904 0.627626
0.807556 0.586405
0.80839 0.614585
0.808656 0.0857744
0.809203 0.282541
0.811285 0.269495
0.812043 0.00839024
0.813838 0.178488
0.813877 0.826488
0.815197 0.0170075
0.81533 0.25686
0.815853 0.0445183
0.816473 0.457283
0.817118 0.299865
0.817473 0.26103
0.820466 0.56426
0.821442 0.969081
0.821589 0.439255
0.821914 0.903024
0.822825 0.219635
0.822861 0.821961
0.822997 0.104443
0.823471 0.0855551
0.823581 0.918107
0.827959 0.514983
0.828438 0.555622
0.828711 0.149537
0.828722 0.32851
0.829479 0.0528875
0.829546 0.180973
0.829801 0.462584
0.830342 0.552301
0.831463 0.406651
0.831555 0.940024
0.831767 0.514507
0.832014 0.652637
0.832346 0.246965
0.83242 0.486764
0.833195 0.51086
0.833492 0.495286
0.835027 0.298254
0.837447 0.975026
0.838125 0.372262
0.838145 0.708757
0.839035 0.654555
0.842 0.50254
0.842363 0.587253
0.842393 0.092218
0.845294 0.858419
0.846083 0.123559
0.846229 0.571608
0.846247 0.868916
0.846723 0.876294
0.84684 0.831916
0.848296 0.303172
0.848439 0.711479
0.848824 0.187455
0.848951 0.313794
0.850034 0.523251
0.850802 0.424919
0.851803 0.247942
0.852839 0.662842
0.853355 0.342959
0.853823 0.205971
0.854038 0.808324
0.85472 0.272444
0.85556 0.39681
0.855585 0.815036
0.856762 0.602868
0.857406 0.41711
0.857664 0.752112
0.860343 0.785581
0.861109 0.656413
0.861639 0.564825
0.863944 0.308757
0.8641 0.924659
0.864147 0.715498
0.865559 0.445605
0.865736 0.432758
0.865923 0.55969
0.866566 0.383152
0.867962 0.836033
0.86834 0.195639
0.868672 0.770378
0.868673 0.793356
0.869179 0.284481
0.869648 0.173164
0.870277 0.748405
0.870605 0.260603
0.871625 0.397792
0.871848 0.147711
0.872245 0.822422
0.872422 0.801631
0.872789 0.963762
0.872955 0.760179
0.873226 0.305209
0.873392 0.0935257
0.875282 0.872443
0.876372 0.178172
0.876498 0.298516
0.877598 0.795607
0.877888 0.658694
0.877945 0.622472
0.877994 0.440884
0.87845 0.1169
0.879457 0.0260529
0.880624 0.652912
0.881511 0.551635
0.884625 0.885909
0.886703 0.825036
0.886872 0.661046
0.887067 0.935528
0.887134 0.0598881
0.887489 0.0195588
0.890967 0.483883
0.891242 0.1049
0.891984 0.569466
0.892022 0.214304
0.892807 0.404342
0.893021 0.00389278
0.896522 0.844572
0.896982 0.569597
0.897282 0.618639
0.897316 0.190887
0.89782 0.652875
0.89787 0.499195
0.899628 0.0539524
0.899756 0.206908
0.900074 0.547458
0.901287 0.923043
0.901372 0.358587
0.901641 0.884193
0.902045 0.677614
0.902925 0.469249
0.903645 0.565247
0.904862 0.00959367
0.905744 0.838951
0.905999 0.119576
0.90753 0.851434
0.907531 0.875735
0.908056 0.700819
0.908221 0.473905
0.908424 0.880254
0.908466 0.593776
0.910025 0.796852
0.910119 0.375775
0.91049 0.606661
0.910539 0.426175
0.911106 0.955117
0.911234 0.108472
0.911695 0.858518
0.912338 0.657984
0.912705 0.827715
0.912709 0.903693
0.912938 0.753351
0.912981 0.469565
0.913531 0.712774
0.913614 0.103034
0.914357 0.591595
0.914422 0.690707
0.914519 0.3222
0.915231 0.281886
0.916826 0.0920843
0.917278 0.697452
0.917355 0.987778
0.918409 0.692246
0.919793 0.9567
0.919806 0.18703
0.920167 0.250463
0.920964 0.645208
0.922189 0.233865
0.922343 0.820989
0.922354 0.00772623
0.922752 0.686945
0.922904 0.250167
0.923016 0.126821
0.923127 0.995954
0.923757 0.578982
0.924108 0.477035
0.924964 0.862121
0.925318 0.821291
0.925628 0.0367599
0.926332 0.863186
0.926709 0.201685
0.926716 0.31098
0.926984 0.815627
0.929286 0.509048
0.929837 0.767846
0.929868 0.289082
0.930027 0.959095
0.93126 0.681153
0.931498 0.692034
0.93222 0.825998
0.93249 0.364165
0.93633 0.904155
0.936806 0.903338
0.936929 0.963012
0.936941 0.169682
0.939157 0.412102
0.93919 0.967438
0.939363 0.874942
0.940087 0.0433027
0.940275 0.204311
0.94107 0.561638
0.94158 0.143095
0.941985 0.937808
0.943997 0.75897
0.945067 0.736093
0.945463 0.398689
0.945498 0.989564
0.946295 0.377469
0.946511 0.0111189
0.946771 0.375744
0.94782 0.00964979
0.948163 0.773747
0.948649 0.9499
0.949054 0.756971
0.949056 0.789255
0.949957 0.933248
0.949967 0.0928357
0.950201 0.0304229
0.950246 0.789088
0.950598 0.693136
0.95167 0.723964
0.952477 0.286076
0.952909 0.537575
0.952926 0.823793
0.954449 0.419535
0.955255 0.972106
0.956083 0.888103
0.956824 0.344701
0.957194 0.558713
0.95729 0.166108
0.957957 0.384308
0.958549 0.331921
0.958811 0.735483
0.958838 0.182783
0.959384 0.361142
0.960512 0.322916
0.960717 0.772655
0.960831 0.686351
0.96213 0.522602
0.964864 0.462904
0.964945 0.834162
0.965132 0.973875
0.965856 0.140247
0.966547 0.749524
0.96808 0.516412
0.969382 0.410148
0.969621 0.421201
0.969989 0.597717
0.970015 0.039187
0.970137 0.0883652
0.970536 0.803594
0.970735 0.138926
0.971733 0.911328
0.972309 0.604279
0.975608 0.0360497
0.97656 0.0523935
0.976737 0.0135707
0.976775 0.659958
0.976889 0.579227
0.976972 0.963571
0.976978 0.0679353
0.980085 0.286261
0.980601 0.966409
0.983981 0.771129
0.985017 0.174595
0.985114 0.806628
0.986518 0.401182
0.986563 0.161342
0.988639 0.0600692
0.989442 0.551329
0.991686 0.266461
0.991791 0.0320434
0.992197 0.858187
0.992239 0.559234
0.992973 0.898585
0.993008 0.49065
0.993474 0.324008
0.993477 0.371045
0.993949 0.29533
0.994518 0.859623
0.995394 0.590297
0.996419 0.818077
0.996611 0.0446856
0.996846 0.991344
0.997708 0.483392
0.998465 0.209507
0.998507 0.910632
0.998736 0.749584
0.99896 0.527341
0.999476 0.19571
0.999894 0.211659
