2.1677e-05 0.364333
0.00313514 0.692283
0.00328778 0.257658
0.00346332 0.20805
0.00346758 0.279614
0.00349884 0.804975
0.00474121 0.685478
0.00484126 0.36702
0.0049014 0.377921
0.0066801 0.272523
0.00749999 0.0523564
0.00762653 0.179141
0.00774587 0.184875
0.00812568 0.568297
0.00851898 0.178417
0.00866127 0.56992
0.00896491 0.67323
0.00995265 0.27418
0.00998238 0.773886
0.011937 0.624617
0.0125802 0.435893
0.012819 0.448676
0.0131648 0.261187
0.0132627 0.906822
0.0148179 0.044665
0.0152126 0.678695
0.0153276 0.611691
0.0155019 0.540694
0.0171729 0.624829
0.0176235 0.197389
0.0176714 0.00389663
0.0178075 0.29066
0.0179901 0.35981
0.0182467 0.67228
0.0187315 0.820462
0.0200263 0.582292
0.0211021 0.662676
0.0211189 0.945044
0.021649 0.855029
0.0217162 0.984045
0.0218139 0.626151
0.02223 0.619528
0.0225557 0.0938385
0.0255066 0.688648
0.0257005 0.947674
0.026298 0.990541
0.026355 0.948653
0.026452 0.579488
0.0275466 0.976559
0.027717 0.838874
0.0286435 0.410977
0.0289431 0.446087
0.0295592 0.800671
0.0302751 0.834324
0.0306148 0.542244
0.0308824 0.0398317
0.0309988 0.996988
0.0325005 0.236293
0.03361 0.883204
0.0350582 0.222962
0.0355198 0.981172
0.0356641 0.406877
0.0361827 0.123026
0.0374841 0.994699
0.038808 0.245411
0.0403803 0.672227
0.0404107 0.183313
0.040711 0.229896
0.0407711 0.240148
0.0416638 0.243618
0.0421887 0.0648678
0.0433596 0.744743
0.0446383 0.23643
0.0447152 0.527703
0.0448482 0.764244
0.0453775 0.660392
0.0476793 0.345212
0.0480635 0.802804
0.0492029 0.953938
0.0497372 0.933421
0.0509038 0.540197
0.0511772 0.135231
0.0525887 0.857567
0.0541448 0.0120405
0.0548476 0.823527
0.0551664 0.182351
0.0552783 0.0626128
0.0558254 0.257055
0.0566972 0.910538
0.0569555 0.250542
0.0579084 0.266416
0.0588517 0.120793
0.0598935 0.629712
0.0619291 0.841793
0.0632528 0.0896325
0.0635447 0.995209
0.0654915 0.715106
0.0661785 0.261364
0.0667657 0.13058
0.0679168 0.477999
0.0690485 0.498714
0.0692743 0.292719
0.0698491 0.954653
0.0699724 0.025714
0.0712661 0.769129
0.0714969 0.649192
0.0726402 0.863821
0.0734951 0.231391
0.0757327 0.839013
0.0775883 0.0257641
0.0775998 0.219091
0.0782805 0.661055
0.0790254 0.17938
0.0791358 0.0358884
0.0797386 0.167421
0.0800233 0.952353
0.0807765 0.610809
0.0809413 0.380436
0.081258 0.703165
0.0816936 0.0240686
0.0820045 0.24997
0.083676 0.342355
0.0839522 0.985372
0.0845797 0.531357
0.0847636 0.622053
0.0849973 0.55021
0.0863227 0.824965
0.0873253 0.676491
0.0877353 0.567038
0.0879778 0.643285
0.0884727 0.960071
0.088583 0.81463
0.0893062 0.968661
0.0894624 0.594674
0.0899624 0.998316
0.0900932 0.196313
0.0901925 0.865858
0.0907765 0.68097
0.0915535 0.739979
0.0933868 0.552262
0.0938893 0.997525
0.0939517 0.0460078
0.0947145 0.867338
0.0947329 0.174969
0.0957438 0.166048
0.0962421 0.541351
0.0964417 0.894935
0.0965014 0.89952
0.096665 0.649072
0.0969018 0.628061
0.0969688 0.755386
0.0970498 0.116447
0.0971447 0.710819
0.0972225 0.0187463
0.097279 0.967897
0.098384 0.540137
0.0984551 0.734387
0.0985427 0.207599
0.0996652 0.0729055
0.100505 0.189304
0.100834 0.71181
0.102331 0.883784
0.103319 0.489783
0.104393 0.539488
0.106236 0.508877
0.106569 0.103901
0.10662 0.968934
0.108201 0.535404
0.108323 0.587454
0.1086 0.234463
0.110073 0.999318
0.110322 0.181839
0.110431 0.020942
0.111511 0.165964
0.111553 0.869594
0.111726 0.783265
0.112513 0.0128346
0.112528 0.251938
0.114525 0.827821
0.114634 0.645918
0.117717 0.464121
0.117823 0.258144
0.118989 0.847413
0.119177 0.00118973
0.119413 0.969769
0.11993 0.660718
0.119978 0.464173
0.120426 0.00798659
0.121368 0.827145
0.121939 0.435602
0.122028 0.932153
0.122133 0.682997
0.122153 0.028109
0.122324 0.897342
0.122624 0.942995
0.122645 0.299392
0.123352 0.177989
0.12384 0.379891
0.123912 0.597306
0.124323 0.495382
0.125791 0.169083
0.126135 0.955713
0.12633 0.220099
0.126562 0.132478
0.126932 0.338648
0.127057 0.450413
0.127094 0.0748089
0.127803 0.992953
0.128797 0.688023
0.128897 0.368062
0.129455 0.743849
0.129535 0.0950955
0.129721 0.22238
0.13016 0.606473
0.13045 0.468894
0.131603 0.846656
0.131621 0.148832
0.131644 0.534242
0.132336 0.164219
0.13342 0.382488
0.133586 0.184031
0.133586 0.1872
0.134918 0.568793
0.135918 0.372258
0.136337 0.420741
0.136385 0.216941
0.137631 0.171043
0.137971 0.885263
0.138141 0.741489
0.13816 0.0601628
0.138935 0.0876318
0.139479 0.228135
0.139551 0.432988
0.139728 0.403283
0.140046 0.761435
0.141106 0.570009
0.141363 0.882989
0.142845 0.792631
0.1439 0.520837
0.144372 0.464195
0.144971 0.524617
0.145656 0.0448758
0.147309 0.821044
0.148065 0.520384
0.148373 0.701198
0.14888 0.220749
0.149181 0.285944
0.149573 0.881585
0.149733 0.570311
0.151467 0.713957
0.151914 0.226567
0.15443 0.50283
0.155646 0.94522
0.15585 0.372919
0.156035 0.478822
0.156464 0.693185
0.158278 0.174154
0.159012 0.513262
0.1599 0.444409
0.161025 0.3519
0.16121 0.450461
0.161318 0.270116
0.161943 0.778269
0.163384 0.988477
0.163504 0.00830616
0.163537 0.568925
0.164176 0.307173
0.165129 0.318774
0.16581 0.77434
0.166945 0.838022
0.166949 0.916677
0.167508 0.302419
0.167809 0.363387
0.168866 0.131429
0.169601 0.484296
0.169686 0.914581
0.170344 0.964139
0.170549 0.41869
0.170895 0.226811
0.17093 0.819079
0.171944 0.863785
0.174523 0.200168
0.17512 0.241337
0.175648 0.116346
0.176451 0.608905
0.176545 0.183562
0.176635 0.709258
0.177558 0.215652
0.178335 0.276704
0.179881 0.257009
0.179993 0.14509
0.180515 0.921345
0.180637 0.964184
0.180857 0.663459
0.180979 0.705679
0.181161 0.766001
0.182563 0.331856
0.183534 0.662671
0.18407 0.662323
0.184287 0.310444
0.185224 0.0583277
0.185258 0.631703
0.186015 0.349498
0.186845 0.304635
0.188848 0.96563
0.18936 0.568892
0.189785 0.717622
0.190347 0.167345
0.191 0.143037
0.191367 0.306335
0.191689 0.715044
0.191944 0.00783143
0.193715 0.772202
0.193999 0.542539
0.194037 0.180505
0.194223 0.309777
0.194374 0.844441
0.195144 0.791588
0.195311 0.592395
0.196077 0.460026
0.198247 0.945636
0.199488 0.790278
0.199989 0.207711
0.200395 0.0387616
0.201138 0.530883
0.203029 0.306264
0.203448 0.345402
0.203964 0.0273576
0.204268 0.125032
0.20472 0.72853
0.204736 0.99778
0.206521 0.997271
0.206603 0.373984
0.206761 0.0246502
0.206863 0.745771
0.207252 0.286784
0.207532 0.990322
0.208043 0.572163
0.208456 0.523544
0.208548 0.0738932
0.210186 0.598514
0.210489 0.683259
0.210491 0.720653
0.210575 0.132945
0.210613 0.767961
0.212446 0.582114
0.212905 0.299681
0.213221 0.597813
0.213697 0.599923
0.213904 0.0807868
0.214016 0.965525
0.215147 0.975119
0.215696 0.198166
0.215787 0.738912
0.216073 0.537126
0.216623 0.778448
0.217983 0.642442
0.218095 0.51548
0.218362 0.0137566
0.219123 0.807288
0.219655 0.737378
0.219726 0.927167
0.220115 0.480765
0.22083 0.492692
0.220841 0.668331
0.222029 0.643034
0.222524 0.963137
0.222532 0.0997229
0.223072 0.166501
0.223134 0.21446
0.223559 0.356249
0.223581 0.732001
0.225312 0.81691
0.225377 0.909745
0.226456 0.0459704
0.226581 0.145464
0.22782 0.973405
0.227996 0.928674
0.228226 0.791206
0.230607 0.812089
0.233054 0.942023
0.233905 0.233818
0.233987 0.619704
0.234605 0.00650889
0.235533 0.60206
0.236913 0.79153
0.238099 0.736014
0.238464 0.856971
0.238518 0.780122
0.239007 0.986571
0.239411 0.7858
0.242779 0.383895
0.243194 0.357214
0.243886 0.996536
0.244963 0.0949049
0.2458 0.154202
0.246502 0.954098
0.247319 0.685423
0.247887 0.243111
0.248206 0.60606
0.248914 0.490449
0.249351 0.838979
0.249988 0.543988
0.250265 0.198761
0.250577 0.447523
0.251388 0.0800252
0.251961 0.705082
0.252882 0.191737
0.253869 0.772323
0.254775 0.00329066
0.255048 0.597761
0.255893 0.785669
0.255895 0.830655
0.25626 0.956065
0.257291 0.283137
0.257497 0.760339
0.257504 0.863388
0.2579 0.529311
0.258225 0.981527
0.258674 0.540016
0.259195 0.284488
0.259392 0.599856
0.259511 0.602678
0.260225 0.596949
0.260602 0.941607
0.260637 0.518942
0.260801 0.284703
0.261227 0.438819
0.262057 0.392523
0.262061 0.458554
0.26247 0.326388
0.264114 0.966565
0.264586 0.891696
0.264747 0.60257
0.265664 0.0117989
0.26608 0.00368934
0.266323 0.088921
0.266348 0.514026
0.266596 0.686952
0.267009 0.618407
0.267061 0.501363
0.267798 0.878656
0.268619 0.675402
0.268868 0.867057
0.26933 0.636247
0.269931 0.727599
0.270247 0.0464854
0.270376 0.215211
0.270593 0.855976
0.270634 0.543186
0.271416 0.682666
0.272224 0.267811
0.276092 0.277813
0.27629 0.614108
0.277473 0.495246
0.278746 0.883383
0.278925 0.896715
0.279704 0.981309
0.280068 0.107986
0.280652 0.912165
0.281321 0.154502
0.281954 0.795844
0.282072 0.788978
0.282169 0.422286
0.282476 0.578541
0.282559 0.975274
0.283229 0.225695
0.283262 0.784842
0.283442 0.810431
0.283468 0.241804
0.283475 0.369664
0.284761 0.973331
0.286186 0.932508
0.287129 0.776288
0.287437 0.955576
0.289087 0.688073
0.289215 0.828601
0.28922 0.923229
0.290634 0.678702
0.290696 0.726175
0.290816 0.7493
0.293035 0.0324948
0.293345 0.247854
0.295525 0.885554
0.296274 0.484835
0.2964 0.603206
0.297025 0.106115
0.29722 0.381998
0.297439 0.0647199
0.299875 0.00492712
0.301225 0.694886
0.302504 0.189955
0.302713 0.693265
0.302824 0.569394
0.30366 0.612202
0.303703 0.341408
0.304118 0.313138
0.304705 0.176218
0.304751 0.949432
0.305855 0.509447
0.306204 0.379044
0.30659 0.852038
0.306683 0.427158
0.307077 0.0465993
0.307514 0.394754
0.307531 0.677356
0.308873 0.229939
0.309321 0.757787
0.309374 0.656121
0.309942 0.195065
0.31154 0.0469698
0.312491 0.0375257
0.312753 0.439467
0.312851 0.0904788
0.313555 0.916107
0.313623 0.0658477
0.313889 0.539854
0.315617 0.582595
0.31646 0.740325
0.316565 0.503974
0.317496 0.161572
0.318894 0.649986
0.320596 0.260006
0.321645 0.881898
0.322089 0.344866
0.322165 0.627639
0.322212 0.422196
0.322224 0.61337
0.32293 0.481981
0.323633 0.302467
0.324137 0.772548
0.324157 0.108362
0.324671 0.73972
0.324948 0.400151
0.325426 0.4409
0.326665 0.265311
0.32704 0.554714
0.327385 0.367805
0.327784 0.0663474
0.329089 0.997485
0.3293 0.54917
0.329341 0.231285
0.330412 0.231707
0.33159 0.0313181
0.331793 0.443083
0.332018 0.231413
0.332349 0.783315
0.334041 0.228308
0.334624 0.0333326
0.334632 0.164229
0.334833 0.542254
0.336409 0.0256231
0.336693 0.801172
0.337107 0.751614
0.337381 0.365259
0.33814 0.123336
0.338206 0.236747
0.338263 0.194507
0.339144 0.998428
0.341508 0.721267
0.341534 0.170282
0.342221 0.700418
0.342411 0.901418
0.343246 0.937847
0.343751 0.424731
0.344055 0.537666
0.344064 0.689819
0.344614 0.924989
0.345319 0.776648
0.345456 0.0835723
0.345582 0.204651
0.347114 0.938959
0.347213 0.601037
0.347589 0.924383
0.348267 0.32216
0.349447 0.152145
0.34986 0.10124
0.350604 0.601384
0.35107 0.431158
0.351229 0.108841
0.351233 0.167617
0.35125 0.453874
0.351551 0.515461
0.352055 0.995293
0.352467 0.914656
0.352485 0.223649
0.353114 0.789091
0.35329 0.737465
0.353472 0.800573
0.353473 0.813087
0.353781 0.00142187
0.354487 0.8614
0.35624 0.320034
0.356373 0.563087
0.358203 0.315882
0.359729 0.961375
0.36018 0.549447
0.360808 0.095159
0.361661 0.437622
0.361753 0.99046
0.362304 0.248218
0.362391 0.711412
0.362539 0.193287
0.363087 0.404587
0.36321 0.465888
0.363278 0.610589
0.363764 0.776841
0.363957 0.0220768
0.364453 0.360893
0.365668 0.779069
0.365669 0.801233
0.365964 0.759395
0.365965 0.765374
0.366248 0.532048
0.366562 0.805549
0.36705 0.00997899
0.367097 0.803409
0.367949 0.123911
0.368119 0.974259
0.368997 0.737656
0.369125 0.875437
0.369378 0.137122
0.370881 0.396509
0.371162 0.113736
0.371588 0.2743
0.373091 0.534236
0.37331 0.218585
0.373459 0.733268
0.373592 0.964746
0.37471 0.758433
0.374896 0.879519
0.375169 0.45937
0.37519 0.816228
0.375815 0.328772
0.376405 0.241698
0.376692 0.0664906
0.376896 0.485878
0.37756 0.65658
0.378088 0.530548
0.378377 0.376527
0.378379 0.423062
0.379352 0.763183
0.379409 0.719354
0.381165 0.242704
0.381922 0.967081
0.382319 0.634553
0.382321 0.669983
0.383043 0.799893
0.383098 0.733712
0.384291 0.772731
0.385089 0.195361
0.385091 0.222534
0.385594 0.671836
0.386359 0.531312
0.387083 0.710058
0.387356 0.286504
0.387512 0.913354
0.387864 0.822216
0.388477 0.129357
0.388782 0.255034
0.389856 0.317871
0.389894 0.944544
0.390576 0.410754
0.392078 0.656329
0.392252 0.587194
0.393102 0.867829
0.393173 0.0619533
0.394114 0.871806
0.394884 0.819
0.394913 0.299164
0.394996 0.69178
0.396628 0.131946
0.397196 0.668635
0.397233 0.290354
0.397726 0.580311
0.398373 0.448688
0.39848 0.257933
0.39904 0.657731
0.399549 0.223113
0.399688 0.548257
0.400682 0.264748
0.400889 0.746035
0.402148 0.894504
0.402574 0.067497
0.402812 0.0653708
0.404232 0.926288
0.40492 0.487244
0.405009 0.983748
0.405111 0.697691
0.406565 0.138495
0.407657 0.488083
0.4077 0.209479
0.408108 0.0791451
0.408937 0.999979
0.410298 0.873357
0.410646 0.719201
0.411827 0.571138
0.413139 0.630613
0.415901 0.0473849
0.416096 0.329936
0.416737 0.095702
0.417588 0.408378
0.418982 0.828021
0.419446 0.634426
0.420942 0.772371
0.421082 0.125408
0.421452 0.350886
0.421598 0.79132
0.422723 0.704477
0.422793 0.874324
0.423217 0.00436522
0.424516 0.838456
0.425215 0.594673
0.425658 0.041635
0.427071 0.779741
0.42813 0.583134
0.428277 0.0575505
0.428454 0.0183052
0.429013 0.425726
0.430051 0.867072
0.431901 0.956158
0.43214 0.970287
0.432253 0.87067
0.432667 0.842173
0.432859 0.0610725
0.433784 0.612444
0.434272 0.809916
0.434976 0.648888
0.43521 0.567919
0.435475 0.0347569
0.435718 0.107114
0.435997 0.796166
0.436443 0.292458
0.437241 0.706354
0.439092 0.813041
0.439554 0.580658
0.439639 0.0131576
0.441336 0.541244
0.442563 0.159344
0.443946 0.393166
0.444897 0.380474
0.445881 0.92066
0.445912 0.45009
0.446354 0.867853
0.446644 0.745708
0.446734 0.260212
0.447143 0.129917
0.447703 0.538731
0.448674 0.86478
0.44872 0.628814
0.449352 0.265343
0.449684 0.837655
0.450144 0.574671
0.450732 0.450085
0.4511 0.645376
0.451484 0.0874175
0.451622 0.40299
0.452622 0.218719
0.452754 0.444319
0.453647 0.440402
0.4541 0.0670734
0.454258 0.71392
0.455639 0.931283
0.456403 0.765965
0.456683 0.469253
0.45707 0.969295
0.45916 0.0985484
0.459987 0.00558393
0.46113 0.21817
0.461593 0.991116
0.462598 0.882323
0.462758 0.579212
0.462943 0.677045
0.46323 0.503317
0.463523 0.437858
0.463874 0.332484
0.463982 0.148123
0.46469 0.0479846
0.464835 0.481109
0.464971 0.77573
0.465194 0.507671
0.465404 0.0459417
0.46572 0.353871
0.46577 0.189352
0.466978 0.492746
0.467364 0.983264
0.467481 0.950304
0.468122 0.734086
0.468498 0.0435721
0.469508 0.0131129
0.469595 0.487476
0.470163 0.0296903
0.470793 0.611959
0.47202 0.244061
0.472785 0.0970329
0.472912 0.224522
0.47343 0.945249
0.473568 0.265314
0.473955 0.754204
0.4743 0.553528
0.474445 0.993774
0.47473 0.787362
0.474857 0.921386
0.475336 0.965712
0.476351 0.023284
0.476675 0.479743
0.476697 0.843958
0.477479 0.988416
0.478093 0.316578
0.478591 0.679703
0.478726 0.94197
0.478896 0.810843
0.478902 0.901316
0.482209 0.484856
0.48467 0.850324
0.48528 0.102359
0.486253 0.450979
0.486724 0.370342
0.487041 0.692844
0.488364 0.933069
0.488973 0.170727
0.489338 0.310318
0.49062 0.845066
0.490957 0.520937
0.490974 0.796464
0.491261 0.618901
0.492486 0.215431
0.49282 0.826876
0.492911 0.349433
0.493467 0.705756
0.493635 0.515219
0.493799 0.274311
0.494249 0.846958
0.495948 0.405418
0.496303 0.36512
0.496336 0.910868
0.4979 0.202648
0.499371 0.936879
0.501009 0.453548
0.502576 0.792755
0.502866 0.667088
0.503034 0.493331
0.503357 0.921004
0.503586 0.765074
0.503878 0.675017
0.504015 0.982763
0.504454 0.350813
0.504756 0.430439
0.50519 0.72359
0.505818 0.279539
0.506129 0.50328
0.50675 0.941309
0.507063 0.202374
0.507168 0.979923
0.507674 0.477975
0.508053 0.847387
0.508262 0.355518
0.509488 0.969509
0.50961 0.0119332
0.50994 0.561933
0.5103 0.606284
0.511273 0.972373
0.512239 0.195834
0.512375 0.484358
0.514832 0.774075
0.516069 0.569044
0.516845 0.615312
0.51702 0.56338
0.517391 0.784584
0.517679 0.633803
0.518913 0.367851
0.519274 0.433991
0.519485 0.987304
0.519816 0.550169
0.52003 0.148343
0.52093 0.264271
0.52147 0.351045
0.521552 0.716614
0.521687 0.995081
0.522273 0.8447
0.524196 0.158863
0.524582 0.654225
0.525637 0.383315
0.525676 0.0299139
0.525806 0.220734
0.52765 0.209
0.527662 0.415538
0.528492 0.371066
0.528933 0.784798
0.529992 0.574284
0.530347 0.542814
0.530618 0.0890029
0.531505 0.00717406
0.532613 0.619579
0.533042 0.835085
0.534173 0.851926
0.534247 0.0879441
0.534262 0.343921
0.534772 0.916589
0.535473 0.696058
0.53571 0.675915
0.536081 0.909532
0.537342 0.111519
0.537745 0.875521
0.538559 0.568466
0.540102 0.496844
0.54088 0.568235
0.541771 0.541003
0.542229 0.249374
0.544465 0.82976
0.544976 0.418652
0.545063 0.868198
0.546013 0.848626
0.546064 0.69702
0.546128 0.767472
0.548284 0.0079443
0.548399 0.939625
0.549796 0.423491
0.550062 0.890368
0.550202 0.245065
0.551285 0.452612
0.551447 0.176047
0.551502 0.0946752
0.552115 0.397785
0.5522 0.83102
0.554239 0.0885334
0.554635 0.752929
0.555584 0.699439
0.5563 0.726439
0.556449 0.233523
0.556458 0.384439
0.556557 0.0572469
0.556837 0.763994
0.558251 0.525806
0.558754 0.971006
0.56038 0.308115
0.560527 0.772224
0.560633 0.559774
0.561254 0.000557886
0.561595 0.73227
0.561761 0.523811
0.562061 0.550961
0.562573 0.17069
0.562756 0.241561
0.563101 0.0429515
0.563178 0.327611
0.564362 0.230483
0.564589 0.0479743
0.564734 0.483439
0.56515 0.482451
0.567014 0.80524
0.56724 0.601201
0.567721 0.686083
0.56784 0.683921
0.568042 0.0838912
0.568387 0.88532
0.570594 0.977051
0.570733 0.312229
0.570795 0.349395
0.570811 0.616313
0.570874 0.683407
0.571911 0.115322
0.572037 0.225108
0.572273 0.195041
0.572392 0.186258
0.57259 0.524556
0.572739 0.0163862
0.572994 0.306074
0.5731 0.0939454
0.574226 0.0176132
0.574444 0.679071
0.574454 0.840935
0.57498 0.683833
0.576141 0.197499
0.576707 0.717839
0.578146 0.899716
0.578355 0.405467
0.578452 0.0497719
0.578529 0.336231
0.578893 0.451115
0.578933 0.126209
0.579537 0.27388
0.580409 0.928733
0.581298 0.88098
0.581968 0.132661
0.582554 0.989183
0.582914 0.0289095
0.584236 0.25255
0.585275 0.711967
0.585432 0.362758
0.586334 0.508802
0.588075 0.774406
0.588454 0.149595
0.589989 0.942819
0.590046 0.895828
0.591181 0.970647
0.592861 0.213297
0.594484 0.496107
0.595474 0.135367
0.595733 0.489935
0.596312 0.213863
0.596418 0.003041
0.596661 0.0758523
0.598544 0.729658
0.599187 0.535573
0.599978 0.830234
0.601642 0.80419
0.601664 0.170722
0.601931 0.648039
0.602628 0.376981
0.602639 0.5591
0.602695 0.489436
0.602758 0.560483
0.603307 0.78101
0.6034 0.346128
0.60347 0.513806
0.603637 0.332293
0.604172 0.310234
0.608249 0.845734
0.608872 0.306178
0.609826 0.341532
0.61027 0.807074
0.611232 0.984211
0.611283 0.829858
0.611314 0.346312
0.612218 0.540496
0.612569 0.445679
0.613056 0.624947
0.613923 0.211186
0.613924 0.223333
0.614371 0.731216
0.614898 0.590157
0.615267 0.789526
0.615744 0.800981
0.615757 0.020589
0.615877 0.0423593
0.618283 0.480278
0.619552 0.813622
0.619824 0.385732
0.621477 0.163599
0.622167 0.764735
0.622346 0.76409
0.622931 0.604919
0.623529 0.659417
0.623838 0.842015
0.627455 0.637424
0.628042 0.49771
0.628059 0.791676
0.628165 0.568207
0.628282 0.544146
0.628326 0.280326
0.628608 0.00998856
0.628673 0.112732
0.628771 0.74712
0.629085 0.0247933
0.629471 0.527105
0.629623 0.0780086
0.630002 0.451632
0.630099 0.0815042
0.630504 0.878479
0.631407 0.0660572
0.631573 0.854945
0.632401 0.756158
0.632446 0.527556
0.63259 0.944761
0.632975 0.416316
0.63328 0.543605
0.635949 0.397693
0.636515 0.913611
0.636962 0.415319
0.637035 0.652864
0.638121 0.89995
0.638816 0.58079
0.638977 0.293371
0.639398 0.358469
0.639841 0.807083
0.641653 0.268478
0.643306 0.0406783
0.64402 0.045773
0.644111 0.571625
0.644265 0.154038
0.644748 0.287122
0.647015 0.383321
0.647033 0.678179
0.647244 0.231515
0.647941 0.9401
0.649895 0.782152
0.650518 0.250625
0.650764 0.391948
0.651818 0.100455
0.652444 0.618618
0.653537 0.998721
0.653741 0.424385
0.654104 0.529533
0.654904 0.976495
0.655313 0.837521
0.656081 0.748518
0.656222 0.116863
0.656329 0.918384
0.657037 0.822706
0.660184 0.70751
0.660213 0.195954
0.660691 0.238589
0.660993 0.312354
0.662003 0.292116
0.662359 0.259598
0.663097 0.665661
0.663549 0.261778
0.663734 0.37971
0.664061 0.871755
0.665193 0.894637
0.665503 0.108134
0.666044 0.197116
0.666571 0.0514867
0.666731 0.755192
0.666993 0.151084
0.66826 0.440405
0.670997 0.451747
0.671383 0.931777
0.671636 0.181558
0.673223 0.859397
0.673896 0.176257
0.674479 0.971991
0.674754 0.591403
0.675405 0.531705
0.675663 0.861135
0.67801 0.31805
0.679703 0.761087
0.679957 0.0309427
0.680568 0.304962
0.680924 0.286977
0.681726 0.762122
0.681898 0.666464
0.682081 0.727819
0.682092 0.928065
0.682306 0.511837
0.683644 0.0109897
0.683654 0.167674
0.683818 0.928598
0.684044 0.724371
0.684858 0.406735
0.685159 0.469981
0.685427 0.974409
0.685851 0.0983301
0.686393 0.208686
0.6872 0.770766
0.687848 0.663029
0.687947 0.322595
0.687978 0.852832
0.689905 0.235335
0.689955 0.0674813
0.690632 0.448329
0.690656 0.861068
0.691445 0.118766
0.691721 0.758535
0.69226 0.806616
0.692281 0.167451
0.693003 0.295842
0.693349 0.109418
0.693705 0.101349
0.693799 0.677814
0.694241 0.10039
0.694971 0.383837
0.695452 0.455548
0.695912 0.197071
0.695963 0.0475002
0.695969 0.157766
0.696334 0.2801
0.69686 0.127669
0.697056 0.424637
0.697978 0.913147
0.698359 0.328328
0.699148 0.579529
0.699302 0.166998
0.699379 0.469924
0.701167 0.515786
0.701226 0.497025
0.701672 0.999586
0.70179 0.979446
0.701877 0.443251
0.702292 0.415755
0.702973 0.866821
0.703124 0.404138
0.703149 0.822364
0.703575 0.977763
0.704167 0.942006
0.704611 0.397993
0.704725 0.307572
0.704911 0.439708
0.705815 0.640177
0.706224 0.514163
0.70676 0.523331
0.707088 0.0322736
0.707685 0.0648964
0.708226 0.161587
0.709581 0.921444
0.710679 0.3837
0.7125 0.984146
0.713413 0.336845
0.713472 0.324721
0.713913 0.739314
0.713984 0.93433
0.714092 0.750126
0.715268 0.509634
0.715633 0.644584
0.716876 0.539949
0.716964 0.0216297
0.717074 0.857438
0.717473 0.572862
0.717709 0.533059
0.718205 0.872564
0.718374 0.709005
0.719249 0.417328
0.719713 0.220719
0.721761 0.633883
0.7221 0.330313
0.722157 0.298208
0.723215 0.0746086
0.723936 0.189296
0.724654 0.264945
0.724753 0.931563
0.725197 0.38535
0.725374 0.364505
0.726172 0.780623
0.72726 0.0578564
0.728068 0.633923
0.728998 0.267549
0.72967 0.56712
0.730125 0.20345
0.731571 0.512998
0.732044 0.455135
0.733036 0.13474
0.734039 0.992489
0.735477 0.154486
0.735744 0.642252
0.736095 0.551403
0.737356 0.734818
0.73777 0.704419
0.73871 0.503995
0.739073 0.595032
0.739354 0.319827
0.739365 0.502095
0.739494 0.672347
0.739937 0.115796
0.741369 0.189692
0.743098 0.254276
0.743677 0.975605
0.744673 0.720294
0.745343 0.981923
0.745841 0.348648
0.746473 0.972858
0.746582 0.800589
0.747082 0.203918
0.747112 0.712601
0.747866 0.378962
0.747884 0.692862
0.748143 0.0365982
0.75062 0.672585
0.751521 0.818879
0.751554 0.372188
0.752051 0.715638
0.752331 0.419364
0.752922 0.364644
0.753532 0.617924
0.754604 0.632034
0.755318 0.62348
0.755424 0.405803
0.755974 0.659154
0.756271 0.652667
0.757001 0.908519
0.758192 0.926579
0.758488 0.909746
0.758495 0.0260924
0.758917 0.117746
0.759398 0.20017
0.759941 0.325975
0.762291 0.819094
0.762314 0.20423
0.763455 0.388375
0.7635 0.145795
0.763674 0.0768098
0.764708 0.439219
0.764939 0.334575
0.771198 0.529031
0.771298 0.20918
0.771527 0.0598636
0.772079 0.334283
0.772278 0.675869
0.772595 0.00683963
0.773214 0.401479
0.77334 0.518128
0.773592 0.755489
0.773605 0.985303
0.77369 0.400067
0.774584 0.429772
0.774747 0.171584
0.775037 0.0477252
0.775053 0.316467
0.775359 0.462814
0.777529 0.932794
0.779336 0.298653
0.779902 0.821075
0.780256 0.766157
0.780523 0.244625
0.781064 0.335
0.781254 0.532807
0.781468 0.132867
0.781674 0.602773
0.782692 0.706936
0.783039 0.540124
0.783365 0.0145757
0.784861 0.153954
0.786459 0.0149453
0.786666 0.495293
0.787906 0.33851
0.789484 0.861552
0.789583 0.52057
0.790127 0.672593
0.792245 0.25511
0.792891 0.118142
0.79299 0.78328
0.794563 0.225702
0.795792 0.884116
0.79586 0.0212716
0.796706 0.236236
0.79758 0.920578
0.797722 0.321364
0.79849 0.21501
0.799152 0.340898
0.799339 0.486582
0.800729 0.845493
0.800906 0.827011
0.801754 0.0795413
0.802352 0.130266
0.802675 0.556836
0.802957 0.300805
0.803085 0.444831
0.803532 0.963703
0.804599 0.902892
0.80497 0.13078
0.805591 0.573856
0.806338 0.119229
0.806628 0.99591
0.808171 0.935065
0.80863 0.64983
0.810187 0.81332
0.81041 0.566627
0.81076 0.442556
0.811152 0.0357554
0.811442 0.90634
0.813267 0.574539
0.813477 0.105711
0.813687 0.640005
0.81369 0.687981
0.814299 0.918204
0.814443 0.342805
0.815822 0.520872
0.817266 0.793722
0.817708 0.217041
0.818058 0.101391
0.818571 0.721487
0.818579 0.851483
0.818747 0.687704
0.819171 0.80142
0.819347 0.770142
0.820193 0.989426
0.82123 0.404139
0.821701 0.331335
0.823692 0.788711
0.823756 0.8649
0.824553 0.255301
0.824991 0.630918
0.825252 0.0184122
0.825424 0.897499
0.825431 0.0237224
0.826219 0.263364
0.82642 0.64805
0.826661 0.693844
0.826924 0.112566
0.827442 0.815473
0.827816 0.0959382
0.828122 0.246566
0.829349 0.869878
0.829563 0.47288
0.831567 0.147157
0.832883 0.2726
0.834388 0.558284
0.834627 0.569533
0.834834 0.0595698
0.835063 0.90843
0.835763 0.669514
0.835899 0.948787
0.839265 0.532412
0.839399 0.779628
0.841201 0.0569397
0.841327 0.180163
0.841449 0.228637
0.841823 0.511842
0.841929 0.301373
0.842437 0.832123
0.843143 0.711761
0.843916 0.70103
0.844796 0.482701
0.846338 0.408246
0.847065 0.627885
0.847598 0.573307
0.847736 0.906129
0.848405 0.14226
0.848872 0.986567
0.849036 0.74544
0.849203 0.548118
0.84991 0.446101
0.849987 0.735722
0.850173 0.863578
0.85148 0.826029
0.852376 0.881036
0.853296 0.353228
0.853949 0.313018
0.855305 0.116318
0.855623 0.448651
0.855791 0.282626
0.856523 0.588825
0.856623 0.266939
0.856923 0.302355
0.859268 0.723346
0.859574 0.856278
0.860785 0.210998
0.860981 0.506893
0.861983 0.347268
0.862152 0.195299
0.862393 0.233698
0.862445 0.119588
0.864427 0.428741
0.865126 0.17807
0.865889 0.00220968
0.865932 0.722189
0.867593 0.642605
0.868237 0.459782
0.868925 0.0295111
0.869423 0.387134
0.870305 0.20962
0.870952 0.0987922
0.871305 0.0153787
0.871887 0.800876
0.87225 0.905726
0.874426 0.471501
0.874721 0.436245
0.874987 0.90867
0.876298 0.945871
0.876446 0.423708
0.876511 0.520792
0.877094 0.325762
0.877757 0.465487
0.878403 0.323299
0.878899 0.649476
0.879042 0.0633079
0.879928 0.946245
0.880432 0.422023
0.881745 0.482069
0.882043 0.498811
0.882104 0.524926
0.882328 0.279274
0.882424 0.906854
0.882925 0.326548
0.883178 0.565239
0.885267 0.678675
0.885459 0.905378
0.885466 0.0270622
0.886229 0.857573
0.886249 0.194373
0.886389 0.533588
0.887349 0.67967
0.887774 0.821498
0.889097 0.0486137
0.889109 0.250276
0.889236 0.389144
0.889272 0.995524
0.889904 0.624445
0.892431 0.0885169
0.893166 0.448365
0.893607 0.861001
0.893881 0.461826
0.894825 0.316157
0.897134 0.123569
0.897341 0.61229
0.897485 0.0368132
0.898456 0.355083
0.898713 0.668304
0.899143 0.892552
0.899552 0.769426
0.900993 0.986083
0.900997 0.0550959
0.901279 0.796803
0.90163 0.687148
0.902389 0.450908
0.903515 0.378528
0.905173 0.235871
0.905357 0.342994
0.905406 0.165287
0.905547 0.525713
0.906665 0.31641
0.907122 0.994
0.907533 0.906664
0.908319 0.114148
0.908593 0.723457
0.908706 0.614041
0.908804 0.27594
0.911093 0.747068
0.911243 0.256727
0.91251 0.556715
0.913392 0.385517
0.913773 0.785953
0.913774 0.800533
0.913854 0.141754
0.914299 0.624326
0.914892 0.584571
0.915988 0.00332824
0.916505 0.691162
0.916543 0.344311
0.917387 0.519494
0.917981 0.512609
0.918529 0.715058
0.919205 0.0830546
0.920781 0.573796
0.921442 0.675141
0.922315 0.345232
0.92255 0.305602
0.923109 0.697253
0.92315 0.373866
0.92421 0.192247
0.924431 0.917473
0.924794 0.0189734
0.925126 0.586973
0.925922 0.972702
0.926445 0.756518
0.926855 0.653021
0.927478 0.130291
0.928167 0.702509
0.928255 0.188752
0.9288 0.345777
0.929612 0.982685
0.932502 0.562305
0.932543 0.257083
0.932665 0.300994
0.933393 0.534173
0.933962 0.101604
0.934119 0.729957
0.934526 0.571566
0.935011 0.728818
0.935285 0.337
0.935811 0.16714
0.937154 0.747781
0.93773 0.426245
0.938692 0.597034
0.938889 0.900897
0.940657 0.622716
0.940681 0.0208747
0.940897 0.651848
0.940971 0.892445
0.941408 0.237242
0.942391 0.771081
0.94359 0.910638
0.94376 0.778588
0.946281 0.146599
0.946424 0.545052
0.948361 0.106544
0.948498 0.398105
0.948961 0.179645
0.949528 0.70832
0.950649 0.552159
0.950679 0.0574212
0.95091 0.949216
0.951006 0.56436
0.9531 0.751035
0.953453 0.680253
0.953614 0.392693
0.953673 0.374558
0.954343 0.647895
0.955472 0.621612
0.956236 0.461522
0.956362 0.584057
0.95637 0.711682
0.95647 0.396629
0.956511 0.08207
0.957675 0.637224
0.958585 0.930881
0.958841 0.246145
0.959695 0.590612
0.959915 0.295756
0.962578 0.0562179
0.962999 0.12368
0.963773 0.126684
0.963945 0.0278013
0.964295 0.898838
0.964397 0.62485
0.96524 0.794953
0.965781 0.886714
0.968009 0.329457
0.968201 0.554618
0.968586 0.0181892
0.971181 0.640477
0.971187 0.733134
0.971446 0.0980331
0.971497 0.956335
0.97153 0.512321
0.972734 0.734461
0.973264 0.651975
0.973278 0.885123
0.973328 0.724649
0.973905 0.415221
0.974351 0.909846
0.974442 0.438414
0.975253 0.0745477
0.976174 0.556484
0.977382 0.856591
0.978879 0.0114805
0.978968 0.515685
0.979236 0.0269688
0.980105 0.631694
0.981005 0.746745
0.983988 0.879704
0.98442 0.14583
0.985054 0.806112
0.985398 0.58238
0.985416 0.881511
0.985776 0.936992
0.985938 0.6633
0.986019 0.0234451
0.986165 0.466548
0.987315 0.801327
0.987976 0.916994
0.988042 0.020974
0.988065 0.411541
0.98823 0.18073
0.988495 0.636211
0.989625 0.62314
0.990444 0.397777
0.991517 0.423721
0.993812 0.99037
0.993812 0.993775
0.994072 0.359957
0.994559 0.551403
0.995468 0.830597
0.995763 0.788758
0.997359 0.615822
0.997361 0.63855
0.997762 0.387455
0.999077 0.491736
0.999357 0.190117
0.999459 0.9095
