0.000159484 0.680461
0.000673731 0.32341
0.00112554 0.916882
0.00144216 0.238391
0.00224247 0.689282
0.00224803 0.78258
0.0022557 0.911598
0.00509472 0.626976
0.00527007 0.574081
0.00559669 0.0635434
0.00585489 0.403069
0.00589247 0.0347357
0.0061706 0.709223
0.00638792 0.361742
0.00740331 0.427359
0.0081107 0.316608
0.00868365 0.946173
0.00940222 0.0232
0.00943117 0.509742
0.010605 0.237788
0.0111951 0.15577
0.0112663 0.353142
0.0114677 0.737468
0.0117625 0.692225
0.0121466 0.147242
0.0127927 0.00684589
0.012854 0.0371874
0.0134906 0.735991
0.015179 0.114202
0.0155547 0.427789
0.0157826 0.257396
0.0160616 0.947379
0.016597 0.945559
0.0171317 0.932845
0.0182424 0.600184
0.0189226 0.0323725
0.0193226 0.754222
0.0197842 0.513566
0.0213814 0.356941
0.0226557 0.773996
0.0232557 0.859345
0.0241929 0.609388
0.0246743 0.700649
0.0248269 0.26492
0.0250864 0.627088
0.0253033 0.272516
0.0253143 0.457125
0.0256324 0.804226
0.0265162 0.657227
0.0266077 0.1951
0.0271078 0.601372
0.0283223 0.0128014
0.0284657 0.422814
0.0284675 0.453087
0.0290235 0.797983
0.0292294 0.258694
0.0296708 0.676949
0.0296864 0.938491
0.0307032 0.0294344
0.0319246 0.557289
0.0320821 0.203118
0.0327471 0.37987
0.0327999 0.268586
0.033037 0.252669
0.0338791 0.406768
0.0343871 0.943818
0.0354954 0.570812
0.0359145 0.614286
0.0361148 0.980971
0.0362583 0.392799
0.0364874 0.244531
0.0365249 0.87464
0.0377373 0.251031
0.0379068 0.100409
0.0387008 0.444141
0.0400626 0.331348
0.041115 0.0195143
0.0415872 0.956118
0.0420739 0.136114
0.0421502 0.418981
0.0423075 0.0622277
0.0425294 0.791172
0.0427277 0.124407
0.0428063 0.446327
0.0428725 0.558908
0.0429666 0.140062
0.0430573 0.663974
0.0432777 0.368171
0.0442221 0.241589
0.0451372 0.620608
0.0452518 0.546435
0.0454225 0.415793
0.0457965 0.701127
0.0459692 0.604327
0.0461517 0.672451
0.047412 0.853275
0.0475611 0.360093
0.0476841 0.427342
0.0481292 0.906972
0.0482337 0.664258
0.049429 0.753749
0.049569 0.105354
0.0497847 0.730975
0.0500753 0.615271
0.0501952 0.630905
0.0521474 0.440775
0.0521564 0.59216
0.0531855 0.887959
0.053628 0.325796
0.0539584 0.879638
0.0543176 0.916109
0.0549454 0.46697
0.0557449 0.905331
0.0559104 0.685375
0.0561241 0.277945
0.0566888 0.768623
0.0568686 0.790736
0.0580161 0.07689
0.0583403 0.525491
0.0585314 0.736666
0.0588746 0.505506
0.0592657 0.0793667
0.0594147 0.582067
0.0605605 0.840406
0.0610679 0.368676
0.0611732 0.138046
0.0620533 0.92943
0.0621599 0.721465
0.0622768 0.685453
0.0626471 0.910438
0.0633673 0.0146689
0.0643684 0.840494
0.0648262 0.533698
0.065208 0.95154
0.0657448 0.972753
0.0659106 0.758721
0.065918 0.88388
0.0659575 0.54722
0.0661897 0.450152
0.06631 0.472642
0.0665201 0.00252283
0.0674556 0.726912
0.0677937 0.409012
0.0687091 0.793377
0.0698781 0.442056
0.0701147 0.416999
0.0705037 0.955187
0.0710411 0.987325
0.0712082 0.796436
0.0712214 0.0187678
0.0713227 0.721066
0.0717036 0.122339
0.0717776 0.366951
0.072415 0.0794583
0.072782 0.246958
0.0733867 0.40996
0.0737754 0.942795
0.0742438 0.814737
0.0746386 0.450309
0.076481 0.415942
0.0764921 0.603532
0.0766963 0.0344634
0.0769629 0.515021
0.0769815 0.827762
0.0770449 0.894387
0.0770983 0.790491
0.077247 0.289583
0.0777458 0.673793
0.0782265 0.75203
0.0785439 0.0865539
0.0786398 0.699021
0.0793215 0.156144
0.0795514 0.0202577
0.080193 0.803797
0.0802648 0.0106546
0.0805394 0.62624
0.0807597 0.328434
0.0807631 0.385519
0.0813457 0.177591
0.0829129 0.5178
0.083076 0.259001
0.0851369 0.895139
0.0853311 0.159009
0.0862317 0.295786
0.0875853 0.0461256
0.0885324 0.964452
0.0892036 0.244942
0.0897701 0.765728
0.0901487 0.128629
0.0903179 0.973287
0.0907654 0.494749
0.0910698 0.609814
0.0914174 0.451846
0.0925345 0.227298
0.0925761 0.925731
0.0930051 0.136854
0.0932786 0.733453
0.0933902 0.60912
0.0934391 0.431343
0.0935545 0.370076
0.0945561 0.203899
0.0948727 0.525917
0.0950047 0.743651
0.0953356 0.30539
0.0956372 0.375023
0.0959175 0.0848456
0.0960925 0.0258856
0.0968772 0.215736
0.0970375 0.909064
0.0973401 0.994764
0.0978055 0.816281
0.098214 0.683231
0.0985532 0.384357
0.0986549 0.0923295
0.0993106 0.11372
0.0994945 0.204839
0.100039 0.354545
0.100518 0.405281
0.100952 0.703284
0.101511 0.0972828
0.101792 0.812772
0.102095 0.918069
0.103196 0.407491
0.103405 0.92913
0.104043 0.650176
0.104793 0.256132
0.105884 0.590999
0.106765 0.397801
0.108414 0.115741
0.108907 0.398098
0.109013 0.173799
0.109269 0.483202
0.1107 0.526716
0.111298 0.584508
0.111362 0.663185
0.112313 0.642753
0.112479 0.431805
0.113211 0.744038
0.114686 0.532286
0.116928 0.207324
0.117061 0.451629
0.11724 0.450412
0.117643 0.223446
0.118642 0.0220276
0.120067 0.968221
0.121301 0.699224
0.121506 0.147374
0.122467 0.305813
0.122495 0.769823
0.122852 0.774096
0.123276 0.895184
0.123306 0.407193
0.123323 0.693106
0.124944 0.931016
0.125422 0.974981
0.125516 0.544497
0.125561 0.31044
0.12631 0.890985
0.126342 0.427866
0.126692 0.308999
0.126939 0.471759
0.127007 0.609094
0.127101 0.17926
0.127509 0.0455682
0.128474 0.264842
0.129474 0.0760709
0.130025 0.335785
0.131498 0.0902387
0.131693 0.363179
0.132237 0.502015
0.132512 0.130428
0.132719 0.610572
0.133861 0.809282
0.133911 0.635551
0.134023 0.522144
0.134043 0.857402
0.135045 0.700265
0.135648 0.834498
0.137612 0.851265
0.137638 0.281888
0.138073 0.599856
0.138312 0.606042
0.138884 0.215892
0.140183 0.0517593
0.140851 0.279218
0.141051 0.647265
0.141827 0.693079
0.142081 0.950906
0.142235 0.548055
0.142585 0.425549
0.142861 0.0697084
0.143232 0.306495
0.143612 0.689024
0.144192 0.427924
0.144933 0.886494
0.145211 0.568846
0.146927 0.41034
0.147813 0.286342
0.14793 0.261178
0.148362 0.514399
0.150569 0.618933
0.150766 0.929785
0.151007 0.972684
0.151277 0.513363
0.151523 0.640341
0.151815 0.558009
0.15259 0.573621
0.152622 0.123368
0.153199 0.816562
0.153747 0.0231581
0.153965 0.68946
0.154441 0.688573
0.154497 0.626336
0.155197 0.403832
0.155283 0.834508
0.155457 0.770367
0.155559 0.475686
0.156141 0.255994
0.15686 0.34059
0.157044 0.434878
0.15748 0.760226
0.157885 0.568103
0.157909 0.9815
0.157992 0.366438
0.158736 0.879574
0.158975 0.893296
0.160671 0.403241
0.160726 0.31823
0.161932 0.590592
0.162208 0.224711
0.162478 0.76262
0.163347 0.371391
0.163916 0.92875
0.164897 0.424279
0.165094 0.731139
0.166659 0.0388529
0.16743 0.99212
0.167977 0.194874
0.168663 0.727311
0.168764 0.420734
0.168882 0.406338
0.170089 0.692999
0.170554 0.501055
0.172181 0.85438
0.172493 0.0856974
0.173475 0.592567
0.173655 0.618429
0.174495 0.729404
0.175168 0.0559604
0.175481 0.317597
0.175508 0.765328
0.175772 0.20673
0.177678 0.235747
0.177714 0.846658
0.178291 0.538888
0.178532 0.586671
0.178804 0.164917
0.179404 0.243809
0.179766 0.332153
0.180485 0.418634
0.18115 0.580571
0.182394 0.495134
0.183381 0.0848531
0.184134 0.74082
0.185212 0.853739
0.185379 0.666536
0.186176 0.0598797
0.186224 0.8667
0.186653 0.0731896
0.187331 0.477884
0.189245 0.633274
0.191735 0.492876
0.193327 0.245003
0.193458 0.44332
0.19436 0.607263
0.194911 0.872385
0.195721 0.479577
0.195779 0.458741
0.196342 0.91179
0.197055 0.909066
0.198093 0.350107
0.198236 0.747246
0.198241 0.844512
0.198291 0.682606
0.19836 0.831674
0.198605 0.955834
0.199168 0.418133
0.199213 0.167273
0.199238 0.59194
0.199703 0.400176
0.1999 0.725733
0.200288 0.243416
0.20075 0.999011
0.202049 0.845312
0.202728 0.250108
0.203718 0.893673
0.203835 0.848316
0.204843 0.791741
0.205124 0.524769
0.205877 0.170546
0.205881 0.242454
0.205884 0.300534
0.206047 0.0242904
0.20626 0.606294
0.206675 0.594968
0.206758 0.982951
0.207315 0.33637
0.20739 0.610402
0.208315 0.149423
0.208511 0.448386
0.208876 0.581372
0.208905 0.0743314
0.210044 0.214915
0.210433 0.754512
0.211193 0.514217
0.213056 0.840105
0.21465 0.619225
0.215962 0.672963
0.216224 0.0690583
0.216503 0.757609
0.216609 0.546561
0.2171 0.792549
0.217228 0.942859
0.217404 0.904091
0.217578 0.825025
0.217625 0.631321
0.218101 0.6262
0.218289 0.776775
0.218635 0.595125
0.219185 0.849893
0.219372 0.991946
0.219558 0.112499
0.220604 0.687887
0.220825 0.397453
0.220906 0.762708
0.221094 0.929367
0.221457 0.0276815
0.221816 0.0648175
0.221948 0.280619
0.222136 0.441471
0.222171 0.029317
0.222503 0.60458
0.223429 0.176902
0.224022 0.144637
0.224078 0.0821967
0.224298 0.78324
0.225665 0.743976
0.225757 0.302887
0.225972 0.904073
0.226012 0.587707
0.226477 0.407165
0.226991 0.0445419
0.22717 0.0463537
0.227656 0.209163
0.22839 0.544507
0.228408 0.848632
0.228418 0.0228625
0.229166 0.585836
0.229173 0.709227
0.231392 0.0128804
0.231416 0.404888
0.231585 0.25288
0.231884 0.280367
0.232298 0.22717
0.232483 0.336187
0.233196 0.329809
0.234325 0.295207
0.234554 0.148418
0.234938 0.59521
0.235063 0.69936
0.235365 0.787299
0.235891 0.622909
0.236451 0.0378908
0.237185 0.36713
0.237533 0.225371
0.238096 0.677536
0.238898 0.15423
0.239096 0.478395
0.239584 0.696482
0.240456 0.344815
0.240747 0.239231
0.240832 0.663395
0.241194 0.749164
0.241215 0.106485
0.241554 0.805428
0.242024 0.704395
0.242257 0.607131
0.242533 0.25133
0.242539 0.348048
0.242764 0.130446
0.242927 0.871945
0.243243 0.189447
0.243923 0.606006
0.243987 0.68761
0.24478 0.0257238
0.244786 0.124125
0.245354 0.671599
0.246555 0.853152
0.247226 0.127436
0.248041 0.817235
0.248058 0.110505
0.249305 0.0747495
0.249522 0.714614
0.249647 0.821347
0.249761 0.739285
0.249762 0.756675
0.249942 0.767456
0.250645 0.594939
0.251247 0.711742
0.252485 0.515046
0.253127 0.312156
0.253781 0.303752
0.254097 0.611353
0.25464 0.728611
0.254682 0.442392
0.256386 0.0722132
0.256481 0.678787
0.257415 0.371995
0.257602 0.5243
0.258223 0.954886
0.259272 0.58678
0.2601 0.50039
0.260737 0.206237
0.261165 0.397763
0.261522 0.407898
0.261611 0.889508
0.261979 0.0824042
0.262112 0.322155
0.262249 0.614099
0.262263 0.847254
0.262321 0.822123
0.262432 0.702001
0.263729 0.485346
0.264385 0.517474
0.264939 0.83047
0.265035 0.438891
0.265254 0.117801
0.265503 0.302333
0.265795 0.208966
0.266604 0.814702
0.266857 0.0722781
0.26725 0.669109
0.267738 0.876912
0.268342 0.0157544
0.268558 0.656871
0.269309 0.278989
0.270832 0.876554
0.270985 0.44354
0.271293 0.613476
0.271804 0.211407
0.272985 0.0640105
0.273432 0.571643
0.274615 0.457673
0.275243 0.00692956
0.275618 0.318333
0.275771 0.889679
0.276883 0.567567
0.276964 0.928847
0.278007 0.456517
0.27808 0.697521
0.278199 0.69798
0.278344 0.123857
0.278852 0.673007
0.279085 0.586599
0.27928 0.852426
0.279763 0.972229
0.280601 0.0573925
0.281069 0.928959
0.281637 0.467988
0.282256 0.884534
0.282418 0.600597
0.283761 0.177356
0.284825 0.0588406
0.285745 0.516288
0.286476 0.799665
0.28677 0.738338
0.28759 0.519753
0.288223 0.160109
0.288834 0.431303
0.288835 0.450744
0.28907 0.404038
0.289149 0.723556
0.289801 0.691297
0.28994 0.0228744
0.29022 0.720293
0.290256 0.325294
0.290272 0.603569
0.291439 0.220708
0.291865 0.366903
0.293081 0.814826
0.29329 0.318019
0.293532 0.385673
0.296308 0.0438173
0.297072 0.8884
0.29918 0.325096
0.301049 0.726564
0.30115 0.435905
0.301425 0.0536511
0.302371 0.954071
0.302486 0.885979
0.303824 0.361926
0.303982 0.021647
0.304638 0.0531102
0.305418 0.153576
0.305601 0.242409
0.306211 0.480662
0.306314 0.211135
0.307153 0.328817
0.307996 0.481178
0.30829 0.425565
0.308356 0.537081
0.30881 0.169224
0.309133 0.598658
0.309238 0.367182
0.309417 0.378965
0.31009 0.680813
0.310408 0.0282664
0.310413 0.107211
0.311129 0.141083
0.312551 0.0513614
0.312852 0.0956521
0.313666 0.78117
0.313914 0.957078
0.314442 0.820801
0.314733 0.724022
0.314976 0.794195
0.31507 0.386392
0.315137 0.508936
0.315321 0.592737
0.315763 0.0256431
0.316018 0.316474
0.316842 0.166737
0.316864 0.528464
0.317298 0.830912
0.318954 0.655361
0.319508 0.966784
0.319654 0.424099
0.319701 0.217138
0.320782 0.389341
0.325014 0.507324
0.325958 0.375233
0.326777 0.142027
0.327264 0.319245
0.327799 0.321996
0.328815 0.397099
0.328843 0.863754
0.329319 0.869503
0.329387 0.000679796
0.329392 0.0942127
0.330243 0.386094
0.330249 0.496924
0.330764 0.158476
0.330983 0.82632
0.33139 0.669924
0.331577 0.812696
0.33197 0.41949
0.332131 0.118116
0.332284 0.703597
0.333219 0.41137
0.333438 0.0945612
0.333535 0.726273
0.333638 0.451862
0.333955 0.782113
0.334949 0.495692
0.335844 0.528332
0.336785 0.34922
0.337119 0.966956
0.337768 0.862992
0.339126 0.692057
0.339231 0.461959
0.339305 0.703034
0.339416 0.558188
0.33976 0.345202
0.341336 0.832077
0.34203 0.489767
0.342466 0.828115
0.342621 0.426728
0.342754 0.662957
0.345008 0.550121
0.345287 0.24458
0.345558 0.793204
0.345944 0.279456
0.34657 0.80701
0.346665 0.399856
0.347152 0.576784
0.347397 0.693736
0.347669 0.268562
0.347954 0.0554593
0.349029 0.137096
0.35012 0.464762
0.35013 0.641474
0.350247 0.595092
0.35082 0.228664
0.351374 0.544297
0.351525 0.0851438
0.351547 0.453281
0.352295 0.0254036
0.352613 0.369671
0.352849 0.327051
0.354397 0.346599
0.354499 0.069558
0.354956 0.746209
0.356136 0.574488
0.356378 0.642298
0.356393 0.894135
0.356635 0.963886
0.357165 0.877784
0.357395 0.741866
0.358195 0.18522
0.358236 0.872211
0.358385 0.373871
0.359211 0.251409
0.359317 0.0357272
0.359441 0.120085
0.359443 0.161447
0.36032 0.899049
0.360789 0.774724
0.360798 0.936558
0.361292 0.230662
0.36275 0.737349
0.362841 0.269626
0.363381 0.341398
0.363444 0.403585
0.363964 0.1474
0.365122 0.599622
0.365184 0.64186
0.365913 0.905984
0.366675 0.706621
0.367039 0.824283
0.367917 0.589237
0.367967 0.426322
0.368374 0.266232
0.368523 0.765106
0.368912 0.299749
0.369119 0.783782
0.370055 0.518635
0.37017 0.449541
0.370917 0.0105193
0.371219 0.082077
0.371465 0.21267
0.372109 0.0348407
0.373054 0.919013
0.373344 0.798214
0.373403 0.786395
0.374937 0.563896
0.375497 0.97174
0.375921 0.105295
0.376566 0.946374
0.376668 0.661531
0.376874 0.115331
0.377404 0.0306378
0.377559 0.639597
0.37763 0.834097
0.378576 0.732661
0.378697 0.768801
0.378728 0.282618
0.379457 0.539119
0.379605 0.0216277
0.380011 0.842465
0.380491 0.919756
0.381909 0.749954
0.381964 0.661875
0.382658 0.330725
0.382801 0.730415
0.382997 0.0284162
0.383203 0.495639
0.383342 0.835113
0.383973 0.440892
0.384272 0.450997
0.386806 0.0415426
0.387016 0.57471
0.387312 0.551592
0.3876 0.399597
0.388096 0.727801
0.388602 0.240606
0.389139 0.265998
0.389705 0.775499
0.390887 0.644146
0.392011 0.530067
0.392174 0.263247
0.393617 0.524451
0.394355 0.921013
0.394519 0.673602
0.394774 0.974748
0.395656 0.786261
0.397465 0.191267
0.397589 0.283843
0.397913 0.724461
0.397974 0.755374
0.398202 0.574595
0.398985 0.741068
0.399414 0.948411
0.399472 0.933163
0.400498 0.167666
0.401148 0.0894191
0.403074 0.464307
0.403415 0.196864
0.405867 0.405038
0.406199 0.98675
0.406513 0.261144
0.406602 0.7558
0.407178 0.436816
0.40817 0.106606
0.408337 0.91351
0.408801 0.717739
0.409907 0.31338
0.410379 0.244247
0.411637 0.383043
0.411871 0.323902
0.412401 0.228909
0.41253 0.388776
0.412708 0.389437
0.412939 0.266527
0.413577 0.984168
0.414328 0.617141
0.41471 0.0262175
0.41544 0.300187
0.415619 0.300269
0.416557 0.0793097
0.417081 0.888014
0.417187 0.663887
0.417521 0.274987
0.418621 0.759235
0.419062 0.179682
0.419519 0.857437
0.421682 0.215516
0.421779 0.833923
0.422056 0.489603
0.422614 0.87439
0.422653 0.53233
0.423635 0.0295725
0.424408 0.0323963
0.424444 0.62929
0.424878 0.917369
0.425333 0.571559
0.42563 0.558897
0.425968 0.244965
0.426323 0.206506
0.426754 0.459978
0.427366 0.739687
0.427878 0.348278
0.428329 0.932914
0.428363 0.490551
0.430136 0.29673
0.430639 0.745359
0.431173 0.728011
0.431291 0.702338
0.432299 0.65686
0.432686 0.152355
0.432722 0.761912
0.433268 0.931936
0.433373 0.691867
0.43341 0.318869
0.433439 0.810764
0.433595 0.423378
0.433676 0.797845
0.433965 0.65309
0.434967 0.4987
0.435035 0.632953
0.435257 0.365591
0.435855 0.416793
0.436388 0.377031
0.436903 0.0297476
0.437813 0.330143
0.438437 0.805957
0.439274 0.886519
0.439395 0.91693
0.439569 0.842121
0.439772 0.252125
0.440651 0.0141604
0.441647 0.763107
0.441686 0.41268
0.441862 0.379305
0.441925 0.438424
0.442508 0.239503
0.442872 0.341927
0.443541 0.588153
0.443836 0.552138
0.444118 0.288382
0.444476 0.309936
0.4448 0.76101
0.446017 0.202414
0.446305 0.0417716
0.446519 0.653117
0.449468 0.207355
0.449488 0.553272
0.449849 0.607172
0.44994 0.134293
0.451006 0.0552303
0.45111 0.802929
0.451171 0.830445
0.453073 0.796695
0.453731 0.860043
0.454346 0.189997
0.456385 0.459477
0.456805 0.516623
0.45692 0.456091
0.457336 0.449367
0.458713 0.592904
0.459577 0.116955
0.459982 0.922781
0.460117 0.193038
0.460254 0.495869
0.461466 0.866562
0.461719 0.107022
0.462128 0.984358
0.462149 0.334025
0.46219 0.0203973
0.462196 0.136149
0.462791 0.132395
0.463049 0.460745
0.463406 0.459086
0.463802 0.119467
0.464421 0.516047
0.465187 0.39912
0.465362 0.339917
0.465746 0.792485
0.465761 0.0428581
0.467478 0.906923
0.467564 0.341809
0.467831 0.843419
0.467882 0.691555
0.468392 0.26323
0.468558 0.0553338
0.468923 0.1939
0.469868 0.0710906
0.469911 0.798708
0.470254 0.563314
0.470254 0.564754
0.4704 0.00604155
0.470948 0.216708
0.471841 0.232865
0.472168 0.723313
0.472235 0.858333
0.472879 0.681779
0.473029 0.199389
0.473871 0.357549
0.474063 0.578147
0.474368 0.706532
0.474762 0.33322
0.474985 0.0783807
0.475067 0.444873
0.477389 0.472073
0.477795 0.304892
0.478758 0.490927
0.47907 0.73155
0.479071 0.742671
0.479152 0.103231
0.479318 0.896501
0.479572 0.1599
0.479857 0.958419
0.48013 0.546581
0.48018 0.379425
0.480577 0.0602638
0.481125 0.27561
0.481182 0.234035
0.481365 0.304312
0.481371 0.396006
0.481447 0.686684
0.481637 0.870505
0.481726 0.375931
0.48361 0.036459
0.484193 0.830487
0.484419 0.626542
0.484436 0.915273
0.485307 0.553784
0.486378 0.548783
0.486849 0.474782
0.487157 0.650735
0.487455 0.652325
0.488092 0.362438
0.488297 0.807543
0.488494 0.125117
0.488714 0.821574
0.488943 0.664157
0.488965 0.0314957
0.489195 0.906081
0.489679 0.0393531
0.490044 0.17716
0.490459 0.143716
0.490489 0.649159
0.491183 0.314879
0.491283 0.997126
0.491298 0.240126
0.492233 0.952455
0.492899 0.145908
0.493061 0.869438
0.493144 0.269622
0.494109 0.487401
0.49435 0.546094
0.494513 0.2777
0.494575 0.323467
0.494869 0.261311
0.495144 0.882556
0.496216 0.910057
0.496316 0.583304
0.496483 0.395482
0.496525 0.100098
0.496591 0.20616
0.497286 0.877867
0.497369 0.284211
0.498112 0.76302
0.498303 0.97677
0.499542 0.804977
0.502556 0.455384
0.503972 0.248892
0.50587 0.161641
0.505918 0.961809
0.505988 0.14057
0.506216 0.965817
0.50684 0.467639
0.507518 0.855491
0.507636 0.841417
0.507646 0.0140978
0.507937 0.896907
0.508144 0.370727
0.508392 0.547199
0.508599 0.0224039
0.508733 0.269057
0.508943 0.802968
0.509085 0.186802
0.509462 0.531264
0.509773 0.758864
0.510008 0.70855
0.510739 0.998204
0.510794 0.922099
0.512223 0.927311
0.512378 0.533586
0.512778 0.252892
0.512854 0.544877
0.512938 0.954993
0.513657 0.0324033
0.514078 0.116074
0.51444 0.199988
0.514613 0.100683
0.514686 0.333704
0.515033 0.165366
0.515061 0.636616
0.515224 0.367001
0.517093 0.782493
0.518041 0.717005
0.521859 0.891331
0.523407 0.895264
0.524075 0.120626
0.52408 0.211114
0.524559 0.25904
0.524969 0.148515
0.525657 0.715826
0.525669 0.917738
0.526147 0.959607
0.526575 0.153707
0.526962 0.648279
0.528373 0.361716
0.528574 0.742661
0.529232 0.797525
0.529726 0.105912
0.53039 0.26046
0.530925 0.259353
0.531436 0.845858
0.532309 0.521811
0.532764 0.162711
0.534315 0.224341
0.534853 0.27059
0.535461 0.493723
0.536174 0.47915
0.536917 0.959164
0.536989 0.178043
0.537012 0.558772
0.537357 0.358832
0.537893 0.367601
0.538386 0.65719
0.538399 0.866177
0.538549 0.390745
0.539582 0.76224
0.540231 0.660037
0.540253 0.0383558
0.540301 0.837131
0.540321 0.170291
0.541173 0.501657
0.541201 0.963655
0.541342 0.331578
0.541725 0.772038
0.542004 0.467633
0.542333 0.983909
0.543342 0.945005
0.544275 0.631483
0.544323 0.440808
0.544701 0.781967
0.545045 0.579436
0.545193 0.0591583
0.546645 0.454249
0.54666 0.714202
0.546871 0.260087
0.548606 0.417132
0.548916 0.623702
0.549276 0.67898
0.550065 0.950334
0.550685 0.357652
0.550744 0.35092
0.552613 0.764526
0.552751 0.0821645
0.553512 0.872244
0.553559 0.671293
0.554944 0.937101
0.555007 0.997269
0.555651 0.823031
0.555699 0.635181
0.55751 0.0739272
0.558145 0.740948
0.558587 0.172954
0.558707 0.187258
0.558908 0.570957
0.558994 0.011338
0.559181 0.154917
0.55922 0.818053
0.559494 0.409643
0.560081 0.276472
0.560339 0.617023
0.560864 0.436363
0.561587 0.587443
0.562648 0.423347
0.562898 0.621764
0.563263 0.755626
0.563525 0.173541
0.564337 0.804971
0.564571 0.747997
0.565072 0.167832
0.565405 0.764845
0.565539 0.0173286
0.565779 0.0425634
0.566732 0.0716407
0.566972 0.0957798
0.567422 0.659003
0.567652 0.528994
0.568011 0.55533
0.568103 0.100419
0.568503 0.830056
0.568816 0.0984233
0.569611 0.45712
0.570629 0.56057
0.57073 0.258642
0.571317 0.118818
0.571924 0.320263
0.572676 0.973468
0.572794 0.949861
0.572856 0.999322
0.573915 0.792635
0.574078 0.524727
0.574782 0.360154
0.574855 0.586358
0.576109 0.663702
0.576595 0.832709
0.576673 0.146005
0.576921 0.309916
0.577219 0.324458
0.577561 0.0701481
0.578021 0.792481
0.578606 0.629586
0.57865 0.377231
0.579083 0.655575
0.579588 0.127909
0.579624 0.74548
0.579691 0.872962
0.580888 0.980126
0.581276 0.502888
0.581706 0.72694
0.582186 0.795386
0.582441 0.0899971
0.582901 0.811556
0.58313 0.662935
0.583196 0.781558
0.583403 0.250002
0.583972 0.81755
0.584022 0.660544
0.584104 0.0346746
0.584374 0.572944
0.585143 0.504704
0.585408 0.958957
0.585606 0.279411
0.585845 0.290293
0.588068 0.661198
0.588288 0.354375
0.589451 0.900349
0.590777 0.197206
0.591487 0.130126
0.592869 0.353037
0.593279 0.248186
0.595303 0.263434
0.595442 0.59055
0.596278 0.638695
0.596309 0.171271
0.596552 0.254844
0.596851 0.268377
0.597401 0.523121
0.597843 0.952521
0.598503 0.0444354
0.599701 0.169138
0.599938 0.157784
0.600971 0.52395
0.601151 0.538683
0.601416 0.998273
0.601534 0.985795
0.601661 0.116446
0.60253 0.726775
0.60254 0.89062
0.603741 0.0720715
0.604388 0.957612
0.604665 0.599299
0.605422 0.331494
0.605631 0.831791
0.606043 0.763434
0.60741 0.733687
0.609005 0.547892
0.609093 0.0275615
0.6091 0.141153
0.609211 0.00501106
0.609256 0.758636
0.610689 0.84525
0.611504 0.55114
0.611873 0.753991
0.611956 0.14134
0.612057 0.839404
0.612939 0.669748
0.613205 0.132109
0.613391 0.260543
0.615179 0.317848
0.615738 0.706947
0.616786 0.319049
0.617743 0.407004
0.618081 0.0807222
0.618192 0.949002
0.618584 0.542601
0.619344 0.307589
0.620825 0.197337
0.621406 0.9669
0.621896 0.209178
0.622693 0.604784
0.622976 0.353512
0.623205 0.203866
0.623555 0.0819938
0.624488 0.773168
0.624953 0.577232
0.625683 0.859756
0.626206 0.645888
0.626411 0.0898038
0.626491 0.433184
0.627818 0.739847
0.627985 0.548645
0.628169 0.636508
0.628596 0.808945
0.628679 0.214678
0.628788 0.0342542
0.628868 0.377314
0.628968 0.0714802
0.629005 0.685263
0.6291 0.286139
0.630076 0.683322
0.630741 0.856349
0.630782 0.552801
0.630963 0.591601
0.631586 0.0707256
0.63286 0.485942
0.63341 0.713043
0.633647 0.708671
0.633789 0.0990708
0.633812 0.477069
0.634335 0.269564
0.634348 0.479937
0.634484 0.772523
0.635193 0.69091
0.635755 0.135005
0.635848 0.703527
0.63622 0.94256
0.636707 0.128848
0.636748 0.816449
0.636814 0.934485
0.637409 0.93981
0.639707 0.55024
0.641076 0.564704
0.641648 0.175884
0.642053 0.990695
0.642482 0.201341
0.643042 0.601515
0.64312 0.915272
0.643329 0.42543
0.644372 0.953837
0.644465 0.530701
0.64468 0.134204
0.644962 0.86825
0.645778 0.583344
0.646145 0.76227
0.646152 0.878742
0.646493 0.602941
0.646695 0.0110976
0.647044 0.873846
0.647735 0.48461
0.64792 0.592617
0.64827 0.46864
0.648316 0.240852
0.648494 0.246843
0.64873 0.204521
0.649429 0.949232
0.649495 0.0680741
0.64951 0.310089
0.649624 0.229021
0.650072 0.766965
0.650102 0.266436
0.650568 0.0987375
0.65119 0.550415
0.651282 0.0895413
0.65173 0.626664
0.651991 0.0158715
0.652901 0.314389
0.653138 0.289628
0.653345 0.766571
0.654142 0.173431
0.654304 0.89502
0.654852 0.0947527
0.654886 0.671932
0.655213 0.157638
0.65554 0.667668
0.655759 0.344418
0.655778 0.656056
0.656429 0.601491
0.656925 0.939228
0.657041 0.888706
0.657803 0.702398
0.657924 0.729028
0.658887 0.908254
0.661942 0.266424
0.661948 0.362124
0.663074 0.287334
0.663357 0.0459152
0.663571 0.643627
0.664323 0.282603
0.664534 0.825099
0.66488 0.631874
0.665931 0.299605
0.667355 0.232525
0.668175 0.0183455
0.668353 0.00258702
0.669249 0.0658669
0.669412 0.802388
0.669856 0.265966
0.673156 0.730991
0.673363 0.208944
0.673567 0.637222
0.673841 0.237875
0.67493 0.545756
0.67498 0.386222
0.675367 0.889974
0.676518 0.23254
0.677224 0.0976059
0.677705 0.18763
0.67771 0.267247
0.67772 0.440625
0.678236 0.1174
0.678457 0.834972
0.679967 0.204352
0.680292 0.659456
0.680498 0.130514
0.68186 0.0180026
0.683819 0.952687
0.683858 0.604412
0.683957 0.258132
0.684732 0.298006
0.684789 0.255194
0.684961 0.143414
0.685054 0.704876
0.685606 0.971705
0.686219 0.285732
0.686261 0.992696
0.686375 0.906024
0.686537 0.626204
0.686572 0.215037
0.687776 0.446115
0.687868 0.00110513
0.688074 0.451337
0.68884 0.333705
0.689407 0.858897
0.689432 0.283971
0.689679 0.435867
0.690169 0.66902
0.690414 0.796146
0.691444 0.101415
0.691498 0.00269159
0.693258 0.58787
0.693628 0.810569
0.693752 0.881607
0.69391 0.538902
0.694098 0.708331
0.694698 0.795323
0.694952 0.064819
0.695024 0.266182
0.695487 0.0559085
0.695527 0.728327
0.696225 0.457213
0.696332 0.251009
0.696989 0.295073
0.697019 0.797181
0.697186 0.608789
0.698227 0.101076
0.698771 0.244819
0.698811 0.921847
0.699179 0.108936
0.699634 0.747324
0.699816 0.807043
0.699905 0.304908
0.699908 0.355185
0.700724 0.0736756
0.701266 0.185479
0.701498 0.0815082
0.701788 0.954581
0.701921 0.189675
0.701931 0.355414
0.702341 0.242353
0.704488 0.327018
0.70465 0.0607375
0.705833 0.937908
0.706058 0.715242
0.706576 0.42722
0.707317 0.870231
0.707918 0.975287
0.708656 0.381327
0.708851 0.660247
0.709587 0.0317721
0.709749 0.743171
0.709852 0.47409
0.71082 0.752202
0.711156 0.398575
0.71186 0.225425
0.712162 0.314967
0.712618 0.967982
0.713349 0.25305
0.713522 0.164131
0.713741 0.841272
0.714041 0.887715
0.714049 0.0250989
0.71409 0.712544
0.715196 0.296743
0.715327 0.506745
0.716939 0.588471
0.717736 0.982082
0.718446 0.924432
0.719865 0.77415
0.720452 0.634859
0.72117 0.707284
0.72121 0.384476
0.721352 0.767378
0.7215 0.252415
0.721547 0.0424792
0.72203 0.156546
0.72333 0.00140591
0.723528 0.338922
0.723819 0.223883
0.72383 0.40976
0.724492 0.532877
0.724717 0.316144
0.725836 0.133757
0.726085 0.316943
0.726667 0.083681
0.727226 0.485991
0.728165 0.269814
0.728653 0.469892
0.729526 0.137878
0.729664 0.46699
0.730178 0.0943722
0.730434 0.409128
0.730554 0.412999
0.731053 0.810662
0.734645 0.179581
0.735164 0.903908
0.73527 0.684243
0.73535 0.0332038
0.735936 0.867851
0.736344 0.72843
0.736388 0.479206
0.736581 0.72171
0.737106 0.542247
0.737267 0.24056
0.737312 0.00995501
0.738602 0.688247
0.739215 0.990715
0.74044 0.578503
0.742183 0.873574
0.742298 0.810686
0.742449 0.334651
0.742512 0.406371
0.742661 0.91192
0.742841 0.924932
0.744213 0.987763
0.74456 0.828402
0.745213 0.789451
0.745308 0.387886
0.746037 0.638321
0.746039 0.677398
0.746064 0.106166
0.74801 0.798961
0.748352 0.547523
0.748585 0.469465
0.749878 0.198331
0.750114 0.169752
0.750608 0.474789
0.75115 0.583494
0.751875 0.764087
0.751948 0.9953
0.752194 0.126911
0.752319 0.228541
0.75255 0.103933
0.752804 0.371941
0.753037 0.298932
0.75391 0.966064
0.754568 0.0265083
0.756203 0.49989
0.758228 0.53565
0.758411 0.618551
0.759531 0.439991
0.759716 0.544179
0.75995 0.471209
0.761016 0.398016
0.761032 0.664168
0.761231 0.0145974
0.761727 0.350784
0.761836 0.184667
0.761934 0.824988
0.76278 0.050126
0.763019 0.0634882
0.763753 0.395584
0.764067 0.682383
0.764162 0.27393
0.764501 0.973569
0.764794 0.887684
0.764873 0.224037
0.765265 0.814802
0.765583 0.145804
0.765855 0.718345
0.765961 0.507852
0.766107 0.963672
0.766134 0.409431
0.766247 0.315794
0.767162 0.693302
0.767818 0.709668
0.767955 0.0190187
0.768845 0.981385
0.768945 0.657426
0.770502 0.82929
0.770507 0.906145
0.770751 0.00919717
0.771967 0.440772
0.773019 0.128483
0.774335 0.245482
0.774711 0.570433
0.776098 0.871561
0.776476 0.231449
0.776955 0.283656
0.777098 0.68542
0.777564 0.511695
0.777915 0.409851
0.778 0.84163
0.778241 0.899728
0.778388 0.373604
0.778913 0.183474
0.779454 0.282262
0.779593 0.61805
0.779765 0.516146
0.779949 0.602757
0.780448 0.995857
0.780654 0.451035
0.781331 0.832055
0.78159 0.190302
0.782355 0.0371537
0.782832 0.0593622
0.783519 0.610488
0.78368 0.312214
0.783744 0.385209
0.784303 0.78712
0.785447 0.00290729
0.785992 0.175146
0.786586 0.156702
0.786801 0.756472
0.78705 0.951507
0.787574 0.747845
0.7876 0.187773
0.788065 0.00147957
0.788392 0.4966
0.789 0.727269
0.789884 0.579089
0.790185 0.644487
0.792196 0.433647
0.792475 0.135401
0.793462 0.714179
0.79373 0.218019
0.794203 0.173093
0.79429 0.630981
0.794573 0.39598
0.795831 0.53372
0.796248 0.539307
0.796969 0.658541
0.797275 0.794189
0.798533 0.944811
0.800613 0.909061
0.800859 0.0296054
0.80141 0.296387
0.802869 0.822913
0.802972 0.556383
0.803483 0.14616
0.803751 0.648741
0.804174 0.750967
0.804216 0.46528
0.804364 0.951483
0.804571 0.423965
0.805174 0.555888
0.805624 0.123354
0.805963 0.820856
0.806733 0.760224
0.806735 0.795904
0.807074 0.491482
0.807619 0.660027
0.807777 0.304901
0.808651 0.997094
0.809159 0.52811
0.809519 0.588185
0.812004 0.350216
0.812034 0.853264
0.812699 0.0327079
0.813251 0.302111
0.813567 0.624026
0.813756 0.793808
0.813848 0.349486
0.814012 0.101598
0.814214 0.499956
0.81434 0.604897
0.814444 0.366801
0.814956 0.972356
0.814972 0.235846
0.814982 0.409497
0.815 0.708238
0.815146 0.151184
0.816154 0.107577
0.816875 0.224737
0.817494 0.614767
0.817677 0.703866
0.817926 0.876221
0.817957 0.40814
0.818226 0.919439
0.819081 0.287863
0.819689 0.508287
0.820099 0.406981
0.8203 0.774903
0.820417 0.741888
0.820423 0.852232
0.820664 0.906652
0.82121 0.0697021
0.821861 0.0130169
0.82218 0.383965
0.822608 0.564431
0.8235 0.561359
0.824481 0.0594552
0.825816 0.488648
0.82604 0.253429
0.826389 0.128488
0.826508 0.113373
0.82746 0.126399
0.828366 0.347004
0.82837 0.416549
0.828391 0.766435
0.828414 0.147681
0.828674 0.519506
0.82936 0.0608887
0.829611 0.274708
0.829928 0.603565
0.830245 0.931303
0.831041 0.298186
0.831396 0.280577
0.831464 0.423477
0.833139 0.574403
0.83364 0.982671
0.834157 0.676656
0.836256 0.957451
0.836513 0.27979
0.836559 0.0459058
0.836834 0.661037
0.837301 0.523416
0.837497 0.808433
0.838328 0.780145
0.839297 0.0665927
0.839619 0.469762
0.839765 0.925168
0.839769 0.00181896
0.84069 0.480163
0.841783 0.851187
0.842151 0.0381666
0.84266 0.580226
0.843589 0.196486
0.843954 0.342651
0.844081 0.476628
0.84426 0.473924
0.844423 0.223069
0.845218 0.585945
0.845493 0.20535
0.84573 0.192165
0.846101 0.426995
0.847641 0.308376
0.848531 0.256334
0.848688 0.907094
0.848717 0.393158
0.849192 0.37071
0.849437 0.491692
0.850115 0.888913
0.850757 0.669173
0.851378 0.113745
0.853071 0.556571
0.853248 0.54377
0.853815 0.0700193
0.854486 0.353429
0.855045 0.738114
0.855095 0.586767
0.855639 0.725696
0.855673 0.302437
0.856566 0.308037
0.856812 0.438458
0.85694 0.59359
0.858464 0.198973
0.859524 0.0212047
0.860428 0.220695
0.86097 0.32918
0.861509 0.388672
0.86174 0.269901
0.861907 0.0738781
0.862059 0.632984
0.862171 0.503501
0.862817 0.370368
0.863469 0.320226
0.863577 0.144834
0.863595 0.433737
0.864317 0.567544
0.864547 0.442059
0.86477 0.188878
0.865134 0.30265
0.86661 0.120575
0.866868 0.449286
0.867099 0.328081
0.868223 0.222909
0.868271 0.0227011
0.868737 0.856028
0.868822 0.282705
0.869255 0.575996
0.86941 0.177067
0.869654 0.280479
0.869938 0.0534687
0.870131 0.289547
0.870335 0.717466
0.870493 0.368539
0.870568 0.638437
0.870913 0.440164
0.871805 0.425838
0.871926 0.455012
0.87277 0.641535
0.873196 0.810528
0.873333 0.110573
0.873405 0.324912
0.87406 0.318551
0.875029 0.619438
0.875179 0.137783
0.875294 0.0632502
0.875403 0.894088
0.876473 0.874788
0.876632 0.548433
0.876889 0.880915
0.877081 0.094923
0.877612 0.0320106
0.877757 0.465057
0.880112 0.0476314
0.880278 0.83774
0.880566 0.667549
0.881059 0.954938
0.881956 0.0381205
0.8826 0.854014
0.882876 0.50071
0.882929 0.389151
0.886876 0.731421
0.88706 0.812154
0.8872 0.171358
0.887244 0.914667
0.887493 0.0926258
0.887777 0.866304
0.888108 0.427581
0.888168 0.444626
0.8884 0.344717
0.888741 0.0728443
0.889862 0.902384
0.889977 0.837618
0.891326 0.51018
0.89154 0.111061
0.892616 0.198528
0.892834 0.854241
0.893242 0.713005
0.893609 0.880372
0.894044 0.201697
0.895056 0.200845
0.895094 0.838796
0.895471 0.174023
0.895571 0.864605
0.896728 0.303193
0.896826 0.949235
0.897164 0.6378
0.89753 0.790508
0.898085 0.11713
0.898902 0.854216
0.901227 0.921534
0.901548 0.319263
0.901685 0.620928
0.902154 0.508883
0.904324 0.972415
0.904359 0.559369
0.904624 0.0100216
0.905352 0.250471
0.906204 0.565464
0.907097 0.575297
0.907687 0.492121
0.908054 0.668997
0.908798 0.167435
0.909987 0.156929
0.910104 0.119735
0.910629 0.946667
0.910916 0.771021
0.91097 0.66977
0.911052 0.0435871
0.911381 0.582449
0.911398 0.864089
0.913594 0.768934
0.913657 0.838071
0.913667 0.995342
0.913707 0.668684
0.913943 0.63148
0.914061 0.631039
0.914485 0.747142
0.914554 0.901218
0.915065 0.50257
0.916257 0.532761
0.917011 0.212622
0.917283 0.775896
0.917409 0.890933
0.917691 0.626951
0.918309 0.0237975
0.918639 0.559052
0.919478 0.661308
0.919928 0.225494
0.921275 0.867635
0.922622 0.511105
0.922898 0.148691
0.92438 0.0471575
0.924422 0.755984
0.925311 0.694801
0.928687 0.450496
0.928799 0.319449
0.929283 0.466457
0.92929 0.569146
0.929336 0.341899
0.930489 0.732362
0.931142 0.697607
0.933128 0.0771732
0.933367 0.102651
0.933463 0.705029
0.934315 0.0354322
0.934361 0.808959
0.935055 0.475971
0.93508 0.892271
0.935215 0.160556
0.935292 0.450506
0.936264 0.795307
0.936562 0.794025
0.936562 0.79404
0.936909 0.630344
0.93734 0.873046
0.937984 0.690771
0.938186 0.0847934
0.938634 0.628599
0.940953 0.595168
0.941255 0.678521
0.941461 0.139873
0.942591 0.125174
0.943825 0.868558
0.943865 0.533956
0.943893 0.0172894
0.943943 0.856088
0.946098 0.06369
0.946192 0.641056
0.947591 0.159859
0.948356 0.017746
0.950117 0.621223
0.950431 0.901024
0.951038 0.0894388
0.951095 0.0496951
0.95133 0.99723
0.95136 0.49915
0.951924 0.990705
0.952035 0.856637
0.953359 0.107098
0.953523 0.86551
0.953997 0.824333
0.954206 0.332683
0.954451 0.46204
0.954737 0.27013
0.955131 0.881714
0.955282 0.428931
0.955686 0.207287
0.955828 0.602806
0.956534 0.471095
0.956566 0.0111462
0.95721 0.823768
0.957765 0.154843
0.957862 0.793755
0.95848 0.179066
0.958775 0.129565
0.958795 0.462835
0.959749 0.505906
0.960857 0.127492
0.961044 0.272252
0.961242 0.602787
0.962003 0.387725
0.962492 0.604215
0.963266 0.611688
0.963697 0.85662
0.964183 0.01788
0.964188 0.102146
0.965194 0.0227568
0.966642 0.355667
0.966795 0.924125
0.968041 0.859334
0.968285 0.960265
0.96881 0.788253
0.969319 0.336331
0.969402 0.739873
0.970455 0.434722
0.970655 0.795921
0.97135 0.477975
0.971818 0.353079
0.972814 0.0849326
0.973017 0.496024
0.973522 0.979582
0.973893 0.219045
0.973962 0.380877
0.974356 0.994981
0.974606 0.196959
0.975379 0.187268
0.975644 0.657064
0.975926 0.393419
0.976479 0.683374
0.97765 0.361034
0.97789 0.398047
0.978051 0.101761
0.978239 0.259333
0.978733 0.56297
0.978941 0.0655124
0.979025 0.472044
0.979566 0.562262
0.98066 0.956108
0.981033 0.221125
0.981559 0.0636543
0.981781 0.79774
0.983672 0.56945
0.983692 0.911212
0.984431 0.33857
0.984772 0.0649056
0.985611 0.17124
0.986026 0.14711
0.986448 0.237487
0.986699 0.453349
0.98719 0.697771
0.987439 0.880911
0.987661 0.615654
0.987898 0.601648
0.98808 0.661375
0.988346 0.138817
0.988388 0.835364
0.988908 0.569529
0.98893 0.938566
0.989087 0.576788
0.989234 0.0505548
0.989879 0.898231
0.990312 0.166643
0.990427 0.101282
0.991499 0.120097
0.992924 0.075799
0.993575 0.0134005
0.993605 0.51259
0.993675 0.697612
0.994122 0.214018
0.99439 0.716285
0.995665 0.137606
0.996041 0.455247
0.996773 0.771972
0.997251 0.799729
0.997269 0.1079
0.997577 0.284175
0.997674 0.907231
0.998276 0.0241748
0.99881 0.998845
0.99929 0.0606311
