0.00293558 0.338293
0.0107786 0.156124
0.0130727 0.713656
0.0199715 0.660612
0.0278053 0.323778
0.0281582 0.255259
0.0335223 0.40953
0.0405263 0.125966
0.0411018 0.798224
0.0434619 0.464149
0.0451653 0.0938141
0.0453535 0.256865
0.0485632 0.201101
0.0494218 0.63219
0.0528805 0.76229
0.0563235 0.628578
0.0578907 0.969523
0.0636441 0.666052
0.0650543 0.367163
0.0694178 0.705518
0.0701981 0.818733
0.0729332 0.788791
0.0781741 0.872769
0.0848253 0.659133
0.0856599 0.686562
0.0956598 0.754359
0.10023 0.558011
0.101037 0.136355
0.103511 0.707751
0.106714 0.550033
0.107581 0.105624
0.112354 0.327427
0.116214 0.212169
0.117971 0.734274
0.125547 0.0703744
0.128986 0.872925
0.129472 0.0439359
0.1327 0.282498
0.141515 0.450523
0.149943 0.0858144
0.152849 0.931077
0.162191 0.951054
0.165047 0.93796
0.167508 0.309102
0.16771 0.70314
0.169215 0.990226
0.175013 0.440309
0.175666 0.412081
0.182936 0.605928
0.18353 0.58357
0.18524 0.320707
0.193986 0.330335
0.195113 0.257454
0.196588 0.0576763
0.200954 0.439366
0.202315 0.314607
0.202871 0.655918
0.206248 0.418516
0.208775 0.885257
0.212334 0.693064
0.212676 0.43808
0.213905 0.108649
0.217603 0.254599
0.218255 0.209591
0.220869 0.147102
0.2234 0.678801
0.224566 0.278902
0.228521 0.746918
0.239106 0.662361
0.241223 0.242828
0.241334 0.106545
0.243421 0.183635
0.24374 0.537498
0.255051 0.634232
0.26056 0.230362
0.270405 0.696917
0.281494 0.0630077
0.282537 0.603341
0.283962 0.541888
0.285535 0.987777
0.285806 0.543655
0.28909 0.742161
0.289554 0.526135
0.302388 0.234795
0.303501 0.938299
0.304105 0.0936392
0.306853 0.280331
0.31508 0.547529
0.319529 0.316231
0.31985 0.722687
0.320737 0.619234
0.32129 0.923707
0.324445 0.953745
0.336909 0.433852
0.336916 0.554018
0.341462 0.953164
0.341646 0.0365891
0.346272 0.785831
0.348641 0.607759
0.349995 0.365417
0.350808 0.0307898
0.351766 0.135532
0.352322 0.481963
0.354508 0.223659
0.356765 0.148014
0.358069 0.0616994
0.359567 0.249429
0.361124 0.407432
0.361604 0.476043
0.364896 0.801047
0.36584 0.667046
0.37568 0.0596963
0.377052 0.105215
0.387697 0.0281005
0.394904 0.145587
0.400466 0.632679
0.403482 0.322108
0.405634 0.484966
0.410815 0.568695
0.41263 0.0702557
0.41765 0.442218
0.421133 0.979054
0.421943 0.60067
0.424969 0.456198
0.425599 0.0419338
0.425878 0.728692
0.429922 0.695661
0.433908 0.691206
0.437631 0.264711
0.438095 0.0666069
0.43852 0.213326
0.445796 0.49983
0.449837 0.413971
0.453763 0.399264
0.455554 0.496013
0.460241 0.271832
0.461632 0.64472
0.461969 0.304805
0.464045 0.198156
0.466529 0.958473
0.46744 0.264706
0.477046 0.703624
0.479641 0.331836
0.482177 0.941627
0.482307 0.142011
0.484599 0.656975
0.487836 0.0646967
0.489474 0.583526
0.490614 0.746039
0.490988 0.0403728
0.492127 0.170258
0.494041 0.350418
0.500217 0.147726
0.503262 0.320473
0.503516 0.588059
0.504058 0.706937
0.506479 0.394157
0.508839 0.0530075
0.510557 0.933108
0.511224 0.143584
0.513687 0.53153
0.51551 0.169433
0.516479 0.45657
0.518637 0.735282
0.520127 0.769512
0.527287 0.10455
0.530827 0.60424
0.532256 0.629034
0.546097 0.258946
0.555936 0.617168
0.561932 0.383261
0.565144 0.378407
0.566979 0.22353
0.569533 0.136725
0.579599 0.313801
0.584862 0.77688
0.590458 0.829029
0.593715 0.571805
0.593922 0.0448423
0.597084 0.185099
0.600993 0.893214
0.603375 0.916468
0.606762 0.84835
0.60818 0.673008
0.613647 0.558167
0.613889 0.626486
0.626571 0.774992
0.635114 0.366884
0.635294 0.394561
0.637277 0.70913
0.638344 0.650698
0.649207 0.222526
0.658086 0.445342
0.658354 0.96136
0.66485 0.127128
0.667289 0.122206
0.671726 0.706127
0.673226 0.914189
0.674174 0.842064
0.674597 0.945386
0.675973 0.0765102
0.676949 0.483953
0.682796 0.752394
0.685611 0.0677029
0.693581 0.0238157
0.695223 0.608332
0.702009 0.670839
0.707211 0.0994212
0.71459 0.112789
0.715413 0.953739
0.723202 0.860064
0.723719 0.544
0.731717 0.964851
0.733856 0.912593
0.737117 0.733579
0.740732 0.477858
0.744417 0.413028
0.744481 0.495579
0.744576 0.0832209
0.745519 0.942889
0.748162 0.355891
0.751994 0.761971
0.752942 0.702297
0.75471 0.404793
0.761421 0.194983
0.762561 0.355595
0.767748 0.536488
0.775821 0.226791
0.779462 0.425539
0.780179 0.469414
0.780572 0.0801445
0.782304 0.187233
0.782563 0.535815
0.787567 0.632852
0.789756 0.430069
0.793583 0.744041
0.796123 0.435524
0.801555 0.74273
0.801942 0.237653
0.804071 0.013983
0.80586 0.0912053
0.809542 0.967663
0.812906 0.506434
0.817963 0.506439
0.825985 0.330919
0.826003 0.625292
0.829604 0.161977
0.831746 0.14889
0.83223 0.281725
0.833329 0.768329
0.843616 0.652982
0.850257 0.264999
0.858691 0.0259112
0.861121 0.860235
0.861175 0.771867
0.861818 0.574964
0.86533 0.59583
0.876172 0.82163
0.878945 0.426501
0.879041 0.0467551
0.88316 0.269042
0.88825 0.814381
0.893482 0.746841
0.894302 0.531143
0.89784 0.991655
0.898822 0.499346
0.903755 0.412536
0.904085 0.959874
0.906973 0.503744
0.907336 0.592768
0.908591 0.692519
0.917395 0.654945
0.921676 0.606545
0.923745 0.383268
0.92573 0.75165
0.930326 0.989204
0.935144 0.967379
0.938331 0.522567
0.942564 0.675384
0.945317 0.94808
0.948797 0.425772
0.950059 0.634513
0.952237 0.254525
0.955796 0.0585129
0.956168 0.322903
0.956436 0.816656
0.96066 0.811655
0.961025 0.948694
0.970583 0.589596
0.972624 0.885654
0.976069 0.787474
0.976782 0.775843
0.977817 0.165081
0.98085 0.140329
0.981757 0.387709
0.987757 0.236527
0.988521 0.0758263
0.990444 0.390068
0.992489 0.760453
0.99899 0.0204884
