0.00113447 0.0670312
0.00194381 0.669652
0.00466905 0.472649
0.00687644 0.5723
0.0096222 0.720393
0.0106868 0.612905
0.0113367 0.535441
0.0116585 0.944409
0.0129914 0.34624
0.0133692 0.695594
0.0140503 0.14259
0.0167506 0.527377
0.0169778 0.346637
0.0172906 0.603734
0.0227288 0.00322088
0.0228036 0.259314
0.0231312 0.766566
0.0245077 0.900343
0.0249417 0.19455
0.0275364 0.803855
0.0275733 0.424345
0.0285938 0.576115
0.0287526 0.244187
0.0294098 0.291138
0.0294804 0.476332
0.0307662 0.0872856
0.0313292 0.549703
0.0314797 0.0798426
0.0316569 0.0577839
0.0321271 0.96075
0.0323783 0.181589
0.0333174 0.96585
0.0341821 0.49786
0.0356558 0.267262
0.0357382 0.651348
0.035794 0.589784
0.0368054 0.588228
0.038707 0.548396
0.0399033 0.655356
0.040198 0.608509
0.044622 0.961944
0.0459742 0.687756
0.0464181 0.149463
0.0475406 0.0146915
0.0490238 0.943188
0.0501817 0.40398
0.0505967 0.378441
0.0520236 0.361183
0.052373 0.232972
0.0533228 0.197106
0.053793 0.0988819
0.0554485 0.922243
0.0560996 0.866105
0.0562754 0.820912
0.0577671 0.892201
0.0585885 0.697353
0.0592002 0.977359
0.0608707 0.053324
0.0616372 0.935723
0.0626114 0.309678
0.0630321 0.379973
0.0636379 0.56283
0.0688798 0.662626
0.0698183 0.436117
0.0710851 0.726902
0.0721315 0.313841
0.0732409 0.959195
0.0735594 0.313622
0.0738492 0.184034
0.0774001 0.863817
0.0787759 0.985901
0.0795623 0.204232
0.0800052 0.647728
0.081143 0.770678
0.0813798 0.751045
0.082078 0.485214
0.0855954 0.602023
0.0860345 0.982625
0.0878778 0.962314
0.0880492 0.843717
0.0881839 0.10654
0.0891755 0.772026
0.0901943 0.89523
0.0903428 0.392256
0.0905843 0.450119
0.0916686 0.674885
0.0917224 0.578666
0.0919271 0.0188326
0.0926193 0.653098
0.0930337 0.617088
0.0943964 0.52023
0.0946651 0.0364438
0.0953179 0.00737776
0.0957281 0.902464
0.0996848 0.403022
0.100076 0.983621
0.100748 0.273252
0.102242 0.377287
0.104469 0.803579
0.10709 0.86272
0.107597 0.386113
0.108212 0.713328
0.108479 0.205124
0.109738 0.3602
0.110136 0.0526219
0.110775 0.794494
0.111131 0.776532
0.11438 0.382989
0.117427 0.59954
0.117507 0.943992
0.12001 0.000999059
0.120083 0.233629
0.120176 0.79254
0.121706 0.509715
0.122737 0.840928
0.123553 0.557814
0.124077 0.355115
0.125241 0.924732
0.126032 0.219683
0.12607 0.854394
0.126758 0.418363
0.128387 0.803267
0.128659 0.379056
0.128704 0.130552
0.1288 0.737078
0.129031 0.626283
0.12969 0.704728
0.131945 0.602246
0.132218 0.19447
0.132553 0.814805
0.133274 0.942273
0.133404 0.12932
0.134912 0.46608
0.135665 0.115817
0.136232 0.648671
0.137224 0.323353
0.137341 0.296005
0.137562 0.00777061
0.139441 0.58422
0.1407 0.750479
0.140763 0.808745
0.141072 0.994286
0.144373 0.476013
0.144821 0.998891
0.145809 0.61947
0.146054 0.722639
0.148091 0.970847
0.149113 0.134889
0.149824 0.0957252
0.151418 0.883376
0.151587 0.729404
0.152 0.659247
0.15333 0.021782
0.156343 0.663024
0.157194 0.955289
0.158032 0.0441159
0.158737 0.896643
0.161788 0.168355
0.162497 0.0885567
0.163249 0.720238
0.163973 0.891855
0.164223 0.10216
0.164715 0.368222
0.165527 0.0200791
0.16554 0.229701
0.166664 0.113626
0.167439 0.153249
0.168673 0.886444
0.170258 0.518029
0.171382 0.417247
0.172655 0.808209
0.172736 0.174874
0.172808 0.386466
0.173841 0.737636
0.174534 0.391468
0.174589 0.316631
0.177759 0.593106
0.180633 0.895946
0.181527 0.927381
0.181666 0.25261
0.181696 0.771976
0.18409 0.00372473
0.18443 0.71573
0.184507 0.0125436
0.185561 0.731749
0.186324 0.540228
0.189937 0.272619
0.190346 0.147951
0.191368 0.327834
0.191832 0.12728
0.193336 0.391825
0.193919 0.1953
0.195174 0.283757
0.196173 0.0862909
0.197045 0.735681
0.197277 0.641963
0.198935 0.497686
0.19907 0.762966
0.199756 0.295708
0.200385 0.868773
0.204085 0.0532445
0.204208 0.115563
0.204719 0.710138
0.204805 0.154181
0.207037 0.662971
0.207855 0.42057
0.208165 0.630326
0.209169 0.496997
0.210682 0.940484
0.211051 0.142092
0.212151 0.625996
0.213851 0.187665
0.214124 0.783074
0.214391 0.267913
0.214458 0.400419
0.214757 0.414117
0.215324 0.951534
0.21562 0.917843
0.216185 0.425653
0.216273 0.900195
0.216663 0.461033
0.216906 0.544762
0.218792 0.238239
0.220331 0.108819
0.223214 0.559938
0.224555 0.10237
0.224881 0.567696
0.224932 0.430232
0.22616 0.0689317
0.226308 0.560832
0.226417 0.382826
0.226631 0.995212
0.227202 0.586663
0.227976 0.586481
0.228468 0.865457
0.228829 0.921361
0.228907 0.234978
0.22899 0.639576
0.230175 0.557216
0.231887 0.331826
0.232984 0.76712
0.233982 0.540556
0.234073 0.0586053
0.235332 0.218541
0.237025 0.671204
0.237396 0.909048
0.239023 0.265675
0.2412 0.853795
0.245302 0.782484
0.24663 0.10739
0.246886 0.418913
0.247294 0.278194
0.247699 0.0798958
0.25001 0.910693
0.250585 0.584438
0.251563 0.0238279
0.255251 0.0094238
0.257035 0.988652
0.259669 0.252609
0.260008 0.962407
0.26054 0.89634
0.261164 0.388089
0.261979 0.0882348
0.262222 0.163684
0.263079 0.562497
0.267466 0.296537
0.268252 0.515956
0.269001 0.0930957
0.270829 0.815571
0.271476 0.696924
0.271914 0.0634551
0.272117 0.477928
0.272167 0.311929
0.272414 0.466831
0.27251 0.0814895
0.27458 0.874209
0.275814 0.612397
0.276335 0.366371
0.282206 0.0363587
0.282305 0.701763
0.282457 0.256274
0.283394 0.996128
0.283598 0.435606
0.284152 0.73943
0.285386 0.481648
0.286432 0.0585466
0.289344 0.00154509
0.290582 0.818459
0.291824 0.692669
0.29236 0.687139
0.29321 0.982809
0.293544 0.597165
0.298749 0.0724938
0.299172 0.189974
0.299557 0.654109
0.301149 0.414023
0.301759 0.667834
0.303262 0.917275
0.305184 0.229419
0.306935 0.664652
0.309343 0.125282
0.311084 0.385995
0.312116 0.736625
0.312666 0.983762
0.314173 0.303163
0.314192 0.624764
0.31896 0.753699
0.320684 0.734126
0.322316 0.16912
0.322682 0.319073
0.322887 0.754066
0.325037 0.896865
0.328872 0.355625
0.32971 0.427367
0.330297 0.294712
0.333469 0.608081
0.333521 0.487945
0.336638 0.86909
0.336875 0.85121
0.340505 0.869036
0.341495 0.513125
0.341499 0.574085
0.343216 0.437656
0.343821 0.597919
0.345763 0.240148
0.346007 0.347223
0.347598 0.0749862
0.350678 0.837575
0.352851 0.364587
0.353507 0.385148
0.354642 0.466345
0.354992 0.352846
0.35574 0.92882
0.356827 0.189563
0.356892 0.291234
0.357571 0.698762
0.358636 0.601402
0.359005 0.799104
0.359615 0.0569301
0.360452 0.115735
0.3608 0.97205
0.361864 0.840723
0.362384 0.59253
0.363918 0.375908
0.366649 0.262944
0.367312 0.420936
0.368043 0.703257
0.368268 0.475543
0.372855 0.580722
0.374346 0.625941
0.374374 0.097738
0.375169 0.457335
0.376204 0.864495
0.377636 0.926471
0.378457 0.730574
0.379705 0.70533
0.380113 0.555235
0.38136 0.517993
0.381947 0.383366
0.382115 0.203731
0.382133 0.513147
0.383346 0.896229
0.384554 0.194982
0.385469 0.572788
0.385804 0.199885
0.386041 0.198236
0.386836 0.554397
0.38731 0.51941
0.389366 0.0759453
0.390348 0.577814
0.390728 0.963544
0.390847 0.967298
0.390937 0.47241
0.391101 0.239901
0.392128 0.49609
0.394261 0.348351
0.394523 0.747412
0.395437 0.107852
0.39552 0.498942
0.395985 0.322008
0.396697 0.281076
0.397979 0.832542
0.398813 0.858178
0.399945 0.879002
0.400185 0.903924
0.400434 0.0982318
0.401126 0.718504
0.401151 0.152922
0.40197 0.913871
0.403015 0.469427
0.404343 0.794317
0.404888 0.945401
0.406038 0.279492
0.406042 0.343323
0.406189 0.817943
0.406356 0.623008
0.408621 0.700024
0.409785 0.257565
0.410434 0.170795
0.412472 0.416694
0.412488 0.681476
0.412518 0.184336
0.412976 0.888809
0.413288 0.129495
0.414824 0.954197
0.415853 0.238608
0.416009 0.867908
0.416134 0.960014
0.41911 0.975405
0.421531 0.676399
0.422213 0.131457
0.423705 0.202033
0.423862 0.844364
0.424415 0.137465
0.424935 0.877884
0.425446 0.470502
0.426285 0.576687
0.426319 0.140076
0.42636 0.828069
0.426361 0.857308
0.427199 0.928596
0.427563 0.0551559
0.427768 0.498398
0.429477 0.214333
0.430251 0.227089
0.430922 0.503314
0.431705 0.66261
0.433105 0.202333
0.434316 0.547019
0.43447 0.129275
0.434644 0.0611894
0.435005 0.127698
0.440461 0.835097
0.442145 0.125293
0.442877 0.431554
0.44365 0.431122
0.447091 0.255344
0.447381 0.134874
0.448754 0.214438
0.449122 0.396815
0.449599 0.405437
0.450241 0.203072
0.451363 0.0657254
0.452171 0.64414
0.453404 0.354818
0.453544 0.719133
0.454352 0.291043
0.455972 0.518371
0.456069 0.158904
0.456076 0.262376
0.457594 0.787015
0.457662 0.930612
0.458248 0.773163
0.458308 0.782562
0.459044 0.159581
0.460113 0.11292
0.461288 0.864195
0.461379 0.391229
0.462458 0.539445
0.462774 0.849996
0.463266 0.117413
0.463455 0.28577
0.46379 0.922548
0.464062 0.482879
0.464106 0.232504
0.464646 0.298344
0.467834 0.886715
0.468002 0.716041
0.468816 0.392786
0.468999 0.466999
0.469074 0.735075
0.46961 0.73032
0.469875 0.180707
0.469875 0.196352
0.472619 0.308372
0.472624 0.384891
0.473284 0.492223
0.474922 0.0141589
0.475599 0.38632
0.475731 0.614276
0.476082 0.509989
0.477133 0.175685
0.480118 0.344599
0.481955 0.217027
0.482095 0.571285
0.4841 0.273908
0.48445 0.143247
0.484724 0.762041
0.486683 0.682654
0.486902 0.355812
0.487578 0.729225
0.488592 0.762065
0.489198 0.944352
0.489492 0.885592
0.489758 0.357995
0.490206 0.88567
0.491049 0.0622932
0.49164 0.985871
0.491747 0.783721
0.497226 0.882736
0.497328 0.589934
0.497588 0.96669
0.498248 0.05246
0.498375 0.188558
0.49954 0.773992
0.50175 0.911171
0.501948 0.236141
0.502918 0.551092
0.503164 0.675565
0.506158 0.994972
0.510316 0.882125
0.510434 0.859238
0.512179 0.193511
0.516306 0.550592
0.516756 0.122839
0.517385 0.694362
0.519105 0.59611
0.51912 0.843142
0.523545 0.220987
0.524244 0.9734
0.52498 0.33857
0.52537 0.899111
0.525854 0.0241027
0.528405 0.904999
0.529323 0.326163
0.530482 0.810911
0.530627 0.247174
0.532218 0.985119
0.532308 0.49445
0.532378 0.672029
0.533233 0.0496095
0.533341 0.864427
0.533669 0.371452
0.533835 0.170475
0.53397 0.436631
0.534695 0.617999
0.535148 0.238261
0.535415 0.715382
0.535805 0.276071
0.535865 0.281854
0.537709 0.27329
0.538387 0.671457
0.538939 0.942966
0.542918 0.815221
0.544834 0.0330418
0.544939 0.783253
0.547216 0.0508487
0.547847 0.656933
0.54826 0.599917
0.548836 0.294902
0.549739 0.463094
0.551342 0.406028
0.55225 0.672762
0.552357 0.461706
0.552619 0.862794
0.55302 0.611316
0.553232 0.163219
0.554003 0.128375
0.554869 0.678761
0.55662 0.105839
0.557261 0.879972
0.557491 0.752686
0.560281 0.646569
0.56037 0.132429
0.560794 0.265201
0.562463 0.317836
0.562883 0.380289
0.564179 0.156645
0.567514 0.210902
0.567709 0.492999
0.570136 0.281938
0.570266 0.455016
0.570798 0.39395
0.571009 0.946832
0.572477 0.62836
0.572495 0.924259
0.576897 0.915443
0.577192 0.868024
0.577627 0.185046
0.578107 0.250307
0.579899 0.357731
0.580714 0.0565698
0.581845 0.0643163
0.583033 0.0283434
0.584387 0.786525
0.584587 0.150338
0.585993 0.777356
0.589729 0.578577
0.591593 0.907901
0.592133 0.979148
0.594053 0.244224
0.594233 0.279869
0.594389 0.899872
0.594652 0.311862
0.594659 0.434376
0.595475 0.144954
0.596126 0.0860228
0.596276 0.610559
0.597129 0.942504
0.597472 0.716846
0.598071 0.778614
0.598213 0.160531
0.60044 0.588459
0.600573 0.823654
0.600681 0.640084
0.601578 0.722875
0.601667 0.218408
0.601919 0.458391
0.603192 0.851129
0.605363 0.335338
0.60584 0.357915
0.606964 0.237583
0.608274 0.254983
0.609076 0.734683
0.610441 0.676393
0.610817 0.998049
0.61319 0.891871
0.613659 0.764666
0.614503 0.94683
0.614878 0.252739
0.615583 0.102183
0.615659 0.384033
0.615935 0.021532
0.616397 0.78367
0.616483 0.233763
0.617082 0.296095
0.617387 0.421929
0.617411 0.833533
0.617516 0.599123
0.617789 0.185657
0.618397 0.4049
0.619171 0.41011
0.620716 0.367728
0.622068 0.0908941
0.623143 0.16868
0.623456 0.421003
0.624033 0.126343
0.624959 0.684946
0.626341 0.909047
0.626378 0.540174
0.626997 0.94649
0.629474 0.565627
0.630594 0.38853
0.632464 0.818188
0.635594 0.424749
0.636257 0.573068
0.636798 0.660422
0.636817 0.976521
0.637189 0.243236
0.637411 0.965081
0.63841 0.761401
0.639206 0.136149
0.6395 0.0847392
0.640948 0.416827
0.641378 0.64455
0.642096 0.707849
0.642224 0.86273
0.642661 0.210282
0.644147 0.17752
0.646389 0.866215
0.647019 0.454126
0.647465 0.945175
0.647484 0.261462
0.649615 0.0774709
0.653274 0.572995
0.65354 0.0388389
0.654513 0.402666
0.65472 0.881941
0.657707 0.085196
0.658843 0.171731
0.659091 0.335375
0.660003 0.675223
0.66012 0.644228
0.661644 0.254824
0.66201 0.409355
0.663508 0.575914
0.664273 0.433473
0.665683 0.12797
0.665927 0.230349
0.667118 0.258858
0.669805 0.415975
0.670452 0.285628
0.671251 0.714895
0.676909 0.817076
0.677149 0.845982
0.677438 0.692429
0.677504 0.801606
0.678053 0.0368313
0.678185 0.249268
0.678625 0.651596
0.6803 0.802687
0.681395 0.199718
0.682354 0.321436
0.68242 0.428257
0.685038 0.427549
0.68655 0.850821
0.686684 0.106318
0.686795 0.956941
0.686811 0.225574
0.690539 0.895538
0.691427 0.809867
0.692465 0.261755
0.692842 0.595784
0.694875 0.75888
0.696345 0.467549
0.70111 0.56093
0.70279 0.795558
0.703179 0.321404
0.704471 0.0497063
0.704635 0.795228
0.704828 0.0516236
0.706676 0.0959034
0.710131 0.177534
0.711679 0.188105
0.712125 0.681884
0.712167 0.391752
0.712243 0.67321
0.712517 0.279756
0.713153 0.970131
0.71517 0.866785
0.715222 0.744215
0.716889 0.745861
0.717153 0.194236
0.720158 0.700544
0.723591 0.391764
0.724753 0.931821
0.7249 0.395484
0.725826 0.955926
0.726456 0.542069
0.72742 0.748774
0.729504 0.777896
0.730771 0.0618952
0.731096 0.530148
0.732274 0.337053
0.733532 0.479293
0.735366 0.292703
0.736876 0.666997
0.738263 0.985946
0.739331 0.939207
0.740754 0.858595
0.741731 0.274146
0.744514 0.0427051
0.744648 0.29623
0.745766 0.0854485
0.747459 0.542495
0.74795 0.792826
0.74957 0.0224086
0.749718 0.517549
0.750366 0.406588
0.751158 0.704943
0.751174 0.981269
0.751693 0.709001
0.752649 0.778564
0.752918 0.291421
0.753038 0.307955
0.75338 0.0570419
0.753562 0.119719
0.75364 0.419718
0.754158 0.130655
0.754565 0.967889
0.755872 0.942847
0.756712 0.0650839
0.758084 0.112403
0.759405 0.315828
0.760342 0.062765
0.761298 0.136656
0.765187 0.504723
0.765278 0.0256367
0.765585 0.1869
0.76707 0.14516
0.768978 0.205616
0.770583 0.184872
0.771306 0.337126
0.772388 0.52081
0.776595 0.234522
0.776762 0.0474287
0.777167 0.846509
0.777941 0.849215
0.778683 0.326631
0.778916 0.24243
0.780452 0.0594855
0.782538 0.116775
0.783635 0.560389
0.784681 0.13278
0.785174 0.418079
0.786152 0.864169
0.786358 0.317171
0.786783 0.457942
0.786904 0.495999
0.788969 0.193675
0.790185 0.645653
0.791193 0.589101
0.793432 0.203531
0.793533 0.907129
0.793593 0.921019
0.793963 0.128786
0.794135 0.0250822
0.79518 0.588644
0.795451 0.145251
0.795464 0.368091
0.797231 0.0666968
0.797539 0.236444
0.799716 0.818334
0.801219 0.094885
0.801458 0.101407
0.802855 0.590822
0.803396 0.668988
0.80463 0.422836
0.805571 0.236031
0.805726 0.837657
0.805853 0.964097
0.806302 0.519432
0.806651 0.383284
0.808594 0.030725
0.808837 0.128448
0.809795 0.217561
0.810914 0.0383903
0.81212 0.306981
0.813047 0.881174
0.813381 0.490614
0.815647 0.587431
0.816006 0.610026
0.818001 0.146613
0.818557 0.481609
0.819107 0.726593
0.820158 0.388799
0.820387 0.2459
0.820769 0.671733
0.820834 0.757508
0.821485 0.690077
0.823566 0.67369
0.823633 0.792211
0.823986 0.731251
0.82431 0.176143
0.824882 0.787487
0.826014 0.81948
0.828066 0.299184
0.828452 0.785694
0.829192 0.230607
0.833129 0.390844
0.833375 0.537254
0.83613 0.839017
0.837762 0.266583
0.83923 0.944495
0.841293 0.607116
0.841497 0.0442074
0.84216 0.181381
0.843915 0.682379
0.843953 0.324603
0.843996 0.0326628
0.845576 0.592777
0.845779 0.0116485
0.846735 0.0744653
0.848058 0.318165
0.848841 0.478158
0.849327 0.646649
0.849948 0.0766402
0.851612 0.0459552
0.851983 0.281325
0.853036 0.981043
0.853183 0.453487
0.853768 0.282014
0.854597 0.206353
0.858002 0.434409
0.85949 0.444988
0.86181 0.440382
0.863592 0.398182
0.863779 0.538004
0.863998 0.213689
0.864912 0.578762
0.868922 0.973975
0.869038 0.924933
0.87194 0.696667
0.873035 0.0982921
0.873757 0.24092
0.87409 0.823148
0.874758 0.060335
0.874867 0.883824
0.875085 0.555949
0.875203 0.534392
0.87884 0.662876
0.881102 0.675082
0.881782 0.104218
0.882555 0.107269
0.882763 0.604834
0.883443 0.030042
0.884426 0.547211
0.885257 0.520833
0.8857 0.951509
0.886158 0.66449
0.886285 0.790609
0.886834 0.0155427
0.886851 0.303436
0.887084 0.224298
0.888294 0.550154
0.88836 0.661522
0.888893 0.62039
0.889064 0.50141
0.890313 0.485487
0.891174 0.964442
0.891533 0.994863
0.891981 0.532768
0.892921 0.328353
0.893982 0.150123
0.894536 0.46621
0.894843 0.622849
0.895875 0.96289
0.896217 0.717541
0.897371 0.109319
0.897695 0.562342
0.898893 0.695794
0.899066 0.607329
0.900412 0.233003
0.900902 0.46279
0.90118 0.127282
0.901855 0.478014
0.90329 0.588045
0.903818 0.461637
0.90575 0.946415
0.906341 0.865837
0.906839 0.246791
0.908733 0.0703813
0.90889 0.71013
0.909921 0.0370694
0.910693 0.0203977
0.911027 0.634205
0.911226 0.98188
0.911347 0.0077201
0.912794 0.336435
0.913914 0.156936
0.915708 0.309964
0.9159 0.531916
0.916997 0.966827
0.917094 0.600049
0.917948 0.957751
0.918424 0.955964
0.919184 0.719395
0.919759 0.385336
0.922147 0.521102
0.922279 0.747681
0.927614 0.402795
0.928247 0.0517362
0.928284 0.666771
0.930052 0.38701
0.93015 0.0318228
0.930527 0.363457
0.932172 0.0215645
0.934465 0.558654
0.934766 0.606357
0.939689 0.350207
0.941794 0.732378
0.944011 0.993236
0.944417 0.821657
0.945704 0.446017
0.947125 0.337027
0.950481 0.732521
0.950984 0.188882
0.95186 0.913914
0.952121 0.303474
0.953152 0.619762
0.959314 0.183641
0.961246 0.668286
0.962266 0.797383
0.962447 0.85009
0.963017 0.421129
0.963602 0.265903
0.964285 0.739525
0.964307 0.103787
0.965148 0.23634
0.966802 0.0428741
0.96684 0.675433
0.968114 0.0940138
0.968347 0.0102507
0.972233 0.317796
0.97335 0.0932245
0.97446 0.741099
0.975304 0.926605
0.978173 0.155924
0.978625 0.742924
0.981431 0.914964
0.981638 0.383118
0.984052 0.959297
0.984948 0.0143042
0.985984 0.435505
0.986096 0.309552
0.986517 0.39615
0.988694 0.973821
0.988847 0.549667
0.989362 0.205624
0.99015 0.452497
0.990988 0.542271
0.993339 0.0561612
0.993994 0.0614217
0.994776 0.194899
0.994819 0.914275
0.994852 0.480075
0.995323 0.39903
0.996085 0.20261
0.998013 0.599443
0.999548 0.40695
