3.91537e-05 0.658065
0.0115786 0.602006
0.0204031 0.915688
0.0216561 0.97424
0.0217659 0.819205
0.053752 0.409958
0.0918404 0.562306
0.0988572 0.493255
0.117163 0.16162
0.132815 0.216246
0.160008 0.247026
0.163551 0.796038
0.168436 0.902494
0.200402 0.163936
0.210064 0.548365
0.213819 0.661177
0.217063 0.172927
0.244226 0.70228
0.259919 0.464033
0.264364 0.164685
0.265734 0.191671
0.280788 0.197465
0.282762 0.387383
0.284081 0.549814
0.292872 0.306062
0.301218 0.576638
0.332695 0.596703
0.343149 0.301463
0.34994 0.43915
0.354305 0.80831
0.372777 0.263153
0.377316 0.541796
0.385219 0.374622
0.391793 0.867991
0.407049 0.276393
0.408225 0.0434072
0.408673 0.559109
0.414449 0.648154
0.438291 0.353126
0.453228 0.40675
0.469946 0.378955
0.48143 0.390933
0.481877 0.910853
0.486485 0.351869
0.506545 0.499835
0.521573 0.0823947
0.522131 0.452883
0.529665 0.0728548
0.545015 0.0730384
0.545435 0.130099
0.550919 0.294793
0.551921 0.143244
0.554309 0.268586
0.556517 0.383381
0.563862 0.830683
0.574699 0.96922
0.583705 0.332869
0.585257 0.420051
0.586986 0.47432
0.58766 0.806355
0.589636 0.0111431
0.594764 0.204153
0.60687 0.667104
0.658912 0.335606
0.679043 0.667623
0.681336 0.207209
0.688401 0.954292
0.690773 0.813622
0.703183 0.399308
0.718898 0.51529
0.729641 0.0825976
0.745264 0.652465
0.745794 0.56569
0.76144 0.51707
0.768394 0.396655
0.777039 0.686431
0.778182 0.902304
0.78021 0.986729
0.7892 0.0907455
0.793055 0.871827
0.793286 0.758699
0.801599 0.477759
0.801629 0.982168
0.806702 0.235834
0.80774 0.681656
0.841948 0.627998
0.856503 0.245427
0.858476 0.41221
0.893365 0.791156
0.898639 0.429241
0.921468 0.109927
0.941078 0.69903
0.954354 0.822799
0.959515 0.568632
0.964197 0.250746
0.9697 0.746284
0.977984 0.984922
0.981988 0.279692
0.993806 0.892149
0.997882 0.400523
