0.000850542 0.295067
0.00995116 0.249222
0.0189398 0.32079
0.0198498 0.61627
0.020825 0.00655021
0.0228174 0.492164
0.0344809 0.520237
0.0379145 0.229692
0.0466289 0.691193
0.0558426 0.546967
0.0609051 0.632319
0.0621397 0.381965
0.062236 3.90317e-06
0.0656085 0.681278
0.0755312 0.453146
0.0763998 0.0523063
0.0847258 0.986983
0.0866187 0.800774
0.089404 0.613858
0.100709 0.617911
0.103068 0.262111
0.107707 0.238498
0.108268 0.656163
0.111609 0.818072
0.112409 0.264056
0.118032 0.768936
0.120019 0.16342
0.120379 0.201589
0.127651 0.436814
0.136493 0.0379572
0.142609 0.827182
0.143446 0.895018
0.145655 0.0204262
0.153604 0.61777
0.158039 0.160924
0.168364 0.700324
0.168887 0.476721
0.173014 0.840963
0.17308 0.954545
0.1734 0.338477
0.175332 0.799901
0.184845 0.695184
0.187751 0.534859
0.190026 0.766728
0.19363 0.337731
0.206341 0.974719
0.215217 0.151571
0.219227 0.5513
0.219522 0.506167
0.228028 0.460115
0.234953 0.854035
0.23633 0.999662
0.239416 0.864056
0.23999 0.505806
0.240725 0.860129
0.245287 0.533895
0.251116 0.508526
0.258515 0.8622
0.258804 0.72531
0.262559 0.825835
0.263078 0.544042
0.270016 0.163338
0.284661 0.301501
0.293018 0.758838
0.298347 0.313054
0.303946 0.417647
0.305162 0.863418
0.313337 0.248522
0.315062 0.24151
0.317034 0.388015
0.318923 0.146256
0.318938 0.394132
0.322608 0.0807532
0.327814 0.562312
0.329075 0.769167
0.331142 0.495949
0.348116 0.792849
0.349149 0.15111
0.374865 0.351145
0.375018 0.922921
0.376828 0.355234
0.379879 0.621835
0.382473 0.226498
0.383166 0.865115
0.385462 0.460753
0.390862 0.211082
0.391197 0.849135
0.393061 0.172276
0.404535 0.0269755
0.409115 0.989104
0.413659 0.371736
0.417043 0.243942
0.417933 0.200345
0.419263 0.55165
0.420909 0.217224
0.427576 0.263627
0.438501 0.886881
0.448969 0.825853
0.450404 0.933935
0.452553 0.0657146
0.4554 0.900867
0.4731 0.383691
0.475222 0.0526502
0.489807 0.18525
0.491392 0.825592
0.50384 0.0427798
0.507465 0.960577
0.508408 0.809773
0.515706 0.462472
0.516247 0.564602
0.525723 0.825386
0.532665 0.505203
0.536635 0.216705
0.54177 0.530547
0.546453 0.237063
0.560824 0.773446
0.567209 0.089623
0.572728 0.844754
0.574438 0.587518
0.575666 0.217467
0.580886 0.94756
0.5921 0.428101
0.592428 0.937944
0.594911 0.666352
0.598856 0.96942
0.602618 0.206381
0.603351 0.52702
0.615592 0.250422
0.619314 0.810505
0.620685 0.847556
0.621057 0.112353
0.629965 0.822164
0.634568 0.182279
0.642721 0.207964
0.644078 0.011187
0.646767 0.214676
0.649028 0.219392
0.652686 0.700703
0.655039 0.235115
0.65746 0.927805
0.665721 0.777911
0.680212 0.325757
0.686693 0.253062
0.69154 0.710461
0.694415 0.0265912
0.698435 0.599252
0.70131 0.921142
0.706873 0.415427
0.710341 0.707853
0.718322 0.829861
0.722804 0.162821
0.725866 0.637079
0.726995 0.598336
0.730746 0.649524
0.74888 0.427204
0.753459 0.390295
0.762261 0.327442
0.770103 0.128783
0.771992 0.872443
0.77406 0.624715
0.776732 0.531616
0.779118 0.640655
0.781678 0.654177
0.784815 0.390233
0.784924 0.215648
0.788866 0.47693
0.789251 0.937293
0.802855 0.588005
0.80437 0.0516213
0.804606 0.014386
0.844081 0.474804
0.851709 0.665231
0.858753 0.0664113
0.866403 0.634077
0.867445 0.141946
0.869146 0.728942
0.872401 0.449351
0.872666 0.89591
0.875144 0.54564
0.875873 0.801883
0.876451 0.515589
0.880478 0.192192
0.881481 0.0587614
0.891516 0.710758
0.897916 0.267447
0.906077 0.438194
0.918657 0.871676
0.926978 0.719049
0.93529 0.412157
0.937267 0.654911
0.941679 0.802661
0.946729 0.667575
0.954499 0.270253
0.961889 0.470296
0.967922 0.860565
0.982496 0.818003
0.986532 0.641272
0.988241 0.368657
0.991554 0.0444222
0.993842 0.499859
