0.00161855 0.203051
0.00168935 0.392831
0.00358229 0.207609
0.00429011 0.103831
0.00663725 0.552207
0.00693473 0.551966
0.00758692 0.513367
0.00765665 0.685241
0.0103651 0.206942
0.0110552 0.805058
0.0115931 0.844663
0.0123257 0.157858
0.012415 0.658166
0.0141167 0.260062
0.0144598 0.0260618
0.0163413 0.649047
0.0167758 0.951284
0.0180975 0.163937
0.0185632 0.992521
0.0193425 0.0900436
0.0203571 0.141918
0.0214636 0.73932
0.0246705 0.637099
0.025063 0.233233
0.0255807 0.935506
0.0267098 0.912433
0.027799 0.218569
0.0291225 0.461548
0.0296231 0.875326
0.03109 0.529524
0.0311989 0.36026
0.0320241 0.22933
0.0329583 0.929332
0.0329644 0.0324522
0.0349958 0.175043
0.0355638 0.720623
0.0364683 0.921991
0.0373289 0.386468
0.0387599 0.437519
0.0389795 0.129186
0.0411972 0.401095
0.0413691 0.289691
0.044243 0.592328
0.0449968 0.262015
0.0451086 0.140257
0.0456706 0.585871
0.047198 0.25734
0.0474363 0.262289
0.0490259 0.977632
0.050499 0.736468
0.0522529 0.214441
0.0533527 0.698705
0.0533935 0.38489
0.0546453 0.423994
0.0548391 0.681126
0.0552457 0.513843
0.056649 0.100431
0.0567865 0.410963
0.0573481 0.850222
0.0595935 0.587378
0.0597905 0.899012
0.0600638 0.492214
0.0606666 0.624091
0.0606886 0.993441
0.0638867 0.744506
0.0640903 0.164818
0.0644114 0.562031
0.0658598 0.906101
0.0686858 0.401518
0.0699126 0.0214891
0.0700126 0.70221
0.0704824 0.597655
0.0707826 0.642696
0.0709521 0.49108
0.0716619 0.422357
0.0724844 0.245689
0.0725312 0.0314331
0.0726987 0.84657
0.0735927 0.871822
0.0741579 0.372064
0.0747585 0.465396
0.0754502 0.0910836
0.0765619 0.775343
0.0766438 0.152549
0.0766821 0.796385
0.0766877 0.890223
0.0770494 0.969348
0.0775502 0.385794
0.0787729 0.935899
0.0798659 0.306477
0.0803474 0.398747
0.0830021 0.015634
0.0834864 0.155802
0.0860622 0.447841
0.086354 0.35081
0.0872817 0.943114
0.0878674 0.787035
0.0885002 0.422499
0.0895148 0.475602
0.0902627 0.0456514
0.090596 0.647227
0.0922068 0.719037
0.0935024 0.494368
0.0944522 0.45775
0.0963525 0.395935
0.0975285 0.161876
0.0992518 0.125727
0.100143 0.107683
0.102049 0.132419
0.102318 0.6521
0.102858 0.728607
0.103332 0.692947
0.10593 0.370388
0.106035 0.136079
0.10715 0.871492
0.107467 0.198025
0.109102 0.682504
0.110092 0.315957
0.11056 0.181505
0.11203 0.890135
0.115266 0.270637
0.117796 0.791419
0.118572 0.833648
0.118978 0.664143
0.120049 0.664667
0.120398 0.536221
0.122253 0.701692
0.124493 0.35383
0.124603 0.203303
0.125212 0.446087
0.125263 0.29362
0.125968 0.150233
0.126203 0.0967034
0.126524 0.48393
0.12666 0.782793
0.127031 0.00760521
0.128062 0.337676
0.130133 0.149225
0.132144 0.951494
0.132326 0.00634502
0.133138 0.657991
0.137196 0.847275
0.137276 0.191157
0.138866 0.919006
0.139483 0.287044
0.140572 0.587114
0.140956 0.0557805
0.142538 0.63136
0.144273 0.790017
0.144996 0.943805
0.146203 0.234763
0.146965 0.0345473
0.146994 0.530348
0.148521 0.198546
0.149221 0.955576
0.150833 0.0425695
0.152476 0.663838
0.1546 0.365003
0.156062 0.937901
0.156323 0.325528
0.156674 0.2215
0.156787 0.11671
0.157818 0.449754
0.158705 0.353619
0.160162 0.840473
0.162761 0.522547
0.163563 0.00855528
0.164278 0.0126718
0.164668 0.57059
0.165291 0.0511081
0.16568 0.584741
0.167373 0.0366848
0.167405 0.570561
0.167412 0.694327
0.167438 0.130639
0.169326 0.856666
0.171875 0.708214
0.174858 0.832227
0.177922 0.337884
0.18054 0.340346
0.18195 0.0314307
0.182346 0.683461
0.182454 0.501965
0.185776 0.333428
0.188589 0.623357
0.18898 0.185337
0.189513 0.146091
0.189741 0.977365
0.1903 0.364438
0.19544 0.75367
0.196296 0.150918
0.197377 0.313746
0.199616 0.94073
0.201597 0.244749
0.201833 0.206425
0.202567 0.539735
0.202896 0.0743082
0.202918 0.437569
0.203556 0.164164
0.204371 0.859457
0.204634 0.287969
0.205665 0.612428
0.206575 0.913637
0.206658 0.29359
0.210682 0.935295
0.21123 0.143802
0.211479 0.325071
0.211897 0.360108
0.212892 0.0787118
0.213015 0.137243
0.213169 0.72619
0.214489 0.92175
0.21478 0.807384
0.217417 0.133639
0.217517 0.800373
0.218033 0.47462
0.218263 0.349698
0.21955 0.971491
0.223746 0.502348
0.224601 0.874035
0.225024 0.986561
0.225146 0.0249308
0.225319 0.92914
0.225643 0.37983
0.227552 0.468453
0.230121 0.651393
0.23091 0.909536
0.231928 0.0167817
0.233601 0.140127
0.233751 0.650162
0.234359 0.878623
0.236969 0.741095
0.237887 0.171502
0.238675 0.404093
0.241976 0.897159
0.243316 0.412192
0.244089 0.39534
0.245577 0.404683
0.246429 0.730687
0.247886 0.221126
0.248994 0.840169
0.24956 0.357292
0.250589 0.652942
0.250863 0.251826
0.253887 0.0782714
0.254736 0.341321
0.254743 0.473993
0.255162 0.514102
0.255234 0.721445
0.255966 0.0134542
0.256393 0.189139
0.256863 0.09666
0.259584 0.83235
0.261569 0.190981
0.261741 0.0819477
0.262892 0.430204
0.263393 0.845014
0.263977 0.6626
0.264276 0.678872
0.266214 0.253058
0.266376 0.978732
0.267365 0.609
0.267752 0.106115
0.268266 0.744815
0.268407 0.109873
0.269602 0.197651
0.269897 0.161009
0.27024 0.926632
0.271904 0.8833
0.273687 0.859836
0.273798 0.720986
0.273999 0.109123
0.27797 0.844323
0.278354 0.2925
0.280968 0.221308
0.281972 0.104226
0.283018 0.685735
0.283026 0.821921
0.284468 0.0544657
0.285854 0.341303
0.286549 0.0284046
0.288144 0.844614
0.288674 0.746005
0.290006 0.132051
0.29181 0.454325
0.291982 0.349033
0.293616 0.797644
0.293854 0.808564
0.294606 0.45049
0.294848 0.508079
0.296126 0.982885
0.296355 0.844236
0.296809 0.475353
0.297339 0.368519
0.298836 0.543663
0.299868 0.887813
0.299876 0.0234287
0.301286 0.715742
0.301357 0.909772
0.301523 0.69153
0.301542 0.019142
0.301691 0.524308
0.304686 0.849944
0.306983 0.461673
0.307136 0.0383568
0.311299 0.00953374
0.312413 0.723283
0.312729 0.0402049
0.313149 0.0942211
0.313401 0.325602
0.314416 0.38859
0.314821 0.202751
0.315024 0.601611
0.317165 0.594512
0.317376 0.146587
0.318891 0.604248
0.319292 0.332797
0.319311 0.655964
0.319824 0.281389
0.320046 0.0185121
0.320305 0.359909
0.320947 0.149834
0.32105 0.883164
0.321351 0.946449
0.321564 0.524876
0.322179 0.858337
0.322716 0.892973
0.325458 0.976286
0.326198 0.413154
0.328771 0.649132
0.329077 0.794775
0.332254 0.197465
0.332447 0.434577
0.333035 0.318984
0.335831 0.319955
0.33584 0.459186
0.335919 0.786522
0.336232 0.0565569
0.337356 0.944043
0.337382 0.376591
0.337653 0.937635
0.338049 0.583944
0.338493 0.0573285
0.3385 0.166068
0.339578 0.280497
0.342435 0.304649
0.344024 0.0114136
0.344984 0.153136
0.34596 0.547063
0.346179 0.237838
0.347514 0.669965
0.348443 0.283517
0.348983 0.359296
0.349079 0.979088
0.350011 0.631506
0.350028 0.92681
0.350279 0.135472
0.350336 0.0932157
0.350616 0.802749
0.350882 0.271512
0.351182 0.310606
0.352751 0.68673
0.353323 0.29633
0.353503 0.322662
0.358751 0.527158
0.360915 0.904545
0.361696 0.0214852
0.361818 0.0770263
0.362061 0.165709
0.362353 0.073156
0.362637 0.846858
0.363266 0.418193
0.364089 0.247646
0.364244 0.850367
0.364596 0.757617
0.364802 0.221372
0.365476 0.55797
0.365656 0.576131
0.366863 0.874814
0.3677 0.92857
0.367996 0.91331
0.36923 0.640447
0.372006 0.308993
0.372699 0.951727
0.372775 0.223731
0.37293 0.833575
0.373738 0.422273
0.374298 0.82438
0.375094 0.196851
0.375632 0.239446
0.376803 0.921082
0.379889 0.78737
0.379941 0.675506
0.38052 0.399645
0.384189 0.0641876
0.384537 0.911479
0.386089 0.00170655
0.387256 0.61631
0.388778 0.199263
0.389295 0.874238
0.390344 0.509716
0.391094 0.120901
0.392897 0.413168
0.394178 0.946249
0.394546 0.130036
0.396926 0.137731
0.399435 0.30289
0.399557 0.353845
0.400913 0.141658
0.403306 0.370189
0.403425 0.356514
0.405379 0.210673
0.405592 0.791104
0.407101 0.138695
0.40989 0.0140057
0.41031 0.084786
0.412105 0.248466
0.413591 0.226159
0.415114 0.816141
0.416507 0.225484
0.418763 0.150168
0.419788 0.368728
0.420166 0.734024
0.421918 0.168858
0.422171 0.428711
0.423869 0.959952
0.425804 0.489262
0.425952 0.979119
0.426382 0.195509
0.426864 0.298728
0.428058 0.367942
0.429161 0.908877
0.430168 0.827084
0.433214 0.0203205
0.434304 0.343596
0.434993 0.926795
0.436242 0.918346
0.437617 0.026656
0.438198 0.787031
0.439224 0.0325997
0.439315 0.558812
0.44004 0.755144
0.442177 0.670423
0.443149 0.9999
0.444308 0.490862
0.444935 0.021109
0.445694 0.779586
0.446107 0.725082
0.446427 0.102455
0.447009 0.881182
0.448289 0.388147
0.449039 0.997985
0.450684 0.650794
0.457463 0.576261
0.458482 0.699348
0.458673 0.913528
0.461601 0.122114
0.462335 0.457263
0.464596 0.460672
0.465663 0.396777
0.4664 0.777639
0.466433 0.338164
0.471869 0.703848
0.472932 0.560868
0.473697 0.431262
0.473953 0.723258
0.474054 0.428436
0.477697 0.658381
0.477926 0.50472
0.478725 0.935278
0.479595 0.557362
0.479816 0.27344
0.479957 0.645519
0.48083 0.308182
0.48128 0.875538
0.481605 0.343078
0.481957 0.257583
0.482372 0.231074
0.484841 0.714893
0.486028 0.673402
0.486488 0.399085
0.490279 0.120085
0.49069 0.0214944
0.490965 0.647544
0.491765 0.0964864
0.49199 0.878838
0.493459 0.567425
0.494732 0.966808
0.494739 0.0768936
0.495146 0.912311
0.495507 0.97943
0.495862 0.954534
0.497923 0.589138
0.498576 0.564908
0.498587 0.74756
0.503595 0.916225
0.503776 0.956488
0.503922 0.422044
0.505078 0.844377
0.50511 0.382432
0.505186 0.66681
0.505728 0.769848
0.506306 0.482982
0.506656 0.363231
0.507263 0.577191
0.507573 0.777758
0.507935 0.854981
0.508073 0.184328
0.509439 0.13939
0.509596 0.787207
0.510301 0.632706
0.510605 0.734216
0.510821 0.361213
0.510948 0.506171
0.512223 0.925253
0.512223 0.92897
0.512925 0.735815
0.514095 0.391304
0.514148 0.276889
0.514372 0.0575727
0.514436 0.121536
0.514767 0.686703
0.517797 0.620213
0.517874 0.905945
0.518067 0.151126
0.519902 0.990041
0.522108 0.0777418
0.522207 0.737903
0.522533 0.204543
0.524034 0.443551
0.525998 0.452163
0.529457 0.583014
0.530076 0.983171
0.531954 0.544038
0.532438 0.684957
0.532694 0.98838
0.53345 0.697128
0.535868 0.338493
0.537209 0.8642
0.537313 0.621776
0.537521 0.118363
0.537531 0.2903
0.537824 0.21275
0.540451 0.355429
0.541726 0.780366
0.54177 0.529435
0.543851 0.499985
0.544992 0.687214
0.54502 0.157054
0.545715 0.828715
0.546964 0.81942
0.547211 0.979144
0.547778 0.505087
0.54905 0.886814
0.549983 0.563846
0.550141 0.224647
0.550687 0.391031
0.551866 0.215835
0.552617 0.841827
0.552622 0.917195
0.553234 0.19692
0.553583 0.0659454
0.553814 0.945946
0.554843 0.243553
0.556317 0.0144889
0.556801 0.156065
0.556813 0.347616
0.558383 0.747227
0.55895 0.264421
0.559875 0.825426
0.560185 0.033335
0.561887 0.631413
0.561911 0.0410213
0.564398 0.843319
0.567723 0.72347
0.568371 0.610286
0.570058 0.962671
0.5709 0.109764
0.572942 0.442661
0.573633 0.0471632
0.573776 0.448896
0.574487 0.397672
0.577008 0.769682
0.577531 0.560831
0.578332 0.0229536
0.578457 0.119027
0.579608 0.46683
0.58039 0.612156
0.580537 0.0894289
0.581271 0.426323
0.58134 0.581056
0.582334 0.285354
0.583553 0.77255
0.583676 0.837264
0.58371 0.406593
0.586012 0.0997399
0.586816 0.618259
0.588223 0.267175
0.588439 0.889266
0.588719 0.595739
0.589902 0.474388
0.590112 0.00444103
0.590676 0.486393
0.59172 0.0343491
0.592646 0.602148
0.592887 0.649265
0.593906 0.784396
0.595449 0.71441
0.595601 0.270346
0.596726 0.174166
0.598809 0.176812
0.599293 0.315578
0.602039 0.472436
0.602778 0.891327
0.603729 0.866692
0.605471 0.153725
0.606066 0.149305
0.606071 0.237196
0.606309 0.230499
0.606828 0.952103
0.607102 0.568659
0.607538 0.88453
0.608789 0.92383
0.611979 0.53687
0.614365 0.637049
0.614673 0.806515
0.615968 0.580546
0.616579 0.842114
0.618519 0.444498
0.62186 0.606759
0.622211 0.506307
0.622802 0.434894
0.623439 0.13207
0.624709 0.489151
0.624741 0.0260402
0.624786 0.770696
0.625627 0.913508
0.625717 0.423489
0.626074 0.421767
0.626262 0.583894
0.6267 0.94796
0.626737 0.571056
0.627863 0.494114
0.629482 0.710508
0.630029 0.903346
0.630211 0.955607
0.630544 0.557878
0.630631 0.00742357
0.634989 0.253646
0.635289 0.302062
0.635964 0.646392
0.637257 0.374036
0.637508 0.604071
0.638588 0.743075
0.639258 0.00777993
0.640389 0.0154951
0.640484 0.615737
0.640588 0.36486
0.640652 0.44515
0.64084 0.592117
0.641251 0.511575
0.642826 0.984206
0.644354 0.651512
0.646571 0.925143
0.648275 0.566657
0.65022 0.249724
0.650838 0.632138
0.651204 0.782021
0.65149 0.58706
0.653362 0.0569139
0.653479 0.014555
0.653947 0.891725
0.655618 0.966203
0.657296 0.172939
0.657558 0.576211
0.658178 0.993758
0.660932 0.291827
0.661127 0.565707
0.661959 0.545754
0.662091 0.760359
0.662513 0.848967
0.66389 0.00157473
0.66398 0.518943
0.665072 0.862599
0.665467 0.507703
0.666922 0.950683
0.667044 0.0164844
0.67106 0.497545
0.671075 0.754806
0.671187 0.637408
0.671942 0.328546
0.673625 0.621599
0.673928 0.703856
0.674784 0.0909919
0.674792 0.229636
0.676024 0.938757
0.676524 0.346837
0.677231 0.23002
0.677303 0.427165
0.677464 0.142117
0.678745 0.671246
0.679047 0.750074
0.679927 0.535048
0.681976 0.975996
0.682093 0.932925
0.68287 0.00323526
0.684002 0.0226352
0.685371 0.0319495
0.687394 0.0319516
0.68823 0.0744459
0.688531 0.142325
0.689885 0.901658
0.691245 0.748817
0.692483 0.563109
0.693412 0.179251
0.693663 0.400372
0.69431 0.269884
0.694848 0.304528
0.694856 0.450724
0.69528 0.565387
0.69554 0.946768
0.696991 0.332952
0.697797 0.871483
0.698423 0.402145
0.699352 0.00862184
0.700631 0.49793
0.700976 0.311404
0.702058 0.481619
0.702926 0.0760294
0.70315 0.845412
0.703646 0.18361
0.703954 0.347558
0.704022 0.500602
0.704439 0.504498
0.704989 0.745499
0.70611 0.589541
0.706158 0.394617
0.70812 0.377042
0.709386 0.654913
0.709567 0.693751
0.70975 0.76611
0.710583 0.77506
0.71188 0.574465
0.712167 0.396268
0.712259 0.944605
0.712453 0.200844
0.712823 0.419497
0.714632 0.815621
0.715191 0.20861
0.716726 0.00635006
0.71791 0.920946
0.719023 0.617931
0.72078 0.14481
0.721527 0.707135
0.723474 0.426023
0.72365 0.391794
0.725216 0.6999
0.725474 0.0417581
0.726983 0.404282
0.727712 0.656831
0.730175 0.0508106
0.731645 0.756678
0.734086 0.789096
0.734321 0.730659
0.736105 0.712086
0.736828 0.864833
0.742821 0.594753
0.744287 0.237423
0.74456 0.821131
0.745163 0.958839
0.745214 0.818683
0.745312 0.460647
0.745346 0.037889
0.747409 0.697083
0.749786 0.646284
0.750552 0.528503
0.751294 0.991284
0.753866 0.22407
0.756132 0.312786
0.756338 0.776338
0.756663 0.242775
0.757192 0.128631
0.757225 0.684022
0.757483 0.0220608
0.759069 0.677915
0.761042 0.838477
0.761257 0.446237
0.761268 0.626166
0.764087 0.00417968
0.76427 0.0906649
0.765518 0.0643015
0.76794 0.760889
0.768009 0.933068
0.770801 0.855932
0.773465 0.617795
0.774693 0.262426
0.774946 0.513123
0.776224 0.992343
0.777105 0.801368
0.778653 0.813034
0.779532 0.593343
0.779632 0.281749
0.779641 0.423954
0.779912 0.979841
0.780432 0.715759
0.781236 0.238207
0.78168 0.69795
0.783036 0.492861
0.784129 0.858227
0.785325 0.950168
0.788136 0.196347
0.788678 0.308925
0.788973 0.268589
0.789498 0.098534
0.79353 0.860022
0.796719 0.463466
0.798392 0.580598
0.798425 0.133766
0.800171 0.482353
0.800583 0.391652
0.800698 0.331942
0.800709 0.512606
0.801246 0.533827
0.802037 0.841824
0.802372 0.461854
0.802944 0.0841715
0.803015 0.278914
0.803115 0.952599
0.803261 0.401266
0.804902 0.986964
0.804932 0.496953
0.805396 0.292041
0.806144 0.855836
0.807588 0.133969
0.808155 0.669352
0.80905 0.700176
0.810445 0.149113
0.810467 0.518979
0.810537 0.690626
0.811179 0.483807
0.814361 0.969324
0.81497 0.195822
0.81581 0.321385
0.816445 0.983013
0.820764 0.574373
0.820968 0.0114088
0.822434 0.648451
0.823081 0.523567
0.824696 0.66497
0.825451 0.358221
0.825566 0.294113
0.825803 0.278118
0.82681 0.195144
0.828114 0.114754
0.828122 0.238794
0.828633 0.827374
0.829638 0.723409
0.829979 0.460028
0.829992 0.681186
0.83013 0.998511
0.830736 0.177698
0.830995 0.531343
0.831011 0.797745
0.83263 0.0154075
0.832836 0.473583
0.83291 0.719501
0.834132 0.264237
0.83475 0.646339
0.834892 0.0268073
0.835219 0.525638
0.835716 0.883167
0.836674 0.973478
0.837287 0.284414
0.838591 0.195165
0.841866 0.234302
0.843838 0.377904
0.844556 0.447026
0.845025 0.340342
0.845092 0.458362
0.845868 0.502807
0.846227 0.534096
0.846497 0.0738054
0.84681 0.327835
0.847754 0.195572
0.848537 0.357639
0.849651 0.0835888
0.849782 0.290281
0.850771 0.902125
0.851019 0.0830888
0.851044 0.493934
0.851797 0.150222
0.853152 0.928408
0.854178 0.165055
0.854799 0.607349
0.85572 0.0877116
0.86093 0.649538
0.861128 0.982538
0.86723 0.542443
0.868962 0.651457
0.869104 0.0372475
0.869919 0.723869
0.87032 0.476844
0.870738 0.493059
0.871454 0.519394
0.872134 0.95631
0.873645 0.346649
0.875673 0.443862
0.875854 0.481933
0.876103 0.661434
0.876718 0.00642253
0.877129 0.910916
0.877401 0.476342
0.87741 0.627861
0.880076 0.430616
0.881111 0.838668
0.881158 0.616281
0.88126 0.342426
0.881957 0.051574
0.882309 0.975416
0.885884 0.0572236
0.88607 0.184985
0.889181 0.468388
0.890115 0.157667
0.890355 0.201975
0.890772 0.208595
0.891139 0.375367
0.892304 0.94586
0.893999 0.447408
0.894086 0.902228
0.894221 0.175006
0.894245 0.571427
0.894489 0.681468
0.894927 0.0347099
0.895265 0.712279
0.896443 0.515764
0.896966 0.298954
0.898588 0.565531
0.898968 0.958986
0.899013 0.708627
0.900544 0.446848
0.902248 0.0757611
0.90293 0.552842
0.903176 0.68432
0.905237 0.316411
0.905365 0.473624
0.905725 0.520246
0.906951 0.119735
0.907191 0.163456
0.908225 0.530216
0.908563 0.212191
0.909859 0.00772181
0.909997 0.319537
0.910381 0.768082
0.911392 0.767402
0.912269 0.502789
0.912411 0.884071
0.912709 0.904358
0.913522 0.566413
0.913695 0.467695
0.91385 0.0710661
0.915136 0.689048
0.915732 0.711731
0.916428 0.409046
0.919189 0.815275
0.921097 0.868499
0.921122 0.299419
0.921728 0.47762
0.925458 0.16514
0.926605 0.446833
0.927019 0.411073
0.927843 0.260561
0.929732 0.013307
0.930192 0.733629
0.931728 0.561062
0.932173 0.0315431
0.934039 0.388291
0.935538 0.583064
0.935829 0.474224
0.936626 0.876458
0.9391 0.449271
0.939667 0.985827
0.940009 0.726907
0.940286 0.388802
0.940968 0.846082
0.94119 0.585952
0.942662 0.31331
0.942724 0.366951
0.94336 0.0567227
0.943547 0.188491
0.944045 0.570204
0.945408 0.467265
0.945518 0.314828
0.946731 0.701056
0.946774 0.437893
0.947108 0.0390615
0.947226 0.0316629
0.947555 0.561408
0.948562 0.481556
0.949556 0.193469
0.952467 0.110804
0.953631 0.677612
0.953963 0.24778
0.954026 0.319554
0.954563 0.348304
0.955014 0.915237
0.955572 0.304016
0.955704 0.522596
0.957443 0.747143
0.95828 0.812248
0.959381 0.307993
0.960851 0.0248724
0.960937 0.463077
0.963609 0.374079
0.964258 0.286425
0.966757 0.280406
0.969845 0.192157
0.970322 0.199957
0.970936 0.525028
0.971034 0.160927
0.971225 0.380938
0.971961 0.746695
0.973649 0.119241
0.973652 0.169376
0.973883 0.0448144
0.974283 0.774529
0.974996 0.765505
0.975447 0.345422
0.975788 0.072994
0.976833 0.638575
0.978541 0.33604
0.97959 0.965485
0.984577 0.781618
0.98575 0.508687
0.986456 0.372907
0.986933 0.384119
0.989631 0.727966
0.990046 0.710958
0.991401 0.479995
0.992061 0.56607
0.992356 0.521234
0.992517 0.22818
0.994412 0.0856116
0.994724 0.328019
0.994787 0.38767
0.995854 0.317319
0.99675 0.371183
0.997883 0.421224
0.998102 0.108218
0.999727 0.412425
0.999879 0.97074
