0.00854538 0.622281
0.00860458 0.617248
0.0110366 0.491502
0.0143914 0.876767
0.0159311 0.753178
0.0163737 0.192439
0.0167462 0.452846
0.0258718 0.827261
0.0294738 0.365503
0.0303547 0.171804
0.0361644 0.814878
0.037538 0.901337
0.0416345 0.750964
0.0491847 0.648013
0.0527488 0.548797
0.0595978 0.660053
0.0611753 0.173648
0.0663048 0.384619
0.0681791 0.885568
0.07443 0.944385
0.0830182 0.287006
0.0903748 0.929959
0.0925893 0.148188
0.0976095 0.522256
0.103682 0.587581
0.111704 0.409157
0.130021 0.265715
0.132514 0.164426
0.13794 0.354768
0.140946 0.880118
0.144978 0.648383
0.145571 0.616219
0.147521 0.390126
0.174458 0.115339
0.177864 0.365136
0.187896 0.971145
0.189804 0.036093
0.191648 0.024696
0.194831 0.517773
0.198537 0.802986
0.201045 0.960515
0.211476 0.27697
0.212216 0.714346
0.217508 0.649716
0.223901 0.0996299
0.231287 0.233454
0.240175 0.62913
0.249892 0.939677
0.251105 0.323088
0.25522 0.483007
0.263967 0.49726
0.267149 0.981525
0.272719 0.591053
0.274061 0.137617
0.280276 0.601169
0.280631 0.557944
0.284665 0.360277
0.286577 0.501931
0.296101 0.566374
0.296285 0.661523
0.329626 0.0161394
0.332528 0.801444
0.332762 0.734657
0.334289 0.401227
0.338824 0.621008
0.353226 0.667999
0.358626 0.420863
0.369522 0.562302
0.373187 0.149074
0.374606 0.00057616
0.386391 0.07454
0.393753 0.815065
0.401004 0.682607
0.406581 0.398417
0.417797 0.919569
0.419284 0.899109
0.435092 0.584295
0.445708 0.0122559
0.447104 0.470553
0.451115 0.892103
0.452132 0.983054
0.456586 0.841791
0.469924 0.015522
0.480559 0.753055
0.486757 0.924057
0.48807 9.26028e-05
0.491899 0.343586
0.499421 0.770755
0.500305 0.622997
0.500684 0.00317014
0.506036 0.940519
0.506139 0.678113
0.510028 0.0348318
0.511037 0.998526
0.512644 0.015513
0.514546 0.975016
0.533009 0.278348
0.551814 0.331659
0.552092 0.00272568
0.552619 0.864563
0.552948 0.404951
0.556383 0.130701
0.561284 0.506407
0.569972 0.514722
0.573045 0.174558
0.576774 0.838262
0.58985 0.605427
0.590277 0.791795
0.594591 0.299247
0.595132 0.391782
0.596695 0.645103
0.596964 0.179482
0.599185 0.499102
0.60045 0.768058
0.603737 0.00987534
0.612495 0.201811
0.615698 0.0441242
0.626624 0.66748
0.628923 0.308253
0.630555 0.742283
0.632625 0.535449
0.644765 0.569647
0.65524 0.611442
0.658637 0.709415
0.659415 0.782567
0.663559 0.444391
0.671908 0.756134
0.676122 0.577677
0.683535 0.179118
0.684012 0.182395
0.6857 0.554533
0.692098 0.0953896
0.696793 0.999835
0.697736 0.847215
0.700395 0.546741
0.702308 0.697419
0.702669 0.76521
0.705713 0.922727
0.705731 0.222751
0.726695 0.563516
0.73522 0.846829
0.736114 0.874272
0.736654 0.94883
0.757138 0.217415
0.759925 0.0644334
0.762398 0.618494
0.769514 0.220858
0.772235 0.956986
0.773828 0.721079
0.774979 0.0738901
0.776658 0.286402
0.788373 0.178161
0.792498 0.50594
0.792855 0.519769
0.793193 0.188894
0.793997 0.710739
0.796639 0.104042
0.799406 0.613024
0.80207 0.398702
0.803423 0.134085
0.81051 0.238379
0.821651 0.483293
0.826917 0.989997
0.827706 0.255959
0.833209 0.750393
0.843465 0.120455
0.847029 0.0112373
0.847953 0.542706
0.855608 0.203701
0.862169 0.469731
0.864044 0.979296
0.865708 0.957337
0.870845 0.287903
0.875334 0.745459
0.876122 0.978691
0.876604 0.0894943
0.878589 0.448908
0.87954 0.424383
0.885058 0.166811
0.891097 0.674703
0.89133 0.577416
0.89258 0.584135
0.899792 0.801196
0.930825 0.368671
0.931886 0.209052
0.932472 0.0533173
0.932554 0.44094
0.941105 0.154665
0.956357 0.497944
0.95926 0.282145
0.967051 0.224073
0.971752 0.227749
0.974799 0.446913
0.976143 0.0304106
0.981548 0.870531
0.984815 0.780627
0.984827 0.979761
0.984865 0.62114
0.990213 0.515694
0.999547 0.389419
