0.000311406 0.233806
0.000412227 0.928301
0.000429996 0.226955
0.00123879 0.820287
0.00210932 0.451332
0.00227731 0.274773
0.00241593 0.604534
0.00289986 0.737948
0.00318127 0.467634
0.00330525 0.551428
0.00355496 0.748139
0.00398393 0.957853
0.00597609 0.440156
0.00627535 0.469819
0.00637967 0.223122
0.00708529 0.0824971
0.00784984 0.932292
0.00822422 0.224411
0.00918049 0.296494
0.009616 0.616153
0.0108645 0.59908
0.0112476 0.038984
0.0134887 0.704294
0.013555 0.819512
0.0138944 0.523848
0.0155756 0.778481
0.0161248 0.00964421
0.0177276 0.948039
0.0187441 0.0322356
0.0191737 0.252492
0.0198407 0.461997
0.0201192 0.143481
0.0210525 0.829739
0.0211084 0.768512
0.022069 0.91421
0.0221972 0.0691699
0.0227909 0.0468907
0.0238559 0.94694
0.0238632 0.0681155
0.0247733 0.364919
0.0250359 0.77867
0.0252058 0.634716
0.0252147 0.783683
0.025498 0.544377
0.0259501 0.143046
0.0267634 0.813162
0.0272526 0.034066
0.0272672 0.27907
0.0274727 0.73442
0.0298207 0.196062
0.0298337 0.41423
0.0306091 0.447608
0.0331991 0.977811
0.0338248 0.492836
0.0342049 0.881172
0.0349702 0.744186
0.0352649 0.697448
0.036313 0.313259
0.0366157 0.399945
0.0385172 0.357906
0.0385554 0.999997
0.038639 0.405034
0.0386596 0.75258
0.0389629 0.850074
0.0391456 0.919811
0.0392184 0.144199
0.0400266 0.727262
0.0408766 0.0135324
0.0410864 0.539296
0.0423047 0.0156999
0.0433758 0.0167014
0.0451635 0.0631739
0.0463562 0.109182
0.0473211 0.325051
0.0495487 0.765658
0.0510736 0.394717
0.0518388 0.25539
0.0520992 0.630973
0.0524804 0.0387967
0.052762 0.7704
0.0540182 0.884544
0.054024 0.981332
0.0546162 0.93512
0.0554419 0.811328
0.0566972 0.909388
0.0575921 0.950136
0.0581835 0.890047
0.058263 0.226267
0.059097 0.243044
0.0594436 0.0693293
0.0601532 0.995433
0.0604408 0.829311
0.060783 0.580096
0.0610104 0.401313
0.0649383 0.418632
0.0656156 0.801225
0.0660917 0.803695
0.0664189 0.301868
0.0677891 0.332165
0.0680248 0.292285
0.0697873 0.914529
0.0724223 0.202004
0.072678 0.498657
0.0727794 0.203491
0.0728724 0.765853
0.0737759 0.951545
0.0750716 0.727611
0.0760092 0.487282
0.0767854 0.532978
0.0774705 0.0471328
0.0774942 0.445276
0.0779182 0.570559
0.0779409 0.953143
0.0787547 0.630561
0.0798453 0.959612
0.080682 0.0217197
0.0821284 0.331777
0.0822268 0.985676
0.0828241 0.0243018
0.0850468 0.382286
0.0851912 0.809282
0.0865936 0.3779
0.0868553 0.776382
0.088141 0.386287
0.0888237 0.859658
0.0890728 0.0459909
0.0893911 0.39576
0.0895008 0.240514
0.0902902 0.507298
0.0918064 0.990793
0.0919366 0.178804
0.0924589 0.955983
0.0924895 0.470175
0.0925037 0.709333
0.0928055 0.781815
0.0928939 0.267479
0.0930229 0.436252
0.094985 0.412612
0.0968694 0.0836192
0.0971233 0.351229
0.0973013 0.343625
0.0973109 0.504395
0.0973511 0.179247
0.0974876 0.473672
0.0976292 0.853961
0.0985999 0.168732
0.0992561 0.197659
0.100341 0.439361
0.100363 0.798865
0.101484 0.646359
0.102556 0.662285
0.103495 0.444996
0.105478 0.77463
0.105998 0.516536
0.106194 0.798086
0.107446 0.83701
0.107944 0.209636
0.108007 0.268403
0.110244 0.86542
0.110523 0.564615
0.111419 0.627308
0.111537 0.608655
0.116423 0.727061
0.118594 0.21696
0.119095 0.632178
0.119107 0.832572
0.119688 0.592321
0.11989 0.997308
0.120321 0.242686
0.120919 0.289318
0.121809 0.238012
0.121982 0.153507
0.123334 0.882661
0.124234 0.00405932
0.124299 0.0944917
0.125328 0.381188
0.128755 0.982131
0.128903 0.478532
0.129946 0.994549
0.130412 0.840617
0.130487 0.0958335
0.130984 0.445106
0.131299 0.735106
0.134349 0.00630795
0.135086 0.384572
0.135577 0.645625
0.13571 0.879999
0.13801 0.540831
0.138387 0.87018
0.138476 0.363514
0.139099 0.836581
0.139258 0.517363
0.139292 0.0872874
0.13953 0.0790566
0.139765 0.0223179
0.139985 0.721561
0.142108 0.408216
0.142197 0.9027
0.142389 0.123979
0.142653 0.572323
0.143507 0.92871
0.145018 0.30932
0.146483 0.938544
0.14692 0.291715
0.147068 0.77341
0.147335 0.258287
0.148022 0.801642
0.148903 0.61123
0.149104 0.989764
0.150001 0.0653315
0.150507 0.566662
0.150716 0.0913461
0.150864 0.565739
0.151064 0.940657
0.151495 0.168896
0.151716 0.896635
0.151749 0.452229
0.151937 0.610545
0.152526 0.505689
0.152541 0.764484
0.152739 0.0776599
0.152813 0.326678
0.153476 0.476131
0.154732 0.580586
0.155529 0.969297
0.155802 0.566741
0.156311 0.116266
0.156814 0.572784
0.157606 0.876375
0.160189 0.298519
0.160224 0.888761
0.16103 0.432543
0.163268 0.0476937
0.163596 0.564556
0.164142 0.739722
0.164366 0.494149
0.167049 0.589469
0.168315 0.866158
0.169098 0.0381492
0.170011 0.380267
0.171424 0.12256
0.171607 0.204232
0.172002 0.838066
0.172113 0.710533
0.172676 0.16438
0.172827 0.702776
0.173035 0.196749
0.17347 0.513786
0.173945 0.488278
0.174517 0.108271
0.174932 0.0750933
0.176729 0.284675
0.177129 0.00462275
0.177449 0.386621
0.177664 0.996886
0.178348 0.500491
0.178811 0.279761
0.179429 0.65802
0.180438 0.624665
0.180891 0.226722
0.181087 0.531681
0.182019 0.198256
0.182971 0.194682
0.183617 0.0576355
0.186413 0.042312
0.186512 0.703357
0.18673 0.376186
0.187557 0.271224
0.187725 0.0958701
0.187959 0.0342478
0.190899 0.432506
0.192263 0.370655
0.19318 0.776534
0.193357 0.755313
0.195075 0.629114
0.19517 0.2198
0.198019 0.113415
0.198129 0.952182
0.198241 0.834267
0.198415 0.763732
0.200384 0.862261
0.202444 0.470474
0.203719 0.912683
0.203967 0.0688843
0.204415 0.599894
0.204763 0.451835
0.205206 0.903329
0.20578 0.549532
0.206081 0.596993
0.206296 0.216704
0.207354 0.998121
0.209037 0.282322
0.209056 0.605692
0.209183 0.733698
0.209277 0.313881
0.209282 0.41002
0.211042 0.985729
0.212846 0.306773
0.213024 0.287697
0.213499 0.276588
0.213712 0.854703
0.213856 0.270625
0.214317 0.0256564
0.214882 0.525734
0.215184 0.603138
0.217937 0.869041
0.218226 0.723237
0.219717 0.775734
0.219929 0.340677
0.220068 0.683125
0.220633 0.18238
0.220678 0.940787
0.221713 0.325595
0.22178 0.449641
0.223534 0.934337
0.223761 0.755468
0.224165 0.537354
0.224349 0.639022
0.225036 0.175176
0.227287 0.011508
0.22732 0.56574
0.22737 0.402676
0.228571 0.59863
0.229272 0.372581
0.230197 0.916306
0.23039 0.162066
0.230538 0.659139
0.23091 0.905372
0.231005 0.495792
0.234401 0.583537
0.234628 0.38619
0.234779 0.924852
0.235125 0.740142
0.235159 0.314989
0.237968 0.535544
0.238016 0.329303
0.239126 0.996868
0.240882 0.499972
0.241572 0.103973
0.242414 0.24875
0.244592 0.860654
0.245643 0.516818
0.246115 0.460011
0.246848 0.778857
0.247667 0.539775
0.248121 0.162478
0.249208 0.433137
0.250566 0.265834
0.250675 0.0995287
0.250959 0.867251
0.251012 0.751028
0.251953 0.580157
0.253514 0.817841
0.253658 0.226853
0.254067 0.109127
0.254286 0.792341
0.254431 0.221059
0.255235 0.737137
0.255913 0.125067
0.257458 0.103479
0.258195 0.487879
0.258214 0.808964
0.259042 0.715819
0.259199 0.365601
0.259393 0.614687
0.259823 0.852059
0.259856 0.405266
0.260374 0.112736
0.260492 0.0930654
0.260702 0.619565
0.262236 0.402075
0.263571 0.834899
0.263601 0.344575
0.263936 0.967313
0.264591 0.984947
0.26651 0.231874
0.267154 0.0618781
0.267539 0.528799
0.269161 0.787315
0.271407 0.533135
0.271588 0.579471
0.272079 0.834952
0.272882 0.324005
0.273391 0.88369
0.2739 0.435313
0.274406 0.938405
0.275079 0.245356
0.276043 0.45811
0.276151 0.272059
0.27803 0.85772
0.279841 0.284179
0.281445 0.250756
0.282527 0.433533
0.284287 0.0171301
0.284625 0.686896
0.286761 0.597706
0.287348 0.458916
0.288943 0.264794
0.290082 0.402521
0.291647 0.718649
0.292047 0.43221
0.292347 0.478794
0.294033 0.814531
0.294305 0.38312
0.295334 0.675694
0.295387 0.569669
0.300119 0.092718
0.300267 0.594057
0.300485 0.24552
0.300652 0.0605163
0.301394 0.535318
0.30178 0.0227446
0.301906 0.136459
0.302094 0.290822
0.304984 0.858867
0.307552 0.0348413
0.308714 0.563292
0.309013 0.580613
0.3091 0.0509997
0.30966 0.461692
0.309784 0.534991
0.312312 0.0291555
0.312777 0.846016
0.313712 0.556106
0.31411 0.239262
0.314325 0.854856
0.315554 0.51255
0.316208 0.515478
0.317059 0.814983
0.317671 0.0902623
0.317728 0.0587755
0.318382 0.0390777
0.318547 0.820499
0.319876 0.151517
0.321206 0.516103
0.322077 0.154818
0.323398 0.344633
0.323553 0.947598
0.324713 0.447779
0.324782 0.603491
0.325247 0.422739
0.325977 0.691441
0.326972 0.415907
0.327056 0.828387
0.327503 0.344049
0.32837 0.907021
0.331666 0.312808
0.332036 0.532431
0.334452 0.128192
0.334867 0.111239
0.335488 0.540878
0.335625 0.853218
0.335664 0.512754
0.337282 0.701623
0.337494 0.269187
0.339937 0.32067
0.340529 0.274778
0.340946 0.27916
0.342262 0.391314
0.343727 0.0131029
0.344075 0.870358
0.344805 0.130248
0.344941 0.423429
0.345219 0.0928675
0.346352 0.131489
0.346795 0.588532
0.349798 0.0554732
0.350426 0.609418
0.350723 0.601045
0.350916 0.842986
0.351883 0.0999903
0.354358 0.691164
0.355329 0.0175959
0.355619 0.896844
0.356255 0.573248
0.356382 0.715889
0.358968 0.182135
0.359328 0.221165
0.361194 0.592298
0.361661 0.431354
0.362021 0.490544
0.362487 0.313634
0.362879 0.902936
0.363291 0.839087
0.363456 0.607407
0.364575 0.418062
0.365685 0.0644418
0.365823 0.383653
0.366648 0.261395
0.366677 0.740728
0.367652 0.131893
0.367703 0.986767
0.368538 0.0171071
0.368686 0.50918
0.369902 0.946084
0.370183 0.665173
0.37138 0.775545
0.37164 0.150682
0.371764 0.234124
0.372924 0.726612
0.374635 0.491376
0.375859 0.0616645
0.380452 0.252346
0.38069 0.261341
0.381376 0.779338
0.38282 0.0577142
0.383664 0.240144
0.384212 0.458981
0.385926 0.250041
0.38615 0.018438
0.386862 0.993816
0.386926 0.070067
0.388138 0.427753
0.388211 0.658567
0.389667 0.135403
0.390569 0.286636
0.393416 0.143781
0.394573 0.596057
0.394804 0.473107
0.395299 0.793148
0.396016 0.836569
0.397095 0.977107
0.39722 0.083433
0.398867 0.763172
0.400109 0.623694
0.400723 0.955629
0.401126 0.729492
0.402285 0.206977
0.402334 0.0207789
0.403631 0.82628
0.404109 0.860048
0.40417 0.887165
0.40562 0.261351
0.406311 0.864453
0.406674 0.969592
0.407115 0.386079
0.407119 0.450662
0.407835 0.485724
0.409018 0.359106
0.409568 0.604365
0.410822 0.687468
0.411121 0.711935
0.414499 0.476521
0.415294 0.846652
0.416207 0.196705
0.417079 0.852278
0.417898 0.609408
0.418897 0.399498
0.419194 0.393621
0.420751 0.560163
0.42155 0.98979
0.421657 0.787687
0.421854 0.0928883
0.421917 0.157932
0.422031 0.0780221
0.422315 0.8436
0.423543 0.483051
0.423599 0.420517
0.424075 0.423128
0.42502 0.314125
0.425192 0.208206
0.425481 0.0646798
0.427116 0.538468
0.427477 0.61411
0.42966 0.304129
0.430163 0.747694
0.430243 0.0929995
0.430333 0.600483
0.430362 0.092089
0.43045 0.569355
0.432403 0.399746
0.432888 0.54979
0.433301 0.487107
0.434456 0.897082
0.435282 0.783182
0.437207 0.142425
0.437326 0.138048
0.43769 0.247491
0.438199 0.805877
0.438853 0.809971
0.439072 0.47974
0.439961 0.41707
0.440487 0.266173
0.440709 0.999328
0.44167 0.151702
0.441948 0.818065
0.442398 0.377853
0.442581 0.456371
0.442665 0.870196
0.443706 0.373496
0.448036 0.143805
0.451462 0.727952
0.452778 0.846837
0.45302 0.91273
0.454452 0.976068
0.454667 0.586459
0.455673 0.489107
0.455917 0.602365
0.458123 0.674945
0.458271 0.153024
0.459673 0.72554
0.461276 0.666172
0.461669 0.266376
0.462564 0.311593
0.463761 0.432061
0.464062 0.494893
0.465801 0.722226
0.466991 0.724962
0.468831 0.650313
0.468832 0.667625
0.469264 0.921659
0.471053 0.991564
0.473271 0.266041
0.476271 0.68294
0.476419 0.181555
0.47648 0.196776
0.4769 0.250714
0.477094 0.510757
0.477307 0.106903
0.477817 0.66737
0.477925 0.487072
0.47869 0.34787
0.48052 0.0926506
0.481504 0.642221
0.481732 0.466505
0.482673 0.283958
0.483608 0.992311
0.48478 0.691783
0.484879 0.355035
0.486821 0.995448
0.487935 0.729686
0.490213 0.00553917
0.491266 0.713623
0.491711 0.193292
0.491721 0.357826
0.492014 0.278687
0.492156 0.664516
0.492186 0.178106
0.49344 0.249838
0.494078 0.977012
0.494203 0.0712548
0.494431 0.898835
0.495555 0.7963
0.496223 0.0222247
0.496854 0.632332
0.497167 0.881939
0.498755 0.576777
0.498833 0.881675
0.499588 0.568744
0.500978 0.934323
0.501711 0.252864
0.501862 0.802413
0.502092 0.667536
0.50286 0.564117
0.504251 0.947109
0.504404 0.52218
0.504657 0.765559
0.506775 0.365647
0.5084 0.678674
0.511016 0.640893
0.51202 0.518364
0.513921 0.475488
0.514118 0.785338
0.515291 0.492558
0.516837 0.481966
0.517523 0.0118202
0.517888 0.15203
0.519151 0.37132
0.519681 0.283559
0.521006 0.542544
0.521854 0.792194
0.522497 0.6079
0.522551 0.519813
0.522702 0.0551886
0.523165 0.841714
0.523548 0.275396
0.524352 0.782864
0.524505 0.355189
0.52542 0.728338
0.525422 0.774545
0.525624 0.157422
0.52563 0.263313
0.526061 0.512425
0.526241 0.538107
0.526615 0.814965
0.527095 0.883067
0.527231 0.179301
0.528033 0.646025
0.528306 0.241551
0.529271 0.462015
0.529306 0.048914
0.529379 0.267863
0.529822 0.721572
0.530277 0.363951
0.530874 0.397036
0.531623 0.990173
0.533057 0.0894183
0.533548 0.340501
0.534063 0.993625
0.534287 0.7563
0.534365 0.0650884
0.535056 0.679749
0.536815 0.245041
0.5389 0.287617
0.539853 0.305189
0.540766 0.661293
0.540794 0.129513
0.540928 0.371737
0.542144 0.822494
0.543192 0.422699
0.544165 0.784984
0.544911 0.312551
0.54544 0.209341
0.546452 0.225308
0.546824 0.477012
0.549206 0.511614
0.549654 0.0336079
0.549768 0.944479
0.551498 0.0186969
0.552897 0.538337
0.554195 0.350593
0.554249 0.258311
0.555285 0.682196
0.556429 0.896668
0.557105 0.27203
0.55753 0.406971
0.557552 0.771085
0.557815 0.192897
0.558115 0.233869
0.558329 0.830673
0.558901 0.453053
0.560184 0.00656883
0.560612 0.213645
0.562037 0.157694
0.562457 0.211734
0.563293 0.264348
0.564106 0.936537
0.564192 0.38145
0.564548 0.359238
0.564767 0.0326463
0.565113 0.850644
0.565834 0.978988
0.566883 0.605592
0.568637 0.0760908
0.56958 0.932565
0.570473 0.933031
0.572622 0.0574616
0.572969 0.897451
0.573451 0.982873
0.573974 0.782248
0.575271 0.587413
0.575663 0.163762
0.57683 0.775094
0.576865 0.375964
0.57697 0.127466
0.578214 0.0496129
0.579488 0.454968
0.580443 0.503165
0.580874 0.757278
0.582661 0.784356
0.583087 0.949171
0.583417 0.481999
0.58504 0.760934
0.586368 0.0840167
0.586616 0.246839
0.587159 0.387577
0.587417 0.713156
0.588597 0.541372
0.589648 0.214433
0.589827 0.229479
0.590438 0.493262
0.590602 0.249599
0.590739 0.554645
0.592063 0.806062
0.592234 0.681869
0.592796 0.127733
0.59385 0.834729
0.594809 0.954616
0.596093 0.529294
0.596733 0.29765
0.596876 0.700291
0.598119 0.58689
0.599193 0.634631
0.599217 0.0340027
0.600094 0.77378
0.601553 0.308813
0.602417 0.826266
0.602622 0.26475
0.603155 0.219424
0.60371 0.558998
0.603812 0.26182
0.604724 0.590031
0.606393 0.651266
0.607192 0.0741785
0.607592 0.800231
0.608374 0.946097
0.608773 0.654501
0.60945 0.0226699
0.610524 0.0763272
0.61077 0.21117
0.611097 0.709062
0.611244 0.18358
0.611739 0.499433
0.613511 0.273047
0.614093 0.0604935
0.614802 0.981267
0.615436 0.634106
0.616893 0.123355
0.61747 0.825111
0.617667 0.134358
0.618428 0.921667
0.619023 0.925348
0.61958 0.281091
0.621221 0.855448
0.622925 0.496344
0.623421 0.842447
0.623447 0.268147
0.624078 0.87607
0.625627 0.913782
0.62585 0.663404
0.627826 0.875267
0.628184 0.885762
0.628822 0.618798
0.628855 0.167372
0.629501 0.0269207
0.631526 0.0546437
0.632053 0.90993
0.632544 0.170138
0.633264 0.26861
0.633491 0.0754574
0.636579 0.987835
0.636762 0.0615165
0.638695 0.553956
0.639354 0.618995
0.640039 0.136632
0.640631 0.0877663
0.641933 0.973371
0.645511 0.108437
0.645834 0.538012
0.645954 0.549843
0.646945 0.204552
0.647443 0.566378
0.649873 0.422076
0.650391 0.121383
0.651461 0.101105
0.652056 0.099988
0.652125 0.256577
0.652549 0.392723
0.653602 0.0884176
0.654948 0.711461
0.655062 0.619569
0.655637 0.29718
0.655982 0.0874961
0.656457 0.0674735
0.657243 0.285562
0.659669 0.0485406
0.659766 0.690067
0.660871 0.260758
0.661328 0.93697
0.66151 0.00519638
0.661561 0.856666
0.66198 0.891023
0.66235 0.12057
0.66507 0.825893
0.665202 0.0499048
0.665261 0.0393927
0.665675 0.999829
0.666572 0.0832148
0.666994 0.168983
0.668623 0.55276
0.669472 0.822563
0.670507 0.214446
0.67062 0.107042
0.674283 0.681527
0.674472 0.856998
0.674923 0.425512
0.675204 0.154517
0.676916 0.924861
0.678215 0.758561
0.678403 0.916415
0.678753 0.809577
0.67928 0.663227
0.679728 0.19351
0.67989 0.906066
0.680054 0.673392
0.68098 0.232606
0.681139 0.909091
0.682178 0.359664
0.68323 0.0487142
0.684503 0.434033
0.684549 0.217696
0.684958 0.094648
0.685016 0.0692345
0.687175 0.350709
0.687475 0.39759
0.6876 0.499996
0.689223 0.762347
0.690432 0.0845244
0.691187 0.780484
0.692575 0.109044
0.693583 0.0487505
0.693747 0.812977
0.694551 0.32194
0.694767 0.957296
0.695852 0.179988
0.696464 0.467124
0.697036 0.0868353
0.697328 0.992278
0.698116 0.23714
0.698952 0.283157
0.699629 0.671901
0.700208 0.390342
0.700436 0.223628
0.701091 0.243915
0.70129 0.587895
0.701712 0.672442
0.701734 0.036877
0.701789 0.971893
0.703405 0.125795
0.703519 0.052044
0.703602 0.447345
0.705321 0.32534
0.705902 0.100562
0.706366 0.893638
0.706579 0.467314
0.707291 0.439108
0.7073 0.599337
0.707343 0.321641
0.707471 0.468774
0.708508 0.894498
0.708852 0.67633
0.710226 0.760433
0.712229 0.430843
0.713233 0.305051
0.713777 0.451603
0.716122 0.864518
0.716319 0.169868
0.71712 0.631763
0.717227 0.437948
0.7173 0.668598
0.717338 0.295412
0.72189 0.805591
0.72221 0.185272
0.723845 0.659632
0.725654 0.0677377
0.729607 0.496332
0.730098 0.758051
0.730629 0.686991
0.734443 0.779391
0.735015 0.400566
0.735186 0.264986
0.736839 0.049434
0.737923 0.270184
0.737993 0.45685
0.738216 0.199537
0.73838 0.959858
0.738713 0.54535
0.7389 0.689844
0.739395 0.0185334
0.739545 0.527981
0.740601 0.28415
0.741186 0.110109
0.741966 0.221117
0.742343 0.563341
0.74263 0.383234
0.742944 0.654505
0.743556 0.943457
0.743835 0.641634
0.746697 0.740582
0.74703 0.325189
0.747273 0.424391
0.747312 0.0658873
0.747972 0.163022
0.74884 0.759795
0.748854 0.98384
0.74918 0.474939
0.749749 0.0257231
0.750123 0.317772
0.750458 0.952601
0.750583 0.0427113
0.751316 0.376099
0.753084 0.0879157
0.753194 0.93382
0.754454 0.104313
0.754475 0.464991
0.754533 0.439992
0.755549 0.50766
0.757516 0.564436
0.757669 0.150511
0.758209 0.22431
0.762499 0.32368
0.763243 0.823213
0.763415 0.717757
0.763708 0.636223
0.763938 0.499945
0.764434 0.841235
0.765537 0.387429
0.765738 0.755319
0.766265 0.616647
0.766308 0.338747
0.766848 0.409901
0.766855 0.527578
0.766893 0.172345
0.767977 0.384048
0.768102 0.483801
0.768754 0.450266
0.771503 0.64552
0.77208 0.343182
0.773046 0.5821
0.773306 0.95535
0.773517 0.499975
0.773983 0.337074
0.774276 0.257544
0.776078 0.544575
0.776127 0.362361
0.777519 0.761953
0.778219 0.524422
0.778233 0.763431
0.779427 0.830962
0.779745 0.181107
0.779788 0.89931
0.780611 0.720991
0.780781 0.589379
0.781338 0.952072
0.781652 0.218013
0.781663 0.403303
0.782159 0.743004
0.783288 0.715093
0.784043 0.417744
0.784348 0.542334
0.787787 0.344907
0.788404 0.708969
0.78997 0.0208545
0.791548 0.541219
0.791618 0.718884
0.793674 0.278385
0.798131 0.182171
0.799512 0.402719
0.801779 0.493627
0.802641 0.988227
0.803427 0.205556
0.80415 0.356346
0.804332 0.410016
0.807243 0.334919
0.808667 0.258455
0.809777 0.919235
0.812067 0.409687
0.812101 0.979228
0.812189 0.460838
0.817511 0.906244
0.820825 0.5976
0.821909 0.823023
0.822133 0.581308
0.822405 0.157182
0.822421 0.427263
0.823054 0.0688864
0.823801 0.619956
0.824115 0.89842
0.825027 0.232641
0.827042 0.0882464
0.828016 0.466137
0.829376 0.328598
0.82944 0.391739
0.829987 0.583841
0.830189 0.986825
0.83108 0.955147
0.831176 0.581882
0.832607 0.630366
0.83531 0.0477649
0.836223 0.40102
0.836545 0.804055
0.83665 0.575851
0.836898 0.74776
0.837394 0.0859896
0.837715 0.468677
0.838656 0.293548
0.839922 0.563656
0.841278 0.36655
0.843334 0.912269
0.844121 0.148185
0.847315 0.822991
0.847876 0.255597
0.848059 0.333317
0.848379 0.698074
0.848417 0.350527
0.848897 0.407172
0.851154 0.339854
0.85256 0.976045
0.852891 0.533847
0.853578 0.0861861
0.853728 0.609415
0.854135 0.449341
0.8545 0.585974
0.854941 0.998125
0.85622 0.495455
0.857389 0.14116
0.85764 0.351645
0.857957 0.679876
0.85834 0.122841
0.85834 0.128178
0.858468 0.266984
0.859192 0.446427
0.859892 0.210102
0.862314 0.909147
0.86279 0.903611
0.863252 0.677685
0.863652 0.400904
0.863783 0.593211
0.864002 0.286514
0.865281 0.781699
0.868278 0.147054
0.868727 0.697474
0.869117 0.256323
0.869787 0.505164
0.870278 0.770788
0.871365 0.031664
0.872313 0.95723
0.872887 0.610313
0.87346 0.237334
0.873696 0.208316
0.874858 0.737103
0.875576 0.812604
0.875674 0.450624
0.878529 0.429383
0.879512 0.957117
0.879858 0.765676
0.880724 0.331715
0.881653 0.94846
0.88269 0.366922
0.882721 0.891774
0.883775 0.606972
0.885993 0.891912
0.886168 0.819734
0.887572 0.419008
0.889035 0.00798054
0.889973 0.770374
0.891427 0.208103
0.892131 0.0530309
0.894986 0.0224447
0.895637 0.967051
0.895715 0.281325
0.896018 0.379438
0.896666 0.262114
0.899391 0.0696652
0.900821 0.0935508
0.903099 0.385205
0.90431 0.7457
0.905179 0.341183
0.907129 0.109948
0.910896 0.425784
0.912327 0.477704
0.912897 0.0563032
0.915757 0.12872
0.918428 0.0114918
0.919553 0.92479
0.921315 0.540334
0.921986 0.820316
0.926149 0.782681
0.926864 0.807795
0.927106 0.877734
0.927558 0.462848
0.928087 0.352335
0.929818 0.444163
0.931951 0.308625
0.935318 0.881989
0.935634 0.193465
0.935997 0.295325
0.938465 0.7829
0.939669 0.0128595
0.940233 0.487517
0.940556 0.924934
0.940595 0.573998
0.941 0.389138
0.941204 0.822777
0.941706 0.252388
0.941905 0.592447
0.943013 0.211881
0.943073 0.235264
0.943399 0.703682
0.94386 0.446677
0.944437 0.157323
0.945314 0.885235
0.948375 0.341202
0.949336 0.496409
0.951587 0.330064
0.952253 0.518
0.952431 0.508401
0.953204 0.494022
0.953566 0.59204
0.953612 0.352348
0.954881 0.684651
0.956558 0.86257
0.957363 0.401383
0.958492 0.367078
0.958871 0.738236
0.959402 0.674424
0.960436 0.0413014
0.961238 0.524586
0.962303 0.432516
0.962895 0.382109
0.964981 0.438757
0.965544 0.903326
0.966083 0.951149
0.966123 0.624874
0.966167 0.371275
0.966926 0.124352
0.967923 0.873306
0.968313 0.43632
0.968315 0.47776
0.968803 0.680187
0.969937 0.734977
0.970409 0.669812
0.972474 0.362284
0.974204 0.450323
0.976453 0.246999
0.976809 0.235627
0.977684 0.933548
0.978057 0.209428
0.978589 0.139229
0.978593 0.217939
0.978908 0.506084
0.980108 0.675013
0.983223 0.0340336
0.983261 0.668267
0.98369 0.884727
0.984694 0.744895
0.985228 0.7239
0.985855 0.271373
0.986328 0.21153
0.986407 0.544039
0.98649 0.93358
0.986675 0.051089
0.987486 0.680179
0.987592 0.45401
0.988038 0.956907
0.989149 0.621906
0.99035 0.818533
0.990625 0.439691
0.990759 0.678439
0.990858 0.347295
0.99122 0.440624
0.991456 0.404461
0.991536 0.745118
0.992948 0.472236
0.993306 0.489524
0.994554 0.465172
0.994986 0.728207
0.99522 0.660621
0.995417 0.965885
0.998746 0.931954
