0.00211109 0.481119
0.00219651 0.916796
0.00232772 0.122009
0.00347284 0.368099
0.00360029 0.510122
0.00463402 0.883926
0.00464066 0.995538
0.00491148 0.547307
0.00528732 0.864032
0.00536505 0.170402
0.00565476 0.0395308
0.00570663 0.911326
0.00660147 0.950837
0.00730231 0.729984
0.00856742 0.992696
0.00906885 0.420247
0.00943684 0.605044
0.00988937 0.210623
0.010998 0.843588
0.0110373 0.504142
0.0121138 0.596117
0.0127884 0.934742
0.013598 0.541119
0.013693 0.138982
0.0142198 0.992468
0.0144812 0.38548
0.0164638 0.707014
0.0169336 0.602991
0.0172492 0.907156
0.0173452 0.520969
0.017626 0.240106
0.0177524 0.364621
0.0183454 0.331001
0.0189095 0.811677
0.019395 0.972287
0.0194527 0.941457
0.0199825 0.845072
0.0220306 0.268699
0.0220455 0.518634
0.0221045 0.510196
0.0229997 0.55654
0.0237118 0.525007
0.0257359 0.54409
0.0265256 0.815186
0.0265786 0.70614
0.0266612 0.0949527
0.0270974 0.42524
0.0271879 0.947476
0.0275829 0.585271
0.0282025 0.000227102
0.0285226 0.378876
0.0293467 0.229969
0.0298574 0.813203
0.0301583 0.870054
0.0303406 0.933992
0.0325812 0.592892
0.0327028 0.636091
0.0341516 0.986634
0.0341588 0.107684
0.0357807 0.365645
0.0362484 0.226403
0.0363005 0.102855
0.0380724 0.882526
0.0388067 0.22439
0.0391301 0.659467
0.0397894 0.741042
0.0406583 0.343247
0.0411777 0.0732958
0.0421482 0.384748
0.0423399 0.607006
0.0428515 0.205329
0.0431488 0.202403
0.0439689 0.985414
0.0445283 0.387224
0.0447138 0.504357
0.0453538 0.261795
0.0461394 0.464356
0.0464962 0.462454
0.0470199 0.26287
0.0472469 0.078436
0.0478149 0.625714
0.0485884 0.625666
0.0489187 0.176213
0.0491076 0.350729
0.0495774 0.247301
0.0500566 0.300917
0.050396 0.00474339
0.0510957 0.765749
0.0511086 0.982282
0.0512432 0.245002
0.0528184 0.719175
0.0536811 0.217775
0.0537392 0.194882
0.0539509 0.752452
0.0547186 0.655348
0.0553443 0.171171
0.055628 0.940435
0.0556941 0.0510206
0.0570171 0.285908
0.0576824 0.468162
0.058015 0.0581928
0.0581549 0.408866
0.0584421 0.236053
0.058469 0.687893
0.0586334 0.4514
0.0617872 0.457849
0.0621167 0.995866
0.062557 0.395871
0.0627438 0.535583
0.063105 0.605973
0.0637121 0.808867
0.0651554 0.067379
0.0652769 0.108981
0.0655645 0.942907
0.065578 0.169559
0.0664868 0.442906
0.066609 0.497751
0.0668592 0.702084
0.0694161 0.675739
0.0714756 0.291167
0.071787 0.524402
0.0722417 0.166358
0.0723358 0.748553
0.073283 0.668045
0.0733863 0.402823
0.073648 0.801704
0.0739673 0.168817
0.0743765 0.0463718
0.0755163 0.202976
0.0757104 0.464443
0.0759062 0.7554
0.0769493 0.286569
0.0773164 0.45734
0.0780682 0.0924186
0.0783138 0.219529
0.0787925 0.265984
0.0788144 0.633635
0.0789976 0.712474
0.0791027 0.47959
0.0807927 0.882298
0.0808299 0.508775
0.080983 0.0810839
0.0815807 0.126612
0.0816137 0.681518
0.0817359 0.735439
0.0827574 0.903245
0.0827931 0.50312
0.0828688 0.776197
0.0832263 0.784148
0.0838581 0.403216
0.0857168 0.641989
0.0857203 0.700366
0.0857555 0.293057
0.0861408 0.768713
0.0866597 0.489354
0.0868845 0.267847
0.0870726 0.429849
0.0875737 0.850584
0.0877235 0.369188
0.0888389 0.115557
0.0904424 0.0649159
0.0913285 0.957972
0.0918755 0.15092
0.0926457 0.0957969
0.0928451 0.447573
0.0935034 0.512321
0.0935126 0.666164
0.0936537 0.0375776
0.0940733 0.0897702
0.0940797 0.197735
0.0942339 0.788756
0.094577 0.55564
0.0954632 0.450496
0.0954944 0.973947
0.0974434 0.731028
0.0980774 0.386372
0.0988934 0.102201
0.0991573 0.537107
0.099326 0.371709
0.101585 0.346254
0.101969 0.80041
0.102286 0.117606
0.103332 0.693573
0.104389 0.471962
0.106342 0.290425
0.107873 0.0200831
0.108381 0.562667
0.108528 0.0303367
0.108944 0.0140017
0.108944 0.0248177
0.109515 0.626192
0.109607 0.164449
0.10965 0.880272
0.109803 0.456455
0.111073 0.800302
0.11139 0.129426
0.111812 0.22003
0.112094 0.959139
0.112388 0.897539
0.112872 0.036564
0.115491 0.0649078
0.115559 0.19322
0.115862 0.289172
0.116962 0.779017
0.117293 0.346907
0.117646 0.272134
0.117884 0.274375
0.118865 0.766609
0.119034 0.60348
0.119328 0.547108
0.12021 0.36255
0.120372 0.0872221
0.120843 0.00792256
0.120907 0.0879537
0.121145 0.0787759
0.121168 0.465211
0.121834 0.668807
0.122344 0.235833
0.122919 0.900123
0.123454 0.892065
0.123784 0.44345
0.124275 0.682316
0.124603 0.202692
0.124739 0.494684
0.125167 0.67616
0.125846 0.0904737
0.125886 0.763205
0.126582 0.471367
0.127891 0.467527
0.128366 0.448983
0.128531 0.224574
0.128568 0.836252
0.128883 0.135737
0.129222 0.82701
0.129435 0.4217
0.130323 0.334542
0.131254 0.984979
0.131399 0.427879
0.131411 0.632867
0.132128 0.672006
0.132245 0.634132
0.132588 0.412012
0.132795 0.88256
0.132886 0.408256
0.132996 0.266205
0.133208 0.834137
0.133533 0.28561
0.133788 0.567347
0.13479 0.41417
0.135911 0.262501
0.136401 0.498643
0.136747 0.309057
0.13706 0.572447
0.137346 0.379779
0.13744 0.952871
0.137547 0.754501
0.138656 0.391529
0.139229 0.0292248
0.14022 0.685335
0.140565 0.480644
0.141643 0.588022
0.1418 0.229296
0.142473 0.548981
0.142534 0.573617
0.143756 0.100071
0.143821 0.192913
0.145561 0.448109
0.145883 0.847881
0.14605 0.664325
0.146212 0.382439
0.147282 0.364508
0.147528 0.506927
0.147982 0.126336
0.148991 0.0993595
0.149347 0.0764047
0.14989 0.201536
0.150647 0.931494
0.15141 0.743487
0.151998 0.63684
0.15265 0.58813
0.152855 0.0302999
0.153024 0.881853
0.153218 0.138249
0.154473 0.234681
0.154542 0.393727
0.154651 0.224777
0.154674 0.609576
0.155052 0.954085
0.156417 0.9073
0.157363 0.806584
0.159056 0.255906
0.159068 0.460574
0.159417 0.314479
0.159602 0.422635
0.159921 0.794459
0.160143 0.51924
0.161032 0.463888
0.161203 0.338771
0.16158 0.678185
0.16429 0.223389
0.16451 0.92595
0.164724 0.509097
0.164959 0.462533
0.165029 0.639572
0.165147 0.629363
0.166251 0.186874
0.16637 0.174357
0.1669 0.0924191
0.167624 0.253102
0.167858 0.19425
0.169372 0.640109
0.170783 0.347262
0.171143 0.395135
0.171912 0.327185
0.1722 0.162833
0.172301 0.867956
0.172389 0.343008
0.172532 0.750078
0.173075 0.86538
0.173391 0.189463
0.174099 0.075284
0.17423 0.289223
0.174426 0.582551
0.176617 0.408804
0.177024 0.243134
0.177359 0.880726
0.177683 0.313925
0.17783 0.790657
0.1791 0.135193
0.179972 0.797051
0.180204 0.690928
0.180433 0.539482
0.180469 0.150424
0.1809 0.381755
0.181221 0.787459
0.181863 0.563188
0.182076 0.154177
0.182293 0.794863
0.183353 0.617337
0.183392 0.27487
0.184034 0.0591446
0.184108 0.302966
0.184432 0.744179
0.184969 0.76997
0.185258 0.623994
0.185404 0.0934563
0.185818 0.0467315
0.18595 0.254589
0.186365 0.24288
0.186763 0.927288
0.187302 0.99279
0.187793 0.23931
0.188207 0.193619
0.188792 0.0354737
0.189036 0.121222
0.190075 0.595204
0.190201 0.701123
0.191878 0.898193
0.192351 0.834945
0.19306 0.751086
0.193156 0.364609
0.193882 0.570169
0.19516 0.0535052
0.196243 0.260645
0.19692 0.637588
0.199623 0.0710547
0.199645 0.42681
0.201232 0.113673
0.201624 0.687392
0.201803 0.698181
0.202376 0.330829
0.203728 0.0489714
0.203889 0.760464
0.205081 0.79359
0.205421 0.50972
0.206635 0.914919
0.206925 0.78433
0.208403 0.637278
0.208692 0.482529
0.209177 0.642098
0.209475 0.648454
0.210247 0.616404
0.212447 0.599841
0.212502 0.518743
0.214112 0.584762
0.215582 0.289456
0.215729 0.753643
0.215785 0.697464
0.216683 0.788621
0.216853 0.645535
0.217668 0.352177
0.21834 0.647866
0.219923 0.24676
0.220313 0.800867
0.220836 0.583994
0.221022 0.713149
0.221628 0.899607
0.221704 0.175595
0.222468 0.0248024
0.223324 0.402273
0.22351 0.539348
0.223613 0.259576
0.224796 0.139055
0.22581 0.187133
0.226351 0.284873
0.226514 0.0219186
0.226547 0.574758
0.226889 0.325613
0.227021 0.541618
0.227039 0.839224
0.227143 0.600517
0.227692 0.814979
0.228756 0.69457
0.228899 0.1011
0.228997 0.756267
0.229615 0.145029
0.229724 0.971665
0.230161 0.321854
0.230486 0.770244
0.230627 0.143199
0.231341 0.147448
0.233359 0.0638335
0.233727 0.252425
0.233727 0.25385
0.234932 0.500894
0.23556 0.0608262
0.235861 0.108701
0.235987 0.226689
0.237699 0.0135387
0.237703 0.0759384
0.238246 0.200068
0.239762 0.677921
0.239984 0.405895
0.240328 0.184502
0.240619 0.082667
0.241958 0.588691
0.242662 0.412715
0.244831 0.882508
0.245268 0.215996
0.248389 0.674145
0.24855 0.386992
0.248972 0.473307
0.249116 0.89715
0.249354 0.900471
0.24944 0.345641
0.249634 0.606435
0.249725 0.122442
0.250065 0.842806
0.251293 0.478187
0.251392 0.153601
0.251703 0.366706
0.252575 0.0212776
0.252692 0.987935
0.253746 0.708149
0.254323 0.414381
0.254436 0.300301
0.25454 0.0613911
0.254809 0.570342
0.256142 0.975226
0.256212 0.151545
0.256655 0.605098
0.25791 0.695363
0.257966 0.626583
0.258218 0.867106
0.258792 0.52195
0.258909 0.475302
0.259675 0.354383
0.260455 0.473514
0.260804 0.34063
0.261044 0.362789
0.261124 0.71085
0.261673 0.939853
0.261802 0.10181
0.262009 0.578079
0.26206 0.438471
0.262298 0.435265
0.262476 0.430268
0.262741 0.895
0.264011 0.23423
0.264165 0.813731
0.265178 0.838471
0.265446 0.357761
0.265676 0.216091
0.267839 0.563409
0.268202 0.674159
0.268744 0.780868
0.268991 0.930722
0.26987 0.704309
0.269919 0.52625
0.269965 0.297077
0.271563 0.16638
0.271915 0.0769634
0.272153 0.0788991
0.273008 0.437782
0.274018 0.414711
0.274157 0.764383
0.274407 0.954277
0.274483 0.240916
0.275047 0.720387
0.276239 0.743385
0.277219 0.217595
0.278986 0.920694
0.279089 0.64327
0.27938 0.533647
0.27976 0.920324
0.283736 0.755992
0.283834 0.393988
0.284324 0.638184
0.285932 0.666339
0.286221 0.520081
0.288442 0.839215
0.288503 0.870644
0.289193 0.473096
0.289251 0.438322
0.289672 0.516545
0.290255 0.316435
0.290407 0.876824
0.290645 0.864993
0.291228 0.672983
0.291696 0.540417
0.292014 0.8851
0.292323 0.0733095
0.292519 0.368187
0.292789 0.897018
0.292807 0.201996
0.293694 0.115369
0.293721 0.560666
0.294293 0.18919
0.295064 0.147192
0.295633 0.701499
0.296273 0.453568
0.297375 0.981472
0.297755 0.366905
0.298838 0.573482
0.299627 0.824049
0.299705 0.142613
0.299745 0.8065
0.300179 0.104041
0.300482 0.20044
0.301302 0.982215
0.302039 0.374715
0.302343 0.480388
0.302734 0.048261
0.302914 0.0703508
0.303405 0.33477
0.303554 0.824072
0.303916 0.91312
0.304889 0.270725
0.304938 0.0918598
0.304966 0.565175
0.305438 0.490313
0.30591 0.432794
0.306618 0.328077
0.307124 0.840076
0.307203 0.152675
0.307415 0.720553
0.307756 0.455458
0.309738 0.772531
0.31003 0.667831
0.310754 0.842922
0.311585 0.801933
0.311737 0.367182
0.313663 0.732474
0.314021 0.743259
0.314464 0.196671
0.314868 0.987955
0.315324 0.646512
0.315343 0.966039
0.315405 0.00722776
0.316195 0.285931
0.316354 0.957337
0.316385 0.474824
0.31706 0.825196
0.317094 0.39109
0.31756 0.235781
0.318069 0.779092
0.318207 0.11002
0.318313 0.887709
0.319745 0.948042
0.319836 0.479592
0.320755 0.932868
0.320819 0.00736585
0.321395 0.684092
0.321896 0.110885
0.322562 0.299298
0.323963 0.852592
0.325788 0.522372
0.325823 0.109757
0.326167 0.88287
0.326794 0.43201
0.326928 0.671267
0.326934 0.78097
0.327057 0.846552
0.327634 0.538571
0.327741 0.336233
0.327803 0.382666
0.327846 0.102567
0.328109 0.533418
0.328432 0.952584
0.328935 0.403545
0.328994 0.402988
0.331194 0.369583
0.33159 0.0297842
0.331738 0.51961
0.332282 0.659096
0.332404 0.71484
0.332503 0.379916
0.333086 0.178045
0.334539 0.595801
0.335581 0.105251
0.336309 0.338031
0.336541 0.245189
0.337647 0.830547
0.337937 0.709114
0.337972 0.299394
0.338701 0.550683
0.341768 0.102625
0.341861 0.655604
0.342267 0.474414
0.342867 0.55758
0.344269 0.126307
0.344303 0.704253
0.345025 0.830258
0.345029 0.901916
0.345104 0.162533
0.345109 0.249695
0.345293 0.34266
0.346065 0.308841
0.346821 0.028006
0.347821 0.821
0.347972 0.371707
0.349422 0.741448
0.349859 0.0825198
0.350438 0.816441
0.350581 0.219395
0.350616 0.808094
0.352357 0.060574
0.352359 0.0898681
0.3528 0.513297
0.352996 0.79757
0.353036 0.476468
0.353519 0.590284
0.353531 0.791109
0.354018 0.984488
0.355043 0.212534
0.355165 0.257126
0.355306 0.622278
0.355334 0.106269
0.355616 0.836816
0.35651 0.855814
0.356836 0.350473
0.356956 0.35868
0.357166 0.887841
0.357219 0.783804
0.35747 0.999094
0.357662 0.229162
0.357859 0.537454
0.358163 0.642235
0.360234 0.445606
0.360714 0.521675
0.361132 0.543588
0.361734 0.659397
0.361844 0.515342
0.361887 0.227424
0.362131 0.337685
0.362308 0.308418
0.362436 0.456921
0.362583 0.925021
0.363036 0.543624
0.363999 0.737282
0.364207 0.222998
0.365361 0.619754
0.365736 0.923715
0.365742 0.0221389
0.365909 0.835969
0.365992 0.222943
0.366065 0.453115
0.366213 0.949445
0.366626 0.885604
0.366637 0.0728966
0.366698 0.0963196
0.366732 0.663512
0.36693 0.988381
0.367294 0.114495
0.367549 0.404128
0.369176 0.743694
0.370229 0.437417
0.371 0.398698
0.371389 0.935289
0.372041 0.896918
0.372066 0.312694
0.37292 0.665566
0.373087 0.467007
0.373595 0.00617881
0.373998 0.786076
0.374056 0.759465
0.374081 0.184516
0.374539 0.876983
0.374667 0.0365292
0.375806 0.164669
0.3768 0.872104
0.377418 0.261837
0.377687 0.787176
0.378081 0.406125
0.379005 0.929251
0.379672 0.143968
0.379717 0.89735
0.37995 0.818706
0.380503 0.1168
0.38071 0.594987
0.381175 0.414657
0.381918 0.902819
0.382856 0.662685
0.383489 0.301796
0.385103 0.422443
0.385638 0.419058
0.385958 0.801495
0.386019 0.825693
0.386236 0.461714
0.386423 0.61913
0.386975 0.891006
0.387243 0.401085
0.387809 0.902696
0.388899 0.22713
0.388937 0.865065
0.389242 0.997129
0.390801 0.186375
0.391233 0.455319
0.392088 0.827444
0.39233 0.897673
0.392354 0.287551
0.393072 0.354858
0.393079 0.480667
0.393158 0.798494
0.393392 0.741286
0.394489 0.171626
0.394697 0.680861
0.39664 0.335307
0.397166 0.162755
0.397222 0.11196
0.397483 0.492989
0.397583 0.182546
0.39903 0.503849
0.399587 0.86479
0.400109 0.632256
0.401441 0.0260737
0.401648 0.492967
0.401659 0.688916
0.401729 0.867223
0.402122 0.467114
0.403009 0.366236
0.40302 0.554977
0.404057 0.993536
0.404166 0.809841
0.404823 0.866943
0.405477 0.858664
0.40634 0.36426
0.406774 0.652809
0.406808 0.227484
0.406817 0.381616
0.406884 0.493736
0.406917 0.0609204
0.407675 0.789281
0.408479 0.311244
0.408716 0.283643
0.408762 0.060629
0.410028 0.3421
0.410633 0.515261
0.410677 0.255033
0.410836 0.923034
0.412274 0.0921775
0.412324 0.931485
0.412428 0.673627
0.413117 0.256254
0.413244 0.398676
0.414126 0.213962
0.414277 0.753353
0.414669 0.342568
0.41477 0.0384096
0.415427 0.0824262
0.415741 0.358299
0.415874 0.588987
0.415895 0.939318
0.415948 0.831391
0.417138 0.837626
0.417251 0.745765
0.417415 0.492938
0.417658 0.581551
0.418042 0.0309411
0.418387 0.829412
0.41843 0.548906
0.419317 0.453467
0.41933 0.673372
0.419569 0.70083
0.420758 0.682036
0.421561 0.178508
0.421587 0.60697
0.422761 0.342099
0.423152 0.910137
0.423288 0.204922
0.424102 0.876963
0.425277 0.635916
0.42583 0.917661
0.426163 0.526938
0.426597 0.809171
0.428701 0.170938
0.42874 0.832305
0.429458 0.892396
0.429528 0.0715164
0.429919 0.654714
0.430803 0.51054
0.431148 0.297569
0.432198 0.957458
0.432475 0.60737
0.432505 0.110809
0.43297 0.929062
0.434135 0.51445
0.434526 0.0780109
0.4346 0.327225
0.436609 0.0797569
0.436757 0.568347
0.437297 0.657015
0.438331 0.0355387
0.438412 0.398125
0.438555 0.799295
0.438774 0.47678
0.438844 0.653451
0.439145 0.715148
0.440682 0.545203
0.441128 0.0375741
0.441372 0.130804
0.441381 0.295972
0.442658 0.758365
0.444172 0.200319
0.444516 0.979803
0.445187 0.25919
0.445207 0.59311
0.445486 0.276088
0.446 0.922277
0.446808 0.502891
0.449015 0.600257
0.450121 0.177435
0.450139 0.484581
0.451784 0.128311
0.452046 0.53671
0.452397 0.436148
0.452632 0.386626
0.453461 0.320294
0.453649 0.472646
0.45392 0.0412738
0.454799 0.810462
0.455423 0.293555
0.45601 0.157942
0.456242 0.0577908
0.456941 0.813037
0.457293 0.724231
0.457583 0.604387
0.458442 0.0298409
0.458733 0.928201
0.458785 0.795222
0.458938 0.369088
0.45898 0.0702835
0.459119 0.405445
0.460981 0.701037
0.462063 0.887649
0.462425 0.979812
0.462477 0.856499
0.462606 0.0218282
0.463288 0.489611
0.464211 0.991207
0.464601 0.551223
0.464658 0.512911
0.466155 0.673358
0.466696 0.762935
0.466933 0.743927
0.467048 0.681979
0.467634 0.51805
0.467727 0.0839186
0.467934 0.566082
0.468187 0.819251
0.468224 0.445087
0.469391 0.0488586
0.469505 0.965607
0.470337 0.95172
0.470485 0.445115
0.470502 0.722904
0.470654 0.282957
0.470693 0.945232
0.471112 0.987102
0.473446 0.213952
0.473578 0.430669
0.474191 0.728504
0.474201 0.894517
0.47532 0.702167
0.475859 0.770025
0.476107 0.926814
0.476512 0.738956
0.476729 0.38307
0.476912 0.463286
0.478496 0.0851822
0.479285 0.336055
0.479498 0.924876
0.480301 0.426998
0.480812 0.00409647
0.482013 0.187622
0.482114 0.898177
0.483778 0.856707
0.484085 0.0110206
0.485178 0.378805
0.485668 0.624761
0.486565 0.694428
0.487272 0.577556
0.488008 0.943869
0.489058 0.593569
0.489609 0.862408
0.489845 0.832631
0.49004 0.109563
0.491648 0.134846
0.492257 0.365045
0.492284 0.825267
0.49268 0.473948
0.493102 0.560616
0.493334 0.472086
0.493488 0.0558918
0.493947 0.764466
0.494518 0.362475
0.494602 0.772701
0.496101 0.963044
0.496178 0.266925
0.496221 0.992469
0.49718 0.0964366
0.49745 0.634956
0.497691 0.692224
0.497711 0.0344243
0.49813 0.0677866
0.498306 0.0281265
0.498688 0.456964
0.499167 0.507677
0.499177 0.667577
0.49958 0.442615
0.499785 0.893879
0.500071 0.69545
0.500209 0.00766522
0.500778 0.583604
0.501117 0.266166
0.501979 0.763748
0.502421 0.198494
0.502746 0.644261
0.503031 0.444448
0.503086 0.360884
0.503151 0.459299
0.503787 0.154158
0.504125 0.832682
0.504275 0.343882
0.504551 0.9883
0.505046 0.309116
0.505096 0.157166
0.506091 0.87793
0.506422 0.436742
0.506768 0.253644
0.507634 0.799006
0.50828 0.660402
0.508297 0.943395
0.508378 0.312744
0.508432 0.212189
0.50864 0.709982
0.509252 0.991749
0.509768 0.66627
0.509957 0.846178
0.510268 0.0808534
0.51051 0.137519
0.511302 0.460214
0.512247 0.333547
0.512376 0.495753
0.512994 0.898391
0.513471 0.899476
0.513584 0.800126
0.514037 0.419785
0.514711 0.743266
0.514876 0.522276
0.515608 0.824953
0.516629 0.974868
0.516645 0.254426
0.516901 0.554014
0.516919 0.852637
0.517626 0.745204
0.517888 0.139406
0.518075 0.29452
0.518957 0.116607
0.51926 0.208568
0.519641 0.607353
0.519906 0.0566673
0.519949 0.784543
0.520464 0.436148
0.520798 0.0569683
0.52126 0.813644
0.52199 0.0865256
0.522738 0.650869
0.522823 0.0901072
0.524428 0.0604566
0.525983 0.201367
0.526224 0.253102
0.52651 0.0483969
0.526611 0.751642
0.526999 0.266124
0.527115 0.225056
0.527671 0.574633
0.528183 0.178066
0.529751 0.521907
0.53088 0.497323
0.531188 0.673175
0.531617 0.887639
0.531798 0.925977
0.531802 0.00202553
0.532697 0.0422802
0.532876 0.04824
0.533512 0.741393
0.534062 0.972705
0.534378 0.285729
0.534615 0.272772
0.535513 0.363467
0.535742 0.216937
0.535935 0.462399
0.537419 0.400999
0.537694 0.0146439
0.537945 0.237612
0.538343 0.931584
0.538457 0.85392
0.538737 0.54496
0.539104 0.718149
0.540127 0.914224
0.54015 0.305621
0.540228 0.612758
0.540233 0.691382
0.541386 0.0759991
0.543645 0.0388832
0.543995 0.923342
0.54414 0.362438
0.544886 0.898568
0.545038 0.44656
0.54541 0.700885
0.545488 0.0123343
0.54556 0.221868
0.54664 0.376502
0.546917 0.0410176
0.547335 0.0655832
0.547428 0.617568
0.547577 0.132032
0.547585 0.263781
0.547944 0.298381
0.548391 0.810177
0.54862 0.660031
0.548636 0.92842
0.548801 0.695253
0.54889 0.198527
0.548908 0.494684
0.549262 0.446082
0.54987 0.670537
0.550185 0.963988
0.550492 0.12641
0.550759 0.605919
0.551216 0.292603
0.55128 0.364369
0.553424 0.398515
0.553469 0.157258
0.554292 0.992009
0.555256 0.190418
0.555865 0.430228
0.556665 0.875884
0.557253 0.748042
0.558044 0.0412715
0.558248 0.479513
0.558598 0.361444
0.558709 0.221757
0.559289 0.97515
0.5593 0.151916
0.55979 0.394516
0.560084 0.325433
0.560641 0.698669
0.561052 0.594444
0.561393 0.339883
0.561903 0.903794
0.564189 0.332934
0.564641 0.915316
0.565245 0.0697484
0.565408 0.806051
0.566012 0.955795
0.566016 0.0373927
0.566125 0.855036
0.567562 0.022277
0.56843 0.600079
0.568495 0.703511
0.569649 0.0939751
0.56998 0.657037
0.570734 0.325338
0.57212 0.627554
0.573268 0.917879
0.573695 0.0889859
0.574241 0.263463
0.575014 0.25958
0.575305 0.158378
0.575646 0.879164
0.575852 0.340243
0.576715 0.843218
0.577157 0.2801
0.57915 0.774049
0.57969 0.845241
0.580756 0.772996
0.581557 0.23428
0.582336 0.327037
0.582357 0.678198
0.583402 0.241776
0.584249 0.470914
0.584264 0.719104
0.584743 0.774543
0.585745 0.618142
0.586256 0.204514
0.586501 0.323673
0.586656 0.934926
0.586819 0.668481
0.587041 0.399381
0.587426 0.874457
0.589313 0.587759
0.589365 0.461135
0.589764 0.170266
0.590554 0.438553
0.592053 0.634468
0.592163 0.480052
0.592458 0.44197
0.593925 0.0906031
0.594268 0.86943
0.594733 0.670489
0.595662 0.287492
0.59591 0.456834
0.596437 0.320181
0.597496 0.107562
0.597716 0.815085
0.598296 0.562045
0.598465 0.398439
0.600475 0.189759
0.602797 0.211512
0.602886 0.703953
0.603673 0.929883
0.603901 0.757682
0.607224 0.609502
0.607577 0.549529
0.608126 0.780027
0.609591 0.388996
0.610093 0.840348
0.610773 0.258535
0.611109 0.903234
0.611436 0.397243
0.61158 0.8327
0.612051 0.749628
0.612283 0.643552
0.615155 0.914524
0.615892 0.29512
0.615955 0.353409
0.616621 0.549492
0.616674 0.440923
0.617159 0.594803
0.617468 0.792036
0.617799 0.349158
0.618708 0.622497
0.618777 0.784979
0.619449 0.0717776
0.620383 0.781899
0.620867 0.918873
0.621008 0.281341
0.621776 0.193677
0.622016 0.218144
0.622045 0.706588
0.622705 0.8002
0.622785 0.15356
0.62289 0.91526
0.62299 0.593961
0.623269 0.277214
0.623331 0.328553
0.623792 0.0748822
0.623944 0.626623
0.625296 0.34889
0.62603 0.678301
0.626158 0.841455
0.626346 0.994566
0.626955 0.229892
0.626959 0.297668
0.627349 0.853935
0.628109 0.620778
0.629105 0.373568
0.629263 0.0298374
0.629463 0.38616
0.629647 0.479016
0.629798 0.0201364
0.630342 0.166063
0.630689 0.990063
0.631143 0.613526
0.63174 0.654977
0.632287 0.846766
0.634067 0.767007
0.635819 0.209026
0.636102 0.963201
0.63747 0.954632
0.637615 0.394909
0.637663 0.210511
0.639402 0.423044
0.640145 0.909586
0.640153 0.0430414
0.642265 0.554018
0.642736 0.465319
0.643278 0.569453
0.643409 0.767355
0.643424 0.0310335
0.643619 0.300452
0.643663 0.0368824
0.643798 0.310928
0.644056 0.644232
0.644235 0.663536
0.644506 0.211642
0.6446 0.791755
0.64475 0.309553
0.644824 0.553476
0.645608 0.730906
0.647056 0.0769486
0.647652 0.0825312
0.647689 0.701347
0.647801 0.598412
0.648396 0.589774
0.649636 0.430706
0.650061 0.579852
0.650588 0.43423
0.650689 0.129336
0.650701 0.323164
0.650939 0.331775
0.651095 0.957178
0.651122 0.414347
0.651668 0.58733
0.651736 0.719406
0.652007 0.282555
0.652463 0.946856
0.653076 0.255577
0.653871 0.61634
0.654722 0.909623
0.655301 0.641016
0.65671 0.332031
0.656933 0.0755319
0.657184 0.298336
0.658064 0.0867533
0.660738 0.024889
0.662043 0.961936
0.662202 0.636613
0.662447 0.742248
0.663172 0.933885
0.663348 0.883549
0.663731 0.32851
0.664174 0.775464
0.664475 0.834844
0.66468 0.27246
0.664926 0.407514
0.666166 0.258543
0.667237 0.250998
0.668098 0.726423
0.668473 0.0268696
0.668509 0.626189
0.669517 0.568314
0.670365 0.83152
0.670982 0.198118
0.672195 0.582366
0.673404 0.905326
0.673474 0.0851356
0.673794 0.459096
0.675265 0.176195
0.676941 0.350232
0.677047 0.131161
0.677261 0.717188
0.67763 0.928985
0.678698 0.880516
0.679655 0.96124
0.681404 0.350955
0.68144 0.967939
0.681768 0.473719
0.683433 0.458233
0.683843 0.356911
0.684337 0.652644
0.68437 0.199214
0.684374 0.275435
0.684399 0.685904
0.686358 0.623727
0.687089 0.905969
0.687547 0.609042
0.688921 0.699367
0.689122 0.0691668
0.689324 0.462148
0.690113 0.734426
0.69142 0.70436
0.691781 0.770727
0.691975 0.0229513
0.692591 0.373661
0.692685 0.960935
0.693254 0.517761
0.693497 0.59955
0.694357 0.0564501
0.695251 0.0751745
0.695572 0.486224
0.696729 0.925807
0.697305 0.598667
0.697335 0.108022
0.697775 0.509256
0.699943 0.94599
0.701724 0.875615
0.702006 0.611382
0.702377 0.848341
0.702416 0.504136
0.702527 0.362711
0.702924 0.0457179
0.703268 0.825139
0.704068 0.276829
0.704673 0.445059
0.70471 0.0604466
0.705333 0.533404
0.705495 0.261324
0.706012 0.941175
0.706834 0.76313
0.707909 0.833559
0.709713 0.141973
0.711851 0.0861543
0.712696 0.287375
0.713052 0.270314
0.713433 0.669278
0.714418 0.228835
0.714712 0.157585
0.715075 0.263679
0.715123 0.0743108
0.715436 0.335141
0.715482 0.104747
0.716432 0.0730843
0.717046 0.398053
0.71706 0.633275
0.717651 0.565055
0.718643 0.229633
0.718654 0.424299
0.719748 0.801224
0.720167 0.854638
0.721102 0.560032
0.72161 0.094445
0.721643 0.660205
0.721696 0.540766
0.722144 0.0797899
0.722371 0.895419
0.722759 0.411607
0.723189 0.645661
0.724652 0.225086
0.725561 0.500609
0.726097 0.519106
0.726671 0.162978
0.727523 0.476038
0.728068 0.642062
0.728922 0.990434
0.729102 0.0156314
0.729632 0.921734
0.729672 0.59715
0.730646 0.964577
0.73152 0.652058
0.731643 0.721929
0.732146 0.179174
0.732504 0.189231
0.733831 0.496074
0.734341 0.0756843
0.734907 0.582062
0.735466 0.978377
0.736675 0.304061
0.736709 0.871935
0.737171 0.634034
0.737375 0.0698724
0.738008 0.69787
0.738104 0.31681
0.739186 0.498788
0.739844 0.56547
0.741188 0.154407
0.741685 0.494444
0.742123 0.860067
0.742398 0.480121
0.742543 0.912494
0.742788 0.0312934
0.742791 0.0872285
0.74284 0.913818
0.744153 0.987248
0.745107 0.00705844
0.746334 0.6379
0.746709 0.938323
0.7482 0.993841
0.748669 0.878353
0.749808 0.021159
0.750743 0.736688
0.751028 0.531357
0.751301 0.109149
0.751721 0.168151
0.752633 0.50317
0.75304 0.342446
0.753385 0.137333
0.753836 0.714432
0.754261 0.861965
0.75459 0.398942
0.754798 0.887366
0.757047 0.689215
0.757272 0.467974
0.757515 0.547148
0.757909 0.181811
0.758004 0.776074
0.75804 0.384425
0.75878 0.822389
0.761055 0.0581864
0.76117 0.988059
0.76156 0.530834
0.76174 0.560734
0.762615 0.271131
0.763025 0.156465
0.764047 0.34527
0.764356 0.538621
0.764388 0.0678328
0.765038 0.994736
0.765125 0.457124
0.766114 0.0738834
0.766149 0.659632
0.766297 0.151447
0.76716 0.66134
0.7672 0.338602
0.76729 0.83628
0.767802 0.454364
0.768571 0.366528
0.768767 0.662493
0.768881 0.577637
0.76987 0.201198
0.770541 0.481031
0.772676 0.36567
0.774535 0.603769
0.775142 0.813284
0.776965 0.454599
0.776988 0.831838
0.777183 0.115548
0.777248 0.209643
0.777347 0.868129
0.779322 0.0621402
0.779645 0.489132
0.780233 0.376694
0.780275 0.0747195
0.780423 0.571997
0.781069 0.4316
0.781186 0.392951
0.78137 0.493078
0.781951 0.250048
0.782255 0.357959
0.783652 0.846177
0.783673 0.185873
0.783756 0.580156
0.78527 0.0268208
0.785451 0.0713098
0.785463 0.269301
0.786089 0.802491
0.786172 0.192063
0.788212 0.48596
0.789478 0.764638
0.790316 0.838484
0.790832 0.517051
0.790945 0.41979
0.791302 0.413052
0.791536 0.347399
0.791667 0.538939
0.791734 0.667126
0.791754 0.0141938
0.79207 0.326686
0.792327 0.634203
0.793391 0.521996
0.794313 0.0130492
0.794811 0.387217
0.79633 0.926155
0.796338 0.0571919
0.796457 0.0478211
0.796792 0.689412
0.797094 0.757245
0.79761 0.427782
0.797861 0.652049
0.799144 0.212906
0.799375 0.0905275
0.799988 0.401886
0.799988 0.402019
0.804186 0.951268
0.805512 0.244336
0.806072 0.644894
0.806095 0.0404852
0.806168 0.258433
0.806561 0.870478
0.80738 0.642736
0.807526 0.081808
0.809548 0.0751812
0.809595 0.858687
0.810613 0.979378
0.81151 0.0522689
0.812469 0.159712
0.813272 0.669199
0.813964 0.29585
0.814773 0.894589
0.814941 0.718507
0.815253 0.954638
0.815627 0.249426
0.815728 0.943396
0.815778 0.787791
0.816912 0.84774
0.817467 0.163224
0.817835 0.349734
0.819152 0.486299
0.819702 0.737952
0.8229 0.482083
0.823151 0.703815
0.823479 0.215042
0.823515 0.819207
0.823703 0.9699
0.824044 0.702105
0.824661 0.0714021
0.825874 0.465809
0.825955 0.824083
0.827151 0.924594
0.827687 0.936526
0.827893 0.403897
0.828567 0.719661
0.828952 0.190526
0.829325 0.460802
0.829348 0.849131
0.830876 0.536542
0.830964 0.0121887
0.831208 0.115758
0.831995 0.340224
0.832775 0.445761
0.834544 0.177927
0.834693 0.687773
0.835193 0.0895682
0.835359 0.873063
0.835649 0.755113
0.83653 0.562432
0.837813 0.119837
0.839617 0.448208
0.840279 0.567631
0.842639 0.23747
0.842707 0.378218
0.843225 0.090376
0.843479 0.350942
0.844179 0.1244
0.844991 0.7658
0.845498 0.278315
0.845592 0.86508
0.8456 0.991821
0.845842 0.0718711
0.845943 0.759354
0.847008 0.664928
0.847114 0.442187
0.847303 0.625555
0.847328 0.0373864
0.847705 0.38602
0.849118 0.124634
0.849138 0.470075
0.849298 0.15531
0.850006 0.0513127
0.850178 0.947852
0.850439 0.327872
0.851049 0.580658
0.852879 0.344856
0.85325 0.579803
0.853348 0.221055
0.854309 0.376161
0.854667 0.383063
0.855388 0.498479
0.855974 0.355298
0.856288 0.640335
0.857369 0.799766
0.85777 0.535233
0.858988 0.0183835
0.859212 0.776809
0.859257 0.53178
0.859262 0.615718
0.860413 0.962933
0.860443 0.472242
0.861123 0.890657
0.86125 0.0356061
0.862043 0.35575
0.863988 0.0487093
0.864396 0.899052
0.864829 0.182929
0.86581 0.662648
0.867387 0.179765
0.868613 0.775208
0.869191 0.485462
0.869193 0.524281
0.869362 0.363743
0.869615 0.623025
0.869696 0.986879
0.871098 0.550982
0.872505 0.188565
0.873031 0.0394691
0.8731 0.193632
0.873428 0.709617
0.873619 0.914406
0.873659 0.579867
0.873757 0.227521
0.87405 0.152139
0.874889 0.254293
0.875215 0.743231
0.875236 0.088202
0.87645 0.498716
0.877505 0.234215
0.87807 0.728353
0.878514 0.178547
0.878634 0.201366
0.880085 0.589022
0.880323 0.589494
0.881339 0.670138
0.881496 0.303523
0.881813 0.6272
0.881959 0.0865892
0.881964 0.161981
0.88224 0.801108
0.882587 0.635204
0.883125 0.690517
0.883465 0.397717
0.884279 0.0710963
0.885048 0.996729
0.885459 0.91646
0.886842 0.156503
0.887243 0.896299
0.88756 0.220719
0.887609 0.0391455
0.887825 0.669798
0.888224 0.377451
0.88871 0.556773
0.88877 0.555074
0.888829 0.554532
0.889157 0.0580667
0.889488 0.619962
0.889543 0.545649
0.890103 0.962501
0.890461 0.985487
0.890483 0.350501
0.89115 0.564788
0.892601 0.95242
0.893485 0.800944
0.893508 0.193437
0.89459 0.382216
0.894804 0.977134
0.89572 0.372322
0.895992 0.942351
0.895995 0.982226
0.896196 0.36508
0.897656 0.899574
0.898005 0.77418
0.898331 0.251128
0.89904 0.169819
0.90142 0.159937
0.901705 0.948227
0.902009 0.0726359
0.902387 0.410218
0.902747 0.4698
0.902935 0.623295
0.905645 0.167998
0.90621 0.679823
0.907209 0.462806
0.90738 0.334653
0.907561 0.380575
0.907777 0.00767411
0.909017 0.850704
0.909134 0.820734
0.909183 0.630998
0.909506 0.0646196
0.909895 0.600014
0.911073 0.400728
0.911499 0.562568
0.911734 0.519361
0.912543 0.107715
0.912937 0.724699
0.914089 0.0870109
0.914965 0.820762
0.915217 0.0497714
0.915266 0.880337
0.915282 0.150355
0.915652 0.36871
0.915902 0.560271
0.917833 0.0213975
0.918919 0.264516
0.920085 0.873953
0.920374 0.721951
0.921326 0.72009
0.922452 0.655153
0.923144 0.286461
0.925502 0.918013
0.925558 0.85753
0.925568 0.018471
0.925697 0.192081
0.925889 0.410933
0.926166 0.0655412
0.926303 0.377654
0.926356 0.270259
0.926816 0.995058
0.926845 0.486742
0.926901 0.420913
0.927041 0.771962
0.927084 0.495698
0.928015 0.144155
0.929293 0.629809
0.92936 0.750787
0.92936 0.752016
0.930842 0.66889
0.931772 0.293399
0.932253 0.371128
0.932629 0.688479
0.933043 0.654425
0.933954 0.964369
0.933991 0.590885
0.934345 0.534825
0.934868 0.325333
0.934964 0.948013
0.935696 0.237541
0.936277 0.0102973
0.936734 0.690306
0.936829 0.279826
0.937162 0.879569
0.937309 0.355574
0.937607 0.367612
0.938251 0.188296
0.938297 0.952533
0.939651 0.721773
0.939673 0.0901997
0.940363 0.682759
0.940375 0.888428
0.941136 0.674086
0.941218 0.0518631
0.94137 0.601538
0.941888 0.304374
0.942211 0.74212
0.942366 0.343871
0.942412 0.114894
0.942786 0.395962
0.943501 0.420498
0.943539 0.0523595
0.943546 0.173629
0.943828 0.915603
0.944035 0.391849
0.944754 0.486978
0.945267 0.098395
0.945939 0.388801
0.947579 0.957735
0.947604 0.382425
0.947726 0.423714
0.948536 0.0394915
0.948908 0.292369
0.949158 0.498385
0.949424 0.961396
0.949436 0.177271
0.949965 0.0534456
0.950738 0.0495778
0.951299 0.480494
0.951575 0.115653
0.952024 0.673296
0.952298 0.274442
0.95396 0.207122
0.954188 0.0312345
0.954408 0.730728
0.954741 0.331403
0.954819 0.64592
0.955028 0.160022
0.956287 0.314237
0.956385 0.965875
0.9571 0.982091
0.957166 0.0965734
0.957389 0.832428
0.957523 0.0954698
0.957999 0.090873
0.959404 0.70623
0.960029 0.210689
0.960662 0.849112
0.96106 0.533778
0.96118 0.552207
0.961407 0.368579
0.962715 0.353093
0.962997 0.0874985
0.963131 0.339106
0.966826 0.449149
0.967034 0.9414
0.967944 0.233178
0.967947 0.285028
0.968334 0.783732
0.968366 0.321404
0.968566 0.695085
0.969013 0.208486
0.969961 0.126225
0.970681 0.240975
0.971698 0.32547
0.972011 0.583624
0.973421 0.287536
0.973656 0.238154
0.973782 0.356127
0.973875 0.922653
0.974314 0.301283
0.974733 0.345751
0.975276 0.467776
0.975419 0.862887
0.975453 0.44369
0.977 0.432417
0.977548 0.655809
0.978509 0.795919
0.978824 0.0893464
0.979597 0.0940798
0.981479 0.71442
0.982047 0.266362
0.982502 0.908773
0.983126 0.405491
0.983879 0.0516754
0.985489 0.115221
0.986368 0.886343
0.986629 0.279432
0.986781 0.828215
0.986978 0.140968
0.987033 0.0688704
0.987152 0.0716148
0.987979 0.956314
0.988195 0.596914
0.988206 0.778924
0.988721 0.426021
0.989083 0.519382
0.989084 0.542164
0.989605 0.288703
0.989737 0.507135
0.991624 0.217524
0.991884 0.602514
0.992029 0.0374305
0.992123 0.611666
0.993001 0.375532
0.993852 0.673322
0.99407 0.332573
0.994226 0.95432
0.994354 0.101727
0.994808 0.746462
0.99493 0.787118
0.994982 0.666246
0.996347 0.612605
0.996534 0.752231
0.996577 0.461684
0.996625 0.272245
0.996946 0.672706
0.997026 0.0222851
0.997077 0.87975
0.997195 0.863241
0.997523 0.3628
0.998255 0.674258
