0.000426928 0.17538
0.000766914 0.889537
0.00656852 0.397153
0.00671125 0.796013
0.00796849 0.926451
0.0080074 0.580399
0.00819724 0.771061
0.00907637 0.546549
0.0136076 0.702217
0.016701 0.694228
0.0181405 0.886843
0.0182842 0.303164
0.0189924 0.205952
0.0209755 0.535234
0.0214372 0.29486
0.0215436 0.082998
0.0220224 0.129875
0.0252704 0.719583
0.0288681 0.185924
0.0294895 0.630269
0.0314348 0.324449
0.0320478 0.626784
0.0386487 0.56884
0.0388616 0.146054
0.0410835 0.490131
0.0412214 0.807307
0.0415645 0.57423
0.0418278 0.999079
0.0437011 0.48504
0.0476192 0.336291
0.0480316 0.267371
0.0483535 0.678069
0.0486957 0.429378
0.0548045 0.0989221
0.0565899 0.107304
0.0635861 0.691607
0.0638121 0.490753
0.0638229 0.671879
0.0692456 0.810841
0.0700058 0.587726
0.0706549 0.496917
0.0714084 0.161587
0.0726002 0.191371
0.0735478 0.118197
0.0743276 0.224439
0.0745701 0.29995
0.0749573 0.806934
0.0755494 0.758186
0.0787009 0.726341
0.0788976 0.0325127
0.0799732 0.108796
0.0803029 0.651681
0.0806831 0.0405734
0.0829473 0.0955504
0.085871 0.233488
0.0863324 0.988129
0.0879958 0.944835
0.0905849 0.460701
0.0911888 0.609991
0.0915819 0.216785
0.09168 0.865081
0.0937133 0.039345
0.0958206 0.456609
0.0965276 0.339651
0.0968497 0.752752
0.100024 0.103334
0.100149 0.207782
0.106162 0.271332
0.10657 0.129243
0.107903 0.521213
0.108736 0.530939
0.108963 0.345848
0.109444 0.425752
0.111468 0.447981
0.111773 0.56544
0.112478 0.416082
0.112618 0.775356
0.119862 0.51248
0.122343 0.224977
0.12288 0.240853
0.125485 0.0266185
0.127641 0.263812
0.128132 0.513079
0.130921 0.386824
0.133421 0.405912
0.134294 0.0809572
0.135326 0.421037
0.140664 0.1369
0.14134 0.508747
0.142442 0.0286292
0.145418 0.0456011
0.146406 0.653078
0.146798 0.234687
0.147843 0.797615
0.150129 0.215572
0.150816 0.764561
0.15131 0.0636119
0.151539 0.91777
0.152885 0.546026
0.153777 0.535613
0.155019 0.40004
0.156458 0.585149
0.158045 0.258707
0.159984 0.855238
0.162095 0.338548
0.16294 0.525415
0.163766 0.417276
0.16445 0.910722
0.165433 0.438135
0.165884 0.0144205
0.166168 0.792043
0.166412 0.886604
0.168942 0.416104
0.169586 0.224203
0.170269 0.714604
0.170655 0.205599
0.173199 0.953165
0.174881 0.231872
0.175103 0.96217
0.175281 0.945379
0.176752 0.665131
0.177269 0.368186
0.177464 0.63323
0.178413 0.586728
0.180228 0.0971479
0.182505 0.353912
0.183079 0.0011097
0.184882 0.314399
0.187156 0.528689
0.190352 0.241406
0.193315 0.0442876
0.194751 0.185929
0.196492 0.435528
0.197027 0.436549
0.198303 0.873257
0.198927 0.365459
0.199011 0.784724
0.2015 0.616504
0.203546 0.996821
0.204403 0.401926
0.204761 0.414519
0.205261 0.816486
0.20805 0.689629
0.210428 0.65874
0.2111 0.954289
0.212892 0.0712532
0.214056 0.632574
0.215205 0.952734
0.216607 0.513807
0.216981 0.802647
0.219 0.730968
0.219865 0.269388
0.221025 0.771205
0.22211 0.997481
0.224418 0.792472
0.227409 0.0586123
0.227983 0.7088
0.228 0.994305
0.233396 0.686296
0.233827 0.937044
0.235827 0.543215
0.238803 0.554035
0.239261 0.258071
0.246204 0.952116
0.246849 0.787224
0.251525 0.372314
0.255008 0.911326
0.256005 0.679322
0.256038 0.235628
0.257892 0.388804
0.258511 0.789508
0.260676 0.179832
0.260954 0.849459
0.261989 0.25413
0.262637 0.133457
0.263948 0.16802
0.268578 0.98219
0.270711 0.839053
0.271469 0.580671
0.273013 0.531652
0.273145 0.746287
0.273682 0.780915
0.276033 0.285664
0.277689 0.113087
0.277694 0.203583
0.278051 0.205313
0.278985 0.900885
0.279531 0.0758787
0.279992 0.817708
0.282459 0.287337
0.286601 0.899511
0.287508 0.150717
0.28839 0.976389
0.289255 0.510692
0.289317 0.546677
0.289318 0.560154
0.291964 0.0433581
0.293472 0.385236
0.296843 0.0440637
0.297992 0.353611
0.299006 0.389456
0.299929 0.910728
0.30029 0.979693
0.303652 0.475827
0.30981 0.979247
0.310662 0.303436
0.312393 0.391539
0.313962 0.760995
0.315442 0.625519
0.31588 0.999915
0.316312 0.247376
0.316769 0.934937
0.317025 0.231238
0.327355 0.85841
0.331051 0.981899
0.332663 0.0680079
0.334012 0.732774
0.334688 0.10243
0.341601 0.290086
0.341612 0.47133
0.3425 0.392725
0.344618 0.9934
0.347341 0.752044
0.348033 0.392923
0.351607 0.463297
0.351817 0.983927
0.35201 0.233239
0.352903 0.23718
0.355627 0.0270436
0.356291 0.188252
0.356953 0.310447
0.358274 0.510123
0.359171 0.593117
0.359333 0.315058
0.359508 0.254642
0.361695 0.0105361
0.364016 0.019978
0.364106 0.535171
0.364234 0.677593
0.365618 0.941029
0.366172 0.261202
0.366189 0.540087
0.367044 0.908588
0.368795 0.343109
0.370072 0.796166
0.371557 0.761587
0.375629 0.19932
0.376143 0.837808
0.376985 0.987625
0.37754 0.315077
0.378877 0.777876
0.380168 0.492082
0.380327 0.153799
0.384185 0.999323
0.386869 0.109192
0.387365 0.438797
0.389881 0.738085
0.390577 0.425257
0.392744 0.852701
0.393994 0.855757
0.396264 0.00419647
0.397107 0.184858
0.397628 0.933314
0.405378 0.19495
0.409893 0.065331
0.412581 0.246319
0.414372 0.355387
0.415182 0.969074
0.4165 0.118333
0.416501 0.138619
0.418255 0.609032
0.420205 0.384739
0.420727 0.152472
0.422701 0.337726
0.424901 0.317555
0.427125 0.681472
0.427377 0.927754
0.427704 0.421607
0.428584 0.210096
0.436946 0.749703
0.439544 0.424412
0.441093 0.452428
0.442871 0.338037
0.443405 0.303644
0.447395 0.369947
0.447429 0.942031
0.448567 0.0736139
0.449986 0.911224
0.450191 0.36252
0.451075 0.218025
0.451161 0.662358
0.451349 0.830269
0.45266 0.851442
0.453136 0.858224
0.455442 0.612652
0.455578 0.898476
0.455838 0.273503
0.459194 0.680815
0.462922 0.329507
0.463364 0.762414
0.469705 0.333646
0.470399 0.988667
0.472144 0.31941
0.478016 0.0125014
0.478142 0.136461
0.479636 0.236292
0.48137 0.389338
0.483391 0.352078
0.484286 0.392497
0.48576 0.163136
0.485856 0.77907
0.487285 0.798362
0.49373 0.117895
0.493741 0.305117
0.494271 0.206642
0.494408 0.515804
0.495079 0.787357
0.496468 0.136101
0.496679 0.687966
0.500171 0.38129
0.502397 0.790599
0.505051 0.397335
0.506016 0.612922
0.506846 0.568184
0.508379 0.326432
0.508951 0.939922
0.509948 0.689956
0.514523 0.59406
0.515346 0.417338
0.515496 0.949512
0.517048 0.0224746
0.518558 0.402232
0.521685 0.965959
0.522645 0.100176
0.524202 0.270498
0.524713 0.847134
0.526411 0.393315
0.528043 0.815082
0.530144 0.131456
0.531624 0.00958194
0.53238 0.711889
0.535007 0.86331
0.536337 0.222997
0.537798 0.767195
0.538484 0.307591
0.541333 0.190461
0.543273 0.782538
0.54522 0.504377
0.545777 0.866554
0.553051 0.120319
0.553899 0.373578
0.558374 0.584853
0.559608 0.338162
0.560047 0.711032
0.561017 0.0169751
0.561872 0.375608
0.573499 0.792824
0.574591 0.154183
0.574787 0.446377
0.575581 0.78377
0.576092 0.372005
0.5788 0.894614
0.580018 0.356633
0.581591 0.80649
0.582352 0.584509
0.583511 0.067856
0.58361 0.72833
0.58372 0.577975
0.583846 0.703108
0.583867 0.0551302
0.588134 0.761711
0.588291 0.413222
0.590207 0.607493
0.594652 0.320307
0.595276 0.80527
0.596784 0.145966
0.597159 0.45679
0.597568 0.320203
0.598589 0.487751
0.598801 0.0469489
0.599173 0.306495
0.599585 0.219793
0.599924 0.917037
0.604858 0.847782
0.605147 0.704764
0.606463 0.8271
0.606703 0.849463
0.607568 0.400608
0.607833 0.846088
0.609023 0.841749
0.610721 0.386529
0.611694 0.740143
0.614712 0.460744
0.615471 0.21375
0.615521 0.0556955
0.617715 0.930292
0.61787 0.54012
0.624243 0.64576
0.625508 0.90862
0.625935 0.0954337
0.625973 0.730857
0.628336 0.440586
0.628951 0.783775
0.630092 0.955351
0.630616 0.761895
0.631918 0.649933
0.635482 0.552501
0.635489 0.66013
0.635817 0.182353
0.636402 0.000134342
0.636934 0.946347
0.640219 0.158096
0.641903 0.462496
0.643601 0.0034338
0.644083 0.106301
0.644919 0.154681
0.647158 0.779622
0.647346 0.952769
0.648412 0.85184
0.650668 0.783724
0.651835 0.389639
0.65267 0.431093
0.654491 0.0310931
0.655369 0.7879
0.656687 0.942755
0.65682 0.181637
0.657527 0.0493786
0.658761 0.803259
0.659922 0.304137
0.660926 0.184919
0.660934 0.317889
0.665494 0.96164
0.668527 0.933202
0.668566 0.589725
0.669539 0.938815
0.671768 0.397297
0.672175 0.242459
0.67438 0.307025
0.679189 0.129877
0.6805 0.167204
0.682121 0.406389
0.682174 0.301952
0.685678 0.182248
0.686324 0.046775
0.687054 0.312785
0.690183 0.904351
0.692571 0.0351472
0.693572 0.861317
0.694151 0.592812
0.696411 0.579136
0.696958 0.772671
0.698717 0.335583
0.700885 0.779353
0.70276 0.285037
0.703144 0.748991
0.705832 0.918842
0.707122 0.59603
0.708527 0.209196
0.710271 0.517384
0.711929 0.385128
0.715387 0.501437
0.717533 0.574723
0.718908 0.687369
0.719563 0.702256
0.719834 0.246449
0.720422 0.139583
0.72892 0.962925
0.728985 0.0557676
0.731307 0.0731454
0.733643 0.340944
0.734043 0.0576041
0.735957 0.231299
0.738955 0.610053
0.739373 0.646961
0.755155 0.896382
0.756145 0.532903
0.756446 0.583329
0.756988 0.69374
0.757541 0.999551
0.761992 0.79761
0.763952 0.747814
0.765927 0.929945
0.766843 0.336599
0.767603 0.0971103
0.770392 0.984309
0.770854 0.744131
0.774349 0.481134
0.776305 0.360126
0.778559 0.248402
0.779915 0.0298276
0.788298 0.922514
0.789302 0.804259
0.792642 0.93069
0.793453 0.561204
0.796645 0.214754
0.800082 0.977483
0.801911 0.724259
0.805779 0.731859
0.808946 0.95502
0.811093 0.0479815
0.81163 0.0657824
0.812483 0.408653
0.812571 0.885997
0.815864 0.230731
0.823417 0.167412
0.823587 0.0328028
0.827987 0.972661
0.828402 0.952139
0.829718 0.0703507
0.832936 0.153591
0.834719 0.129133
0.836337 0.320945
0.837656 0.479588
0.839871 0.703882
0.839884 0.933148
0.840423 0.984743
0.847311 0.753164
0.847658 0.584208
0.848792 0.642881
0.849847 0.382294
0.850013 0.165672
0.851587 0.622322
0.853235 0.32842
0.853612 0.65928
0.856151 0.330398
0.85878 0.520341
0.859028 0.683703
0.860484 0.160853
0.864412 0.17994
0.864686 0.777212
0.868659 0.553971
0.869131 0.479226
0.871466 0.721174
0.872209 0.21562
0.87232 0.0756819
0.874995 0.0445361
0.875594 0.104332
0.875674 0.458943
0.876016 0.194741
0.877951 0.726493
0.879457 0.0259199
0.882916 0.169739
0.883327 0.0776837
0.883844 0.771348
0.884088 0.8614
0.885605 0.368775
0.888817 0.344676
0.890944 0.090123
0.892419 0.893092
0.895472 0.201141
0.898137 0.986929
0.899993 0.180254
0.900783 0.459584
0.90418 0.557753
0.904186 0.657234
0.904215 0.134533
0.905948 0.269617
0.90649 0.379464
0.907893 0.957857
0.912663 0.123584
0.915432 0.665859
0.915593 0.365589
0.916836 0.268921
0.918816 0.546714
0.920998 0.210898
0.923105 0.618731
0.925497 0.82459
0.928135 0.161958
0.931046 0.0964645
0.931977 0.745298
0.942763 0.0201868
0.943891 0.973884
0.947247 0.38385
0.953827 0.972075
0.954132 0.0983156
0.954372 0.122463
0.95597 0.982757
0.956504 0.970795
0.958562 0.547444
0.959488 0.122646
0.961558 0.912376
0.964031 0.470452
0.967585 0.207837
0.971416 0.587644
0.973332 0.784161
0.976716 0.658488
0.979765 0.914641
0.981089 0.165384
0.982453 0.0841161
0.983869 0.887807
0.985454 0.519094
0.985585 0.728478
0.986281 0.430129
0.989519 0.843282
0.9921 0.228925
0.992903 0.715528
0.993771 0.314078
0.995433 0.24142
0.998051 0.249415
0.99866 0.478809
