0.000628916 0.570193
0.00233265 0.204827
0.00246036 0.351272
0.00340199 0.177286
0.00389957 0.540098
0.00416103 0.934409
0.00434288 0.990731
0.0045621 0.675237
0.00505855 0.0190076
0.00530477 0.157302
0.00579605 0.414263
0.00580263 0.524755
0.00592022 0.501195
0.00699736 0.604636
0.0111962 0.173967
0.0124562 0.351245
0.013127 0.625976
0.014197 0.608296
0.0146213 0.739362
0.014745 0.818414
0.0151598 0.791482
0.0170229 0.103963
0.0171866 0.855801
0.0173008 0.774161
0.017654 0.709962
0.0180399 0.1972
0.0184282 0.722435
0.0187482 0.101186
0.0208842 0.00154001
0.0215016 0.377294
0.0223492 0.622906
0.0230272 0.0188435
0.0243643 0.490142
0.0284334 0.879524
0.0285999 0.679235
0.0296919 0.0312335
0.0301876 0.362764
0.0310744 0.266902
0.0311166 0.976542
0.0318432 0.188465
0.0319349 0.729539
0.0320336 0.389254
0.0336784 0.0329137
0.0345769 0.134472
0.0346358 0.124727
0.0351441 0.666137
0.0371543 0.45237
0.0372146 0.465243
0.0374254 0.00825575
0.0378337 0.870988
0.0385763 0.351926
0.0388395 0.775898
0.0391699 0.327682
0.0393645 0.599284
0.0394125 0.40666
0.0394201 0.533283
0.0397402 0.913818
0.0399382 0.242115
0.0399785 0.918548
0.0406353 0.957603
0.0421976 0.215549
0.0423333 0.495378
0.0423743 0.18474
0.0438567 0.10037
0.0463155 0.425283
0.0464442 0.588405
0.0470416 0.628541
0.0473302 0.478534
0.0490722 0.755753
0.0497384 0.952658
0.0502157 0.976032
0.0508262 0.236504
0.0513911 0.729413
0.051487 0.341981
0.0519709 0.475614
0.0521788 0.969407
0.0546816 0.0335746
0.0557476 0.949206
0.0557997 0.826354
0.0567196 0.285883
0.0574538 0.626228
0.0576422 0.792589
0.058306 0.948907
0.0585485 0.0241597
0.0598864 0.510719
0.0628437 0.2143
0.0628452 0.23857
0.0632465 0.984524
0.0633604 0.898549
0.0635546 0.16191
0.0642361 0.616404
0.0643666 0.809776
0.0646828 0.123528
0.0651328 0.687385
0.0653124 0.705562
0.0660317 0.795393
0.0663159 0.570511
0.066623 0.732737
0.0674641 0.869172
0.0694094 0.564393
0.0694669 0.530214
0.0695121 0.289215
0.0702204 0.193506
0.0707795 0.59044
0.0709197 0.947257
0.0719278 0.890266
0.0728496 0.38359
0.07425 0.920331
0.0748919 0.70884
0.0752124 0.0947673
0.0756526 0.493598
0.0760242 0.73832
0.0769002 0.4621
0.0773453 0.941839
0.0774127 0.0747064
0.0776387 0.873767
0.0784602 0.680445
0.0786698 0.202687
0.080322 0.971279
0.0813048 0.489598
0.0819054 0.584135
0.0819566 0.444903
0.0820734 0.407208
0.08225 0.375742
0.082541 0.266996
0.0826719 0.465752
0.0828149 0.870193
0.0829629 0.356763
0.0835209 0.735618
0.0836622 0.111391
0.0847916 0.0929972
0.0855992 0.66526
0.0861884 0.567613
0.0864 0.125464
0.087303 0.301804
0.0876328 0.844924
0.0879323 0.877397
0.0888738 0.701126
0.088886 0.906451
0.0892086 0.329561
0.0912275 0.260542
0.0919479 0.368444
0.0926015 0.353153
0.0932702 0.592609
0.0933444 0.839835
0.0939591 0.170956
0.0942726 0.440012
0.0948755 0.572742
0.0955705 0.252674
0.0956012 0.768972
0.0965251 0.29695
0.0986063 0.276712
0.0989329 0.766034
0.0992191 0.574594
0.100115 0.637076
0.10068 0.124834
0.101276 0.152941
0.102282 0.0480456
0.103217 0.774524
0.10369 0.718305
0.103825 0.980438
0.10535 0.623631
0.106885 0.412199
0.108011 0.337158
0.108054 0.0612458
0.108461 0.901516
0.109508 0.49312
0.110413 0.713217
0.110709 0.68311
0.111809 0.181196
0.11192 0.0367182
0.112067 0.5154
0.11258 0.129869
0.114464 0.795296
0.11447 0.899888
0.11497 0.295179
0.117233 0.340319
0.117661 0.536023
0.118815 0.928459
0.118895 0.275362
0.119976 0.433924
0.120263 0.256032
0.12081 0.448822
0.121021 0.0053359
0.121255 0.927818
0.121328 0.165355
0.121522 0.414081
0.121905 0.860967
0.122593 0.41761
0.122889 0.391605
0.124313 0.335066
0.124797 0.465655
0.125558 0.247728
0.126071 0.881246
0.127882 0.315875
0.129005 0.18144
0.12951 0.668425
0.130344 0.69313
0.131491 0.975911
0.13229 0.401985
0.132322 0.942036
0.132747 0.0743548
0.133996 0.0691538
0.135324 0.390475
0.135704 0.782287
0.135993 0.641296
0.136211 0.298097
0.136463 0.532475
0.136733 0.0656103
0.136855 0.119891
0.137264 0.00146133
0.137524 0.372215
0.138044 0.108149
0.139268 0.680997
0.139424 0.302416
0.142739 0.0166952
0.142916 0.98548
0.143538 0.440061
0.143569 0.95783
0.144804 0.727965
0.144988 0.80635
0.145737 0.404692
0.148062 0.47075
0.148298 0.451484
0.149274 0.844886
0.149339 0.933268
0.149714 0.240774
0.150859 0.49059
0.151361 0.922204
0.15141 0.750359
0.152361 0.737792
0.154807 0.848927
0.155637 0.797176
0.156141 0.258108
0.156246 0.0323768
0.156341 0.619831
0.15688 0.688573
0.156934 0.585914
0.157468 0.567377
0.157757 0.414302
0.157845 0.897923
0.158324 0.952142
0.159545 0.467842
0.161006 0.0362078
0.161063 0.985124
0.161301 0.993532
0.161441 0.340762
0.161612 0.208602
0.16249 0.971952
0.163618 0.934704
0.163642 0.331752
0.164055 0.264154
0.164911 0.661629
0.164913 0.694234
0.165894 0.1794
0.165936 0.882161
0.166675 0.313152
0.167409 0.63548
0.168027 0.0269421
0.168074 0.812694
0.16826 0.938475
0.16899 0.209416
0.16899 0.213149
0.171112 0.879119
0.171959 0.112835
0.172399 0.510695
0.172465 0.627025
0.172759 0.5662
0.172791 0.100342
0.174311 0.651395
0.175129 0.386501
0.175457 0.901727
0.176086 0.481891
0.176586 0.887364
0.176623 0.506352
0.178245 0.758059
0.178767 0.539966
0.179557 0.820125
0.18079 0.544757
0.181327 0.55787
0.181362 0.148918
0.182005 0.966103
0.182192 0.101221
0.182492 0.138476
0.182735 0.222056
0.182985 0.436423
0.18316 0.368799
0.183626 0.204012
0.183791 0.97223
0.184305 0.619773
0.184341 0.218968
0.184764 0.32845
0.18489 0.451947
0.186157 0.733168
0.186297 0.0898599
0.186731 0.384646
0.187399 0.607582
0.187633 0.548644
0.188109 0.544446
0.188181 0.765055
0.189889 0.456297
0.191234 0.0716087
0.191672 0.433373
0.191964 0.33182
0.192146 0.398449
0.192965 0.156283
0.194735 0.91595
0.194943 0.413641
0.195016 0.633193
0.196356 0.157546
0.196382 0.588169
0.196583 0.971383
0.197268 0.48542
0.1973 0.0252045
0.197476 0.971371
0.198901 0.93
0.199608 0.809294
0.200464 0.206182
0.200744 0.903702
0.201168 0.0330077
0.201311 0.440681
0.201458 0.898254
0.203411 0.730961
0.20366 0.909092
0.204162 0.346427
0.204976 0.0314126
0.205662 0.562175
0.206273 0.83347
0.207513 0.675718
0.207992 0.727228
0.208277 0.516277
0.208482 0.958456
0.208743 0.340361
0.210602 0.584253
0.212325 0.54765
0.21326 0.260831
0.213625 0.388878
0.217435 0.425359
0.217497 0.476518
0.217548 0.326595
0.218081 0.284477
0.21841 0.821109
0.21919 0.926294
0.220375 0.837697
0.220584 0.347995
0.221297 0.336788
0.22157 0.926531
0.221632 0.972932
0.222854 0.506672
0.223548 0.166475
0.224386 0.247561
0.2244 0.494679
0.224651 0.711135
0.224922 0.257669
0.225087 0.0357169
0.225123 0.636203
0.22568 0.00532171
0.22584 0.696583
0.226062 0.422412
0.226163 0.126964
0.226335 0.0118422
0.226675 0.725287
0.227884 0.0535459
0.230323 0.0328458
0.230741 0.0626628
0.231456 0.0818451
0.232438 0.588667
0.232471 0.145506
0.232489 0.448785
0.232625 0.721962
0.232807 0.795268
0.232843 0.389728
0.233013 0.242854
0.233864 0.552721
0.233978 0.464249
0.234158 0.489931
0.235097 0.275749
0.235257 0.966102
0.235793 0.976922
0.235901 0.787952
0.236524 0.266842
0.236739 0.871793
0.23742 0.312567
0.237525 0.0795738
0.237796 0.63618
0.237808 0.840432
0.238713 0.0452053
0.240046 0.451529
0.24005 0.517599
0.240258 0.0196804
0.240308 0.861594
0.240483 0.799019
0.241119 0.493721
0.241308 0.657828
0.24249 0.523759
0.243462 0.860914
0.243919 0.54885
0.244287 0.733693
0.24515 0.240831
0.245344 0.496319
0.247007 0.449958
0.24714 0.683181
0.248187 0.284099
0.248941 0.950052
0.249586 0.78908
0.250321 0.139013
0.251301 0.612479
0.251477 0.571129
0.252335 0.993499
0.252498 0.730263
0.253218 0.828687
0.253609 0.403417
0.25367 0.430706
0.254218 0.64084
0.254721 0.0950249
0.25487 0.60167
0.255537 0.818203
0.255558 0.16218
0.255758 0.527229
0.256664 0.743789
0.257043 0.129785
0.257305 0.529418
0.257896 0.462794
0.258028 0.669674
0.258799 0.63346
0.259782 0.151098
0.260459 0.537871
0.260659 0.896455
0.260695 0.50476
0.26104 0.297126
0.261528 0.493362
0.263039 0.896762
0.263154 0.82608
0.263304 0.34956
0.263382 0.657995
0.26358 0.995911
0.264508 0.582133
0.264518 0.759353
0.264681 0.492814
0.267009 0.622274
0.2676 0.545147
0.267802 0.950173
0.268131 0.483745
0.268677 0.653996
0.269148 0.565407
0.269569 0.640617
0.271024 0.0927534
0.271535 0.685082
0.271541 0.796662
0.271717 0.748863
0.272149 0.00969833
0.27229 0.386441
0.272959 0.617289
0.273337 0.976058
0.273382 0.739504
0.273658 0.362901
0.274465 0.925498
0.274747 0.665656
0.275103 0.663785
0.280311 0.180242
0.280578 0.670073
0.281123 0.841263
0.281988 0.379973
0.28289 0.53508
0.282896 0.630796
0.283974 0.744787
0.284208 0.687093
0.284281 0.905315
0.284899 0.303382
0.284982 0.700045
0.287049 0.435311
0.287727 0.833024
0.288277 0.0643755
0.29033 0.577427
0.290344 0.812954
0.29052 0.770484
0.290603 0.172046
0.291257 0.150337
0.29187 0.456828
0.292231 0.523962
0.293683 0.923467
0.295279 0.761183
0.295779 0.161193
0.296006 0.970538
0.296378 0.219103
0.296843 0.0420602
0.297269 0.197146
0.297511 0.266389
0.298898 0.573692
0.299572 0.913827
0.299699 0.0329417
0.300288 0.948505
0.300326 0.579647
0.301185 0.0177333
0.301232 0.805919
0.30156 0.323619
0.301914 0.268013
0.302166 0.50146
0.303668 0.746314
0.304566 0.839303
0.305464 0.933458
0.306106 0.725724
0.307257 0.0676482
0.308114 0.468082
0.308224 0.32884
0.308408 0.413322
0.308928 0.161238
0.310192 0.396174
0.311302 0.059059
0.313329 0.120326
0.313855 0.956344
0.315008 0.338676
0.315606 0.386631
0.317107 0.623016
0.317437 0.1703
0.317761 0.60922
0.317836 0.872889
0.31924 0.467999
0.319528 0.314001
0.319555 0.755776
0.319599 0.49824
0.319845 0.643132
0.320737 0.630715
0.320816 0.961527
0.320979 0.689228
0.320989 0.860171
0.321883 0.879334
0.322208 0.342938
0.32362 0.0876728
0.32408 0.805451
0.324234 0.397592
0.32441 0.358244
0.324421 0.54884
0.325452 0.871773
0.32591 0.57598
0.326359 0.112375
0.326515 0.735852
0.326886 0.972936
0.328873 0.365354
0.329374 0.792671
0.330006 0.406769
0.330164 0.0587186
0.330514 0.946066
0.331038 0.753423
0.331253 0.377557
0.331903 0.286897
0.332022 0.297836
0.332649 0.831933
0.332734 0.253038
0.332735 0.270099
0.333295 0.690645
0.333369 0.930561
0.33406 0.554496
0.334553 0.829919
0.334582 0.323058
0.334598 0.587605
0.335226 0.136103
0.336187 0.295098
0.33804 0.438922
0.338416 0.751248
0.338807 0.323246
0.338843 0.931175
0.340813 0.0495211
0.342497 0.353687
0.3429 0.113205
0.346819 0.990393
0.34683 0.164294
0.346954 0.264055
0.347032 0.561346
0.347082 0.404308
0.348224 0.606986
0.348633 0.472348
0.348978 0.271664
0.350417 0.460036
0.351643 0.0632821
0.351653 0.223425
0.352623 0.539668
0.353891 0.850754
0.354849 0.948187
0.354914 0.0478932
0.354922 0.168231
0.356133 0.52713
0.357312 0.335358
0.357524 0.907367
0.357964 0.301674
0.358023 0.296108
0.358114 0.822892
0.359241 0.771526
0.360058 0.494016
0.360192 0.747588
0.360359 0.551181
0.360679 0.931645
0.360806 0.0687998
0.361179 0.336235
0.361347 0.15775
0.363032 0.480629
0.364126 0.859989
0.364334 0.365811
0.365811 0.18682
0.367306 0.316697
0.368028 0.444587
0.369189 0.958982
0.369677 0.156055
0.369744 0.289031
0.369888 0.706863
0.371496 0.735206
0.372881 0.00336934
0.373083 0.399865
0.373434 0.308766
0.374848 0.0750701
0.376918 0.856684
0.377062 0.277662
0.377548 0.447929
0.37761 0.497062
0.378408 0.908422
0.378714 0.0494155
0.380613 0.957601
0.380878 0.409107
0.381036 0.071677
0.381308 0.637784
0.382681 0.724149
0.382692 0.903819
0.386838 0.589647
0.387404 0.103561
0.387812 0.948065
0.388655 0.119343
0.389204 0.35121
0.389568 0.462603
0.39127 0.0774057
0.39281 0.960328
0.39345 0.706019
0.394456 0.627647
0.394868 0.552184
0.395988 0.364889
0.396324 0.0175235
0.396393 0.177939
0.396676 0.934454
0.396982 0.0795094
0.398547 0.386566
0.399631 0.599607
0.400092 0.351767
0.400441 0.212458
0.400712 0.761973
0.401204 0.0279495
0.402804 0.931125
0.402844 0.598667
0.403929 0.8377
0.405298 0.836198
0.405561 0.265407
0.406211 0.188342
0.408386 0.74327
0.410552 0.151829
0.412151 0.0201305
0.412279 0.17502
0.412571 0.0828027
0.413459 0.000191207
0.413576 0.96886
0.413764 0.132513
0.414 0.0933053
0.414093 0.662805
0.414313 0.363668
0.416506 0.21423
0.41667 0.969386
0.418009 0.482414
0.41952 0.872675
0.420637 0.65031
0.420979 0.388393
0.421137 0.0502348
0.42124 0.788925
0.422842 0.70024
0.425497 0.324194
0.426712 0.74104
0.426957 0.86635
0.426963 0.959077
0.427064 0.663402
0.427368 0.767212
0.427559 0.97798
0.427855 0.962023
0.428018 0.701245
0.428097 0.0242846
0.428818 0.139723
0.429197 0.513769
0.430177 0.991156
0.430585 0.847079
0.4314 0.539422
0.432139 0.95562
0.432465 0.43148
0.433995 0.161554
0.434105 0.0021513
0.434239 0.252139
0.434962 0.4008
0.435102 0.767729
0.435604 0.197911
0.435621 0.477077
0.436658 0.915699
0.436736 0.21443
0.437725 0.84703
0.438217 0.107912
0.438389 0.000467464
0.43858 0.213012
0.439651 0.216753
0.439678 0.660312
0.439711 0.221635
0.441786 0.0920077
0.442033 0.251934
0.442905 0.904846
0.443524 0.31297
0.443639 0.241458
0.444385 0.771569
0.444639 0.0555751
0.446124 0.997854
0.446848 0.17091
0.446909 0.195273
0.447082 0.099286
0.447868 0.322289
0.448443 0.989076
0.448568 0.0837568
0.449534 0.323371
0.451037 0.578697
0.451748 0.525149
0.45473 0.646892
0.455133 0.423761
0.458451 0.186853
0.459115 0.33968
0.459157 0.0511128
0.460192 0.444592
0.460288 0.0527703
0.461271 0.588026
0.461515 0.684254
0.462052 0.705506
0.462743 0.329848
0.463349 0.499299
0.463409 0.507915
0.464621 0.893188
0.465608 0.477265
0.466169 0.903751
0.466655 0.068767
0.466669 0.312535
0.467342 0.614211
0.467459 0.581377
0.467743 0.361669
0.468781 0.809228
0.468905 0.892749
0.469455 0.130048
0.471503 0.556008
0.472437 0.256832
0.47278 0.00968277
0.472977 0.32966
0.473712 0.677182
0.474069 0.685172
0.474109 0.343769
0.474353 0.443331
0.47437 0.730034
0.474521 0.26631
0.476614 0.459317
0.477245 0.0611047
0.477515 0.589465
0.478533 0.70849
0.479069 0.714598
0.480924 0.882065
0.482091 0.508987
0.482818 0.720721
0.48301 0.952315
0.483741 0.234972
0.484167 0.401727
0.484656 0.621356
0.485147 0.868033
0.485918 0.831404
0.486341 0.925522
0.486493 0.493033
0.486999 0.996446
0.487512 0.620173
0.48863 0.410707
0.489041 0.311577
0.489102 0.339351
0.490014 0.657191
0.49026 0.79565
0.490514 0.0696149
0.490735 0.788017
0.490951 0.407493
0.490959 0.544322
0.491458 0.929001
0.491698 0.968151
0.491765 0.0954924
0.492104 0.789841
0.492321 0.434535
0.492498 0.419574
0.492931 0.692259
0.493188 0.0172988
0.493383 0.2929
0.494179 0.666303
0.494271 0.218921
0.494472 0.583939
0.495214 0.0570901
0.495476 0.469308
0.496794 0.616445
0.497101 0.783673
0.497222 0.804199
0.498782 0.0263941
0.498994 0.596596
0.499068 0.830533
0.499225 0.480393
0.500181 0.54724
0.502165 0.88679
0.502232 0.0202443
0.502984 0.658657
0.503066 0.0326932
0.503369 0.119348
0.503491 0.16455
0.503602 0.0439121
0.503982 0.424673
0.505971 0.861591
0.506706 0.214693
0.507172 0.0480435
0.507584 0.972142
0.509835 0.797384
0.510006 0.671
0.511845 0.579562
0.512004 0.244605
0.512892 0.17504
0.51338 0.376308
0.513501 0.405537
0.515707 0.494615
0.515816 0.317909
0.516158 0.0734989
0.516215 0.0282455
0.516802 0.886152
0.517321 0.618815
0.518058 0.994614
0.51807 0.204548
0.518656 0.0509661
0.518675 0.367167
0.519996 0.575539
0.52017 0.49252
0.520826 0.529642
0.522125 0.356118
0.52236 0.305617
0.522415 0.231625
0.524453 0.482196
0.525006 0.774405
0.525194 0.940735
0.52524 0.711805
0.526292 0.383058
0.526461 0.224672
0.526725 0.668844
0.527301 0.356567
0.527545 0.44226
0.527638 0.0154854
0.528929 0.717796
0.529345 0.699371
0.529505 0.398631
0.530441 0.121987
0.53059 0.630605
0.531095 0.110945
0.531425 0.659285
0.531985 0.0723102
0.532445 0.800372
0.532954 0.365136
0.533133 0.362495
0.53352 0.875302
0.533836 0.17636
0.534608 0.155548
0.535973 0.0935407
0.536033 0.113504
0.536088 0.0354586
0.536143 0.959667
0.536397 0.220413
0.536851 0.854261
0.537631 0.970818
0.542066 0.505887
0.542244 0.493032
0.542997 0.157921
0.543092 0.75328
0.543586 0.0448169
0.543593 0.16816
0.54452 0.744326
0.545329 0.34348
0.5456 0.891219
0.54606 0.622552
0.546992 0.289339
0.547777 0.488511
0.548806 0.781132
0.549109 0.871199
0.549537 0.0704962
0.551254 0.924387
0.552059 0.455287
0.5526 0.540402
0.554034 0.657093
0.554577 0.779861
0.555931 0.526241
0.556003 0.743617
0.55718 0.51744
0.557557 0.862919
0.558645 0.15143
0.559965 0.336385
0.560328 0.433322
0.56038 0.308021
0.560555 0.255995
0.56092 0.384152
0.561538 0.768836
0.562418 0.555743
0.562651 0.466619
0.563282 0.0809446
0.563357 0.348707
0.563608 0.553909
0.563893 0.350652
0.564028 0.620079
0.564613 0.453185
0.565302 0.0275082
0.567666 0.76445
0.569624 0.664495
0.570159 0.657244
0.571124 0.882567
0.571761 0.588023
0.572097 0.24155
0.573327 0.914458
0.5736 0.496797
0.573873 0.0811556
0.574124 0.294004
0.574516 0.894193
0.574888 0.145748
0.575016 0.30077
0.575913 0.375938
0.578262 0.853483
0.578599 0.505937
0.579692 0.879818
0.581098 0.517355
0.581829 0.799135
0.581833 0.865143
0.582035 0.270302
0.583154 0.0746963
0.584595 0.282572
0.585905 0.301952
0.586524 0.701436
0.587195 0.978968
0.587264 0.143031
0.589051 0.181701
0.589478 0.354099
0.589626 0.840567
0.589708 0.217406
0.589781 0.442139
0.590047 0.927478
0.59135 0.817027
0.591813 0.599216
0.592991 0.404368
0.594195 0.636252
0.595702 0.966257
0.595828 0.0893399
0.596382 0.400262
0.597103 0.517321
0.597147 0.247693
0.598285 0.375246
0.598932 0.249673
0.599611 0.656528
0.599702 0.196366
0.600295 0.153597
0.601183 0.0754467
0.601951 0.994333
0.602083 0.209704
0.602878 0.568244
0.603304 0.722414
0.604369 0.630916
0.604725 0.610606
0.605115 0.175623
0.605818 0.978258
0.60656 0.457356
0.606923 0.548964
0.608594 0.639016
0.610428 0.469926
0.611127 0.212868
0.612285 0.677769
0.613493 0.974088
0.614464 0.297593
0.614546 0.682407
0.615457 0.986073
0.615479 0.354124
0.615672 0.595994
0.616439 0.496504
0.616733 0.439897
0.617253 0.174164
0.618418 0.746998
0.61899 0.371898
0.619487 0.723566
0.61957 0.117504
0.619721 0.649304
0.619943 0.38735
0.62093 0.967333
0.621098 0.790351
0.621765 0.998299
0.622008 0.0944878
0.622255 0.240687
0.622599 0.018637
0.623021 0.112513
0.623468 0.618439
0.623826 0.64418
0.62465 0.487274
0.6248 0.00794431
0.625046 0.14933
0.625326 0.845488
0.625781 0.498973
0.626304 0.295554
0.626575 0.849108
0.627068 0.137311
0.627718 0.0634312
0.627892 0.977595
0.627986 0.561762
0.628509 0.34604
0.628625 0.299009
0.629213 0.187352
0.629427 0.775265
0.631739 0.633228
0.631957 0.300633
0.632526 0.858516
0.632667 0.237411
0.63339 0.390135
0.63429 0.504451
0.634566 0.143531
0.635087 0.915913
0.635274 0.0494108
0.635689 0.0329349
0.63579 0.724769
0.637114 0.976264
0.637543 0.187019
0.638284 0.636158
0.638285 0.64994
0.640403 0.2583
0.640415 0.462921
0.641524 0.0993139
0.641586 0.142248
0.642234 0.0260746
0.643041 0.58929
0.643407 0.742702
0.643424 0.0333267
0.644207 0.181283
0.644445 0.194394
0.644923 0.215257
0.64614 0.677612
0.648421 0.00875833
0.648829 0.8667
0.648985 0.493645
0.649433 0.0234416
0.649643 0.548611
0.64968 0.174814
0.649754 0.41473
0.650518 0.248269
0.651437 0.699565
0.651667 0.562567
0.653488 0.173657
0.653777 0.0239165
0.65561 0.842194
0.65611 0.243864
0.656379 0.765831
0.657412 0.124084
0.657818 0.944467
0.658132 0.231329
0.658206 0.467112
0.658216 0.643785
0.658447 0.512046
0.65905 0.647985
0.659279 0.507386
0.660734 0.960415
0.662016 0.497417
0.66257 0.819633
0.663 0.039889
0.664623 0.323137
0.664837 0.909351
0.667204 0.703473
0.667684 0.766746
0.668011 0.265029
0.668297 0.0750605
0.668511 0.669039
0.669401 0.61695
0.66997 0.189007
0.670737 0.0773386
0.672705 0.147537
0.673328 0.627397
0.673732 0.414988
0.674023 0.307361
0.674351 0.819997
0.674424 0.0471722
0.674898 0.00831153
0.674929 0.535691
0.675475 0.71261
0.675945 0.598945
0.677016 0.601379
0.677695 0.0242466
0.678491 0.390394
0.679079 0.287503
0.680387 0.269802
0.680417 0.761423
0.680451 0.345137
0.680528 0.63893
0.68078 0.869795
0.681053 0.457487
0.681146 0.0283101
0.681721 0.689658
0.686581 0.364395
0.687977 0.834847
0.687987 0.997784
0.688291 0.109123
0.688476 0.213296
0.689253 0.269316
0.689773 0.0176
0.690028 0.303069
0.691626 0.16417
0.691648 0.527361
0.691957 0.722184
0.692245 0.563881
0.692428 0.641421
0.692571 0.0487808
0.692833 0.438349
0.693314 0.53382
0.694172 0.946987
0.695147 0.342487
0.695312 0.114399
0.695435 0.180654
0.697324 0.931655
0.697576 0.163944
0.697729 0.732003
0.697921 0.961821
0.697986 0.0578644
0.698124 0.372388
0.698499 0.676763
0.699588 0.975104
0.700683 0.38652
0.700971 0.216509
0.700973 0.258803
0.701134 0.963581
0.701498 0.0774307
0.701731 0.991187
0.702535 0.509698
0.702537 0.537254
0.702749 0.104216
0.702782 0.657094
0.702815 0.219716
0.702958 0.621512
0.703259 0.680265
0.704567 0.664521
0.704847 0.354668
0.705549 0.153617
0.706022 0.112494
0.706526 0.583334
0.707009 0.708208
0.707803 0.0424634
0.707921 0.0301498
0.708875 0.054547
0.710927 0.549003
0.711269 0.291743
0.711743 0.260074
0.711916 0.173746
0.712054 0.49284
0.712117 0.550237
0.712206 0.0393134
0.712447 0.102717
0.71249 0.812115
0.712952 0.580608
0.713951 0.372029
0.714307 0.351618
0.714577 0.887632
0.715754 0.681632
0.71614 0.158367
0.716642 0.604718
0.717046 0.385116
0.71707 0.79532
0.717345 0.421479
0.718895 0.462243
0.719917 0.649349
0.72108 0.199025
0.721578 0.561665
0.722319 0.0193977
0.722638 0.380531
0.723521 0.210969
0.72354 0.540921
0.724161 0.969573
0.724656 0.291352
0.72555 0.319084
0.725637 0.785143
0.726053 0.772119
0.726694 0.549444
0.727086 0.138542
0.727093 0.25503
0.727502 0.134229
0.72777 0.627919
0.7281 0.180571
0.728389 0.0401516
0.728687 0.0429781
0.728771 0.448531
0.729724 0.477288
0.730089 0.611291
0.730167 0.916056
0.730369 0.303935
0.731111 0.77988
0.732693 0.372685
0.733727 0.75484
0.733934 0.226789
0.734426 0.503464
0.735293 0.0684238
0.735657 0.187627
0.736404 0.747079
0.736447 0.468107
0.736644 0.779749
0.737483 0.875424
0.7376 0.850635
0.738314 0.836156
0.738889 0.498654
0.739091 0.90782
0.739511 0.957211
0.740688 0.744902
0.741071 0.187123
0.741686 0.515403
0.741905 0.203188
0.742178 0.794481
0.742228 0.627668
0.742676 0.149748
0.742859 0.234566
0.742905 0.0101439
0.74291 0.0854179
0.745009 0.367129
0.745642 0.00128634
0.745948 0.150317
0.746561 0.457865
0.746627 0.555208
0.747078 0.143202
0.747386 0.313254
0.747699 0.579117
0.748284 0.413686
0.748806 0.186545
0.74893 0.271732
0.748948 0.575528
0.749085 0.872231
0.749395 0.0752719
0.749753 0.104636
0.749866 0.00635016
0.750302 0.321712
0.750981 0.745143
0.751112 0.942334
0.751491 0.30763
0.752961 0.0229986
0.753408 0.533472
0.753828 0.579075
0.754088 0.964432
0.754146 0.93898
0.75435 0.363627
0.754856 0.871907
0.757097 0.521486
0.757502 0.333644
0.757797 0.30223
0.759194 0.779092
0.759256 0.817025
0.759375 0.810159
0.75945 0.0733739
0.759663 0.652067
0.759703 0.327866
0.75984 0.637264
0.760235 0.276318
0.760912 0.654333
0.761692 0.749234
0.761804 0.631123
0.761896 0.183828
0.76293 0.559917
0.7631 0.42278
0.763715 0.751192
0.763825 0.601354
0.763945 0.61565
0.764165 0.327658
0.764667 0.758442
0.76502 0.692755
0.765379 0.732544
0.765685 0.863293
0.765793 0.685319
0.767079 0.295662
0.768538 0.822712
0.769006 0.681561
0.769006 0.684973
0.77004 0.0574156
0.770779 0.481104
0.771159 0.870082
0.772447 0.518563
0.774566 0.134632
0.775449 0.974641
0.775628 0.979325
0.775664 0.581572
0.777061 0.0637635
0.777086 0.490661
0.777199 0.382435
0.777311 0.262822
0.779072 0.86327
0.779357 0.653837
0.779565 0.141306
0.779871 0.288937
0.780929 0.0790956
0.781608 0.483884
0.7827 0.835703
0.783933 0.563161
0.784322 0.101443
0.785429 0.700794
0.78627 0.841259
0.78774 0.543221
0.788205 0.35796
0.788484 0.0468007
0.788676 0.278629
0.788995 0.632946
0.789311 0.953907
0.789369 0.919555
0.78969 0.320087
0.791257 0.656641
0.792824 0.998643
0.792894 0.176621
0.793551 0.214345
0.793952 0.958797
0.794126 0.883081
0.794311 0.986878
0.794651 0.702624
0.794834 0.783185
0.794872 0.408042
0.795173 0.466373
0.796964 0.573993
0.798066 0.103603
0.798154 0.582255
0.798557 0.352401
0.799889 0.741843
0.802053 0.10933
0.802199 0.560259
0.802483 0.339979
0.802923 0.721858
0.803003 0.0693314
0.803622 0.473026
0.808023 0.444918
0.80815 0.572125
0.811411 0.382255
0.813363 0.18494
0.813763 0.911915
0.813939 0.87285
0.81415 0.421913
0.814461 0.647016
0.8146 0.989174
0.815028 0.168491
0.815172 0.593906
0.815299 0.735115
0.815938 0.462234
0.816061 0.53828
0.816265 0.961158
0.81735 0.208377
0.817746 0.860009
0.818343 0.88979
0.819313 0.197252
0.819862 0.426247
0.820013 0.959917
0.8207 0.507842
0.820852 0.0647716
0.821291 0.435059
0.821358 0.56921
0.822268 0.852739
0.82242 0.412306
0.822439 0.735903
0.822855 0.719599
0.823102 0.876341
0.824908 0.233277
0.82577 0.722931
0.826134 0.829088
0.82661 0.838501
0.826787 0.802534
0.827304 0.504534
0.827594 0.367354
0.828232 0.0928376
0.828792 0.500861
0.828943 0.0477418
0.829863 0.505815
0.829959 0.119041
0.830486 0.975564
0.830536 0.817979
0.830588 0.690001
0.831141 0.992408
0.833479 0.283458
0.833788 0.466189
0.835594 0.827164
0.835926 0.410066
0.837022 0.834114
0.837518 0.171349
0.837796 0.835286
0.839968 0.349705
0.840827 0.785834
0.840899 0.985578
0.84138 0.0816436
0.842989 0.113211
0.843265 0.751571
0.843699 0.042335
0.843728 0.52811
0.843955 0.356621
0.844242 0.167991
0.844348 0.965074
0.84466 0.194631
0.84595 0.882384
0.846535 0.71106
0.846876 0.439837
0.847449 0.072219
0.847817 0.26384
0.84875 0.943258
0.84934 0.863416
0.849862 0.636698
0.850454 0.585453
0.851724 0.927806
0.852478 0.603409
0.852739 0.990911
0.852897 0.63955
0.853479 0.420132
0.855193 0.234053
0.856681 0.233997
0.858029 0.888276
0.858394 0.0350433
0.858661 0.51092
0.859318 0.56166
0.859424 0.334043
0.859794 0.565915
0.860722 0.149578
0.86136 0.885431
0.861361 0.89487
0.861683 0.299674
0.862858 0.0616166
0.864452 0.845127
0.864705 0.0896175
0.865346 0.875059
0.865551 0.316423
0.865639 0.789228
0.867547 0.863669
0.867643 0.476622
0.867714 0.674792
0.868225 0.260021
0.869216 0.918174
0.869797 0.670191
0.871787 0.12896
0.872011 0.885774
0.872184 0.788347
0.872328 0.218537
0.872921 0.186639
0.87394 0.317348
0.874993 0.0122602
0.875062 0.158432
0.876404 0.718849
0.876776 0.97132
0.876799 0.355626
0.877085 0.172287
0.878766 0.425488
0.879166 0.150037
0.879373 0.62392
0.88029 0.0411393
0.88073 0.434022
0.881052 0.835907
0.881059 0.955666
0.882333 0.374013
0.883024 0.985284
0.883904 0.777975
0.884103 0.116665
0.884417 0.401672
0.884781 0.521579
0.884918 0.809939
0.885553 0.491689
0.88574 0.637099
0.88769 0.402789
0.887847 0.051725
0.889165 0.201727
0.889679 0.834831
0.89117 0.897597
0.891319 0.392471
0.891696 0.729146
0.892102 0.566176
0.892562 0.29153
0.892747 0.398442
0.895261 0.648126
0.895488 0.45877
0.895525 0.0812245
0.895733 0.576872
0.897637 0.583075
0.898316 0.98993
0.899016 0.768499
0.899042 0.197838
0.89983 0.435069
0.900093 0.859253
0.900537 0.327989
0.901152 0.660925
0.901379 0.479489
0.901381 0.505723
0.902238 0.91849
0.904186 0.657735
0.904647 0.398875
0.904783 0.683063
0.905126 0.459652
0.90557 0.91113
0.905724 0.504875
0.906005 0.222688
0.906194 0.395373
0.907037 0.575964
0.908271 0.303078
0.908947 0.668367
0.909809 0.167968
0.910125 0.472681
0.91054 0.448567
0.910933 0.044028
0.911087 0.642375
0.911853 0.519116
0.913105 0.555082
0.914158 0.254126
0.914387 0.0998317
0.91443 0.819881
0.914495 0.922116
0.914809 0.194083
0.915038 0.0472788
0.9153 0.451819
0.915559 0.806606
0.916003 0.267492
0.918257 0.144215
0.919427 0.815552
0.921549 0.470314
0.922326 0.538888
0.922562 0.507045
0.922621 0.49881
0.922712 0.0194813
0.922871 0.689612
0.923141 0.222786
0.923357 0.858995
0.923397 0.53769
0.923677 0.237205
0.924372 0.92329
0.924627 0.205722
0.924674 0.99311
0.926833 0.287631
0.929077 0.993122
0.929146 0.151143
0.93054 0.57772
0.930768 0.425241
0.931465 0.133403
0.932058 0.102554
0.932094 0.702297
0.932602 0.243065
0.93436 0.79268
0.934972 0.072546
0.935222 0.27018
0.935425 0.693677
0.935633 0.177006
0.935776 0.590994
0.936602 0.476171
0.937568 0.704969
0.938101 0.656935
0.938109 0.791533
0.938283 0.725146
0.93872 0.0589232
0.938919 0.408453
0.938973 0.324482
0.940891 0.549268
0.9409 0.705381
0.940974 0.95623
0.941104 0.135326
0.941272 0.963267
0.941624 0.881333
0.943425 0.148939
0.944525 0.637586
0.944701 0.58304
0.94555 0.859136
0.945874 0.302376
0.946443 0.86951
0.946661 0.535882
0.946704 0.253693
0.947119 0.224296
0.948287 0.856822
0.948723 0.179548
0.950673 0.956735
0.95144 0.854106
0.951712 0.431421
0.952352 0.185541
0.952407 0.108536
0.952525 0.0956981
0.952641 0.0371699
0.952951 0.251567
0.953332 0.653811
0.953865 0.612468
0.955175 0.624256
0.955286 0.487527
0.955863 0.189533
0.956054 0.392999
0.956263 0.911241
0.956416 0.488731
0.957514 0.943208
0.957539 0.35129
0.957539 0.354828
0.957678 0.69427
0.957998 0.0725045
0.958374 0.389684
0.958617 0.48397
0.961039 0.176802
0.962586 0.189399
0.963472 0.0800685
0.9635 0.544986
0.964062 0.997354
0.964172 0.837811
0.965171 0.630797
0.965266 0.23035
0.965434 0.0466924
0.965471 0.677224
0.966211 0.103729
0.966278 0.23039
0.967107 0.17259
0.967381 0.768312
0.969308 0.161451
0.970354 0.741777
0.970965 0.0076021
0.971678 0.986901
0.972282 0.148103
0.972757 0.123448
0.972848 0.664201
0.973513 0.825167
0.974371 0.257454
0.975351 0.728745
0.97599 0.466375
0.97698 0.109258
0.977116 0.39347
0.978059 0.238894
0.978848 0.505913
0.979324 0.494656
0.979613 0.356107
0.980233 0.777857
0.981665 0.849624
0.982444 0.939657
0.982835 0.50548
0.983418 0.312883
0.98349 0.523239
0.983683 0.763552
0.984033 0.647878
0.984505 0.577101
0.986238 0.695938
0.986815 0.40584
0.986904 0.898454
0.987862 0.991715
0.98814 0.671524
0.988886 0.208311
0.990229 0.783512
0.990449 0.476948
0.99073 0.206079
0.990848 0.17938
0.991001 0.749732
0.992714 0.551295
0.995799 0.399841
0.996479 0.820134
0.997085 0.0122973
0.997258 0.911779
0.997826 0.468167
0.998153 0.950492
0.998383 0.815099
0.998841 0.516575
0.999702 0.99391
0.999894 0.223649
