0.00207638 0.897687
0.00313226 0.643901
0.00386259 0.918489
0.00580149 0.505706
0.00587854 0.800547
0.00723525 0.602862
0.00751689 0.33636
0.00798902 0.271515
0.00876095 0.245272
0.00920299 0.674696
0.0121716 0.567385
0.0128587 0.116641
0.0140364 0.909466
0.014364 0.415489
0.0157064 0.978137
0.0178155 0.424765
0.0202855 0.9378
0.0204363 0.473449
0.0219084 0.215052
0.0220802 0.101574
0.0223237 0.194538
0.0226737 0.0767431
0.0231098 0.405653
0.0236809 0.00548505
0.0241781 0.361261
0.0262517 0.212991
0.0270046 0.866931
0.0270843 0.206281
0.0292953 0.365977
0.0300846 0.63161
0.0313632 0.121231
0.0367808 0.174236
0.0368056 0.59182
0.0378193 0.628237
0.0381137 0.576428
0.0381393 0.00636157
0.0392383 0.477383
0.0394128 0.411521
0.0401422 0.669564
0.0418396 0.19765
0.0421561 0.518345
0.0431754 0.648185
0.0438773 0.445552
0.0444394 0.89317
0.0445841 0.325214
0.0467545 0.803201
0.0469641 0.326038
0.0509254 0.903842
0.0509812 0.8404
0.0515944 0.147243
0.0519773 0.581645
0.0537953 0.136801
0.0539093 0.0543864
0.0539421 0.605543
0.0548826 0.41196
0.0562467 0.337783
0.0569197 0.650236
0.0577164 0.0400501
0.057794 0.343563
0.0577986 0.421725
0.0596323 0.239635
0.0596401 0.370437
0.0600024 0.460362
0.0615553 0.560591
0.0616625 0.361869
0.0622701 0.573317
0.0632042 0.272763
0.064376 0.968142
0.0649316 0.305869
0.0680264 0.319873
0.0707195 0.582998
0.072173 0.0115386
0.0752916 0.425743
0.0769986 0.115804
0.0779546 0.182597
0.0794711 0.671649
0.0798185 0.510058
0.0870958 0.819798
0.0880666 0.136001
0.0892398 0.853043
0.0902385 0.638868
0.0918982 0.533167
0.0919279 0.032787
0.0949088 0.132178
0.0961114 0.344309
0.0981807 0.122871
0.100638 0.416251
0.106085 0.967029
0.106996 0.275751
0.107339 0.0392304
0.107604 0.497717
0.107652 0.310533
0.108933 0.837392
0.110618 0.163973
0.112505 0.871647
0.113483 0.313276
0.115405 0.604523
0.119477 0.0557094
0.119937 0.785728
0.120098 0.481654
0.121343 0.419548
0.122011 0.633874
0.122222 0.183461
0.122771 0.415869
0.123096 0.868884
0.123573 0.896179
0.127742 0.960193
0.12869 0.885172
0.135048 0.749838
0.135306 0.0885028
0.136821 0.548817
0.137857 0.967951
0.141012 0.994663
0.143899 0.51438
0.14464 0.956734
0.146837 0.897174
0.147089 0.132351
0.149734 0.575985
0.15044 0.443265
0.151992 0.535019
0.151993 0.544559
0.152584 0.476003
0.154259 0.625801
0.155149 0.594617
0.15986 0.762294
0.160442 0.545115
0.162257 0.0487962
0.163981 0.0308825
0.164753 0.010775
0.165346 0.975168
0.165348 0.00290416
0.166724 0.132596
0.168219 0.263975
0.16961 0.639047
0.170011 0.370625
0.171494 0.295396
0.171808 0.572592
0.172081 0.16689
0.172842 0.954778
0.174662 0.540166
0.175848 0.474852
0.176189 0.214618
0.178 0.650499
0.178753 0.297669
0.183904 0.872527
0.18482 0.276873
0.1866 0.192433
0.187179 0.920352
0.188085 0.148941
0.191411 0.0479691
0.192762 0.747993
0.193524 0.560268
0.195283 0.114173
0.19618 0.195265
0.196709 0.0861851
0.197977 0.394289
0.198679 0.197307
0.19932 0.973592
0.201302 0.28719
0.205197 0.749627
0.207205 0.497103
0.207311 0.284262
0.207375 0.346481
0.20889 0.82226
0.209473 0.617916
0.211729 0.521147
0.211882 0.0953965
0.216394 0.925605
0.216931 0.963911
0.217453 0.726087
0.219101 0.422512
0.220462 0.309813
0.220861 0.0166126
0.222774 0.16895
0.223484 0.102825
0.224835 0.802911
0.228323 0.422503
0.229038 0.436849
0.229276 0.43862
0.23061 0.859923
0.232771 0.178566
0.232796 0.598536
0.23287 0.838585
0.235589 0.548221
0.236485 0.606688
0.236711 0.40488
0.238764 0.905769
0.239617 0.238692
0.240429 0.889047
0.241335 0.116837
0.241383 0.927187
0.241654 0.477884
0.243166 0.894128
0.245049 0.533086
0.248888 0.0531189
0.250533 0.705888
0.252804 0.882659
0.255425 0.932909
0.255857 0.184666
0.258994 0.906619
0.262058 0.403652
0.26209 0.940799
0.263063 0.293129
0.264873 0.713154
0.265238 0.852855
0.26611 0.508381
0.270282 0.627343
0.271084 0.101189
0.27409 0.631492
0.274721 0.237765
0.275526 0.76238
0.279013 0.371133
0.279932 0.809648
0.281185 0.874845
0.283143 0.782779
0.284161 0.894032
0.284643 0.995255
0.286221 0.510188
0.288437 0.753751
0.288454 0.046003
0.288757 0.140836
0.290435 0.34272
0.291183 0.912377
0.292107 0.448362
0.29244 0.0405143
0.294129 0.428266
0.295655 0.0703789
0.296076 0.145198
0.298296 0.467799
0.300911 0.408847
0.301133 0.144256
0.302031 0.231547
0.302812 0.353097
0.30405 0.172656
0.305396 0.792506
0.305993 0.832783
0.30798 0.228112
0.308555 0.885202
0.310025 0.584339
0.310079 0.49975
0.311885 0.846795
0.316692 0.648281
0.316969 0.305409
0.317256 0.116615
0.318227 0.449035
0.318804 0.14359
0.32025 0.444184
0.322575 0.519955
0.323119 0.661796
0.323332 0.241859
0.323833 0.668033
0.324481 0.549387
0.325759 0.0383582
0.327953 0.900659
0.328547 0.890503
0.329125 0.601509
0.329839 0.595764
0.330622 0.756094
0.330983 0.829505
0.331462 0.875412
0.332436 0.249256
0.332465 0.743984
0.333212 0.299101
0.335015 0.602677
0.335566 0.85055
0.337747 0.511079
0.337928 0.553228
0.338227 0.57494
0.338414 0.72287
0.341109 0.0178646
0.342911 0.311791
0.345436 0.74743
0.345587 0.287916
0.348068 0.981591
0.349225 0.417566
0.350126 0.573228
0.350617 0.822393
0.351645 0.0985633
0.352486 0.23733
0.353603 0.997904
0.354193 0.924159
0.356336 0.938856
0.356866 0.853544
0.356923 0.796653
0.357827 0.00514351
0.359191 0.919133
0.3594 0.440044
0.360107 0.322359
0.363053 0.835039
0.368724 0.142341
0.369 0.778799
0.370055 0.506731
0.376487 0.613825
0.377286 0.044
0.378503 0.497246
0.378853 0.378574
0.378943 0.901132
0.379711 0.797728
0.380309 0.851404
0.382711 0.221053
0.384059 0.874166
0.384269 0.400861
0.384327 0.379165
0.385388 0.220602
0.38552 0.43858
0.386862 0.994888
0.388837 0.182928
0.390136 0.00954486
0.390476 0.72364
0.392317 0.669112
0.394221 0.666393
0.396126 0.688929
0.396581 0.344731
0.397012 0.584122
0.397352 0.289968
0.398561 0.615918
0.398651 0.12143
0.39882 0.965845
0.39932 0.375083
0.399577 0.686677
0.399941 0.814067
0.402935 0.130155
0.404566 0.54325
0.4058 0.278753
0.405871 0.470835
0.406339 0.346166
0.406685 0.161502
0.406849 0.907963
0.407876 0.171196
0.408148 0.747642
0.410114 0.785259
0.414948 0.0385935
0.418207 0.809584
0.418877 0.0644038
0.419306 0.280457
0.419311 0.363769
0.419697 0.843408
0.419851 0.438475
0.419914 0.495724
0.420456 0.604819
0.420638 0.663552
0.427195 0.858573
0.428402 0.146416
0.429849 0.469872
0.431176 0.782029
0.433129 0.600022
0.434445 0.718414
0.434514 0.87303
0.435968 0.30604
0.437367 0.829492
0.43745 0.230318
0.438426 0.6212
0.440932 0.743526
0.44226 0.0593924
0.443639 0.234493
0.446341 0.659303
0.446553 0.219495
0.446944 0.792714
0.449121 0.378353
0.449902 0.505616
0.450191 0.359671
0.451667 0.169489
0.452119 0.766123
0.452169 0.605211
0.454051 0.238535
0.454816 0.0879774
0.455321 0.575847
0.455766 0.0601571
0.459101 0.109859
0.462253 0.0845801
0.464273 0.0413806
0.466059 0.0533466
0.467063 0.923273
0.467279 0.561087
0.467476 0.867462
0.468834 0.696981
0.469832 0.469282
0.470766 0.168384
0.475503 0.782548
0.477892 0.931517
0.479837 0.628397
0.483417 0.790089
0.489239 0.638464
0.489779 0.708741
0.491613 0.5479
0.492233 0.958293
0.492722 0.170972
0.492974 0.422405
0.493055 0.771569
0.493482 0.951152
0.495256 0.770033
0.496033 0.829997
0.496487 0.454939
0.500122 0.554308
0.500252 0.741544
0.500504 0.96459
0.501035 0.902664
0.502852 0.441744
0.505935 0.257176
0.508593 0.920129
0.508685 0.469766
0.508831 0.927285
0.509111 0.622778
0.512619 0.589289
0.512659 0.253622
0.512849 0.454357
0.513272 0.558916
0.513611 0.2549
0.513686 0.521872
0.514603 0.93442
0.518255 0.32003
0.518521 0.77667
0.519133 0.0623742
0.519666 0.03299
0.520504 0.109482
0.520702 0.443093
0.521139 0.778835
0.522463 0.0360193
0.523414 0.0144757
0.524044 0.607161
0.525899 0.792887
0.527725 0.465845
0.527881 0.0966161
0.527888 0.206044
0.530045 0.470872
0.530129 0.880214
0.531185 0.629136
0.53164 0.278833
0.531937 0.257554
0.533389 0.670379
0.534547 0.138738
0.535169 0.591731
0.537431 0.597519
0.537851 0.664754
0.538556 0.516264
0.540364 0.899099
0.540693 0.43069
0.540877 0.511971
0.542986 0.972835
0.543992 0.871681
0.545447 0.327151
0.545655 0.821367
0.54586 0.274612
0.547122 0.479314
0.54791 0.726743
0.548435 0.541356
0.549703 0.852418
0.550719 0.927756
0.554012 0.286499
0.554182 0.133935
0.558718 0.375498
0.559627 0.647194
0.560386 0.40297
0.560769 0.842374
0.56128 0.424849
0.564914 0.504175
0.565459 0.663625
0.568243 0.458622
0.568684 0.878755
0.569298 0.188698
0.56934 0.904623
0.573024 0.818646
0.573768 0.322711
0.573854 0.759406
0.574254 0.487109
0.574357 0.220713
0.577082 0.0101148
0.582253 0.920192
0.582991 0.329339
0.584968 0.560831
0.586182 0.958533
0.586534 0.87933
0.591012 0.134089
0.592961 0.896882
0.592994 0.442827
0.594347 0.195616
0.595574 0.819257
0.596517 0.653638
0.598158 0.236002
0.598337 0.246939
0.598811 0.210403
0.599208 0.880848
0.601242 0.0817534
0.601251 0.223168
0.602869 0.426188
0.604527 0.288633
0.606115 0.979409
0.606517 0.733558
0.606757 0.770767
0.607335 0.486813
0.608566 0.172643
0.60923 0.327567
0.609763 0.28289
0.609866 0.0147325
0.611503 0.529609
0.612184 0.973334
0.613387 0.192845
0.616834 0.123232
0.617302 0.995753
0.618472 0.661799
0.623079 0.0905351
0.623515 0.424853
0.623726 0.957864
0.624257 0.894325
0.624752 0.210915
0.625529 0.266966
0.625977 0.789124
0.626139 0.522069
0.627923 0.506603
0.630776 0.4503
0.632362 0.0998382
0.633195 0.110644
0.634308 0.817411
0.634667 0.85605
0.636081 0.611405
0.636764 0.0856138
0.636886 0.136224
0.636985 0.808414
0.637024 0.454771
0.639812 0.316878
0.640295 0.439632
0.640652 0.432463
0.640813 0.137436
0.642793 0.426374
0.644256 0.0121848
0.64595 0.481495
0.648723 0.0929556
0.651957 0.434803
0.657144 0.61914
0.660496 0.957228
0.661508 0.972748
0.662982 0.733432
0.665644 0.484048
0.665645 0.497533
0.666422 0.55194
0.670418 0.718984
0.672046 0.0746564
0.672085 0.734952
0.672174 0.233999
0.674201 0.291838
0.675718 0.800229
0.676677 0.906357
0.677718 0.404005
0.678055 0.0678393
0.679948 0.887039
0.680189 0.939658
0.681545 0.724059
0.684014 0.224963
0.686798 0.010724
0.688358 0.238069
0.689538 0.0581928
0.692668 0.672979
0.6927 0.210972
0.697048 0.290383
0.697065 0.566709
0.697098 0.126287
0.698194 0.549364
0.699521 0.851785
0.701505 0.196525
0.703545 0.482526
0.705414 0.889565
0.70668 0.17513
0.707541 0.633838
0.7117 0.538061
0.711712 0.743769
0.712893 0.584969
0.714788 0.441407
0.714927 0.776725
0.716188 0.96698
0.716507 0.331095
0.717463 0.408962
0.718509 0.983536
0.718642 0.210834
0.719061 0.260499
0.72197 0.147672
0.722807 0.210898
0.724716 0.306847
0.727733 0.0134782
0.729723 0.454795
0.732301 0.777858
0.732535 0.723929
0.733262 0.937158
0.734741 0.79355
0.734988 0.950276
0.737458 0.454068
0.740554 0.49191
0.742986 0.37097
0.746448 0.558914
0.747408 0.685194
0.748702 0.426426
0.748714 0.630968
0.748883 0.480017
0.749579 0.180016
0.750304 0.350967
0.750873 0.919682
0.751629 0.623789
0.752802 0.335823
0.757738 0.294961
0.760575 0.987055
0.761607 0.33133
0.762773 0.922987
0.764296 0.52783
0.764782 0.685012
0.765257 0.66715
0.76613 0.354357
0.767128 0.127597
0.768522 0.54839
0.768981 0.263688
0.77169 0.792722
0.771923 0.713397
0.773945 0.701323
0.776538 0.267324
0.779319 0.022531
0.780353 0.391115
0.780658 0.520658
0.781678 0.659037
0.783634 0.536354
0.784365 0.816233
0.785589 0.398543
0.786817 0.0326093
0.788594 0.894912
0.788907 0.156282
0.7901 0.21025
0.792532 0.0854983
0.794384 0.219421
0.795503 0.0137036
0.796003 0.426331
0.79628 0.0832942
0.79756 0.588506
0.798249 0.168104
0.799357 0.785166
0.799555 0.119387
0.801962 0.582765
0.803041 0.706774
0.803391 0.593283
0.804705 0.676542
0.805679 0.0498078
0.805863 0.140206
0.807369 0.445543
0.808102 0.762487
0.809129 0.0246555
0.810122 0.71564
0.810216 0.304894
0.811793 0.80408
0.81222 0.978286
0.813161 0.795551
0.81335 0.979474
0.814597 0.931275
0.814834 0.906664
0.815848 0.961708
0.815853 0.0448783
0.817464 0.116274
0.81777 0.266768
0.819154 0.521181
0.81936 0.976938
0.821287 0.376541
0.821452 0.139837
0.82176 0.32753
0.823987 0.741175
0.82552 0.512345
0.826849 0.853702
0.827019 0.704042
0.829354 0.954458
0.83 0.814453
0.831523 0.408027
0.832137 0.734561
0.836048 0.455503
0.837815 0.164596
0.838367 0.428184
0.839182 0.134708
0.840139 0.222499
0.841628 0.23977
0.842004 0.55673
0.843189 0.485132
0.844139 0.451379
0.845879 0.696321
0.848482 0.434964
0.849448 0.670908
0.850461 0.704829
0.851754 0.426173
0.852784 0.738861
0.856026 0.226607
0.856174 0.710314
0.857503 0.0590979
0.857569 0.162092
0.858142 0.796235
0.862305 0.7658
0.862548 0.845028
0.865922 0.547207
0.867614 0.986127
0.867688 0.232406
0.868757 0.201077
0.869052 0.164333
0.870518 0.795616
0.871251 0.121271
0.874811 0.947759
0.875382 0.550589
0.879313 0.606805
0.880061 0.19048
0.881298 0.979484
0.881384 0.428169
0.882368 0.956913
0.882772 0.756525
0.883779 0.671015
0.884113 0.287288
0.88503 0.698184
0.886933 0.678286
0.888678 0.0136234
0.889476 0.4174
0.891354 0.98373
0.891361 0.106486
0.891404 0.824399
0.892192 0.0741608
0.892827 0.749469
0.893665 0.822792
0.895203 0.675019
0.898126 0.797069
0.899284 0.265124
0.901772 0.0875504
0.903481 0.80037
0.903556 0.073705
0.904804 0.0333167
0.907883 0.781122
0.910761 0.155393
0.911978 0.618735
0.912581 0.749313
0.912608 0.20782
0.913884 0.639628
0.914164 0.356792
0.91468 0.0189866
0.918934 0.524343
0.919509 0.189244
0.920562 0.893188
0.921619 0.658929
0.922361 0.118532
0.92261 0.31237
0.92317 0.71843
0.924339 0.358492
0.924664 0.828905
0.925515 0.123972
0.925701 0.249315
0.926551 0.541533
0.926552 0.556278
0.928704 0.725554
0.930987 0.101835
0.931131 0.517944
0.931426 0.478798
0.934 0.738733
0.934222 0.467114
0.934393 0.34163
0.935625 0.0551335
0.9365 0.758901
0.937199 0.505021
0.939243 0.858181
0.939893 0.788731
0.941662 0.507842
0.945067 0.735874
0.948191 0.243134
0.950007 0.768416
0.950203 0.0607188
0.950497 0.998563
0.950897 0.724326
0.953912 0.405122
0.954064 0.951823
0.954094 0.465898
0.954868 0.464903
0.955659 0.755948
0.955736 0.0612847
0.957682 0.769302
0.961337 0.184426
0.961572 0.134535
0.961908 0.79149
0.961933 0.211922
0.962963 0.521957
0.963099 0.813424
0.964872 0.599146
0.96683 0.510985
0.967459 0.0770686
0.969284 0.761367
0.970577 0.486546
0.970901 0.940023
0.977046 0.206852
0.978172 0.139442
0.978203 0.665499
0.978669 0.492674
0.979818 0.801212
0.980159 0.532712
0.982967 0.718621
0.986897 0.776902
0.987593 0.479453
0.988133 0.54325
0.988203 0.727317
0.988603 0.456273
0.988856 0.710319
0.989617 0.49107
0.990867 0.50682
0.9917 0.507404
0.992565 0.0353446
0.992968 0.811846
0.99922 0.887568
