0.00105169 0.675824
0.00325973 0.786291
0.0032674 0.915121
0.00499685 0.982014
0.00522902 0.884093
0.0059196 0.490763
0.00730516 0.777882
0.00826359 0.886091
0.0105865 0.927473
0.0110899 0.388568
0.0113575 0.885099
0.0129011 0.829459
0.0143972 0.973579
0.0145363 0.311066
0.0150767 0.393434
0.015192 0.332574
0.0206618 0.263369
0.0211885 0.115712
0.0221781 0.747467
0.022509 0.308611
0.0231895 0.745793
0.0238478 0.810425
0.0261631 0.723078
0.02949 0.637634
0.029811 0.03361
0.0299916 0.0687073
0.0306932 0.861034
0.0317397 0.449422
0.032005 0.908684
0.0321205 0.848496
0.0332175 0.286139
0.0335797 0.374475
0.0346371 0.145882
0.0361972 0.367193
0.0367867 0.274038
0.0373993 0.569228
0.0374469 0.36967
0.0375632 0.325135
0.0378688 0.4618
0.0379046 0.0620202
0.0387116 0.625102
0.0403664 0.43807
0.0410744 0.337626
0.0430451 0.459447
0.0439318 0.362325
0.0440274 0.967709
0.0472118 0.489024
0.0487265 0.94692
0.0489636 0.931692
0.0518933 0.171209
0.0532275 0.594703
0.0533132 0.0357337
0.0545415 0.679653
0.0568793 0.971079
0.0577062 0.867745
0.0580471 0.598291
0.0590211 0.96812
0.0595363 0.625845
0.0614084 0.0908787
0.062253 0.285612
0.0629637 0.230866
0.0635179 0.545615
0.064024 0.0516731
0.0641809 0.688549
0.0642714 0.210105
0.0643641 0.768061
0.0643723 0.905484
0.0655213 0.216056
0.065586 0.303781
0.0655863 0.308719
0.0661487 0.760625
0.0668591 0.701583
0.0670058 0.166968
0.0671982 0.399532
0.0672856 0.86952
0.0679023 0.233652
0.0682593 0.234458
0.0689157 0.266532
0.0691063 0.469927
0.0728258 0.984007
0.0742204 0.422934
0.074864 0.238679
0.0750721 0.737527
0.0753395 0.231343
0.0755286 0.409725
0.0764595 0.0543242
0.0776986 0.879604
0.0782545 0.224164
0.0786777 0.336087
0.0796744 0.0879219
0.0799125 0.0888401
0.0813308 0.927476
0.082986 0.745358
0.0831841 0.0747818
0.0832492 0.1698
0.0847237 0.951662
0.0861264 0.527167
0.0864177 0.421505
0.087049 0.0327857
0.0875097 0.775428
0.0881846 0.117716
0.0890015 0.848549
0.0890778 0.130743
0.0904375 0.983835
0.0931774 0.0324227
0.095106 0.445754
0.0957269 0.882092
0.0967044 0.310611
0.0968419 0.621871
0.0969784 0.916414
0.0976244 0.772903
0.0987123 0.0581113
0.0989351 0.802348
0.0991888 0.0663967
0.100545 0.86209
0.101235 0.457498
0.101339 0.197378
0.101597 0.537546
0.102709 0.235368
0.103465 0.931751
0.103655 0.124815
0.10413 0.107062
0.10418 0.95314
0.105761 0.524603
0.109024 0.362806
0.109854 0.318193
0.112584 0.203264
0.113352 0.110771
0.113674 0.511944
0.115514 0.445183
0.116472 0.540198
0.117673 0.734156
0.119411 0.944138
0.120416 0.832981
0.120824 0.690602
0.121192 0.881566
0.121954 0.679464
0.122992 0.122907
0.12302 0.593366
0.123051 0.114054
0.123839 0.368965
0.124088 0.543871
0.12509 0.391047
0.128043 0.0168961
0.128374 0.581218
0.128737 0.690122
0.128936 0.0347596
0.129428 0.303076
0.129936 0.842068
0.132176 0.485769
0.132489 0.741802
0.132556 0.86073
0.132695 0.206903
0.134228 0.977392
0.134573 0.765055
0.134766 0.00506997
0.135843 0.110906
0.13611 0.593286
0.137316 0.872106
0.137972 0.890421
0.13922 0.876626
0.139544 0.313793
0.139888 0.0950066
0.139977 0.601395
0.142907 0.84527
0.143039 0.0493637
0.14443 0.427965
0.145413 0.958087
0.14609 0.332157
0.146126 0.942629
0.147992 0.293844
0.148687 0.987167
0.148895 0.485672
0.148903 0.619761
0.150369 0.25361
0.151015 0.10862
0.151252 0.0892681
0.151991 0.505052
0.152259 0.0227528
0.152791 0.954378
0.154486 0.440984
0.155032 0.626943
0.155352 0.00676528
0.155595 0.0928501
0.157124 0.782985
0.157278 0.368661
0.158482 0.602197
0.158936 0.231616
0.159035 0.89468
0.160236 0.0894835
0.160848 0.36416
0.162862 0.22879
0.163024 0.936823
0.164012 0.544277
0.16408 0.69739
0.164259 0.704868
0.164385 0.812134
0.165663 0.306083
0.165711 0.0971101
0.166711 0.908003
0.166917 0.373198
0.167914 0.129541
0.16871 0.514816
0.169579 0.120112
0.169602 0.498079
0.170022 0.551985
0.170514 0.824129
0.170593 0.159151
0.171084 0.413897
0.171595 0.993311
0.172129 0.969155
0.172384 0.266098
0.174958 0.519615
0.175196 0.521238
0.176096 0.652905
0.17702 0.177893
0.177227 0.655227
0.177249 0.0161953
0.178206 0.108604
0.178727 0.860785
0.178768 0.560776
0.17909 0.959867
0.181017 0.347708
0.181262 0.474568
0.181512 0.67725
0.181516 0.740276
0.181534 0.0454413
0.18513 0.48666
0.185361 0.368891
0.1854 0.0127743
0.185559 0.68969
0.187584 0.719636
0.188556 0.0539101
0.188977 0.135553
0.189342 0.270151
0.189521 0.273661
0.191212 0.703605
0.191599 0.200165
0.191692 0.762613
0.191817 0.874684
0.192016 0.206041
0.19224 0.977325
0.192749 0.525364
0.194549 0.779877
0.195233 0.274998
0.195381 0.767775
0.197689 0.564402
0.198239 0.805889
0.199008 0.725103
0.199151 0.13208
0.19933 0.139855
0.199461 0.345396
0.200036 0.00425519
0.20057 0.97916
0.201568 0.753887
0.201848 0.463412
0.203315 0.11898
0.204319 0.985518
0.204543 0.748546
0.204937 0.374632
0.204954 0.666594
0.206139 0.571524
0.206208 0.743304
0.208639 0.598024
0.20983 0.615309
0.210926 0.0298327
0.212894 0.10277
0.21339 0.451127
0.213892 0.886951
0.214682 0.157617
0.217093 0.674918
0.217852 0.435007
0.21955 0.974645
0.219951 0.718236
0.220348 0.385293
0.222871 0.789118
0.223326 0.447721
0.223837 0.0363786
0.227125 0.294717
0.228055 0.921112
0.229427 0.984405
0.229605 0.97497
0.230163 0.345161
0.230761 0.408087
0.231052 0.284769
0.231387 0.915082
0.232108 0.0401003
0.232346 0.0347183
0.23296 0.365667
0.233347 0.871078
0.23339 0.58676
0.233895 0.0788013
0.234238 0.833147
0.234462 0.606318
0.234577 0.528435
0.235067 0.76428
0.235919 0.0834443
0.236754 0.131675
0.238192 0.301398
0.238198 0.388028
0.238399 0.76405
0.238827 0.959598
0.238964 0.265113
0.239522 0.653735
0.240087 0.140923
0.240787 0.907204
0.240909 0.957078
0.242062 0.328102
0.24294 0.0865521
0.244597 0.935325
0.245573 0.341688
0.245803 0.209245
0.246945 0.405279
0.247114 0.253263
0.247323 0.757074
0.247588 0.215396
0.248059 0.119481
0.249002 0.984682
0.249176 0.908223
0.2492 0.297146
0.250965 0.970606
0.251534 0.524873
0.252402 0.120042
0.252701 0.152374
0.253639 0.911411
0.254098 0.62933
0.254314 0.260546
0.255295 0.735069
0.255723 0.942952
0.256157 0.232471
0.256578 0.30185
0.25662 0.0119057
0.260871 0.458056
0.261858 0.0418975
0.26251 0.00375292
0.263056 0.188623
0.263663 0.384262
0.264109 0.873416
0.264142 0.442158
0.265308 0.0254873
0.265945 0.731233
0.26627 0.192473
0.266572 0.281444
0.267663 0.606309
0.269949 0.0263469
0.270065 0.976592
0.270199 0.241058
0.271054 0.598979
0.271379 0.0747448
0.272173 0.4068
0.273237 0.292973
0.274111 0.986301
0.274666 0.310019
0.275703 0.73518
0.276626 0.249313
0.276635 0.405402
0.27858 0.101171
0.279933 0.837353
0.280336 0.607366
0.282684 0.0666362
0.282725 0.757736
0.2832 0.737322
0.283959 0.491142
0.284042 0.888047
0.284343 0.958274
0.285128 0.143828
0.289622 0.671861
0.290426 0.185817
0.290852 0.353041
0.291136 0.12067
0.291509 0.390429
0.292502 0.0804432
0.292578 0.359397
0.295123 0.129128
0.296603 0.0134757
0.297105 0.436833
0.297987 0.273602
0.298251 0.697942
0.299146 0.744888
0.300306 0.240288
0.300697 0.820058
0.303097 0.153549
0.303155 0.122759
0.30361 0.774545
0.305711 0.0815822
0.305966 0.362747
0.306077 0.240794
0.306171 0.810654
0.306445 0.414148
0.306678 0.340379
0.307743 0.231021
0.308283 0.304342
0.308745 0.07966
0.309158 0.0255393
0.309173 0.267695
0.309176 0.325469
0.310412 0.0999481
0.310855 0.535868
0.312053 0.670095
0.313577 0.283649
0.3141 0.0820299
0.314868 0.978822
0.315497 0.565622
0.315914 0.558851
0.316334 0.618698
0.317269 0.33688
0.317715 0.83084
0.319037 0.0545593
0.320212 0.79595
0.320215 0.856628
0.320498 0.60912
0.321418 0.0730002
0.321503 0.495036
0.322142 0.234967
0.322418 0.877037
0.322765 0.713567
0.322769 0.770614
0.323998 0.428088
0.324565 0.970655
0.325133 0.510553
0.325316 0.581229
0.326383 0.526413
0.327419 0.927382
0.328003 0.739051
0.328007 0.807595
0.328379 0.0707013
0.328484 0.824129
0.32855 0.942032
0.329496 0.841731
0.330104 0.0538676
0.330506 0.813377
0.330979 0.767591
0.333836 0.785418
0.335284 0.117256
0.336032 0.696344
0.336316 0.456436
0.336346 0.971458
0.337195 0.230093
0.33819 0.967183
0.33891 0.05368
0.338942 0.594005
0.341457 0.859255
0.341613 0.493635
0.341803 0.685995
0.34325 0.00206259
0.344557 0.977866
0.344751 0.22746
0.347489 0.251567
0.34836 0.883575
0.349124 0.732008
0.349543 0.773565
0.350488 0.655592
0.35287 0.682533
0.353355 0.845859
0.354227 0.49906
0.354303 0.778656
0.354362 0.754588
0.354488 0.885584
0.354939 0.454927
0.355406 0.313478
0.356079 0.612689
0.357483 0.223131
0.359451 0.30042
0.360676 0.883451
0.362249 0.312599
0.364887 0.657308
0.365735 0.900016
0.365855 0.931382
0.36643 0.585302
0.366821 0.164297
0.367127 0.304985
0.368161 0.675572
0.369064 0.851787
0.370969 0.882987
0.37123 0.262577
0.371906 0.61593
0.372885 0.0755598
0.372928 0.798458
0.375671 0.895491
0.375864 0.145516
0.380606 0.843078
0.381344 0.25534
0.38182 0.240975
0.382154 0.868252
0.382872 0.934299
0.384119 0.893496
0.386016 0.778789
0.387451 0.885423
0.387623 0.779513
0.3883 0.16256
0.388928 0.712928
0.389004 0.99092
0.389812 0.566125
0.391023 0.927794
0.39136 0.593718
0.391586 0.382369
0.392472 0.269266
0.394351 0.859349
0.397473 0.322187
0.398303 0.281839
0.398319 0.541823
0.398529 0.0798038
0.39906 0.999869
0.399826 0.868298
0.400835 0.830819
0.401047 0.389555
0.401812 0.247583
0.401924 0.131923
0.401982 0.119109
0.4059 0.9673
0.406019 0.953359
0.406177 0.619372
0.40637 0.867191
0.408684 0.751207
0.409095 0.667894
0.409684 0.551667
0.410189 0.0535771
0.410547 0.0700984
0.41075 0.480642
0.411884 0.532608
0.412705 0.328157
0.412825 0.350647
0.41316 0.982095
0.414017 0.389854
0.41421 0.624266
0.414351 0.992009
0.416847 0.940229
0.417454 0.148835
0.417973 0.871065
0.420711 0.884169
0.421322 0.150424
0.42154 0.817407
0.422444 0.0107844
0.423486 0.527748
0.423775 0.391986
0.424386 0.658155
0.424469 0.0547158
0.424574 0.80841
0.424698 0.89391
0.426416 0.782135
0.426563 0.242706
0.428884 0.248884
0.430818 0.750622
0.432709 0.542508
0.433623 0.903972
0.434101 0.942397
0.435771 0.996534
0.435884 0.909627
0.436451 0.439656
0.436817 0.581235
0.436971 0.170402
0.438235 0.418047
0.438401 0.200932
0.439852 0.596797
0.440715 0.100367
0.442176 0.653745
0.443006 0.605814
0.443098 0.143844
0.443141 0.875531
0.443655 0.503673
0.44368 0.929858
0.444564 0.786991
0.445252 0.355281
0.445267 0.603228
0.44558 0.862376
0.446485 0.077542
0.447098 0.378171
0.447174 0.654143
0.447236 0.68882
0.44919 0.536061
0.449236 0.311372
0.449896 0.399052
0.450464 0.95123
0.453206 0.0354982
0.454442 0.800812
0.456637 0.696211
0.456942 0.819384
0.457587 0.666974
0.45804 0.281413
0.45806 0.606677
0.458069 0.770616
0.460216 0.848777
0.462888 0.759654
0.463215 0.253069
0.465476 0.25312
0.469049 0.312725
0.469256 0.785739
0.469795 0.836528
0.469907 0.730627
0.470541 0.379654
0.470646 0.154221
0.471892 0.0955344
0.473803 0.214069
0.473927 0.287416
0.475248 0.495357
0.47688 0.915088
0.476952 0.12546
0.479527 0.409962
0.48027 0.895971
0.480513 0.974144
0.480647 0.233186
0.481797 0.570063
0.483611 0.0584668
0.483614 0.106325
0.486369 0.398078
0.486713 0.190218
0.487469 0.887109
0.487989 0.626894
0.488349 0.674626
0.488597 0.855457
0.489302 0.69763
0.491634 0.886664
0.492032 0.589613
0.492732 0.348177
0.495857 0.860728
0.495989 0.0839722
0.498472 0.821225
0.500249 0.690289
0.500558 0.870578
0.500824 0.34788
0.501936 0.0377037
0.501969 0.588367
0.502005 0.18973
0.50216 0.798235
0.502816 0.827577
0.503424 0.0468197
0.504083 0.117031
0.504261 0.120142
0.504738 0.137623
0.505087 0.99217
0.505934 0.227319
0.506288 0.1885
0.508482 0.0621723
0.511059 0.369097
0.511278 0.051302
0.514482 0.893028
0.516932 0.0734739
0.517175 0.152601
0.517603 0.345958
0.518042 0.731194
0.518185 0.135298
0.518893 0.0350107
0.51892 0.49218
0.519525 0.657186
0.520747 0.192264
0.522228 0.0819184
0.522259 0.599609
0.522344 0.0368437
0.523793 0.382503
0.52431 0.0697726
0.524587 0.732379
0.526181 0.51639
0.52647 0.385942
0.531033 0.0713295
0.536088 0.0316628
0.536391 0.127811
0.536463 0.337916
0.537146 0.817024
0.537243 0.450748
0.537516 0.0373209
0.537983 0.884352
0.538637 0.867338
0.539214 0.576826
0.539406 0.796829
0.541122 0.634628
0.542476 0.38806
0.542738 0.80574
0.543463 0.985183
0.543921 0.674082
0.544653 0.98374
0.545389 0.351
0.545517 0.507642
0.54632 0.998283
0.547475 0.403883
0.550322 0.256551
0.55108 0.997966
0.552073 0.686188
0.552592 0.409663
0.553987 0.85669
0.555192 0.107859
0.557092 0.0511539
0.557711 0.453119
0.560924 0.447311
0.561754 0.40067
0.562708 0.430319
0.563021 0.685961
0.564661 0.260615
0.56475 0.749723
0.565362 0.0334314
0.566955 0.817599
0.567578 0.28392
0.567686 0.102964
0.567708 0.469528
0.568332 0.957966
0.56837 0.597756
0.572155 0.211292
0.573193 0.650109
0.573945 0.301122
0.574455 0.85975
0.574914 0.585895
0.575614 0.343089
0.576504 0.304517
0.578019 0.769347
0.578745 0.963057
0.581201 0.249487
0.582032 0.211112
0.582623 0.153269
0.582669 0.920355
0.58422 0.976913
0.58507 0.26532
0.585179 0.104752
0.585461 0.838954
0.585483 0.212757
0.5855 0.494162
0.585528 0.961959
0.587312 0.957169
0.587816 0.418656
0.588195 0.798188
0.589099 0.993092
0.590847 0.357958
0.59144 0.327078
0.592557 0.100283
0.592646 0.600669
0.592699 0.486864
0.592949 0.686486
0.594698 0.0941313
0.595785 0.36407
0.595838 0.25756
0.596134 0.218312
0.596189 0.149744
0.598114 0.509644
0.598296 0.566303
0.599661 0.494489
0.601576 0.691249
0.603419 0.661687
0.603785 0.817682
0.604915 0.81527
0.608807 0.219478
0.608883 0.498996
0.610863 0.779794
0.611085 0.504676
0.611354 0.0184875
0.611475 0.0650204
0.612268 0.388076
0.61318 0.724183
0.614604 0.643806
0.61474 0.940751
0.614782 0.633228
0.617163 0.652961
0.617248 0.0855618
0.617602 0.0363338
0.617707 0.808216
0.617981 0.399696
0.61894 0.523528
0.61909 0.052564
0.621327 0.639501
0.621483 0.263424
0.622028 0.422632
0.622282 0.696221
0.622526 0.79345
0.623922 0.25527
0.624115 0.505686
0.624491 0.824524
0.624653 0.550832
0.625465 0.197563
0.626183 0.261293
0.626376 0.494092
0.627838 0.0754655
0.628924 0.318701
0.629681 0.0445339
0.629725 0.793854
0.630245 0.533623
0.630438 0.77421
0.631711 0.173295
0.632931 0.67335
0.635219 0.118331
0.635754 0.112731
0.635991 0.097488
0.636513 0.869173
0.637096 0.668053
0.640025 0.903969
0.640144 0.899036
0.6404 0.203078
0.642856 0.479967
0.643207 0.374288
0.645743 0.996945
0.646087 0.783903
0.64617 0.177232
0.646238 0.324014
0.647299 0.155872
0.65004 0.216826
0.651422 0.455468
0.652343 0.936809
0.652964 0.369555
0.653851 0.275885
0.65499 0.412642
0.655777 0.645514
0.657288 0.0399297
0.657983 0.71627
0.659125 0.916561
0.660935 0.337674
0.662464 0.0251638
0.66262 0.659582
0.663189 0.214272
0.665338 0.334038
0.665924 0.190357
0.666295 0.420366
0.668038 0.707453
0.668254 0.339006
0.668593 0.041424
0.668936 0.815312
0.669275 0.503494
0.669836 0.929448
0.670775 0.721371
0.6717 0.264274
0.673126 0.224202
0.675821 0.521983
0.676185 0.642666
0.676345 0.32369
0.677243 0.422212
0.677349 0.196818
0.677991 0.995282
0.678118 0.130848
0.679948 0.882735
0.680113 0.659703
0.681369 0.765754
0.681951 0.553129
0.682399 0.0870428
0.683944 0.046327
0.68417 0.837005
0.684578 0.709051
0.685396 0.446536
0.686161 0.314503
0.686767 0.500938
0.686778 0.67502
0.690054 0.734889
0.691878 0.391991
0.692451 0.0281453
0.694944 0.918873
0.69585 0.144511
0.695973 0.220408
0.69711 0.319371
0.697256 0.777665
0.697363 0.586816
0.697535 0.475365
0.697843 0.639688
0.698062 0.335809
0.698397 0.965081
0.700878 0.65021
0.701478 0.741875
0.701526 0.544923
0.701733 0.0255757
0.702975 0.896906
0.703166 0.114146
0.703263 0.739401
0.703769 0.244137
0.704146 0.577454
0.704238 0.121839
0.705005 0.0105625
0.706965 0.968217
0.708431 0.594874
0.709036 0.769906
0.710235 0.926978
0.710515 0.628544
0.71121 0.299077
0.711801 0.244726
0.71199 0.418052
0.713274 0.00191084
0.714502 0.642668
0.715501 0.421418
0.716439 0.197156
0.716459 0.53376
0.716642 0.603254
0.716946 0.716933
0.717606 0.799417
0.718816 0.147992
0.719163 0.966687
0.719467 0.0825729
0.719961 0.392025
0.720865 0.578907
0.722699 0.394594
0.723754 0.133788
0.724613 0.572813
0.726129 0.0478951
0.726897 0.963572
0.727542 0.802209
0.728377 0.832831
0.728811 0.130404
0.731634 0.580194
0.731872 0.565952
0.731883 0.763873
0.732256 0.0339064
0.735232 0.0433729
0.737944 0.631567
0.738375 0.871217
0.738561 0.987912
0.742759 0.548853
0.743156 0.230146
0.743443 0.0445446
0.743857 0.00933234
0.744218 0.0692822
0.745393 0.811533
0.749014 0.686638
0.749428 0.636337
0.749478 0.475159
0.750348 0.103794
0.751784 0.232083
0.754326 0.952813
0.756194 0.347722
0.756979 0.553303
0.757421 0.977139
0.757665 0.0690386
0.75868 0.138851
0.758711 0.661997
0.759075 0.776035
0.759307 0.677495
0.761415 0.093851
0.761728 0.369935
0.76438 0.93732
0.764668 0.781123
0.76512 0.377287
0.765719 0.440503
0.766182 0.218122
0.766424 0.28457
0.767847 0.199341
0.768442 0.204384
0.769363 0.684723
0.771515 0.858961
0.772024 0.41211
0.772049 0.828426
0.772305 0.127012
0.773122 0.862494
0.774746 0.147917
0.775096 0.0419324
0.775821 0.221117
0.775896 0.484293
0.776837 0.305494
0.77914 0.00584911
0.779833 0.659438
0.780911 0.777577
0.781385 0.729419
0.784735 0.0387523
0.785165 0.260206
0.785941 0.310919
0.786188 0.459208
0.787288 0.944427
0.790248 0.700162
0.790867 0.096907
0.791968 0.611475
0.793497 0.299794
0.796497 0.730742
0.796781 0.494098
0.79747 0.0833539
0.797868 0.767676
0.79846 0.713598
0.79865 0.910333
0.798857 0.391698
0.799821 0.584652
0.801905 0.613563
0.802365 0.349405
0.802691 0.825609
0.802859 0.648103
0.80296 0.350526
0.803298 0.0331435
0.804299 0.845406
0.805907 0.874946
0.806755 0.136618
0.807774 0.261144
0.808163 0.791474
0.809362 0.940462
0.809784 0.0448409
0.809816 0.575868
0.810199 0.0174706
0.81024 0.705949
0.810299 0.690287
0.811144 0.895679
0.811815 0.174909
0.812724 0.449947
0.81278 0.385723
0.814933 0.573907
0.816129 0.684671
0.818118 0.112025
0.818182 0.191423
0.818246 0.263369
0.819537 0.964631
0.822917 0.771628
0.825027 0.226333
0.826053 0.466776
0.82655 0.826614
0.82668 0.0162596
0.827988 0.999106
0.829845 0.208679
0.830388 0.327096
0.832009 0.574796
0.832828 0.331518
0.833857 0.641303
0.835149 0.34305
0.83536 0.901066
0.83573 0.111494
0.836795 0.0178195
0.837245 0.573232
0.840442 0.305303
0.842824 0.334975
0.844932 0.76869
0.845454 0.538645
0.845642 0.711432
0.845829 0.844766
0.84611 0.563464
0.846714 0.729909
0.84684 0.841667
0.847484 0.664566
0.848511 0.925169
0.848585 0.161454
0.848595 0.336764
0.850474 0.920915
0.850982 0.447134
0.852233 0.487177
0.854034 0.750503
0.854312 0.4162
0.857058 0.58
0.858272 0.9695
0.859087 0.667979
0.860145 0.464047
0.861786 0.0428492
0.861946 0.725893
0.863433 0.72431
0.863585 0.274705
0.863906 0.674
0.864642 0.0300993
0.864939 0.036119
0.865054 0.961241
0.865522 0.820247
0.865921 0.539279
0.86593 0.685342
0.867048 0.473301
0.867058 0.644236
0.867755 0.364209
0.868783 0.643862
0.869055 0.203105
0.870155 0.691556
0.870972 0.41882
0.872726 0.903907
0.872867 0.273051
0.873316 0.822038
0.875925 0.679759
0.876609 0.163289
0.878774 0.560946
0.87922 0.0573402
0.880155 0.767477
0.880409 0.0313303
0.882074 0.0107804
0.882213 0.345942
0.882891 0.747913
0.883883 0.42798
0.883987 0.170952
0.884753 0.0423238
0.886203 0.409145
0.888026 0.0613553
0.890119 0.237035
0.890733 0.557323
0.891213 0.62451
0.891488 0.240056
0.893308 0.820804
0.893797 0.0447606
0.893891 0.630806
0.894619 0.860603
0.895375 0.564186
0.89774 0.309933
0.898181 0.719978
0.902576 0.600661
0.903039 0.380323
0.904919 0.979046
0.906409 0.00890192
0.906564 0.615044
0.907208 0.444673
0.90737 0.162685
0.909193 0.805143
0.910205 0.818277
0.910395 0.0107622
0.910912 0.691849
0.912685 0.501582
0.912763 0.809266
0.914126 0.721479
0.914872 0.25782
0.916399 0.922473
0.917245 0.132475
0.918226 0.626571
0.920773 0.428241
0.921868 0.833357
0.9224 0.777864
0.923748 0.427095
0.925484 0.616878
0.926056 0.230422
0.926067 0.403369
0.926479 0.334973
0.926758 0.0241421
0.926983 0.809765
0.92704 0.753727
0.927624 0.573214
0.927756 0.792373
0.927869 0.698196
0.928519 0.612287
0.928676 0.25497
0.928749 0.48486
0.929316 0.0144589
0.930225 0.296885
0.930263 0.931478
0.93294 0.924234
0.932951 0.102895
0.933067 0.0495318
0.93338 0.314252
0.934004 0.797048
0.934023 0.130701
0.93491 0.0258239
0.935404 0.328796
0.937115 0.0835493
0.937451 0.73897
0.938114 0.882812
0.938761 0.761567
0.939688 0.334719
0.942154 0.783225
0.94236 0.252029
0.942487 0.38653
0.942602 0.313695
0.943218 0.657948
0.943757 0.717573
0.944706 0.667377
0.945213 0.196547
0.94852 0.772871
0.949037 0.46457
0.949601 0.951703
0.949712 0.816907
0.949771 0.794005
0.950145 0.0937944
0.950568 0.190042
0.951741 0.913909
0.952958 0.36411
0.953517 0.766366
0.954818 0.633938
0.954853 0.216893
0.95517 0.541923
0.956432 0.755579
0.95715 0.812046
0.958849 0.368072
0.95891 0.40293
0.9595 0.319558
0.959581 0.685823
0.959723 0.0582535
0.959773 0.907133
0.959949 0.865093
0.961322 0.941675
0.964241 0.00595909
0.964414 0.91171
0.965712 0.723879
0.966521 0.316827
0.967888 0.299023
0.969582 0.771965
0.970248 0.960918
0.972672 0.691738
0.973286 0.0156039
0.973338 0.888902
0.973407 0.0448641
0.973637 0.916585
0.974715 0.0330563
0.974732 0.316582
0.975763 0.642732
0.976364 0.745987
0.977244 0.540995
0.978003 0.294259
0.97823 0.1052
0.978902 0.409131
0.979413 0.998986
0.980002 0.900736
0.981683 0.139896
0.98209 0.989245
0.983208 0.781837
0.983732 0.580726
0.983745 0.801696
0.986586 0.544513
0.986966 0.937561
0.987999 0.303632
0.988218 0.975217
0.988932 0.975444
0.989088 0.602662
0.99076 0.70137
0.991371 0.970757
0.991528 0.606412
0.99239 0.0912288
0.992716 0.574774
0.994189 0.333697
0.994566 0.673181
0.994785 0.350831
0.995965 0.185512
0.997009 0.735096
0.997318 0.925654
0.997387 0.0879326
0.997534 0.557183
0.997724 0.752275
0.999198 0.518703
0.999328 0.699717
