0.00395939 0.545426
0.00411544 0.168184
0.00664071 0.610498
0.00672948 0.102337
0.00799932 0.444541
0.00804812 0.264729
0.00805304 0.347477
0.00969235 0.899279
0.0110783 0.193246
0.0112367 0.854916
0.0119507 0.856191
0.0135602 0.906088
0.0172409 0.76805
0.0202413 0.196275
0.0205589 0.533115
0.0230287 0.0439036
0.0248893 0.313896
0.0263781 0.336434
0.026505 0.470255
0.0272 0.151056
0.028347 0.428029
0.0295636 0.875836
0.0330756 0.902211
0.0367692 0.979485
0.0376397 0.609818
0.0394363 0.806611
0.0397638 0.309519
0.0400022 0.31684
0.040784 0.456993
0.0409906 0.928199
0.0411083 0.906525
0.041357 0.0865027
0.0428867 0.796728
0.0436834 0.186449
0.0453605 0.374503
0.0456771 0.695377
0.0458212 0.117584
0.0465743 0.774506
0.0531364 0.0637169
0.0541149 0.509345
0.0543468 0.406666
0.0561488 0.693525
0.0582533 0.0633373
0.0583872 0.313755
0.0585049 0.291627
0.0597725 0.596296
0.0608026 0.910009
0.0608402 0.541988
0.0625985 0.092175
0.0626191 0.438539
0.0627682 0.945771
0.0632032 0.256179
0.064605 0.816031
0.0660232 0.652092
0.0701966 0.794839
0.071237 0.280701
0.0716243 0.790299
0.0723029 0.194289
0.0731876 0.0636945
0.0736319 0.530622
0.0741242 0.805481
0.0743858 0.202524
0.0762857 0.133116
0.0768418 0.480752
0.0786814 0.397571
0.0787144 0.952484
0.0790462 0.528843
0.0811391 0.705633
0.0846239 0.2739
0.0857923 0.910354
0.0888887 0.952626
0.0899951 0.547367
0.0931751 0.99376
0.093566 0.563011
0.0964063 0.299849
0.0993551 0.860896
0.101162 0.225761
0.101514 0.153883
0.103117 0.0828857
0.105745 0.25914
0.107425 0.49686
0.114433 0.27658
0.116881 0.418465
0.117094 0.00546219
0.118199 0.56684
0.119693 0.686182
0.1215 0.0548193
0.122649 0.368616
0.124153 0.644924
0.124462 0.824979
0.124827 0.964946
0.126626 0.201458
0.128108 0.111046
0.129504 0.580731
0.129736 0.473833
0.130902 0.0720791
0.132076 0.794569
0.133108 0.152282
0.134449 0.683882
0.135667 0.150863
0.135822 0.767038
0.136413 0.697136
0.137502 0.988566
0.138478 0.397167
0.138802 0.847467
0.139316 0.491543
0.140877 0.714004
0.140964 0.179085
0.141612 0.0681708
0.144084 0.626176
0.146079 0.152174
0.146532 0.763138
0.151037 0.474159
0.151781 0.983858
0.151945 0.736189
0.152542 0.77789
0.153713 0.462133
0.156652 0.846836
0.15734 0.41705
0.163901 0.686813
0.164624 0.835553
0.16596 0.282958
0.167793 0.100046
0.169819 0.147116
0.17096 0.332325
0.173845 0.806203
0.174228 0.254169
0.175564 0.70115
0.176703 0.851486
0.178039 0.301348
0.182227 0.682008
0.182678 0.265235
0.184504 0.95376
0.184887 0.404003
0.188792 0.0197584
0.191321 0.539014
0.193075 0.00612367
0.193363 0.860163
0.195026 0.798893
0.195518 0.0710362
0.196714 0.169239
0.20096 0.540897
0.202517 0.70009
0.202587 0.880753
0.203557 0.190664
0.205226 0.23537
0.205878 0.189251
0.208311 0.0876103
0.208377 0.186346
0.213248 0.0645459
0.21586 0.951639
0.218624 0.413906
0.218763 0.746453
0.220585 0.377086
0.221079 0.677405
0.224183 0.835992
0.225335 0.20822
0.226372 0.64192
0.227282 0.921614
0.227916 0.590216
0.230065 0.696693
0.231677 0.802728
0.232146 0.681847
0.233042 0.744329
0.233473 0.973358
0.235658 0.702251
0.236212 0.0178919
0.237958 0.362809
0.240561 0.100771
0.240588 0.565234
0.240989 0.299676
0.241209 0.999319
0.243554 0.405017
0.2466 0.598214
0.247232 0.234235
0.247529 0.220626
0.247927 0.903922
0.248654 0.125448
0.250545 0.915079
0.256414 0.55107
0.25839 0.756108
0.260046 0.587859
0.26015 0.348416
0.263444 0.701454
0.263728 0.477378
0.2642 0.409568
0.26442 0.107864
0.266098 0.31204
0.268572 0.882732
0.270041 0.573972
0.270582 0.672972
0.271063 0.7547
0.274582 0.895677
0.275573 0.558025
0.277105 0.307648
0.279237 0.131523
0.279795 0.507247
0.280348 0.81129
0.28185 0.0487167
0.283663 0.525358
0.287329 0.143826
0.287424 0.74057
0.290506 0.531811
0.290759 0.78106
0.291196 0.131821
0.292253 0.891363
0.293276 0.0838383
0.294649 0.171377
0.294843 0.42332
0.297785 0.86485
0.298366 0.642098
0.298774 0.490516
0.300374 0.38034
0.304497 0.674716
0.306028 0.405165
0.306281 0.6572
0.307705 0.59757
0.310302 0.239331
0.310603 0.299712
0.312908 0.0439028
0.313208 0.0949789
0.315019 0.525374
0.316526 0.85631
0.316876 0.732552
0.317075 0.0767672
0.318528 0.492824
0.320909 0.522567
0.322048 0.663072
0.322411 0.759759
0.322628 0.408036
0.323826 0.545668
0.325317 0.597579
0.327533 0.854133
0.328337 0.360177
0.328456 0.360573
0.330779 0.409374
0.333115 0.65525
0.335309 0.541054
0.33601 0.315944
0.336219 0.828309
0.33634 0.865293
0.339809 0.176205
0.340241 0.426241
0.341026 0.621077
0.343735 0.1535
0.344283 0.35706
0.347806 0.570978
0.347824 0.880143
0.348858 0.250692
0.349318 0.983497
0.350627 0.984415
0.350802 0.935723
0.354718 0.743944
0.356193 0.536325
0.356452 0.887763
0.35789 0.0656557
0.358259 0.254811
0.359888 0.639614
0.360112 0.400231
0.361055 0.256612
0.363866 0.501155
0.366386 0.850375
0.367488 0.375352
0.368782 0.115683
0.369373 0.0557039
0.372102 0.91775
0.376043 0.149285
0.376598 0.480203
0.378076 0.328667
0.379377 0.189211
0.37938 0.23163
0.383694 0.738277
0.383813 0.742219
0.383942 0.908511
0.385477 0.708481
0.389276 0.55943
0.390182 0.787862
0.391598 0.588766
0.391694 0.203111
0.392618 0.73858
0.393406 0.971553
0.394076 0.233519
0.396286 0.383478
0.39746 0.114021
0.397528 0.244822
0.397547 0.566493
0.398005 0.261841
0.398079 0.514287
0.399955 0.0434186
0.400336 0.442039
0.400508 0.340597
0.402258 0.755905
0.406911 0.945583
0.409219 0.739949
0.409901 0.208726
0.41018 0.902309
0.410624 0.360056
0.415073 0.130332
0.416773 0.702433
0.418711 0.26848
0.419506 0.636725
0.420123 0.00513044
0.420883 0.788448
0.421459 0.459414
0.422175 0.494421
0.422352 0.473372
0.422438 0.911585
0.423204 0.783098
0.423524 0.162725
0.425916 0.377005
0.426274 0.38156
0.427875 0.290981
0.428849 0.656624
0.430351 0.917718
0.431932 0.477331
0.432941 0.43273
0.433265 0.886809
0.433367 0.59738
0.433475 0.414389
0.433947 0.346602
0.434921 0.725017
0.438407 0.312826
0.438938 0.224454
0.439398 0.968349
0.441781 0.00727157
0.441944 0.747072
0.443188 0.657284
0.446086 0.367456
0.446612 0.208701
0.447057 0.683698
0.44759 0.639326
0.448106 0.309926
0.449238 0.33997
0.44969 0.935179
0.450475 0.130798
0.450654 0.149992
0.454121 0.418117
0.459085 0.835474
0.459145 0.849451
0.463995 0.366612
0.465747 0.80838
0.466096 0.682446
0.466485 0.210107
0.467121 0.906297
0.467988 0.479536
0.469278 0.156654
0.469992 0.161702
0.471324 0.537792
0.474927 0.0918982
0.475133 0.560936
0.47752 0.678256
0.479883 0.394552
0.480392 0.950112
0.48157 0.743735
0.482374 0.260689
0.482401 0.715628
0.485214 0.996024
0.486133 0.429076
0.487001 0.0206215
0.487288 0.844795
0.488092 0.355277
0.488204 0.240015
0.488947 0.73875
0.489151 0.152707
0.489808 0.208228
0.490695 0.11077
0.491175 0.186299
0.495373 0.741762
0.497265 0.530274
0.500302 0.57913
0.500626 0.0219313
0.501501 0.724901
0.501771 0.264508
0.502401 0.851543
0.505751 0.152604
0.506586 0.189307
0.508095 0.553051
0.509579 0.486087
0.513596 0.010616
0.513812 0.646395
0.51432 0.170172
0.515994 0.318288
0.516439 0.78394
0.516554 0.725764
0.518644 0.846103
0.519125 0.941269
0.519187 0.981941
0.520856 0.0228988
0.521736 0.816834
0.521861 0.921987
0.523449 0.60384
0.523715 0.0853838
0.525008 0.812934
0.525467 0.522362
0.526464 0.276263
0.529902 0.0583785
0.530461 0.460853
0.53146 0.256281
0.532463 0.113967
0.532964 0.521679
0.533078 0.447209
0.534158 0.587222
0.534474 0.896482
0.534773 0.923531
0.535075 0.999605
0.536038 0.196276
0.537802 0.836067
0.538325 0.628085
0.538345 0.960291
0.53871 0.101752
0.543303 0.292724
0.545137 0.109444
0.547165 0.204654
0.555193 0.1336
0.556373 0.965252
0.556817 0.423696
0.557027 0.945781
0.557121 0.525056
0.558523 0.0950829
0.560248 0.0961403
0.560287 0.736627
0.560501 0.332006
0.560827 0.81131
0.561864 0.244446
0.564618 0.535956
0.565738 0.35774
0.566727 0.987312
0.567109 0.398728
0.567563 0.0394245
0.567838 0.652396
0.568086 0.825894
0.570823 0.823892
0.570976 0.392624
0.571154 0.389904
0.571192 0.0236443
0.571561 0.228719
0.572052 0.477101
0.572259 0.963921
0.572849 0.865718
0.573528 0.280439
0.575311 0.248953
0.576318 0.176114
0.576654 0.82964
0.579628 0.80982
0.580798 0.479615
0.581214 0.470402
0.584909 0.557655
0.584976 0.69463
0.585545 0.256669
0.585573 0.726768
0.58724 0.745076
0.589028 0.794123
0.590411 0.042901
0.59199 0.581141
0.598904 0.785068
0.599974 0.762825
0.600675 0.539805
0.60267 0.0745684
0.603779 0.715219
0.604154 0.00953739
0.605411 0.135835
0.608009 0.814904
0.608834 0.680718
0.608943 0.503855
0.609828 0.387332
0.610093 0.825533
0.611039 0.735375
0.611615 0.420632
0.613161 0.392337
0.613623 0.165283
0.61573 0.57537
0.615923 0.818626
0.616102 0.825243
0.617686 0.449698
0.619507 0.0610229
0.619591 0.458014
0.623205 0.211246
0.626221 0.903337
0.627545 0.148516
0.627925 0.526678
0.628846 0.00694665
0.630484 0.540771
0.630573 0.0477776
0.63187 0.836507
0.635828 0.359746
0.636604 0.411093
0.636988 0.849777
0.637493 0.352587
0.639598 0.726571
0.639686 0.195705
0.640672 0.780103
0.641058 0.266668
0.642084 0.513583
0.642467 0.942139
0.642785 0.279864
0.643855 0.263945
0.644989 0.322657
0.647181 0.175089
0.647498 0.502756
0.647886 0.0275926
0.649708 0.644889
0.6505 0.955211
0.652589 0.0580738
0.652776 0.199179
0.652799 0.585113
0.654648 0.66181
0.657558 0.580742
0.65855 0.252122
0.661343 0.198011
0.661643 0.234772
0.662488 0.429498
0.663106 0.815246
0.666544 0.599389
0.668009 0.229677
0.669613 0.184968
0.67392 0.578845
0.674268 0.430238
0.677396 0.00107146
0.680772 0.739627
0.68148 0.634597
0.681717 0.623439
0.682626 0.889062
0.682897 0.4507
0.682985 0.925415
0.68336 0.229869
0.684981 0.481967
0.685799 0.222246
0.686338 0.282818
0.686418 0.620971
0.687141 0.781223
0.687405 0.21818
0.688745 0.734386
0.69103 0.138951
0.693636 0.943328
0.695085 0.297878
0.695087 0.319126
0.69552 0.611205
0.697084 0.896497
0.699334 0.712237
0.699766 0.975061
0.705016 0.196361
0.706755 0.4227
0.707942 0.379049
0.709236 0.135652
0.709397 0.834653
0.709747 0.711897
0.710129 0.146698
0.710665 0.150294
0.711173 0.679245
0.711842 0.931341
0.71216 0.269739
0.713879 0.162683
0.715445 0.476267
0.716345 0.618757
0.717816 0.326448
0.717992 0.28707
0.719099 0.897652
0.719201 0.603949
0.719484 0.374997
0.721275 0.468749
0.723774 0.471456
0.725115 0.00198457
0.725235 0.0159285
0.72552 0.822352
0.72649 0.115163
0.726726 0.0769647
0.726925 0.432301
0.727052 0.568141
0.732478 0.756754
0.733899 0.638974
0.736605 0.127382
0.73679 0.229019
0.73683 0.895654
0.740175 0.120283
0.740615 0.520381
0.740859 0.615654
0.741227 0.807063
0.741298 0.989095
0.744645 0.247213
0.745541 0.304193
0.745576 0.899302
0.745742 0.693629
0.746837 0.0978217
0.747067 0.957341
0.748393 0.235829
0.749452 0.041985
0.750884 0.112555
0.752313 0.125953
0.752696 0.56016
0.753843 0.834074
0.755082 0.67053
0.759705 0.369761
0.760102 0.0307917
0.761326 0.608171
0.761402 0.878109
0.761657 0.161403
0.761754 0.79443
0.761833 0.1345
0.762232 0.82556
0.764825 0.409225
0.765251 0.575315
0.766506 0.662152
0.767293 0.899439
0.768147 0.242841
0.769478 0.618697
0.770579 0.115194
0.771549 0.431726
0.774374 0.89925
0.776721 0.353637
0.77874 0.278952
0.779486 0.823369
0.779803 0.141411
0.779859 0.0945452
0.780946 0.36288
0.782903 0.251365
0.787344 0.89854
0.788076 0.200105
0.78909 0.229768
0.789309 0.914376
0.790507 0.05477
0.790572 0.137579
0.793195 0.223111
0.794214 0.358719
0.794313 0.019999
0.795877 0.306535
0.797637 0.877736
0.798658 0.040619
0.799254 0.0635527
0.799362 0.879482
0.802073 0.442036
0.803014 0.256483
0.804385 0.291186
0.804729 0.0730107
0.807862 0.729606
0.808213 0.640596
0.811774 0.484702
0.812207 0.769987
0.813338 0.772678
0.813618 0.470894
0.813698 0.817132
0.816989 0.140538
0.817379 0.696876
0.8179 0.444581
0.818062 0.16523
0.81843 0.353298
0.819019 0.257482
0.820574 0.385065
0.82187 0.17028
0.822752 0.991975
0.82353 0.0751604
0.824727 0.189955
0.825706 0.635911
0.825943 0.617663
0.827015 0.640476
0.82708 0.737013
0.827262 0.785736
0.827775 0.412563
0.829036 0.609361
0.829794 0.344742
0.830076 0.0819884
0.830123 0.882524
0.830315 0.107865
0.830639 0.542292
0.83505 0.691576
0.839118 0.051484
0.839294 0.010822
0.84024 0.910616
0.84029 0.759315
0.840507 0.405933
0.843723 0.459434
0.845398 0.607174
0.845563 0.384792
0.848986 0.912942
0.849324 0.595269
0.851163 0.500263
0.851174 0.686053
0.851302 0.836176
0.852334 0.180662
0.853653 0.350278
0.853925 0.923953
0.85398 0.845172
0.855757 0.715942
0.860746 0.552792
0.861669 0.0685145
0.862103 0.369226
0.862946 0.53252
0.866747 0.40953
0.867003 0.720647
0.869867 0.851174
0.869965 0.509621
0.870236 0.0547926
0.872113 0.596446
0.872468 0.568607
0.872894 0.724742
0.874264 0.756049
0.874437 0.66961
0.87527 0.655175
0.875966 0.356858
0.876098 0.579609
0.877791 0.0409287
0.878374 0.823014
0.880358 0.173286
0.880599 0.221311
0.880825 0.0278931
0.881447 0.478076
0.88154 0.04461
0.881813 0.631473
0.882976 0.182236
0.8858 0.638671
0.885923 0.715171
0.887257 0.128507
0.887541 0.895486
0.888747 0.178164
0.889185 0.524847
0.890382 0.654535
0.890683 0.717045
0.890884 0.0905861
0.891097 0.663527
0.893827 0.552927
0.894164 0.211525
0.89465 0.378826
0.895622 0.716638
0.89831 0.900459
0.898716 0.715709
0.899115 0.432839
0.900153 0.869872
0.900185 0.410862
0.904069 0.695163
0.905751 0.959524
0.906932 0.805608
0.907186 0.0781873
0.907421 0.0172459
0.907572 0.569057
0.907598 0.0051032
0.909689 0.141009
0.910159 0.0421278
0.911561 0.598756
0.911732 0.478625
0.912595 0.988306
0.914199 0.93657
0.915383 0.844474
0.916593 0.175542
0.91671 0.137902
0.917656 0.0394256
0.918482 0.925166
0.919249 0.824994
0.919821 0.427018
0.920256 0.742999
0.920591 0.367599
0.922413 0.999906
0.924539 0.728581
0.924636 0.358023
0.925736 0.84469
0.926002 0.315136
0.928576 0.569835
0.929512 0.305956
0.929915 0.0886319
0.933215 0.542747
0.933676 0.301089
0.934425 0.885124
0.935479 0.602326
0.935551 0.797898
0.940191 0.79252
0.941137 0.69056
0.941173 0.300414
0.946565 0.925395
0.94753 0.139214
0.948737 0.422526
0.952034 0.835584
0.956233 0.409094
0.960007 0.846207
0.960695 0.393178
0.965181 0.789523
0.965432 0.00933715
0.967023 0.757097
0.968358 0.184552
0.969599 0.0428824
0.970551 0.0483319
0.974663 0.155353
0.97511 0.667697
0.975624 0.313526
0.978466 0.071745
0.979235 0.999803
0.97924 0.093039
0.980027 0.314774
0.980174 0.784315
0.982001 0.485134
0.982554 0.779558
0.98693 0.338922
0.987008 0.650637
0.987058 0.477743
0.987952 0.503324
0.988271 0.869388
0.989728 0.35877
0.990974 0.29369
0.992452 0.143265
0.996281 0.488605
0.996819 0.545483
0.997961 0.73214
0.998971 0.703098
