0.00858573 0.300311
0.0106505 0.00250284
0.0107829 0.22905
0.0122613 0.0756516
0.0193658 0.480963
0.0248908 0.339316
0.0321314 0.0329872
0.0333361 0.279664
0.0360339 0.621178
0.0398065 0.0281132
0.0417092 0.00596928
0.0431159 0.649227
0.0487168 0.783075
0.0487867 0.958322
0.0515171 0.848034
0.0518452 0.361657
0.0551382 0.707212
0.0560889 0.685692
0.0561919 0.416627
0.0563734 0.468472
0.0571766 0.966643
0.057789 0.259484
0.0588932 0.817277
0.0606576 0.472095
0.0627499 0.637608
0.0652165 0.0929386
0.0652644 0.898006
0.0657074 0.343536
0.0657485 0.0346985
0.0672373 0.0577533
0.0694883 0.889859
0.0696096 0.929145
0.0726592 0.18291
0.0729241 0.635464
0.0741191 0.718898
0.0796331 0.394036
0.0820702 0.354545
0.0843882 0.312724
0.0845584 0.173645
0.0855295 0.495014
0.0907641 0.472162
0.0916004 0.528635
0.0942886 0.707799
0.0946412 0.633949
0.0951468 0.132377
0.0956925 0.303371
0.0990974 0.530213
0.0998555 0.271386
0.100043 0.414659
0.100502 0.13142
0.101586 0.355552
0.102904 0.49941
0.115741 0.267347
0.115935 0.517357
0.117021 0.774218
0.120432 0.0950315
0.120854 0.185683
0.12693 0.306606
0.128072 0.511781
0.132516 0.193673
0.134813 0.802436
0.135248 0.118409
0.135399 0.643258
0.135639 0.677501
0.140811 0.604225
0.141158 0.444904
0.142771 0.560025
0.143938 0.166356
0.149689 0.827088
0.155652 0.0404042
0.159964 0.511089
0.160573 0.758702
0.165624 0.641562
0.167544 0.904298
0.170031 0.70604
0.173345 0.408704
0.178462 0.406861
0.180455 0.911399
0.181048 0.871073
0.184415 0.468323
0.185347 0.127941
0.186843 0.278463
0.188614 0.0427093
0.191148 0.627957
0.19147 0.0406893
0.193887 0.654482
0.196146 0.627705
0.198039 0.433991
0.204209 0.141954
0.204752 0.265379
0.204799 0.0645221
0.206566 0.755372
0.211529 0.161889
0.212179 0.099671
0.212223 0.838285
0.212884 0.934714
0.220096 0.156847
0.227598 0.246324
0.228298 0.00941158
0.230066 0.726175
0.231773 0.415711
0.236011 0.643443
0.237256 0.558163
0.237904 0.454159
0.242843 0.463066
0.244492 0.173156
0.246962 0.696654
0.249441 0.354649
0.253959 0.293151
0.267105 0.233089
0.270963 0.0777672
0.271644 0.51754
0.272532 0.452663
0.273215 0.917347
0.278183 0.427196
0.287201 0.983287
0.292114 0.556695
0.293103 0.179371
0.297006 0.775514
0.297174 0.604582
0.297858 0.0928543
0.302019 0.0340954
0.304828 0.246198
0.306347 0.773866
0.317391 0.383398
0.321144 0.464396
0.325688 0.8301
0.32875 0.293878
0.329761 0.288009
0.343568 0.35454
0.344332 0.188651
0.348352 0.744195
0.350349 0.322513
0.350441 0.869387
0.351704 0.0883251
0.364892 0.739312
0.365113 0.456525
0.368429 0.191066
0.369579 0.513723
0.370248 0.751356
0.37465 0.749145
0.379291 0.750513
0.386539 0.557792
0.391504 0.0106493
0.392311 0.572965
0.392754 0.012586
0.395413 0.710695
0.397869 0.98526
0.398608 0.409739
0.402335 0.046465
0.404617 0.401685
0.406914 0.0100803
0.407391 0.0241729
0.407993 0.13711
0.410623 0.345718
0.416101 0.406243
0.417749 0.106269
0.419685 0.645894
0.421121 0.776265
0.422695 0.22969
0.423783 0.519555
0.425479 0.0191225
0.426502 0.210862
0.428829 0.323009
0.432475 0.609624
0.432716 0.658886
0.432992 0.304838
0.435206 0.499376
0.438812 0.118488
0.445808 0.700842
0.446633 0.562078
0.450134 0.396816
0.452784 0.934704
0.455447 0.701356
0.458051 0.462007
0.464406 0.26378
0.465921 0.740741
0.468215 0.281086
0.470114 0.206622
0.470141 0.663487
0.475444 0.794602
0.475793 0.646793
0.475872 0.978872
0.478849 0.0161535
0.479249 0.735365
0.480559 0.761007
0.488451 0.394268
0.488519 0.53943
0.489038 0.262051
0.492257 0.367996
0.495834 0.489343
0.497324 0.52204
0.498119 0.883405
0.49866 0.976879
0.502268 0.62253
0.502364 0.236202
0.512151 0.719718
0.513115 0.918111
0.517683 0.698182
0.522576 0.930807
0.522643 0.0684635
0.524502 0.306462
0.52517 0.540056
0.528077 0.387096
0.530012 0.914832
0.532815 0.0131713
0.533329 0.659439
0.533614 0.443886
0.53376 0.909459
0.535099 0.414285
0.536891 0.523705
0.541435 0.896735
0.543857 0.611269
0.544246 0.148431
0.549318 0.394904
0.55452 0.823049
0.555123 0.945518
0.561076 0.00181407
0.562869 0.146281
0.563243 0.42144
0.563686 0.862713
0.566365 0.899836
0.569562 0.626492
0.569595 0.175645
0.570513 0.618355
0.572531 0.532087
0.588201 0.895345
0.58883 0.460497
0.589044 0.0573006
0.59067 0.389925
0.591044 0.673521
0.595059 0.159262
0.60266 0.905167
0.606379 0.408602
0.607041 0.531148
0.612088 0.366542
0.615751 0.934914
0.621794 0.493599
0.623836 0.814764
0.623914 0.115553
0.627036 0.592588
0.630569 0.965366
0.631706 0.0797155
0.634432 0.906856
0.636595 0.250887
0.642424 0.218905
0.645179 0.517866
0.646018 0.629498
0.647676 0.485793
0.648468 0.79667
0.653424 0.10265
0.654984 0.318193
0.657434 0.491149
0.660047 0.413382
0.662037 0.859825
0.66557 0.229989
0.66811 0.93156
0.669455 0.532103
0.669699 0.633809
0.677679 0.756013
0.685031 0.322151
0.685497 0.153412
0.685993 0.479448
0.687025 0.836903
0.689175 0.96387
0.691589 0.544298
0.692895 0.481549
0.699333 0.689682
0.701713 0.696164
0.702192 0.735888
0.712418 0.617279
0.717567 0.143215
0.718041 0.120242
0.71831 0.634578
0.72021 0.561578
0.725494 0.380405
0.72662 0.300105
0.727508 0.223755
0.731098 0.556938
0.731947 0.837346
0.732846 0.937691
0.732871 0.359814
0.733008 0.666324
0.733287 0.36123
0.736435 0.257437
0.740171 0.0592682
0.744799 0.829868
0.74498 0.882911
0.745672 0.508928
0.753167 0.47251
0.753849 0.937022
0.754968 0.739256
0.755525 0.101331
0.755716 0.325826
0.756738 0.491754
0.758483 0.818381
0.760521 0.0821391
0.760722 0.462591
0.761056 0.0704972
0.763134 0.999043
0.765934 0.0526074
0.771347 0.030636
0.772255 0.298364
0.777582 0.813057
0.778595 0.84798
0.779531 0.57593
0.780194 0.717807
0.78243 0.299813
0.782468 0.94073
0.785065 0.588728
0.785481 0.578036
0.790497 0.876157
0.793215 0.567259
0.797182 0.242815
0.806571 0.0339474
0.81177 0.419383
0.812606 0.468389
0.813315 0.389648
0.813974 0.467106
0.814428 0.0871489
0.81601 0.683578
0.816524 0.326167
0.816992 0.184249
0.817539 0.379074
0.819724 0.0978005
0.827245 0.5025
0.830057 0.765169
0.833936 0.963208
0.835128 0.998815
0.839199 0.414164
0.844104 0.852075
0.847237 0.519705
0.847622 0.988919
0.849087 0.606654
0.852129 0.739517
0.852567 0.0995994
0.854485 0.331758
0.854614 0.495545
0.856416 0.775791
0.857211 0.13729
0.861223 0.574453
0.861641 0.59689
0.863405 0.255119
0.863581 0.211664
0.864593 0.209794
0.867175 0.604006
0.867577 0.363798
0.868545 0.636416
0.868607 0.681808
0.870321 0.483011
0.876207 0.404131
0.876522 0.709979
0.877591 0.676967
0.878358 0.56137
0.880107 0.955343
0.882234 0.708843
0.882529 0.669806
0.888844 0.802034
0.88885 0.8966
0.89076 0.00460821
0.893243 0.739748
0.893893 0.660906
0.900042 0.012432
0.901215 0.72715
0.903711 0.677757
0.903879 0.490969
0.90553 0.237882
0.906062 0.179055
0.909491 0.811249
0.910508 0.914112
0.912398 0.665629
0.91391 0.0790633
0.914036 0.20728
0.916807 0.777339
0.919613 0.935894
0.922679 0.47007
0.925064 0.553063
0.929588 0.586131
0.936857 0.761719
0.937931 0.80204
0.943527 0.850306
0.944697 0.519788
0.945393 0.225798
0.951133 0.692084
0.951899 0.561585
0.952299 0.290071
0.953871 0.714727
0.960021 0.0685542
0.964112 0.822903
0.966598 0.619745
0.967752 0.0025628
0.976715 0.652775
0.97727 0.971946
0.978695 0.919822
0.980443 0.313129
0.982937 0.220746
0.983914 0.641791
0.987389 0.0428867
0.990392 0.520957
0.994037 0.785134
