0.00105986 0.813153
0.001311 0.033953
0.00134304 0.57254
0.0024014 0.360265
0.0034008 0.15729
0.00352972 0.324051
0.00456563 0.734608
0.00517631 0.998304
0.00522941 0.890706
0.00567808 0.431514
0.00580104 0.49813
0.00601479 0.0905038
0.00618537 0.957444
0.00618818 0.0048324
0.00642027 0.905479
0.00701806 0.952463
0.00725338 0.907488
0.00790961 0.936759
0.00847856 0.499135
0.00876335 0.285695
0.0106973 0.789491
0.0108131 0.73515
0.011056 0.817721
0.0112223 0.613997
0.0113324 0.463908
0.0120299 0.187237
0.0122709 0.237258
0.0126844 0.186753
0.0129101 0.9805
0.0137644 0.33824
0.0144419 0.725427
0.0170675 0.85265
0.0170722 0.931719
0.0173412 0.454148
0.0200632 0.201381
0.0226385 0.48453
0.0243137 0.641137
0.0245278 0.238755
0.025113 0.0742706
0.0259498 0.138428
0.0261848 0.0884987
0.0265601 0.394791
0.0266559 0.00623296
0.0269294 0.602315
0.0271628 0.524837
0.0272862 0.598864
0.0274326 0.059529
0.0282939 0.535964
0.030091 0.739481
0.0312141 0.615893
0.0312301 0.884979
0.0317089 0.930901
0.0326711 0.102411
0.0327686 0.742301
0.033468 0.496819
0.0343284 0.957422
0.0343926 0.0367719
0.0351272 0.38337
0.0358912 0.224149
0.0374061 0.683602
0.0374902 0.0980777
0.0385682 0.216271
0.0388919 0.65692
0.0396165 0.835354
0.0398015 0.944301
0.0400542 0.190975
0.0405383 0.327753
0.0406669 0.488716
0.040816 0.994617
0.0409634 0.472407
0.0419727 0.435522
0.0420315 0.423288
0.0425456 0.0636155
0.0425538 0.200945
0.0434108 0.604736
0.0442232 0.259026
0.0443094 0.70786
0.0446007 0.603661
0.0446294 0.0869075
0.0470097 0.0919731
0.0470658 0.0344715
0.047427 0.105754
0.0476387 0.662956
0.0480392 0.394409
0.048817 0.467615
0.0496788 0.951728
0.0499215 0.0302053
0.0502693 0.875595
0.0505639 0.828004
0.0511518 0.707653
0.0518279 0.0720263
0.0521407 0.328279
0.0522944 0.911708
0.0533782 0.126847
0.0534229 0.878625
0.0539495 0.729559
0.0539551 0.822771
0.0540329 0.130597
0.0546131 0.881924
0.0551535 0.965443
0.0551877 0.540337
0.0558862 0.279187
0.0564002 0.91881
0.0578439 0.183059
0.0581233 0.878958
0.0606035 0.563313
0.0611096 0.0681888
0.0612978 0.232938
0.0618676 0.809095
0.0639098 0.131552
0.0643714 0.889378
0.0648227 0.475289
0.0663937 0.878149
0.0667733 0.259661
0.0681609 0.580762
0.0681716 0.759336
0.0683204 0.261724
0.0687728 0.864016
0.0691987 0.022405
0.0695463 0.864383
0.0697905 0.969642
0.0699035 0.867756
0.0706115 0.76696
0.0730297 0.410219
0.0731532 0.485521
0.0748522 0.0407732
0.0750621 0.568102
0.0764348 0.640427
0.0765618 0.773621
0.0769942 0.0417118
0.0774558 0.800289
0.0792828 0.506438
0.079554 0.0637645
0.0795946 0.746733
0.0797695 0.686763
0.0798519 0.0705043
0.079887 0.660002
0.0802951 0.519298
0.080686 0.0892221
0.0806998 0.322166
0.0817867 0.58964
0.0827345 0.518414
0.0832394 0.00526663
0.0834714 0.903722
0.0841381 0.108531
0.0841431 0.192438
0.0842746 0.4028
0.0844855 0.947926
0.0846288 0.356319
0.0852014 0.979819
0.0854971 0.949352
0.0858319 0.576574
0.0865702 0.985016
0.0869548 0.450051
0.0874849 0.358291
0.0875536 0.513792
0.0878633 0.719352
0.0888344 0.0389289
0.089847 0.0593255
0.090094 0.209109
0.0902826 0.380463
0.090312 0.874573
0.0904877 0.827126
0.0910598 0.442345
0.0918651 0.976313
0.0938842 0.911255
0.0939058 0.27533
0.0942869 0.680798
0.0944781 0.893883
0.094634 0.512774
0.0946441 0.683044
0.0957174 0.721792
0.0958888 0.602569
0.0964666 0.314733
0.0972695 0.807684
0.0973706 0.507352
0.0977758 0.317318
0.0979335 0.967906
0.0989716 0.415137
0.0993777 0.24085
0.0996398 0.645727
0.100143 0.109436
0.100288 0.532543
0.10036 0.743157
0.10045 0.26861
0.101234 0.4482
0.101401 0.24644
0.101872 0.165529
0.101932 0.171076
0.101986 0.0848909
0.102322 0.733252
0.102844 0.490693
0.103957 0.209365
0.104087 0.394691
0.104246 0.0590841
0.104927 0.507575
0.105113 0.639274
0.105621 0.17101
0.10765 0.265343
0.107813 0.0128763
0.108134 0.411655
0.109537 0.984389
0.110546 0.950361
0.111158 0.231941
0.112378 0.738726
0.112644 0.204038
0.112908 0.648672
0.113301 0.250543
0.113882 0.0155669
0.114785 0.199584
0.115351 0.703262
0.115594 0.782765
0.116491 0.85708
0.117094 0.999412
0.117422 0.509294
0.117463 0.205238
0.117933 0.0932164
0.118233 0.135973
0.118245 0.344225
0.11853 0.130324
0.118885 0.0965919
0.118937 0.969592
0.119749 0.621825
0.120392 0.436536
0.120442 0.276916
0.120894 0.862961
0.121043 0.376439
0.121258 0.977453
0.121546 0.828472
0.121771 0.603826
0.122462 0.221852
0.123179 0.274007
0.123738 0.661604
0.123772 0.242485
0.124304 0.173569
0.124542 0.185171
0.124952 0.0737216
0.125072 0.0875795
0.125127 0.00573001
0.12652 0.425381
0.127277 0.142159
0.127495 0.813289
0.128207 0.778916
0.128449 0.838634
0.129482 0.196339
0.129747 0.657275
0.129956 0.163097
0.129995 0.830084
0.130343 0.670019
0.130622 0.360456
0.130866 0.462319
0.131144 0.132509
0.131429 0.933321
0.13176 0.489441
0.132083 0.92217
0.132718 0.588001
0.134203 0.557218
0.134738 0.546875
0.13561 0.19171
0.135786 0.153091
0.135855 0.310595
0.136087 0.213629
0.136554 0.0713353
0.137451 0.142833
0.137473 0.50553
0.13759 0.481516
0.138694 0.0357639
0.139657 0.219929
0.140493 0.26769
0.141516 0.453082
0.14161 0.0392915
0.141828 0.702799
0.141899 0.901619
0.144382 0.631976
0.144936 0.946553
0.145768 0.920904
0.146036 0.42368
0.146072 0.0299417
0.146239 0.834803
0.146531 0.751524
0.146736 0.199681
0.147195 0.911292
0.147367 0.789753
0.147416 0.614409
0.148645 0.270757
0.150161 0.761664
0.151237 0.844937
0.151359 0.892299
0.15227 0.200701
0.152654 0.656822
0.153273 0.0607195
0.153306 0.622207
0.153332 0.0472021
0.153423 0.577743
0.154369 0.475071
0.154513 0.895767
0.155159 0.763862
0.155379 0.448932
0.155928 0.68166
0.156445 0.373939
0.156488 0.0905606
0.156517 0.57675
0.159463 0.101045
0.159574 0.956614
0.159707 0.191864
0.159713 0.303218
0.160281 0.848594
0.160292 0.0286712
0.16076 0.885775
0.16127 0.458693
0.161395 0.567837
0.161429 0.134584
0.161551 0.187707
0.162259 0.090229
0.16229 0.616498
0.162867 0.310458
0.162974 0.100614
0.163044 0.278843
0.163669 0.790588
0.164847 0.586153
0.165022 0.528609
0.165132 0.367509
0.165518 0.865978
0.166051 0.812324
0.166841 0.0999416
0.166979 0.421704
0.16816 0.262372
0.168244 0.682796
0.168858 0.996479
0.168897 0.647899
0.169142 0.776309
0.169232 0.277923
0.170194 0.450755
0.171136 0.286036
0.171285 0.784471
0.171901 0.133584
0.175904 0.413148
0.176018 0.342653
0.177701 0.619677
0.178192 0.876207
0.178257 0.968565
0.179026 0.896678
0.179322 0.856562
0.179575 0.111852
0.179794 0.789683
0.180199 0.607123
0.180519 0.983855
0.180866 0.817583
0.181408 0.93265
0.182199 0.213514
0.182989 0.503424
0.183339 0.373694
0.183433 0.958894
0.183899 0.785052
0.184563 0.942708
0.184926 0.0589213
0.185372 0.553773
0.185491 0.551525
0.185585 0.126347
0.185588 0.170182
0.186722 0.244891
0.186894 0.125895
0.190299 0.355938
0.19191 0.426817
0.192174 0.864134
0.192388 0.457572
0.192653 0.920552
0.193215 0.370243
0.193585 0.589718
0.194239 0.569691
0.194562 0.0113422
0.195084 0.778691
0.198671 0.0689157
0.199311 0.817064
0.200817 0.130736
0.20105 0.0412358
0.201149 0.704191
0.201513 0.837051
0.201523 0.00436305
0.202501 0.44265
0.202583 0.809846
0.202711 0.96414
0.202775 0.0451498
0.20314 0.178848
0.204187 0.766859
0.204203 0.0384657
0.205255 0.714962
0.205375 0.732859
0.207031 0.57217
0.207724 0.219099
0.208906 0.0750671
0.208973 0.216903
0.209215 0.273021
0.20976 0.43719
0.210079 0.793557
0.211089 0.780332
0.211399 0.983451
0.212744 0.58397
0.212813 0.744018
0.213051 0.755134
0.213742 0.360036
0.214173 0.598191
0.214402 0.460926
0.214748 0.262645
0.215218 0.165549
0.215885 0.371109
0.216646 0.168765
0.216688 0.883618
0.216935 0.0223582
0.218132 0.13691
0.218155 0.527994
0.218535 0.925346
0.218796 0.302431
0.219 0.740704
0.219009 0.88341
0.219597 0.766157
0.220244 0.638416
0.222956 0.218956
0.223176 0.920938
0.223561 0.381583
0.224117 0.738219
0.224559 0.165138
0.225041 0.267676
0.225867 0.139939
0.226029 0.869315
0.226668 0.606546
0.226943 0.234724
0.22757 0.775662
0.228379 0.358709
0.229244 0.903891
0.229611 0.0724083
0.230065 0.701154
0.230081 0.964777
0.230363 0.706446
0.230665 0.790901
0.231036 0.0146649
0.231331 0.988143
0.231749 0.00946021
0.232402 0.978571
0.23352 0.766553
0.233566 0.535493
0.233893 0.0424947
0.234389 0.369118
0.236015 0.699511
0.237189 0.44303
0.237296 0.230331
0.239321 0.269355
0.239385 0.337623
0.239686 0.407975
0.239789 0.133502
0.239796 0.245818
0.24143 0.721438
0.241734 0.824935
0.241848 0.733114
0.242308 0.466615
0.24244 0.691167
0.245378 0.0706026
0.245649 0.626943
0.247462 0.100257
0.248105 0.907894
0.248611 0.400108
0.250056 0.685715
0.250139 0.0892802
0.250298 0.756851
0.250603 0.891842
0.252243 0.449654
0.253145 0.614661
0.253527 0.033583
0.2553 0.825894
0.255448 0.311228
0.255997 0.5487
0.258289 0.0556572
0.258289 0.0647124
0.25888 0.993542
0.259301 0.0746764
0.259426 0.165546
0.259677 0.389954
0.25975 0.616706
0.259969 0.294364
0.260952 0.821503
0.260964 0.0209192
0.261173 0.532008
0.261545 0.786342
0.261925 0.172636
0.262036 0.0385282
0.26255 0.68179
0.263062 0.277374
0.263717 0.29014
0.26382 0.0218263
0.263922 0.737734
0.264122 0.0991833
0.264564 0.524326
0.265521 0.608524
0.265644 0.672674
0.26599 0.494992
0.266256 0.969938
0.266485 0.807442
0.266485 0.80907
0.266933 0.344102
0.266957 0.754447
0.267013 0.695215
0.268066 0.386903
0.268692 0.910341
0.26891 0.578435
0.269226 0.876903
0.269335 0.719731
0.270304 0.00213987
0.270351 0.790772
0.270472 0.823084
0.270962 0.0645485
0.271372 0.950955
0.271495 0.0197932
0.272113 0.406121
0.272636 0.186
0.273063 0.371828
0.273659 0.387123
0.274173 0.0208373
0.274657 0.154775
0.27472 0.211319
0.274724 0.291438
0.274819 0.879862
0.274869 0.716744
0.274869 0.724773
0.275024 0.324646
0.27517 0.784365
0.275844 0.103752
0.276603 0.867543
0.276977 0.149723
0.277787 0.759113
0.277898 0.627307
0.278475 0.330823
0.278941 0.160362
0.279285 0.950318
0.279298 0.169581
0.28041 0.855687
0.280463 0.736819
0.281653 0.738131
0.281882 0.593557
0.282357 0.577737
0.282554 0.891735
0.284488 0.386859
0.28575 0.600382
0.285921 0.479359
0.28598 0.474036
0.28617 0.660135
0.286775 0.82943
0.287021 0.970322
0.287339 0.298757
0.288534 0.39559
0.288834 0.438323
0.289935 0.942083
0.29009 0.549101
0.290339 0.725025
0.291088 0.307878
0.291762 0.641118
0.292221 0.351555
0.292768 0.549323
0.293183 0.533043
0.293415 0.427585
0.293651 0.393481
0.294457 0.936778
0.294497 0.607545
0.295135 0.328277
0.29516 0.75955
0.295364 0.188798
0.295449 0.611859
0.29576 0.843779
0.295922 0.567004
0.296009 0.0232406
0.296495 0.196428
0.296994 0.577639
0.297378 0.0359985
0.298101 0.177382
0.298656 0.506414
0.299125 0.386691
0.300066 0.215476
0.300126 0.213714
0.30028 0.81318
0.300542 0.205847
0.301132 0.125551
0.303151 0.0669802
0.303822 0.343651
0.304093 0.888612
0.304112 0.20295
0.304264 0.768418
0.304423 0.439722
0.305083 0.524741
0.305399 0.843002
0.305451 0.711205
0.30731 0.96617
0.307416 0.73529
0.30752 0.483732
0.307731 0.0329121
0.30784 0.866998
0.30826 0.930711
0.308714 0.556381
0.308981 0.0446239
0.309228 0.195965
0.30962 0.77809
0.309845 0.556857
0.309985 0.921978
0.311078 0.282499
0.311401 0.717905
0.312262 0.191593
0.312592 0.740184
0.313893 0.600321
0.314208 0.898648
0.314888 0.314612
0.314933 0.0725494
0.315031 0.731215
0.315647 0.0826843
0.316453 0.628032
0.317645 0.664883
0.318371 0.868392
0.319912 0.756308
0.320142 0.622292
0.320675 0.586466
0.323905 0.869068
0.324225 0.241792
0.324743 0.955492
0.324834 0.484169
0.32532 0.656206
0.325651 0.221294
0.325976 0.683083
0.326364 0.200413
0.326651 0.0164872
0.327957 0.965555
0.328727 0.919034
0.329051 0.360145
0.329137 0.809229
0.329722 0.64519
0.329846 0.727912
0.330013 0.522185
0.330363 0.402809
0.330479 0.361843
0.331032 0.650061
0.331119 0.116245
0.331138 0.435107
0.331597 0.145153
0.332282 0.670546
0.332384 0.372945
0.333094 0.304832
0.333766 0.600342
0.334501 0.955752
0.334521 0.298336
0.334632 0.155627
0.335319 0.705353
0.335488 0.541292
0.335722 0.478958
0.336619 0.561389
0.336762 0.95391
0.336812 0.805709
0.337315 0.255393
0.337319 0.319037
0.338137 0.0748283
0.338349 0.630528
0.338766 0.635261
0.339171 0.440931
0.339315 0.865509
0.340318 0.716668
0.341036 0.794783
0.341804 0.705506
0.342206 0.463279
0.344161 0.31372
0.344511 0.189429
0.345159 0.0939489
0.345895 0.453296
0.346263 0.648862
0.346439 0.595936
0.348878 0.600304
0.349359 0.674064
0.3499 0.761403
0.350343 0.218203
0.351815 0.959133
0.355428 0.676137
0.356242 0.365122
0.357016 0.366646
0.358095 0.510424
0.358385 0.369793
0.358481 0.998398
0.35956 0.117711
0.359943 0.55652
0.361776 0.373717
0.361918 0.754194
0.362125 0.227771
0.362599 0.194514
0.362727 0.351892
0.365552 0.837135
0.365785 0.75133
0.366641 0.139546
0.366644 0.183702
0.368756 0.675888
0.368968 0.248242
0.368993 0.665943
0.369501 0.209998
0.370134 0.849118
0.370372 0.84473
0.370666 0.775295
0.370826 0.478069
0.370892 0.574371
0.372399 0.914183
0.372817 0.929764
0.373195 0.290559
0.373416 0.996306
0.373986 0.589713
0.375216 0.256798
0.375459 0.336958
0.376117 0.401371
0.376297 0.417497
0.376713 0.420164
0.376785 0.632383
0.376898 0.525237
0.378394 0.667754
0.378579 0.769297
0.379014 0.0834301
0.379734 0.191293
0.379906 0.0761631
0.380989 0.283554
0.38435 0.771532
0.384359 0.928795
0.385669 0.942314
0.386149 0.00240178
0.386191 0.716331
0.386242 0.575236
0.386297 0.485294
0.386746 0.0473041
0.386841 0.634022
0.38781 0.923968
0.388323 0.54037
0.38869 0.709365
0.389071 0.117494
0.389847 0.165539
0.391349 0.404742
0.391355 0.507925
0.392057 0.301669
0.39272 0.448532
0.393013 0.370355
0.394319 0.315025
0.396005 0.650458
0.396192 0.794936
0.396827 0.468312
0.397048 0.186221
0.398017 0.47806
0.399009 0.143328
0.399386 0.488173
0.400089 0.28979
0.400171 0.673007
0.400351 0.692271
0.400455 0.441786
0.400512 0.413038
0.400732 0.108102
0.401021 0.966845
0.402839 0.507991
0.404411 0.935104
0.404596 0.0405373
0.405728 0.0643669
0.406315 0.935594
0.407615 0.784102
0.408018 0.553246
0.408429 0.470441
0.408618 0.643956
0.408898 0.347909
0.409585 0.890301
0.410065 0.957041
0.410111 0.740312
0.410812 0.521753
0.41108 0.0196299
0.411139 0.0129058
0.411174 0.607178
0.411828 0.591064
0.412188 0.639564
0.412709 0.407696
0.412916 0.876061
0.414396 0.756332
0.414618 0.489181
0.415134 0.161158
0.415539 0.957859
0.416659 0.789943
0.416887 0.618368
0.417139 0.857583
0.417411 0.423088
0.417616 0.87562
0.41776 0.296559
0.417964 0.719547
0.418096 0.932194
0.418375 0.633706
0.419018 0.431247
0.419596 0.146307
0.420841 0.0678664
0.421636 0.435524
0.422213 0.141341
0.422226 0.346259
0.422906 0.777579
0.423035 0.94096
0.423207 0.831794
0.423277 0.0101554
0.425831 0.933432
0.425859 0.414307
0.426368 0.969812
0.427424 0.708278
0.428038 0.036049
0.428205 0.833107
0.428516 0.068643
0.428536 0.409466
0.428811 0.0203947
0.428939 0.169336
0.428944 0.263463
0.429275 0.829984
0.42997 0.498467
0.430947 0.925155
0.431261 0.196387
0.431383 0.261445
0.431619 0.220758
0.434207 0.718717
0.43434 0.948551
0.434958 0.34654
0.435792 0.356038
0.436346 0.666765
0.438241 0.509444
0.438299 0.495128
0.438339 0.158608
0.438421 0.533404
0.438676 0.822207
0.438962 0.628232
0.438995 0.188678
0.439544 0.418864
0.439763 0.103596
0.440376 0.407364
0.440879 0.857902
0.442599 0.759079
0.442616 0.0421039
0.44267 0.957312
0.44502 0.45951
0.445696 0.819203
0.445968 0.389372
0.446549 0.156415
0.446856 0.314258
0.447482 0.837375
0.447719 0.820121
0.44829 0.40448
0.449448 0.874804
0.449469 0.225887
0.451207 0.434015
0.451393 0.561502
0.451723 0.101766
0.453424 0.698208
0.456282 0.737182
0.457079 0.121542
0.457079 0.132804
0.457407 0.642403
0.457442 0.220467
0.458386 0.0968985
0.458863 0.113621
0.458887 0.515051
0.459417 0.420794
0.459452 0.00336531
0.460162 0.947532
0.461128 0.183546
0.462006 0.939978
0.462128 0.985931
0.463511 0.233848
0.463675 0.983737
0.463808 0.22445
0.463866 0.200265
0.464595 0.442053
0.464672 0.738006
0.464817 0.175888
0.465533 0.219771
0.465773 0.248199
0.465978 0.692051
0.466101 0.763684
0.467044 0.610884
0.467753 0.517202
0.467883 0.715473
0.468067 0.807491
0.468904 0.863494
0.469025 0.895219
0.469949 0.439805
0.470301 0.349364
0.470491 0.535862
0.47077 0.227974
0.471061 0.121482
0.471545 0.256836
0.472268 0.409575
0.472589 0.798343
0.472807 0.474013
0.472885 0.781995
0.473174 0.637373
0.473226 0.513739
0.473513 0.324678
0.473617 0.0737231
0.474134 0.773226
0.474135 0.781224
0.474352 0.427091
0.474675 0.858005
0.47528 0.0373953
0.476661 0.237485
0.477235 0.888447
0.478042 0.44872
0.479187 0.689324
0.479436 0.886356
0.479601 0.648821
0.479907 0.791881
0.480616 0.712193
0.480917 0.776065
0.480927 0.933038
0.481497 0.526085
0.481744 0.672676
0.481797 0.554089
0.48341 0.665689
0.483745 0.299219
0.48381 0.393635
0.484005 0.675255
0.484244 0.69689
0.484672 0.87619
0.485079 0.725531
0.486025 0.62066
0.486288 0.0393032
0.486966 0.441361
0.487303 0.0972741
0.48815 0.339051
0.488287 0.639472
0.488561 0.240712
0.488886 0.700762
0.488983 0.340191
0.489178 0.608655
0.489281 0.34074
0.490026 0.866281
0.49013 0.621876
0.491975 0.623612
0.492505 0.529981
0.492938 0.815752
0.493293 0.773207
0.493366 0.0098989
0.494735 0.0161688
0.49496 0.797518
0.4952 0.818151
0.49595 0.432497
0.496184 0.370859
0.498158 0.547692
0.498351 0.786181
0.498553 0.18738
0.498866 0.43975
0.500359 0.526535
0.50151 0.878047
0.501525 0.13296
0.501559 0.705013
0.50178 0.411033
0.501879 0.0862363
0.50197 0.602228
0.502171 0.994818
0.502202 0.509863
0.502368 0.29177
0.50293 0.742345
0.503017 0.201995
0.503308 0.0946414
0.503342 0.673221
0.504108 0.542386
0.5042 0.0932285
0.504715 0.739801
0.504954 0.755378
0.506612 0.625134
0.506891 0.317653
0.506904 0.540305
0.507527 0.00933415
0.509591 0.70395
0.50997 0.0591809
0.511226 0.17489
0.511413 0.311824
0.511437 0.713747
0.511728 0.61073
0.511922 0.869731
0.512378 0.542618
0.512724 0.353713
0.51284 0.299058
0.513276 0.627764
0.513486 0.166144
0.513761 0.786058
0.514254 0.0663957
0.514256 0.107093
0.514414 0.753627
0.515603 0.74575
0.515734 0.936476
0.516228 0.252361
0.516942 0.244488
0.518175 0.962132
0.519417 0.833446
0.519651 0.77317
0.520215 0.260084
0.520284 0.420124
0.520335 0.270725
0.520615 0.97701
0.520745 0.16747
0.52221 0.7777
0.522229 0.107299
0.522239 0.277797
0.522672 0.547257
0.522705 0.111312
0.52285 0.545234
0.523328 0.569423
0.524134 0.126299
0.52449 0.107022
0.524559 0.26286
0.524816 0.590552
0.525218 0.344091
0.526459 0.202891
0.526763 0.312469
0.527435 0.604769
0.527619 0.688265
0.528817 0.820465
0.528965 0.322195
0.529006 0.0100079
0.529931 0.551839
0.530552 0.98759
0.530613 0.00694343
0.531806 0.0701541
0.53257 0.908045
0.533147 0.602889
0.533436 0.450503
0.534215 0.553074
0.535373 0.0217861
0.536221 0.269324
0.53703 0.860111
0.537688 0.929477
0.537807 0.919152
0.538432 0.432016
0.539012 0.175079
0.539482 0.078804
0.540335 0.40239
0.541444 0.0577232
0.543101 0.895446
0.543663 0.342249
0.543759 0.959521
0.5438 0.653587
0.543972 0.540985
0.544608 0.230037
0.544983 0.536103
0.545966 0.053154
0.546047 0.404447
0.546364 0.73271
0.546567 0.156989
0.547507 0.951142
0.547857 0.840751
0.547905 0.63782
0.547922 0.922598
0.547955 0.483983
0.548002 0.274767
0.548758 0.971322
0.549102 0.754531
0.550256 0.145332
0.550908 0.115186
0.551145 0.0994494
0.551413 0.604527
0.55181 0.278166
0.552796 0.848695
0.553687 0.824844
0.554535 0.0765212
0.555039 0.536067
0.555147 0.354062
0.555479 0.928049
0.555724 0.0458545
0.555727 0.111604
0.55643 0.91499
0.556689 0.270192
0.557546 0.678186
0.558722 0.444456
0.559937 0.861724
0.560218 0.590745
0.560631 0.519257
0.560693 0.571106
0.562341 0.268916
0.562479 0.590201
0.563059 0.329813
0.565158 0.609684
0.565381 0.35724
0.565766 0.834186
0.566881 0.570694
0.567491 0.826165
0.567763 0.384923
0.568637 0.07847
0.56888 0.170354
0.569376 0.509116
0.569669 0.435033
0.57017 0.8397
0.570367 0.165821
0.570938 0.751574
0.571579 0.525753
0.571661 0.89806
0.572067 0.726825
0.573328 0.932255
0.57346 0.145505
0.573706 0.284504
0.574436 0.541851
0.575306 0.171863
0.575563 0.482705
0.575587 0.885975
0.575758 0.765546
0.576661 0.945001
0.576715 0.851247
0.577089 0.127988
0.577235 0.583574
0.577683 0.119898
0.578 0.45108
0.578013 0.667541
0.578536 0.456476
0.579323 0.678242
0.580054 0.966018
0.580892 0.0562528
0.581041 0.554328
0.582009 0.820083
0.582871 0.321727
0.583034 0.0521121
0.584554 0.602789
0.585326 0.570168
0.585353 0.0205516
0.585355 0.0580243
0.585426 0.262182
0.587206 0.167803
0.587526 0.548886
0.588223 0.260288
0.588643 0.321739
0.590922 0.62111
0.591386 0.432281
0.591598 0.984646
0.59184 0.0591717
0.592506 0.245511
0.592574 0.387034
0.592646 0.609286
0.592695 0.417092
0.59272 0.843895
0.592863 0.253877
0.592969 0.0381328
0.593235 0.504603
0.59479 0.635089
0.595914 0.528554
0.596098 0.619031
0.597106 0.559685
0.598098 0.224255
0.59958 0.141091
0.600607 0.40369
0.60064 0.948601
0.600936 0.939602
0.601075 0.263243
0.601204 0.442558
0.601777 0.0686715
0.602773 0.808133
0.603315 0.912978
0.604409 0.293981
0.605967 0.482797
0.607133 0.0889247
0.607337 0.516186
0.607388 0.374652
0.607415 0.817507
0.607786 0.0599917
0.608467 0.502425
0.609173 0.363194
0.609625 0.959585
0.610161 0.980212
0.610694 0.938563
0.611431 0.320694
0.611626 0.591858
0.611938 0.847852
0.61259 0.79407
0.614161 0.195967
0.614357 0.49522
0.614891 0.468465
0.615434 0.595115
0.615709 0.223865
0.616014 0.345777
0.616569 0.676711
0.61688 0.90698
0.618102 0.44349
0.619825 0.404938
0.620604 0.496803
0.62076 0.106623
0.622641 0.730625
0.623933 0.439346
0.624385 0.0310492
0.624534 0.547955
0.625041 0.0580356
0.626622 0.639493
0.627434 0.282639
0.627557 0.349591
0.627683 0.464346
0.628165 0.577317
0.628296 0.77187
0.628654 0.783852
0.628727 0.0113634
0.628863 0.30078
0.628952 0.803192
0.629602 0.720492
0.629678 0.00398544
0.630318 0.757096
0.630792 0.719675
0.63092 0.871082
0.631244 0.322891
0.632289 0.881445
0.63302 0.165534
0.633471 0.739284
0.634121 0.664723
0.634388 0.153138
0.637406 0.887389
0.637592 0.014031
0.638457 0.550831
0.638855 0.242831
0.63937 0.887643
0.639445 0.153143
0.639653 0.6426
0.639762 0.477985
0.640032 0.0149395
0.640214 0.0804501
0.640281 0.198705
0.640376 0.80711
0.641619 0.69432
0.641664 0.442834
0.642566 0.610408
0.642747 0.647008
0.642883 0.937246
0.643092 0.441065
0.643446 0.396721
0.643491 0.154939
0.645771 0.473688
0.645881 0.325814
0.645916 0.913238
0.646274 0.930002
0.646454 0.948414
0.648773 0.932631
0.649214 0.341049
0.650237 0.535613
0.651452 0.961521
0.652142 0.546653
0.652611 0.441887
0.654052 0.648894
0.654211 0.327993
0.654279 0.472881
0.654593 0.738635
0.655219 0.262636
0.655647 0.451477
0.65575 0.184713
0.65765 0.118835
0.657739 0.619291
0.657977 0.621837
0.658068 0.144872
0.658432 0.274203
0.658614 0.322159
0.659368 0.00466477
0.659416 0.79818
0.659427 0.99744
0.659571 0.417987
0.660304 0.72842
0.660596 0.637635
0.661024 0.822986
0.661939 0.204345
0.662549 0.46099
0.662621 0.669827
0.663253 0.292801
0.663842 0.20064
0.664334 0.46293
0.664708 0.745822
0.664717 0.896143
0.665167 0.453982
0.665546 0.831909
0.665848 0.902645
0.666149 0.963848
0.66644 0.853983
0.666488 0.657352
0.666783 0.617071
0.666806 0.0151514
0.666955 0.513266
0.667168 0.0907853
0.667208 0.771523
0.667525 0.0940488
0.667787 0.491631
0.66846 0.799474
0.668759 0.83705
0.669902 0.0415202
0.670045 0.448129
0.670416 0.68544
0.670716 0.718398
0.670762 0.499094
0.671094 0.0775655
0.671159 0.176638
0.671793 0.82288
0.672394 0.925877
0.672811 0.936504
0.672858 0.73286
0.674135 0.185596
0.674256 0.215107
0.674769 0.838372
0.674846 0.129982
0.675483 0.845134
0.676708 0.424165
0.677307 0.498816
0.678351 0.053354
0.678385 0.615506
0.679515 0.600799
0.679711 0.906634
0.680567 0.292142
0.680877 0.501922
0.681112 0.45524
0.681366 0.721629
0.682016 0.638819
0.682517 0.0666446
0.68268 0.806328
0.683762 0.98876
0.683907 0.431675
0.684266 0.460108
0.68431 0.203394
0.68474 0.424089
0.685485 0.947571
0.685534 0.768025
0.687064 0.479041
0.6879 0.542698
0.688094 0.796761
0.688439 0.592133
0.688475 0.197902
0.68857 0.793831
0.689206 0.484073
0.690283 0.58702
0.690405 0.642851
0.690727 0.0518897
0.691616 0.998126
0.691764 0.477215
0.692501 0.872564
0.692915 0.820055
0.693866 0.7992
0.695942 0.692981
0.696244 0.771849
0.696507 0.185906
0.696778 0.744562
0.697507 0.995209
0.697521 0.233201
0.697937 0.227854
0.698178 0.279073
0.698391 0.860678
0.699324 0.542961
0.699546 0.271709
0.699815 0.784433
0.700078 0.21829
0.700223 0.654474
0.70084 0.018857
0.701086 0.146562
0.701193 0.951965
0.702269 0.0379295
0.702724 0.674063
0.703986 0.892845
0.704967 0.375069
0.705204 0.36323
0.705618 0.327079
0.706396 0.40333
0.706721 0.855398
0.706794 0.0832534
0.708649 0.255721
0.710113 0.861858
0.710218 0.641316
0.710246 0.111571
0.710425 0.116638
0.711249 0.958965
0.711556 0.120879
0.71241 0.472538
0.712612 0.877056
0.712734 0.915222
0.712744 0.0821195
0.713675 0.741229
0.714284 0.975216
0.714475 0.184419
0.716199 0.158405
0.717248 0.791755
0.718397 0.0991025
0.718513 0.0485259
0.719282 0.966903
0.719962 0.39917
0.720383 0.483999
0.72136 0.904003
0.721878 0.599256
0.721945 0.721769
0.722035 0.241806
0.722897 0.73571
0.722926 0.216296
0.723219 0.137838
0.725095 0.66873
0.7251 0.748864
0.725223 0.81782
0.725666 0.264477
0.726075 0.143222
0.72633 0.423925
0.72636 0.941373
0.726536 0.89517
0.726632 0.510806
0.727165 0.461919
0.727264 0.126462
0.729821 0.104993
0.730266 0.576898
0.731424 0.0363041
0.73161 0.176314
0.731974 0.287675
0.732051 0.580349
0.732544 0.867464
0.733126 0.643218
0.733652 0.484847
0.734726 0.534787
0.736392 0.544173
0.736583 0.749157
0.736722 0.0783629
0.737893 0.762574
0.73811 0.412472
0.738327 0.0627136
0.739766 0.24855
0.740006 0.280156
0.740252 0.420055
0.740616 0.539681
0.740704 0.0082362
0.741139 0.319928
0.741376 0.309983
0.7416 0.0740049
0.74172 0.0950395
0.742878 0.548646
0.74319 0.79683
0.743348 0.442612
0.743746 0.144316
0.744154 0.989102
0.745801 0.685175
0.747164 0.591135
0.747665 0.00628945
0.747862 0.319262
0.748313 0.889811
0.748353 0.56892
0.748802 0.121289
0.749151 0.978872
0.749375 0.748991
0.749499 0.827111
0.751752 0.696853
0.752036 0.474374
0.75242 0.916329
0.752835 0.896785
0.752845 0.0581338
0.752882 0.687663
0.753598 0.726733
0.754025 0.906401
0.754414 0.441678
0.75483 0.427456
0.756065 0.177219
0.756259 0.437661
0.756338 0.770554
0.756848 0.337768
0.756873 0.771215
0.75733 0.444947
0.757741 0.349707
0.758111 0.563327
0.758469 0.593537
0.760002 0.361138
0.760284 0.0920995
0.760614 0.635595
0.760929 0.933851
0.761579 0.860332
0.76229 0.806384
0.762402 0.687382
0.76262 0.351077
0.763144 0.162153
0.764138 0.86105
0.764772 0.521848
0.766164 0.912354
0.766277 0.819789
0.766705 0.00304936
0.767061 0.994925
0.767122 0.0218077
0.767344 0.743857
0.768277 0.432401
0.769086 0.0234938
0.769159 0.251662
0.77041 0.28917
0.772781 0.129545
0.773858 0.231718
0.773983 0.327714
0.774104 0.366162
0.775201 0.806857
0.775511 0.00624273
0.775573 0.0480264
0.775578 0.14523
0.776167 0.0321961
0.776407 0.076582
0.777091 0.566639
0.781014 0.500231
0.782625 0.581856
0.785609 0.736408
0.786169 0.137121
0.786844 0.490475
0.787073 0.338905
0.787727 0.335822
0.789295 0.673363
0.789366 0.871736
0.789525 0.541295
0.790345 0.335983
0.790784 0.702553
0.791373 0.61051
0.791562 0.789464
0.791676 0.704083
0.791893 0.353339
0.79192 0.796225
0.792101 0.847187
0.792833 0.143908
0.792975 0.525096
0.793805 0.486024
0.794057 0.717507
0.794569 0.326952
0.795334 0.182491
0.7967 0.141771
0.796839 0.478428
0.797066 0.289267
0.7972 0.535075
0.797223 0.91935
0.797496 0.513624
0.798074 0.235884
0.798678 0.383023
0.798899 0.0900763
0.799459 0.507789
0.799544 0.934262
0.800742 0.0672528
0.801264 0.847242
0.802476 0.213912
0.802922 0.709805
0.803006 0.130041
0.803567 0.557411
0.80516 0.324635
0.805718 0.702277
0.805747 0.196981
0.806572 0.0626546
0.806808 0.0297629
0.807717 0.298986
0.808541 0.144029
0.80867 0.313811
0.808939 0.844207
0.809297 0.855618
0.809637 0.567388
0.810018 0.969992
0.810097 0.300146
0.810554 0.976077
0.810941 0.484423
0.812114 0.198969
0.812566 0.802944
0.812586 0.133952
0.812764 0.127961
0.813809 0.695906
0.815082 0.0809359
0.815763 0.536134
0.816209 0.0182529
0.817286 0.132533
0.817394 0.935643
0.817456 0.986622
0.818848 0.378709
0.818859 0.568365
0.81916 0.620224
0.819463 0.711504
0.819705 0.787328
0.819945 0.819145
0.819993 0.62379
0.82037 0.950572
0.820852 0.0514276
0.821282 0.291367
0.821507 0.0599047
0.822151 0.885495
0.822503 0.809681
0.823373 0.432375
0.8235 0.559332
0.823531 0.0801145
0.824137 0.270626
0.824175 0.907912
0.824571 0.57313
0.824736 0.345754
0.825085 0.203549
0.826058 0.564488
0.827953 0.407269
0.828149 0.692277
0.828465 0.0136294
0.828763 0.0194848
0.829692 0.635134
0.830296 0.780637
0.831035 0.210547
0.831266 0.0897179
0.832046 0.191138
0.832521 0.185485
0.832843 0.595173
0.83318 0.262435
0.833941 0.040775
0.834224 0.799755
0.834723 0.187134
0.835247 0.0016141
0.836355 0.616586
0.836375 0.95467
0.836466 0.476515
0.83699 0.297553
0.837229 0.306548
0.837443 0.911805
0.837779 0.559297
0.83806 0.272665
0.838894 0.295962
0.839085 0.50039
0.839234 0.000359491
0.839248 0.243439
0.839353 0.000568162
0.839732 0.379161
0.840014 0.117088
0.840138 0.195537
0.840754 0.552179
0.840778 0.956811
0.84104 0.361342
0.841224 0.455967
0.84149 0.923674
0.841888 0.603386
0.84331 0.504687
0.84331 0.516395
0.843378 0.655015
0.843707 0.184478
0.843973 0.646776
0.844017 0.390704
0.844093 0.667834
0.844269 0.625247
0.844443 0.551777
0.845127 0.0556629
0.84577 0.852632
0.845964 0.125017
0.846005 0.804432
0.846053 0.605579
0.846756 0.427388
0.846938 0.495137
0.846944 0.594962
0.850342 0.699478
0.850482 0.0506056
0.851615 0.098431
0.851972 0.0910115
0.852044 0.305453
0.855415 0.96151
0.855485 0.144575
0.855865 0.520836
0.855885 0.8663
0.856126 0.91834
0.856183 0.864243
0.856685 0.300615
0.857476 0.600246
0.857845 0.793667
0.857937 0.339781
0.858498 0.771738
0.858732 0.703612
0.858763 0.22369
0.859344 0.990968
0.859864 0.742179
0.860135 0.297063
0.860247 0.175494
0.860487 0.199484
0.860527 0.880245
0.861207 0.310649
0.862127 0.767024
0.862359 0.660706
0.862764 0.47835
0.863072 0.655509
0.863222 0.164666
0.863481 0.533299
0.863928 0.036071
0.86441 0.141803
0.86527 0.5981
0.865444 0.52139
0.865718 0.130957
0.865957 0.143952
0.866012 0.0622744
0.866238 0.861593
0.867468 0.533883
0.867939 0.456368
0.869091 0.806503
0.86926 0.655583
0.869496 0.624436
0.870118 0.0821249
0.871142 0.283044
0.871789 0.164093
0.872645 0.540554
0.873515 0.173775
0.873615 0.840682
0.874901 0.466325
0.875908 0.383054
0.87771 0.67835
0.878593 0.506557
0.878903 0.729954
0.879134 0.597214
0.879355 0.319818
0.88012 0.171265
0.880139 0.494
0.882451 0.360189
0.882679 0.17876
0.882756 0.488534
0.883441 0.987787
0.884177 0.355
0.886121 0.0320487
0.886517 0.687437
0.886565 0.50595
0.887101 0.512739
0.887889 0.75674
0.887941 0.620693
0.888292 0.522464
0.888343 0.379256
0.888914 0.977797
0.889277 0.0745698
0.88949 0.652222
0.88985 0.707351
0.89136 0.0893311
0.89158 0.776756
0.891797 0.435576
0.892148 0.33514
0.892252 0.0724768
0.892301 0.896398
0.893179 0.652047
0.894441 0.86308
0.894936 0.19573
0.896275 0.701354
0.896497 0.433562
0.897118 0.869431
0.89745 0.446971
0.897481 0.965225
0.898147 0.151416
0.898573 0.314336
0.898712 0.6586
0.898821 0.47654
0.901072 0.320307
0.901179 0.109274
0.901183 0.191052
0.901545 0.264807
0.902093 0.473047
0.902192 0.137152
0.902616 0.26494
0.90271 0.838956
0.904531 0.451713
0.904532 0.471843
0.904564 0.00329222
0.905603 0.474934
0.906314 0.427529
0.907248 0.113952
0.907283 0.710831
0.907394 0.56381
0.907589 0.840382
0.908709 0.678421
0.908762 0.567904
0.909129 0.738471
0.909173 0.46594
0.909908 0.826321
0.912264 0.420228
0.912311 0.212625
0.91254 0.0638714
0.91254 0.0662506
0.912936 0.711668
0.913201 0.17514
0.913375 0.0898756
0.915294 0.34653
0.915561 0.83194
0.915606 0.58299
0.915834 0.423373
0.917 0.0143566
0.917238 0.0205107
0.917455 0.663881
0.918023 0.218102
0.918731 0.111498
0.91901 0.808118
0.919615 0.972952
0.919961 0.787381
0.920549 0.669948
0.921519 0.976204
0.92161 0.500914
0.921737 0.639266
0.921792 0.558364
0.921806 0.793405
0.922364 0.178412
0.923482 0.965854
0.923863 0.358487
0.923926 0.430754
0.923991 0.513798
0.925674 0.799878
0.926286 0.0877811
0.927399 0.796662
0.928084 0.308813
0.92988 0.488459
0.93062 0.938107
0.931297 0.302285
0.933132 0.141983
0.933199 0.283107
0.933955 0.984146
0.934093 0.304187
0.934247 0.895287
0.934683 0.220322
0.934898 0.838703
0.934957 0.819136
0.935226 0.342277
0.936969 0.635641
0.93714 0.510579
0.937313 0.417113
0.937966 0.391287
0.939081 0.137414
0.940374 0.869011
0.941958 0.49003
0.942763 0.0138318
0.942845 0.393942
0.943689 0.576653
0.944151 0.35399
0.946343 0.180501
0.946599 0.489645
0.94678 0.524312
0.946971 0.734086
0.947057 0.185338
0.947187 0.36632
0.947408 0.0945986
0.947953 0.254292
0.94829 0.918118
0.948648 0.930045
0.949568 0.390192
0.950929 0.257693
0.950931 0.290446
0.951187 0.605507
0.951495 0.769815
0.952119 0.262753
0.952398 0.950842
0.952584 0.0828772
0.952805 0.798556
0.953632 0.690024
0.954533 0.831701
0.955016 0.960066
0.956186 0.612299
0.956534 0.459998
0.956862 0.982902
0.95694 0.29558
0.957158 0.958845
0.957578 0.0154047
0.95802 0.434693
0.958299 0.131164
0.959111 0.773817
0.959589 0.814136
0.959917 0.317146
0.960798 0.124347
0.960978 0.159679
0.960989 0.347762
0.961223 0.275269
0.962292 0.248839
0.962605 0.509826
0.964435 0.257495
0.964765 0.807064
0.965001 0.768803
0.965821 0.551618
0.96596 0.895381
0.966509 0.11342
0.966659 0.639717
0.968079 0.504125
0.969158 0.643223
0.969762 0.787621
0.970008 0.928968
0.970262 0.186771
0.970319 0.145314
0.970925 0.329705
0.97247 0.304055
0.973178 0.195887
0.973999 0.993549
0.974127 0.145315
0.974259 0.374586
0.975307 0.985521
0.975383 0.254434
0.9754 0.547485
0.976001 0.653425
0.976378 0.980457
0.978077 0.539904
0.978651 0.182829
0.978792 0.559994
0.979041 0.741717
0.979161 0.753266
0.980053 0.756667
0.980307 0.0179056
0.980405 0.666742
0.980607 0.0671425
0.98187 0.283576
0.983192 0.514003
0.983367 0.442012
0.984017 0.369689
0.984188 0.248541
0.984421 0.159135
0.985017 0.183963
0.985313 0.154341
0.985576 0.570409
0.986364 0.823356
0.986684 0.202686
0.987348 0.360318
0.988192 0.548531
0.988964 0.520879
0.989733 0.442144
0.989776 0.162883
0.989981 0.618115
0.991068 0.885816
0.993824 0.201815
0.993907 0.590675
0.995496 0.301259
0.995569 0.527213
0.99659 0.683788
0.997111 0.442231
0.997716 0.613388
0.997731 0.859262
0.998525 0.213122
0.998652 0.337386
0.998758 0.13198
