2.94736e-05 0.49537
0.00144857 0.346152
0.00170829 0.711317
0.00450638 0.738655
0.00514807 0.523596
0.0053194 0.403128
0.0064585 0.548001
0.0069646 0.0540901
0.00747807 0.683875
0.00812481 0.553606
0.0086678 0.67974
0.0108037 0.577879
0.0119412 0.695766
0.0123875 0.196973
0.0128877 0.603973
0.0144518 0.891213
0.0210712 0.143906
0.0216986 0.688983
0.0235412 0.656987
0.0236094 0.802948
0.0254068 0.0118879
0.0280783 0.912308
0.0306625 0.344588
0.0311305 0.209565
0.032066 0.93278
0.032086 0.269728
0.035016 0.513979
0.0353893 0.787487
0.0355666 0.768364
0.0361109 0.916208
0.0364462 0.551006
0.0376991 0.608643
0.041195 0.364327
0.0419013 0.23491
0.0429276 0.484979
0.0435402 0.780701
0.0459345 0.0208943
0.0459849 0.867661
0.0467125 0.0973173
0.0495125 0.156978
0.0517339 0.491123
0.0527925 0.283059
0.0545283 0.457596
0.0550992 0.0528651
0.056111 0.057695
0.0566171 0.563182
0.0567722 0.171194
0.0568132 0.859743
0.0599307 0.255782
0.061398 0.915936
0.0641321 0.8675
0.065358 0.471505
0.0657491 0.045225
0.0664811 0.347949
0.0667558 0.964082
0.0671856 0.18905
0.0676243 0.561036
0.0698201 0.466507
0.0713246 0.75234
0.0721834 0.186708
0.0724425 0.541645
0.0732503 0.117758
0.0738112 0.545363
0.0742353 0.672689
0.0747764 0.76783
0.0749903 0.361284
0.0752132 0.108651
0.0752283 0.36185
0.0768294 0.271091
0.0773734 0.414419
0.0778255 0.0124618
0.0779377 0.898515
0.0782855 0.74385
0.0797493 0.346543
0.0805547 0.883548
0.0818815 0.182674
0.0824354 0.491655
0.0831171 0.948403
0.0836087 0.211507
0.0839192 0.429966
0.0859599 0.728833
0.0889966 0.765198
0.0910677 0.575127
0.0915264 0.283929
0.0917627 0.25596
0.0919488 0.382994
0.0924072 0.0886176
0.09319 0.244376
0.094008 0.992975
0.0950152 0.920167
0.0952398 0.695702
0.0958409 0.797917
0.0963092 0.668849
0.0967868 0.69602
0.0984903 0.326178
0.100296 0.675906
0.101309 0.708629
0.101444 0.977314
0.104529 0.812038
0.105571 0.325668
0.106098 0.190831
0.107132 0.567406
0.109872 0.614781
0.111164 0.326264
0.113651 0.129908
0.113666 0.38295
0.114218 0.663967
0.115498 0.177701
0.115555 0.13129
0.11639 0.168924
0.117088 0.892058
0.11719 0.613499
0.118238 0.22978
0.119784 0.213882
0.121005 0.732634
0.122 0.453742
0.123315 0.549085
0.12502 0.210212
0.1253 0.915809
0.125629 0.445272
0.126918 0.112035
0.128616 0.655852
0.129936 0.838021
0.131393 0.32162
0.133829 0.265827
0.133894 0.352268
0.134017 0.429089
0.134351 0.0340368
0.135879 0.726348
0.137383 0.00269525
0.137835 0.596801
0.139993 0.85583
0.140664 0.147669
0.141295 0.752415
0.141475 0.77326
0.141498 0.163561
0.142194 0.850475
0.142955 0.651386
0.145016 0.279345
0.146475 0.798906
0.147335 0.252856
0.148018 0.746748
0.153289 0.319937
0.153367 0.637553
0.154388 0.806549
0.154657 0.326794
0.155398 0.773366
0.155954 0.123968
0.157042 0.404198
0.159377 0.651695
0.161348 0.770409
0.162843 0.907744
0.163016 0.803289
0.163383 0.973348
0.163407 0.373104
0.163999 0.337574
0.164116 0.293815
0.165171 0.0371172
0.165513 0.769878
0.165604 0.309716
0.165792 0.459884
0.169229 0.226222
0.169832 0.374409
0.170515 0.849025
0.170765 0.0507048
0.170817 0.913844
0.171324 0.435461
0.171374 0.290155
0.171459 0.707894
0.173035 0.205077
0.173091 0.139616
0.175748 0.802294
0.176357 0.0316409
0.178263 0.0698304
0.180898 0.349315
0.180979 0.712887
0.181227 0.878261
0.183339 0.384675
0.18491 0.787088
0.186725 0.280759
0.187843 0.077272
0.189133 0.762873
0.190011 0.51248
0.190443 0.780532
0.191962 0.309061
0.193386 0.243029
0.193586 0.605026
0.195282 0.104366
0.196014 0.412639
0.196295 0.130069
0.196674 0.500467
0.197846 0.191237
0.198907 0.0371197
0.199157 0.238229
0.199399 0.293157
0.200875 0.110174
0.202142 0.393657
0.206053 0.136912
0.20788 0.831744
0.209894 0.696147
0.210728 0.699478
0.211599 0.349244
0.211754 0.942339
0.21425 0.897853
0.214327 0.189102
0.217029 0.602213
0.217469 0.00437696
0.221101 0.0468953
0.221228 0.175746
0.22249 0.388189
0.224831 0.738946
0.226646 0.232289
0.227182 0.246944
0.228457 0.676865
0.22854 0.0710703
0.228883 0.835896
0.233627 0.566469
0.235128 0.788196
0.236586 0.305112
0.237115 0.199632
0.239075 0.138394
0.240239 0.696389
0.241736 0.85419
0.242522 0.05967
0.242695 0.981895
0.242811 0.92145
0.243084 0.505589
0.243157 0.743955
0.246153 0.101492
0.246483 0.639501
0.25188 0.339568
0.25202 0.705949
0.252083 0.766665
0.253126 0.29612
0.254276 0.616585
0.256696 0.293615
0.257332 0.98413
0.257609 0.627264
0.257996 0.132824
0.2601 0.502292
0.260575 0.489791
0.261268 0.132008
0.26157 0.200686
0.261726 0.831966
0.261994 0.340901
0.263143 0.640618
0.265509 0.417076
0.266377 0.999175
0.266395 0.302885
0.26681 0.279858
0.268054 0.176264
0.26828 0.973838
0.268505 0.769525
0.269076 0.362298
0.269871 0.71633
0.270133 0.131537
0.270718 0.954601
0.271369 0.903653
0.271609 0.937105
0.273164 0.0755896
0.273336 0.966525
0.277259 0.892549
0.277835 0.567092
0.278829 0.27661
0.279321 0.547071
0.284411 0.0981538
0.284945 0.0723071
0.285351 0.886876
0.288839 0.512251
0.289202 0.625882
0.289398 0.909185
0.289546 0.40427
0.290073 0.256497
0.29032 0.416095
0.290679 0.44747
0.296252 0.105037
0.297051 0.535939
0.299031 0.817715
0.299135 0.559302
0.299747 0.842947
0.301185 0.0089443
0.301394 0.521098
0.301845 0.11475
0.303293 0.439301
0.303545 0.681507
0.304038 0.960702
0.304478 0.353341
0.306102 0.654316
0.306971 0.267266
0.307375 0.0448865
0.309026 0.801371
0.312968 0.0503582
0.316203 0.418298
0.318066 0.732048
0.319423 0.546055
0.321156 0.668586
0.32485 0.752802
0.324907 0.714498
0.324922 0.962234
0.326921 0.555594
0.327116 0.832377
0.327138 0.205953
0.327416 0.877834
0.327961 0.0339736
0.329657 0.538307
0.330288 0.147013
0.331168 0.937059
0.331666 0.304856
0.33352 0.465209
0.335533 0.299229
0.33738 0.34563
0.337525 0.78853
0.339196 0.873831
0.339213 0.147637
0.339217 0.215413
0.3401 0.0597425
0.34223 0.853267
0.342419 0.0435374
0.343138 0.125565
0.344903 0.790299
0.345408 0.266429
0.345874 0.101454
0.34718 0.0508511
0.347459 0.740983
0.348275 0.458205
0.348588 0.71614
0.34983 0.593599
0.350608 0.676721
0.352218 0.721264
0.354486 0.837952
0.354554 0.986339
0.356167 0.103433
0.35646 0.031447
0.357084 0.508193
0.357349 0.968354
0.359604 0.870772
0.360111 0.388867
0.360177 0.489435
0.360778 0.596666
0.363438 0.309035
0.365403 0.327767
0.365476 0.55988
0.365682 0.0121068
0.36866 0.064994
0.368879 0.756614
0.369064 0.85523
0.369266 0.257267
0.36964 0.538773
0.37037 0.803203
0.370917 0.00283377
0.371709 0.321467
0.37289 0.157212
0.373415 0.980152
0.373737 0.400265
0.374156 0.44172
0.375481 0.704939
0.375843 0.785535
0.376191 0.649904
0.376612 0.724675
0.377589 0.144742
0.377727 0.449577
0.379428 0.0482883
0.379833 0.851477
0.380216 0.287695
0.380859 0.0981654
0.383416 0.0771026
0.384238 0.884102
0.385416 0.679877
0.386632 0.123316
0.386849 0.763995
0.388157 0.748164
0.390061 0.754336
0.392654 0.331529
0.39354 0.233359
0.393813 0.81461
0.395535 0.755036
0.396173 0.478759
0.396456 0.232441
0.397148 0.865713
0.397281 0.105854
0.397343 0.135671
0.398556 0.536872
0.399689 0.566305
0.402193 0.655134
0.402808 0.997657
0.402847 0.652372
0.403397 0.894844
0.405378 0.191804
0.406804 0.162666
0.407783 0.614743
0.40906 0.074796
0.411949 0.631829
0.412284 0.262393
0.413775 0.312378
0.41578 0.0185082
0.415924 0.436747
0.415934 0.602681
0.416977 0.132301
0.419112 0.0174794
0.419207 0.605755
0.420464 0.731779
0.420579 0.674714
0.420969 0.227929
0.421059 0.730459
0.421138 0.0667563
0.422911 0.86302
0.424118 0.153759
0.427825 0.4492
0.42823 0.268958
0.42855 0.634552
0.429489 0.424103
0.430966 0.253158
0.432849 0.896633
0.433226 0.233542
0.43323 0.30358
0.433717 0.480219
0.433821 0.231831
0.440339 0.78235
0.440344 0.86401
0.44405 0.142852
0.44468 0.743176
0.446187 0.0657855
0.448413 0.479149
0.448586 0.376463
0.452399 0.466953
0.452622 0.216966
0.452646 0.61867
0.45307 0.753806
0.4537 0.339566
0.454085 0.801838
0.455146 0.638658
0.455447 0.705645
0.456407 0.840644
0.45927 0.951582
0.459286 0.227595
0.462618 0.216517
0.463752 0.278258
0.464289 0.30113
0.466333 0.663728
0.469539 0.534318
0.469613 0.788775
0.471681 0.544992
0.472128 0.0492283
0.474067 0.644021
0.476162 0.856226
0.476178 0.124553
0.477118 0.921673
0.477379 0.301364
0.477906 0.161064
0.478948 0.672738
0.479552 0.823499
0.47959 0.470701
0.479774 0.569591
0.48165 0.0848618
0.483539 0.835565
0.483638 0.502965
0.484866 0.147746
0.485141 0.761993
0.487184 0.105025
0.490073 0.660923
0.490117 0.393315
0.490336 0.0832993
0.491273 0.828389
0.491341 0.976126
0.492273 0.624466
0.496163 0.0137422
0.499857 0.0981068
0.501319 0.667929
0.503384 0.369095
0.504544 0.867579
0.504905 0.934768
0.505274 0.144092
0.507142 0.536152
0.510126 0.68265
0.511005 0.45234
0.511942 0.207056
0.514909 0.0732058
0.515601 0.70647
0.516935 0.119869
0.520366 0.790067
0.520705 0.490247
0.523643 0.866693
0.524905 0.0781493
0.5284 0.812311
0.529288 0.74529
0.529797 0.306626
0.530193 0.958163
0.530244 0.816872
0.53066 0.810007
0.531816 0.233991
0.53317 0.990631
0.533579 0.86702
0.534712 0.913218
0.537075 0.621139
0.537703 0.177346
0.53773 0.625336
0.53891 0.458772
0.539782 0.11663
0.542037 0.0221704
0.54248 0.452917
0.543281 0.929283
0.544281 0.726283
0.54602 0.955026
0.546459 0.333273
0.548147 0.711531
0.550362 0.931967
0.5523 0.503985
0.552665 0.646894
0.554062 0.116368
0.554426 0.242302
0.554793 0.404589
0.556277 0.345585
0.556791 0.992126
0.560142 0.299433
0.563094 0.915303
0.56335 0.226482
0.563582 0.125838
0.56609 0.275266
0.566844 0.946205
0.567691 0.188397
0.568552 0.661702
0.568561 0.813103
0.56924 0.223237
0.569249 0.372016
0.569326 0.665112
0.570504 0.467854
0.573263 0.825419
0.574814 0.892503
0.574827 0.122951
0.57517 0.887886
0.576269 0.350346
0.576361 0.898018
0.577327 0.133907
0.577339 0.334732
0.577946 0.542219
0.579444 0.712198
0.581579 0.593096
0.581692 0.492751
0.581767 0.76564
0.582001 0.687199
0.583966 0.719306
0.585343 0.858154
0.58649 0.135668
0.586968 0.171174
0.58794 0.502427
0.589325 0.783669
0.589998 0.0904711
0.591256 0.246094
0.591729 0.184639
0.591973 0.297685
0.595018 0.472451
0.595593 0.136523
0.60167 0.269843
0.602373 0.0861267
0.603533 0.57273
0.605203 0.642316
0.605929 0.854183
0.606065 0.130929
0.610371 0.50405
0.610399 0.972247
0.611193 0.320652
0.611851 0.375852
0.611966 0.320697
0.61259 0.803955
0.612732 0.179931
0.61346 0.424105
0.61479 0.768327
0.616012 0.316233
0.616467 0.958643
0.618371 0.962303
0.620341 0.0781989
0.621211 0.689451
0.622257 0.273519
0.623078 0.0635263
0.624267 0.0622164
0.624689 0.145902
0.627167 0.789763
0.628247 0.951901
0.630093 0.964797
0.631611 0.481571
0.631934 0.908109
0.63475 0.251437
0.636043 0.97444
0.636301 0.315861
0.636578 0.962642
0.637941 0.881351
0.640299 0.510124
0.642929 0.711822
0.643262 0.301619
0.645718 0.580488
0.646522 0.093795
0.646547 0.516771
0.647547 0.323406
0.650087 0.00672563
0.650112 0.440095
0.651454 0.98594
0.652961 0.319482
0.654503 0.22856
0.656568 0.933452
0.656999 0.190281
0.657271 0.746433
0.657346 0.0101803
0.657448 0.733711
0.657575 0.868189
0.658983 0.534206
0.659333 0.414259
0.659921 0.286966
0.664885 0.719435
0.664965 0.0739605
0.668195 0.345441
0.668714 0.0706763
0.66977 0.820373
0.669886 0.769523
0.67088 0.475823
0.671242 0.557742
0.671508 0.0407488
0.672264 0.735542
0.67247 0.209574
0.673483 0.223334
0.674335 0.55567
0.674548 0.13074
0.677748 0.911178
0.679642 0.742148
0.679949 0.910205
0.680648 0.643036
0.683495 0.500791
0.683654 0.171242
0.684301 0.0388683
0.684468 0.852589
0.684496 0.315573
0.68705 0.244344
0.687351 0.300358
0.688332 0.795496
0.688987 0.796483
0.690491 0.0909407
0.690679 0.238941
0.691266 0.113659
0.691652 0.588547
0.692101 0.134827
0.694153 0.627593
0.694614 0.382969
0.696469 0.557699
0.697666 0.67117
0.698199 0.637333
0.699417 0.096808
0.699844 0.276265
0.700576 0.572689
0.70126 0.0797291
0.701694 0.370775
0.702019 0.836531
0.70443 0.357049
0.706675 0.0799298
0.707813 0.218533
0.708808 0.928599
0.710767 0.864214
0.711366 0.924472
0.711982 0.280347
0.714824 0.0497426
0.71531 0.220449
0.716864 0.327612
0.717349 0.49064
0.718801 0.89729
0.720362 0.117952
0.720482 0.13865
0.724961 0.414329
0.728574 0.142133
0.72899 0.138101
0.72902 0.643403
0.729934 0.00710562
0.73108 0.25869
0.732326 0.208089
0.734128 0.482958
0.737437 0.10462
0.742254 0.0660074
0.742534 0.770289
0.745527 0.0671401
0.745603 0.353357
0.747467 0.679816
0.747998 0.594161
0.749377 0.773573
0.749391 0.00985128
0.750759 0.00345807
0.750975 0.640372
0.751132 0.270142
0.751438 0.415306
0.753899 0.772729
0.754725 0.667399
0.758269 0.234052
0.758778 0.774374
0.759404 0.309825
0.761243 0.206265
0.763585 0.578099
0.766169 0.996581
0.768372 0.0219052
0.770267 0.876073
0.771883 0.0355861
0.772285 0.793734
0.772639 0.750392
0.773234 0.750159
0.773537 0.829653
0.776623 0.699839
0.776989 0.853494
0.777978 0.476013
0.778289 0.702204
0.779424 0.774753
0.787046 0.886071
0.787803 0.602332
0.788463 0.695475
0.788789 0.177956
0.788813 0.58402
0.790619 0.941183
0.79153 0.246102
0.795966 0.802772
0.797372 0.428797
0.797555 0.498988
0.798386 0.472414
0.799107 0.589684
0.799557 0.149143
0.800719 0.679292
0.804001 0.845076
0.804581 0.598211
0.807051 0.106425
0.8086 0.141672
0.809835 0.897743
0.810753 0.327086
0.812559 0.68061
0.815084 0.117109
0.81554 0.78717
0.815649 0.62074
0.81608 0.854872
0.816553 0.805368
0.817536 0.322333
0.818704 0.958741
0.820464 0.535365
0.820687 0.288735
0.822602 0.472432
0.824131 0.165119
0.825582 0.557924
0.828475 0.179259
0.829401 0.741219
0.829839 0.107054
0.829924 0.536806
0.832773 0.413798
0.834215 0.651328
0.834814 0.720453
0.834916 0.4319
0.838617 0.632267
0.843551 0.560562
0.846357 0.718483
0.846976 0.123664
0.847289 0.383024
0.849038 0.773576
0.84912 0.16757
0.851119 0.764929
0.852112 0.450317
0.852208 0.0549971
0.854856 0.571542
0.854899 0.283405
0.857251 0.821487
0.857947 0.518904
0.858675 0.756966
0.859541 0.312925
0.860576 0.695502
0.861706 0.694773
0.863526 0.28535
0.864686 0.782706
0.865185 0.157767
0.86536 0.100223
0.865859 0.49672
0.866691 0.479538
0.868205 0.928543
0.869165 0.0640906
0.871056 0.834149
0.871207 0.375582
0.872432 0.95837
0.872898 0.794037
0.874135 0.584536
0.875934 0.821487
0.8784 0.262339
0.8793 0.388285
0.88101 0.130305
0.881663 0.115632
0.883793 0.907434
0.884447 0.893442
0.884589 0.285892
0.884869 0.992757
0.885196 0.487909
0.887341 0.542591
0.887394 0.426431
0.887873 0.482434
0.888442 0.0474465
0.889707 0.304812
0.891252 0.270491
0.891311 0.270474
0.891733 0.36179
0.896392 0.663214
0.897274 0.48534
0.898165 0.45187
0.898656 0.711484
0.899666 0.693375
0.899668 0.725283
0.900057 0.250354
0.90166 0.202421
0.905247 0.483981
0.905268 0.837381
0.905709 0.257859
0.906153 0.71185
0.906508 0.679425
0.907173 0.858767
0.908967 0.000877891
0.909412 0.489696
0.909824 0.413552
0.910084 0.783264
0.910714 0.369211
0.911995 0.900868
0.913284 0.55968
0.913943 0.646491
0.913953 0.812691
0.914718 0.657924
0.916566 0.719883
0.917597 0.0496638
0.917678 0.409308
0.918147 0.298397
0.918915 0.20239
0.919394 0.259864
0.919685 0.140427
0.91999 0.27307
0.920854 0.790366
0.921219 0.919924
0.921511 0.827394
0.923594 0.84358
0.923811 0.48832
0.924424 0.791664
0.924794 0.00958954
0.926026 0.711033
0.927759 0.845178
0.92827 0.43796
0.928464 0.690701
0.928874 0.578164
0.930411 0.409667
0.930634 0.168907
0.930716 0.54749
0.931952 0.32049
0.932382 0.545137
0.932842 0.279718
0.934819 0.497177
0.936699 0.103312
0.938581 0.738201
0.940062 0.626431
0.94049 0.816501
0.940714 0.586846
0.945231 0.501744
0.945897 0.695322
0.94594 0.41174
0.946327 0.916933
0.947096 0.835545
0.947716 0.255565
0.947924 0.765809
0.948308 0.213634
0.949667 0.0501494
0.950635 0.330633
0.950788 0.888518
0.951618 0.843177
0.952442 0.686451
0.955172 0.567664
0.955298 0.688782
0.95573 0.954799
0.956917 0.899808
0.956977 0.91776
0.9594 0.638696
0.960434 0.0101368
0.962032 0.874368
0.965055 0.68657
0.968509 0.723324
0.968922 0.677077
0.972387 0.911752
0.972798 0.818633
0.973114 0.124895
0.973434 0.505524
0.973791 0.497823
0.973862 0.698521
0.975161 0.527087
0.975301 0.883606
0.977633 0.0782046
0.977934 0.133335
0.978511 0.83041
0.980409 0.727772
0.981518 0.379958
0.981534 0.647957
0.983333 0.883655
0.983475 0.259616
0.985402 0.653295
0.985793 0.230967
0.986752 0.335334
0.988529 0.202441
0.990438 0.288192
0.990896 0.992149
0.993627 0.88219
0.997663 0.722184
0.999828 0.100643
