0.00240646 0.445401
0.00295613 0.68367
0.00351539 0.0832494
0.00580589 0.579555
0.00645543 0.496441
0.00758627 0.502434
0.00825171 0.686519
0.0085099 0.0259043
0.00861523 0.796206
0.00934571 0.0734153
0.00943994 0.657089
0.009966 0.498491
0.0118925 0.877511
0.0131217 0.536591
0.0140252 0.72085
0.0147653 0.159784
0.0154028 0.874099
0.0160765 0.198026
0.0164643 0.715874
0.0169901 0.553214
0.0175887 0.613534
0.0199746 0.713659
0.0200789 0.466007
0.0201811 0.184505
0.0224106 0.654351
0.0254714 0.0978592
0.0263293 0.515855
0.0264405 0.385238
0.0265801 0.731208
0.0269168 0.390549
0.0278482 0.0441488
0.0285728 0.223192
0.0288457 0.809742
0.0289559 0.662619
0.0290834 0.804877
0.0301132 0.112352
0.0310317 0.549615
0.0319519 0.0156636
0.0324627 0.600612
0.0325337 0.793436
0.0326078 0.0385725
0.0331746 0.565158
0.03351 0.202398
0.034408 0.29606
0.0350237 0.642966
0.0361162 0.00450466
0.0367796 0.154592
0.0369163 0.452273
0.0375718 0.469312
0.037946 0.757816
0.0384886 0.877375
0.0387271 0.88666
0.0392107 0.0149233
0.041198 0.414267
0.0417395 0.515521
0.0419755 0.482989
0.0421642 0.654453
0.042224 0.659132
0.0425805 0.649959
0.0430119 0.90163
0.0437505 0.31426
0.0440044 0.582738
0.044607 0.71013
0.0447985 0.927966
0.0450689 0.472488
0.0465231 0.914223
0.048782 0.878407
0.0502515 0.576604
0.0502793 0.0437135
0.050759 0.106971
0.0514429 0.601395
0.05218 0.988464
0.0537179 0.836121
0.0543185 0.931135
0.0549349 0.290055
0.0550927 0.943147
0.0562676 0.69018
0.0564219 0.283291
0.0566575 0.242589
0.057335 0.629064
0.0599528 0.627222
0.0599695 0.907272
0.0607076 0.312263
0.062107 0.832287
0.0622697 0.566453
0.0623063 0.181606
0.0631631 0.581914
0.0632062 0.307309
0.0638721 0.497811
0.0641368 0.946977
0.0649561 0.716582
0.0649661 0.885029
0.0652432 0.542446
0.0658145 0.144352
0.0660801 0.607809
0.0666109 0.530128
0.0670389 0.722311
0.0673194 0.437307
0.0675256 0.903262
0.0678738 0.755469
0.0681508 0.409991
0.0682418 0.939584
0.0689822 0.384403
0.069173 0.590679
0.0693455 0.48905
0.0704046 0.289446
0.0704392 0.872064
0.0710735 0.533074
0.0721115 0.978027
0.0731569 0.548672
0.075144 0.94588
0.0755211 0.283705
0.07572 0.625361
0.0762481 0.501575
0.0771662 0.932076
0.077176 0.0965707
0.0777671 0.0319586
0.0789035 0.131884
0.0801655 0.341955
0.0803171 0.889204
0.0807168 0.606866
0.0807794 0.658965
0.0812867 0.184777
0.0828055 0.712515
0.0828737 0.857888
0.0830667 0.102122
0.0831775 0.964798
0.0834529 0.592499
0.0834978 0.346851
0.0836429 0.786996
0.0845677 0.328795
0.0846578 0.844427
0.0858668 0.163059
0.0874552 0.858976
0.0885971 0.0510103
0.0886184 0.409427
0.0886272 0.557322
0.088963 0.200815
0.0892894 0.686364
0.0895841 0.640479
0.0900231 0.0174661
0.090454 0.259605
0.0923086 0.430969
0.092984 0.781654
0.0932317 0.944578
0.093379 0.420388
0.094941 0.673708
0.0951862 0.794855
0.0953035 0.765152
0.0964877 0.669346
0.0979914 0.941397
0.0982536 0.348175
0.0982638 0.520222
0.0984227 0.189671
0.098812 0.733737
0.0988169 0.815616
0.100848 0.947759
0.100904 0.899688
0.101437 0.853814
0.101706 0.36714
0.102588 0.202837
0.103183 0.195529
0.103903 0.299542
0.104593 0.897587
0.104827 0.831848
0.105266 0.198011
0.105542 0.843282
0.105986 0.307854
0.106539 0.602552
0.109677 0.342513
0.109995 0.690287
0.11072 0.879082
0.1111 0.264601
0.111871 0.221782
0.112316 0.702844
0.112432 0.651602
0.113482 0.287229
0.113878 0.947125
0.114573 0.634712
0.115366 0.963731
0.115885 0.68186
0.117495 0.742628
0.117857 0.818614
0.118896 0.287047
0.119089 0.529269
0.120226 0.631973
0.121092 0.198998
0.121809 0.241886
0.122253 0.711686
0.123625 0.757769
0.124063 0.127376
0.124297 0.0526285
0.124499 0.463
0.124544 0.203429
0.124669 0.314092
0.125205 0.317774
0.125759 0.626324
0.1268 0.13529
0.126951 0.66327
0.127134 0.733382
0.127602 0.603634
0.129013 0.31981
0.130856 0.301957
0.132216 0.151863
0.133352 0.244753
0.133464 0.132739
0.133767 0.219253
0.13514 0.298261
0.135908 0.210072
0.136138 0.0781144
0.136685 0.258039
0.138048 0.17915
0.138794 0.705817
0.139677 0.551234
0.139787 0.397373
0.14108 0.137798
0.141198 0.121619
0.14173 0.0587296
0.143044 0.138639
0.143605 0.564945
0.144274 0.807423
0.144307 0.364684
0.145979 0.461357
0.146626 0.341748
0.147475 0.608241
0.147649 0.543215
0.147669 0.879812
0.148765 0.299775
0.148943 0.293048
0.150212 0.615388
0.150925 0.592214
0.153171 0.345923
0.153858 0.898552
0.154059 0.27311
0.155785 0.282863
0.155983 0.603317
0.156329 0.416901
0.158196 0.796799
0.160174 0.0455084
0.160304 0.221036
0.160476 0.125706
0.16167 0.17969
0.162014 0.976572
0.162086 0.181277
0.162218 0.394559
0.162362 0.821649
0.163378 0.886202
0.163442 0.97179
0.163464 0.339245
0.165549 0.374809
0.165696 0.859548
0.165779 0.245622
0.167809 0.360186
0.168441 0.987151
0.169028 0.853472
0.169426 0.543296
0.169746 0.92891
0.171761 0.794987
0.172262 0.203865
0.172553 0.0974278
0.172716 0.843904
0.173291 0.501002
0.17348 0.679752
0.175426 0.37711
0.175964 0.424784
0.176358 0.0450005
0.178 0.641671
0.179277 0.108948
0.179672 0.750146
0.180545 0.413029
0.181131 0.261302
0.181456 0.738093
0.181705 0.923886
0.181908 0.319411
0.182624 0.361509
0.182686 0.400146
0.183023 0.0691456
0.183553 0.971054
0.183899 0.790155
0.187458 0.601061
0.187947 0.833071
0.188073 0.947239
0.1887 0.485446
0.189886 0.421893
0.189974 0.896764
0.190255 0.614695
0.190629 0.89873
0.191414 0.0997484
0.192374 0.232251
0.192594 0.922165
0.19267 0.203874
0.193332 0.329707
0.193593 0.717053
0.194841 0.698312
0.195323 0.796366
0.195458 0.0654495
0.196225 0.953069
0.196305 0.292748
0.197314 0.262547
0.197643 0.78542
0.199136 0.881448
0.199155 0.195387
0.199598 0.650622
0.200326 0.876835
0.20127 0.751999
0.201827 0.100049
0.202012 0.208308
0.202176 0.975328
0.204344 0.401974
0.205955 0.488201
0.207186 0.17677
0.207407 0.88175
0.20814 0.210762
0.20867 0.111473
0.210325 0.936876
0.211214 0.870348
0.211893 0.282423
0.211932 0.942077
0.212442 0.518893
0.214284 0.478734
0.216786 0.516629
0.216972 0.644007
0.217232 0.0122164
0.21788 0.901639
0.218635 0.592464
0.218897 0.00158256
0.219951 0.709745
0.219979 0.191184
0.220611 0.805752
0.221087 0.811642
0.221433 0.626682
0.221582 0.136708
0.221606 0.538381
0.221768 0.25543
0.222227 0.962893
0.224435 0.0825566
0.224912 0.0975022
0.226145 0.821016
0.226388 0.909848
0.226724 0.552316
0.227046 0.96857
0.227236 0.158246
0.227452 0.780626
0.227597 0.229489
0.227712 0.151325
0.227951 0.167027
0.228706 0.8588
0.228989 0.613569
0.230814 0.291418
0.231191 0.635184
0.231873 0.0926675
0.232683 0.710409
0.233216 0.656513
0.233399 0.737707
0.233663 0.167605
0.23374 0.462125
0.23382 0.819218
0.23461 0.0958391
0.235259 0.99236
0.237179 0.27391
0.237557 0.612244
0.240086 0.127673
0.24098 0.153378
0.241965 0.703426
0.242205 0.733567
0.242305 0.42087
0.242411 0.197518
0.242883 0.128659
0.243453 0.709513
0.243482 0.199428
0.244562 0.349122
0.244627 0.44015
0.244643 0.709995
0.244672 0.197899
0.246249 0.706007
0.246457 0.198094
0.250567 0.281745
0.250816 0.471529
0.251053 0.44295
0.25126 0.930646
0.253173 0.0727227
0.254341 0.709694
0.255112 0.662961
0.2552 0.141558
0.255224 0.557326
0.255649 0.690357
0.256316 0.898039
0.257076 0.681301
0.258025 0.619562
0.258935 0.922618
0.259334 0.624447
0.260166 0.609246
0.260631 0.42872
0.261069 0.783825
0.261528 0.502628
0.261992 0.296244
0.262952 0.435673
0.263035 0.825613
0.263566 0.756987
0.266778 0.743196
0.267566 0.987933
0.268894 0.301413
0.270159 0.558059
0.270245 0.00452823
0.271161 0.407347
0.271985 0.25491
0.272525 0.323763
0.273305 0.435756
0.273531 0.236954
0.273658 0.367096
0.274598 0.165984
0.275459 0.634029
0.275547 0.111953
0.275873 0.593996
0.275958 0.0293519
0.276602 0.841794
0.276921 0.2175
0.277588 0.423804
0.277951 0.516218
0.278519 0.0698592
0.27978 0.255692
0.283109 0.213935
0.28324 0.418169
0.28365 0.305977
0.284941 0.996368
0.286027 0.263881
0.286084 0.20749
0.286602 0.916408
0.287333 0.209482
0.287588 0.488424
0.287702 0.402723
0.288055 0.334711
0.28822 0.117447
0.288551 0.670687
0.288941 0.233293
0.290121 0.0696017
0.290621 0.472446
0.290922 0.527427
0.291981 0.332206
0.292264 0.0735456
0.292379 0.0138434
0.292651 0.586353
0.294812 0.901583
0.295223 0.808518
0.297393 0.28098
0.298479 0.536166
0.300288 0.946251
0.303336 0.172343
0.304041 0.0223266
0.304173 0.244084
0.304202 0.718769
0.304203 0.735831
0.304665 0.497523
0.304909 0.612009
0.306233 0.865868
0.306813 0.614096
0.308697 0.265279
0.311112 0.85204
0.311435 0.294599
0.311739 0.395224
0.311888 0.898167
0.31219 0.97129
0.312392 0.375252
0.314048 0.203168
0.316666 0.205121
0.317679 0.225572
0.318223 0.371608
0.31831 0.834169
0.318678 0.0216496
0.319554 0.738503
0.320802 0.715215
0.321154 0.630424
0.321606 0.226049
0.32169 0.651434
0.322289 0.703983
0.322329 0.386653
0.323467 0.51376
0.324897 0.545934
0.325256 0.575392
0.325617 0.64111
0.325951 0.260294
0.326685 0.598268
0.327257 0.216485
0.327482 0.989765
0.328117 0.662741
0.329587 0.375535
0.329885 0.370551
0.330065 0.394504
0.330248 0.474751
0.330313 0.573722
0.330447 0.825643
0.331644 0.946072
0.333376 0.0563855
0.333526 0.578128
0.33365 0.658987
0.334525 0.365518
0.335063 0.396991
0.335096 0.950746
0.335246 0.478248
0.335489 0.567472
0.335787 0.566659
0.335845 0.547561
0.336133 0.392162
0.337611 0.228174
0.337999 0.756838
0.33817 0.617493
0.338214 0.368793
0.338251 0.986388
0.338424 0.89386
0.339187 0.709618
0.340233 0.288262
0.340888 0.29663
0.341679 0.606122
0.34181 0.808705
0.342815 0.690175
0.343024 0.198103
0.343065 0.89825
0.343453 0.407817
0.345643 0.230383
0.345882 0.233282
0.346369 0.421808
0.347267 0.512895
0.347592 0.979332
0.34765 0.947125
0.347894 0.0487456
0.347935 0.741207
0.348274 0.443445
0.349321 0.0423824
0.350006 0.55019
0.350079 0.781567
0.35062 0.873061
0.350904 0.650637
0.351479 0.312157
0.351884 0.112841
0.351927 0.838291
0.352198 0.384104
0.352215 0.677985
0.353583 0.67491
0.353613 0.180791
0.353761 0.66009
0.353794 0.211873
0.3552 0.846592
0.355851 0.787622
0.355907 0.73527
0.355988 0.0861482
0.35646 0.025812
0.356522 0.0584075
0.356918 0.72476
0.356984 0.829695
0.357622 0.545294
0.358574 0.555509
0.35896 0.045299
0.362071 0.319466
0.362892 0.120979
0.362944 0.991725
0.363764 0.779996
0.366616 0.723254
0.367267 0.661794
0.367326 0.644207
0.367644 0.987034
0.368096 0.596332
0.368376 0.296786
0.368403 0.745261
0.369285 0.571785
0.369743 0.270076
0.370391 0.159326
0.370913 0.932647
0.370933 0.268375
0.370964 0.783945
0.373017 0.301238
0.373396 0.661768
0.374353 0.742804
0.375339 0.323758
0.376101 0.127683
0.376656 0.464643
0.376713 0.42317
0.376865 0.963554
0.376871 0.0653831
0.377966 0.478842
0.378115 0.98184
0.379256 0.162244
0.38076 0.432166
0.381541 0.564931
0.381787 0.692519
0.383225 0.857686
0.383275 0.696634
0.383851 0.390211
0.384055 0.812995
0.384137 0.184527
0.384439 0.267378
0.384596 0.908324
0.389841 0.0606655
0.391444 0.998927
0.392156 0.965516
0.392263 0.759789
0.392915 0.723382
0.393197 0.460582
0.393485 0.29882
0.394028 0.429187
0.394263 0.371502
0.394503 0.419808
0.395925 0.308181
0.397992 0.0562583
0.398963 0.370082
0.400722 0.93899
0.401417 0.623204
0.401622 0.055896
0.401688 0.162498
0.402181 0.451554
0.402373 0.683218
0.402641 0.18515
0.403849 0.484576
0.405844 0.0264925
0.405959 0.955927
0.406378 0.989955
0.406634 0.293902
0.408683 0.737033
0.40991 0.359344
0.410112 0.759487
0.410216 0.506966
0.411775 0.701942
0.412644 0.312051
0.413382 0.71248
0.414341 0.831278
0.414867 0.663712
0.41556 0.324587
0.415698 0.628068
0.415732 0.214826
0.415916 0.301664
0.416315 0.00512104
0.416398 0.395288
0.41691 0.00844969
0.417378 0.875469
0.418294 0.274297
0.418321 0.722865
0.418545 0.482285
0.418777 0.381476
0.419316 0.443973
0.419322 0.546303
0.420706 0.80592
0.42073 0.215067
0.420871 0.584602
0.42133 0.295274
0.42154 0.818377
0.421993 0.432511
0.4225 0.964028
0.423437 0.703225
0.423759 0.125012
0.42431 0.384617
0.425015 0.219559
0.425757 0.689743
0.425948 0.91193
0.426412 0.712597
0.426674 0.10139
0.428033 0.950209
0.428904 0.582068
0.428925 0.935359
0.429511 0.784727
0.42957 0.782839
0.430226 0.803377
0.430915 0.39081
0.432699 0.364262
0.433527 0.287091
0.433647 0.313041
0.435097 0.668076
0.436266 0.316246
0.437889 0.594548
0.438429 0.674631
0.439447 0.784945
0.439521 0.0346593
0.440111 0.944799
0.441687 0.429123
0.441741 0.341592
0.443266 0.978164
0.443977 0.925711
0.444011 0.487386
0.444237 0.289248
0.444393 0.911059
0.445175 0.0549685
0.44528 0.82905
0.447178 0.720299
0.447365 0.860982
0.448172 0.423164
0.448202 0.930571
0.449173 0.245726
0.452253 0.0209231
0.45252 0.499148
0.452625 0.273699
0.453396 0.228391
0.454105 0.15105
0.45432 0.755876
0.454397 0.0453173
0.455023 0.570187
0.455592 0.135224
0.456858 0.404259
0.457774 0.814724
0.458118 0.581099
0.458775 0.629592
0.459282 0.150012
0.460499 0.610786
0.461332 0.613061
0.461912 0.360608
0.463088 0.12684
0.463211 0.186771
0.4634 0.360622
0.465014 0.48573
0.465015 0.514437
0.465294 0.19506
0.46558 0.00625809
0.466038 0.701825
0.466362 0.151749
0.466883 0.90541
0.46755 0.106345
0.467986 0.43563
0.468712 0.636854
0.469247 0.639166
0.469398 0.175607
0.469929 0.101769
0.47011 0.146226
0.470509 0.841803
0.470537 0.310422
0.470548 0.507341
0.470938 0.0487225
0.470983 0.810917
0.472028 0.374464
0.472337 0.574765
0.472542 0.010275
0.472829 0.83304
0.474725 0.705616
0.475796 0.710562
0.475919 0.764796
0.476292 0.0365667
0.477701 0.712719
0.477821 0.743216
0.478159 0.418226
0.478301 0.810966
0.479647 0.435575
0.481238 0.171697
0.482373 0.246335
0.482513 0.588282
0.482554 0.293579
0.482895 0.0181768
0.483132 0.993119
0.483823 0.613086
0.484949 0.546021
0.485857 0.79999
0.487623 0.47622
0.488651 0.759904
0.488795 0.178346
0.489344 0.39939
0.489894 0.641698
0.490433 0.699053
0.490926 0.986842
0.490995 0.159349
0.491996 0.975932
0.49414 0.0120731
0.494346 0.478599
0.495565 0.964222
0.495681 0.910836
0.495818 0.221055
0.497177 0.0541586
0.498001 0.910197
0.49816 0.582065
0.498268 0.384055
0.49839 0.439088
0.498406 0.717754
0.498554 0.190151
0.49908 0.0310912
0.499535 0.685554
0.500181 0.550699
0.501043 0.0381774
0.501796 0.680354
0.503094 0.509671
0.503625 0.427498
0.503995 0.642434
0.504088 0.213859
0.50412 0.74617
0.504163 0.470124
0.50511 0.381266
0.506502 0.785202
0.506697 0.0644033
0.506952 0.344253
0.507946 0.0496072
0.508368 0.144587
0.508607 0.158638
0.5093 0.805598
0.509715 0.77984
0.511887 0.2922
0.513224 0.757136
0.513388 0.517042
0.513519 0.717144
0.515272 0.184802
0.516063 0.468522
0.516148 0.898329
0.51642 0.478657
0.518174 0.958289
0.519299 0.851434
0.51963 0.429366
0.519811 0.460902
0.520448 0.164378
0.520947 0.55052
0.521751 0.0764505
0.521836 0.493548
0.521863 0.94898
0.522125 0.358638
0.522655 0.260804
0.523177 0.0316755
0.523508 0.593446
0.525272 0.244749
0.525538 0.711923
0.52559 0.585659
0.525747 0.237585
0.526353 0.420639
0.526419 0.529557
0.52645 0.0519279
0.527132 0.509834
0.527295 0.239147
0.527697 0.00872211
0.527835 0.326517
0.52842 0.162948
0.528562 0.544536
0.528966 0.327799
0.529776 0.939937
0.531204 0.953288
0.53128 0.225629
0.532676 0.684302
0.53277 0.270394
0.533023 0.524808
0.533528 0.00223768
0.534296 0.914964
0.535381 0.155914
0.536307 0.714744
0.536937 0.300817
0.538126 0.282563
0.538604 0.310813
0.538993 0.848062
0.541623 0.062869
0.541696 0.28779
0.541703 0.396521
0.541735 0.941518
0.54284 0.516545
0.543035 0.788554
0.543097 0.827254
0.544549 0.239179
0.545341 0.539343
0.546957 0.698566
0.548859 0.670395
0.548956 0.305598
0.549033 0.589052
0.54905 0.89122
0.549746 0.577359
0.549757 0.767861
0.550676 0.206533
0.551402 0.408437
0.552323 0.886953
0.552562 0.904502
0.554285 0.873495
0.555779 0.973991
0.555896 0.95051
0.559155 0.713721
0.559768 0.0188263
0.560083 0.313756
0.560426 0.0788792
0.560789 0.173954
0.560927 0.494762
0.561608 0.945703
0.562141 0.89993
0.562231 0.408416
0.562985 0.0890906
0.563047 0.135124
0.563788 0.582088
0.563862 0.832601
0.564091 0.680294
0.564162 0.877885
0.564164 0.900441
0.565363 0.0593054
0.565905 0.162492
0.565975 0.346348
0.566197 0.0669255
0.56663 0.358887
0.568309 0.570264
0.57069 0.582498
0.571354 0.747549
0.571399 0.497558
0.571422 0.887538
0.571711 0.754163
0.571905 0.0153325
0.572534 0.573958
0.572781 0.72274
0.573667 0.620468
0.574894 0.248179
0.576028 0.295277
0.576389 0.373204
0.576454 0.467628
0.576762 0.640592
0.577794 0.984335
0.582893 0.683908
0.58302 0.820749
0.583259 0.834119
0.583524 0.292473
0.583925 0.0229234
0.585399 0.808448
0.587454 0.341293
0.587921 0.181788
0.588272 0.0955966
0.58878 0.619053
0.589543 0.451997
0.590076 0.400026
0.590098 0.771223
0.590526 0.978526
0.590625 0.640605
0.591009 0.089173
0.591254 0.20636
0.591326 0.416708
0.592537 0.77383
0.59296 0.871791
0.593376 0.87017
0.593487 0.742949
0.59485 0.639556
0.594916 0.750149
0.596573 0.603219
0.59663 0.565424
0.596923 0.476862
0.596963 0.150008
0.597412 0.702024
0.597789 0.0344022
0.598049 0.409147
0.598471 0.502788
0.599518 0.10016
0.599888 0.312231
0.600502 0.64001
0.600714 0.202143
0.600974 0.565578
0.601181 0.0454717
0.602616 0.163242
0.602893 0.823908
0.603546 0.797526
0.603698 0.349142
0.604728 0.669015
0.604833 0.423608
0.606364 0.160944
0.607157 0.480525
0.60762 0.267527
0.60837 0.868311
0.608445 0.134022
0.608548 0.868581
0.608686 0.187925
0.611026 0.514719
0.611641 0.855614
0.612297 0.878954
0.612846 0.105092
0.614967 0.751622
0.616127 0.246372
0.616398 0.804168
0.617012 0.123134
0.617647 0.798497
0.617833 0.911529
0.618628 0.281449
0.61973 0.808296
0.620957 0.431789
0.621553 0.433474
0.622362 0.0458624
0.622785 0.143057
0.623768 0.660977
0.624185 0.676174
0.624602 0.689892
0.624816 0.283002
0.624871 0.206326
0.625839 0.469318
0.627248 0.16477
0.628825 0.667814
0.6295 0.0025337
0.62963 0.195279
0.631617 0.581099
0.631926 0.773018
0.63198 0.682505
0.632254 0.285709
0.633662 0.948596
0.634295 0.591981
0.634414 0.588112
0.634788 0.88513
0.636192 0.472954
0.637473 0.00794477
0.63803 0.378316
0.638363 0.974561
0.638701 0.642543
0.638746 0.411883
0.638869 0.467761
0.63948 0.732005
0.63952 0.413963
0.639655 0.674939
0.64016 0.174501
0.640492 0.741076
0.641276 0.922052
0.641323 0.722556
0.64137 0.50834
0.641437 0.63997
0.642128 0.251344
0.64216 0.779217
0.643277 0.549808
0.643471 0.820378
0.643652 0.867191
0.643688 0.462206
0.644961 0.85907
0.645191 0.717571
0.645878 0.276993
0.646507 0.846583
0.647311 0.355132
0.647521 0.889152
0.647531 0.0592817
0.647558 0.507654
0.648333 0.536368
0.648424 0.0587767
0.650192 0.775039
0.650765 0.411992
0.650948 0.487191
0.651194 0.622645
0.651462 0.127354
0.651479 0.408188
0.652474 0.126909
0.652528 0.0448407
0.653688 0.528125
0.65425 0.974107
0.654862 0.262965
0.655266 0.0613405
0.655282 0.325794
0.655935 0.301102
0.65709 0.719702
0.657263 0.612242
0.658775 0.0359991
0.661036 0.0340393
0.661526 0.270252
0.663461 0.782
0.663971 0.365187
0.66485 0.13756
0.666078 0.767134
0.666728 0.696893
0.667776 0.30941
0.667842 0.42102
0.668718 0.142256
0.668905 0.289975
0.669605 0.0550664
0.669674 0.217024
0.669966 0.111534
0.67057 0.262037
0.670794 0.0305278
0.671018 0.803973
0.671121 0.5237
0.671281 0.214421
0.671686 0.0292871
0.672919 0.749514
0.67375 0.717571
0.674607 0.121112
0.674798 0.337225
0.675268 0.234642
0.675535 0.711638
0.676587 0.4054
0.678403 0.921197
0.678735 0.50661
0.67911 0.808661
0.679254 0.222478
0.679958 0.0592429
0.680214 0.35203
0.680472 0.697731
0.68056 0.168094
0.681386 0.0582094
0.681965 0.793712
0.683972 0.521341
0.68427 0.529661
0.68435 0.872158
0.684646 0.840282
0.686239 0.614526
0.687255 0.691789
0.688001 0.238484
0.688362 0.296149
0.688731 0.507711
0.688992 0.89274
0.689744 0.530002
0.689874 0.720266
0.691382 0.0488385
0.692352 0.352911
0.69243 0.671224
0.692873 0.123782
0.693173 0.162766
0.693183 0.321023
0.693258 0.588191
0.694235 0.00857105
0.69434 0.768315
0.694787 0.280886
0.695041 0.552948
0.695135 0.131441
0.695932 0.530694
0.696274 0.272024
0.696304 0.780785
0.696525 0.496503
0.696677 0.0463026
0.697015 0.735995
0.697408 0.34185
0.698023 0.669675
0.698254 0.555311
0.698716 0.314624
0.699201 0.46315
0.699231 0.982938
0.700107 0.693445
0.701031 0.235221
0.701744 0.216688
0.702785 0.702902
0.703243 0.406202
0.703291 0.214501
0.704421 0.209592
0.705145 0.373782
0.705491 0.185127
0.706091 0.264731
0.707114 0.456588
0.7072 0.91072
0.708395 0.988855
0.708686 0.892005
0.709724 0.333938
0.709738 0.566068
0.709901 0.311934
0.710474 0.940841
0.71142 0.835821
0.711889 0.719292
0.711996 0.520679
0.712202 0.971928
0.713464 0.183502
0.71438 0.589859
0.714976 0.597281
0.715455 0.655827
0.716499 0.193554
0.716569 0.379914
0.717043 0.346869
0.717603 0.756106
0.717654 0.618078
0.718168 0.248537
0.718381 0.827958
0.718629 0.994365
0.719222 0.961911
0.719514 0.872981
0.719569 0.795382
0.721024 0.253474
0.721946 0.753442
0.722389 0.197611
0.722714 0.649287
0.722914 0.0192123
0.722997 0.403744
0.723458 0.157563
0.724863 0.769539
0.725019 0.399309
0.725349 0.93594
0.726188 0.0393239
0.730032 0.653852
0.730163 0.848022
0.732596 0.746428
0.733285 0.313771
0.733492 0.800066
0.734152 0.900205
0.735726 0.346548
0.735836 0.199934
0.736618 0.338217
0.738058 0.545732
0.738498 0.931774
0.739177 0.353335
0.739777 0.428432
0.740873 0.852863
0.743392 0.191643
0.743433 0.873789
0.745316 0.533026
0.746001 0.0419755
0.746466 0.847315
0.747713 0.814299
0.747906 0.062814
0.748159 0.305238
0.748464 0.42773
0.748756 0.335067
0.74876 0.409637
0.748769 0.567315
0.750041 0.939994
0.751649 0.96638
0.75166 0.150433
0.752037 0.485057
0.752622 0.312903
0.753935 0.389158
0.755204 0.707467
0.755403 0.0652147
0.756112 0.978944
0.756233 0.0049175
0.758263 0.1313
0.75844 0.106424
0.758669 0.950454
0.75886 0.157896
0.75912 0.530324
0.761263 0.554108
0.761276 0.75804
0.761728 0.353891
0.762496 0.271877
0.763064 0.816698
0.764562 0.992797
0.764592 0.500549
0.764741 0.000385017
0.764874 0.24055
0.765277 0.0132945
0.766873 0.830482
0.767198 0.298148
0.767668 0.204416
0.76809 0.285355
0.768807 0.342949
0.769227 0.396379
0.769468 0.440365
0.769473 0.540754
0.769852 0.897762
0.770499 0.782856
0.770822 0.211954
0.771124 0.281171
0.771571 0.801209
0.773186 0.937383
0.775063 0.487387
0.775716 0.460849
0.775789 0.689534
0.776747 0.779391
0.77736 0.0952267
0.77812 0.860919
0.778161 0.543488
0.778345 0.652631
0.779764 0.498928
0.779942 0.477801
0.780203 0.864458
0.781179 0.283992
0.78202 0.405901
0.782665 0.246416
0.783464 0.682586
0.783858 0.295093
0.784455 0.327466
0.786346 0.122944
0.786978 0.737794
0.787909 0.387167
0.788211 0.465784
0.788409 0.792962
0.788594 0.904562
0.789233 0.638497
0.789817 0.448804
0.790682 0.992734
0.791942 0.17636
0.793203 0.35504
0.793463 0.733079
0.793643 0.762096
0.793824 0.801129
0.793993 0.647298
0.79528 0.266688
0.795486 0.73017
0.79678 0.483047
0.797969 0.460011
0.798155 0.597485
0.798545 0.143891
0.798845 0.194043
0.801012 0.616134
0.801133 0.641035
0.80294 0.0102202
0.804738 0.22874
0.805344 0.409015
0.805844 0.818362
0.80595 0.596686
0.807499 0.639665
0.807655 0.253039
0.808097 0.678119
0.808414 0.00866645
0.809284 0.639813
0.8095 0.260409
0.809834 0.881941
0.811279 0.15822
0.812633 0.92847
0.812961 0.431221
0.813894 0.118443
0.81446 0.622073
0.816144 0.93643
0.816367 0.682373
0.817022 0.684268
0.817873 0.995238
0.818454 0.764245
0.819421 0.000775777
0.819434 0.220462
0.819993 0.615603
0.820616 0.0969041
0.821261 0.931753
0.821355 0.51311
0.821433 0.831861
0.821451 0.133552
0.821891 0.517074
0.82259 0.270794
0.82274 0.791699
0.823521 0.922507
0.823658 0.223491
0.824104 0.717709
0.82522 0.467052
0.825533 0.740491
0.825575 0.441703
0.825769 0.704485
0.825963 0.963526
0.826082 0.958303
0.826542 0.693745
0.82704 0.0664891
0.82752 0.128917
0.828724 0.356685
0.829002 0.0288711
0.829226 0.807434
0.829425 0.149545
0.829574 0.642994
0.829674 0.337748
0.829727 0.228404
0.830021 0.161881
0.835289 0.709814
0.835501 0.273833
0.836311 0.877652
0.836868 0.237903
0.838303 0.360581
0.838361 0.330089
0.840575 0.547339
0.840738 0.283923
0.842463 0.274955
0.842834 0.508407
0.843206 0.762209
0.843429 0.510014
0.844144 0.529259
0.844524 0.915897
0.844789 0.36457
0.845294 0.858614
0.846112 0.597782
0.846777 0.786563
0.848464 0.141436
0.84947 0.0467932
0.849822 0.959709
0.84988 0.9269
0.850988 0.56064
0.851119 0.748916
0.851775 0.790663
0.852056 0.50317
0.852374 0.851054
0.854282 0.921339
0.854759 0.932904
0.855174 0.905353
0.856692 0.420976
0.857996 0.347035
0.858358 0.418208
0.859315 0.514295
0.859681 0.650286
0.859741 0.673083
0.859884 0.0677324
0.860383 0.463259
0.86078 0.125909
0.861445 0.311184
0.861801 0.28837
0.861912 0.159499
0.862605 0.804815
0.863461 0.187029
0.864139 0.580148
0.864455 0.897399
0.864742 0.723945
0.864922 0.748907
0.86612 0.871833
0.866378 0.210889
0.867097 0.305111
0.867402 0.425442
0.868165 0.254216
0.86854 0.557456
0.868727 0.697873
0.868755 0.169881
0.870125 0.19819
0.870778 0.158731
0.871114 0.817344
0.87223 0.573496
0.873106 0.292823
0.874256 0.613538
0.874541 0.41493
0.875515 0.772472
0.877909 0.0250151
0.87806 0.546053
0.878136 0.825586
0.878144 0.967095
0.878741 0.000633079
0.879175 0.293659
0.879917 0.766512
0.880301 0.226937
0.880609 0.400324
0.88074 0.595879
0.880999 0.94273
0.88188 0.761804
0.882668 0.0050226
0.883548 0.794818
0.883751 0.209259
0.884246 0.517576
0.884498 0.749443
0.884907 0.639058
0.885496 0.537169
0.885854 0.542499
0.886105 0.759065
0.886247 0.15546
0.886483 0.118154
0.886711 0.946892
0.890374 0.520798
0.891267 0.51602
0.892228 0.672643
0.892884 0.703363
0.893426 0.805955
0.893754 0.316071
0.895193 0.515878
0.896165 0.847953
0.896332 0.659553
0.898656 0.715444
0.89879 0.965775
0.899668 0.722183
0.899873 0.170857
0.901399 0.820812
0.901792 0.413206
0.901862 0.587764
0.90275 0.522558
0.90347 0.614721
0.903972 0.0537151
0.904193 0.769613
0.90471 0.461461
0.905216 0.963942
0.907326 0.426591
0.90824 0.782867
0.910422 0.463909
0.912334 0.602268
0.912538 0.0333485
0.91293 0.608688
0.913319 0.156424
0.913407 0.634677
0.914315 0.891691
0.915288 0.237462
0.915481 0.485844
0.916222 0.948523
0.916598 0.262744
0.916619 0.610485
0.916627 0.742148
0.918342 0.579485
0.918429 0.0404885
0.920954 0.47439
0.922141 0.419226
0.923884 0.723289
0.925757 0.190068
0.926205 0.723645
0.926697 0.989105
0.926871 0.91727
0.927821 0.895484
0.927963 0.280977
0.928137 0.204917
0.928397 0.564212
0.929231 0.590811
0.929424 0.826647
0.930375 0.819793
0.931117 0.287927
0.932206 0.591903
0.933633 0.570748
0.933744 0.435122
0.933772 0.908735
0.934948 0.668001
0.935859 0.980872
0.936344 0.132395
0.937079 0.489129
0.937327 0.653743
0.938554 0.284827
0.938694 0.627557
0.939069 0.937802
0.939144 0.191845
0.93949 0.000850004
0.941179 0.386841
0.941816 0.106353
0.942326 0.674333
0.945005 0.701564
0.945568 0.164318
0.94584 0.732499
0.945915 0.997256
0.946425 0.557003
0.948316 0.349985
0.948464 0.839404
0.949015 0.10271
0.949124 0.923765
0.950091 0.181467
0.950436 0.975117
0.952116 0.208861
0.954351 0.778634
0.955338 0.365975
0.955352 0.592759
0.955424 0.805173
0.956877 0.236132
0.957623 0.772011
0.959618 0.306156
0.959888 0.829422
0.960014 0.958398
0.960669 0.956732
0.961147 0.994953
0.961526 0.365141
0.962016 0.59456
0.962803 0.838538
0.962883 0.170828
0.963172 0.03523
0.964749 0.540122
0.964915 0.32652
0.965242 0.817853
0.965812 0.406995
0.965981 0.235797
0.966446 0.0524771
0.967321 0.761363
0.968416 0.172388
0.96903 0.495268
0.969043 0.710876
0.970763 0.612993
0.971535 0.58635
0.971682 0.0536366
0.971852 0.915912
0.973387 0.709489
0.973578 0.932505
0.97378 0.328343
0.973934 0.902843
0.974986 0.588778
0.975223 0.577667
0.975241 0.872588
0.975324 0.266746
0.976321 0.0241534
0.976361 0.695883
0.976707 0.509302
0.978163 0.988182
0.978461 0.998756
0.97857 0.831262
0.979153 0.630838
0.979309 0.247757
0.979654 0.0374782
0.979662 0.184144
0.979771 0.0135112
0.982688 0.0414571
0.983089 0.769466
0.983374 0.5675
0.983558 0.659237
0.983957 0.366145
0.984621 0.527965
0.988285 0.113711
0.988303 0.414533
0.988826 0.189881
0.989182 0.180803
0.989792 0.431773
0.990609 0.161518
0.991835 0.772974
0.992882 0.374329
0.993539 0.404525
0.995052 0.84046
0.995476 0.961595
0.995858 0.377746
0.996283 0.521233
0.999083 0.590771
