2.82088e-05 0.474114
0.00311909 0.422571
0.00394937 0.377144
0.00414209 0.616048
0.00450932 0.788181
0.00588505 0.910109
0.00647061 0.751611
0.00708271 0.0390921
0.00864483 0.293618
0.0131976 0.812007
0.0162 0.273579
0.0166496 0.829782
0.0179335 0.409133
0.0200039 0.205515
0.0207331 0.461797
0.0219787 0.395417
0.0227727 0.741138
0.023602 0.6789
0.0253954 0.819797
0.0268703 0.609462
0.0280003 0.600601
0.0290981 0.0513996
0.0310881 0.498437
0.0330312 0.156201
0.033032 0.169624
0.033172 0.521455
0.0337223 0.771246
0.0345681 0.985865
0.0352739 0.848645
0.0374794 0.91631
0.0376493 0.772489
0.0379984 0.638822
0.0407405 0.726299
0.0411067 0.881058
0.0415051 0.575993
0.0417129 0.0690655
0.042675 0.238415
0.0453329 0.910133
0.0456751 0.661215
0.0459314 0.969115
0.0470614 0.960927
0.0476198 0.345315
0.0479575 0.0221799
0.048462 0.500016
0.0488943 0.766174
0.049456 0.207671
0.0500895 0.85457
0.050335 0.980679
0.0544348 0.885568
0.0546003 0.667857
0.055411 0.292705
0.0557863 0.59989
0.0570742 0.245335
0.0579863 0.5763
0.0595241 0.422407
0.0599645 0.823162
0.0604792 0.473218
0.0631372 0.147574
0.0652325 0.362745
0.0662114 0.815511
0.0667907 0.551232
0.0679116 0.390532
0.0680707 0.0635342
0.0686615 0.993553
0.0714521 0.895168
0.0727444 0.614666
0.0746094 0.959384
0.0749306 0.358374
0.0752538 0.791275
0.0754331 0.804584
0.0755745 0.181303
0.0760535 0.231045
0.0770787 0.462534
0.0776691 0.38432
0.0777565 0.852884
0.0801115 0.433658
0.0823986 0.872855
0.0830474 0.776866
0.0837189 0.0627407
0.0841656 0.571219
0.0844729 0.736215
0.0844868 0.969512
0.0862051 0.848438
0.0890709 0.0150297
0.0895464 0.00705976
0.0898625 0.318965
0.0899807 0.304977
0.0907168 0.677488
0.0913801 0.825995
0.0920199 0.579285
0.0920606 0.262167
0.0922329 0.158229
0.0946317 0.474409
0.0953417 0.407243
0.0957961 0.0447694
0.0966034 0.612814
0.0966696 0.725637
0.100168 0.516259
0.101185 0.611804
0.101361 0.568192
0.103776 0.156979
0.103931 0.760186
0.106556 0.890711
0.106781 0.666449
0.106896 0.60108
0.10811 0.00493375
0.108267 0.640064
0.108315 0.457435
0.109865 0.495084
0.110635 0.435806
0.110712 0.744852
0.113181 0.228734
0.113989 0.814207
0.117225 0.200344
0.120041 0.52254
0.120183 0.917589
0.120634 0.488835
0.121464 0.451664
0.123831 0.232348
0.123892 0.260318
0.124293 0.986871
0.124414 0.0232691
0.125105 0.644778
0.125814 0.563736
0.127443 0.930412
0.127835 0.53129
0.127875 0.189487
0.128927 0.883249
0.130647 0.783307
0.132483 0.636584
0.133752 0.971134
0.134257 0.450653
0.134861 0.607785
0.140535 0.976055
0.140582 0.75805
0.141655 0.788698
0.14275 0.19937
0.142945 0.469588
0.146641 0.591315
0.146818 0.567363
0.14686 0.271
0.147973 0.981673
0.148225 0.223777
0.149465 0.0579161
0.152158 0.326489
0.152696 0.366376
0.153097 0.103604
0.155561 0.507078
0.156227 0.711558
0.158833 0.501691
0.160457 0.794009
0.161116 0.8805
0.161475 0.905059
0.162091 0.260347
0.16225 0.93295
0.162382 0.156187
0.162521 0.489032
0.163071 0.742344
0.16331 0.743278
0.164009 0.50761
0.165096 0.770122
0.166914 0.317803
0.167594 0.760526
0.168469 0.451639
0.170227 0.0123753
0.171524 0.803805
0.173251 0.823818
0.173344 0.398945
0.177089 0.327423
0.177269 0.35899
0.177296 0.814962
0.178449 0.18968
0.181085 0.502277
0.181269 0.584051
0.181849 0.332318
0.182513 0.497072
0.182532 0.820199
0.183867 0.259652
0.184177 0.467702
0.184344 0.276617
0.186232 0.99535
0.187023 0.303692
0.187417 0.914
0.187989 0.528264
0.188629 0.282165
0.189222 0.249124
0.190417 0.337536
0.19107 0.311507
0.191597 0.172616
0.191771 0.0881887
0.195046 0.139903
0.195745 0.88701
0.196809 0.761858
0.197134 0.235558
0.197166 0.766146
0.202697 0.72834
0.204179 0.633709
0.204491 0.87643
0.205712 0.40016
0.205768 0.348896
0.208231 0.73494
0.209963 0.847711
0.212032 0.627916
0.2121 0.771763
0.212495 0.407366
0.213068 0.0257781
0.21322 0.591966
0.213525 0.722644
0.217901 0.267733
0.21904 0.41176
0.221238 0.344232
0.222887 0.0587518
0.223945 0.839159
0.224388 0.288204
0.224622 0.214967
0.226362 0.459111
0.227584 0.00732214
0.227693 0.839898
0.22884 0.112864
0.229952 0.800043
0.231655 0.431922
0.232422 0.310166
0.233765 0.883043
0.233905 0.248344
0.234355 0.805463
0.235848 0.90041
0.235907 0.882847
0.236344 0.240158
0.236411 0.363187
0.238103 0.799588
0.23847 0.957187
0.244529 0.798287
0.244529 0.806857
0.245212 0.270555
0.247623 0.794454
0.248349 0.00566381
0.248937 0.891785
0.249095 0.533004
0.249712 0.909455
0.25048 0.822542
0.251315 0.848319
0.251915 0.929896
0.254634 0.635571
0.256603 0.733091
0.257079 0.730858
0.257388 0.912454
0.259347 0.836675
0.264955 0.0904776
0.265641 0.634591
0.266341 0.387059
0.267417 0.469893
0.267702 0.26496
0.268174 0.204945
0.269013 0.307029
0.26903 0.589538
0.269819 0.843048
0.270858 0.31278
0.272283 0.268936
0.272593 0.475593
0.272964 0.701477
0.273251 0.527185
0.27359 0.233313
0.274018 0.415134
0.275404 0.712826
0.276411 0.632349
0.276786 0.936536
0.277179 0.550139
0.277383 0.969355
0.278847 0.587669
0.281487 0.946277
0.282737 0.963131
0.28417 0.0473425
0.284958 0.287266
0.284989 0.818097
0.28514 0.350476
0.288798 0.826982
0.289053 0.120309
0.2906 0.122043
0.290721 0.149057
0.291034 0.413324
0.293576 0.137708
0.293842 0.597346
0.293959 0.566852
0.29439 0.810939
0.294603 0.400895
0.2962 0.237327
0.29645 0.434562
0.29697 0.168375
0.298635 0.153546
0.299023 0.671957
0.30036 0.152076
0.300409 0.967654
0.300588 0.988656
0.300961 0.252279
0.301181 0.950505
0.301973 0.25995
0.302401 0.454567
0.302763 0.534474
0.303995 0.248964
0.305167 0.945681
0.307653 0.717331
0.308573 0.188873
0.308859 0.993755
0.310273 0.764473
0.310608 0.38293
0.311355 0.939619
0.313726 0.792713
0.314143 0.797587
0.317759 0.583166
0.320373 0.51541
0.320586 0.0913637
0.321081 0.409479
0.321394 0.672353
0.321968 0.321929
0.324722 0.608361
0.325616 0.625966
0.325969 0.562048
0.326795 0.446708
0.327723 0.0442705
0.328401 0.43541
0.328549 0.915806
0.329708 0.409006
0.331027 0.57049
0.332213 0.505919
0.332298 0.940368
0.333579 0.467563
0.333964 0.934093
0.335635 0.0126564
0.336486 0.315871
0.336847 0.392616
0.336917 0.5696
0.337742 0.423158
0.337858 0.372167
0.338028 0.244468
0.338602 0.888777
0.339637 0.276356
0.339767 0.461752
0.339854 0.92706
0.340528 0.246016
0.342677 0.371261
0.342998 0.774735
0.343884 0.652389
0.344594 0.587587
0.345089 0.911439
0.345375 0.712385
0.345857 0.824722
0.347967 0.283966
0.348422 0.936707
0.349907 0.890624
0.351909 0.539151
0.352776 0.104486
0.353381 0.270048
0.353994 0.575553
0.354857 0.080734
0.35717 0.959945
0.35784 0.211541
0.357887 0.0121233
0.359017 0.00587625
0.359209 0.232274
0.359429 0.927228
0.360365 0.647876
0.360486 0.693305
0.361493 0.616271
0.362019 0.451154
0.363387 0.436927
0.364068 0.892172
0.365616 0.90077
0.366061 0.393775
0.366543 0.487149
0.368716 0.00985593
0.371629 0.97307
0.374609 0.0584678
0.377277 0.890971
0.377416 0.224168
0.379628 0.410763
0.38075 0.265277
0.381937 0.222338
0.382513 0.892052
0.383258 0.41454
0.383315 0.369334
0.384415 0.86947
0.38458 0.634581
0.384728 0.127976
0.385025 0.117255
0.385687 0.239927
0.386433 0.782897
0.387254 0.574235
0.388657 0.150359
0.389009 0.0721966
0.390711 0.684933
0.391805 0.0605749
0.395582 0.538816
0.395999 0.553465
0.396349 0.4441
0.397102 0.0990962
0.397389 0.91481
0.401645 0.454336
0.401807 0.178445
0.403445 0.705335
0.404486 0.202178
0.404611 0.292695
0.405077 0.128965
0.407553 0.740784
0.408538 0.290291
0.409427 0.238547
0.412609 0.718273
0.412882 0.314433
0.423856 0.746574
0.425021 0.32559
0.426219 0.471134
0.427132 0.799478
0.427399 0.293575
0.427668 0.814813
0.431482 0.917325
0.433193 0.680773
0.433231 0.311054
0.435039 0.707068
0.435795 0.405517
0.43641 0.743736
0.437328 0.166144
0.437824 0.507982
0.439028 0.744859
0.439538 0.30794
0.439728 0.506515
0.439781 0.398338
0.440861 0.548314
0.441397 0.562217
0.441403 0.659483
0.441592 0.844487
0.444697 0.0245423
0.445896 0.172019
0.446527 0.773541
0.447059 0.726234
0.447907 0.965859
0.447946 0.630052
0.448577 0.227496
0.449134 0.601749
0.449986 0.910747
0.451573 0.582051
0.451959 0.0774987
0.453003 0.623358
0.453063 0.630455
0.453742 0.0353845
0.455733 0.508742
0.460616 0.570901
0.461249 0.216516
0.462639 0.569298
0.465352 0.176041
0.467983 0.388469
0.469266 0.961331
0.469982 0.989334
0.470103 0.0205661
0.470161 0.998901
0.471597 0.138821
0.474489 0.73785
0.474689 0.101945
0.475434 0.618321
0.4774 0.667184
0.478895 0.786785
0.479901 0.70169
0.481865 0.713143
0.481983 0.681365
0.483507 0.303106
0.483718 0.844116
0.484277 0.250824
0.485971 0.715118
0.486268 0.713984
0.487493 0.287099
0.487868 0.589666
0.490507 0.953323
0.492105 0.801651
0.492441 0.450866
0.492664 0.202295
0.495035 0.0456363
0.495633 0.1121
0.496228 0.0958708
0.497307 0.234679
0.497497 0.440297
0.498113 0.792682
0.500391 0.0652399
0.500621 0.942447
0.503407 0.765368
0.504603 0.867397
0.505091 0.0593049
0.508039 0.610498
0.509061 0.788894
0.509088 0.249475
0.509701 0.536463
0.512592 0.137418
0.512596 0.207933
0.513284 0.756164
0.516721 0.526485
0.518284 0.799896
0.518367 0.188075
0.51921 0.35396
0.520323 0.0721386
0.520972 0.98407
0.52293 0.880546
0.52399 0.70615
0.525703 0.496248
0.526685 0.986565
0.528047 0.882224
0.530936 0.441496
0.531418 0.538572
0.531863 0.0260355
0.533811 0.757367
0.535083 0.13414
0.536243 0.641381
0.536415 0.531644
0.540136 0.0645768
0.541373 0.855875
0.541662 0.719141
0.542502 0.838647
0.543127 0.34374
0.543279 0.888014
0.543525 0.0305899
0.544043 0.736635
0.544694 0.669956
0.545632 0.43361
0.547178 0.414377
0.547198 0.752742
0.547364 0.541873
0.547773 0.42651
0.548225 0.0250071
0.549669 0.292989
0.550186 0.973036
0.550313 0.118901
0.550348 0.692261
0.550449 0.392931
0.551978 0.0973726
0.554661 0.184929
0.554869 0.675576
0.555283 0.638016
0.556643 0.49326
0.557139 0.828485
0.55823 0.169495
0.558272 0.873868
0.558503 0.754612
0.559174 0.0449561
0.559501 0.538175
0.562571 0.133593
0.562718 0.594281
0.563263 0.757809
0.566342 0.506475
0.570192 0.210506
0.571855 0.163675
0.573256 0.717501
0.574845 0.422169
0.576406 0.647604
0.576841 0.967623
0.576885 0.702488
0.577896 0.69791
0.578887 0.358364
0.580118 0.0495549
0.581479 0.913181
0.582653 0.650017
0.587935 0.416611
0.588003 0.561319
0.588946 0.411642
0.589758 0.0654085
0.590828 0.0537783
0.590868 0.711945
0.591471 0.857056
0.592351 0.645841
0.592797 0.137759
0.593262 0.958548
0.594764 0.206352
0.595686 0.697421
0.595715 0.177554
0.598731 0.879051
0.601126 0.133089
0.604826 0.303106
0.605464 0.0337544
0.606103 0.781449
0.606919 0.487785
0.607608 0.069716
0.608388 0.17123
0.60955 0.705652
0.610518 0.981816
0.612413 0.823618
0.613593 0.664725
0.6136 0.768103
0.6209 0.461303
0.621406 0.974898
0.622678 0.354669
0.622794 0.301556
0.624351 0.468333
0.624638 0.290997
0.627543 0.119057
0.628285 0.591676
0.630036 0.0180337
0.631055 0.137841
0.631248 0.386543
0.631307 0.380563
0.632541 0.113194
0.634522 0.415686
0.634961 0.791687
0.635014 0.679769
0.635042 0.155628
0.638055 0.790272
0.641765 0.146204
0.643399 0.605991
0.644239 0.717632
0.645227 0.335095
0.646509 0.872786
0.648504 0.406008
0.648572 0.55729
0.649028 0.217334
0.649107 0.546243
0.649442 0.163675
0.651136 0.650109
0.65274 0.600478
0.653074 0.21884
0.653166 0.753826
0.65333 0.523156
0.653466 0.802562
0.653876 0.690839
0.655329 0.117407
0.656268 0.904517
0.656316 0.695301
0.65648 0.459496
0.661649 0.342127
0.661969 0.706712
0.66361 0.297371
0.66363 0.624623
0.665615 0.987629
0.665723 0.810054
0.665935 0.376155
0.668117 0.0347587
0.668292 0.985621
0.668554 0.391687
0.668737 0.46241
0.669077 0.181404
0.670206 0.152711
0.672318 0.641374
0.673142 0.497077
0.675074 0.975719
0.675466 0.558853
0.677533 0.299934
0.677705 0.191488
0.677774 0.354236
0.680472 0.694084
0.680571 0.35473
0.680621 0.193091
0.684524 0.802045
0.685432 0.0600605
0.685718 0.869537
0.68765 0.330092
0.688587 0.0792043
0.68981 0.635414
0.690368 0.0131492
0.690507 0.351402
0.691933 0.317334
0.692675 0.786329
0.69327 0.78133
0.694071 0.252304
0.695654 0.850987
0.695656 0.888882
0.696522 0.451493
0.696543 0.792504
0.696959 0.796486
0.698427 0.469702
0.699235 0.0372612
0.700011 0.0767202
0.701128 0.857416
0.701297 0.691368
0.702025 0.940113
0.704279 0.809081
0.704407 0.975052
0.704553 0.419399
0.704778 0.200733
0.706194 0.9972
0.707768 0.457716
0.707956 0.614842
0.708012 0.558538
0.709338 0.845228
0.709374 0.450159
0.709968 0.43267
0.710788 0.207166
0.711298 0.776931
0.711423 0.891005
0.712672 0.871952
0.715293 0.926044
0.71565 0.927695
0.71693 0.440999
0.71744 0.018332
0.717693 0.261069
0.718161 0.134679
0.718546 0.595166
0.720353 0.976138
0.721387 0.355538
0.722384 0.103804
0.722884 0.505396
0.724119 0.263517
0.724404 0.0497021
0.724485 0.422056
0.730955 0.152333
0.731059 0.90972
0.733454 0.158851
0.733745 0.0540184
0.73386 0.98984
0.734958 0.441953
0.736116 0.908231
0.73695 0.917134
0.737022 0.136357
0.737165 0.535813
0.745646 0.0679748
0.745955 0.271556
0.746581 0.788685
0.746943 0.862785
0.746988 0.632008
0.747826 0.712726
0.748803 0.136542
0.749236 0.41116
0.753577 0.369451
0.754016 0.754069
0.754506 0.975098
0.754572 0.0837504
0.755745 0.813745
0.756456 0.751494
0.756817 0.825039
0.757913 0.243514
0.75906 0.51526
0.759856 0.904597
0.760171 0.188867
0.760222 0.0570309
0.760943 0.172352
0.762198 0.263087
0.763235 0.692513
0.764278 0.222085
0.764417 0.559438
0.764759 0.306208
0.765981 0.842632
0.7687 0.539472
0.769893 0.592188
0.770107 0.193296
0.771219 0.876279
0.771584 0.0134362
0.772393 0.609812
0.772833 0.999845
0.774166 0.414457
0.775597 0.462127
0.77561 0.682463
0.777591 0.967065
0.77765 0.97053
0.780381 0.860141
0.781475 0.250959
0.782229 0.921123
0.783336 0.520207
0.784006 0.79014
0.78483 0.639026
0.785358 0.518629
0.786322 0.712365
0.788422 0.016287
0.789312 0.959722
0.789544 0.871098
0.790423 0.63581
0.793811 0.580715
0.795579 0.297659
0.797294 0.113607
0.799013 0.0127022
0.808426 0.221434
0.808473 0.00828947
0.808711 0.0111095
0.814318 0.236925
0.814555 0.22745
0.815237 0.685012
0.816131 0.712541
0.816646 0.365625
0.818417 0.141117
0.81881 0.740586
0.819215 0.550083
0.81972 0.0409889
0.820474 0.703233
0.820499 0.134943
0.820747 0.290346
0.820804 0.245758
0.822739 0.78287
0.823975 0.546674
0.826082 0.959712
0.828785 0.389782
0.830039 0.463619
0.832269 0.951059
0.833182 0.286861
0.83538 0.23879
0.83588 0.63801
0.836156 0.277912
0.836996 0.390147
0.837537 0.489562
0.837813 0.115337
0.838685 0.778705
0.838999 0.0600721
0.83909 0.588053
0.839694 0.736546
0.841591 0.616932
0.841745 0.21016
0.842304 0.609262
0.84296 0.635434
0.844808 0.68441
0.845724 0.0795828
0.845788 0.158182
0.846331 0.276794
0.846396 0.372721
0.849361 0.21183
0.851334 0.368651
0.851444 0.222545
0.852242 0.634188
0.853622 0.827022
0.856656 0.815693
0.857272 0.173869
0.857651 0.53378
0.858869 0.0173374
0.861663 0.971992
0.861962 0.988984
0.863099 0.10727
0.864486 0.413267
0.865293 0.986116
0.868113 0.373671
0.868422 0.562914
0.87 0.0837085
0.870267 0.575951
0.872651 0.644644
0.873027 0.962027
0.873027 0.971035
0.873484 0.639476
0.874419 0.364969
0.877578 0.459402
0.879685 0.868636
0.879724 0.51381
0.880636 0.847217
0.881794 0.304714
0.882157 0.414314
0.882306 0.908226
0.882948 0.711425
0.883052 0.44967
0.884146 0.835729
0.88442 0.443081
0.88581 0.816267
0.886985 0.562243
0.888019 0.929019
0.888088 0.0864375
0.888447 0.133803
0.888799 0.0470785
0.889422 0.519269
0.891752 0.678672
0.891953 0.0541384
0.892299 0.877348
0.89443 0.678613
0.89502 0.603553
0.896379 0.442432
0.896447 0.588306
0.896618 0.456663
0.896997 0.836688
0.898874 0.367736
0.900204 0.72729
0.90202 0.258121
0.903088 0.196699
0.903497 0.0663731
0.903803 0.217102
0.904367 0.691995
0.904745 0.0528448
0.906923 0.649448
0.907375 0.25574
0.907741 0.410506
0.90809 0.260913
0.908644 0.572493
0.910254 0.643254
0.912414 0.94406
0.913622 0.240473
0.913789 0.0444186
0.913976 0.202492
0.914882 0.421375
0.915134 0.652639
0.915809 0.00625144
0.91635 0.0931357
0.916576 0.891547
0.91681 0.829032
0.916901 0.350909
0.917686 0.556749
0.918826 0.715176
0.920086 0.88196
0.921533 0.201432
0.922943 0.898426
0.923177 0.840004
0.925522 0.249757
0.926399 0.979681
0.926842 0.435424
0.933691 0.542995
0.933702 0.733473
0.934859 0.169783
0.935696 0.240022
0.935892 0.543588
0.937563 0.613417
0.93764 0.923926
0.937653 0.130856
0.938655 0.966636
0.940284 0.357567
0.941469 0.269619
0.942452 0.789582
0.9434 0.726527
0.945098 0.259364
0.945255 0.892702
0.945683 0.0969692
0.946487 0.605384
0.947185 0.33838
0.947324 0.666865
0.947888 0.158811
0.949671 0.125893
0.951059 0.45007
0.952257 0.58526
0.952891 0.236119
0.953876 0.798368
0.954112 0.759097
0.955298 0.689721
0.958864 0.629121
0.96057 0.294677
0.961536 0.53945
0.962786 0.551185
0.965844 0.937497
0.966266 0.0382527
0.96636 0.618311
0.967609 0.602802
0.968217 0.825128
0.968956 0.246915
0.969386 0.476179
0.973623 0.680612
0.975483 0.945055
0.976033 0.18158
0.976574 0.287232
0.977214 0.0429012
0.978473 0.203737
0.981395 0.305524
0.983944 0.154239
0.983956 0.343809
0.984175 0.025067
0.985338 0.583187
0.985884 0.74522
0.987894 0.538724
0.99006 0.936929
0.990126 0.0394841
0.992035 0.134211
0.992431 0.7901
0.992819 0.304621
0.99328 0.0554504
0.993966 0.593139
0.995461 0.718664
0.996373 0.0352679
0.997178 0.565581
0.999121 0.229442
0.999164 0.950337
