0.000197201 0.314358
0.000221003 0.714403
0.000806983 0.562965
0.000812708 0.659198
0.00190012 0.935351
0.00234829 0.467652
0.00248684 0.796349
0.0040782 0.542356
0.00410547 0.000621077
0.00553882 0.0909292
0.00557562 0.7094
0.00662442 0.336583
0.00696396 0.0433288
0.00764021 0.408962
0.00768242 0.118517
0.00810876 0.284027
0.00836281 0.553773
0.00933213 0.845057
0.010168 0.894259
0.0102657 0.536443
0.0117005 0.649565
0.0133094 0.690719
0.0136326 0.123276
0.0143308 0.858572
0.0147481 0.87215
0.0152452 0.226251
0.0158818 0.925806
0.0160083 0.0514631
0.016059 0.903677
0.0178215 0.52531
0.0182622 0.93271
0.0191447 0.765159
0.0191652 0.108839
0.019503 0.786337
0.0196979 0.0624869
0.01973 0.602311
0.0210152 0.201681
0.0213335 0.552687
0.0222623 0.162584
0.0231941 0.82365
0.0233881 0.0843032
0.0245442 0.514752
0.0264502 0.548465
0.0273131 0.0514001
0.0306372 0.919053
0.0318483 0.273725
0.032602 0.941526
0.0331917 0.85356
0.0332819 0.369543
0.0341954 0.722234
0.0343001 0.482627
0.0347434 0.931773
0.034942 0.270745
0.0355259 0.083392
0.0360158 0.317554
0.0362399 0.0848162
0.0364433 0.502693
0.0372076 0.347792
0.0375651 0.357497
0.0375929 0.823776
0.0382218 0.39418
0.0391993 0.822559
0.0395279 0.345855
0.0409691 0.567481
0.0409926 0.962486
0.0413088 0.277045
0.0436075 0.911901
0.0447816 0.644455
0.04489 0.466943
0.045145 0.751606
0.0454343 0.61492
0.0455425 0.433189
0.0456086 0.544064
0.0458733 0.992916
0.0462194 0.809357
0.0463375 0.794351
0.0463583 0.144495
0.0469875 0.719305
0.047131 0.130265
0.0471504 0.457548
0.0492211 0.258743
0.0504673 0.203594
0.0510072 0.278724
0.0514818 0.254929
0.0519772 0.580558
0.0524293 0.178874
0.0525731 0.595571
0.0528483 0.22184
0.0528888 0.90199
0.0535572 0.13643
0.0537287 0.0181073
0.0545467 0.766025
0.0549602 0.716099
0.0550514 0.24833
0.0555959 0.399477
0.0575676 0.538461
0.0590552 0.541073
0.0595987 0.675111
0.0599793 0.0714462
0.0613148 0.518444
0.0616216 0.673501
0.0635759 0.519638
0.0640185 0.958594
0.0647026 0.456556
0.0650908 0.981298
0.0653859 0.941087
0.0654592 0.172465
0.0654689 0.336584
0.0657023 0.25934
0.0662017 0.652112
0.0673237 0.509208
0.0678734 0.748527
0.0680392 0.535591
0.0690477 0.484
0.0696174 0.0593832
0.0703684 0.682237
0.0709937 0.190452
0.0713426 0.0552517
0.072436 0.432459
0.0729268 0.680082
0.0729518 0.100147
0.0740858 0.160276
0.0750671 0.653277
0.0751319 0.741338
0.0763923 0.925057
0.0772861 0.946803
0.0778408 0.269589
0.0789763 0.354214
0.0795338 0.725125
0.0797061 0.621078
0.0799734 0.112881
0.0805242 0.369488
0.0810114 0.558485
0.0813315 0.939231
0.0815616 0.805348
0.081696 0.065384
0.0818207 0.160041
0.0830519 0.852985
0.0838422 0.136502
0.0841233 0.860146
0.0842363 0.760028
0.08444 0.183611
0.0847966 0.175839
0.085699 0.343633
0.0860682 0.548096
0.0867212 0.523601
0.088475 0.998467
0.0885938 0.996187
0.0899548 0.870903
0.0902821 0.370986
0.0908343 0.652402
0.0909928 0.31653
0.0914914 0.695863
0.0920585 0.227567
0.0925862 0.0954617
0.0929888 0.863025
0.0933209 0.445136
0.0935638 0.526869
0.0962043 0.90639
0.0974101 0.171944
0.0977782 0.35782
0.0983648 0.217245
0.0984651 0.902145
0.100139 0.0333483
0.101302 0.585763
0.101767 0.396018
0.102855 0.686298
0.10339 0.68346
0.103463 0.899122
0.10347 0.0211826
0.105251 0.954517
0.105296 0.709143
0.105658 0.797558
0.108327 0.647083
0.108581 0.923341
0.108691 0.763125
0.108695 0.84041
0.109237 0.953842
0.109688 0.527278
0.110133 0.0126056
0.110561 0.19218
0.11059 0.682635
0.110721 0.891159
0.110987 0.364516
0.11245 0.942344
0.112626 0.909954
0.113152 0.752085
0.113594 0.169557
0.113888 0.117693
0.116555 0.93949
0.118063 0.293123
0.118142 0.605926
0.118172 0.110914
0.118325 0.686627
0.118991 0.87778
0.119422 0.133708
0.119953 0.0463385
0.120281 0.565541
0.120282 0.574213
0.120534 0.807504
0.120966 0.0823565
0.123151 0.803924
0.123933 0.93517
0.124306 0.203169
0.125307 0.0328288
0.125427 0.0595062
0.126257 0.997589
0.127254 0.750245
0.127627 0.0225012
0.128428 0.488349
0.128957 0.388504
0.129103 0.831716
0.129289 0.968298
0.129405 0.905152
0.129734 0.434537
0.129906 0.333479
0.131958 0.822167
0.132438 0.880815
0.132517 0.208496
0.13273 0.785343
0.133017 0.613813
0.133327 0.834424
0.13393 0.961339
0.13428 0.851551
0.13479 0.419421
0.135338 0.623819
0.135978 0.380044
0.136602 0.86482
0.1372 0.918049
0.137854 0.913394
0.138264 0.808401
0.138628 0.922025
0.138634 0.0170602
0.138647 0.233436
0.139353 0.101115
0.140108 0.799618
0.140239 0.997764
0.144291 0.0987281
0.144426 0.370426
0.144605 0.375885
0.144816 0.919461
0.145107 0.809173
0.145385 0.481797
0.145579 0.752453
0.146371 0.060591
0.146983 0.338398
0.147698 0.353965
0.147757 0.357994
0.147867 0.206629
0.147923 0.141356
0.148379 0.813648
0.148705 0.281251
0.148961 0.589683
0.149616 0.590279
0.149885 0.112793
0.149981 0.736342
0.151365 0.99189
0.15369 0.0702115
0.154101 0.982249
0.156849 0.156341
0.157208 0.187842
0.158191 0.717956
0.159646 0.163816
0.160433 0.405602
0.160808 0.69427
0.16144 0.314301
0.162432 0.990361
0.162978 0.172038
0.163077 0.837082
0.163463 0.328422
0.163509 0.0932849
0.163707 0.423468
0.163836 0.583381
0.163986 0.109178
0.164132 0.569498
0.164305 0.468644
0.164331 0.918777
0.164815 0.0382521
0.165298 0.163957
0.165985 0.714566
0.166176 0.919143
0.166581 0.734479
0.167073 0.989052
0.167536 0.776978
0.169343 0.154608
0.16942 0.443744
0.170733 0.514857
0.170891 0.165429
0.171054 0.900236
0.171232 0.891349
0.172148 0.288893
0.173043 0.334212
0.173527 0.463219
0.174074 0.665049
0.174083 0.80475
0.174251 0.640204
0.175487 0.402419
0.17556 0.636262
0.175582 0.0123661
0.177483 0.965193
0.177863 0.349452
0.178294 0.59084
0.178954 0.679725
0.179665 0.629245
0.181681 0.504839
0.18185 0.356165
0.182314 0.155072
0.18298 0.341943
0.183106 0.469479
0.183322 0.0852535
0.183786 0.893724
0.184134 0.737024
0.184242 0.558698
0.184766 0.369656
0.185592 0.240087
0.185668 0.528151
0.186674 0.435785
0.187453 0.523259
0.187478 0.942995
0.187914 0.263554
0.19106 0.139295
0.191768 0.0509822
0.191863 0.647616
0.191993 0.825429
0.19248 0.0171329
0.193601 0.856362
0.193832 0.735518
0.194257 0.882511
0.194787 0.779277
0.19527 0.907533
0.195321 0.754088
0.195359 0.392594
0.197472 0.906561
0.197732 0.289288
0.198173 0.689026
0.198554 0.100474
0.199034 0.168475
0.201197 0.511723
0.203043 0.544576
0.204081 0.997474
0.20414 0.977648
0.204256 0.936455
0.2045 0.0303432
0.206793 0.565828
0.206988 0.845679
0.209011 0.851935
0.209089 0.154227
0.210307 0.625199
0.210417 0.472786
0.210559 0.867076
0.210588 0.345776
0.212358 0.0973817
0.213216 0.522014
0.213301 0.950006
0.213845 0.0917059
0.214503 0.145952
0.215121 0.532303
0.215377 0.837768
0.215749 0.0945281
0.215801 0.96781
0.216043 0.0424057
0.216721 0.422244
0.216905 0.523333
0.216914 0.666978
0.217079 0.440456
0.217096 0.725837
0.217295 0.0854778
0.218165 0.698929
0.218775 0.957421
0.219482 0.828716
0.219916 0.122626
0.220125 0.642747
0.220176 0.494499
0.220463 0.328456
0.221735 0.706669
0.223084 0.366496
0.223288 0.807735
0.223957 0.047325
0.225065 0.669591
0.225366 0.723086
0.225428 0.772422
0.225431 0.820507
0.226033 0.943838
0.227068 0.326611
0.227566 0.706586
0.227736 0.563156
0.228194 0.251265
0.229218 0.460778
0.229374 0.0945465
0.229746 0.342705
0.229782 0.954203
0.230523 0.398881
0.231426 0.578054
0.232215 0.841136
0.232504 0.698329
0.235667 0.85708
0.236347 0.28901
0.237131 0.469101
0.23842 0.12785
0.238609 0.300285
0.241003 0.532644
0.241457 0.168832
0.241515 0.149758
0.242394 0.912028
0.243065 0.189341
0.243174 0.0257046
0.243178 0.0972611
0.243765 0.954127
0.244069 0.0698803
0.244169 0.7519
0.244255 0.202025
0.244846 0.134172
0.245408 0.576319
0.245451 0.292213
0.246225 0.309641
0.246438 0.883771
0.246918 0.946333
0.246922 0.0174742
0.247324 0.77041
0.247593 0.299499
0.248791 0.4219
0.248873 0.801611
0.24914 0.30135
0.251054 0.45825
0.252082 0.750073
0.252117 0.330884
0.252483 0.482504
0.252947 0.276464
0.253312 0.412682
0.253504 0.641615
0.254287 0.803721
0.255552 0.0549197
0.256702 0.395389
0.256995 0.321212
0.257995 0.128199
0.258171 0.0732692
0.259874 0.708827
0.260521 0.581947
0.260608 0.0370181
0.261015 0.882853
0.261172 0.522499
0.262278 0.103654
0.262295 0.389716
0.263623 0.709621
0.263757 0.971066
0.265028 0.32929
0.265949 0.796919
0.266224 0.422937
0.266599 0.7248
0.267236 0.435875
0.268417 0.277803
0.268801 0.736906
0.269449 0.631768
0.2698 0.52644
0.269915 0.467356
0.270434 0.18907
0.27134 0.411914
0.271776 0.73972
0.272433 0.779526
0.272932 0.166209
0.27358 0.0549813
0.273949 0.254272
0.274716 0.151635
0.275082 0.3045
0.276021 0.0902789
0.276609 0.967713
0.277313 0.796096
0.278988 0.946724
0.279013 0.366476
0.279668 0.384047
0.279679 0.568029
0.279867 0.728184
0.279935 0.865262
0.280064 0.0308495
0.28057 0.540844
0.284159 0.864699
0.285021 0.342879
0.285116 0.939552
0.286027 0.258214
0.286579 0.540993
0.286699 0.54945
0.286968 0.0755336
0.287504 0.0755844
0.288015 0.665385
0.288781 0.548254
0.289061 0.244623
0.289104 0.972006
0.289453 0.830849
0.289533 0.188075
0.290222 0.756036
0.290508 0.562483
0.291956 0.896958
0.292349 0.508604
0.295006 0.169726
0.295222 0.802578
0.295554 0.375179
0.296259 0.229844
0.296821 0.666363
0.297844 0.865686
0.300547 0.300147
0.300775 0.125167
0.301806 0.459793
0.301823 0.747161
0.301946 0.807124
0.302282 0.449819
0.302569 0.278008
0.304421 0.406046
0.304625 0.836727
0.3064 0.672333
0.310062 0.211693
0.310836 0.22484
0.310904 0.358544
0.311818 0.731514
0.311877 0.724257
0.312566 0.295842
0.313583 0.396098
0.315722 0.337009
0.316513 0.634527
0.316773 0.0119636
0.317164 0.571838
0.317184 0.915354
0.318561 0.0480897
0.318779 0.723118
0.319027 0.879781
0.319362 0.520018
0.319465 0.253669
0.320114 0.149422
0.320442 0.670409
0.320809 0.83168
0.321255 0.337622
0.321338 0.726544
0.32285 0.132652
0.323193 0.901524
0.323863 0.173319
0.324346 0.28024
0.324911 0.780075
0.325399 0.987863
0.325522 0.0498526
0.32618 0.109076
0.326444 0.546964
0.326526 0.916414
0.327236 0.847589
0.327363 0.990981
0.328029 0.18092
0.329574 0.148766
0.33135 0.00237367
0.331387 0.622433
0.332141 0.293983
0.33228 0.625943
0.333225 0.519131
0.333251 0.950278
0.333493 0.0114438
0.333813 0.400533
0.333902 0.883293
0.334191 0.751882
0.334304 0.649831
0.33541 0.242107
0.336511 0.737188
0.33675 0.755605
0.336781 0.281929
0.338755 0.447006
0.340177 0.352009
0.34097 0.676551
0.342513 0.617984
0.343472 0.737753
0.343525 0.627048
0.344882 0.429057
0.344983 0.136427
0.346197 0.534755
0.346503 0.676789
0.346639 0.95542
0.346965 0.437197
0.346996 0.953988
0.347197 0.34326
0.34779 0.311088
0.348388 0.348868
0.349178 0.630327
0.349485 0.786777
0.349766 0.515148
0.350172 0.341378
0.351089 0.745708
0.351198 0.587049
0.351605 0.41907
0.351693 0.906793
0.352603 0.201365
0.352908 0.333006
0.353302 0.940144
0.353454 0.504016
0.353969 0.152741
0.354375 0.973109
0.355058 0.452882
0.35573 0.760788
0.356249 0.473321
0.356577 0.982897
0.356909 0.575668
0.356977 0.720509
0.356979 0.740318
0.357243 0.18856
0.358268 0.412043
0.359034 0.291234
0.359768 0.625748
0.359804 0.224387
0.361592 0.277496
0.361847 0.568812
0.362108 0.941694
0.362118 0.110102
0.363466 0.780613
0.364242 0.822975
0.36434 0.466153
0.365727 0.773714
0.368695 0.661191
0.369333 0.380327
0.370324 0.043685
0.370476 0.592013
0.371326 0.874331
0.373033 0.563844
0.374702 0.610648
0.374767 0.706958
0.374797 0.205514
0.374894 0.839894
0.375611 0.88841
0.377329 0.767399
0.377876 0.96595
0.378187 0.194935
0.379932 0.523784
0.379949 0.806183
0.380973 0.0216052
0.381467 0.309949
0.382604 0.418515
0.382924 0.807393
0.384845 0.0878948
0.385233 0.604419
0.386048 0.308447
0.387202 0.711464
0.389479 0.969801
0.389683 0.397618
0.39007 0.906183
0.390198 0.0589123
0.391325 0.0015199
0.392769 0.260964
0.393764 0.998132
0.394612 0.249434
0.396216 0.205789
0.396902 0.732889
0.397389 0.914677
0.397551 0.635045
0.398078 0.493587
0.398691 0.804875
0.39949 0.228679
0.400079 0.127221
0.400133 0.0355022
0.403238 0.221795
0.405019 0.153517
0.405169 0.679893
0.405565 0.322688
0.405614 0.15287
0.406824 0.493072
0.406945 0.528843
0.40697 0.937599
0.407402 0.209822
0.407939 0.231568
0.408032 0.791457
0.408865 0.787361
0.409235 0.0176439
0.409632 0.683136
0.409638 0.787445
0.410482 0.976888
0.411677 0.0503118
0.41175 0.275475
0.412123 0.556778
0.41214 0.840296
0.412505 0.971177
0.41302 0.63402
0.413234 0.222129
0.413731 0.581255
0.4138 0.736333
0.414499 0.478352
0.414647 0.979519
0.415432 0.161559
0.415437 0.242616
0.415456 0.566065
0.415507 0.419608
0.416793 0.0429353
0.417243 0.596767
0.417904 0.713702
0.418798 0.739517
0.419227 0.948785
0.419742 0.609461
0.420653 0.91816
0.420738 0.346347
0.420827 0.844799
0.421073 0.974602
0.421811 0.383804
0.422263 0.976822
0.423065 0.457281
0.423463 0.142261
0.424473 0.124237
0.424513 0.786192
0.42618 0.802034
0.427743 0.0834208
0.428254 0.656371
0.428378 0.754425
0.429277 0.851225
0.429567 0.724783
0.430147 0.473066
0.430652 0.9723
0.430795 0.368484
0.431707 0.694244
0.432435 0.93784
0.432639 0.367097
0.432992 0.298021
0.434595 0.239131
0.434929 0.849143
0.435177 0.0160898
0.435385 0.509468
0.435798 0.455754
0.438443 0.919549
0.438712 0.431138
0.439142 0.66275
0.4404 0.801179
0.440415 0.0489617
0.441374 0.16481
0.441488 0.081073
0.441933 0.575142
0.442357 0.688404
0.44256 0.107448
0.44262 0.106758
0.443052 0.381086
0.443593 0.471343
0.443599 0.56508
0.443776 0.538858
0.445042 0.813434
0.445288 0.948778
0.4453 0.160716
0.448908 0.804488
0.448943 0.377723
0.449488 0.544084
0.450527 0.000886779
0.450556 0.492719
0.451908 0.21551
0.452217 0.41319
0.452243 0.841965
0.452644 0.582622
0.452968 0.0270666
0.453724 0.734828
0.453826 0.46023
0.454375 0.687785
0.454716 0.418355
0.455265 0.632449
0.455439 0.562242
0.456224 0.757845
0.456609 0.228586
0.456897 0.0704941
0.456916 0.381968
0.458616 0.960667
0.459051 0.267421
0.459595 0.417205
0.459891 0.384712
0.461034 0.603911
0.461076 0.309482
0.461302 0.0964738
0.461563 0.495559
0.464361 0.508308
0.465411 0.156583
0.465989 0.885245
0.466679 0.470205
0.467017 0.154575
0.467115 0.79492
0.467659 0.937551
0.468275 0.300462
0.468702 0.467969
0.468965 0.893554
0.469115 0.421377
0.470172 0.183964
0.470541 0.388177
0.470865 0.820851
0.472275 0.532582
0.472703 0.71218
0.473196 0.999202
0.47399 0.353852
0.4748 0.959361
0.476899 0.248155
0.477017 0.231075
0.477516 0.604977
0.477862 0.423523
0.477911 0.252899
0.478756 0.444666
0.478777 0.811057
0.479106 0.33213
0.479179 0.563656
0.479954 0.586351
0.480192 0.586542
0.480593 0.318917
0.481087 0.631195
0.481134 0.417299
0.481451 0.749341
0.482537 0.998486
0.482732 0.283534
0.483295 0.73429
0.483824 0.636495
0.484081 0.941836
0.484637 0.287694
0.486426 0.368298
0.48689 0.155527
0.487081 0.362766
0.487709 0.929475
0.488329 0.343148
0.488354 0.772918
0.4888 0.266878
0.488866 0.378293
0.489351 0.515995
0.489424 0.749869
0.489831 0.583714
0.490161 0.131279
0.492115 0.974364
0.492516 0.708657
0.492519 0.758621
0.493625 0.352931
0.493655 0.860416
0.493927 0.43824
0.494105 0.420893
0.497352 0.994361
0.497358 0.0962057
0.497775 0.0980278
0.497904 0.276185
0.498513 0.511917
0.499277 0.345175
0.499418 0.720494
0.499876 0.407757
0.50077 0.447441
0.501244 0.410615
0.501979 0.764828
0.503522 0.700704
0.504208 0.217284
0.504461 0.478954
0.504832 0.714449
0.505008 0.669725
0.506292 0.251416
0.506614 0.654843
0.509779 0.848389
0.511157 0.0203749
0.511906 0.604637
0.51241 0.0686593
0.513176 0.941495
0.513901 0.138242
0.514038 0.443742
0.515205 0.0481626
0.515291 0.494828
0.517719 0.310721
0.518524 0.831564
0.518932 0.684951
0.520234 0.571706
0.523273 0.656132
0.523418 0.0831599
0.524469 0.755892
0.524635 0.535545
0.52501 0.849992
0.525176 0.639224
0.525668 0.903635
0.52582 0.457583
0.525982 0.180197
0.529338 0.587399
0.5296 0.98423
0.530463 0.494616
0.531043 0.238908
0.531055 0.441658
0.531256 0.813852
0.531278 0.183249
0.531536 0.525366
0.53155 0.76281
0.532625 0.826892
0.534494 0.237047
0.534878 0.702418
0.535574 0.400821
0.536501 0.976493
0.53764 0.109305
0.537959 0.471636
0.53817 0.0201118
0.538369 0.371543
0.538498 0.535331
0.53854 0.248947
0.538921 0.64367
0.540325 0.244352
0.540463 0.56642
0.540534 0.760012
0.540882 0.608188
0.541106 0.368047
0.542797 0.795815
0.542823 0.231556
0.543117 0.159046
0.543213 0.779213
0.544485 0.166356
0.544925 0.552837
0.545513 0.436735
0.545624 0.31007
0.545952 0.823129
0.546999 0.419648
0.547135 0.703344
0.547137 0.740308
0.547536 0.431838
0.547595 0.432979
0.5476 0.520141
0.547899 0.534793
0.548172 0.12755
0.548531 0.157368
0.54984 0.157221
0.550721 0.970472
0.551005 0.740926
0.551568 0.209745
0.551743 0.151575
0.551901 0.805646
0.552091 0.996425
0.5529 0.593537
0.553904 0.466798
0.554015 0.325826
0.554901 0.213389
0.556506 0.204478
0.557052 0.372976
0.557361 0.565811
0.558965 0.527465
0.559883 0.949889
0.561742 0.190564
0.562822 0.356138
0.56356 0.751808
0.564368 0.333188
0.565144 0.381765
0.565537 0.982509
0.566018 0.06005
0.566874 0.451264
0.567535 0.557226
0.56772 0.667903
0.568187 0.523128
0.569686 0.714043
0.571151 0.33375
0.571254 0.0742483
0.571458 0.502261
0.571561 0.22497
0.571566 0.311905
0.57214 0.955878
0.57267 0.860189
0.573258 0.743899
0.574401 0.956978
0.5746 0.309889
0.576 0.837262
0.577581 0.410548
0.578546 0.627905
0.578752 0.0773846
0.579609 0.485863
0.579667 0.464355
0.579901 0.391823
0.580805 0.590476
0.581293 0.791814
0.581458 0.55849
0.581582 0.655245
0.582681 0.125617
0.582777 0.736613
0.58303 0.990472
0.583156 0.107606
0.584304 0.395427
0.585384 0.548065
0.585711 0.0409314
0.585773 0.0897431
0.585828 0.0100459
0.586821 0.705085
0.587836 0.754869
0.589066 0.434101
0.589798 0.74235
0.590806 0.670067
0.59209 0.257463
0.592794 0.092397
0.593125 0.651991
0.59325 0.759656
0.593353 0.485175
0.593426 0.710761
0.593577 0.245503
0.593727 0.769483
0.594031 0.872965
0.59406 0.371794
0.594065 0.442216
0.594176 0.323331
0.594398 0.0441978
0.594414 0.314849
0.594424 0.489056
0.594981 0.839071
0.595083 0.556764
0.595531 0.0924458
0.59679 0.247881
0.599487 0.57656
0.599702 0.196029
0.599738 0.789722
0.599808 0.977115
0.599973 0.746492
0.600333 0.789591
0.602063 0.869406
0.602225 0.588889
0.602588 0.696947
0.602722 0.940658
0.603709 0.530581
0.603845 0.829068
0.604991 0.0792675
0.605327 0.734782
0.606093 0.59742
0.60655 0.289215
0.60749 0.0839939
0.607557 0.218434
0.611345 0.873394
0.612318 0.235327
0.613338 0.365982
0.613768 0.59228
0.613911 0.00023439
0.614568 0.0522104
0.614863 0.00576216
0.614913 0.846408
0.616075 0.368065
0.616126 0.221961
0.616877 0.859309
0.617016 0.192381
0.617497 0.273014
0.617587 0.777578
0.617784 0.102541
0.618653 0.695073
0.618655 0.738658
0.619174 0.45404
0.619633 0.163976
0.621298 0.149202
0.621895 0.187984
0.622714 0.95661
0.623474 0.723289
0.623724 0.925893
0.624496 0.900456
0.624511 0.157708
0.62473 0.831688
0.624941 0.376266
0.625614 0.699614
0.627943 0.836414
0.628716 0.837892
0.628867 0.362577
0.629314 0.878998
0.632465 0.845009
0.63249 0.254406
0.632748 0.600068
0.633241 0.87863
0.633393 0.432061
0.634484 0.765855
0.634582 0.417407
0.634752 0.27638
0.634754 0.310683
0.637312 0.30647
0.638152 0.414761
0.639696 0.368809
0.640111 0.340186
0.641113 0.182643
0.641693 0.927842
0.644639 0.452935
0.645016 0.790008
0.647361 0.187732
0.648452 0.524007
0.649018 0.0443395
0.649134 0.995148
0.650506 0.0630349
0.652894 0.193142
0.652942 0.993976
0.653005 0.0556383
0.653378 0.33097
0.653385 0.438849
0.65417 0.629623
0.654489 0.997855
0.654634 0.429163
0.655123 0.647892
0.655708 0.489011
0.656411 0.294166
0.657755 0.888628
0.658359 0.0439599
0.659131 0.00887281
0.660104 0.375728
0.660629 0.193894
0.660708 0.526928
0.661303 0.513509
0.661643 0.239437
0.661656 0.459608
0.661984 0.969991
0.662771 0.199075
0.663474 0.00721113
0.663617 0.418617
0.666139 0.806429
0.667026 0.711319
0.667749 0.863674
0.667818 0.024771
0.668069 0.232822
0.669303 0.969546
0.669576 0.567092
0.669903 0.0624009
0.669928 0.484227
0.670162 0.415756
0.671238 0.492063
0.671782 0.642795
0.672514 0.937011
0.673612 0.397843
0.674235 0.872366
0.675652 0.67558
0.676591 0.46247
0.676876 0.256505
0.676971 0.854571
0.676988 0.130318
0.677209 0.853376
0.677437 0.680807
0.677886 0.224989
0.677981 0.825301
0.679346 0.772576
0.681027 0.018068
0.681579 0.292089
0.681832 0.543905
0.68238 0.754696
0.682692 0.00339575
0.682998 0.151668
0.683602 0.298673
0.683764 0.0170133
0.683999 0.970394
0.684851 0.299122
0.685499 0.188537
0.686098 0.241853
0.686247 0.747441
0.686657 0.64356
0.686906 0.827193
0.687106 0.182952
0.687563 0.869605
0.687571 0.99993
0.688121 0.246042
0.688662 0.346638
0.688897 0.292451
0.689613 0.320602
0.690999 0.618279
0.692347 0.270625
0.692471 0.364883
0.692556 0.785071
0.692556 0.795277
0.692889 0.389589
0.693502 0.687338
0.69441 0.945784
0.696074 0.917674
0.696811 0.295797
0.697437 0.83045
0.698819 0.051444
0.699947 0.00410847
0.69999 0.729198
0.700172 0.786859
0.700444 0.35785
0.700865 0.444745
0.701124 0.794617
0.702042 0.225822
0.702673 0.824636
0.702687 0.0545121
0.703488 0.517722
0.703722 0.448461
0.704419 0.169608
0.705271 0.490298
0.70561 0.189084
0.70567 0.198506
0.705898 0.0329731
0.706628 0.291243
0.706978 0.180813
0.70914 0.521776
0.709477 0.17477
0.711396 0.430869
0.711473 0.731142
0.712238 0.577689
0.712318 0.935314
0.712483 0.69983
0.712613 0.893428
0.71395 0.351985
0.713973 0.74292
0.714235 0.143821
0.714901 0.34658
0.714958 0.295574
0.715489 0.216054
0.716201 0.193694
0.717124 0.702169
0.718595 0.418407
0.719061 0.263324
0.719088 0.716205
0.719808 0.814708
0.720915 0.417572
0.721999 0.631537
0.723444 0.917426
0.723723 0.618593
0.724376 0.589011
0.724686 0.793038
0.724941 0.0865525
0.725008 0.202139
0.726646 0.747875
0.726774 0.882807
0.727632 0.31327
0.728217 0.137156
0.728241 0.551797
0.72979 0.587591
0.730017 0.392576
0.73102 0.252979
0.733347 0.359366
0.733864 0.0553228
0.734478 0.368771
0.73484 0.459518
0.734846 0.559453
0.736085 0.38521
0.736302 0.0215214
0.736653 0.926196
0.736892 0.937813
0.739462 0.141946
0.741431 0.23135
0.741677 0.357052
0.74256 0.208104
0.742715 0.818402
0.743096 0.212733
0.743945 0.478076
0.744851 0.707564
0.744866 0.958939
0.745326 0.68535
0.745805 0.750103
0.747307 0.983123
0.748607 0.837978
0.749072 0.659158
0.749557 0.796391
0.74998 0.906084
0.750091 0.782041
0.750522 0.0171752
0.75071 0.178074
0.750937 0.992161
0.751074 0.297731
0.751262 0.467449
0.751798 0.465379
0.75199 0.700456
0.753038 0.306148
0.754888 0.40313
0.755364 0.410429
0.755758 0.016292
0.757314 0.176471
0.758447 0.223968
0.759314 0.794265
0.759896 0.575771
0.760112 0.202001
0.760728 0.547749
0.76104 0.807265
0.761492 0.388739
0.763033 0.288387
0.763827 0.647655
0.765296 0.32534
0.765703 0.175432
0.76605 0.996286
0.767708 0.868452
0.767726 0.163107
0.768365 0.918488
0.768693 0.430161
0.770851 0.697001
0.770912 0.717301
0.771643 0.000364874
0.772511 0.590134
0.772653 0.978084
0.773028 0.278695
0.774441 0.0348171
0.774809 0.208179
0.77527 0.965887
0.775863 0.924434
0.776028 0.704016
0.778101 0.537596
0.779584 0.47136
0.780761 0.247586
0.781418 0.291493
0.78247 0.980778
0.78315 0.400875
0.785112 0.377266
0.786586 0.149227
0.786994 0.0138142
0.789326 0.193988
0.789475 0.707388
0.790013 0.751814
0.79029 0.399902
0.790505 0.0199426
0.790995 0.246725
0.791787 0.559363
0.792085 0.572301
0.792733 0.468846
0.793005 0.0315797
0.79309 0.46944
0.793872 0.609742
0.793948 0.878905
0.794022 0.130592
0.795021 0.915861
0.795304 0.673331
0.796744 0.87738
0.796925 0.926564
0.797571 0.77097
0.797659 0.262746
0.799587 0.662615
0.800445 0.0845166
0.801325 0.863691
0.802227 0.025427
0.803686 0.550881
0.804172 0.711397
0.804205 0.279185
0.804443 0.275157
0.804541 0.922662
0.804799 0.253978
0.805501 0.04827
0.807084 0.655491
0.807666 0.445802
0.809038 0.495383
0.809222 0.591706
0.809521 0.613613
0.810242 0.736534
0.810363 0.776368
0.810438 0.0327737
0.811261 0.863643
0.811796 0.851899
0.81207 0.458649
0.812096 0.889459
0.812105 0.0495087
0.812311 0.509507
0.812871 0.927009
0.813448 0.62442
0.813775 0.122202
0.81407 0.068804
0.815383 0.146992
0.815995 0.42494
0.816368 0.69142
0.816657 0.550914
0.817406 0.140302
0.818857 0.527042
0.818991 0.789919
0.819019 0.255447
0.819214 0.529624
0.819702 0.729617
0.820422 0.836564
0.820869 0.341543
0.820991 0.391356
0.821155 0.149971
0.821697 0.263277
0.822414 0.319783
0.822632 0.97854
0.822687 0.902067
0.822709 0.262245
0.822944 0.224923
0.823743 0.65005
0.82387 0.774667
0.824415 0.950889
0.825574 0.419343
0.825835 0.804692
0.826174 0.506437
0.828055 0.118042
0.82867 0.449272
0.829129 0.16997
0.829288 0.845501
0.829406 0.831794
0.829716 0.03892
0.830047 0.597294
0.830622 0.257616
0.830643 0.622059
0.832592 0.368535
0.832724 0.593759
0.833857 0.632835
0.833873 0.901623
0.834678 0.435451
0.834767 0.933379
0.835722 0.984018
0.836358 0.663529
0.836708 0.556644
0.838579 0.00487418
0.838968 0.533311
0.839612 0.363331
0.840137 0.186028
0.841074 0.925678
0.841767 0.570048
0.841953 0.700189
0.841989 0.307085
0.842139 0.82597
0.842158 0.154059
0.842687 0.0372155
0.842969 0.771934
0.844118 0.084776
0.844558 0.479623
0.844561 0.534016
0.845014 0.157189
0.845289 0.766349
0.846141 0.099789
0.847093 0.0956043
0.847127 0.66347
0.847312 0.779586
0.848094 0.918518
0.849619 0.55383
0.851247 0.915145
0.851308 0.941441
0.853033 0.926994
0.853633 0.0144404
0.854298 0.188469
0.854786 0.391889
0.854978 0.614232
0.855465 0.805334
0.855956 0.0467823
0.856184 0.887479
0.856501 0.20736
0.856614 0.103
0.857007 0.715742
0.857344 0.380562
0.857799 0.0311903
0.858654 0.40323
0.858765 0.255403
0.859911 0.531163
0.860272 0.584523
0.860527 0.876371
0.860538 0.0626151
0.861653 0.799366
0.861658 0.878295
0.861864 0.35602
0.862574 0.277654
0.8628 0.0875232
0.863142 0.828595
0.865294 0.989403
0.865927 0.628836
0.867072 0.884843
0.868856 0.858538
0.869756 0.980742
0.870167 0.902133
0.870499 0.482373
0.871351 0.787982
0.87147 0.788707
0.872054 0.603374
0.873053 0.404006
0.87349 0.753506
0.873886 0.399017
0.876131 0.133004
0.876298 0.940338
0.876582 0.707638
0.876792 0.244859
0.87683 0.885526
0.877569 0.301403
0.877621 0.177589
0.878024 0.951382
0.879028 0.820448
0.879342 0.107043
0.879549 0.582381
0.879818 0.104684
0.87989 0.306259
0.880477 0.172517
0.88083 0.101633
0.880849 0.431742
0.880953 0.178102
0.881491 0.227083
0.881571 0.565392
0.881684 0.463929
0.881853 0.298647
0.882023 0.157917
0.882735 0.122299
0.883165 0.357543
0.883684 0.0717826
0.88418 0.416273
0.884392 0.973413
0.887359 0.843961
0.887929 0.422936
0.888288 0.456112
0.888608 0.838752
0.888649 0.529437
0.88892 0.0834607
0.890041 0.926619
0.890418 0.262276
0.892471 0.766288
0.89252 0.58765
0.893235 0.604766
0.893243 0.736312
0.893609 0.883252
0.894066 0.561069
0.894268 0.957423
0.894606 0.643335
0.894965 0.669593
0.897144 0.30111
0.897277 0.535538
0.897539 0.930733
0.897961 0.0247422
0.89801 0.852717
0.898886 0.580755
0.899393 0.098521
0.900259 0.658174
0.900647 0.177336
0.9012 0.471643
0.901717 0.158623
0.902325 0.374344
0.90309 0.233428
0.904107 0.329161
0.905757 0.0630358
0.90622 0.839692
0.906508 0.682054
0.906835 0.184109
0.906991 0.790877
0.907064 0.0178016
0.907327 0.444146
0.907859 0.379222
0.908502 0.186553
0.908754 0.430347
0.908883 0.602165
0.908893 0.756783
0.908913 0.104766
0.909364 0.676372
0.909768 0.466303
0.909905 0.779222
0.911142 0.557215
0.911798 0.591668
0.912367 0.152032
0.912667 0.199461
0.913608 0.00250451
0.913755 0.488222
0.914006 0.703215
0.914653 0.575247
0.915553 0.700426
0.916032 0.74699
0.916313 0.480433
0.918572 0.435099
0.918807 0.386555
0.919093 0.196313
0.919199 0.977125
0.920216 0.072537
0.920352 0.361421
0.920688 0.00670665
0.921939 0.0258848
0.92259 0.976095
0.922643 0.860795
0.922691 0.672562
0.922865 0.590068
0.923424 0.988504
0.924771 0.629118
0.925948 0.402824
0.926163 0.0232944
0.926285 0.0688882
0.927955 0.140556
0.929431 0.943322
0.930169 0.341825
0.930395 0.141974
0.931429 0.532033
0.931732 0.624847
0.931839 0.419747
0.932933 0.809445
0.933577 0.626614
0.935626 0.0701914
0.935675 0.890716
0.938184 0.0535975
0.938327 0.466271
0.938988 0.57239
0.939164 0.534608
0.939181 0.818353
0.939253 0.0328104
0.939395 0.414124
0.939701 0.552511
0.939973 0.125467
0.940097 0.204956
0.940789 0.844129
0.941083 0.788868
0.941365 0.528705
0.941795 0.743647
0.942284 0.964794
0.942654 0.189317
0.943027 0.449466
0.94328 0.711526
0.944234 0.735274
0.944479 0.855677
0.944878 0.560442
0.945103 0.344601
0.94542 0.665984
0.945752 0.261016
0.946154 0.00892761
0.946189 0.593988
0.946336 0.0742269
0.946361 0.488625
0.946827 0.326311
0.949625 0.349431
0.949788 0.0805366
0.950046 0.429916
0.950144 0.0724753
0.951833 0.453246
0.952872 0.927008
0.953139 0.404748
0.953312 0.322286
0.954215 0.487426
0.954994 0.578687
0.955384 0.142374
0.956272 0.0595432
0.956378 0.843486
0.957059 0.288322
0.957159 0.972698
0.957675 0.637115
0.957924 0.828777
0.958228 0.945454
0.959454 0.542274
0.960305 0.843727
0.960828 0.630916
0.961178 0.523766
0.961217 0.176641
0.961607 0.7347
0.96299 0.978328
0.963959 0.250665
0.963964 0.339901
0.963998 0.910827
0.965004 0.821185
0.965655 0.76392
0.965791 0.0415191
0.966574 0.21448
0.966787 0.787766
0.96848 0.235992
0.969423 0.087755
0.970754 0.464401
0.971112 0.473981
0.971464 0.386998
0.972017 0.68773
0.972811 0.0301637
0.972994 0.115178
0.973293 0.133156
0.973403 0.983998
0.973821 0.00242027
0.97386 0.660148
0.974659 0.0943538
0.975351 0.720582
0.975951 0.802957
0.976138 0.955833
0.976986 0.208223
0.977702 0.241344
0.978031 0.758214
0.978489 0.468949
0.978769 0.168034
0.978844 0.439256
0.978962 0.415234
0.979211 0.596792
0.980086 0.298698
0.981045 0.426113
0.981094 0.240126
0.981695 0.354213
0.982823 0.312427
0.983262 0.684601
0.983902 0.445248
0.984121 0.12145
0.984139 0.421537
0.984442 0.513529
0.984913 0.427882
0.987089 0.999927
0.987345 0.309055
0.98807 0.498656
0.988679 0.723041
0.988754 0.993707
0.990423 0.0419115
0.990508 0.461693
0.991568 0.2874
0.991594 0.717067
0.992656 0.566269
0.992857 0.946517
0.994935 0.8651
0.997056 0.514493
