0.00034119 0.734389
0.00191782 0.232816
0.00254846 0.831903
0.00759686 0.680413
0.0089411 0.273091
0.00937934 0.638518
0.00948174 0.359654
0.00977929 0.360595
0.0102689 0.58985
0.0104606 0.81062
0.0137157 0.520471
0.0137968 0.88294
0.0139708 0.807106
0.0149942 0.00762662
0.0161171 0.879468
0.016254 0.180992
0.0162751 0.535253
0.0168438 0.0945601
0.0178596 0.166619
0.0180074 0.650184
0.0182563 0.833809
0.0184593 0.24501
0.0184751 0.511772
0.0189403 0.329055
0.0191224 0.389588
0.0192109 0.877967
0.0199556 0.393459
0.0211572 0.58906
0.0215031 0.403098
0.0216498 0.868404
0.0225574 0.122679
0.0233763 0.885631
0.0237975 0.964253
0.0237981 0.974928
0.0264784 0.0232671
0.0265019 0.417661
0.0277365 0.167518
0.0283083 0.778394
0.0290021 0.438064
0.0298733 0.0798547
0.030656 0.235121
0.0336851 0.145551
0.0360887 0.542921
0.0369937 0.752617
0.0388481 0.920749
0.0391872 0.619496
0.0400072 0.401631
0.0412534 0.345229
0.0434645 0.508087
0.0441361 0.795566
0.0450649 0.405173
0.0462608 0.504902
0.0471067 0.721635
0.0472151 0.544271
0.0474957 0.261012
0.0487421 0.208743
0.0497266 0.754298
0.0497402 0.982821
0.0500318 0.88518
0.0500974 0.986812
0.0501437 0.76563
0.0502267 0.160203
0.0505406 0.436467
0.050642 0.14058
0.0509548 0.396981
0.0509804 0.827447
0.0512672 0.648483
0.0515546 0.478581
0.0517638 0.993803
0.0521699 0.819227
0.0523381 0.646988
0.0524339 0.257287
0.0531192 0.775198
0.0543193 0.945004
0.0544858 0.74304
0.0553731 0.656242
0.055397 0.0580474
0.0573518 0.91223
0.0580864 0.257819
0.05854 0.881462
0.059679 0.0244085
0.0615428 0.349616
0.0616434 0.0398377
0.0626106 0.295856
0.0640895 0.151873
0.064788 0.892428
0.0684606 0.617195
0.0693835 0.128871
0.0709385 0.263724
0.0720511 0.962728
0.073332 0.490245
0.0741439 0.137046
0.0743786 0.0810348
0.0745367 0.738001
0.0748608 0.184622
0.0766527 0.302573
0.0772428 0.219381
0.0775953 0.144764
0.0776416 0.92276
0.078346 0.76185
0.0785521 0.224689
0.0789057 0.168308
0.0828115 0.81371
0.0833847 0.446765
0.0835985 0.0401878
0.0836472 0.858724
0.083915 0.359161
0.0841231 0.85671
0.0851304 0.786681
0.085167 0.402483
0.0883135 0.285151
0.0883496 0.891381
0.0892226 0.56346
0.089954 0.857614
0.0907614 0.426362
0.0913273 0.9385
0.091833 0.437859
0.0918334 0.443987
0.0950004 0.672212
0.0953841 0.120241
0.0966733 0.787395
0.0973444 0.0673689
0.098035 0.674438
0.09836 0.136884
0.098806 0.632378
0.0993477 0.736214
0.0998949 0.933043
0.0999079 0.152698
0.101246 0.64465
0.102379 0.690354
0.102593 0.284959
0.10271 0.248149
0.104643 0.730986
0.105211 0.27522
0.105294 0.679646
0.108148 0.641859
0.109249 0.143795
0.109533 0.919704
0.110906 0.997374
0.111057 0.538706
0.111471 0.494477
0.11209 0.892756
0.113342 0.935672
0.113595 0.18838
0.114537 0.0211169
0.116101 0.311856
0.116647 0.478115
0.117895 0.462255
0.118582 0.00163338
0.119269 0.560085
0.119506 0.540764
0.120189 0.0206628
0.120194 0.100155
0.121272 0.224132
0.122248 0.622912
0.122963 0.638979
0.124398 0.753439
0.128199 0.64712
0.128498 0.669559
0.12901 0.268211
0.129276 0.73695
0.131265 0.16868
0.132648 0.41536
0.133004 0.399128
0.133411 0.239492
0.134231 0.0148883
0.134653 0.106346
0.134679 0.554405
0.13506 0.958637
0.135858 0.363267
0.136089 0.249051
0.136271 0.304388
0.138335 0.994957
0.138462 0.123941
0.138611 0.641168
0.140187 0.125499
0.140739 0.399755
0.140943 0.836705
0.141793 0.118764
0.14439 0.761292
0.144539 0.261981
0.145118 0.00275054
0.146641 0.600472
0.146737 0.214794
0.149057 0.204607
0.149807 0.803504
0.15159 0.771533
0.152794 0.00276019
0.153897 0.539719
0.154022 0.653481
0.154477 0.288769
0.154906 0.513032
0.155791 0.385764
0.156438 0.255581
0.157162 0.425155
0.158663 0.64624
0.158714 0.505309
0.159894 0.33052
0.160395 0.757242
0.162515 0.391273
0.162585 0.558247
0.163769 0.47217
0.16379 0.8197
0.164693 0.995711
0.16563 0.741286
0.165832 0.136944
0.171036 0.602318
0.171456 0.662352
0.172149 0.313656
0.175192 0.444234
0.175245 0.341121
0.179027 0.914366
0.179486 0.619113
0.180644 0.0764848
0.181332 0.652507
0.183527 0.542748
0.184577 0.190021
0.185203 0.710657
0.187055 0.831729
0.187302 0.992563
0.189871 0.167113
0.191349 0.00434625
0.19229 0.811851
0.193148 0.239419
0.193517 0.443906
0.194921 0.036496
0.195434 0.665577
0.197962 0.144816
0.198875 0.490205
0.198921 0.265579
0.200968 0.675918
0.201392 0.796748
0.20172 0.309181
0.201893 0.218759
0.202252 0.247716
0.20455 0.872985
0.205506 0.936115
0.205578 0.146666
0.205661 0.549159
0.206696 0.940197
0.209468 0.534784
0.210191 0.673287
0.210596 0.480201
0.210606 0.657492
0.210879 0.239088
0.211064 0.346587
0.212469 0.96473
0.213059 0.883401
0.213737 0.280637
0.214322 0.112091
0.215045 0.266067
0.216047 0.108844
0.217066 0.22311
0.218069 0.0862745
0.218311 0.153866
0.219246 0.873363
0.220991 0.18868
0.22226 0.523974
0.223446 0.456382
0.225802 0.0618959
0.227264 0.630544
0.227382 0.601067
0.227421 0.272077
0.227535 0.173806
0.22787 0.803947
0.228305 0.120123
0.230012 0.819185
0.232003 0.279183
0.232793 0.548722
0.232912 0.543812
0.234077 0.139624
0.234175 0.785173
0.238561 0.500164
0.239219 0.561508
0.239998 0.650657
0.242266 0.767423
0.242326 0.778152
0.242401 0.0368666
0.243333 0.700617
0.246877 0.253378
0.247677 0.708049
0.247746 0.873779
0.248088 0.616792
0.248526 0.97995
0.251804 0.0764785
0.252134 0.613251
0.253753 0.82038
0.254269 0.493116
0.254416 0.974928
0.254982 0.485235
0.256738 0.999569
0.261881 0.428113
0.261921 0.101768
0.265876 0.570911
0.266129 0.823541
0.266524 0.467815
0.267161 0.167393
0.267678 0.872398
0.268243 0.359186
0.268848 0.525514
0.269736 0.448186
0.271338 0.378104
0.271755 0.383338
0.271846 0.91186
0.27202 0.842248
0.272719 0.589182
0.272734 0.833459
0.272958 0.605988
0.273174 0.229667
0.277005 0.62015
0.277981 0.0208702
0.278203 0.765193
0.278974 0.721364
0.279068 0.301774
0.280021 0.320239
0.280273 0.544584
0.280342 0.706933
0.281573 0.400221
0.281665 0.946187
0.283029 0.862047
0.283219 0.0574988
0.283234 0.319627
0.284313 0.440474
0.286713 0.786331
0.287051 0.459064
0.287102 0.325912
0.292238 0.638086
0.292468 0.504837
0.292692 0.270957
0.292749 0.228466
0.293044 0.198273
0.293853 0.785797
0.294478 0.291852
0.296658 0.932918
0.296706 0.74542
0.297469 0.553852
0.298364 0.604751
0.29845 0.0440359
0.29954 0.36368
0.29973 0.555313
0.300517 0.784311
0.303177 0.498722
0.303233 0.43413
0.303597 0.555313
0.304052 0.208211
0.305217 0.781185
0.307745 0.26289
0.308108 0.377773
0.308383 0.985031
0.311967 0.22325
0.312233 0.706452
0.314929 0.0169508
0.316473 0.957874
0.317884 0.670106
0.318184 0.726739
0.319733 0.74901
0.319813 0.0904182
0.32001 0.408533
0.321499 0.431814
0.321788 0.295801
0.322286 0.655201
0.323402 0.410688
0.323916 0.0606887
0.325447 0.787616
0.327401 0.629589
0.327675 0.232613
0.33151 0.686779
0.331703 0.936898
0.331716 0.15498
0.332024 0.334448
0.333083 0.130962
0.333287 0.55078
0.335366 0.50365
0.335998 0.112153
0.336067 0.280591
0.336521 0.911269
0.336612 0.431283
0.336873 0.82046
0.338059 0.755185
0.338216 0.400396
0.33887 0.389769
0.340601 0.486707
0.340702 0.176561
0.343586 0.65472
0.344795 0.972405
0.34634 0.942506
0.346839 0.317276
0.347541 0.116006
0.348256 0.136604
0.348447 0.347325
0.348512 0.438227
0.349148 0.130942
0.349598 0.697749
0.349756 0.355764
0.349917 0.0627725
0.350094 0.0348597
0.350734 0.794497
0.35222 0.7579
0.353117 0.832512
0.353553 0.160201
0.354185 0.793904
0.354296 0.645036
0.355225 0.262423
0.356822 0.113373
0.357482 0.202266
0.357724 0.267423
0.358594 0.882268
0.358847 0.148704
0.359393 0.325865
0.359493 0.0037604
0.360901 0.665317
0.361331 0.888398
0.362436 0.454283
0.363221 0.653878
0.363889 0.890149
0.364007 0.867153
0.366267 0.848836
0.367593 0.139329
0.367918 0.605516
0.370732 0.89762
0.371617 0.766853
0.372493 0.497082
0.372979 0.664923
0.373538 0.0579281
0.374128 0.963545
0.374272 0.390971
0.375523 0.422069
0.375682 0.0925279
0.375776 0.665049
0.37724 0.266356
0.377686 0.775014
0.377688 0.794854
0.379374 0.132008
0.379397 0.521636
0.379674 0.174632
0.381997 0.227628
0.382491 0.529785
0.383321 0.473159
0.383364 0.197403
0.38339 0.635758
0.384119 0.893621
0.385871 0.327907
0.386844 0.694403
0.387154 0.904151
0.387673 0.618132
0.388251 0.329748
0.388372 0.373698
0.388652 0.0795378
0.389027 0.370099
0.390057 0.680557
0.390444 0.18848
0.391236 0.509595
0.391333 0.133911
0.392594 0.332062
0.393707 0.0384936
0.394097 0.584305
0.39527 0.311294
0.395884 0.623538
0.396908 0.837778
0.397011 0.57153
0.397459 0.0915202
0.397937 0.124294
0.398529 0.0774481
0.399612 0.27479
0.399764 0.834732
0.400042 0.508319
0.404206 0.483159
0.406087 0.0987011
0.40645 0.212864
0.40711 0.303878
0.408005 0.346356
0.409578 0.784935
0.409715 0.0802677
0.41031 0.0876191
0.410693 0.517514
0.410807 0.43794
0.410857 0.272192
0.413478 0.332859
0.413583 0.084189
0.414067 0.228904
0.414914 0.45988
0.416718 0.785144
0.417232 0.421253
0.419549 0.355679
0.41961 0.381692
0.420029 0.43095
0.421114 0.655034
0.422939 0.329612
0.423219 0.048279
0.423863 0.863813
0.424068 0.312213
0.424777 0.23351
0.425436 0.31075
0.426131 0.990933
0.427506 0.100026
0.428584 0.206362
0.428603 0.534702
0.429502 0.638053
0.430762 0.820035
0.43259 0.535772
0.433369 0.640205
0.433434 0.728352
0.436203 0.271911
0.436972 0.18949
0.438029 0.946959
0.439124 0.35753
0.440128 0.232317
0.442484 0.825073
0.442582 0.477416
0.446099 0.584856
0.447177 0.710837
0.447496 0.0719002
0.450629 0.729145
0.451199 0.293469
0.451445 0.436459
0.452297 0.758723
0.452366 0.919655
0.453059 0.569652
0.453076 0.85083
0.453668 0.798419
0.45544 0.58227
0.457568 0.345561
0.458285 0.39957
0.458581 0.377642
0.458729 0.864228
0.459477 0.437361
0.461723 0.180285
0.462099 0.492267
0.463228 0.469045
0.464854 0.799736
0.465454 0.888153
0.465522 0.0363361
0.465728 0.491741
0.466094 0.647572
0.466955 0.117018
0.467472 0.808866
0.468477 0.693882
0.468735 0.0307238
0.468814 0.362326
0.469125 0.58242
0.470335 0.928452
0.470765 0.145492
0.475238 0.324249
0.475272 0.90286
0.476014 0.363692
0.476267 0.622395
0.477722 0.0668231
0.478641 0.51966
0.479191 0.767478
0.48036 0.417198
0.480677 0.739419
0.480767 0.258063
0.483161 0.485234
0.487779 0.0979836
0.488918 0.239005
0.48896 0.957865
0.489692 0.256136
0.490193 0.67428
0.49085 0.715362
0.493232 0.74213
0.494 0.651108
0.495715 0.478874
0.495834 0.490493
0.49627 0.812062
0.496507 0.795292
0.496865 0.807134
0.497311 0.30064
0.497499 0.471681
0.497829 0.012046
0.499253 0.949388
0.502775 0.143991
0.504336 0.370092
0.50565 0.453859
0.508356 0.936429
0.511113 0.276612
0.513744 0.494839
0.515033 0.165147
0.515574 0.256657
0.516533 0.364068
0.516797 0.809603
0.517065 0.314946
0.517462 0.978544
0.518378 0.385941
0.518887 0.933057
0.519433 0.118397
0.522868 0.843427
0.523175 0.00684241
0.523817 0.791806
0.523823 0.898229
0.525073 0.903625
0.525513 0.289158
0.525991 0.335355
0.526013 0.704399
0.528775 0.11887
0.529243 0.988222
0.529541 0.998256
0.529813 0.572628
0.530105 0.467545
0.530944 0.580391
0.530989 0.338734
0.531035 0.100827
0.532246 0.46061
0.532558 0.705561
0.533668 0.351103
0.534459 0.651807
0.534739 0.364236
0.535074 0.992663
0.535662 0.872914
0.535964 0.945145
0.537101 0.0614041
0.537841 0.502099
0.53894 0.957859
0.539754 0.653098
0.541465 0.407922
0.541951 0.565331
0.541964 0.781926
0.543358 0.225408
0.544317 0.342336
0.544495 0.328589
0.54572 0.91133
0.545742 0.292443
0.545883 0.654136
0.546134 0.87024
0.546147 0.086866
0.546598 0.673733
0.548599 0.307664
0.550227 0.663807
0.550381 0.246383
0.550977 0.265294
0.55183 0.612829
0.556974 0.0685076
0.557359 0.530561
0.557367 0.666466
0.557775 0.529456
0.562727 0.752476
0.562752 0.166577
0.565291 0.851016
0.566258 0.103223
0.568299 0.40238
0.569214 0.782401
0.569848 0.437071
0.569901 0.329019
0.57097 0.301055
0.57191 0.0974937
0.572363 0.709115
0.572765 0.454843
0.573649 0.31124
0.574584 0.0253847
0.576573 0.468455
0.577259 0.998309
0.578852 0.765744
0.578978 0.891464
0.579058 0.225985
0.579527 0.107264
0.581643 0.667562
0.584412 0.206488
0.58495 0.261417
0.585692 0.720606
0.585972 0.426226
0.588002 0.544078
0.590781 0.250542
0.596522 0.75164
0.596598 0.0232604
0.596706 0.833977
0.596826 0.858025
0.596968 0.248057
0.597148 0.259487
0.597354 0.729113
0.599236 0.353608
0.600048 0.004017
0.600968 0.466536
0.601286 0.808001
0.601653 0.987953
0.602025 0.227322
0.602661 0.922111
0.603119 0.628071
0.605435 0.538118
0.605658 0.301631
0.606182 0.10355
0.606688 0.601007
0.607209 0.367793
0.60816 0.347305
0.608844 0.838951
0.609803 0.953524
0.610213 0.852351
0.61135 0.956816
0.611887 0.983515
0.612122 0.940966
0.612266 0.354211
0.612548 0.0889923
0.61283 0.835756
0.613012 0.888055
0.613563 0.157239
0.614328 0.00358266
0.614782 0.637345
0.614896 0.556754
0.615889 0.247762
0.616174 0.0424623
0.61741 0.818256
0.618554 0.0332604
0.619263 0.95484
0.624013 0.786405
0.625445 0.851747
0.626051 0.0362559
0.628448 0.332752
0.628625 0.2949
0.630596 0.431927
0.630608 0.624221
0.630699 0.152985
0.63082 0.194235
0.632677 0.410679
0.63273 0.288148
0.633742 0.302354
0.633902 0.984631
0.636568 0.804557
0.638149 0.372467
0.638398 0.562728
0.638649 0.771132
0.640541 0.567424
0.640894 0.513336
0.641611 0.563714
0.64303 0.403367
0.643541 0.989708
0.647378 0.482254
0.65098 0.0137417
0.651334 0.962917
0.653032 0.51309
0.655452 0.188703
0.656109 0.220323
0.656805 0.921652
0.657807 0.769219
0.658767 0.89064
0.658814 0.685283
0.65958 0.568754
0.66177 0.37451
0.662613 0.537882
0.663095 0.629722
0.663494 0.344395
0.667372 0.519979
0.667614 0.591656
0.667618 0.651606
0.668527 0.929743
0.669636 0.566551
0.671294 0.431658
0.671405 0.312272
0.67225 0.504015
0.674255 0.205989
0.676215 0.138991
0.6763 0.579982
0.678166 0.934804
0.67833 0.684489
0.679142 0.346833
0.680492 0.0272837
0.68106 0.578233
0.682058 0.348311
0.682385 0.840551
0.682606 0.565026
0.683851 0.483323
0.687037 0.0346909
0.687171 0.285265
0.687355 0.377158
0.689886 0.911707
0.692984 0.974445
0.693026 0.69361
0.693068 0.387832
0.693798 0.658507
0.69614 0.0313583
0.696761 0.453844
0.697912 0.80491
0.701135 0.978466
0.701588 0.582567
0.704927 0.708403
0.704953 0.15147
0.705304 0.0514957
0.70598 0.402118
0.706313 0.00731685
0.707218 0.210587
0.708241 0.399971
0.709939 0.942739
0.712057 0.550004
0.712795 0.953054
0.716532 0.754243
0.717339 0.315917
0.718103 0.152242
0.718387 0.928284
0.719314 0.516393
0.719467 0.0834182
0.719621 0.668765
0.720599 0.10389
0.721206 0.30251
0.722113 0.558397
0.722594 0.631774
0.722702 0.451218
0.72348 0.523774
0.723678 0.861439
0.725659 0.153037
0.726015 0.129942
0.727614 0.00144387
0.729807 0.873763
0.731324 0.362338
0.733449 0.0773085
0.733676 0.887169
0.733755 0.218364
0.734398 0.0299457
0.734416 0.329954
0.734619 0.743331
0.734751 0.956699
0.735875 0.853131
0.736018 0.25945
0.736174 0.874435
0.736348 0.808103
0.73685 0.24453
0.736972 0.286453
0.737036 0.356145
0.737461 0.512937
0.741958 0.0815024
0.742236 0.754244
0.742636 0.475671
0.742696 0.493615
0.742815 0.491883
0.744774 0.411995
0.746073 0.241461
0.746225 0.809511
0.747963 0.0142031
0.748209 0.142042
0.749205 0.88796
0.749516 0.120623
0.749709 0.353923
0.750124 0.326843
0.750379 0.621844
0.75099 0.886026
0.753063 0.735925
0.75312 0.691767
0.753125 0.76816
0.753187 0.805538
0.753255 0.960373
0.753623 0.13728
0.753807 0.232915
0.755022 0.662118
0.7556 0.364421
0.75701 0.059184
0.757585 0.7335
0.759447 0.0214772
0.763883 0.579329
0.764784 0.716232
0.765137 0.653401
0.765186 0.488358
0.765293 0.283351
0.769269 0.109901
0.769295 0.534364
0.769405 0.391303
0.771462 0.968195
0.773615 0.140194
0.77393 0.439711
0.775568 0.979647
0.77601 0.40288
0.776049 0.0474758
0.777027 0.4969
0.777852 0.351131
0.781542 0.377463
0.781859 0.699613
0.783336 0.532072
0.783543 0.000648596
0.785594 0.479953
0.785643 0.309713
0.785768 0.409574
0.78631 0.50787
0.78853 0.817815
0.789466 0.55907
0.789681 0.171855
0.790021 0.887914
0.791634 0.989974
0.793088 0.428258
0.79432 0.142505
0.79684 0.491193
0.796932 0.0306786
0.797741 0.627939
0.797814 0.865358
0.798436 0.308638
0.798559 0.38146
0.798867 0.556694
0.801053 0.295048
0.801201 0.78453
0.805516 0.315947
0.807334 0.86744
0.807782 0.38689
0.808437 0.399304
0.808851 0.362824
0.809792 0.173256
0.809916 0.259962
0.810477 0.692302
0.810527 0.533527
0.810761 0.454483
0.811109 0.312763
0.811722 0.605863
0.811904 0.672008
0.814568 0.450892
0.816653 0.493649
0.816753 0.166754
0.817789 0.573226
0.817798 0.73088
0.818225 0.901501
0.82099 0.374138
0.822565 0.855738
0.822806 0.895506
0.823656 0.18954
0.824383 0.406753
0.825084 0.186894
0.825206 0.240487
0.825257 0.0939758
0.825258 0.109057
0.826646 0.441084
0.828242 0.270191
0.829674 0.325265
0.830761 0.592809
0.831963 0.805699
0.832944 0.287219
0.833782 0.37156
0.834959 0.154744
0.837817 0.184687
0.838506 0.769184
0.838687 0.80717
0.839974 0.441931
0.840158 0.533691
0.840971 0.191136
0.841686 0.217088
0.84445 0.677781
0.844637 0.807006
0.844895 0.148622
0.847007 0.649369
0.847497 0.881153
0.847823 0.364823
0.847969 0.819126
0.848893 0.345915
0.84941 0.0317678
0.85019 0.151111
0.85046 0.688941
0.852311 0.79069
0.853688 0.932294
0.853951 0.347188
0.854322 0.584295
0.854397 0.844763
0.855144 0.409999
0.856914 0.155853
0.857282 0.334998
0.859518 0.927108
0.861035 0.409258
0.861122 0.869807
0.861357 0.824863
0.862171 0.49962
0.862639 0.379388
0.862858 0.0574373
0.864675 0.594834
0.864978 0.682694
0.865061 0.0832233
0.865139 0.396676
0.86621 0.392747
0.866552 0.141614
0.86891 0.775178
0.869621 0.723469
0.869669 0.526798
0.869723 0.430087
0.871676 0.251751
0.871684 0.394191
0.872546 0.880417
0.87257 0.27737
0.87353 0.42533
0.874232 0.221241
0.874917 0.734832
0.877048 0.54703
0.877793 0.0666696
0.879034 0.920062
0.88133 0.509869
0.881703 0.784184
0.88226 0.142627
0.882809 0.363554
0.885713 0.179155
0.886572 0.613288
0.886998 0.780928
0.88752 0.554538
0.887639 0.541685
0.889268 0.932498
0.889856 0.801549
0.891379 0.414525
0.892667 0.0497319
0.892872 0.498829
0.893449 0.189689
0.89433 0.996836
0.895231 0.140062
0.89645 0.627368
0.897831 0.837937
0.899456 0.161326
0.900966 0.539753
0.90132 0.487661
0.901599 0.173151
0.905753 0.987887
0.906211 0.69636
0.908065 0.845231
0.908322 0.165481
0.908774 0.756809
0.90914 0.921882
0.909244 0.660972
0.909849 0.839197
0.910401 0.113264
0.910686 0.9033
0.911511 0.761358
0.912168 0.81216
0.912236 0.948079
0.912428 0.175204
0.912903 0.157694
0.913298 0.79872
0.914006 0.704287
0.914445 0.0807106
0.914678 0.995382
0.91495 0.563024
0.915434 0.706963
0.920388 0.95315
0.922268 0.552648
0.923226 0.65228
0.923545 0.0244169
0.924125 0.761719
0.924763 0.487915
0.925791 0.763498
0.925903 0.645748
0.926769 0.2004
0.927696 0.784665
0.931206 0.784901
0.932117 0.0893735
0.932991 0.778803
0.933102 0.645463
0.933552 0.207802
0.933584 0.741779
0.93392 0.388152
0.934114 0.650559
0.934233 0.647887
0.93456 0.152971
0.935458 0.239511
0.936041 0.0384619
0.936823 0.175891
0.936886 0.23505
0.937131 0.359969
0.939239 0.789442
0.93967 0.0295375
0.940091 0.117591
0.940103 0.307208
0.94039 0.129574
0.941563 0.846937
0.94185 0.670063
0.942241 0.251836
0.942734 0.537441
0.943291 0.893489
0.952253 0.511261
0.952998 0.0340549
0.953558 0.445107
0.95361 0.327374
0.956686 0.0226248
0.957237 0.28032
0.957589 0.194237
0.957608 0.52242
0.957746 0.83163
0.960297 0.71633
0.961402 0.276502
0.962377 0.674929
0.962451 0.914696
0.962541 0.428692
0.962779 0.429242
0.962967 0.59025
0.96327 0.672608
0.964314 0.218467
0.966054 0.462948
0.967662 0.497059
0.969318 0.333686
0.97113 0.774889
0.971289 0.447837
0.971913 0.945925
0.974253 0.272914
0.974315 0.313774
0.977136 0.716684
0.978881 0.0597614
0.97965 0.978319
0.981248 0.839177
0.981399 0.376212
0.981901 0.803404
0.985577 0.594624
0.98672 0.802929
0.988158 0.972205
0.992213 0.122797
0.992252 0.77305
0.992739 0.968433
0.992811 0.166799
0.993414 0.309421
0.993577 0.0547472
0.994222 0.897337
0.994482 0.250864
0.994713 0.141931
0.995221 0.673339
0.995688 0.53229
0.996033 0.327145
0.996674 0.107507
0.997191 0.786081
