0.00101272 0.0208192
0.00106057 0.825041
0.00116509 0.581599
0.00185286 0.141037
0.00244877 0.156559
0.00308536 0.855629
0.00602287 0.226307
0.00774351 0.145227
0.00814048 0.817105
0.00871926 0.544577
0.01048 0.138146
0.0109779 0.506287
0.0142695 0.826924
0.0166507 0.848933
0.0168794 0.692737
0.0181097 0.369191
0.0184801 0.59477
0.0185618 0.967523
0.0214648 0.758612
0.0217618 0.750865
0.0244596 0.0930528
0.025126 0.292712
0.0283175 0.932104
0.0294764 0.409198
0.0296471 0.278814
0.0299564 0.477417
0.0303122 0.45775
0.0308783 0.971562
0.0313963 0.678445
0.0317328 0.333498
0.0338775 0.379289
0.0357977 0.651965
0.0367479 0.622767
0.0408941 0.307647
0.0419325 0.758792
0.0422747 0.510085
0.0433487 0.561215
0.0448371 0.577687
0.0449112 0.8228
0.0451434 0.724683
0.0461647 0.890924
0.0468376 0.199378
0.047221 0.643619
0.0474956 0.257764
0.0484183 0.766255
0.0484348 0.0441223
0.0486402 0.495316
0.0495572 0.907801
0.0514837 0.286218
0.051677 0.536181
0.0526644 0.131332
0.0550201 0.723635
0.0585498 0.0458074
0.0596969 0.325685
0.0621685 0.86684
0.0632993 0.870962
0.0638339 0.856143
0.0650049 0.537075
0.0659169 0.865762
0.0679826 0.583184
0.069973 0.0358179
0.0704341 0.786537
0.0708659 0.0428183
0.0732472 0.0658611
0.0740934 0.287908
0.0754541 0.156974
0.0758934 0.541106
0.0759798 0.992029
0.0780031 0.998245
0.0784857 0.109909
0.0785426 0.0650079
0.0808537 0.908116
0.08493 0.418947
0.086593 0.368688
0.0876163 0.567464
0.088459 0.731235
0.089752 0.46212
0.0907146 0.641025
0.0912389 0.452226
0.0921558 0.862707
0.0963834 0.916365
0.0992661 0.365089
0.101649 0.413325
0.102726 0.508016
0.102882 0.142458
0.107925 0.887996
0.109401 0.697469
0.109561 0.383432
0.110087 0.237928
0.111267 0.0628728
0.111764 0.414775
0.112075 0.641835
0.112745 0.900239
0.112927 0.965343
0.112968 0.658305
0.114622 0.44842
0.115455 0.458842
0.116571 0.211785
0.117133 0.655614
0.117454 0.047114
0.117507 0.934687
0.119146 0.483781
0.120164 0.589555
0.120315 0.1402
0.122198 0.789482
0.122332 0.0301947
0.122934 0.155975
0.12456 0.475638
0.124976 0.475629
0.125176 0.839951
0.125197 0.188435
0.12553 0.779993
0.126201 0.0651632
0.126606 0.859657
0.129217 0.750984
0.131547 0.907226
0.131567 0.248987
0.132283 0.279878
0.132662 0.65066
0.132983 0.0452354
0.133445 0.803437
0.134387 0.644478
0.136938 0.516726
0.14037 0.203626
0.140637 0.694005
0.141508 0.318993
0.141786 0.00190098
0.141961 0.939098
0.144441 0.623108
0.144606 0.384846
0.145336 0.664349
0.147314 0.905076
0.147385 0.100178
0.147757 0.355505
0.148778 0.510437
0.151446 0.347511
0.153149 0.967064
0.157155 0.308831
0.157992 0.365194
0.161967 0.1856
0.162368 0.92311
0.16466 0.440837
0.165941 0.97726
0.169226 0.184711
0.171431 0.246146
0.172051 0.654818
0.173199 0.957298
0.173993 0.298909
0.175411 0.133131
0.175727 0.445756
0.17688 0.815324
0.177504 0.310563
0.179335 0.0787835
0.18256 0.289727
0.183316 0.987494
0.187459 0.61543
0.190426 0.485212
0.190666 0.525183
0.190781 0.458641
0.191232 0.0299098
0.19379 0.0255172
0.193848 0.0104267
0.19497 0.867711
0.196395 0.810758
0.197306 0.11455
0.19732 0.361042
0.198674 0.122065
0.198684 0.286301
0.201991 0.860848
0.203804 0.328888
0.204115 0.561285
0.205429 0.638839
0.205657 0.471631
0.21026 0.843032
0.210525 0.292589
0.210946 0.367908
0.212498 0.447257
0.212827 0.987379
0.21288 0.868957
0.215576 0.18261
0.217286 0.923675
0.219514 0.379207
0.226753 0.0317511
0.228948 0.928394
0.230008 0.736577
0.231964 0.619099
0.233404 0.816738
0.238784 0.23486
0.24021 0.207796
0.240907 0.926563
0.241207 0.96446
0.242111 0.166024
0.242578 0.0166001
0.245309 0.908222
0.246428 0.710104
0.247675 0.668127
0.251504 0.0242127
0.251652 0.513421
0.252765 0.223593
0.252848 0.619504
0.253132 0.384143
0.25423 0.839998
0.254248 0.143927
0.258504 0.67551
0.260491 0.0643974
0.260802 0.296223
0.262717 0.48187
0.263715 0.253129
0.26565 0.786532
0.266244 0.764825
0.268499 0.660253
0.270656 0.908904
0.270872 0.546139
0.271033 0.253335
0.271158 0.353095
0.271266 0.171873
0.273548 0.514234
0.274278 0.792406
0.275274 0.536665
0.277502 0.96853
0.278974 0.72206
0.282965 0.78499
0.283346 0.202448
0.283691 0.986785
0.284334 0.803007
0.285256 0.290312
0.285822 0.804226
0.286625 0.311765
0.286948 0.739047
0.287592 0.558994
0.289155 0.835066
0.291662 0.965156
0.29266 0.730248
0.292914 0.0120784
0.293376 0.775492
0.293592 0.400745
0.295197 0.383405
0.295218 0.730685
0.297195 0.959594
0.297691 0.301048
0.29805 0.320426
0.303539 0.581932
0.30497 0.636755
0.305082 0.511718
0.305683 0.614309
0.308063 0.609529
0.308074 0.793715
0.30855 0.796889
0.309237 0.346388
0.309928 0.962802
0.311671 0.248254
0.314263 0.819522
0.314532 0.339406
0.317201 0.201572
0.318874 0.315314
0.319277 0.0808663
0.320592 0.192371
0.321163 0.788869
0.321881 0.853131
0.322966 0.0877812
0.324889 0.416713
0.324964 0.667492
0.324996 0.214977
0.325949 0.219245
0.326505 0.565534
0.327037 0.512812
0.327083 0.283036
0.328708 0.595343
0.329182 0.559605
0.332476 0.916196
0.334816 0.243968
0.33601 0.311545
0.337001 0.973189
0.337172 0.857323
0.337447 0.465482
0.33882 0.548348
0.340167 0.190958
0.342446 0.490071
0.342831 0.956828
0.342853 0.335131
0.344278 0.285425
0.3455 0.820433
0.346123 0.282802
0.347828 0.943365
0.34805 0.679838
0.351971 0.57469
0.351998 0.0373923
0.353542 0.985125
0.35569 0.0834782
0.355757 0.214788
0.355804 0.993206
0.355961 0.642706
0.357879 0.864917
0.359878 0.467136
0.362284 0.906471
0.363732 0.247325
0.365042 0.253174
0.36573 0.816822
0.365836 0.607487
0.366575 0.0215021
0.367976 0.574053
0.368199 0.323525
0.36949 0.0105901
0.369697 0.495359
0.37239 0.763369
0.372769 0.12922
0.373015 0.264799
0.375195 0.9026
0.375886 0.524195
0.376888 0.363176
0.377879 0.0141058
0.377886 0.129083
0.378113 0.946011
0.380364 0.783611
0.381415 0.435447
0.382307 0.43257
0.384076 0.161762
0.38588 0.483981
0.386615 0.846396
0.386644 0.327358
0.389361 0.997611
0.391877 0.273224
0.394636 0.644023
0.395933 0.449846
0.396851 0.872051
0.39758 0.122267
0.398144 0.613446
0.399277 0.646456
0.400494 0.0952799
0.40134 0.324159
0.402022 0.778442
0.402127 0.544157
0.404543 0.154397
0.405113 0.726273
0.406455 0.295847
0.406493 0.925776
0.406799 0.0745879
0.407429 0.653288
0.408144 0.68284
0.409581 0.827698
0.411225 0.461794
0.412106 0.265355
0.414601 0.197171
0.41521 0.442632
0.415581 0.673448
0.415793 0.227386
0.418274 0.933012
0.419286 0.931722
0.423957 0.438196
0.424 0.16345
0.42637 0.99679
0.429723 0.348386
0.429806 0.746426
0.430972 0.342989
0.432309 0.820658
0.433477 0.452253
0.436138 0.164942
0.43679 0.134608
0.437238 0.652321
0.437421 0.738211
0.437904 0.856089
0.440365 0.206218
0.441073 0.110854
0.444956 0.381208
0.445892 0.0992968
0.450172 0.0328889
0.45022 0.843818
0.450491 0.408822
0.452648 0.656033
0.453194 0.831339
0.453405 0.378219
0.454008 0.503936
0.455798 0.604223
0.457455 0.452065
0.459104 0.159697
0.463842 0.798076
0.46481 0.0691445
0.466136 0.351397
0.467193 0.113342
0.467289 0.732931
0.467839 0.968829
0.468516 0.355938
0.470408 0.138886
0.471075 0.360898
0.472393 0.503888
0.472825 0.772409
0.473052 0.587084
0.473575 0.378366
0.473637 0.42202
0.473788 0.95101
0.478798 0.160551
0.48228 0.68067
0.482621 0.416287
0.484099 0.257982
0.488268 0.322292
0.489843 0.798297
0.489976 0.0351516
0.490193 0.678467
0.493752 0.493615
0.494269 0.185432
0.494767 0.55431
0.495919 0.914055
0.4971 0.754762
0.497415 0.0555151
0.497587 0.951084
0.498735 0.245197
0.501298 0.312776
0.503206 0.385989
0.50458 0.47186
0.505858 0.962139
0.506929 0.949883
0.506977 0.763019
0.509522 0.530746
0.512736 0.56227
0.514525 0.616475
0.514961 0.951849
0.515549 0.83804
0.517159 0.89401
0.518109 0.865751
0.518462 0.797928
0.520197 0.943476
0.522874 0.945404
0.52338 0.449396
0.524256 0.171266
0.525081 0.0389665
0.525492 0.950645
0.526603 0.61616
0.526668 0.707195
0.527822 0.100022
0.528438 0.463481
0.531015 0.777152
0.531093 0.0850479
0.531098 0.165284
0.534584 0.745979
0.534592 0.890125
0.535987 0.329944
0.538643 0.970725
0.539604 0.124813
0.540186 0.903657
0.540296 0.751886
0.54107 0.770903
0.541808 0.163825
0.542221 0.112248
0.542536 0.397176
0.543406 0.0186182
0.545846 0.036189
0.54898 0.711466
0.549655 0.0522894
0.550489 0.070209
0.551726 0.85606
0.552092 0.00837632
0.553288 0.106555
0.555711 0.835129
0.556512 0.30111
0.556814 0.374061
0.556816 0.402204
0.558199 0.645292
0.558933 0.979228
0.559197 0.428589
0.562084 0.939846
0.563484 0.467571
0.563522 0.110656
0.564264 0.577741
0.564303 0.233951
0.564682 0.614375
0.568627 0.910078
0.568948 0.315908
0.569675 0.520426
0.574353 0.158783
0.574883 0.0652769
0.575181 0.0746463
0.575479 0.0741545
0.577721 0.749498
0.577763 0.463771
0.580254 0.325487
0.580487 0.24224
0.580853 0.392772
0.586366 0.0573444
0.587246 0.840965
0.587625 0.217123
0.590197 0.446293
0.592616 0.105894
0.593349 0.418643
0.593694 0.21115
0.598526 0.427294
0.599593 0.353045
0.602054 0.726559
0.604699 0.176149
0.60494 0.231828
0.606034 0.608441
0.606521 0.790534
0.607915 0.226002
0.608708 0.550717
0.609976 0.858359
0.614077 0.796416
0.614359 0.527347
0.61455 0.736456
0.615549 0.53499
0.61573 0.574807
0.615817 0.0353951
0.616804 0.630029
0.617461 0.670086
0.618971 0.0435194
0.619908 0.794197
0.620133 0.579108
0.62027 0.872578
0.620829 0.269747
0.62144 0.54476
0.622238 0.948153
0.623061 0.789596
0.625661 0.485053
0.626032 0.712338
0.628465 0.618054
0.628932 0.457979
0.629511 0.197622
0.630736 0.775713
0.630811 0.0448766
0.631413 0.164591
0.631794 0.561678
0.632693 0.673896
0.636592 0.198192
0.636629 0.820725
0.637887 0.967505
0.638073 0.0980131
0.640237 0.456914
0.640302 0.548653
0.640891 0.457972
0.641256 0.588891
0.641346 0.105642
0.64165 0.210469
0.646173 0.233731
0.646199 0.664752
0.647395 0.763283
0.647965 0.346735
0.64962 0.171528
0.651546 0.538206
0.65296 0.30282
0.655012 0.785208
0.65564 0.338441
0.659738 0.215116
0.661982 0.928667
0.662199 0.570989
0.664261 0.227827
0.66983 0.839124
0.670058 0.671775
0.675119 0.727042
0.676975 0.919647
0.677857 0.738549
0.678078 0.451551
0.679213 0.539494
0.679826 0.833251
0.682105 0.136457
0.682192 0.602375
0.687948 0.345112
0.688024 0.620059
0.688618 0.606991
0.690298 0.843796
0.694303 0.150329
0.698931 0.940683
0.700028 0.37402
0.700051 0.751463
0.700105 0.658703
0.700731 0.183738
0.701704 0.540599
0.703253 0.56622
0.704723 0.280947
0.705949 0.885844
0.708405 0.166545
0.708639 0.0925336
0.708784 0.532076
0.710264 0.409255
0.710619 0.381502
0.713218 0.0613143
0.714168 0.0147185
0.719442 0.657085
0.719598 0.276946
0.721925 0.397937
0.722324 0.0917603
0.722401 0.397379
0.723984 0.993886
0.725717 0.12472
0.726705 0.726492
0.730597 0.151926
0.730835 0.148117
0.731915 0.300958
0.732352 0.647884
0.733228 0.358476
0.73916 0.0560192
0.74022 0.874674
0.740511 0.761616
0.744007 0.529275
0.744478 0.435332
0.746494 0.329075
0.748491 0.881777
0.750003 0.307232
0.75081 0.856759
0.750869 0.847452
0.751327 0.547809
0.752738 0.259767
0.753287 0.487503
0.754078 0.787572
0.756201 0.467786
0.756592 0.0356046
0.75903 0.0223943
0.759051 0.36616
0.763759 0.490722
0.765524 0.167195
0.765649 0.263472
0.768996 0.522709
0.769089 0.0700842
0.770987 0.974678
0.772019 0.329064
0.774084 0.0352555
0.777933 0.721864
0.778193 0.090669
0.779204 0.0898717
0.780221 0.166023
0.780793 0.785422
0.781232 0.166502
0.781887 0.177507
0.781959 0.389584
0.781973 0.612323
0.783768 0.792579
0.787243 0.189347
0.788467 0.770052
0.789349 0.596123
0.789998 0.504422
0.79104 0.0135444
0.793104 0.703222
0.793529 0.840667
0.793996 0.686039
0.795803 0.0666502
0.796218 0.0419097
0.798342 0.732689
0.799477 0.806929
0.800092 0.149288
0.800533 0.561955
0.800572 0.22056
0.801312 0.655181
0.802004 0.285792
0.803639 0.758587
0.803805 0.55548
0.803821 0.821037
0.805816 0.345172
0.806777 0.495566
0.807621 0.689086
0.809799 0.288711
0.81321 0.612279
0.815089 0.197658
0.815926 0.267882
0.81724 0.36065
0.817635 0.983245
0.817672 0.6214
0.818885 0.000607656
0.818921 0.61011
0.823602 0.283943
0.825111 0.648423
0.827216 0.0255376
0.827408 0.253578
0.828093 0.750797
0.828523 0.981517
0.828577 0.885501
0.829772 0.977223
0.830635 0.474477
0.831888 0.542859
0.835277 0.500983
0.835452 0.435637
0.836706 0.512629
0.836792 0.966659
0.837586 0.311737
0.838477 0.288896
0.839531 0.0016912
0.840484 0.0147636
0.841671 0.96511
0.842122 0.537522
0.845127 0.051828
0.845487 0.0966104
0.845989 0.534595
0.847098 0.184003
0.847315 0.822396
0.847365 0.667417
0.848115 0.263457
0.848864 0.852133
0.849749 0.737238
0.85037 0.171502
0.850586 0.80149
0.850796 0.330666
0.851435 0.0711131
0.853108 0.193034
0.858258 0.746989
0.860088 0.502499
0.861112 0.703872
0.861729 0.0808084
0.86452 0.983488
0.866981 0.34477
0.867613 0.976681
0.867958 0.774792
0.868718 0.54248
0.870047 0.876974
0.871532 0.835281
0.87197 0.198979
0.872734 0.0447898
0.873047 0.297661
0.873141 0.883135
0.874931 0.963644
0.876206 0.401157
0.877816 0.461878
0.880086 0.607594
0.880193 0.398017
0.880796 0.533478
0.881519 0.698653
0.884771 0.339248
0.884995 0.108436
0.885493 0.479935
0.886108 0.809514
0.889544 0.560433
0.889817 0.154974
0.890557 0.593031
0.891744 0.547408
0.892054 0.759809
0.892944 0.714303
0.898229 0.528215
0.899651 0.435464
0.901051 0.965303
0.901119 0.0985531
0.903659 0.798825
0.9047 0.293977
0.906592 0.0985803
0.907581 0.707693
0.907738 0.346557
0.907805 0.477131
0.907814 0.622201
0.908731 0.039295
0.910151 0.901809
0.910366 0.517427
0.910392 0.954913
0.914531 0.526625
0.915868 0.993063
0.915896 0.457675
0.924681 0.112219
0.925475 0.454817
0.927584 0.907902
0.927907 0.329956
0.928392 0.483334
0.928826 0.779311
0.9291 0.375862
0.932823 0.957945
0.934046 0.515031
0.936724 0.526962
0.937294 0.099699
0.937398 0.846826
0.938024 0.36434
0.938098 0.608678
0.94053 0.484881
0.940548 0.782948
0.942266 0.665851
0.943557 0.365485
0.943629 0.575817
0.944734 0.143463
0.946841 0.548322
0.947064 0.31009
0.947152 0.788945
0.949799 0.264057
0.951654 0.443655
0.951755 0.142525
0.952791 0.555077
0.952948 0.199623
0.953459 0.789463
0.956659 0.562505
0.960537 0.740524
0.962277 0.990342
0.96235 0.208399
0.963104 0.897339
0.964702 0.749823
0.966175 0.506789
0.97026 0.158996
0.970872 0.448848
0.972339 0.097888
0.97493 0.649097
0.975189 0.996692
0.976865 0.164547
0.976942 0.465978
0.977597 0.471661
0.977875 0.146085
0.977948 0.373111
0.979611 0.327188
0.981292 0.568266
0.981926 0.226458
0.983313 0.537111
0.987658 0.560228
0.989713 0.1131
0.99012 0.946084
0.990517 0.616655
0.990933 0.602817
0.9912 0.0956224
0.991439 0.117202
0.992911 0.851073
0.99305 0.190914
0.996347 0.611611
0.998254 0.656782
