0.00150753 0.337017
0.00157081 0.400684
0.00185372 0.155414
0.00280808 0.195394
0.00291811 0.0446786
0.00323845 0.428696
0.00348056 0.497829
0.00461712 0.599938
0.00482279 0.0566968
0.00519763 0.35665
0.00530279 0.124024
0.00548739 0.226601
0.00643187 0.100442
0.00652293 0.630834
0.00668309 0.322635
0.00752244 0.42965
0.00782916 0.584746
0.00883191 0.437933
0.00991654 0.667323
0.0101973 0.385364
0.011304 0.986992
0.0121877 0.839445
0.0128056 0.222987
0.0152001 0.467297
0.015557 0.465676
0.0158204 0.893421
0.0161242 0.998726
0.0163668 0.077337
0.0164606 0.653975
0.0165502 0.159001
0.0171172 0.689179
0.0171957 0.00885346
0.0173657 0.86605
0.0181366 0.822439
0.0181645 0.29012
0.0182588 0.876431
0.018924 0.0564543
0.0201024 0.860612
0.0203069 0.29746
0.0206258 0.658265
0.0229509 0.735155
0.0230805 0.91328
0.0246017 0.48015
0.025345 0.972757
0.0258074 0.745367
0.0258077 0.750102
0.0265966 0.00945874
0.027735 0.141465
0.0284734 0.552317
0.0288259 0.476636
0.02966 0.495354
0.0297675 0.303144
0.0311565 0.647724
0.0313672 0.189195
0.0322031 0.236785
0.0330844 0.0489554
0.0345075 0.968367
0.0354001 0.968871
0.0387563 0.377013
0.0390576 0.441449
0.0390817 0.846909
0.0396416 0.256905
0.0416341 0.743858
0.0419249 0.632051
0.0425354 0.892977
0.0433747 0.99874
0.0437494 0.296971
0.0439247 0.241893
0.0445808 0.269177
0.0451342 0.570887
0.0457153 0.33642
0.0470228 0.312332
0.047065 0.0213779
0.0491332 0.782299
0.0495049 0.0288528
0.0496102 0.799068
0.049774 0.550952
0.0505405 0.434714
0.0507982 0.764903
0.0508534 0.693799
0.0510696 0.326048
0.0515142 0.798767
0.0516238 0.640516
0.0521627 0.698935
0.0522828 0.717724
0.053353 0.703362
0.053774 0.780067
0.0552476 0.546965
0.0574761 7.04206e-05
0.0575634 0.467319
0.0586491 0.715829
0.0594214 0.695088
0.0599549 0.661509
0.0603846 0.884841
0.0626633 0.182615
0.0632595 0.202301
0.0632787 0.524591
0.0638567 0.240332
0.0658702 0.0800341
0.0667448 0.77956
0.0696737 0.00529381
0.07091 0.7836
0.0716448 0.13462
0.0720091 0.25621
0.0724328 0.378105
0.0733357 0.552629
0.0738954 0.959611
0.0743518 0.629892
0.0746 0.802896
0.0760433 0.0601327
0.0791194 0.759203
0.0800774 0.860024
0.080192 0.78715
0.080658 0.618826
0.0819202 0.833483
0.0826251 0.680493
0.0826725 0.476091
0.0831794 0.996495
0.0842021 0.18418
0.0845636 0.259962
0.0845694 0.358716
0.0846653 0.970095
0.0849874 0.382812
0.0851585 0.259354
0.0855872 0.46478
0.0888664 0.577853
0.0895216 0.588873
0.0905086 0.178522
0.0915365 0.45355
0.0917339 0.772243
0.0918789 0.208561
0.0922506 0.456265
0.0930552 0.979198
0.0930628 0.10712
0.0936158 0.401035
0.0937821 0.195175
0.0950858 0.107412
0.0953947 0.29894
0.0959512 0.651506
0.0961847 0.57607
0.0982942 0.03119
0.0990958 0.503072
0.0991619 0.614549
0.100318 0.0494744
0.102421 0.394305
0.102778 0.389664
0.102879 0.0953897
0.104268 0.425937
0.104738 0.332355
0.104886 0.817391
0.106006 0.643472
0.106069 0.699453
0.108881 0.968954
0.109058 0.931642
0.109631 0.565731
0.109655 0.976748
0.1112 0.944618
0.113089 0.688731
0.115147 0.279984
0.117432 0.679596
0.117825 0.278313
0.11974 0.46374
0.120144 0.2536
0.120396 0.497684
0.121479 0.691496
0.121523 0.434249
0.12193 0.279904
0.121937 0.39827
0.123139 0.588886
0.123349 0.128417
0.123956 0.336256
0.124559 0.464893
0.126518 0.385177
0.12653 0.593546
0.127144 0.901626
0.128989 0.923913
0.129409 0.973711
0.129624 0.582638
0.132362 0.60424
0.132477 0.546158
0.134332 0.719965
0.134348 0.990303
0.135288 0.783235
0.137116 0.511197
0.137933 0.24671
0.139708 0.0789509
0.139818 0.926154
0.139822 0.991332
0.139847 0.41088
0.140077 0.267433
0.142102 0.3121
0.142218 0.262416
0.144706 0.0662003
0.145066 0.121611
0.145563 0.481488
0.145821 0.812937
0.145848 0.27485
0.147128 0.772798
0.147632 0.255706
0.147734 0.971215
0.150769 0.970983
0.152056 0.611645
0.154267 0.767592
0.154683 0.755021
0.155375 0.391439
0.155826 0.959444
0.156293 0.820038
0.156475 0.877151
0.158271 0.067715
0.158996 0.253959
0.159399 0.0210212
0.160588 0.997124
0.161619 0.334575
0.162747 0.294244
0.16312 0.553759
0.163328 0.0563719
0.163544 0.690273
0.16458 0.102621
0.164811 0.973364
0.165024 0.553442
0.165234 0.0921274
0.166376 0.282205
0.168997 0.325364
0.169188 0.535553
0.169342 0.137124
0.169422 0.482078
0.170626 0.713853
0.173935 0.323932
0.175784 0.400722
0.1784 0.362941
0.178836 0.697086
0.179471 0.376621
0.181604 0.214466
0.182032 0.417895
0.182526 0.707727
0.182539 0.926114
0.182605 0.0365189
0.182628 0.434075
0.183566 0.196625
0.183789 0.935603
0.184794 0.825127
0.185356 0.283098
0.18623 0.972732
0.18677 0.0484165
0.187528 0.789245
0.188316 0.0331051
0.189235 0.471456
0.189303 0.620656
0.189356 0.504887
0.189469 0.410968
0.189497 0.86842
0.191242 0.205549
0.191463 0.92687
0.192114 0.85508
0.192267 0.43282
0.192333 0.547608
0.192601 0.047747
0.192745 0.470001
0.193084 0.161383
0.194696 0.263975
0.195193 0.616605
0.196592 0.114684
0.198303 0.881138
0.198373 0.0622621
0.198754 0.454903
0.198971 0.108738
0.198973 0.140982
0.199175 0.527264
0.200026 0.832826
0.201546 0.384717
0.201737 0.588958
0.202317 0.344605
0.20256 0.421345
0.203024 0.218741
0.203201 0.207366
0.203257 0.141615
0.203669 0.0649777
0.204859 0.0641373
0.204878 0.376363
0.205528 0.307077
0.20593 0.06265
0.20619 0.428136
0.206715 0.264162
0.206953 0.259132
0.209287 0.482367
0.210025 0.892922
0.211775 0.306046
0.21243 0.306172
0.212777 0.145583
0.212988 0.687696
0.213283 0.653167
0.213896 0.956042
0.214277 0.347149
0.21447 0.597276
0.214516 0.363079
0.214564 0.181302
0.214617 0.0633416
0.214658 0.762213
0.215433 0.776377
0.215863 0.0136164
0.216265 0.762936
0.216754 0.98899
0.216854 0.659803
0.217191 0.330297
0.219057 0.687068
0.219376 0.0553157
0.219731 0.0199717
0.220298 0.549304
0.221223 0.0983667
0.221553 0.639827
0.227098 0.833235
0.227185 0.303301
0.227277 0.850387
0.227362 0.271131
0.227881 0.00265884
0.228038 0.632319
0.229425 0.944561
0.230337 0.269233
0.230398 0.304404
0.230474 0.569122
0.230974 0.97411
0.23124 0.450339
0.232296 0.198252
0.232609 0.453111
0.233004 0.0940355
0.233628 0.586708
0.23371 0.962623
0.234913 0.181312
0.235182 0.697902
0.235523 0.438231
0.236081 0.821327
0.236438 0.815919
0.23776 0.0276875
0.238387 0.564321
0.240817 0.414571
0.241326 0.963479
0.241474 0.457211
0.242122 0.34056
0.242387 0.793826
0.243667 0.313008
0.24373 0.362712
0.243856 0.495397
0.244828 0.823325
0.246143 0.92424
0.247167 0.130278
0.247995 0.0583197
0.248061 0.158692
0.249474 0.908279
0.250464 0.550904
0.251112 0.443418
0.251167 0.356286
0.251495 0.869626
0.251814 0.236794
0.252175 0.299115
0.253191 0.374241
0.254877 0.72042
0.254907 0.224892
0.256595 0.592076
0.257226 0.202371
0.258267 0.69703
0.259192 0.239009
0.260452 0.424146
0.260965 0.0424808
0.262756 0.13671
0.263129 0.402258
0.263222 0.969544
0.263317 0.570412
0.26424 0.0801783
0.264975 0.443087
0.265289 0.710758
0.266177 0.642758
0.266487 0.853156
0.266723 0.813353
0.26682 0.439
0.266978 0.0909335
0.267647 0.337919
0.267822 0.277488
0.268675 0.624021
0.269046 0.856801
0.269718 0.143912
0.271265 0.155735
0.272038 0.144894
0.27254 0.579239
0.273555 0.644653
0.27418 0.135361
0.275061 0.942327
0.275902 0.0799272
0.276876 0.450485
0.277241 0.592001
0.278842 0.493197
0.279584 0.963671
0.279734 0.482353
0.280361 0.0214983
0.280449 0.508641
0.28066 0.0558103
0.28197 0.0619719
0.283195 0.659864
0.283519 0.109123
0.283848 0.631276
0.284577 0.878949
0.285038 0.632102
0.286632 0.416411
0.288996 0.14937
0.289206 0.677755
0.290591 0.954731
0.2962 0.241663
0.296455 0.512599
0.29696 0.008365
0.297007 0.801012
0.297458 0.370512
0.297696 0.376024
0.298173 0.397074
0.298467 0.342048
0.29881 0.0944376
0.299002 0.318283
0.299011 0.482238
0.299057 0.246013
0.300018 0.406871
0.300098 0.746683
0.301834 0.918019
0.302649 0.626022
0.302672 0.0041059
0.302883 0.556612
0.303612 0.802642
0.30754 0.82421
0.307615 0.0831444
0.307721 0.861076
0.308264 0.990779
0.311942 0.813641
0.312447 0.296924
0.312984 0.330347
0.31322 0.294497
0.315392 0.794061
0.315926 0.765686
0.317012 0.021757
0.31784 0.941831
0.318503 0.0740276
0.319467 0.281397
0.319491 0.68606
0.320084 0.654358
0.321179 0.0499725
0.321257 0.374327
0.3229 0.986087
0.32296 0.989114
0.323289 0.509702
0.323779 0.75983
0.324079 0.790659
0.324089 0.971347
0.325609 0.503436
0.326125 0.178975
0.327097 0.526695
0.327666 0.0815801
0.327884 0.741402
0.329315 0.804811
0.330254 0.572096
0.330401 0.0505661
0.331972 0.4488
0.332726 0.126516
0.332792 0.231185
0.333333 0.332345
0.333608 0.946701
0.333774 0.742249
0.33393 0.355443
0.334003 0.580606
0.334592 0.488116
0.335548 0.550988
0.335759 0.104128
0.336313 0.40533
0.336983 0.674989
0.337061 0.988332
0.338021 0.123511
0.338676 0.12993
0.339754 0.240571
0.340894 0.409916
0.341468 0.0596495
0.341525 0.0156483
0.341595 0.188023
0.341948 0.128315
0.343258 0.133561
0.343267 0.283092
0.343613 0.10559
0.343721 0.9267
0.344033 0.169091
0.344272 0.18794
0.34433 0.158778
0.346096 0.828629
0.350544 0.594491
0.35078 0.556645
0.353534 0.840689
0.353872 0.532033
0.354143 0.0749818
0.354457 0.361459
0.355407 0.327495
0.355468 0.354401
0.356952 0.295443
0.3579 0.226597
0.35848 0.978112
0.358977 0.319551
0.360221 0.235131
0.360738 0.914989
0.360796 0.895156
0.361152 0.882415
0.362172 0.0208798
0.362316 0.44462
0.363117 0.905138
0.363276 0.573875
0.364072 0.966256
0.364159 0.419081
0.364586 0.601622
0.365964 0.756147
0.366407 0.195377
0.367232 0.0659805
0.367849 0.445038
0.369083 0.174147
0.36979 0.0643898
0.370064 0.670639
0.370449 0.139015
0.370974 0.965117
0.37099 0.235135
0.372422 0.293668
0.372534 0.175377
0.372855 0.576144
0.375259 0.971565
0.375603 0.758523
0.375648 0.510105
0.376245 0.541562
0.378497 0.40538
0.378733 0.371752
0.378866 0.596453
0.379092 0.401571
0.379237 0.83187
0.379661 0.970246
0.380399 0.3614
0.380652 0.613944
0.381109 0.298249
0.382315 0.561533
0.382415 0.253618
0.382854 0.624054
0.383181 0.125389
0.383542 0.198213
0.383688 0.641465
0.383991 0.744829
0.384077 0.179418
0.384643 0.695399
0.385392 0.287901
0.386606 0.681134
0.386737 0.881745
0.387438 0.673477
0.388238 0.112081
0.390007 0.845507
0.390799 0.157762
0.391611 0.800235
0.394171 0.837228
0.394564 0.438864
0.396366 0.729989
0.396788 0.808118
0.397002 0.409649
0.398558 0.564006
0.399314 0.267565
0.399974 0.37024
0.403111 0.0863937
0.404433 0.312594
0.40458 0.775129
0.405597 0.86947
0.405617 0.207803
0.407167 0.252168
0.407247 0.604494
0.407522 0.216527
0.407965 0.672771
0.408463 0.0348947
0.408527 0.105487
0.408788 0.495947
0.408924 0.779251
0.40991 0.351682
0.4108 0.315825
0.4128 0.933963
0.413005 0.381409
0.413166 0.0866166
0.413357 0.298238
0.414008 0.230564
0.415004 0.979965
0.416999 0.497252
0.417212 0.078583
0.417545 0.675533
0.418002 0.359744
0.418008 0.466222
0.419337 0.793272
0.419591 0.0584947
0.419933 0.817309
0.419964 0.332778
0.420237 0.925064
0.420494 0.248992
0.421344 0.529846
0.421874 0.431387
0.421915 0.11916
0.422677 0.932695
0.424043 0.89261
0.424321 0.565852
0.424348 0.0215581
0.426358 0.800825
0.42643 0.0152273
0.427166 0.370842
0.429192 0.429518
0.429332 0.784723
0.430482 0.110204
0.430511 0.600957
0.430707 0.893409
0.430707 0.896101
0.431331 0.381769
0.43265 0.547158
0.432808 0.199601
0.432973 0.979636
0.433341 0.169653
0.434308 0.419872
0.435231 0.924136
0.437095 0.255409
0.438116 0.41877
0.438805 0.994776
0.439298 0.281352
0.439473 0.216138
0.439797 0.660231
0.43989 0.231618
0.440069 0.242876
0.441808 0.466507
0.443598 0.554499
0.443607 0.706651
0.444657 0.346395
0.444673 0.616115
0.445054 0.019862
0.446322 0.341224
0.44685 0.199884
0.447609 0.962743
0.447706 0.59739
0.448605 0.708857
0.44972 0.438548
0.451305 0.0783272
0.45143 0.176749
0.453637 0.277527
0.454904 0.56486
0.455099 0.842411
0.455725 0.374974
0.456459 0.700379
0.457431 0.0489127
0.458162 0.336336
0.458483 0.718929
0.458755 0.287291
0.458866 0.167818
0.459047 0.20135
0.460865 0.750276
0.461343 0.789311
0.461737 0.407962
0.462857 0.241392
0.463031 0.154852
0.463196 0.939599
0.463221 0.353403
0.463579 0.364187
0.464397 0.123023
0.46692 0.522237
0.469034 0.0515744
0.47011 0.138556
0.470165 0.0607062
0.470466 0.123021
0.470591 0.230772
0.472269 0.419358
0.47281 0.510821
0.473856 0.0929785
0.475077 0.622445
0.47521 0.849681
0.475653 0.30602
0.475955 0.372099
0.476191 0.343199
0.476989 0.747742
0.477449 0.48331
0.477524 0.746564
0.478694 0.415874
0.479513 0.176783
0.479582 0.336886
0.480064 0.433093
0.482198 0.309655
0.484017 0.870147
0.484575 0.250434
0.484707 0.471331
0.484795 0.956698
0.485022 0.759084
0.486487 0.385843
0.486998 0.972646
0.487089 0.496213
0.489644 0.438828
0.489684 0.115989
0.489756 0.322651
0.491843 0.40378
0.491993 0.925146
0.494334 0.269025
0.494551 0.923383
0.494592 0.603432
0.495003 0.519125
0.495156 0.0818619
0.495508 0.99538
0.495971 0.791117
0.49712 0.0931822
0.497229 0.925586
0.498673 0.199485
0.499186 0.817131
0.499377 0.0345125
0.499525 0.512591
0.500112 0.384688
0.500301 0.562984
0.500547 0.69544
0.500559 0.895748
0.501389 0.849828
0.501538 0.354227
0.501722 0.443577
0.502012 0.316783
0.503117 0.889649
0.50344 0.316524
0.503759 0.670324
0.504022 0.0897028
0.505532 0.472152
0.506202 0.734133
0.507874 0.838234
0.508916 0.355636
0.509549 0.998168
0.509834 0.780627
0.512232 0.0759731
0.513131 0.186736
0.515 0.610446
0.51644 0.811622
0.516457 0.100689
0.516875 0.120903
0.51743 0.447118
0.518491 0.272988
0.520676 0.996043
0.520703 0.452156
0.521814 0.120598
0.523116 0.00620197
0.523716 0.0918171
0.524127 0.00234459
0.524607 0.0705878
0.524756 0.572451
0.524824 0.709505
0.525004 0.734616
0.526007 0.596255
0.526371 0.710027
0.526494 0.784116
0.526499 0.869032
0.526822 0.295484
0.527077 0.586573
0.527091 0.81958
0.528488 0.290869
0.529148 0.391306
0.529565 0.405932
0.530571 0.312095
0.53078 0.819741
0.531049 0.34717
0.531107 0.309539
0.532935 0.0340494
0.533076 0.409994
0.533948 0.0715544
0.534663 0.0788171
0.536252 0.795256
0.537411 0.265783
0.537556 0.708307
0.537814 0.037236
0.538407 0.00551038
0.538811 0.794714
0.539097 0.604847
0.539391 0.551144
0.5394 0.688559
0.540203 0.191981
0.540772 0.750741
0.54198 0.0639176
0.545112 0.689325
0.545281 0.542459
0.547222 0.161717
0.548207 0.718832
0.548822 0.0472364
0.548825 0.108126
0.549512 0.640813
0.54952 0.791361
0.551311 0.878718
0.551318 0.996834
0.552109 0.304135
0.552516 0.14201
0.553908 0.530168
0.555858 0.301492
0.556004 0.763731
0.556463 0.466788
0.55657 0.26438
0.556789 0.948408
0.557456 0.166835
0.558045 0.0619801
0.559754 0.778745
0.560183 0.98975
0.560331 0.481486
0.560585 0.760585
0.561539 0.781037
0.561568 0.275961
0.562567 0.0604866
0.562727 0.752844
0.565333 0.547641
0.566136 0.0437607
0.567652 0.531209
0.56793 0.201008
0.568945 0.263745
0.569702 0.985618
0.570161 0.697644
0.571047 0.592617
0.572207 0.0782655
0.57262 0.025757
0.572654 0.601598
0.57267 0.856103
0.573217 0.0536683
0.573687 0.957135
0.574336 0.857436
0.576317 0.164664
0.577324 0.0824956
0.578041 0.130526
0.578678 0.845929
0.578788 0.687004
0.579055 0.181304
0.580369 0.256659
0.581301 0.920456
0.581808 0.45231
0.582364 0.787517
0.583041 0.162213
0.58554 0.174109
0.585552 0.371725
0.585558 0.477083
0.586283 0.660001
0.586656 0.933204
0.587581 0.473642
0.587993 0.398069
0.588298 0.522118
0.58946 0.0610246
0.589763 0.153745
0.590518 0.842332
0.590557 0.496405
0.591777 0.988579
0.592351 0.642312
0.593807 0.110547
0.593864 0.075116
0.595076 0.437873
0.595274 0.775115
0.595674 0.498671
0.599097 0.0283938
0.599868 0.987742
0.600148 0.690404
0.600207 0.673811
0.601288 0.844973
0.601651 0.942036
0.60174 0.436496
0.603436 0.946191
0.604768 0.336142
0.605358 0.2572
0.605952 0.234208
0.606203 0.447832
0.606834 0.0663444
0.607012 0.0557357
0.607658 0.914408
0.607746 0.387386
0.608509 0.209319
0.609759 0.216836
0.610568 0.816835
0.610918 0.691691
0.611038 0.723667
0.611128 0.232536
0.611184 0.174494
0.612751 0.501462
0.61277 0.827031
0.612917 0.296352
0.612973 0.233716
0.613425 0.828714
0.613944 0.556408
0.615044 0.051699
0.615248 0.478443
0.615521 0.0687264
0.617662 0.0441432
0.61837 0.952629
0.618644 0.551639
0.619724 0.696011
0.619886 0.43006
0.621227 0.957285
0.622967 0.207057
0.623183 0.84037
0.623285 0.551669
0.623653 0.741622
0.624135 0.829134
0.624548 0.774278
0.625951 0.359417
0.626016 0.447087
0.626374 0.475966
0.627035 0.572216
0.62816 0.491102
0.628583 0.589415
0.628985 0.345035
0.631257 0.536637
0.632061 0.0536927
0.633783 0.991161
0.634842 0.781077
0.635871 0.0773377
0.635934 0.148306
0.636862 0.737267
0.636929 0.859483
0.637742 0.52959
0.637745 0.586715
0.637908 0.327666
0.637942 0.889474
0.638602 0.975667
0.638854 0.213216
0.639673 0.983603
0.639958 0.773983
0.640728 0.718289
0.640914 0.841777
0.641232 0.182476
0.643095 0.489628
0.643697 0.62105
0.644366 0.866651
0.645628 0.0736462
0.64615 0.846161
0.646969 0.607211
0.647099 0.784969
0.649705 0.599958
0.651006 0.456988
0.651033 0.914792
0.652046 0.930187
0.652907 0.402333
0.653585 0.797331
0.654747 0.338108
0.654904 0.963707
0.656118 0.370182
0.656906 0.6134
0.658344 0.789532
0.659453 0.428837
0.661937 0.173509
0.662281 0.960624
0.662305 0.355378
0.663221 0.756264
0.664175 0.792056
0.664189 0.0165243
0.665344 0.444969
0.665705 0.502681
0.666499 0.856831
0.668029 0.562611
0.668352 0.995402
0.669446 0.383066
0.669455 0.533277
0.670123 0.76443
0.670547 0.886512
0.671669 0.741222
0.672116 0.258176
0.672723 0.462032
0.672738 0.709603
0.674173 0.832383
0.67611 0.384381
0.676299 0.559015
0.676421 0.599514
0.677691 0.960469
0.678039 0.802713
0.678517 0.840027
0.67884 0.270643
0.67923 0.818809
0.679795 0.306607
0.681665 0.742151
0.68204 0.0454927
0.683038 0.826402
0.683284 0.954131
0.684894 0.0103593
0.685073 0.0184009
0.685102 0.503338
0.685541 0.890077
0.685943 0.635844
0.686042 0.314694
0.686201 0.974673
0.687175 0.356571
0.687333 0.000686564
0.687405 0.209962
0.687559 0.805836
0.688495 0.529654
0.689085 0.451604
0.689156 0.642918
0.68918 0.0505387
0.690086 0.269407
0.690475 0.821557
0.690547 0.0215351
0.691082 0.0163109
0.691574 0.287656
0.692457 0.124715
0.693864 0.774445
0.694421 0.140457
0.694997 0.818757
0.696297 0.656213
0.696704 0.497735
0.697236 0.449255
0.697404 0.262827
0.69926 0.469316
0.699635 0.7666
0.699688 0.654846
0.702123 0.577413
0.702766 0.396155
0.70296 0.644404
0.703833 0.320372
0.704009 0.280548
0.704275 0.744881
0.704459 0.844397
0.705681 0.383733
0.706021 0.0970763
0.70632 0.12148
0.70698 0.215319
0.708631 0.966521
0.712511 0.164834
0.713798 0.795345
0.714733 0.511767
0.715726 0.208528
0.715969 0.287749
0.716049 0.632632
0.716582 0.601933
0.71757 0.196677
0.720302 0.121311
0.721198 0.178822
0.722747 0.203731
0.722795 0.0221264
0.723421 0.539593
0.723585 0.293481
0.723867 0.0270723
0.723997 0.222956
0.724168 0.0940986
0.72437 0.486548
0.724676 0.63417
0.724786 0.477969
0.725669 0.312578
0.726015 0.137298
0.727627 0.224941
0.728288 0.331538
0.728441 0.900896
0.72848 0.571075
0.728571 0.0929286
0.729376 0.617114
0.729568 0.842736
0.730208 0.600394
0.730678 0.497936
0.73102 0.261032
0.733576 0.218494
0.733684 0.0337025
0.734103 0.0758304
0.735254 0.419884
0.735849 0.421585
0.736338 0.627188
0.736723 0.10149
0.737147 0.230835
0.73797 0.0576892
0.738678 0.953293
0.738688 0.129598
0.738765 0.417388
0.739155 0.972081
0.739931 0.0278976
0.740975 0.561939
0.741898 0.0759314
0.74371 0.539714
0.743776 0.640743
0.744705 0.249912
0.745413 0.164878
0.745603 0.341923
0.746686 0.557789
0.747574 0.483591
0.747876 0.544794
0.749321 0.830355
0.749588 0.329468
0.74982 0.224762
0.749858 0.85725
0.750016 0.515437
0.750356 0.227403
0.750738 0.651217
0.751594 0.0465785
0.753309 0.870251
0.754285 0.261408
0.755242 0.35906
0.75565 0.211492
0.755796 0.663055
0.757556 0.242677
0.758335 0.341405
0.758642 0.496267
0.758658 0.757448
0.75885 0.997213
0.759085 0.934213
0.759746 0.0502247
0.76085 0.605701
0.76126 0.498197
0.761827 0.0219096
0.76252 0.67931
0.762822 0.756518
0.763482 0.847243
0.763841 0.87098
0.764007 0.668125
0.764694 0.213733
0.764859 0.988682
0.768651 0.716396
0.769446 0.0725416
0.769675 0.924274
0.772003 0.0544215
0.772183 0.0847682
0.772367 0.179166
0.772615 0.344587
0.773475 0.798944
0.773529 0.700956
0.773649 0.715933
0.775453 0.045235
0.777058 0.0196384
0.777599 0.0986259
0.777963 0.228215
0.778057 0.807005
0.780577 0.151443
0.780863 0.965622
0.782177 0.0411256
0.782492 0.335077
0.78427 0.226486
0.785859 0.930121
0.785884 0.357558
0.787946 0.00161526
0.788022 0.291534
0.788251 0.140879
0.788581 0.682778
0.789198 0.0567869
0.789561 0.158076
0.789912 0.0547675
0.790996 0.273796
0.791359 0.378693
0.791944 0.197476
0.792673 0.449242
0.79287 0.7672
0.793591 0.877348
0.794578 0.464414
0.79579 0.844006
0.796359 0.41139
0.796515 0.0304296
0.796993 0.0669291
0.797761 0.961788
0.798041 0.682795
0.798319 0.349315
0.798951 0.970488
0.799109 0.631195
0.799734 0.132414
0.799982 0.296982
0.800066 0.716967
0.800538 0.646949
0.800684 0.101549
0.800826 0.49065
0.801078 0.713626
0.801369 0.610922
0.803375 0.328666
0.804281 0.556832
0.806074 0.6884
0.806843 0.602966
0.806954 0.478164
0.80737 0.474062
0.808302 0.123427
0.809238 0.859493
0.809379 0.226297
0.809407 0.710765
0.810936 0.402606
0.811261 0.858094
0.811407 0.313406
0.8115 0.873319
0.811587 0.336451
0.811816 0.186398
0.81323 0.958745
0.814857 0.294601
0.815432 0.961537
0.816642 0.293403
0.819453 0.553771
0.820011 0.925692
0.820442 0.16175
0.820632 0.369763
0.820984 0.276128
0.821623 0.0236973
0.821898 0.634986
0.822604 0.50427
0.823855 0.530962
0.824209 0.48117
0.825952 0.767099
0.826046 0.358153
0.826272 0.154451
0.826911 0.892715
0.827108 0.205594
0.83184 0.731054
0.832051 0.282065
0.83282 0.199848
0.834113 0.939545
0.835331 0.41605
0.835636 0.537681
0.836406 0.476845
0.836528 0.527377
0.836813 0.321451
0.836861 0.121024
0.837326 0.943402
0.837342 0.201626
0.837356 0.449995
0.837744 0.95568
0.837959 0.584831
0.838098 0.904739
0.839389 0.617067
0.839759 0.829357
0.840352 0.80228
0.841701 0.474787
0.842275 0.116279
0.845334 0.534077
0.845548 0.124087
0.84634 0.430668
0.849328 0.653262
0.849465 0.962378
0.851023 0.140707
0.851302 0.82921
0.85185 0.0461455
0.852113 0.469054
0.85262 0.987298
0.852675 0.90832
0.852979 0.0201525
0.854506 0.675977
0.855149 0.48964
0.856992 0.47246
0.857289 0.452942
0.859717 0.266377
0.860109 0.845122
0.861222 0.565758
0.861688 0.397285
0.861898 0.915339
0.862172 0.528209
0.86347 0.334947
0.864015 0.494914
0.864061 0.26758
0.864483 0.366856
0.866143 0.270398
0.866994 0.568111
0.867687 0.214359
0.868249 0.664441
0.868967 0.725534
0.869127 0.42218
0.870312 0.340634
0.870389 0.625215
0.872252 0.941015
0.872296 0.682227
0.872819 0.468211
0.872973 0.0539335
0.874106 0.100757
0.874221 0.0379635
0.875879 0.893593
0.876728 0.170448
0.87719 0.924587
0.877848 0.988326
0.878738 0.956469
0.87994 0.147195
0.881555 0.291501
0.883533 0.54356
0.884172 0.276846
0.88437 0.614268
0.885073 0.421074
0.885157 0.840606
0.886208 0.496167
0.886439 0.38217
0.887539 0.865558
0.88773 0.0752459
0.887944 0.676025
0.888019 0.942003
0.888185 0.732816
0.888931 0.257605
0.888931 0.267521
0.889304 0.539112
0.889472 0.356933
0.891986 0.613559
0.893423 0.759059
0.893545 0.817786
0.894298 0.470004
0.8948 0.908105
0.895686 0.792013
0.896145 0.500838
0.896237 0.0536754
0.897936 0.607276
0.899021 0.838842
0.902786 0.121064
0.902828 0.829593
0.903424 0.848887
0.903708 0.628099
0.904787 0.759362
0.904988 0.135353
0.905003 0.387386
0.905981 0.826627
0.909599 0.625769
0.909676 0.92882
0.910097 0.00853829
0.91054 0.441593
0.911885 0.0551282
0.91206 0.997107
0.913146 0.237283
0.913316 0.106117
0.913951 0.778435
0.914247 0.753001
0.914889 0.539319
0.914981 0.0781082
0.917971 0.334645
0.919932 0.29518
0.920358 0.464737
0.921198 0.580619
0.921211 0.794303
0.921424 0.36884
0.923731 0.141284
0.924291 0.550904
0.924821 0.466266
0.924859 0.0993723
0.92499 0.305062
0.925977 0.889655
0.926942 0.105673
0.927612 0.377077
0.927808 0.661053
0.927942 0.922224
0.92839 0.450479
0.928743 0.38779
0.929112 0.588466
0.92951 0.282821
0.929511 0.28776
0.92987 0.319488
0.930637 0.210621
0.931183 0.394983
0.932127 0.261061
0.932531 0.048761
0.934444 0.200558
0.934539 0.795885
0.934688 0.308244
0.93479 0.00981378
0.935485 0.701173
0.936069 0.50381
0.937894 0.187325
0.939438 0.133399
0.940255 0.861312
0.94038 0.965056
0.941043 0.114846
0.944125 0.910595
0.944878 0.566006
0.946221 0.135119
0.946235 0.36519
0.94915 0.358317
0.949618 0.226221
0.952738 0.671206
0.953795 0.437808
0.956236 0.453727
0.956586 0.341004
0.958526 0.952984
0.959149 0.414523
0.959823 0.737487
0.960025 0.134992
0.960118 0.707075
0.961159 0.196702
0.962118 0.31824
0.962493 0.626285
0.963212 0.700432
0.963562 0.58857
0.963789 0.394142
0.965885 0.637136
0.96712 0.389677
0.9678 0.814697
0.968009 0.32174
0.968697 0.884246
0.968972 0.516142
0.969085 0.414271
0.969489 0.195429
0.970131 0.995263
0.970245 0.904286
0.970567 0.313309
0.971801 0.0660857
0.971949 0.545354
0.97213 0.587957
0.972328 0.91454
0.972999 0.192291
0.973094 0.795507
0.973525 0.0379821
0.975131 0.0214015
0.975249 0.014402
0.975317 0.158766
0.978939 0.0262084
0.979185 0.157733
0.97929 0.931415
0.980432 0.120468
0.981529 0.552459
0.981731 0.95927
0.982361 0.540146
0.982934 0.174571
0.983549 0.504713
0.985032 0.427191
0.986013 0.927283
0.987085 0.929403
0.9878 0.959863
0.988409 0.189624
0.988499 0.697727
0.989374 0.415269
0.991831 0.706324
0.993337 0.0211774
0.993343 0.111267
0.994284 0.937962
0.995981 0.450122
0.996469 0.64678
0.996626 0.28519
0.998553 0.685146
