0.000390649 0.565643
0.00284216 0.768245
0.00309095 0.949592
0.00359387 0.402102
0.00439518 0.86975
0.00504255 0.750227
0.00549618 0.374261
0.00573065 0.314971
0.00857318 0.0895157
0.00995116 0.249222
0.0115716 0.483139
0.0128223 0.504102
0.0130823 0.874206
0.013617 0.861241
0.0143914 0.876767
0.0189398 0.32079
0.0194703 0.23659
0.0196765 0.702873
0.0200099 0.305974
0.0208791 0.915356
0.0214124 0.878333
0.0214257 0.100962
0.0228174 0.492164
0.02287 0.376849
0.0257861 0.387436
0.0281724 0.494284
0.0293249 0.863929
0.032307 0.98453
0.0344809 0.520237
0.0361644 0.814878
0.0379145 0.229692
0.0416345 0.750964
0.0452191 0.997353
0.0466289 0.691193
0.0550222 0.757335
0.0579337 0.691012
0.0592292 0.465693
0.0609051 0.632319
0.0626871 0.581713
0.0636009 0.939859
0.0692682 0.191297
0.0758301 0.477315
0.0763998 0.0523063
0.0773584 0.163263
0.0801948 0.833545
0.0829186 0.612969
0.0866187 0.800774
0.0903748 0.929959
0.0912255 0.227539
0.0917088 0.349995
0.0925893 0.148188
0.0929563 0.316087
0.094225 0.639382
0.0947104 0.797042
0.0961213 0.511387
0.0975939 0.260479
0.100709 0.617911
0.101024 0.910055
0.101704 0.341626
0.101972 0.843815
0.102089 0.806043
0.102092 0.867112
0.105029 0.214233
0.1058 0.174442
0.108489 0.373822
0.111609 0.818072
0.118419 0.268454
0.120019 0.16342
0.123903 0.440943
0.125542 0.976294
0.126351 0.584714
0.128601 0.399828
0.130021 0.265715
0.132122 0.576267
0.132514 0.164426
0.13288 0.309018
0.140946 0.880118
0.142075 0.850063
0.142609 0.827182
0.142864 0.120744
0.144585 0.0394368
0.144978 0.648383
0.145571 0.616219
0.145582 0.790364
0.145655 0.0204262
0.146665 0.992393
0.146941 0.631403
0.148416 0.428065
0.152877 0.406357
0.153604 0.61777
0.154035 0.871156
0.156345 0.697061
0.157334 0.315973
0.158039 0.160924
0.164038 0.985817
0.173014 0.840963
0.17308 0.954545
0.178536 0.657648
0.17911 0.308469
0.179151 0.987391
0.182394 0.493506
0.186289 0.956796
0.187251 0.131506
0.187896 0.971145
0.19363 0.337731
0.193745 0.268699
0.196226 0.970538
0.196602 0.286034
0.196636 0.862916
0.19964 0.348813
0.201549 0.433592
0.201716 0.239651
0.206119 0.242887
0.207823 0.881592
0.208259 0.204796
0.213164 0.643058
0.213359 0.929953
0.215075 0.760811
0.218768 0.837529
0.219227 0.5513
0.22256 0.569297
0.223901 0.0996299
0.224247 0.919584
0.226519 0.109558
0.228028 0.460115
0.229199 0.143129
0.230075 0.865555
0.230725 0.798468
0.234953 0.854035
0.23633 0.999662
0.23999 0.505806
0.240366 0.834553
0.240573 0.306033
0.240646 0.54083
0.240725 0.860129
0.244853 0.242341
0.249892 0.939677
0.251105 0.323088
0.252704 0.193549
0.253291 0.0577796
0.254106 0.766933
0.25818 0.228576
0.258669 0.443321
0.258804 0.72531
0.260956 0.888481
0.262035 0.0261391
0.262559 0.825835
0.263124 0.317428
0.266884 0.524384
0.267733 0.78813
0.268326 0.751567
0.270016 0.163338
0.270202 0.284956
0.271102 0.404617
0.27146 0.42891
0.277873 0.206397
0.284645 0.0347628
0.284661 0.301501
0.284782 0.339636
0.286321 0.192662
0.286577 0.501931
0.288995 0.138021
0.290116 0.977149
0.292871 0.280352
0.292969 0.929556
0.293018 0.758838
0.295523 0.859672
0.296101 0.566374
0.296827 0.776394
0.299446 0.784898
0.301128 0.062658
0.303168 0.351312
0.303946 0.417647
0.305162 0.863418
0.306831 0.909518
0.311355 0.936348
0.313337 0.248522
0.313489 0.817582
0.313624 0.0804752
0.318923 0.146256
0.31944 0.836296
0.320004 0.304192
0.321796 0.426251
0.322106 0.643238
0.322337 0.521909
0.327814 0.562312
0.328609 0.923912
0.329075 0.769167
0.329774 0.510935
0.331142 0.495949
0.331706 0.975286
0.334277 0.188874
0.337208 0.455039
0.337946 0.853315
0.338824 0.621008
0.346171 0.0940908
0.346204 0.656681
0.347325 0.492717
0.348028 0.308539
0.349149 0.15111
0.353881 0.675365
0.354405 0.491605
0.358901 0.0447603
0.360274 0.132636
0.360561 0.950103
0.363958 0.0455168
0.366291 0.254774
0.366317 0.688777
0.369248 0.95099
0.37166 0.492036
0.372986 0.771636
0.373187 0.149074
0.375422 0.719137
0.376193 0.672983
0.376995 0.151831
0.377172 0.130085
0.377793 0.572958
0.378291 0.943244
0.379879 0.621835
0.382473 0.226498
0.383166 0.865115
0.383494 0.380991
0.385462 0.460753
0.385531 0.612513
0.386391 0.07454
0.388175 0.0634808
0.388901 0.259476
0.390036 0.335571
0.393061 0.172276
0.393753 0.815065
0.401004 0.682607
0.401591 0.5424
0.402832 0.390392
0.404478 0.0599023
0.408757 0.972355
0.413208 0.784369
0.413659 0.371736
0.420215 0.559831
0.423212 0.916412
0.42506 0.986081
0.427924 0.11898
0.429088 0.687133
0.432653 0.599884
0.434892 0.222595
0.436222 0.58571
0.438043 0.189107
0.438501 0.886881
0.438812 0.11106
0.442873 0.362479
0.443782 0.645257
0.446965 0.139563
0.450404 0.933935
0.451115 0.892103
0.451328 0.472408
0.452107 0.56122
0.452132 0.983054
0.45248 0.836239
0.452553 0.0657146
0.4554 0.900867
0.462729 0.0869879
0.466183 0.141993
0.4731 0.383691
0.473125 0.808827
0.473859 0.148608
0.480559 0.753055
0.480652 0.312788
0.480947 0.272006
0.485398 0.0761148
0.48807 9.26028e-05
0.489964 0.82013
0.490956 0.489326
0.491886 0.130348
0.494158 0.318859
0.499559 0.0963838
0.500087 0.965523
0.500659 0.570333
0.504235 0.685528
0.506036 0.940519
0.507532 0.0938276
0.508082 0.330618
0.508421 0.0358301
0.509565 0.264859
0.509765 0.627404
0.510663 0.71648
0.511042 0.087293
0.514424 0.929289
0.515706 0.462472
0.516247 0.564602
0.518961 0.17896
0.528321 0.496174
0.532665 0.505203
0.537011 0.546602
0.539798 0.380402
0.54275 0.996805
0.542928 0.984067
0.543251 0.418871
0.546695 0.304302
0.54725 0.630485
0.547677 0.804628
0.553043 0.000403597
0.555852 0.207639
0.556383 0.130701
0.556444 0.162389
0.558122 0.361439
0.560824 0.773446
0.565245 0.0776374
0.566543 0.894111
0.566705 0.602692
0.566812 0.404237
0.567209 0.089623
0.569972 0.514722
0.570728 0.230764
0.575666 0.217467
0.576774 0.838262
0.583257 0.8056
0.590001 0.146211
0.591542 0.0429072
0.5921 0.428101
0.592428 0.937944
0.593334 0.16024
0.594167 0.171953
0.594591 0.299247
0.594911 0.666352
0.596695 0.645103
0.597588 0.662043
0.598856 0.96942
0.599185 0.499102
0.60045 0.768058
0.602618 0.206381
0.603493 0.899482
0.606471 0.954365
0.606931 0.694808
0.615592 0.250422
0.619314 0.810505
0.620053 0.224269
0.620685 0.847556
0.625376 0.701732
0.629235 0.55534
0.630362 0.491428
0.634568 0.182279
0.635722 0.577001
0.638235 0.819672
0.638532 0.813843
0.640347 0.316006
0.640445 0.958173
0.641321 0.684763
0.642721 0.207964
0.642912 0.426989
0.64334 0.620878
0.645451 0.101426
0.648452 0.528688
0.649028 0.219392
0.651191 0.56905
0.652323 0.595658
0.652686 0.700703
0.656419 0.428842
0.65746 0.927805
0.657981 0.691664
0.658637 0.709415
0.659415 0.782567
0.660684 0.112037
0.661063 0.485402
0.664066 0.95502
0.665036 0.257448
0.665721 0.777911
0.6662 0.821212
0.666572 0.0771963
0.66769 0.871862
0.668893 0.0795083
0.671604 0.64636
0.671666 0.687768
0.671908 0.756134
0.677648 0.238526
0.684943 0.837074
0.686693 0.253062
0.69154 0.710461
0.69325 0.449922
0.693696 0.942654
0.694415 0.0265912
0.696793 0.999835
0.697736 0.847215
0.70019 0.0920011
0.70131 0.921142
0.702889 0.45802
0.706192 0.968477
0.706622 0.187552
0.707145 0.992945
0.70788 0.340122
0.708695 0.0330363
0.709358 0.174288
0.710341 0.707853
0.711405 0.575994
0.712112 0.473828
0.71308 0.728798
0.721004 0.917199
0.722804 0.162821
0.723797 0.8481
0.723993 0.156228
0.725866 0.637079
0.725932 0.747257
0.726995 0.598336
0.72792 0.1461
0.728549 0.728995
0.73522 0.846829
0.73577 0.0838859
0.737145 0.192963
0.742043 0.514174
0.743298 0.603617
0.746865 0.554929
0.747575 0.484468
0.74888 0.427204
0.753459 0.390295
0.754612 0.757476
0.757138 0.217415
0.759235 0.464925
0.760465 0.127659
0.76619 0.347038
0.7673 0.0146505
0.767342 0.710109
0.770103 0.128783
0.771992 0.872443
0.772633 0.647639
0.77406 0.624715
0.776811 0.86224
0.777001 0.056275
0.778499 0.227992
0.780642 0.257856
0.780867 0.0267698
0.781473 0.215051
0.781678 0.654177
0.783271 0.431739
0.784815 0.390233
0.789251 0.937293
0.793193 0.188894
0.793997 0.710739
0.794117 0.725411
0.794318 0.108875
0.794776 0.805875
0.799406 0.613024
0.802855 0.588005
0.80437 0.0516213
0.804606 0.014386
0.810117 0.643004
0.810476 0.67834
0.813861 0.554271
0.81414 0.257168
0.815198 0.0400953
0.81577 0.650125
0.822003 0.41129
0.825742 0.248786
0.826917 0.989997
0.827706 0.255959
0.833207 0.718055
0.835897 0.91871
0.837834 0.468956
0.841823 0.524325
0.843349 0.173388
0.844067 0.228274
0.844081 0.474804
0.845857 0.313972
0.846078 0.0399421
0.846916 0.120081
0.850956 0.0254959
0.851892 0.751974
0.853197 0.682533
0.854048 0.978649
0.854908 0.43699
0.855732 0.283887
0.857158 0.256628
0.865772 0.0226548
0.867445 0.141946
0.868991 0.12381
0.869146 0.728942
0.870425 0.241134
0.870795 0.452877
0.870862 0.580398
0.872666 0.89591
0.873152 0.0715232
0.874113 0.22025
0.874564 0.802624
0.875144 0.54564
0.875876 0.844842
0.87635 0.821439
0.876604 0.0894943
0.876902 0.0864745
0.878146 0.991701
0.878837 0.60687
0.87954 0.424383
0.880478 0.192192
0.881481 0.0587614
0.881748 0.545721
0.881769 0.894119
0.882201 0.158962
0.88411 0.237121
0.884823 0.225577
0.889932 0.0840174
0.891008 0.168471
0.891306 0.174397
0.899792 0.801196
0.901746 0.638559
0.905157 0.978869
0.906077 0.438194
0.906751 0.763843
0.907301 0.00388889
0.907908 0.209756
0.908578 0.475572
0.911388 0.701676
0.912952 0.989848
0.91762 0.442775
0.918022 0.192494
0.918657 0.871676
0.920602 0.557999
0.921021 0.599007
0.922119 0.0615848
0.92279 0.332691
0.923913 0.2026
0.926552 0.560465
0.92819 0.0833326
0.928537 0.915465
0.929081 0.0668696
0.930825 0.368671
0.931972 0.656421
0.934488 0.93806
0.935776 0.583207
0.939595 0.764499
0.940021 0.929571
0.943136 0.290056
0.944363 0.903851
0.950883 0.489769
0.954499 0.270253
0.956326 0.965093
0.956478 0.528347
0.95926 0.282145
0.959345 0.718902
0.961094 0.112272
0.962316 0.642866
0.96257 0.912017
0.96336 0.192207
0.964249 0.137779
0.967922 0.860565
0.968803 0.663916
0.975353 0.752185
0.977453 0.0516458
0.981253 0.921949
0.981369 0.86886
0.987521 0.259283
0.988241 0.368657
0.992959 0.66064
0.99788 0.371761
0.999068 0.330192
