0.00228454 0.396262
0.00405919 0.222883
0.00609427 0.426363
0.00723367 0.576346
0.00883155 0.431844
0.00905905 0.255479
0.00987611 0.987783
0.0115149 0.531116
0.0117269 0.0938519
0.0119407 0.687048
0.0130547 0.410079
0.0147894 0.565613
0.0152442 0.208681
0.0221521 0.310607
0.0223398 0.465236
0.023434 0.855537
0.0245113 0.961952
0.0249512 0.354059
0.0253493 0.045433
0.0276646 0.959291
0.0289189 0.040157
0.0308911 0.186146
0.0309028 0.382705
0.0326871 0.371849
0.0328676 0.406414
0.0350876 0.716626
0.0363563 0.0397963
0.0370758 0.132859
0.0381861 0.793319
0.0384789 0.714587
0.0389936 0.365503
0.0425241 0.703258
0.0450898 0.823469
0.0460353 0.715726
0.0462354 0.0791159
0.0481595 0.416484
0.0487483 0.312404
0.0488079 0.314288
0.051018 0.459951
0.0522048 0.405719
0.0531804 0.802158
0.0547213 0.700561
0.0570186 0.310929
0.0570254 0.425734
0.0579432 0.851359
0.0593743 0.904233
0.0614244 0.359832
0.0710148 0.54537
0.0710242 0.704136
0.0737573 0.638929
0.0741681 0.543704
0.0775408 0.228664
0.0779944 0.852025
0.0808537 0.908953
0.0830075 0.106404
0.0834307 0.220198
0.0904567 0.305491
0.0907948 0.987881
0.0918961 0.497463
0.0944516 0.447498
0.0948061 0.406386
0.0953871 0.171034
0.098135 0.355511
0.101383 0.947152
0.103292 0.035767
0.10985 0.254392
0.110223 0.514055
0.111458 0.272091
0.111919 0.0147418
0.11269 0.975906
0.115626 0.334054
0.118758 0.959484
0.12212 0.472155
0.124064 0.15123
0.1245 0.467759
0.12575 0.484878
0.130106 0.685356
0.131634 0.369035
0.133797 0.731927
0.133883 0.174789
0.136385 0.22116
0.136536 0.767124
0.136731 0.0424677
0.137187 0.705415
0.139092 0.726198
0.141597 0.821664
0.142483 0.713491
0.143035 0.988373
0.148867 0.00150121
0.149978 0.673379
0.152093 0.2215
0.152558 0.0472349
0.154138 0.595626
0.155608 0.310447
0.156631 0.502272
0.157025 0.113042
0.158451 0.0793723
0.158933 0.192296
0.160054 0.0256712
0.160669 0.368148
0.162616 0.094823
0.167468 0.629758
0.168113 0.477575
0.175189 0.404735
0.176242 0.102496
0.177055 0.755307
0.178478 0.672214
0.178746 0.186754
0.180633 0.89449
0.181366 0.219433
0.182236 0.843756
0.185408 0.148022
0.185425 0.445831
0.186484 0.231075
0.189113 0.423068
0.190811 0.965782
0.191551 0.393853
0.193119 0.742953
0.196162 0.901111
0.198323 0.20918
0.201751 0.824085
0.204265 0.0754518
0.204352 0.547944
0.20499 0.268786
0.209438 0.0259604
0.209896 0.724752
0.214504 0.169063
0.214635 0.363052
0.216807 0.874035
0.217155 0.731126
0.224033 0.322311
0.224769 0.687106
0.224867 0.341099
0.226061 0.409264
0.22683 0.329723
0.227353 0.123823
0.227775 0.209332
0.230853 0.941398
0.231598 0.465491
0.234487 0.0205833
0.234724 0.00976984
0.239968 0.143704
0.24117 0.341958
0.245235 0.667696
0.245906 0.933872
0.246333 0.11498
0.249938 0.708649
0.251301 0.608151
0.252353 0.295566
0.256032 0.122599
0.256791 0.893794
0.257411 0.299656
0.258539 0.264006
0.259407 0.861546
0.261127 0.763686
0.263993 0.934746
0.266499 0.0541837
0.267032 0.00726834
0.269573 0.718113
0.273638 0.0383255
0.276066 0.836703
0.276291 0.627491
0.277923 0.0524587
0.280129 0.121391
0.287172 0.499421
0.28754 0.687974
0.289885 0.097821
0.291655 0.842391
0.293578 0.168255
0.293726 0.646827
0.295272 0.640054
0.29528 0.769439
0.295908 0.322829
0.296198 0.205254
0.296866 0.43341
0.297535 0.664751
0.297639 0.412543
0.297759 0.437499
0.299274 0.897343
0.3021 0.394232
0.304129 0.500548
0.30422 0.0323952
0.306607 0.150701
0.306815 0.632621
0.309593 0.336699
0.312308 0.954421
0.313426 0.742865
0.314102 0.113688
0.314256 0.692421
0.314449 0.950242
0.315836 0.263963
0.31772 0.926839
0.319606 0.611339
0.320158 0.898602
0.320685 0.748183
0.323325 0.119267
0.32588 0.0593772
0.326775 0.0993815
0.327993 0.57811
0.330167 0.117111
0.332238 0.922126
0.332646 0.785398
0.332933 0.600759
0.334887 0.446325
0.336174 0.0704344
0.336309 0.349004
0.336732 0.451598
0.338152 0.314394
0.339296 0.542272
0.341739 0.605956
0.343711 0.74321
0.349311 0.868747
0.351111 0.11523
0.35185 0.536993
0.35825 0.100929
0.360953 0.540602
0.361821 0.12555
0.362803 0.636841
0.367824 0.0239162
0.368289 0.836754
0.369373 0.0440661
0.370322 0.997369
0.370721 0.712198
0.372783 0.35847
0.372841 0.34057
0.37317 0.875566
0.37566 0.713317
0.375889 0.569134
0.379631 0.455021
0.380135 0.936308
0.381139 0.796515
0.38144 0.858008
0.382135 0.546182
0.38241 0.159005
0.383751 0.711314
0.386035 0.0845969
0.387272 0.882289
0.388807 0.675654
0.389191 0.128073
0.389329 0.45299
0.391515 0.195853
0.393486 0.321399
0.39393 0.783591
0.394016 0.229137
0.395277 0.418782
0.395636 0.451684
0.399195 0.267505
0.399528 0.86753
0.400721 0.915613
0.401429 0.819348
0.404229 0.875424
0.406997 0.401898
0.408758 0.994715
0.414564 0.575069
0.414843 0.259949
0.415489 0.128021
0.418683 0.807711
0.421225 0.526069
0.421566 0.265662
0.426268 0.293388
0.426291 0.66961
0.426718 0.843487
0.437554 0.961957
0.437737 0.0412652
0.439197 0.586544
0.44018 0.112948
0.440436 0.405562
0.442346 0.505752
0.44251 0.26112
0.443469 0.382846
0.445028 0.586344
0.445264 0.552763
0.445788 0.352694
0.445971 0.438889
0.447333 0.318591
0.448968 0.799963
0.449104 0.0958836
0.450781 0.270132
0.454325 0.833592
0.455982 0.690575
0.458835 0.642199
0.459173 0.323408
0.45994 0.208085
0.464107 0.245215
0.465089 0.744273
0.465999 0.0500609
0.467021 0.219456
0.470632 0.918232
0.472147 0.373365
0.473019 0.0226771
0.473785 0.896389
0.473824 0.558758
0.474378 0.878086
0.476599 0.192375
0.476845 0.333808
0.477803 0.443145
0.478072 0.956409
0.479849 0.815338
0.481314 0.436235
0.481982 0.672905
0.484838 0.678093
0.485087 0.858791
0.488393 0.422146
0.493418 0.880442
0.493467 0.694963
0.49477 0.59813
0.49529 0.337273
0.49861 0.141485
0.500257 0.818031
0.502105 0.879685
0.502636 0.795947
0.504905 0.932076
0.508142 0.347804
0.508929 0.565876
0.509959 0.877883
0.511896 0.428715
0.513706 0.857162
0.514904 0.989777
0.515148 0.0946369
0.515419 0.648363
0.515441 0.00975332
0.516322 0.832153
0.517237 0.202626
0.518118 0.00681378
0.519286 0.632703
0.520118 0.62575
0.520773 0.639283
0.521155 0.0454791
0.526339 0.17842
0.528025 0.510167
0.528291 0.984486
0.533065 0.228556
0.533842 0.278189
0.53472 0.0416405
0.534977 0.360121
0.535635 0.40935
0.536558 0.934613
0.537912 0.694845
0.538517 0.849974
0.542599 0.469326
0.543951 0.178217
0.544 0.00567582
0.544246 0.14617
0.545639 0.546943
0.547418 0.460524
0.549105 0.804111
0.550571 0.444488
0.556496 0.0221078
0.558383 0.745349
0.558869 0.90779
0.561598 0.774877
0.562119 0.542508
0.562283 0.293539
0.562505 0.0211683
0.5627 0.301896
0.5638 0.79419
0.565591 0.893655
0.565779 0.0452165
0.566078 0.0725005
0.567921 0.055265
0.568897 0.459922
0.571009 0.94965
0.572836 0.654915
0.574157 0.858418
0.576355 0.797942
0.576918 0.262386
0.578432 0.699698
0.579224 0.0190363
0.580371 0.287573
0.581007 0.980366
0.581189 0.0516052
0.582142 0.0655698
0.584721 0.403612
0.586075 0.155572
0.592262 0.155262
0.593061 0.578198
0.594983 0.885372
0.597006 0.882431
0.602205 0.254124
0.606853 0.375791
0.606888 0.965336
0.607778 0.919579
0.608373 0.918838
0.612187 0.0275398
0.614581 0.260486
0.615475 0.280431
0.615528 0.176683
0.618663 0.870242
0.619169 0.366525
0.625103 0.108452
0.626539 0.234902
0.628454 0.428429
0.629107 0.393462
0.636988 0.860898
0.638135 0.140376
0.640629 0.0488771
0.64445 0.272791
0.645332 0.0921465
0.645536 0.530044
0.646158 0.985204
0.646546 0.491007
0.647496 0.469533
0.649677 0.121282
0.650631 0.163022
0.650885 0.418015
0.654895 0.824554
0.656249 0.577179
0.656912 0.724723
0.659455 0.462318
0.659933 0.490663
0.663759 0.791283
0.664658 0.905497
0.665601 0.748917
0.665689 0.236968
0.666355 0.432566
0.668104 0.82329
0.671029 0.990585
0.671036 0.108536
0.671077 0.783474
0.671115 0.42605
0.671563 0.955432
0.673464 0.915523
0.674002 0.947599
0.674548 0.129198
0.675727 0.94443
0.676157 0.166103
0.676177 0.509641
0.677231 0.228103
0.67772 0.437541
0.677779 0.43873
0.678439 0.522857
0.67882 0.919591
0.679472 0.879756
0.683079 0.503266
0.684633 0.619524
0.685348 0.638995
0.685679 0.205289
0.686636 0.29135
0.687896 0.468793
0.68836 0.259052
0.688804 0.72468
0.690233 0.738251
0.693156 0.86509
0.694619 0.456701
0.697462 0.241976
0.698722 0.420796
0.699095 0.690125
0.699243 0.170145
0.700635 0.571036
0.700873 0.566202
0.700982 0.411605
0.701124 0.796988
0.701999 0.500028
0.7022 0.878742
0.704304 0.233959
0.705315 0.229577
0.705322 0.352928
0.706264 0.175953
0.706774 0.755634
0.707925 0.0998202
0.71066 0.0546326
0.710745 0.488455
0.710793 0.292794
0.711887 0.68351
0.712161 0.283458
0.713386 0.87959
0.714787 0.431741
0.715652 0.967179
0.71749 0.85382
0.720308 0.222451
0.721271 0.405215
0.722798 0.0701646
0.724282 0.0137035
0.724877 0.0145042
0.728191 0.701156
0.729073 0.536352
0.729323 0.737344
0.729827 0.210218
0.730108 0.931632
0.730523 0.901937
0.731068 0.0613016
0.732345 0.520087
0.733699 0.27751
0.738062 0.606277
0.743356 0.584426
0.744744 0.909119
0.747588 0.705179
0.747596 0.845741
0.748026 0.0782841
0.748288 0.473323
0.748831 0.608856
0.754487 0.662239
0.754664 0.640337
0.75525 0.487177
0.75952 0.25046
0.761208 0.621604
0.764273 0.136113
0.76478 0.65186
0.766076 0.43461
0.766701 0.945964
0.767443 0.410459
0.767924 0.505953
0.768827 0.679906
0.771894 0.224922
0.771895 0.24725
0.772004 0.0680629
0.772424 0.121523
0.772671 0.277709
0.774293 0.549867
0.775445 0.908422
0.77675 0.832376
0.778704 0.674834
0.779 0.65815
0.779266 0.130716
0.781177 0.241887
0.782007 0.184986
0.783506 0.3844
0.783792 0.192444
0.784585 0.528131
0.784752 0.333368
0.786926 0.862727
0.788027 0.366166
0.789276 0.369465
0.79056 0.945239
0.793781 0.085048
0.798295 0.946515
0.800321 0.988372
0.801262 0.804111
0.801626 0.934944
0.805423 0.753053
0.805911 0.952552
0.808006 0.153542
0.808731 0.341868
0.810906 0.90038
0.810965 0.891198
0.813977 0.506622
0.815958 0.800333
0.819373 0.200522
0.820886 0.63313
0.821961 0.693331
0.824146 0.422661
0.829158 0.651597
0.831118 0.597403
0.831581 0.38925
0.832176 0.386169
0.834272 0.61286
0.838857 0.668678
0.846311 0.948008
0.847846 0.750906
0.847981 0.0155285
0.852151 0.104195
0.852901 0.70645
0.85542 0.0522022
0.856544 0.927268
0.857339 0.303613
0.860441 0.428978
0.860721 0.136915
0.860755 0.716684
0.862373 0.899308
0.866272 0.436362
0.870866 0.651579
0.871918 0.317823
0.875608 0.34601
0.876797 0.329142
0.876938 0.70259
0.881848 0.214717
0.882045 0.532785
0.884802 0.865971
0.887815 0.512981
0.888609 0.859179
0.888957 0.700257
0.890452 0.820977
0.890452 0.831065
0.891984 0.56747
0.893742 0.125233
0.897465 0.701798
0.897498 0.252884
0.902644 0.737222
0.902839 0.0146396
0.905728 0.572667
0.905983 0.857635
0.906453 0.754019
0.906495 0.4638
0.908139 0.094398
0.910644 0.187633
0.914334 0.21643
0.917655 0.032288
0.919436 0.963298
0.920274 0.0413319
0.921004 0.305879
0.922216 0.677902
0.922594 0.0432448
0.923332 0.43742
0.923993 0.547984
0.925958 0.578315
0.932227 0.944129
0.932669 0.375455
0.934147 0.213932
0.935122 0.604016
0.935579 0.278022
0.93581 0.157358
0.936035 0.943231
0.93864 0.728135
0.939159 0.446257
0.942484 0.329249
0.943052 0.871933
0.944128 0.965254
0.944218 0.479704
0.947096 0.841375
0.950235 0.601936
0.952207 0.744567
0.952906 0.484285
0.953731 0.358356
0.954151 0.419831
0.954362 0.959611
0.956306 0.642514
0.95954 0.981223
0.960298 0.730746
0.961674 0.857487
0.961786 0.734423
0.965622 0.208233
0.966643 0.374348
0.967084 0.777953
0.968466 0.00509835
0.968748 0.751783
0.969111 0.847359
0.969319 0.347828
0.970059 0.774122
0.970402 0.538658
0.976219 0.31514
0.977092 0.981913
0.977244 0.546794
0.97753 0.343912
0.978958 0.343513
0.982168 0.301594
0.984388 0.616275
0.985406 0.72165
0.985684 0.382949
0.986481 0.788784
0.9879 0.637195
0.988814 0.999176
0.989641 0.891756
0.991936 0.467977
0.993315 0.648149
0.995573 0.587859
0.995587 0.838929
0.998241 0.435718
0.998332 0.958456
0.998646 0.245716
0.999563 0.648245
