0.000320049 0.379071
0.00121863 0.481444
0.00245297 0.227044
0.00315551 0.0346556
0.00345369 0.0462399
0.00391249 0.757162
0.00543357 0.321998
0.00599837 0.814695
0.00825393 0.723859
0.0105485 0.288176
0.011128 0.0280375
0.0111526 0.441966
0.0119302 0.511369
0.0140376 0.929822
0.0144892 0.519898
0.0145129 0.918417
0.0152238 0.865651
0.0153475 0.944695
0.0160256 0.34226
0.0169645 0.121903
0.0172773 0.379219
0.0184467 0.033557
0.0198143 0.0184374
0.0217154 0.97049
0.0222549 0.0380588
0.023562 0.00653642
0.0249559 0.433841
0.0266265 0.512334
0.0270603 0.803137
0.0278822 0.616147
0.0299923 0.0811356
0.0313103 0.231788
0.0320641 0.900872
0.0336861 0.161869
0.0352303 0.116269
0.0353203 0.628676
0.0379556 0.919219
0.0383331 0.263743
0.039988 0.077791
0.0406784 0.681283
0.0411817 0.140149
0.0420168 0.177211
0.0424064 0.724885
0.0429949 0.615999
0.0446241 0.99645
0.0473169 0.25589
0.0476413 0.707042
0.0506795 0.770697
0.0526311 0.57148
0.0533286 0.29355
0.0534327 0.0428844
0.054193 0.821882
0.0542051 0.0254535
0.0546807 0.0181566
0.055501 0.804603
0.0572072 0.481015
0.0586069 0.00628295
0.0601946 0.691189
0.0606591 0.496654
0.0613513 0.131569
0.0634044 0.637468
0.0639689 0.124601
0.0650198 0.787456
0.0650829 0.848805
0.0651543 0.0488697
0.0655032 0.911415
0.0656578 0.510615
0.0659889 0.0755
0.0666919 0.89021
0.0691775 0.666642
0.0700793 0.823118
0.0723329 0.69963
0.0735722 0.527704
0.0752871 0.35014
0.0755793 0.262001
0.0756942 0.192766
0.0757142 0.528095
0.0768636 0.846752
0.0775501 0.383751
0.0786536 0.930705
0.0792659 0.222138
0.0799347 0.463246
0.0800365 0.173386
0.0800903 0.0779418
0.0805104 0.139096
0.0809512 0.546152
0.0816139 0.685345
0.0838918 0.969165
0.0870697 0.380895
0.0900805 0.982904
0.0906772 0.0118166
0.094177 0.832867
0.0948179 0.604909
0.096064 0.54717
0.0971206 0.306016
0.0975247 0.0984826
0.0985777 0.796095
0.0986282 0.644849
0.102642 0.103511
0.104006 0.030531
0.10515 0.252399
0.108312 0.396726
0.11027 0.306131
0.112549 0.617296
0.114458 0.701106
0.114876 0.728614
0.114962 0.159548
0.115949 0.758581
0.116171 0.481921
0.116208 0.10411
0.118396 0.886112
0.122359 0.489203
0.122582 0.243841
0.124084 0.47849
0.124405 0.874153
0.12456 0.48334
0.124561 0.490602
0.124641 0.84433
0.126448 0.21947
0.127527 0.34794
0.129069 0.269258
0.12918 0.127536
0.13468 0.559712
0.137539 0.614034
0.138856 0.751984
0.139374 0.462232
0.141965 0.00300836
0.142755 0.282158
0.143495 0.72387
0.143752 0.0435563
0.144073 0.434641
0.144183 0.286149
0.144283 0.963426
0.145645 0.848371
0.149217 0.887393
0.151338 0.537655
0.15168 0.294184
0.151957 0.940755
0.152467 0.520889
0.153286 0.284601
0.154539 0.332588
0.154938 0.0423141
0.156662 0.0257308
0.156707 0.773963
0.157865 0.236273
0.158218 0.16841
0.158285 0.29054
0.159244 0.412719
0.159512 0.91152
0.159515 0.967142
0.160337 0.786616
0.161213 0.502186
0.161693 0.579915
0.162006 0.82935
0.164187 0.49625
0.165686 0.676803
0.167731 0.0587473
0.16811 0.417351
0.168244 0.681058
0.168612 0.861503
0.168855 0.950241
0.169168 0.208066
0.172611 0.0693924
0.17416 0.101548
0.175794 0.564982
0.178998 0.413463
0.184886 0.383826
0.188639 0.45393
0.188795 0.079317
0.189814 0.208438
0.189849 0.792543
0.190242 0.396167
0.190511 0.923276
0.190925 0.87544
0.192038 0.580893
0.192484 0.0735063
0.192983 0.470723
0.194163 0.296388
0.195174 0.2876
0.196357 0.180023
0.197395 0.611445
0.197906 0.208986
0.19805 0.632507
0.199973 0.945449
0.202243 0.0993828
0.20227 0.555707
0.20412 0.641052
0.20443 0.857593
0.205419 0.470776
0.205673 0.739348
0.205835 0.462275
0.206648 0.134699
0.208754 0.530339
0.209161 0.370719
0.209331 0.228924
0.210085 0.899339
0.210359 0.500203
0.213455 0.530704
0.21597 0.810676
0.21874 0.367947
0.219413 0.667158
0.219637 0.431798
0.21984 0.844815
0.22018 0.557188
0.220712 0.513497
0.22078 0.646505
0.221903 0.523332
0.222644 0.973293
0.223215 0.582415
0.224165 0.539803
0.225728 0.803557
0.225938 0.343181
0.226992 0.0509126
0.226992 0.0593729
0.228038 0.642211
0.228243 0.0729082
0.23158 0.156819
0.232025 0.650943
0.233801 0.485188
0.234188 0.990717
0.235632 0.259255
0.236175 0.389622
0.238648 0.960862
0.239867 0.442783
0.241005 0.569084
0.242043 0.015125
0.24295 0.265095
0.243101 0.806755
0.243576 0.785692
0.246563 0.976582
0.247395 0.968126
0.24834 0.856579
0.248971 0.460151
0.249099 0.608701
0.255348 0.633364
0.256453 0.213392
0.256812 0.234648
0.256943 0.443539
0.259165 0.78166
0.260746 0.351479
0.262576 0.114017
0.262887 0.335841
0.263698 0.972906
0.264211 0.592642
0.267239 0.487866
0.269074 0.320936
0.270745 0.403929
0.270989 0.512358
0.274348 0.958974
0.274508 0.657553
0.274671 0.4005
0.27709 0.0468422
0.277304 0.643239
0.277532 0.488107
0.278159 0.0174226
0.280081 0.319791
0.282254 0.843993
0.282477 0.59842
0.283244 0.473611
0.283706 0.252513
0.285685 0.513041
0.286459 0.524192
0.287263 0.0334838
0.287516 0.2871
0.287527 0.471325
0.289041 0.91356
0.292302 0.720692
0.292712 0.61041
0.293503 0.904249
0.294232 0.157659
0.294728 0.499982
0.295797 0.468582
0.296179 0.88003
0.296881 0.681349
0.297632 0.293888
0.297872 0.3398
0.297961 0.832359
0.298165 0.259424
0.298582 0.268509
0.2988 0.936032
0.300835 0.130989
0.302488 0.912479
0.303667 0.736304
0.303781 0.653499
0.306377 0.286063
0.307445 0.232796
0.309016 0.628878
0.310456 0.8363
0.31225 0.982582
0.313644 0.414653
0.313712 0.560512
0.313866 0.14103
0.315717 0.249447
0.316466 0.840862
0.316782 0.148855
0.31704 0.494337
0.317468 0.68749
0.317562 0.264676
0.319669 0.673901
0.320485 0.393488
0.322879 0.620118
0.324388 0.985803
0.324496 0.803751
0.324574 0.112289
0.325766 0.150361
0.325824 0.122756
0.326333 0.68327
0.326737 0.466612
0.327896 0.954271
0.32841 0.580159
0.328903 0.875515
0.330008 0.437519
0.33112 0.135944
0.331199 0.464994
0.33172 0.220729
0.331891 0.0891484
0.333787 0.958421
0.336354 0.0987462
0.337601 0.0551569
0.338684 0.270562
0.339013 0.792621
0.340456 0.0416791
0.340828 0.299777
0.342511 0.58649
0.343989 0.419584
0.345055 0.340678
0.347189 0.202949
0.347813 0.687623
0.350893 0.462162
0.351503 0.717109
0.351945 0.134386
0.352196 0.357189
0.352276 0.708561
0.35264 0.81543
0.353207 0.354318
0.354423 0.788561
0.35479 0.94746
0.3551 0.168423
0.355189 0.658282
0.355918 0.910604
0.357115 0.0261575
0.358387 0.412823
0.358626 0.423618
0.35914 0.0602199
0.360209 0.0262141
0.361704 0.162305
0.362073 0.361361
0.362257 0.455571
0.365276 0.191418
0.368123 0.0383963
0.368726 0.178545
0.369313 0.0409838
0.370413 0.525138
0.371068 0.548141
0.372035 0.784555
0.373242 0.0867592
0.373774 0.020278
0.37487 0.440413
0.375659 0.705561
0.379021 0.206954
0.379353 0.787265
0.379568 0.396418
0.379636 0.537761
0.381332 0.0515879
0.381755 0.162807
0.381834 0.476917
0.382424 0.401223
0.384657 0.928695
0.385127 0.828381
0.385743 0.184382
0.385942 0.524027
0.385974 0.0610174
0.386552 0.773823
0.388323 0.547531
0.389053 0.8156
0.38917 0.783595
0.391793 0.867592
0.391939 0.313348
0.391944 0.399689
0.393052 0.0243189
0.394898 0.0454092
0.395404 0.557141
0.395829 0.692341
0.395833 0.762034
0.396045 0.333058
0.396153 0.14523
0.397103 0.113035
0.397419 0.429441
0.398768 0.0990279
0.39968 0.42824
0.40046 0.524315
0.402639 0.151974
0.403403 0.987352
0.403739 0.638953
0.405355 0.800227
0.407208 0.951235
0.407616 0.799246
0.407736 0.815357
0.408266 0.724403
0.409172 0.950424
0.410804 0.387546
0.41124 0.709029
0.412544 0.622236
0.415416 0.896206
0.415866 0.462348
0.416368 0.89271
0.417101 0.219695
0.419827 0.029884
0.419874 0.827156
0.421524 0.561015
0.423163 0.105115
0.423746 0.901484
0.425093 0.535883
0.426123 0.84739
0.426674 0.105452
0.42791 0.879141
0.42803 0.90628
0.428108 0.20984
0.42811 0.240848
0.428139 0.731334
0.428282 0.136777
0.428561 0.817329
0.429273 0.792942
0.429673 0.513829
0.433952 0.435963
0.434341 0.973611
0.434555 0.570196
0.434988 0.838756
0.435138 0.359332
0.436532 0.80002
0.437813 0.32479
0.437978 0.0911061
0.438335 0.102619
0.440463 0.863389
0.44134 0.595082
0.441828 0.797211
0.442699 0.448675
0.442755 0.381554
0.444529 0.198151
0.445493 0.393844
0.446138 0.235228
0.446378 0.27473
0.446779 0.0128661
0.44753 0.634553
0.45123 0.816599
0.45293 0.389969
0.454528 0.255288
0.45454 0.460214
0.456412 0.912694
0.4568 0.438954
0.456891 0.972077
0.457694 0.46999
0.458055 0.525893
0.458682 0.0605463
0.460477 0.242172
0.464401 0.185782
0.465466 0.0929612
0.467321 0.258698
0.468526 0.522382
0.468907 0.917519
0.47059 0.201955
0.471096 0.710737
0.47148 0.156002
0.471595 0.0985228
0.472536 0.918597
0.472564 0.380314
0.472579 0.642826
0.47434 0.229264
0.474874 0.204998
0.475528 0.198511
0.47775 0.542643
0.478891 0.716598
0.480785 0.555779
0.481376 0.48424
0.483653 0.762691
0.483949 0.737312
0.484628 0.151343
0.48513 0.584976
0.485812 0.0432269
0.48637 0.427091
0.487236 0.976217
0.487321 0.409977
0.488204 0.239272
0.490058 0.404727
0.49141 0.126375
0.495211 0.0106093
0.495412 0.395279
0.496015 0.521944
0.498895 0.92821
0.499907 0.931005
0.50002 0.832092
0.50088 0.286974
0.501098 0.954512
0.501525 0.128068
0.502998 0.883047
0.503566 0.43034
0.505867 0.104203
0.50733 0.687667
0.511735 0.724141
0.512419 0.218315
0.515339 0.302353
0.51582 0.379635
0.515937 0.348038
0.519609 0.0611584
0.519726 0.0354618
0.519819 0.606042
0.520415 0.610443
0.522999 0.0425111
0.523033 0.619745
0.524008 0.995836
0.526828 0.39736
0.52697 0.789662
0.527466 0.124159
0.527806 0.836078
0.52808 0.441919
0.528271 0.646833
0.528801 0.562453
0.528825 0.956386
0.529061 0.934889
0.529462 0.666764
0.529688 0.459117
0.529763 0.719719
0.531591 0.456219
0.535025 0.172577
0.536391 0.131607
0.537978 0.794568
0.537995 0.0781953
0.538267 0.646377
0.538562 0.616739
0.539614 0.299583
0.540032 0.322106
0.540619 0.186462
0.540883 0.623552
0.541259 0.937592
0.542219 0.0714648
0.543251 0.41952
0.544563 0.472327
0.545439 0.18785
0.546338 0.299324
0.546473 0.57488
0.54676 0.40116
0.547136 0.715396
0.548211 0.778915
0.549207 0.529748
0.549272 0.606805
0.552867 0.0391872
0.553137 0.577965
0.554102 0.796166
0.554455 0.717871
0.555271 0.441011
0.555464 0.685557
0.556745 0.216846
0.556783 0.848043
0.558197 0.618119
0.559648 0.00886602
0.560049 0.741242
0.561399 0.431639
0.561578 0.436511
0.56221 0.0699567
0.563268 0.853745
0.563849 0.615372
0.564841 0.28042
0.564923 0.656116
0.565353 0.883862
0.5663 0.806234
0.566512 0.359829
0.567773 0.566354
0.568084 0.785314
0.568318 0.713157
0.569377 0.526428
0.571016 0.0731422
0.571978 0.235612
0.572494 0.899536
0.572888 0.53222
0.573341 0.144929
0.573357 0.409006
0.57342 0.461309
0.573444 0.868757
0.574179 0.220192
0.577211 0.190244
0.577689 0.217156
0.579399 0.966783
0.579611 0.524792
0.580538 0.107844
0.580609 0.291935
0.580708 0.953293
0.586924 0.436778
0.587654 0.707093
0.588268 0.0190234
0.58871 0.45038
0.588891 0.491652
0.588924 0.0434897
0.592478 0.772696
0.593218 0.213743
0.597467 0.631891
0.598219 0.268002
0.600244 0.29218
0.60108 0.346703
0.601203 0.415831
0.60124 0.0475522
0.602021 0.174416
0.604218 0.0908442
0.606636 0.732389
0.607881 0.657362
0.608083 0.054444
0.60876 0.431277
0.609702 0.263858
0.61109 0.586368
0.611696 0.773491
0.611843 0.245003
0.612304 0.987967
0.617272 0.494818
0.619471 0.448844
0.619598 0.579612
0.623198 0.0892646
0.624267 0.0608311
0.624378 0.926927
0.625567 0.902842
0.625933 0.0591898
0.627517 0.672688
0.627643 0.790801
0.627691 0.601793
0.628605 0.965957
0.629177 0.5758
0.629277 0.260473
0.629431 0.845882
0.63126 0.589223
0.633728 0.0731121
0.633986 0.400664
0.635208 0.937049
0.635618 0.83424
0.637987 0.646722
0.638425 0.0153822
0.638756 0.58004
0.639107 0.466511
0.640132 0.690894
0.641692 0.913434
0.643552 0.182526
0.644497 0.0562342
0.644701 0.483667
0.645302 0.59363
0.646388 0.838572
0.646486 0.493591
0.647756 0.829956
0.648188 0.102273
0.650017 0.827675
0.650172 0.442097
0.651128 0.508632
0.651342 0.0990256
0.652534 0.144752
0.652992 0.831828
0.653326 0.454111
0.653996 0.715294
0.654204 0.213431
0.654803 0.275778
0.65512 0.602162
0.655281 0.315275
0.655367 0.761361
0.655684 0.0794024
0.656733 0.716564
0.657211 0.744486
0.657778 0.273896
0.659374 0.104294
0.659494 0.110232
0.664391 0.410735
0.664398 0.538586
0.665101 0.35379
0.665436 0.980699
0.666382 0.884241
0.666906 0.68198
0.66772 0.378017
0.668517 0.7593
0.66956 0.302178
0.669565 0.385959
0.670236 0.654694
0.671723 0.645801
0.673044 0.845994
0.67439 0.480527
0.675764 0.561383
0.677343 0.0997476
0.677624 0.830678
0.67872 0.242815
0.680126 0.883247
0.680697 0.468797
0.681239 0.592394
0.683405 0.986115
0.684493 0.28131
0.686646 0.463147
0.687497 0.769679
0.687661 0.526033
0.688513 0.835399
0.689523 0.805792
0.691635 0.315219
0.692324 0.88145
0.692574 0.0836629
0.693964 0.449054
0.694321 0.455041
0.695843 0.0411557
0.697362 0.561788
0.698278 0.963871
0.698769 0.20676
0.703938 0.08759
0.705246 0.0761579
0.706262 0.141979
0.707885 0.42885
0.708552 0.628736
0.708901 0.503765
0.709236 0.130885
0.709834 0.188106
0.710087 0.435829
0.711604 0.929272
0.71182 0.563102
0.711853 0.120348
0.713284 0.169481
0.71333 0.942883
0.715328 0.510447
0.715996 0.751766
0.716819 0.576531
0.717623 0.0865349
0.718178 0.417555
0.725662 0.206366
0.725827 0.97233
0.726932 0.54119
0.728519 0.215319
0.728676 0.856515
0.728954 0.533851
0.729337 0.961922
0.729624 0.784616
0.730522 0.886707
0.73156 0.320853
0.731899 0.0279506
0.731955 0.965808
0.732157 0.361396
0.733146 0.977513
0.733613 0.832339
0.735586 0.993073
0.736689 0.527731
0.736979 0.404475
0.737958 0.860504
0.738378 0.911249
0.739031 0.894157
0.740096 0.794824
0.740987 0.7703
0.741502 0.41901
0.742761 0.581011
0.743728 0.840176
0.745118 0.192089
0.745753 0.867962
0.746247 0.179542
0.746434 0.316805
0.747009 0.985329
0.748015 0.886953
0.751336 0.703382
0.753087 0.13327
0.753426 0.82603
0.757296 0.870734
0.757651 0.845447
0.758861 0.183567
0.761273 0.714071
0.761457 0.802231
0.761679 0.54279
0.763591 0.672196
0.763612 0.0288198
0.76602 0.505847
0.767301 0.0295441
0.767536 0.982956
0.768158 0.435965
0.769012 0.790528
0.769899 0.68864
0.770882 0.206403
0.771338 0.877795
0.771468 0.0619232
0.771688 0.753238
0.77181 0.817975
0.77209 0.513914
0.773991 0.471234
0.774098 0.272379
0.775154 0.0122613
0.777123 0.104365
0.777246 0.166715
0.778501 0.269542
0.778977 0.25967
0.779026 0.0864164
0.780829 0.396943
0.7811 0.952218
0.782047 0.867892
0.784375 0.98601
0.784458 0.391407
0.786889 0.24914
0.787435 0.423523
0.787514 0.749373
0.789109 0.552997
0.790153 0.108357
0.794265 0.216113
0.796921 0.854515
0.79736 0.237794
0.79753 0.0884319
0.799223 0.532784
0.800379 0.972773
0.80104 0.0731395
0.801467 0.247752
0.802134 0.459879
0.80233 0.763828
0.803684 0.511139
0.803948 0.956039
0.804099 0.487079
0.806734 0.774593
0.806759 0.190119
0.806943 0.282521
0.807569 0.811961
0.80899 0.697759
0.80924 0.893968
0.809384 0.316762
0.811811 0.102844
0.812486 0.457638
0.812987 0.872527
0.813143 0.486957
0.814058 0.874405
0.815476 0.699196
0.816705 0.358979
0.817306 0.46337
0.818728 0.365845
0.818948 0.060885
0.820564 0.226721
0.820661 0.844909
0.821658 0.606801
0.82208 0.693508
0.822754 0.0299411
0.823115 0.0997679
0.823565 0.649585
0.824776 0.0154957
0.82551 0.3454
0.826088 0.0696721
0.826992 0.253682
0.827423 0.505149
0.827901 0.540529
0.828958 0.298507
0.831816 0.327565
0.833506 0.728223
0.835233 0.765665
0.835387 0.34684
0.836153 0.218987
0.839565 0.569025
0.845858 0.335401
0.846161 0.429944
0.846836 0.774478
0.848876 0.0654879
0.851651 0.705092
0.852347 0.38954
0.853119 0.363657
0.853863 0.873834
0.855227 0.796534
0.856307 0.951903
0.857202 0.993449
0.857634 0.2538
0.85878 0.51048
0.858974 0.781377
0.860463 0.799095
0.860675 0.367473
0.861221 0.533122
0.861471 0.738981
0.861977 0.243341
0.864645 0.0818081
0.866163 0.594817
0.867071 0.861504
0.867525 0.494038
0.867723 0.811769
0.870548 0.300777
0.873045 0.268696
0.873141 0.888324
0.873516 0.175927
0.873994 0.210877
0.874115 0.243588
0.874641 0.0984208
0.876272 0.509371
0.876775 0.963854
0.877531 0.669001
0.87764 0.492671
0.878016 0.811368
0.878438 0.910269
0.879846 0.579033
0.883623 0.0514197
0.884299 0.405681
0.885028 0.671026
0.885478 0.221696
0.886434 0.304188
0.887339 0.506183
0.887407 0.643198
0.887905 0.0210209
0.887945 0.693862
0.888948 0.549302
0.889593 0.392063
0.890297 0.222928
0.891636 0.730368
0.892167 0.65023
0.892404 0.634102
0.892755 0.534324
0.893614 0.975407
0.894241 0.514537
0.899467 0.339407
0.900209 0.805155
0.901844 0.294056
0.903586 0.577739
0.904212 0.093233
0.907125 0.0512189
0.907224 0.711106
0.909789 0.817769
0.913737 0.173641
0.914027 0.0462447
0.915238 0.412719
0.916553 0.512578
0.919939 0.411324
0.920139 0.77883
0.920662 0.570942
0.92198 0.71178
0.922888 0.975016
0.923143 0.258575
0.923251 0.082143
0.923885 0.73373
0.927099 0.744741
0.927707 0.968342
0.928909 0.167168
0.92908 0.0473506
0.929964 0.907481
0.930591 0.446462
0.930952 0.516516
0.931712 0.286975
0.932034 0.695497
0.932822 0.943271
0.933263 0.350013
0.933546 0.105229
0.934065 0.831678
0.934388 0.252636
0.936035 0.939028
0.936296 0.332916
0.940575 0.24029
0.940797 0.968756
0.941161 0.093532
0.941225 0.16864
0.945046 0.383992
0.947089 0.727885
0.947766 0.0965316
0.948895 0.0739666
0.948941 0.84531
0.950692 0.281819
0.953087 0.53156
0.954767 0.772583
0.956077 0.793693
0.95653 0.400995
0.959878 0.662392
0.96158 0.280568
0.96348 0.21368
0.964983 0.476347
0.966281 0.280706
0.966895 0.604869
0.966967 0.814418
0.967113 0.274755
0.968193 0.419769
0.968319 0.536654
0.968655 0.184796
0.97018 0.815638
0.970535 0.778588
0.971081 0.96018
0.971108 0.411143
0.971114 0.520461
0.971868 0.182596
0.972245 0.52568
0.972673 0.707305
0.975459 0.540025
0.97624 0.661536
0.976632 0.256113
0.977016 0.7004
0.977195 0.722834
0.977413 0.37641
0.97895 0.216804
0.979824 0.893641
0.980192 0.0924153
0.980802 0.337704
0.98108 0.010829
0.983117 0.251398
0.984501 0.511234
0.984703 0.899559
0.985102 0.601412
0.985545 0.051521
0.985674 0.220678
0.986345 0.491909
0.988982 0.818688
0.990978 0.374692
0.99102 0.0732664
0.991653 0.706297
0.992727 0.767452
0.99337 0.565274
0.994575 0.827314
0.995515 0.627329
0.996325 0.237784
0.996384 0.231272
0.99665 0.699674
0.996752 0.417116
0.99724 0.60911
0.999252 0.429638
