0.00036176 0.0801028
0.000824642 0.859772
0.00152375 0.609751
0.00231563 0.918742
0.00256995 0.193075
0.00278758 0.850908
0.00280607 0.161631
0.00336853 0.614906
0.00350677 0.938289
0.00358793 0.302347
0.0040266 0.674998
0.00446337 0.0159137
0.00474394 0.731387
0.00574968 0.63485
0.00598551 0.598523
0.0079561 0.718136
0.00849287 0.739694
0.00853681 0.478206
0.00870085 0.235115
0.00904467 0.0137146
0.0094908 0.511854
0.0102459 0.202014
0.0114224 0.976729
0.0115476 0.0812476
0.0126336 0.333037
0.0131474 0.967604
0.0134236 0.610426
0.0144701 0.198704
0.0145107 0.881867
0.0146013 0.403861
0.0148928 0.304053
0.0180486 0.342465
0.0189266 0.0997028
0.0192681 0.839421
0.020052 0.0143311
0.0201245 0.232083
0.022299 0.779239
0.0228526 0.0844481
0.0236581 0.622236
0.0242931 0.294766
0.0249495 0.327074
0.0255412 0.271564
0.0257008 0.95377
0.0267669 0.871946
0.0267884 0.233179
0.0269771 0.403923
0.0273065 0.939804
0.0279299 0.418209
0.0288545 0.957168
0.0288905 0.563335
0.0291904 0.602672
0.0307657 0.0783244
0.0309265 0.781576
0.031515 0.673175
0.0315801 0.766496
0.0320946 0.414594
0.0323554 0.797987
0.0330099 0.797253
0.0342901 0.314517
0.0350154 0.503226
0.0356515 0.194845
0.0361049 0.814606
0.0361436 0.466284
0.036226 0.849649
0.0399221 0.971275
0.0400307 0.796299
0.0403826 0.709582
0.0409789 0.732634
0.0414346 0.391472
0.0421205 0.918508
0.0440464 0.287628
0.0442278 0.337407
0.0457194 0.405746
0.0459918 0.9836
0.0460645 0.205993
0.0460767 0.411232
0.0467282 0.360088
0.0469441 0.989112
0.0471022 0.646517
0.0473231 0.359354
0.0488888 0.674496
0.0530385 0.417878
0.0533473 0.608381
0.0547812 0.708152
0.0563958 0.843645
0.056709 0.107622
0.057613 0.302408
0.0579167 0.405224
0.058834 0.822695
0.0596484 0.510161
0.0598133 0.281909
0.0623448 0.829073
0.0624281 0.228553
0.0636967 0.550808
0.0649248 0.190337
0.0654179 0.478571
0.0655909 0.385817
0.0656917 0.0802572
0.0668463 0.486319
0.0669059 0.487632
0.0669325 0.935254
0.0680502 0.719143
0.068301 0.935623
0.0686437 0.694774
0.0698984 0.782934
0.0713753 0.604021
0.0725342 0.0817958
0.0730061 0.0143297
0.0746339 0.372296
0.0751751 0.467953
0.0770098 0.304396
0.077345 0.937504
0.077708 0.0378924
0.0781444 0.372327
0.078529 0.836541
0.0785806 0.704861
0.0790307 0.268232
0.0790566 0.703504
0.079453 0.366327
0.0803358 0.203894
0.0804606 0.302065
0.0819803 0.842639
0.0820644 0.255565
0.0830046 0.0591095
0.0836016 0.0925071
0.0851844 0.693741
0.0855395 0.661645
0.0861804 0.433907
0.0862141 0.999605
0.086258 0.737811
0.0867277 0.632693
0.0877194 0.300605
0.0880391 0.673001
0.0885282 0.893756
0.0892097 0.348188
0.0893085 0.00731548
0.0899287 0.431922
0.0916205 0.865372
0.0916833 0.920656
0.0924398 0.636064
0.0927228 0.39254
0.0940961 0.473051
0.095749 0.253077
0.0963675 0.647944
0.0966957 0.163992
0.0976647 0.449947
0.0992034 0.312223
0.0996215 0.338455
0.0999209 0.370811
0.099974 0.263228
0.10029 0.578844
0.100804 0.204559
0.100863 0.200245
0.101927 0.0848531
0.101981 0.987053
0.10219 0.507018
0.102399 0.0248065
0.103093 0.677949
0.103961 0.273478
0.1043 0.963672
0.104796 0.30828
0.104883 0.772523
0.105528 0.609242
0.106065 0.636654
0.107213 0.922589
0.107283 0.110906
0.10749 0.583857
0.108735 0.502717
0.109177 0.931162
0.112443 0.836641
0.112713 0.366809
0.113164 0.943126
0.113577 0.889201
0.113611 0.46451
0.114481 0.0872119
0.114816 0.70541
0.114926 0.565629
0.115512 0.40397
0.116356 0.593443
0.116874 0.30625
0.117592 0.364917
0.117688 0.982823
0.120342 0.591453
0.121664 0.804661
0.122223 0.205211
0.122337 0.114532
0.122451 0.0308025
0.122524 0.265467
0.12312 0.272341
0.124638 0.786438
0.125005 0.964832
0.125108 0.683471
0.125172 0.759488
0.125963 0.0524584
0.126086 0.123472
0.126104 0.428622
0.126117 0.655102
0.126195 0.958036
0.126653 0.652985
0.126699 0.4348
0.126841 0.815417
0.126918 0.117302
0.128024 0.70381
0.128635 0.9707
0.129063 0.165449
0.129797 0.503173
0.130231 0.784608
0.131274 0.319463
0.132538 0.568744
0.132949 0.468808
0.133397 0.000889753
0.133555 0.66371
0.133589 0.232351
0.134329 0.661353
0.134938 0.900952
0.134947 0.061768
0.135327 0.441253
0.135463 0.728822
0.135614 0.26689
0.138057 0.322192
0.13825 0.566355
0.138481 0.45113
0.138942 0.198414
0.139834 0.192438
0.140307 0.146691
0.141083 0.184764
0.142702 0.387244
0.143245 0.52021
0.143297 0.399166
0.143951 0.380415
0.144246 0.341777
0.144263 0.630156
0.144896 0.269439
0.144991 0.856322
0.145507 0.531915
0.146139 0.158708
0.14629 0.701886
0.146413 0.75886
0.146484 0.950448
0.146855 0.19024
0.146896 0.884783
0.147315 0.930065
0.147936 0.360768
0.148129 0.603546
0.148556 0.772234
0.149078 0.551135
0.149102 0.963123
0.14974 0.680819
0.150872 0.710128
0.151182 0.921535
0.151378 0.201895
0.152016 0.932254
0.152042 0.362939
0.15207 0.844895
0.15356 0.884964
0.15401 0.449087
0.154061 0.308211
0.154488 0.477166
0.155035 0.677055
0.155565 0.573617
0.156059 0.879594
0.156664 0.0534753
0.15704 0.374051
0.157295 0.649291
0.158427 0.67604
0.15847 0.412134
0.159829 0.24667
0.160235 0.0774465
0.160388 0.639283
0.160592 0.0662782
0.161714 0.930113
0.162328 0.238686
0.162451 0.306194
0.16261 0.994473
0.162744 0.238152
0.164117 0.313639
0.164599 0.407498
0.164813 0.0165339
0.164942 0.183045
0.164945 0.225394
0.165961 0.302884
0.166556 0.313725
0.167797 0.157883
0.168602 0.696445
0.169702 0.188934
0.171852 0.318053
0.172412 0.72466
0.172441 0.207884
0.172971 0.128223
0.173794 0.954264
0.173927 0.183683
0.174497 0.771158
0.176919 0.485331
0.176936 0.764897
0.177517 0.533239
0.178526 0.49194
0.178621 0.0898815
0.179233 0.372025
0.179709 0.362356
0.180452 0.859057
0.181772 0.039081
0.181774 0.07113
0.181912 0.400923
0.182485 0.0304796
0.182748 0.443879
0.18299 0.513129
0.183147 0.146342
0.183343 0.446793
0.18373 0.949065
0.183824 0.523723
0.183843 0.846577
0.185223 0.0452577
0.185932 0.954112
0.186762 0.914468
0.18864 0.468362
0.188978 0.155738
0.189787 0.754312
0.190289 0.185558
0.190816 0.040469
0.191496 0.477056
0.191549 0.36927
0.192272 0.513541
0.192474 0.907924
0.192675 0.296593
0.194431 0.805331
0.194671 0.829009
0.194849 0.823244
0.195569 0.935999
0.195974 0.727409
0.196239 0.196704
0.196355 0.143451
0.197864 0.494689
0.197874 0.670899
0.198233 0.703027
0.198769 0.703484
0.20068 0.82688
0.200777 0.451062
0.200825 0.260708
0.202751 0.633029
0.203371 0.0589032
0.203673 0.133255
0.204018 0.927985
0.204485 0.774961
0.20487 0.244019
0.205822 0.257068
0.206018 0.542937
0.20838 0.247196
0.209277 0.317857
0.209575 0.324041
0.209912 0.983664
0.209964 0.867504
0.211408 0.131643
0.211498 0.639362
0.212295 0.043835
0.214099 0.36182
0.214173 0.611652
0.214246 0.828598
0.214738 0.101923
0.214906 0.921036
0.214907 0.943247
0.215032 0.0365662
0.21577 0.443561
0.216344 0.0931218
0.216544 0.455784
0.217155 0.730727
0.217878 0.878598
0.218761 0.710397
0.219212 0.296787
0.220015 0.799958
0.220758 0.286453
0.221837 0.416996
0.222268 0.658235
0.223712 0.930655
0.224014 0.00999973
0.224677 0.141179
0.225185 0.675897
0.22528 0.283331
0.226151 0.91818
0.226851 0.688695
0.226889 0.331624
0.227058 0.161639
0.227815 0.89457
0.227971 0.506112
0.228292 0.901282
0.229859 0.246446
0.231218 0.0816625
0.232485 0.371461
0.23261 0.473162
0.23287 0.849934
0.232898 0.314937
0.233748 0.597107
0.235924 0.178707
0.235978 0.0853761
0.238755 0.758751
0.239576 0.561985
0.239582 0.652881
0.240911 0.983985
0.241686 0.017113
0.2417 0.251614
0.242267 0.784211
0.242818 0.0361842
0.243105 0.870658
0.244002 0.935033
0.244307 0.0753379
0.244468 0.775889
0.244797 0.303442
0.245135 0.980417
0.245238 0.718794
0.246991 0.180919
0.247217 0.968623
0.247489 0.555134
0.248116 0.0903895
0.248738 0.546904
0.24914 0.30427
0.249861 0.410145
0.249909 0.216292
0.250226 0.549876
0.250302 0.832384
0.250343 0.516377
0.250836 0.808767
0.251735 0.914247
0.251993 0.25292
0.25207 0.537767
0.252261 0.753834
0.252488 0.569384
0.252493 0.649612
0.253527 0.0265549
0.253776 0.213029
0.25451 0.553499
0.255021 0.130738
0.255467 0.625926
0.255515 0.43731
0.255658 0.835802
0.257725 0.587723
0.259111 0.878254
0.259486 0.188202
0.259647 0.886671
0.261845 0.827345
0.262493 0.72047
0.263351 0.143936
0.263488 0.446845
0.26635 0.537646
0.267158 0.132542
0.267389 0.0146094
0.267397 0.135308
0.268488 0.48387
0.268917 0.681046
0.269104 0.827889
0.269998 0.850918
0.270044 0.624922
0.270868 0.470959
0.271131 0.890619
0.271152 0.255657
0.271524 0.510131
0.271649 0.611981
0.272086 0.948568
0.272973 0.849365
0.273239 0.328803
0.275376 0.238235
0.275529 0.822698
0.276496 0.0642143
0.276581 0.488715
0.276639 0.475284
0.27761 0.789413
0.277704 0.373768
0.278541 0.438567
0.278588 0.223716
0.279155 0.760171
0.279873 0.819455
0.280632 0.580718
0.281933 0.454387
0.28227 0.114676
0.282379 0.951885
0.283064 0.45142
0.283115 0.306904
0.283508 0.925344
0.283791 0.67343
0.285517 0.683957
0.285927 0.581595
0.286317 0.126169
0.286636 0.491372
0.287626 0.129075
0.288693 0.068342
0.290984 0.573406
0.291391 0.40934
0.295644 0.890639
0.296299 0.888793
0.296769 0.802489
0.297049 0.500001
0.29706 0.694603
0.297106 0.461353
0.297143 0.08873
0.297889 0.627888
0.298282 0.233657
0.298283 0.24427
0.298826 0.360119
0.299057 0.245802
0.29957 0.866211
0.299846 0.506779
0.300315 0.396808
0.300617 0.466949
0.300946 0.995653
0.302778 0.796595
0.303423 0.625574
0.304185 0.444729
0.305149 0.645611
0.305313 0.389825
0.305425 0.272341
0.305595 0.137183
0.307874 0.438135
0.307997 0.506606
0.308005 0.635756
0.308686 0.0902582
0.309027 0.822659
0.309863 0.864425
0.310302 0.247047
0.31114 0.332759
0.312016 0.0561161
0.312062 0.822278
0.312068 0.923356
0.312412 0.71386
0.313749 0.173082
0.314888 0.319981
0.315177 0.185604
0.31531 0.412527
0.31575 0.805793
0.316332 0.597379
0.316784 0.187094
0.317143 0.22902
0.318346 0.44598
0.319586 0.287578
0.32426 0.835978
0.324895 0.502474
0.32521 0.811092
0.326245 0.205096
0.326468 0.944105
0.326513 0.700696
0.327209 0.398934
0.32768 0.318852
0.327888 0.806877
0.328127 0.824739
0.328392 0.285152
0.330147 0.787253
0.330559 0.704128
0.331232 0.0144289
0.332036 0.53096
0.332169 0.769309
0.33217 0.782943
0.332278 0.591719
0.33349 0.965206
0.335152 0.902652
0.335966 0.574755
0.3372 0.322836
0.337647 0.832981
0.337702 0.751585
0.341133 0.415029
0.342505 0.487518
0.343355 0.763778
0.344014 0.847835
0.344112 0.489533
0.344178 0.591619
0.344637 0.316887
0.345331 0.973622
0.345752 0.0541073
0.34776 0.802914
0.348052 0.715988
0.348278 0.511934
0.34988 0.431975
0.350397 0.118486
0.351395 0.887758
0.352895 0.10129
0.353043 0.602003
0.353826 0.759899
0.35474 0.12105
0.35498 0.154871
0.355783 0.640167
0.355867 0.0547671
0.356773 0.28514
0.356931 0.936197
0.357396 0.747626
0.357593 0.0719703
0.358033 0.455351
0.358177 0.887857
0.35971 0.639899
0.360373 0.793063
0.360643 0.32147
0.361143 0.732947
0.361575 0.9854
0.362527 0.987093
0.362588 0.0147973
0.363426 0.0928234
0.363483 0.0579321
0.364383 0.19046
0.365768 0.456612
0.366011 0.547173
0.366618 0.743853
0.367074 0.408059
0.367255 0.459021
0.367677 0.542112
0.368254 0.237692
0.368778 0.0587694
0.368932 0.645588
0.369472 0.720169
0.3701 0.2791
0.370523 0.382899
0.37106 0.413316
0.371063 0.451259
0.371565 0.893258
0.371708 0.297018
0.372958 0.309418
0.374311 0.0483627
0.375268 0.121894
0.3756 0.713459
0.375899 0.733355
0.380117 0.626447
0.380765 0.525965
0.382084 0.679795
0.382653 0.251836
0.383334 0.696985
0.384823 0.71921
0.385094 0.267841
0.385216 0.326262
0.386317 0.82211
0.386317 0.834569
0.386388 0.0265643
0.387077 0.601999
0.387206 0.77539
0.387359 0.348692
0.387644 0.141099
0.388886 0.0103161
0.389066 0.0279841
0.389347 0.747175
0.389376 0.242498
0.389812 0.572527
0.391041 0.220399
0.391465 0.357523
0.391518 0.250997
0.391977 0.964095
0.392131 0.538173
0.392295 0.300638
0.392465 0.152129
0.392675 0.686259
0.392712 0.311993
0.39294 0.139964
0.393555 0.479662
0.393953 0.174104
0.395722 0.897003
0.395812 0.406005
0.395828 0.676007
0.396517 0.254111
0.397132 0.604132
0.398014 0.42744
0.398668 0.409174
0.39867 0.44199
0.398855 0.552299
0.399098 0.634353
0.399953 0.00961653
0.399964 0.201112
0.401716 0.643898
0.402254 0.676459
0.404225 0.803688
0.404666 0.21778
0.40542 0.894596
0.406015 0.897009
0.406131 0.845368
0.406245 0.758344
0.407089 0.945704
0.40769 0.0381989
0.408439 0.62653
0.409075 0.324011
0.409112 0.946794
0.409798 0.476813
0.411285 0.462849
0.411462 0.438669
0.411575 0.332674
0.411625 0.189114
0.412301 0.548862
0.413366 0.449717
0.41387 0.91482
0.413881 0.0962663
0.414719 0.179066
0.415076 0.188341
0.415801 0.374937
0.41689 0.666351
0.418149 0.834199
0.420223 0.691056
0.420559 0.341139
0.421207 0.223259
0.421436 0.0746152
0.421616 0.105463
0.42265 0.482249
0.422899 0.660473
0.423022 0.726283
0.423887 0.273828
0.424089 0.666301
0.42478 0.269379
0.424838 0.251932
0.42552 0.707053
0.425754 0.643098
0.425918 0.399232
0.427618 0.969276
0.427915 0.973214
0.42793 0.224198
0.428064 0.467642
0.428502 0.826965
0.429292 0.113847
0.429972 0.534562
0.432351 0.52518
0.432382 0.050494
0.432463 0.407993
0.433465 0.251764
0.433533 0.395573
0.433672 0.72434
0.433746 0.96442
0.434641 0.0184183
0.434667 0.443907
0.435286 0.858362
0.436332 0.425744
0.436445 0.338743
0.436824 0.695813
0.439317 0.60516
0.439602 0.399069
0.440416 0.0687702
0.44046 0.807337
0.44066 0.175258
0.440731 0.363176
0.441863 0.397156
0.442805 0.229862
0.443404 0.297696
0.443424 0.628853
0.443509 0.0565316
0.444472 0.240187
0.446557 0.275978
0.447304 0.844799
0.447683 0.208435
0.447841 0.866708
0.447896 0.791543
0.448671 0.821093
0.448884 0.401736
0.44892 0.00682352
0.450102 0.861375
0.450187 0.284874
0.450587 0.0144642
0.45305 0.419448
0.453311 0.790381
0.453455 0.226041
0.453522 0.340845
0.454791 0.668617
0.455653 0.164517
0.455808 0.758347
0.4566 0.0718312
0.457025 0.211695
0.457047 0.593215
0.45969 0.00303132
0.461344 0.809464
0.461476 0.0237081
0.461532 0.962802
0.461646 0.880951
0.461958 0.131686
0.461982 0.523286
0.464365 0.579364
0.465338 0.929479
0.466212 0.619801
0.466335 0.692012
0.466551 0.328269
0.466605 0.236495
0.467218 0.536146
0.467257 0.187026
0.468694 0.33323
0.469858 0.895866
0.469957 0.562804
0.471131 0.306793
0.471286 0.910947
0.471502 0.540363
0.472346 0.716328
0.474585 0.345504
0.474843 0.688082
0.474943 0.35985
0.475666 0.525119
0.476009 0.286516
0.476169 0.978819
0.476476 0.126566
0.476822 0.940517
0.478234 0.685033
0.480055 0.281668
0.480577 0.0562802
0.480854 0.717979
0.481411 0.0677977
0.481528 0.0478144
0.481593 0.126421
0.482306 0.117788
0.482416 0.958034
0.483812 0.422522
0.484547 0.787465
0.485744 0.892766
0.486953 0.222786
0.487805 0.542334
0.490533 0.38357
0.491099 0.904317
0.491917 0.647781
0.492371 0.279399
0.492552 0.316343
0.492574 0.698818
0.492588 0.929398
0.494012 0.860377
0.494456 0.322859
0.495097 0.0958646
0.495145 0.907741
0.495392 0.0484067
0.497754 0.748549
0.49856 0.290946
0.498793 0.220903
0.500459 0.208852
0.501569 0.86957
0.502034 0.687385
0.505341 0.2704
0.506094 0.918791
0.506215 0.949765
0.506853 0.671954
0.508411 0.860191
0.509079 0.0930968
0.509137 0.0703677
0.509919 0.213197
0.511689 0.952094
0.512987 0.775087
0.513589 0.892618
0.51453 0.710814
0.514762 0.602045
0.515309 0.792347
0.515859 0.0471306
0.515942 0.435364
0.516182 0.471705
0.51724 0.257371
0.518368 0.211366
0.518673 0.344604
0.518759 0.784444
0.519485 0.991068
0.520672 0.941368
0.520715 0.650265
0.520934 0.344256
0.521631 0.0538584
0.522231 0.133682
0.522333 0.85535
0.523878 0.824519
0.524141 0.242536
0.52422 0.568479
0.525236 0.639512
0.526 0.484103
0.526071 0.679455
0.526769 0.409023
0.527079 0.610436
0.527147 0.764043
0.527362 0.377743
0.527511 0.871099
0.52788 0.0830139
0.528062 0.14051
0.528583 0.887394
0.529182 0.959195
0.529238 0.904613
0.530044 0.458014
0.530601 0.81814
0.531663 0.66263
0.532243 0.402867
0.533735 0.488666
0.535321 0.143221
0.535826 0.631803
0.536136 0.833545
0.536148 0.0328981
0.536167 0.353975
0.537676 0.719441
0.539743 0.458691
0.541103 0.313646
0.541745 0.101278
0.542246 0.530724
0.542427 0.574031
0.542798 0.808932
0.543568 0.746836
0.545713 0.790428
0.545953 0.828295
0.546963 0.806186
0.547121 0.454543
0.548302 0.309424
0.548642 0.0267979
0.550084 0.264124
0.550146 0.306558
0.551046 0.424113
0.551137 0.964922
0.551215 0.263332
0.551474 0.63083
0.552013 0.674231
0.553198 0.602178
0.554413 0.0206905
0.555716 0.920453
0.555773 0.874479
0.556563 0.157628
0.556804 0.207915
0.558603 0.446118
0.560415 0.898458
0.560947 0.841243
0.561133 0.966633
0.561598 0.778516
0.561619 0.137785
0.563218 0.000827361
0.564008 0.274397
0.566656 0.780047
0.56712 0.577741
0.567342 0.315168
0.567436 0.892542
0.567759 0.329145
0.567791 0.855468
0.567901 0.713808
0.56865 0.30545
0.569311 0.414121
0.569327 0.683825
0.569439 0.560448
0.569817 0.906428
0.571386 0.286505
0.571452 0.3977
0.571987 0.391459
0.572754 0.276981
0.573609 0.646954
0.573944 0.273033
0.574583 0.0192097
0.575207 0.51052
0.575277 0.684421
0.575469 0.903493
0.575533 0.985958
0.576275 0.449733
0.578494 0.751492
0.578554 0.753956
0.579048 0.0583129
0.579064 0.325521
0.580427 0.231644
0.580934 0.758325
0.581367 0.0437748
0.581572 0.480905
0.582973 0.0242359
0.583173 0.385622
0.583197 0.789385
0.585072 0.299631
0.586868 0.48409
0.587746 0.241062
0.589727 0.548813
0.589915 0.704672
0.590606 0.307585
0.591033 0.485845
0.591417 0.948172
0.593379 0.919444
0.594999 0.150741
0.595055 0.0890519
0.595217 0.80463
0.595958 0.26014
0.59632 0.350315
0.597294 0.725514
0.597357 0.787184
0.597736 0.148105
0.599904 0.595037
0.600124 0.283151
0.601651 0.953736
0.60226 0.191738
0.602379 0.185889
0.603355 0.5838
0.603486 0.78506
0.603728 0.859672
0.604132 0.651152
0.604487 0.60518
0.604857 0.823943
0.604937 0.170736
0.605362 0.315624
0.607174 0.768003
0.607844 0.0358069
0.607951 0.84038
0.608841 0.792948
0.612334 0.49467
0.612426 0.0397201
0.613718 0.764352
0.613932 0.360138
0.615741 0.760855
0.616111 0.983844
0.616859 0.550966
0.617116 0.875223
0.617142 0.3135
0.618069 0.877424
0.618324 0.174281
0.618471 0.641035
0.619003 0.59088
0.620566 0.854626
0.623279 0.451742
0.623523 0.550458
0.624171 0.450227
0.624445 0.0433039
0.625074 0.625064
0.625083 0.769633
0.625205 0.825064
0.625699 0.118613
0.626402 0.932689
0.627149 0.498817
0.628428 0.985152
0.628472 0.730183
0.628893 0.811787
0.629352 0.512856
0.629981 0.0839878
0.630939 0.189404
0.632147 0.487241
0.63357 0.411473
0.634047 0.424509
0.635098 0.0902997
0.635159 0.121698
0.635957 0.524653
0.636191 0.454789
0.636669 0.503662
0.637772 0.0383123
0.638477 0.879562
0.639707 0.559569
0.639863 0.177849
0.639893 0.687784
0.639917 0.0843543
0.640877 0.224535
0.640907 0.723873
0.640966 0.71653
0.640998 0.253067
0.641097 0.925296
0.64236 0.139492
0.643052 0.769602
0.643169 0.747904
0.643402 0.651885
0.644957 0.797789
0.645517 0.20496
0.647012 0.330775
0.647494 0.439864
0.648367 0.11044
0.648936 0.661287
0.64991 0.0379881
0.650349 0.407986
0.651442 0.778032
0.65169 0.952438
0.651834 0.37581
0.653175 0.920269
0.653629 0.538191
0.655227 0.394636
0.655672 0.881661
0.65598 0.0592507
0.657766 0.077423
0.659422 0.909925
0.660215 0.237943
0.66128 0.139314
0.661467 0.281022
0.661481 0.50704
0.661929 0.0326107
0.664133 0.0901483
0.664633 0.491544
0.665105 0.417614
0.66535 0.529416
0.665662 0.788188
0.66667 0.721133
0.666794 0.80834
0.666901 0.600977
0.667768 0.173043
0.668187 0.221197
0.668288 0.919433
0.668382 0.50295
0.668735 0.422667
0.668889 0.0161226
0.669214 0.474029
0.669655 0.897184
0.669714 0.875589
0.669984 0.413397
0.670008 0.827067
0.671945 0.375153
0.672417 0.315889
0.673609 0.349093
0.674066 0.0279038
0.674354 0.864068
0.676285 0.328896
0.677146 0.793052
0.677147 0.806122
0.677218 0.00496513
0.67835 0.0208354
0.679249 0.140019
0.679301 0.00783032
0.681027 0.026677
0.681932 0.234314
0.682195 0.654789
0.682544 0.514837
0.68288 0.167088
0.685623 0.259848
0.687606 0.587636
0.688439 0.590943
0.691526 0.483434
0.692159 0.122882
0.692757 0.170007
0.693545 0.418947
0.694117 0.0242108
0.694233 0.971584
0.6945 0.468208
0.694712 0.0262324
0.697597 0.519168
0.697836 0.535551
0.697849 0.751261
0.698919 0.739177
0.699426 0.245681
0.699613 0.395302
0.701551 0.964988
0.701634 0.367019
0.702817 0.238914
0.703253 0.570955
0.703832 0.310472
0.703864 0.837633
0.703956 0.390979
0.704059 0.121217
0.70468 0.564364
0.704728 0.367725
0.705036 0.542998
0.705784 0.103875
0.705893 0.943737
0.70718 0.568363
0.707956 0.617433
0.708076 0.635392
0.708182 0.411946
0.70864 0.116999
0.709079 0.490793
0.709452 0.756459
0.709952 0.160375
0.710247 0.128296
0.711034 0.341273
0.711344 0.557627
0.713104 0.137663
0.713681 0.833016
0.713887 0.297977
0.714328 0.715732
0.714466 0.0373301
0.715166 0.798712
0.71721 0.141524
0.717234 0.560533
0.717314 0.901244
0.717411 0.533113
0.717495 0.935332
0.717721 0.736842
0.719331 0.802963
0.719478 0.26524
0.719521 0.991355
0.719561 0.656518
0.720881 0.840284
0.721222 0.586036
0.721498 0.222432
0.721707 0.724709
0.723558 0.831201
0.723618 0.849286
0.723716 0.492401
0.723909 0.738724
0.723994 0.17174
0.725305 0.19944
0.726214 0.482429
0.726287 0.709432
0.726682 0.348353
0.726841 0.00938133
0.729174 0.230104
0.729388 0.825976
0.729975 0.689244
0.732422 0.811774
0.733364 0.649646
0.733552 0.814872
0.733764 0.37785
0.734512 0.945082
0.735059 0.135337
0.735899 0.248644
0.736514 0.586558
0.737553 0.0493868
0.738675 0.918614
0.739057 0.323558
0.739163 0.113426
0.739292 0.276141
0.740791 0.468989
0.740997 0.941635
0.741792 0.303133
0.741869 0.584866
0.74487 0.0363109
0.745207 0.689274
0.745657 0.256661
0.746735 0.373031
0.74805 0.477343
0.748923 0.156371
0.7492 0.801009
0.750111 0.120023
0.751215 0.670999
0.751246 0.190905
0.752421 0.942845
0.753165 0.442582
0.753537 0.699115
0.753588 0.548816
0.754676 0.839933
0.754936 0.207102
0.755565 0.77767
0.755642 0.0785768
0.756097 0.720643
0.757404 0.682852
0.757794 0.249927
0.757856 0.282021
0.758347 0.53402
0.758488 0.902968
0.75946 0.242533
0.759514 0.14676
0.760112 0.193807
0.76251 0.509094
0.763162 0.47041
0.764118 0.524813
0.764781 0.667779
0.765469 0.243981
0.766317 0.49349
0.766766 0.039198
0.767183 0.0372166
0.767492 0.242159
0.768137 0.0840754
0.769273 0.170853
0.77022 0.080789
0.771052 0.0761921
0.771536 0.199611
0.771674 0.520764
0.771849 0.459831
0.77263 0.58999
0.772859 0.446144
0.773113 0.715961
0.77312 0.831705
0.773672 0.111556
0.773692 0.43617
0.775612 0.714489
0.775841 0.555381
0.776456 0.887574
0.776966 0.467349
0.777288 0.882726
0.779186 0.783454
0.779375 0.959512
0.779751 0.27828
0.779847 0.885745
0.780279 0.142308
0.780649 0.365892
0.780691 0.0707815
0.781536 0.28231
0.781542 0.38039
0.782141 0.450235
0.782812 0.721404
0.78338 0.267469
0.784174 0.613738
0.787065 0.208447
0.78757 0.686494
0.78794 0.909851
0.788016 0.191834
0.788877 0.664215
0.788911 0.227917
0.788968 0.192392
0.789209 0.237748
0.789349 0.596107
0.790097 0.168363
0.791604 0.49379
0.791877 0.0709323
0.793789 0.215114
0.79379 0.221704
0.794133 0.993706
0.796864 0.896411
0.797124 0.257358
0.799109 0.625991
0.799482 0.886444
0.800673 0.904771
0.801004 0.474109
0.801318 0.748926
0.801349 0.267955
0.801451 0.991658
0.802391 0.793528
0.803333 0.612232
0.804179 0.830022
0.806198 0.768767
0.806449 0.994075
0.807173 0.149185
0.808028 0.520105
0.808824 0.902539
0.809359 0.891782
0.809666 0.0478723
0.810027 0.12911
0.810948 0.598234
0.812719 0.361501
0.813179 0.101593
0.813699 0.839906
0.814658 0.96301
0.816133 0.744081
0.81655 0.750223
0.816677 0.890477
0.817238 0.32288
0.817359 0.356437
0.818967 0.385531
0.819542 0.0403041
0.819819 0.704335
0.820163 0.472346
0.820444 0.197594
0.820674 0.0651356
0.821292 0.446697
0.821535 0.535591
0.822035 0.948383
0.822427 0.522682
0.823735 0.506515
0.823741 0.614323
0.824168 0.790673
0.824814 0.654527
0.825638 0.490694
0.825945 0.663909
0.826385 0.0564154
0.826575 0.2457
0.826925 0.129737
0.827134 0.640787
0.827213 0.967161
0.827491 0.632788
0.82996 0.134756
0.830379 0.179224
0.831017 0.906297
0.831325 0.0712542
0.83271 0.355446
0.833938 0.990702
0.834015 0.292759
0.834168 0.864003
0.834282 0.781793
0.834415 0.0049588
0.834607 0.244152
0.834942 0.875624
0.835004 0.911413
0.835878 0.594746
0.836121 0.680471
0.836514 0.285449
0.837352 0.371215
0.837445 0.946546
0.837478 0.492279
0.837551 0.711541
0.837736 0.823892
0.837891 0.436092
0.839271 0.63111
0.839883 0.907
0.840032 0.411524
0.840401 0.6113
0.84091 0.181996
0.840982 0.380166
0.843865 0.843651
0.844078 0.424058
0.845549 0.145962
0.845736 0.288993
0.846634 0.381692
0.848797 0.73369
0.849035 0.732182
0.851322 0.165713
0.851399 0.466456
0.852669 0.81341
0.853699 0.112691
0.854148 0.671336
0.854273 0.768545
0.854374 0.468268
0.855055 0.902742
0.855253 0.23413
0.856306 0.932642
0.856593 0.754539
0.856852 0.109812
0.857338 0.276667
0.857402 0.360283
0.85758 0.340736
0.857737 0.990698
0.858543 0.530622
0.858899 0.514116
0.859613 0.518225
0.860729 0.268797
0.860908 0.286277
0.861956 0.894676
0.862512 0.244996
0.863432 0.709511
0.863481 0.530348
0.864142 0.640443
0.865414 0.0124258
0.865512 0.66674
0.865839 0.163442
0.86617 0.711367
0.866764 0.706971
0.867066 0.783303
0.867585 0.504086
0.86901 0.450388
0.869595 0.277467
0.870202 0.490292
0.870226 0.880891
0.870402 0.852555
0.871039 0.547297
0.871153 0.473272
0.871584 0.707733
0.872201 0.074174
0.873186 0.64097
0.874783 0.47669
0.877258 0.0726374
0.87807 0.714375
0.879709 0.267069
0.880909 0.430371
0.882002 0.805253
0.882122 0.826609
0.88249 0.0166644
0.883266 0.0494945
0.883415 0.557932
0.883687 0.13167
0.884208 0.87662
0.884335 0.0243481
0.884815 0.0796934
0.885086 0.647937
0.885508 0.740138
0.885728 0.428659
0.885813 0.86065
0.885923 0.71528
0.887055 0.737318
0.888461 0.367983
0.888479 0.663601
0.88923 0.293537
0.890137 0.536487
0.89069 0.82944
0.890901 0.373924
0.891139 0.371375
0.89115 0.557557
0.891441 0.445398
0.891956 0.103218
0.892139 0.183403
0.8939 0.779491
0.894448 0.989476
0.894474 0.417923
0.894985 0.00611102
0.895274 0.861364
0.895683 0.750682
0.895774 0.279688
0.89624 0.102168
0.896789 0.325074
0.899071 0.690766
0.899845 0.689348
0.899978 0.926492
0.900514 0.940661
0.900721 0.415976
0.901516 0.783853
0.902105 0.681393
0.904026 0.966356
0.90467 0.783916
0.90533 0.873005
0.905462 0.107394
0.905907 0.5771
0.906612 0.431851
0.908406 0.577037
0.909455 0.209315
0.91061 0.617889
0.911064 0.254242
0.911335 0.805659
0.911669 0.42176
0.911766 0.0544108
0.912291 0.869446
0.913232 0.68333
0.913327 0.2812
0.914875 0.307142
0.915139 0.733165
0.916448 0.744406
0.916459 0.924976
0.916828 0.129408
0.917899 0.127459
0.918016 0.0968084
0.9183 0.873093
0.918539 0.880045
0.919633 0.27145
0.920471 0.351808
0.920643 0.245624
0.920711 0.392351
0.920846 0.650259
0.921405 0.056897
0.92154 0.329972
0.921639 0.985875
0.922148 0.545708
0.922486 0.217314
0.923175 0.803299
0.923762 0.659836
0.924085 0.0899196
0.924371 0.899576
0.924589 0.574557
0.925282 0.220257
0.926687 0.822466
0.92771 0.0289655
0.929848 0.950819
0.930954 0.537311
0.931589 0.224069
0.931916 0.718118
0.932175 0.0573388
0.933001 0.94682
0.93333 0.481613
0.933333 0.530214
0.933464 0.735192
0.933485 0.083622
0.933504 0.398391
0.93356 0.3411
0.933759 0.687327
0.934915 0.114027
0.93573 0.809555
0.937124 0.246768
0.937306 0.299921
0.937342 0.911693
0.938667 0.169331
0.938802 0.444824
0.938915 0.343729
0.939045 0.534502
0.941329 0.922796
0.942327 0.689321
0.943301 0.0667026
0.944553 0.102473
0.944763 0.630921
0.945048 0.413928
0.945402 0.374428
0.945493 0.897401
0.946622 0.878005
0.947324 0.671013
0.947351 0.12488
0.947655 0.244781
0.947681 0.667249
0.948555 0.366149
0.949672 0.135261
0.950375 0.958612
0.95052 0.396518
0.950784 0.828529
0.951175 0.396754
0.951193 0.696551
0.951322 0.867195
0.951418 0.486275
0.951802 0.939805
0.952473 0.214136
0.953344 0.850119
0.953975 0.457581
0.954094 0.461014
0.95433 0.427794
0.95461 0.130213
0.955396 0.334824
0.955685 0.202106
0.956389 0.0259811
0.957038 0.936456
0.957717 0.357892
0.958169 0.937637
0.959298 0.91666
0.95992 0.373785
0.9613 0.564405
0.963834 0.162856
0.964556 0.285135
0.965805 0.28272
0.965819 0.521103
0.966712 0.533316
0.967048 0.170846
0.96764 0.121683
0.968073 0.406992
0.968565 0.668554
0.969423 0.0964031
0.97019 0.975539
0.97031 0.00789838
0.970328 0.297208
0.972281 0.12889
0.97469 0.609219
0.975618 0.214256
0.975791 0.124022
0.976206 0.0958534
0.976519 0.349022
0.976643 0.436009
0.976654 0.621534
0.976698 0.364076
0.976909 0.904099
0.977033 0.987401
0.977242 0.510441
0.978183 0.328644
0.978703 0.0674352
0.979694 0.709043
0.980082 0.240501
0.980167 0.665283
0.980167 0.670073
0.980852 0.178968
0.981061 0.700412
0.982091 0.00307412
0.982634 0.128449
0.983899 0.396357
0.983968 0.556021
0.984885 0.965039
0.985255 0.176483
0.985519 0.618018
0.985933 0.571403
0.986194 0.960525
0.986526 0.542722
0.986579 0.439428
0.987602 0.631543
0.98772 0.605776
0.988039 0.972529
0.988078 0.634577
0.988647 0.195223
0.989506 0.625929
0.990213 0.507625
0.99073 0.196523
0.990847 0.162624
0.992216 0.181095
0.992538 0.583732
0.993002 0.381864
0.993088 0.824545
0.99396 0.477629
0.994156 0.773313
0.99643 0.998921
0.999429 0.397092
0.999937 0.940075
