0.00765485 0.655125
0.00980828 0.847724
0.0307858 0.417731
0.0381 0.346943
0.042587 0.76053
0.0438173 0.436561
0.05714 0.351842
0.060952 0.4198
0.0710562 0.242316
0.0846641 0.9502
0.0918359 0.485623
0.0927337 0.575795
0.0976467 0.14799
0.108252 0.390419
0.110441 0.177548
0.11076 0.544692
0.120712 0.814583
0.156846 0.109187
0.161044 0.671873
0.17602 0.363354
0.176118 0.0122133
0.18411 0.336995
0.184993 0.17468
0.186995 0.830862
0.18742 0.967477
0.194058 0.524983
0.195993 0.0474918
0.196616 0.532408
0.21709 0.628398
0.223943 0.8038
0.225297 0.565722
0.227975 0.571681
0.23068 0.036665
0.230793 0.940899
0.251405 0.35596
0.25665 0.520072
0.261051 0.488379
0.261729 0.887102
0.266274 0.258997
0.266625 0.163007
0.268917 0.692129
0.279319 0.512768
0.279705 0.99452
0.284097 0.816497
0.286662 0.921149
0.29117 0.695775
0.297166 0.477145
0.306084 0.349784
0.326091 0.6196
0.328193 0.947886
0.33563 0.940716
0.341543 0.316189
0.363192 0.164792
0.374405 0.620493
0.380331 0.224902
0.386032 0.0453164
0.389277 0.58618
0.390969 0.0097142
0.408134 0.513156
0.414166 0.88044
0.415003 0.952494
0.418716 0.364713
0.419776 0.168154
0.448636 0.232574
0.456597 0.0236364
0.461509 0.586314
0.464394 0.0623604
0.477187 0.074403
0.481499 0.556029
0.489875 0.337557
0.491802 0.713063
0.504216 0.359544
0.515433 0.884727
0.540096 0.400932
0.550657 0.889048
0.558108 0.12052
0.57141 0.68212
0.580148 0.541489
0.58276 0.448986
0.583178 0.478412
0.586461 0.648054
0.588066 0.621683
0.605786 0.44907
0.607827 0.752962
0.610566 0.77505
0.611784 0.256549
0.617441 0.330148
0.618745 0.24766
0.619409 0.399477
0.619881 0.336542
0.619944 0.401922
0.62427 0.100957
0.632326 0.511569
0.632727 0.250018
0.646106 0.111969
0.653211 0.515167
0.654361 0.850142
0.661749 0.0147158
0.666504 0.933865
0.673953 0.130017
0.685156 0.416198
0.686429 0.808624
0.687208 0.902625
0.689346 0.843136
0.690043 0.551611
0.712014 0.822065
0.724868 0.850096
0.737501 0.173733
0.740894 0.208501
0.758686 0.240061
0.762687 0.474819
0.770897 0.459242
0.777892 0.0350692
0.783293 0.804087
0.789155 0.328066
0.798113 0.888306
0.80078 0.703912
0.802553 0.508378
0.809211 0.41184
0.811771 0.436812
0.819085 0.370141
0.828896 0.24982
0.842683 0.971083
0.843164 0.0592362
0.847519 0.255918
0.859652 0.17348
0.86113 0.0183985
0.866525 0.679952
0.869029 0.766644
0.869819 0.0528374
0.871794 0.246676
0.875211 0.66431
0.875826 0.999962
0.887711 0.762849
0.888128 0.767762
0.891271 0.599073
0.891578 0.74441
0.892751 0.457508
0.924986 0.232105
0.931469 0.200045
0.932119 0.122612
0.93862 0.386154
0.942313 0.45867
0.957101 0.995114
0.9575 0.709278
0.965818 0.505842
0.966036 0.161954
0.987141 0.884369
0.987265 0.954913
0.98973 0.395484
