0.00021106 0.547286
0.000326055 0.480008
0.00131576 0.113931
0.00275209 0.254468
0.00282919 0.55021
0.00323094 0.302387
0.00437306 0.498044
0.00452126 0.988825
0.00479563 0.6002
0.00871652 0.49855
0.0100307 0.586028
0.0122466 0.828855
0.0143104 0.51501
0.0159729 0.456432
0.0160626 0.964511
0.0161949 0.186902
0.017582 0.501375
0.0207545 0.820339
0.0209525 0.147954
0.0209707 0.454247
0.0210202 0.285948
0.0214838 0.0788748
0.021829 0.880821
0.0222851 0.546108
0.0249839 0.905161
0.0254948 0.49097
0.0266511 0.925269
0.0272166 0.429205
0.027781 0.915344
0.0288042 0.112694
0.0290414 0.0987504
0.0301098 0.0561121
0.0304878 0.407954
0.0317004 0.789401
0.0321076 0.632848
0.0327504 0.436212
0.0344777 0.467237
0.0348938 0.460246
0.037208 0.354813
0.0377391 0.28171
0.038684 0.16258
0.038812 0.312546
0.0389345 0.372963
0.040054 0.188384
0.0414155 0.0699408
0.041983 0.608274
0.0421213 0.93247
0.0425159 0.563988
0.043387 0.205528
0.0484572 0.420438
0.0491041 0.292798
0.0509673 0.607432
0.052925 0.510397
0.0538744 0.467714
0.0555739 0.0308155
0.0556477 0.271107
0.0560275 0.654568
0.0560478 0.995758
0.0561647 0.96067
0.0564836 0.319323
0.0565545 0.511928
0.0571649 0.77067
0.0576204 0.426566
0.0576223 0.457527
0.0598783 0.374228
0.0605966 0.446238
0.0637126 0.817405
0.0640581 0.624031
0.0641264 0.772535
0.0647095 0.572206
0.0656842 0.953564
0.0667231 0.415391
0.0671208 0.0989774
0.0676829 0.546806
0.0698797 0.468
0.0700966 0.113727
0.0705096 0.0541197
0.0706782 0.888126
0.0718935 0.31459
0.0731733 0.82445
0.0751911 0.737353
0.0756068 0.724086
0.0756879 0.0860225
0.0758348 0.555805
0.0778737 0.823665
0.0807157 0.589609
0.0807915 0.863468
0.0812217 0.0925208
0.0816727 0.673846
0.0822865 0.988884
0.0851824 0.660847
0.087054 0.117201
0.0881435 0.428134
0.0914297 0.659049
0.0916605 0.537289
0.0923635 0.352688
0.0923961 0.901732
0.0924442 0.708881
0.0931886 0.220678
0.0947231 0.0115859
0.0962316 0.363966
0.096352 0.387654
0.0986729 0.39528
0.100952 0.706665
0.101718 0.566172
0.103012 0.315026
0.105569 0.30348
0.106663 0.692224
0.107013 0.569264
0.107187 0.494346
0.107484 0.47633
0.109442 0.395276
0.10969 0.557801
0.109891 0.93747
0.110049 0.593247
0.110471 0.682951
0.111586 0.418575
0.115265 0.252816
0.115911 0.119542
0.116996 0.35373
0.118761 0.0162569
0.118812 0.879732
0.119009 0.186115
0.124367 0.229542
0.124455 0.723001
0.128735 0.646748
0.12913 0.292141
0.129565 0.603465
0.130874 0.59093
0.131294 0.651849
0.133624 0.817372
0.136532 0.694355
0.137152 0.114164
0.139771 0.125031
0.139939 0.957966
0.140308 0.162672
0.141267 0.282113
0.143164 0.15508
0.144005 0.283883
0.145241 0.0655702
0.145907 0.25367
0.147011 0.817748
0.147112 0.516187
0.14744 0.0200501
0.147473 0.571527
0.147964 0.83849
0.149274 0.854215
0.150918 0.482927
0.151042 0.563348
0.157179 0.700995
0.159367 0.481299
0.159485 0.472695
0.159859 0.743636
0.16021 0.642058
0.162014 0.973308
0.162533 0.694537
0.162763 0.550456
0.163603 0.682382
0.165017 0.433253
0.167751 0.39399
0.168154 0.162281
0.168841 0.714581
0.169223 0.129966
0.1693 0.418765
0.169521 0.146191
0.170183 0.259776
0.170716 0.231894
0.171336 0.64311
0.172241 0.853604
0.17238 0.198376
0.172708 0.70987
0.173751 0.237399
0.17491 0.718039
0.175455 0.879602
0.175645 0.0717356
0.175718 0.292594
0.178366 0.795607
0.178935 0.367046
0.181894 0.08498
0.183553 0.969927
0.184134 0.743919
0.184282 0.22498
0.184396 0.138441
0.18519 0.489969
0.186499 0.482231
0.18662 0.527058
0.187165 0.689764
0.187311 0.143487
0.187504 0.376873
0.18751 0.476526
0.187797 0.308042
0.188303 0.812941
0.194666 0.748413
0.195909 0.642025
0.196371 0.400156
0.197227 0.789507
0.1986 0.863444
0.200013 0.624348
0.201627 0.751076
0.204213 0.200769
0.204904 0.813395
0.206461 0.982606
0.207241 0.101862
0.208935 0.573474
0.210799 0.900254
0.212335 0.715024
0.212467 0.927758
0.213355 0.862466
0.21817 0.791343
0.219105 0.505871
0.219321 0.12091
0.219762 0.548259
0.219767 0.61998
0.219857 0.13684
0.21993 0.365838
0.220403 0.313102
0.220539 0.592391
0.221008 0.479125
0.221199 0.691803
0.221816 0.0560129
0.224081 0.122972
0.224295 0.734262
0.226101 0.0845701
0.227336 0.833551
0.229237 0.781267
0.229836 0.861568
0.230862 0.0944118
0.233345 0.82444
0.234551 0.0957778
0.235023 0.0320449
0.235648 0.544268
0.236859 0.889001
0.2394 0.601074
0.2398 0.317437
0.241099 0.142622
0.242133 0.534834
0.242453 0.909053
0.245456 0.385699
0.248944 0.00300529
0.249724 0.107079
0.250095 0.354564
0.250756 0.462366
0.251849 0.824867
0.253041 0.85725
0.253222 0.898279
0.253376 0.483032
0.25342 0.230591
0.253543 0.295422
0.253545 0.332402
0.254589 0.871827
0.254994 0.684823
0.256184 0.683912
0.258904 0.406884
0.258946 0.0997756
0.259286 0.813236
0.267167 0.28266
0.267458 0.171073
0.268237 0.253084
0.269044 0.814241
0.270128 0.0381373
0.277708 0.434665
0.278994 0.049054
0.280319 0.316241
0.282102 0.284598
0.283255 0.668245
0.283606 0.572936
0.286216 0.440729
0.28737 0.835404
0.288702 0.210915
0.288742 0.895096
0.29094 0.826324
0.291872 0.494848
0.292794 0.991599
0.293309 0.647556
0.294989 0.881363
0.295073 0.288662
0.295211 0.613594
0.295298 0.0650805
0.299143 0.695379
0.29943 0.516634
0.30124 0.947623
0.303537 0.553945
0.303837 0.593751
0.303866 0.0748925
0.304889 0.273417
0.307259 0.0944536
0.307934 0.445397
0.308117 0.52289
0.309471 0.282457
0.310472 0.0964562
0.310827 0.0751528
0.311598 0.0256025
0.311795 0.33197
0.312231 0.672752
0.312422 0.879951
0.312546 0.965827
0.313851 0.899172
0.314376 0.72507
0.314526 0.234666
0.315405 0.0129645
0.315697 0.914158
0.316085 0.439675
0.317748 0.382333
0.31906 0.442857
0.319713 0.414894
0.32031 0.45683
0.3204 0.963876
0.321604 0.193577
0.321879 0.821239
0.322647 0.729935
0.322914 0.209663
0.32296 0.985882
0.324017 0.753071
0.324422 0.560877
0.327445 0.370214
0.327551 0.147144
0.327894 0.907814
0.329567 0.0287725
0.329679 0.918786
0.33041 0.193092
0.330564 0.79032
0.331515 0.771507
0.332406 0.75308
0.332678 0.317153
0.334076 0.813846
0.334138 0.85768
0.33534 0.0674475
0.335392 0.939923
0.335892 0.340842
0.336392 0.731962
0.336448 0.681708
0.337928 0.557431
0.338 0.760446
0.338491 0.0198793
0.341731 0.469636
0.341812 0.839392
0.345527 0.277344
0.346642 0.0151513
0.34695 0.18043
0.349462 0.41396
0.350462 0.210656
0.350529 0.343319
0.352919 0.513427
0.35376 0.639084
0.354939 0.465336
0.35549 0.713428
0.357156 0.718329
0.358038 0.53666
0.358332 0.485422
0.358337 0.563145
0.358369 0.106475
0.3584 0.629042
0.358903 0.0903646
0.364286 0.554021
0.364903 0.932131
0.365301 0.61801
0.366868 0.947356
0.367012 0.376802
0.369078 0.101143
0.369845 0.978862
0.371275 0.0144793
0.372238 0.211784
0.373104 0.760387
0.376759 0.191195
0.377182 0.294932
0.378692 0.675346
0.379493 0.131622
0.380703 0.478938
0.381955 0.520226
0.383097 0.714756
0.385562 0.145278
0.385605 0.868528
0.386181 0.551719
0.386539 0.564883
0.386588 0.384711
0.390384 0.188795
0.392939 0.122488
0.393414 0.110479
0.393861 0.62226
0.39479 0.232705
0.399023 0.383942
0.399242 0.0686432
0.399404 0.789997
0.399702 0.790953
0.401905 0.814587
0.402109 0.239093
0.403494 0.524263
0.404692 0.655548
0.404965 0.254604
0.405222 0.571465
0.40604 0.31925
0.406207 0.126419
0.406565 0.13362
0.408084 0.671814
0.408089 0.753959
0.409575 0.727066
0.40962 0.479924
0.409782 0.199102
0.410062 0.918833
0.410467 0.717279
0.410507 0.385839
0.410643 0.683872
0.410668 0.0981768
0.412908 0.750064
0.414583 0.902806
0.415603 0.0475871
0.41577 0.847768
0.415962 0.0754019
0.416693 0.365009
0.41824 0.354964
0.418694 0.992186
0.41874 0.768898
0.419 0.130049
0.422552 0.831331
0.423041 0.0469994
0.425489 0.200984
0.42566 0.0600113
0.425798 0.386932
0.427516 0.262368
0.428145 0.841608
0.429514 0.834784
0.430292 0.909846
0.431807 0.381195
0.432328 0.129972
0.433006 0.537594
0.434755 0.924898
0.435864 0.558396
0.436697 0.560365
0.438447 0.976134
0.438795 0.8282
0.4388 0.903341
0.438814 0.145794
0.440098 0.732423
0.440268 0.589024
0.441198 0.220906
0.441948 0.812407
0.444086 0.761417
0.445336 0.76949
0.447138 0.0563962
0.448899 0.639383
0.449298 0.353219
0.449824 0.19005
0.450157 0.78509
0.450361 0.210778
0.450987 0.745517
0.452603 0.899755
0.454844 0.561661
0.454858 0.800341
0.455845 0.378963
0.456946 0.886761
0.457814 0.47876
0.460721 0.33426
0.460883 0.0573982
0.461662 0.160501
0.461824 0.876494
0.462975 0.216227
0.465034 0.832689
0.46545 0.816307
0.466033 0.617363
0.466092 0.616509
0.469126 0.595874
0.469671 0.753587
0.47063 0.875375
0.472516 0.581648
0.472844 0.0859494
0.473127 0.839678
0.473449 0.263407
0.473711 0.657178
0.474001 0.534986
0.476208 0.632579
0.476501 0.54728
0.477832 0.916718
0.477851 0.245254
0.479037 0.169085
0.479895 0.58798
0.480362 0.450789
0.480391 0.931117
0.480987 0.945583
0.482743 0.467782
0.482906 0.194943
0.483562 0.221014
0.484812 0.231497
0.484995 0.307996
0.486374 0.495532
0.486856 0.587489
0.486872 0.851668
0.487682 0.469887
0.488083 0.216593
0.488502 0.261148
0.490818 0.182684
0.491527 0.102635
0.493822 0.661028
0.494008 0.795825
0.495008 0.598234
0.496182 0.33539
0.499081 0.062694
0.500122 0.544439
0.500539 0.559848
0.503139 0.250766
0.503969 0.206348
0.505134 0.783267
0.505355 0.508854
0.505603 0.671465
0.506525 0.165618
0.507558 0.532331
0.508415 0.93386
0.509086 0.200952
0.509869 0.366345
0.510779 0.670372
0.512792 0.486564
0.512872 0.830884
0.513969 0.268949
0.516911 0.728605
0.518626 0.551847
0.519448 0.35977
0.5199 0.958877
0.521312 0.696576
0.52206 0.256865
0.522902 0.421013
0.524346 0.679846
0.52703 0.793934
0.52753 0.197099
0.527964 0.494014
0.528801 0.563134
0.52914 0.259048
0.530003 0.755527
0.532118 0.314956
0.532646 0.178374
0.534062 0.972572
0.535167 0.547301
0.537472 0.284737
0.539936 0.712919
0.542533 0.34884
0.542992 0.0612577
0.543731 0.485094
0.543748 0.767251
0.544394 0.625211
0.54495 0.978082
0.54617 0.471078
0.547246 0.556557
0.548065 0.321599
0.548408 0.0876532
0.549392 0.625531
0.550282 0.589126
0.550472 0.785525
0.550559 0.245628
0.551096 0.276194
0.55175 0.264502
0.551863 0.168853
0.553229 0.116034
0.554595 0.0726849
0.555238 0.885237
0.55575 0.493484
0.557569 0.0634229
0.558094 0.878388
0.558593 0.271191
0.561276 0.372083
0.562738 0.939511
0.563181 0.388563
0.563288 0.189199
0.563332 0.915963
0.56376 0.122398
0.564968 0.425002
0.565296 0.924153
0.565298 0.960483
0.567255 0.862751
0.567317 0.901654
0.56855 0.619627
0.570518 0.701815
0.571173 0.706457
0.571278 0.474708
0.571536 0.806854
0.572485 0.749583
0.572758 0.347434
0.572868 0.197071
0.574251 0.43983
0.576073 0.0578155
0.578694 0.11226
0.578856 0.826602
0.579253 0.512332
0.579406 0.0711637
0.579424 0.376541
0.580023 0.443334
0.58194 0.663572
0.58383 0.431823
0.584446 0.788175
0.585264 0.532696
0.588677 0.900139
0.589597 0.348766
0.590245 0.255829
0.590788 0.369135
0.591479 0.983162
0.593004 0.625056
0.59385 0.831825
0.595645 0.00300338
0.596426 0.131378
0.596789 0.225083
0.596834 0.996552
0.597023 0.170856
0.597598 0.834294
0.598025 0.00997081
0.598618 0.965034
0.59883 0.537881
0.599373 0.667325
0.602976 0.2241
0.60576 0.00386674
0.606746 0.581948
0.610667 0.487272
0.611211 0.631476
0.611438 0.432955
0.612387 0.394154
0.615348 0.15457
0.61632 0.493736
0.617675 0.268103
0.619437 0.882074
0.620842 0.4893
0.620875 0.0506069
0.621343 0.920326
0.623587 0.625989
0.623927 0.334965
0.626677 0.565563
0.626788 0.429233
0.627408 0.845356
0.6284 0.517949
0.630729 0.665174
0.631033 0.764132
0.634009 0.785361
0.63424 0.67538
0.637702 0.849064
0.639233 0.584021
0.640975 0.873754
0.641473 0.237576
0.642147 0.561831
0.642639 0.825475
0.642829 0.0289571
0.642944 0.954534
0.643545 0.0628138
0.643686 0.433851
0.645819 0.274647
0.647073 0.359027
0.647336 0.77198
0.647528 0.00180485
0.648304 0.0382664
0.648868 0.519686
0.649028 0.221012
0.650555 0.882996
0.650991 0.198421
0.651387 0.855209
0.651492 0.618913
0.651525 0.176424
0.651608 0.56926
0.651649 0.271872
0.653468 0.844684
0.653967 0.223994
0.65443 0.000978588
0.655099 0.242314
0.655106 0.366604
0.655913 0.933271
0.655951 0.566291
0.657301 0.259851
0.65871 0.943485
0.658898 0.099257
0.65899 0.642273
0.659541 0.899326
0.659823 0.644336
0.660033 0.168879
0.660307 0.771817
0.660332 0.204795
0.660657 0.665026
0.661138 0.745807
0.66149 0.669296
0.661976 0.831456
0.662439 0.603784
0.662464 0.0411609
0.662825 0.105541
0.663291 0.931237
0.663575 0.703154
0.664428 0.0390511
0.664567 0.380638
0.665646 0.508497
0.666003 0.514696
0.666231 0.350039
0.666303 0.550346
0.667373 0.538403
0.669352 0.797968
0.669769 0.808485
0.670323 0.116002
0.670407 0.535706
0.671867 0.0774153
0.673228 0.936142
0.673298 0.11884
0.673786 0.327026
0.673909 0.381957
0.675152 0.272172
0.676626 0.0506609
0.677309 0.524713
0.678697 0.854314
0.678969 0.42417
0.679384 0.414925
0.680209 0.266143
0.682123 0.438046
0.682274 0.972193
0.683228 0.0180035
0.683523 0.966648
0.684573 0.62451
0.685699 0.549618
0.686353 0.527768
0.686664 0.762826
0.69104 0.304659
0.692985 0.996984
0.694 0.0560746
0.696036 0.269783
0.697872 0.140099
0.698465 0.098011
0.698639 0.0255113
0.698776 0.320414
0.70136 0.752788
0.701637 0.420513
0.70475 0.735033
0.705228 0.763354
0.705317 0.266032
0.706155 0.346727
0.707864 0.0755832
0.709359 0.197329
0.710067 0.0994674
0.711323 0.203875
0.712788 0.823684
0.713601 0.486544
0.716283 0.572301
0.716818 0.567053
0.716932 0.482542
0.717022 0.984774
0.717825 0.478358
0.721291 0.731715
0.724223 0.0155675
0.725265 0.526889
0.726006 0.988128
0.726384 0.329248
0.729021 0.653522
0.729563 0.759839
0.731051 0.767281
0.731075 0.17271
0.731829 0.844854
0.732177 0.701804
0.7336 0.623493
0.736294 0.89194
0.736613 0.247016
0.737091 0.294472
0.738061 0.591986
0.739174 0.295506
0.739824 0.219975
0.739952 0.379161
0.740918 0.610057
0.741447 0.507551
0.74193 0.61426
0.743444 0.0705907
0.745307 0.367302
0.7458 0.660162
0.746626 0.541629
0.748548 0.849007
0.748765 0.488104
0.749096 0.0549691
0.749408 0.304428
0.749564 0.917668
0.753126 0.782811
0.753544 0.81795
0.757012 0.104874
0.757301 0.959141
0.759132 0.723487
0.760175 0.260119
0.760426 0.481279
0.761877 0.868793
0.762372 0.181157
0.762387 0.434543
0.762665 0.113522
0.76457 0.124546
0.764794 0.894618
0.766218 0.823171
0.766351 0.0641499
0.769009 0.742536
0.769271 0.132707
0.770293 0.310061
0.771082 0.577009
0.772735 0.3644
0.773862 0.299784
0.774887 0.528511
0.77872 0.952318
0.778727 0.0598525
0.779672 0.948595
0.780211 0.00508184
0.782085 0.507056
0.782136 0.367244
0.782394 0.693403
0.784349 0.546184
0.785869 0.102207
0.786431 0.545394
0.789892 0.714352
0.790442 0.958131
0.790638 0.247194
0.790909 0.800607
0.791108 0.155474
0.791194 0.60023
0.793485 0.0939845
0.795548 0.781416
0.795612 0.854646
0.796073 0.596639
0.79627 0.905197
0.796655 0.386323
0.797061 0.199553
0.797386 0.672275
0.797624 0.66035
0.79899 0.631198
0.801026 0.844343
0.801818 0.152043
0.803484 0.160028
0.803691 0.638552
0.805143 0.0306999
0.805589 0.528096
0.80569 0.225158
0.807386 0.741199
0.807699 0.994211
0.808695 0.742829
0.811077 0.767054
0.811473 0.431481
0.811852 0.804243
0.812729 0.528915
0.813285 0.87821
0.814627 0.431748
0.815812 0.34967
0.817556 0.658538
0.819318 0.273457
0.822148 0.844469
0.823716 0.189523
0.82618 0.606247
0.826393 0.182913
0.828087 0.66203
0.830075 0.0649348
0.831536 0.629302
0.832226 0.215521
0.832992 0.0914954
0.83343 0.463419
0.835086 0.286819
0.838318 0.617451
0.840546 0.0547394
0.841731 0.978586
0.842155 0.0931155
0.842646 0.348448
0.844538 0.155595
0.844904 0.304703
0.845413 0.851263
0.847118 0.519426
0.847856 0.915495
0.848331 0.905458
0.850949 0.902598
0.851236 0.715103
0.851409 0.628188
0.8522 0.917879
0.854424 0.299107
0.854886 0.0748244
0.855732 0.281954
0.857327 0.101341
0.85802 0.748457
0.858034 0.985487
0.860665 0.194823
0.861339 0.519525
0.865158 0.716054
0.865293 0.982767
0.866204 0.285839
0.86629 0.730727
0.868036 0.0809815
0.868471 0.387132
0.873588 0.388466
0.873619 0.919423
0.875032 0.654993
0.875159 0.798886
0.875415 0.0944826
0.875996 0.864515
0.879649 0.267375
0.881771 0.922725
0.883502 0.0158828
0.885499 0.582194
0.887444 0.263234
0.890445 0.708355
0.891826 0.922869
0.89389 0.61707
0.894111 0.321987
0.895372 0.518331
0.89559 0.188108
0.895904 0.4561
0.896363 0.169213
0.89642 0.137797
0.898144 0.108457
0.898922 0.18398
0.899618 0.88142
0.900099 0.962178
0.903365 0.855181
0.903643 0.535585
0.903698 0.446371
0.904168 0.358008
0.905073 0.554102
0.905702 0.125366
0.906422 0.24255
0.906451 0.720374
0.906468 0.00844667
0.906882 0.966433
0.907911 0.251745
0.908162 0.479471
0.910011 0.557459
0.910409 0.248105
0.911591 0.109372
0.9131 0.467348
0.915222 0.12953
0.91529 0.284248
0.915859 0.83778
0.916568 0.753654
0.917603 0.154952
0.91764 0.76994
0.918098 0.477043
0.919167 0.437739
0.919462 0.404588
0.920383 0.881617
0.921854 0.600359
0.92316 0.547306
0.926424 0.405599
0.927944 0.946697
0.928392 0.483906
0.928819 0.667018
0.933491 0.174643
0.933882 0.748394
0.934431 0.986781
0.935498 0.915044
0.935894 0.573836
0.936466 0.191998
0.937751 0.777939
0.938266 0.436212
0.938705 0.81528
0.938986 0.540044
0.940612 0.866963
0.940647 0.450082
0.941239 0.399393
0.941654 0.378769
0.941784 0.560205
0.943775 0.0214713
0.944515 0.46561
0.945503 0.0765776
0.945821 0.417425
0.947723 0.386946
0.948668 0.259958
0.949719 0.924997
0.950461 0.392528
0.952126 0.381331
0.953201 0.443707
0.954966 0.106358
0.956168 0.307157
0.956236 0.466993
0.959206 0.37413
0.95953 0.81827
0.959621 0.354719
0.959974 0.283452
0.962698 0.0660999
0.963029 0.624677
0.963216 0.77753
0.96394 0.932014
0.967025 0.786516
0.967055 0.292569
0.968867 0.748674
0.96889 0.142833
0.971114 0.507924
0.971678 0.994485
0.972754 0.0815138
0.972881 0.212431
0.972927 0.985292
0.97364 0.959442
0.974525 0.836438
0.975554 0.133341
0.977931 0.0800606
0.978502 0.687766
0.9805 0.270568
0.980628 0.408137
0.980641 0.635619
0.981127 0.805519
0.981953 0.691603
0.983215 0.886851
0.984492 0.36269
0.984746 0.622277
0.985842 0.0468108
0.986615 0.0325731
0.98671 0.636556
0.988355 0.275974
0.990429 0.14241
0.990956 0.00474003
0.991529 0.632293
0.992517 0.23999
0.992557 0.897452
0.992997 0.299937
0.996452 0.362151
0.997089 0.0790328
0.998764 0.228871
0.998912 0.707889
0.999082 0.569922
