0.000291035 0.891434
0.000631447 0.612737
0.000879472 0.781296
0.00121647 0.445278
0.00186904 0.413027
0.00193546 0.529294
0.00311189 0.301528
0.00357533 0.0905658
0.00385249 0.748805
0.00398937 0.0493116
0.00536805 0.220765
0.0059735 0.396665
0.00728844 0.496837
0.00835648 0.447436
0.00935008 0.146858
0.00955783 0.638413
0.00990262 0.433315
0.0105375 0.10446
0.0106606 0.173063
0.0109449 0.950936
0.011546 0.0534092
0.0129863 0.26044
0.0152567 0.419734
0.0163913 0.488644
0.0178555 0.0970734
0.0183269 0.0201844
0.0206194 0.550934
0.0214597 0.672538
0.0217086 0.856327
0.0219895 0.577944
0.0230453 0.323109
0.0242337 0.296098
0.0251332 0.413403
0.0253271 0.671896
0.0257691 0.101179
0.0263044 0.0974729
0.0268826 0.815116
0.0271655 0.570339
0.0279549 0.837295
0.0289051 0.808465
0.0304686 0.0863374
0.030948 0.142301
0.0311528 0.585262
0.031875 0.723867
0.0335821 0.414522
0.0338463 0.854351
0.0339582 0.736327
0.0349654 0.663073
0.0358991 0.355523
0.0362802 0.761375
0.0372218 0.587444
0.0378212 0.661499
0.0381907 0.871935
0.038354 0.61593
0.0399774 0.900899
0.0417935 0.422566
0.0424732 0.847703
0.0424772 0.913875
0.0428942 0.92213
0.0431577 0.351941
0.0444331 0.787866
0.0452382 0.31785
0.0453652 0.453651
0.0454424 0.751114
0.0456868 0.858275
0.0459824 0.825523
0.0464076 0.97308
0.0465726 0.746151
0.0470577 0.899146
0.047789 0.189645
0.0499334 0.230983
0.0502668 0.833677
0.0503312 0.915931
0.0505855 0.189841
0.0509974 0.112648
0.0510579 0.130686
0.0523613 0.0366784
0.0527041 0.79727
0.0528023 0.448195
0.0532519 0.00434347
0.0535201 0.511761
0.0546359 0.265683
0.0559261 0.949124
0.0561825 0.259982
0.0565383 0.239171
0.0570015 0.0243114
0.0570199 0.33379
0.0589011 0.951601
0.0595033 0.0722316
0.059884 0.471157
0.0599548 0.660233
0.0606765 0.789352
0.0616921 0.859759
0.0622977 0.0381092
0.0627729 0.0243555
0.0629155 0.4214
0.0637173 0.896561
0.0638148 0.535512
0.0644475 0.169819
0.0648324 0.637624
0.0648734 0.327393
0.0663884 0.790235
0.067279 0.758918
0.067329 0.597795
0.067699 0.816315
0.0686685 0.112052
0.0686935 0.531718
0.0707027 0.300545
0.0715548 0.621149
0.0719868 0.88272
0.0722241 0.871085
0.0723684 0.295827
0.07299 0.742379
0.0732333 0.832518
0.0733924 0.506859
0.0747846 0.904956
0.0762745 0.946277
0.0768735 0.0131091
0.0775755 0.811056
0.0786073 0.153382
0.078983 0.4679
0.0801035 0.298943
0.08148 0.435232
0.0820467 0.959501
0.0835213 0.742811
0.0836615 0.0981955
0.0843194 0.155947
0.0853948 0.231182
0.0855748 0.25562
0.0866299 0.988075
0.0877904 0.493062
0.0888675 0.59655
0.0898137 0.498535
0.0904874 0.821749
0.0909273 0.215704
0.0928323 0.232927
0.0932068 0.52611
0.0932271 0.868365
0.0934262 0.213731
0.0945114 0.452991
0.0951116 0.540461
0.0953397 0.374395
0.0959123 0.997527
0.0959476 0.591423
0.0971176 0.254863
0.0981778 0.0747151
0.0985996 0.163269
0.0992786 0.575665
0.100219 0.384876
0.100526 0.537233
0.100594 0.679249
0.103667 0.338076
0.104747 0.485282
0.107 0.35684
0.107156 0.965713
0.107473 0.29533
0.10753 0.250609
0.107833 0.35636
0.107937 0.0945262
0.110572 0.381258
0.111245 0.691504
0.112383 0.829379
0.113586 0.0407822
0.115422 0.901776
0.116044 0.355528
0.116063 0.671706
0.116907 0.855951
0.117573 0.0554856
0.117794 0.758509
0.118365 0.365941
0.119097 0.665401
0.120098 0.490435
0.121037 0.265414
0.121812 0.301821
0.122518 0.154849
0.122686 0.988738
0.124849 0.3377
0.125749 0.456477
0.125876 0.605308
0.127338 0.165316
0.127543 0.622317
0.127841 0.627577
0.127969 0.768653
0.128304 0.398716
0.128431 0.535221
0.128601 0.398584
0.129349 0.963515
0.130487 0.0941978
0.131013 0.936571
0.133066 0.436052
0.133539 0.395508
0.133734 0.662235
0.134404 0.924826
0.134588 0.0241624
0.135992 0.620235
0.136825 0.611976
0.136883 0.598474
0.137179 0.572171
0.137331 0.12831
0.137507 0.0857226
0.137597 0.597143
0.137933 0.242781
0.137977 0.982756
0.138608 0.586876
0.138927 0.950811
0.139847 0.406263
0.140526 0.816005
0.141067 0.908478
0.141538 0.823551
0.14166 0.883365
0.141668 0.00842299
0.142367 0.760906
0.144574 0.863187
0.145747 0.566314
0.145788 0.266586
0.145834 0.0281
0.146133 0.0507976
0.146175 0.765869
0.146557 0.177623
0.147377 0.966981
0.147466 0.459775
0.148657 0.485763
0.149302 0.313592
0.149329 0.779284
0.151133 0.091376
0.151421 0.940594
0.151579 0.588365
0.153013 0.695875
0.154184 0.371829
0.155913 0.432085
0.157898 0.791671
0.159135 0.576974
0.159662 0.44742
0.159811 0.947788
0.16002 0.448743
0.16015 0.646035
0.160603 0.251348
0.161345 0.720766
0.161564 0.405624
0.16189 0.884043
0.162476 0.728677
0.164343 0.119133
0.164969 0.637788
0.165372 0.400038
0.165606 0.344559
0.165948 0.0964552
0.166888 0.885795
0.166916 0.350768
0.167355 0.727371
0.168139 0.903979
0.169162 0.101448
0.169761 0.169054
0.169962 0.550132
0.172335 0.438788
0.172771 0.767064
0.173085 0.0410034
0.173777 0.665807
0.174761 0.214007
0.175439 0.597485
0.175854 0.586221
0.175905 0.428691
0.17651 0.599222
0.177422 0.937552
0.1777 0.602866
0.18039 0.821241
0.180625 0.768134
0.180828 0.17172
0.181144 0.492211
0.181684 0.563607
0.18197 0.37648
0.182061 0.893762
0.182614 0.200528
0.182886 0.760015
0.183242 0.743274
0.184272 0.0599845
0.185247 0.438047
0.185342 0.0450359
0.185503 0.747372
0.185926 0.86468
0.18712 0.92699
0.188956 0.777732
0.189004 0.595282
0.189317 0.84478
0.190866 0.881663
0.191962 0.30564
0.19378 0.868489
0.194383 0.991232
0.194827 0.461791
0.196416 0.169527
0.197791 0.269588
0.199827 0.49128
0.200302 0.479326
0.20137 0.43254
0.201615 0.546322
0.201893 0.207723
0.202132 0.239125
0.202482 0.119045
0.203189 0.998488
0.204389 0.160397
0.205974 0.802485
0.206828 0.166212
0.207211 0.595066
0.208792 0.169996
0.209201 0.0487482
0.211237 0.26126
0.211861 0.750559
0.212514 0.722737
0.214195 0.975085
0.214343 0.454424
0.214491 0.950065
0.214612 0.987261
0.216012 0.518501
0.216184 0.412966
0.216284 0.0820097
0.218018 0.229404
0.218036 0.528309
0.218661 0.0324394
0.218694 0.597049
0.219739 0.161245
0.220276 0.185378
0.220281 0.258061
0.220288 0.37336
0.220494 0.845755
0.220888 0.459929
0.221953 0.370075
0.222888 0.0803447
0.222976 0.564373
0.223167 0.764873
0.226176 0.33477
0.2265 0.783191
0.226586 0.229567
0.227571 0.778229
0.22764 0.947864
0.22808 0.348776
0.230143 0.0192553
0.232085 0.647005
0.232292 0.127767
0.235976 0.0562699
0.236229 0.299532
0.23705 0.0995885
0.237167 0.0640933
0.23819 0.25858
0.238557 0.426737
0.238568 0.608794
0.238957 0.146207
0.239292 0.785396
0.239404 0.665305
0.239522 0.651215
0.239665 0.0579176
0.239681 0.318113
0.240728 0.909005
0.24185 0.774186
0.24187 0.116363
0.242207 0.774296
0.242588 0.181236
0.242913 0.636168
0.243603 0.229361
0.243969 0.393065
0.243994 0.8015
0.244592 0.859566
0.24555 0.967056
0.247761 0.11444
0.247863 0.837423
0.24916 0.627358
0.252222 0.100543
0.253345 0.970045
0.25355 0.409883
0.254331 0.542663
0.254558 0.358864
0.256108 0.414467
0.256376 0.903351
0.256843 0.767546
0.257163 0.134877
0.257784 0.573164
0.258917 0.611019
0.258999 0.991074
0.259039 0.66033
0.260397 0.486476
0.26062 0.23256
0.261177 0.600881
0.261469 0.513101
0.261908 0.892686
0.262262 0.831195
0.262679 0.837517
0.262691 0.0414329
0.263259 0.596851
0.264028 0.52487
0.264691 0.66177
0.265051 0.706231
0.26528 0.553111
0.26571 0.790499
0.266091 0.195819
0.268482 0.375303
0.268729 0.531074
0.269459 0.789508
0.269654 0.0731474
0.27025 0.0943045
0.271226 0.497216
0.271472 0.632083
0.271845 0.891292
0.27339 0.859044
0.274749 0.709906
0.274925 0.656197
0.275929 0.542967
0.2771 0.226794
0.277403 0.312009
0.278769 0.265067
0.279188 0.311069
0.279537 0.181065
0.27955 0.401103
0.279859 0.587897
0.280572 0.573175
0.280723 0.105013
0.281556 0.103797
0.28324 0.419007
0.283915 0.759345
0.284203 0.603696
0.285292 0.906177
0.286041 0.491323
0.28654 0.875673
0.286597 0.829465
0.28689 0.765368
0.286988 0.412506
0.289355 0.193831
0.289485 0.375197
0.291424 0.969466
0.292587 0.509233
0.292947 0.552638
0.293439 0.826777
0.293474 0.415164
0.294851 0.56284
0.295524 0.874934
0.297807 0.237025
0.301047 0.699015
0.301547 0.0937586
0.3021 0.399852
0.302109 0.552364
0.30251 0.286806
0.302578 0.436062
0.30396 0.650982
0.304055 0.245214
0.304892 0.324985
0.305102 0.841897
0.306196 0.241402
0.306505 0.42393
0.306578 0.661576
0.306766 0.822185
0.308057 0.510236
0.308121 0.593484
0.310868 0.757236
0.31096 0.296801
0.31112 0.995724
0.311567 0.509438
0.312178 0.775599
0.312893 0.79857
0.314959 0.521861
0.315149 0.704478
0.31679 0.29527
0.31781 0.439597
0.318757 0.352602
0.319211 0.985574
0.320193 0.481228
0.320278 0.919456
0.320729 0.4933
0.320761 0.0377804
0.32078 0.351187
0.321794 0.391753
0.322389 0.39332
0.322539 0.91644
0.322923 0.372122
0.323586 0.514978
0.323782 0.810999
0.324339 0.172886
0.324419 0.504934
0.32482 0.257432
0.326106 0.861232
0.326235 0.0251994
0.326776 0.122915
0.327709 0.804846
0.327767 0.778901
0.328363 0.79274
0.32855 0.945217
0.328966 0.933734
0.329362 0.591275
0.329751 0.124876
0.330543 0.436177
0.332425 0.0685845
0.332542 0.0289647
0.332717 0.967884
0.333572 0.344235
0.333904 0.922597
0.334004 0.609063
0.334056 0.479089
0.334333 0.142674
0.334877 0.281016
0.336201 0.531556
0.336299 0.18238
0.337899 0.0663577
0.338111 0.634165
0.338606 0.948289
0.339086 0.0210244
0.339478 0.602023
0.341331 0.754792
0.341763 0.00630619
0.342274 0.597445
0.342983 0.510141
0.343069 0.955312
0.34311 0.646505
0.343364 0.911564
0.343518 0.503461
0.344726 0.817859
0.345208 0.910067
0.346258 0.564399
0.346467 0.0726477
0.347185 0.134938
0.347651 0.962598
0.348102 0.552642
0.348731 0.117826
0.348743 0.322494
0.348793 0.156784
0.349077 0.938336
0.34922 0.347003
0.349871 0.285411
0.350861 0.928091
0.35089 0.40233
0.353357 0.869987
0.353413 0.816727
0.35416 0.374567
0.354306 0.828776
0.354369 0.871444
0.355159 0.165456
0.355254 0.759319
0.35629 0.171919
0.35675 0.900544
0.357222 0.836491
0.357231 0.976896
0.3578 0.541235
0.35823 0.777645
0.358875 0.618638
0.359756 0.411908
0.361647 0.201133
0.362042 0.839929
0.363203 0.347467
0.364242 0.822153
0.365926 0.110471
0.366359 0.387429
0.366455 0.00205626
0.36693 0.989281
0.367263 0.589408
0.367618 0.548774
0.368139 0.31163
0.371828 0.305781
0.372094 0.777392
0.372144 0.626843
0.374854 0.177869
0.377778 0.321677
0.378934 0.735823
0.379783 0.00633887
0.381198 0.796701
0.381468 0.336676
0.381691 0.0773679
0.381962 0.637081
0.382106 0.0558126
0.38329 0.95924
0.384067 0.0188129
0.384776 0.936534
0.385918 0.132129
0.386237 0.484145
0.386449 0.0479603
0.386596 0.521124
0.388193 0.35578
0.388377 0.449215
0.388997 0.87325
0.389078 0.239664
0.389158 0.583577
0.391151 0.0755144
0.392138 0.666439
0.393212 0.710994
0.393392 0.743963
0.39395 0.114647
0.394195 0.23145
0.395034 0.328252
0.397807 0.947585
0.398164 0.944016
0.399179 0.00910934
0.399676 0.348732
0.400383 0.233668
0.4017 0.377238
0.404341 0.757564
0.40487 0.657273
0.406628 0.190626
0.40723 0.322667
0.4083 0.297528
0.409992 0.727488
0.410889 0.805246
0.410942 0.709356
0.411418 0.710747
0.41177 0.611265
0.412147 0.956698
0.412719 0.564803
0.413742 0.754499
0.41423 0.964087
0.41465 0.0306094
0.414791 0.392921
0.415639 0.648871
0.416865 0.244471
0.417059 0.511628
0.417063 0.577651
0.417241 0.561235
0.417564 0.994645
0.417797 0.919342
0.41801 0.500157
0.418334 0.942575
0.419778 0.204711
0.420268 0.441557
0.420483 0.0652056
0.421006 0.852911
0.421202 0.148893
0.421519 0.469626
0.421926 0.309098
0.423169 0.202804
0.423382 0.772865
0.423548 0.56277
0.423927 0.939038
0.425298 0.988024
0.425696 0.666046
0.427213 0.176113
0.427453 0.201269
0.427923 0.102036
0.430388 0.526562
0.430962 0.176162
0.4322 0.985758
0.432407 0.465753
0.432513 0.247865
0.43258 0.37663
0.433054 0.33111
0.433057 0.391881
0.433582 0.214156
0.434434 0.524085
0.435252 0.280941
0.436156 0.473911
0.436267 0.334098
0.436606 0.03445
0.436903 0.0350304
0.436991 0.499868
0.439025 0.690584
0.439151 0.81261
0.439481 0.360003
0.439926 0.844336
0.440005 0.161585
0.440666 0.276868
0.441162 0.601816
0.442217 0.336799
0.442633 0.338152
0.44352 0.234981
0.444615 0.646342
0.445867 0.68835
0.446594 0.913319
0.447155 0.339006
0.447216 0.363463
0.44773 0.992872
0.448026 0.975773
0.44837 0.749684
0.449313 0.601776
0.449866 0.892608
0.450963 0.335932
0.451493 0.238372
0.451709 0.870238
0.451806 0.497419
0.453085 0.00272397
0.453092 0.12462
0.453327 0.0668714
0.453844 0.760684
0.453861 0.0411812
0.454207 0.854053
0.456189 0.169427
0.456404 0.782745
0.456731 0.270477
0.457039 0.447652
0.45728 0.500999
0.458902 0.765761
0.459292 0.32699
0.461078 0.33415
0.462441 0.246433
0.462588 0.711027
0.464254 0.720147
0.46571 0.179946
0.468068 0.824482
0.468503 0.137559
0.469129 0.65004
0.470076 0.571215
0.471996 0.834029
0.473485 0.859252
0.47366 0.797013
0.474721 0.6288
0.474822 0.334096
0.476207 0.607206
0.476454 0.76595
0.477171 0.821267
0.477771 0.893953
0.479198 0.88424
0.479885 0.428628
0.479942 0.377778
0.480055 0.288453
0.480174 0.283692
0.480697 0.0710772
0.482892 0.968354
0.483035 0.377389
0.484109 0.417953
0.486737 0.594403
0.486881 0.000674687
0.490225 0.204963
0.493166 0.641547
0.49437 0.884435
0.495067 0.598311
0.495112 0.351216
0.495997 0.224909
0.496102 0.990092
0.496158 0.934258
0.497554 0.396398
0.497849 0.348376
0.498521 0.640998
0.499256 0.99075
0.500903 0.682425
0.501924 0.838977
0.50283 0.0658901
0.503007 0.0347137
0.504676 0.0874656
0.505077 0.835698
0.506465 0.163804
0.506896 0.394476
0.510063 0.637204
0.510215 0.175961
0.511644 0.197882
0.511692 0.0105957
0.512096 0.799407
0.512939 0.95853
0.514903 0.969639
0.515662 0.732632
0.516226 0.204276
0.517029 0.7033
0.51749 0.448283
0.517605 0.389512
0.517921 0.691744
0.519316 0.143835
0.520159 0.309422
0.520573 0.271956
0.520824 0.48864
0.521425 0.584789
0.522273 0.836646
0.522412 0.185653
0.523025 0.477227
0.523296 0.0327372
0.523339 0.763368
0.524682 0.337904
0.525749 0.264445
0.526824 0.324168
0.528841 0.233455
0.529062 0.946159
0.52961 0.149343
0.529664 0.0542671
0.529685 0.415485
0.530618 0.101001
0.530786 0.91912
0.531171 0.397491
0.531918 0.943489
0.532053 0.209967
0.532949 0.280588
0.532992 0.0026174
0.533071 0.318574
0.533093 0.6892
0.533319 0.500892
0.533891 0.114663
0.535873 0.416287
0.536704 0.377888
0.537399 0.0571712
0.537661 0.462689
0.538251 0.380319
0.538279 0.862541
0.538568 0.712651
0.53892 0.62815
0.538967 0.415608
0.539399 0.682267
0.53994 0.779106
0.540223 0.533226
0.541121 0.615031
0.541618 0.976474
0.541769 0.50706
0.541977 0.0047659
0.541997 0.349157
0.543426 0.358721
0.544537 0.0315536
0.544552 0.287241
0.545709 0.733906
0.546529 0.511971
0.547101 0.121531
0.547245 0.54582
0.547808 0.00890968
0.548023 0.622
0.549583 0.83874
0.549942 0.873748
0.550115 0.786081
0.552097 0.101549
0.552116 0.417922
0.553402 0.0246574
0.555201 0.257938
0.555221 0.593744
0.55562 0.299862
0.555688 0.44738
0.555883 0.729156
0.55671 0.624445
0.556909 0.96549
0.557398 0.186637
0.559 0.120618
0.559358 0.134533
0.559393 0.709575
0.559603 0.249505
0.560069 0.0766566
0.560442 0.347198
0.561169 0.562204
0.563501 0.767274
0.563514 0.983211
0.564154 0.72967
0.564382 0.563949
0.565167 0.765625
0.565176 0.911078
0.566223 0.5127
0.566399 0.468579
0.567505 0.0554621
0.569228 0.0129657
0.569792 0.498737
0.57014 0.33983
0.570661 0.0976153
0.570816 0.697019
0.57102 0.136152
0.571141 0.162564
0.572514 0.244436
0.573026 0.84337
0.573451 0.983523
0.574053 0.104333
0.575349 0.883139
0.575522 0.798485
0.576637 0.537771
0.577034 0.206738
0.577938 0.396993
0.579734 0.584418
0.580551 0.326779
0.581056 0.810939
0.581428 0.057994
0.581843 0.0320169
0.581954 0.906104
0.582552 0.957032
0.582643 0.479151
0.583151 0.0253119
0.583303 0.581138
0.583382 0.904843
0.58518 0.11214
0.586082 0.279416
0.587698 0.43511
0.587987 0.294072
0.589969 0.607404
0.590102 0.842576
0.590118 0.111756
0.590751 0.755736
0.591264 0.370158
0.591293 0.854352
0.593057 0.515391
0.593429 0.761264
0.593733 0.874177
0.59408 0.707991
0.594476 0.358386
0.594732 0.653599
0.595431 0.409158
0.59572 0.269889
0.595926 0.734905
0.596236 0.93519
0.596891 0.941218
0.597016 0.0469337
0.601382 0.430768
0.601931 0.660585
0.602123 0.88004
0.603689 0.206162
0.604211 0.968534
0.605131 0.430598
0.605466 0.0661399
0.605856 0.613594
0.607557 0.21809
0.607904 0.0491495
0.60932 0.837141
0.611438 0.444929
0.611447 0.583542
0.612238 0.87854
0.613177 0.66932
0.613562 0.140992
0.613975 0.0777533
0.614246 0.633843
0.614691 0.107125
0.616574 0.766824
0.617469 0.795433
0.620068 0.481663
0.621134 0.400229
0.621153 0.71481
0.622115 0.881624
0.624353 0.503505
0.624619 0.964739
0.624957 0.650839
0.626946 0.0811438
0.627058 0.965593
0.627845 0.188635
0.62866 0.880962
0.630204 0.832678
0.631881 0.0219294
0.632678 0.414068
0.635016 0.712757
0.635146 0.89226
0.635743 0.936168
0.636883 0.0996361
0.637837 0.132087
0.638204 0.291995
0.638759 0.621614
0.639895 0.722001
0.640293 0.410769
0.64125 0.484229
0.64169 0.875773
0.641973 0.648653
0.642028 0.567414
0.643355 0.869663
0.643842 0.0458944
0.64445 0.263071
0.644503 0.155981
0.644881 0.511032
0.644958 0.81453
0.645267 0.00124457
0.645398 0.198803
0.645437 0.856351
0.646071 0.508251
0.647117 0.0929678
0.647118 0.12011
0.647212 0.692396
0.647299 0.153916
0.648022 0.303313
0.648151 0.467241
0.64867 0.199263
0.6493 0.777415
0.650089 0.0436817
0.651174 0.276939
0.651481 0.447938
0.651886 0.243144
0.652374 0.445805
0.652683 0.649315
0.652796 0.548861
0.653079 0.306762
0.653686 0.502306
0.655785 0.777764
0.655871 0.222652
0.656224 0.15234
0.658048 0.815053
0.659778 0.888661
0.660252 0.855287
0.660268 0.119176
0.661913 0.772134
0.661931 0.0733235
0.662242 0.296228
0.663945 0.918669
0.665622 0.106363
0.66614 0.820688
0.668233 0.999725
0.67086 0.140565
0.673021 0.465296
0.67312 0.135866
0.673443 0.562913
0.673815 0.814054
0.674029 0.400159
0.674299 0.946222
0.674475 0.90045
0.676704 0.368473
0.677077 0.63626
0.67731 0.542612
0.677879 0.116195
0.678122 0.188348
0.678157 0.784475
0.678405 0.949317
0.678727 0.366009
0.680099 0.430132
0.68062 0.178643
0.680923 0.267974
0.680939 0.536372
0.682451 0.951974
0.683113 0.0764613
0.685481 0.887746
0.685947 0.713567
0.686804 0.108757
0.687105 0.172653
0.689003 0.0685825
0.689267 0.509327
0.690689 0.415207
0.691037 0.25551
0.691902 0.796152
0.691997 0.391628
0.692571 0.0471451
0.692722 0.581613
0.692867 0.010785
0.692968 0.720761
0.693089 0.745513
0.693777 0.309607
0.694265 0.506586
0.694311 0.284191
0.694433 0.33333
0.696008 0.806635
0.696381 0.0761981
0.696406 0.497593
0.697161 0.180264
0.699048 0.904256
0.699098 0.741748
0.699323 0.520499
0.69938 0.477554
0.700195 0.172362
0.700978 0.333881
0.70118 0.739056
0.701325 0.163173
0.701486 0.881959
0.702971 0.830523
0.705584 0.742989
0.705898 0.0324253
0.709662 0.283255
0.710189 0.152441
0.710517 0.66172
0.710517 0.666416
0.710685 0.479847
0.711649 0.680893
0.712309 0.782238
0.713711 0.340619
0.713785 0.581631
0.714331 0.761837
0.714819 0.964419
0.71482 0.97468
0.716878 0.566982
0.716978 0.253494
0.719039 0.89615
0.71977 0.167467
0.719826 0.119537
0.720149 0.548118
0.720264 0.477412
0.720362 0.118414
0.721941 0.659674
0.722064 0.7296
0.722851 0.948182
0.723584 0.279589
0.723805 0.993452
0.724757 0.995551
0.724981 0.747881
0.72505 0.918025
0.725476 0.0756854
0.725895 0.12128
0.727112 0.56994
0.727611 0.9553
0.727728 0.920916
0.727794 0.033215
0.728027 0.950743
0.729054 0.205344
0.729513 0.930002
0.730916 0.506235
0.732596 0.738735
0.736056 0.896453
0.737285 0.556542
0.738161 0.266782
0.738714 0.573689
0.738903 0.744308
0.739051 0.234729
0.739138 0.69383
0.742249 0.971481
0.744037 0.0246759
0.744406 0.236363
0.744782 0.548182
0.744857 0.817118
0.744991 0.0633562
0.746192 0.255021
0.746301 0.0731179
0.747655 0.837968
0.748365 0.772774
0.7485 0.0408166
0.748809 0.238418
0.750076 0.520327
0.751071 0.248965
0.751996 0.791672
0.752738 0.262843
0.755048 0.0866825
0.756075 0.34817
0.756231 0.970646
0.756292 0.993858
0.756606 0.282198
0.75781 0.510764
0.758411 0.615499
0.758501 0.127397
0.759617 0.88106
0.760641 0.0960596
0.763334 0.347289
0.763804 0.256735
0.763884 0.590325
0.766378 0.510222
0.767218 0.631191
0.76892 0.24334
0.77165 0.11517
0.772505 0.496859
0.774479 0.674263
0.775169 0.272809
0.77616 0.929655
0.779208 0.146394
0.779415 0.622593
0.779418 0.669872
0.780013 0.677231
0.780236 0.430069
0.781337 0.935152
0.781489 0.483707
0.781664 0.424872
0.781842 0.415461
0.782078 0.379525
0.783114 0.803731
0.783171 0.752373
0.784078 0.999752
0.784544 0.83448
0.785519 0.217317
0.785564 0.974581
0.785621 0.937702
0.786034 0.866003
0.786493 0.586121
0.786763 0.124641
0.788141 0.282742
0.789464 0.517512
0.792002 0.177705
0.792416 0.138118
0.792861 0.618311
0.793156 0.579626
0.793158 0.608279
0.795283 0.329127
0.796365 0.513227
0.796857 0.781019
0.796979 0.829007
0.797425 0.316675
0.798991 0.643673
0.799989 0.415043
0.800173 0.505574
0.800295 0.559072
0.80065 0.518626
0.800681 0.0519379
0.802946 0.111759
0.803696 0.718342
0.803803 0.520497
0.803841 0.147686
0.803987 0.611889
0.804794 0.171066
0.807142 0.634515
0.807335 0.876816
0.810307 0.836201
0.810374 0.947781
0.810694 0.33334
0.810795 0.0314666
0.811249 0.662834
0.81263 0.874656
0.812654 0.281885
0.813496 0.419814
0.813522 0.857637
0.814653 0.878047
0.815109 0.533504
0.815694 0.364879
0.816037 0.13782
0.817062 0.367298
0.817277 0.981657
0.817682 0.78069
0.817699 0.0755011
0.818157 0.768963
0.818452 0.714352
0.818739 0.541304
0.821298 0.551719
0.822497 0.701818
0.823053 0.0480917
0.823303 0.252496
0.823594 0.14418
0.824013 0.182097
0.824589 0.867926
0.826412 0.514555
0.826813 0.240576
0.826844 0.764943
0.827805 0.90996
0.828405 0.0117289
0.828825 0.0579031
0.829414 0.968528
0.830226 0.616715
0.830467 0.661899
0.831816 0.333975
0.832226 0.221313
0.832686 0.945391
0.834461 0.789584
0.835137 0.15564
0.836023 0.0437106
0.836269 0.173991
0.837436 0.785847
0.838349 0.137599
0.838401 0.00144237
0.839422 0.172293
0.84054 0.947275
0.840645 0.728361
0.841014 0.918973
0.842198 0.820076
0.843593 0.275454
0.843906 0.527887
0.84436 0.155302
0.847081 0.88297
0.848042 0.0486171
0.85392 0.825263
0.853993 0.0608429
0.856535 0.789673
0.857088 0.0757617
0.857217 0.254513
0.858922 0.904096
0.859004 0.281365
0.859243 0.297686
0.859609 0.440556
0.859771 0.167952
0.860881 0.824599
0.861601 0.930451
0.861992 0.502198
0.8655 0.455217
0.867811 0.305651
0.868401 0.220768
0.870313 0.354439
0.870743 0.581191
0.872995 0.424105
0.873536 0.512578
0.873756 0.223921
0.874568 0.86151
0.874756 0.0233398
0.875558 0.509074
0.876624 0.417474
0.87673 0.20011
0.878664 0.710495
0.878982 0.047406
0.879269 0.878444
0.879293 0.271038
0.879387 0.862256
0.881098 0.618035
0.882687 0.324644
0.88289 0.728034
0.8829 0.908675
0.882977 0.188889
0.883298 0.585452
0.883507 0.0956022
0.883978 0.0138765
0.884107 0.194773
0.885262 0.598541
0.885824 0.0360233
0.887431 0.0542622
0.889985 0.982414
0.890133 0.471254
0.891046 0.814358
0.891049 0.863782
0.89198 0.513233
0.892314 0.121523
0.893132 0.872877
0.895077 0.559442
0.895514 0.912386
0.896499 0.452142
0.89733 0.428832
0.898028 0.154087
0.898846 0.89864
0.899084 0.908339
0.901641 0.874073
0.902069 0.072705
0.903439 0.0910118
0.903525 0.54818
0.906786 0.353919
0.908101 0.460877
0.908309 0.947618
0.909708 0.45667
0.910149 0.874573
0.912566 0.502985
0.913142 0.179571
0.913397 0.471145
0.913409 0.666006
0.914046 0.373755
0.914097 0.2296
0.914384 0.0571311
0.914719 0.680518
0.91496 0.738655
0.915326 0.883975
0.915335 0.0386006
0.916128 0.362642
0.917561 0.440984
0.918068 0.965676
0.918298 0.83742
0.918602 0.936809
0.918967 0.0749439
0.921116 0.189944
0.921152 0.797935
0.921251 0.466517
0.921736 0.620585
0.922821 0.844301
0.923499 0.253903
0.923756 0.567516
0.924136 0.955547
0.924703 0.484919
0.92473 0.939858
0.925424 0.597869
0.925431 0.713613
0.925765 0.327663
0.927457 0.761896
0.927967 0.348315
0.928149 0.392421
0.928647 0.771496
0.929372 0.958006
0.929892 0.701798
0.931062 0.352128
0.931473 0.268354
0.932477 0.139517
0.932575 0.792814
0.933524 0.731301
0.934773 0.732392
0.935168 0.370805
0.936052 0.232571
0.939195 0.0461322
0.939376 0.084407
0.939452 0.375171
0.940681 0.0173998
0.941881 0.202091
0.942227 0.0144932
0.94361 0.253926
0.944138 0.12096
0.94454 0.890347
0.944829 0.7326
0.94534 0.320827
0.945481 0.704371
0.945535 0.613521
0.945594 0.602266
0.947033 0.782499
0.947273 0.812813
0.947412 0.154541
0.947474 0.202499
0.947608 0.44124
0.948602 0.152182
0.948828 0.951532
0.95175 0.0551043
0.952216 0.891045
0.952477 0.276332
0.953863 0.568288
0.954114 0.793979
0.954918 0.298927
0.95582 0.467268
0.957516 0.979107
0.958082 0.476508
0.958152 0.663009
0.958497 0.457598
0.959359 0.947323
0.960698 0.445426
0.964721 0.0695613
0.965231 0.635828
0.966302 0.632352
0.966495 0.876343
0.966672 0.862815
0.967087 0.828769
0.967537 0.38671
0.969164 0.739643
0.971309 0.787352
0.971696 0.29591
0.972271 0.965381
0.973212 0.765788
0.975198 0.15059
0.975901 0.975498
0.975954 0.856505
0.976482 0.732406
0.976667 0.848804
0.977238 0.441686
0.977748 0.0165145
0.978284 0.0235307
0.978335 0.881974
0.978457 0.928945
0.980517 0.550416
0.980622 0.317031
0.981414 0.624339
0.981618 0.0584719
0.981892 0.656652
0.983121 0.308562
0.984259 0.442399
0.984661 0.203169
0.984974 0.461894
0.986624 0.184733
0.988144 0.735199
0.990514 0.572178
0.990722 0.0718799
0.991258 0.0809857
0.99179 0.0188794
0.996208 0.259568
0.996447 0.284012
0.99655 0.011644
0.997396 0.22912
0.997401 0.312189
0.99759 0.49094
0.998309 0.575034
0.998567 0.917855
0.998575 0.0477647
0.998916 0.7768
