0.0120105 0.860072
0.0216787 0.353631
0.0243665 0.527873
0.0323558 0.80363
0.0388094 0.270346
0.0482823 0.480752
0.105312 0.972477
0.109592 0.916494
0.115747 0.367556
0.118094 0.813381
0.118353 0.156116
0.133405 0.136231
0.135349 0.812004
0.137325 0.0292358
0.139884 0.03166
0.155245 0.196651
0.171463 0.771319
0.183201 0.0660737
0.198314 0.0705907
0.214022 0.0611399
0.224663 0.907256
0.231332 0.00197179
0.240489 0.901834
0.240997 0.429148
0.256259 0.950273
0.261178 0.610937
0.269562 0.520889
0.269706 0.953473
0.272879 0.284482
0.276767 0.619122
0.277095 0.136822
0.28093 0.583021
0.288365 0.543716
0.304216 0.953591
0.326845 0.276647
0.334386 0.0259106
0.346061 0.239789
0.34635 0.101678
0.353386 0.364629
0.36263 0.730151
0.36597 0.858116
0.379761 0.645802
0.382113 0.172206
0.39906 0.997153
0.403955 0.266703
0.412705 0.327499
0.417207 6.26547e-06
0.425215 0.596175
0.456012 0.187135
0.469697 0.202319
0.47957 0.133557
0.480262 0.763549
0.488368 0.00203477
0.49278 0.146443
0.501457 0.981169
0.502441 0.52742
0.514668 0.0167438
0.515333 0.204093
0.515788 0.854533
0.522653 0.232136
0.557062 0.548482
0.567483 0.682496
0.577906 0.862992
0.579126 0.362883
0.585313 0.351874
0.611468 0.936504
0.612437 0.227608
0.612926 0.451776
0.637065 0.143851
0.647369 0.332442
0.687346 0.220639
0.691272 0.213618
0.70522 0.627707
0.707452 0.150233
0.717839 0.719747
0.729671 0.577584
0.78457 0.259499
0.813962 0.264646
0.816441 0.918602
0.823612 0.445769
0.826259 0.930085
0.831783 0.784384
0.833942 0.061241
0.870284 0.866559
0.870526 0.932875
0.903943 0.564113
0.908562 0.194652
0.915947 0.314811
0.933215 0.549947
0.935912 0.872381
0.94919 0.0350082
0.953731 0.35863
0.9587 0.866342
0.958849 0.367164
0.962295 0.296111
0.968059 0.175809
0.972064 0.485026
0.986112 0.586794
0.991771 0.699477
0.994794 0.496214
