0.000687811 0.56004
0.00100776 0.937437
0.00114475 0.239798
0.00115138 0.351238
0.00136132 0.879749
0.00207909 0.943267
0.00369519 0.10512
0.00388167 0.239205
0.00414899 0.732128
0.00539536 0.67982
0.00544073 0.442289
0.00602736 0.3018
0.00617891 0.848947
0.00672614 0.0461829
0.00729581 0.620658
0.00836044 0.513898
0.00839702 0.128769
0.00891967 0.912851
0.00957552 0.935838
0.0109299 0.699303
0.0109816 0.568241
0.0109949 0.791942
0.0110931 0.44095
0.0116715 0.162522
0.0116768 0.252791
0.0117609 0.665866
0.0122305 0.557789
0.0123566 0.677021
0.0125628 0.143445
0.0127557 0.385409
0.0136685 0.727073
0.0138819 0.31299
0.0144049 0.103638
0.0153149 0.398273
0.016137 0.214899
0.0162192 0.596683
0.0162807 0.629521
0.0164377 0.268972
0.0165009 0.331355
0.0166087 0.141782
0.0169563 0.984018
0.0170656 0.822064
0.0172657 0.185399
0.0173922 0.311425
0.0178528 0.0513674
0.0186599 0.616375
0.0186932 0.177353
0.0189489 0.4745
0.0192396 0.359367
0.0198307 0.294286
0.0204532 0.757648
0.0207426 0.620453
0.0208128 0.801413
0.0216493 0.860304
0.0217 0.711288
0.0223311 0.319173
0.0226614 0.870784
0.0241797 0.388591
0.0248006 0.82388
0.0248505 0.662194
0.0254395 0.56097
0.0267168 0.028529
0.0268987 0.0867454
0.0270296 0.286941
0.0270392 0.447366
0.0274221 0.883929
0.0296889 0.980581
0.0299655 0.629374
0.0300191 0.531543
0.0302805 0.923553
0.0305297 0.112617
0.0308318 0.189583
0.0318762 0.742548
0.0326061 0.0101784
0.0332001 0.993941
0.033258 0.966375
0.0335937 0.609939
0.0339179 0.0582346
0.0348822 0.264446
0.0360015 0.0779813
0.0360634 0.117073
0.0361814 0.100877
0.0364655 0.876371
0.037326 0.338375
0.0373739 0.142738
0.0386681 0.894746
0.0398291 0.407223
0.0401641 0.0382091
0.040368 0.464899
0.0406692 0.527644
0.0409214 0.766038
0.0409291 0.894727
0.0413425 0.843087
0.0413791 0.458326
0.041674 0.414609
0.0417089 0.00115606
0.0426088 0.126648
0.0426741 0.223466
0.0433531 0.634876
0.044379 0.878379
0.0445716 0.114747
0.0447381 0.913809
0.0451223 0.370595
0.0453074 0.482258
0.0464507 0.697489
0.0474197 0.982747
0.0488825 0.568902
0.0511016 0.864072
0.0513525 0.0817337
0.0513674 0.331661
0.0514701 0.0573754
0.0518665 0.72113
0.0520175 0.258149
0.0528896 0.916187
0.053638 0.493523
0.056475 0.175122
0.0575841 0.816649
0.0579134 0.350299
0.0581114 0.677602
0.0581833 0.886134
0.0588967 0.876554
0.0591226 0.673032
0.0602747 0.0377158
0.0607953 0.786063
0.0611209 0.259191
0.062253 0.286911
0.0623236 0.472887
0.0624496 0.59122
0.0626452 0.878451
0.0628924 0.0320384
0.0634662 0.676199
0.0635803 0.593707
0.063841 0.975409
0.0639044 0.040578
0.0642019 0.0409548
0.0655245 0.269972
0.0658927 0.459198
0.0663416 0.00397467
0.0675256 0.903575
0.0689593 0.998602
0.0700852 0.922435
0.0706215 0.935117
0.0706279 0.0430975
0.0709137 0.846375
0.0713217 0.70402
0.0717374 0.69033
0.071901 0.440469
0.071938 0.0621726
0.0722887 0.956094
0.0729362 0.838919
0.0731134 0.817009
0.073274 0.516801
0.0750727 0.746661
0.0751503 0.0513714
0.0753908 0.0925954
0.0757023 0.328937
0.0757714 0.490472
0.0759527 0.536699
0.0761167 0.293396
0.0764506 0.904707
0.0769197 0.790048
0.0770106 0.316691
0.077894 0.16473
0.0781393 0.287662
0.0784151 0.921804
0.0791713 0.631452
0.0796006 0.847309
0.0797995 0.1901
0.0799401 0.553515
0.0805182 0.269874
0.0807711 0.520336
0.0809739 0.928274
0.0818851 0.242796
0.0826689 0.416892
0.0829738 0.540151
0.083179 0.989161
0.0832276 0.805475
0.0835516 0.252229
0.0837703 0.927789
0.0839232 0.496545
0.0839883 0.591446
0.0840451 0.545715
0.0841653 0.565701
0.0871117 0.0859567
0.088493 0.301997
0.0890256 0.253015
0.0893321 0.404449
0.0902009 0.00608259
0.090253 0.881478
0.0922041 0.674536
0.0931045 0.807909
0.0942125 0.429346
0.0946351 0.531338
0.0958006 0.120583
0.0962762 0.113647
0.0966425 0.270299
0.0967713 0.435057
0.0980398 0.755441
0.0991007 0.584873
0.0993061 0.0373425
0.0996144 0.219182
0.100479 0.756694
0.100533 0.659927
0.101017 0.786195
0.101826 0.392393
0.102307 0.467868
0.102477 0.338322
0.102949 0.262724
0.103239 0.132526
0.10334 0.836483
0.104096 0.541443
0.104125 0.0223811
0.104852 0.249893
0.105218 0.39411
0.105525 0.557737
0.10585 0.0237985
0.106019 0.862415
0.106672 0.833091
0.106787 0.766673
0.107344 0.136011
0.108017 0.439096
0.108949 0.0983699
0.109212 0.533785
0.109384 0.416784
0.109669 0.210514
0.109742 0.427373
0.110551 0.0305501
0.110811 0.404395
0.111423 0.684433
0.111535 0.568154
0.111636 0.269567
0.112151 0.917533
0.112613 0.690252
0.11276 0.165052
0.112844 0.57311
0.113401 0.932649
0.115622 0.255892
0.115907 0.0508268
0.11629 0.480494
0.117291 0.305678
0.117621 0.8552
0.118515 0.877477
0.118838 0.317313
0.1192 0.38847
0.119919 0.47949
0.120203 0.254671
0.12028 0.538517
0.121062 0.688054
0.121381 0.0445381
0.121441 0.0578807
0.121825 0.508413
0.121925 0.193979
0.123572 0.88138
0.123674 0.592819
0.123936 0.984242
0.126011 0.86644
0.126632 0.307677
0.126915 0.065523
0.12839 0.842454
0.128521 0.0466806
0.130376 0.231279
0.13102 0.061323
0.131222 0.450618
0.131918 0.149154
0.132274 0.124618
0.133242 0.399999
0.134479 0.189067
0.13493 0.770596
0.135686 0.480933
0.136643 0.554902
0.136942 0.581411
0.139369 0.379977
0.139616 0.526724
0.139809 0.773994
0.140065 0.0760941
0.140433 0.253338
0.140468 0.848995
0.140827 0.886726
0.141085 0.218723
0.141482 0.889239
0.141743 0.278001
0.141948 0.720336
0.142941 0.405873
0.143174 0.332386
0.143256 0.697704
0.143418 0.427839
0.143891 0.377239
0.144134 0.466251
0.14442 0.261412
0.144957 0.297151
0.145054 0.920825
0.146824 0.674811
0.147041 0.314699
0.147781 0.757577
0.149682 0.703822
0.1504 0.773226
0.150796 0.432731
0.15108 0.201972
0.151584 0.673907
0.152373 0.930415
0.153437 0.810186
0.153583 0.275179
0.155527 0.940981
0.155596 0.103126
0.158714 0.511351
0.158787 0.73707
0.159283 0.0702987
0.159451 0.892237
0.159647 0.189369
0.160403 0.886863
0.162115 0.670472
0.162745 0.255801
0.162754 0.399603
0.163852 0.855551
0.164188 0.51148
0.165095 0.755753
0.165455 0.801639
0.165748 0.726131
0.166508 0.505426
0.166534 0.938232
0.166746 0.502102
0.168071 0.770025
0.168821 0.371598
0.169169 0.217098
0.169177 0.360516
0.169858 0.810346
0.170259 0.534793
0.170929 0.795953
0.171123 0.0708655
0.171219 0.678777
0.171436 0.327446
0.171598 0.0502011
0.17188 0.790406
0.172208 0.298143
0.172306 0.950783
0.172828 0.728306
0.173358 0.62047
0.173766 0.493423
0.17421 0.949292
0.177009 0.988808
0.17715 0.357396
0.177968 0.107787
0.178085 0.0680891
0.178276 0.286464
0.180142 0.638884
0.180299 0.282749
0.180326 0.736921
0.180363 0.36782
0.180447 0.779955
0.180645 0.0964499
0.180771 0.216347
0.181723 0.217242
0.182156 0.50277
0.182573 0.504725
0.182699 0.62607
0.183392 0.275785
0.183655 0.683557
0.184333 0.0921261
0.185292 0.203044
0.185412 0.217238
0.185663 0.446029
0.185786 0.510398
0.18601 0.268104
0.186371 0.330034
0.186672 0.400989
0.186832 0.0917263
0.187374 0.19658
0.18745 0.472012
0.188007 0.841483
0.189118 0.498686
0.189814 0.21138
0.189945 0.406285
0.190209 0.846318
0.190848 0.576614
0.191598 0.185584
0.191746 0.678463
0.192624 0.423515
0.192768 0.855841
0.193125 0.847349
0.193478 0.78084
0.194088 0.0337127
0.194199 0.906727
0.194803 0.047119
0.195397 0.0338714
0.195605 0.531617
0.195857 0.764665
0.195876 0.0858906
0.196728 0.414963
0.197404 0.765813
0.199235 0.540646
0.199592 0.53973
0.200171 0.280414
0.200224 0.167995
0.20113 0.393296
0.20191 0.506338
0.202108 0.831473
0.203119 0.816275
0.203232 0.725855
0.203948 0.746978
0.204939 0.404474
0.20523 0.301628
0.205611 0.699701
0.20679 0.514401
0.207538 0.0874161
0.207918 0.482804
0.20804 0.524007
0.208446 0.345604
0.208463 0.631705
0.209503 0.123476
0.210009 0.628141
0.210708 0.364791
0.2115 0.680216
0.211568 0.831075
0.211693 0.928073
0.211822 0.0964075
0.211825 0.148789
0.21206 0.0997754
0.212647 0.953487
0.213418 0.917539
0.214956 0.764632
0.215254 0.771936
0.215966 0.745756
0.216925 0.866167
0.217261 0.497952
0.218558 0.304322
0.219585 0.568401
0.22033 0.0934246
0.220639 0.28237
0.220789 0.801624
0.22266 0.253117
0.222689 0.74243
0.223178 0.947908
0.22327 0.499556
0.223399 0.667758
0.223621 0.391951
0.22451 0.336701
0.225228 0.401574
0.225439 0.954166
0.226331 0.941413
0.226513 0.999449
0.226577 0.0778445
0.226722 0.513465
0.226763 0.200026
0.227247 0.347879
0.227315 0.484416
0.22863 0.590122
0.229603 0.92971
0.229641 0.578093
0.229899 0.920461
0.230029 0.0893901
0.230031 0.130862
0.230321 0.00723791
0.232244 0.328844
0.232576 0.909757
0.232998 0.997482
0.234589 0.741218
0.235613 0.942318
0.23569 0.247318
0.23632 0.827982
0.23792 0.726681
0.239371 0.110314
0.240045 0.444431
0.240149 0.181118
0.240307 0.834859
0.240632 0.293713
0.241781 0.613168
0.243438 0.463037
0.243743 0.582414
0.243762 0.909399
0.244787 0.136091
0.245075 0.978219
0.245164 0.472179
0.245332 0.301458
0.24548 0.774646
0.245616 0.0654163
0.246274 0.123129
0.246499 0.900409
0.246606 0.701789
0.246886 0.407745
0.247083 0.723598
0.247275 0.950856
0.247651 0.26784
0.248491 0.381186
0.249238 0.941734
0.249393 0.553769
0.249816 0.657874
0.250247 0.903237
0.25037 0.974728
0.250686 0.274307
0.250854 0.107296
0.251053 0.44997
0.251072 0.77172
0.251424 0.67688
0.253175 0.111549
0.253352 0.0905081
0.254428 0.171761
0.254481 0.0651099
0.255238 0.784932
0.255637 0.485815
0.25639 0.154202
0.256531 0.521608
0.256824 0.438877
0.257242 0.458066
0.257291 0.295894
0.257297 0.398725
0.257544 0.53403
0.257672 0.697661
0.258417 0.207275
0.258458 0.902969
0.258921 0.677778
0.258934 0.900908
0.25928 0.718796
0.260416 0.804078
0.260641 0.586046
0.261012 0.829688
0.261197 0.9361
0.261647 0.494807
0.262343 0.207266
0.262657 0.481174
0.263171 0.112838
0.263712 0.205373
0.263758 0.986484
0.264366 0.199833
0.265155 0.468628
0.265195 0.138816
0.265459 0.570364
0.266121 0.702349
0.26621 0.191551
0.266523 0.444579
0.266597 0.703497
0.267938 0.228109
0.26861 0.532078
0.268698 0.00412429
0.271327 0.200962
0.271985 0.253893
0.271995 0.422888
0.272512 0.11166
0.273019 0.630178
0.273136 0.596498
0.273389 0.843885
0.273444 0.767146
0.273457 0.993203
0.275018 0.227834
0.275228 0.762207
0.275872 0.574156
0.277186 0.672183
0.277335 0.161438
0.277759 0.295589
0.277983 0.0575367
0.279711 0.108159
0.280016 0.235307
0.280837 0.0304098
0.280848 0.214478
0.281312 0.00901755
0.282457 0.261369
0.282525 0.398463
0.282538 0.623713
0.282557 0.935727
0.282707 0.45963
0.282742 0.0465837
0.283253 0.635398
0.283286 0.188996
0.283355 0.341398
0.28355 0.63086
0.284553 0.478881
0.284687 0.734659
0.284762 0.989563
0.284791 0.486349
0.285149 0.502534
0.285194 0.249287
0.285836 0.0497943
0.285838 0.073516
0.287448 0.132429
0.287723 0.765694
0.288014 0.656087
0.288343 0.177191
0.289462 0.989779
0.29017 0.892059
0.290726 0.231712
0.29096 0.166622
0.292003 0.696062
0.292592 0.58961
0.292957 0.729083
0.293129 0.612725
0.293788 0.701907
0.29397 0.755232
0.29442 0.316405
0.295339 0.769477
0.295574 0.720495
0.296582 0.652171
0.297989 0.304445
0.298237 0.475587
0.298238 0.492641
0.298852 0.800149
0.300579 0.832598
0.30166 0.997085
0.302434 0.0127671
0.302507 0.228194
0.302633 0.355715
0.303148 0.0110138
0.303242 0.595196
0.303523 0.308244
0.304484 0.462512
0.304503 0.789215
0.304751 0.942044
0.305361 0.206749
0.30573 0.398777
0.306344 0.724865
0.306532 0.883204
0.3069 0.0679144
0.308492 0.829308
0.308862 0.0513885
0.309902 0.528117
0.309939 0.140413
0.310311 0.389636
0.311798 0.383021
0.311907 0.219768
0.312055 0.705689
0.312859 0.226439
0.312902 0.948014
0.312934 0.484778
0.313287 0.40959
0.31337 0.816528
0.313394 0.221316
0.314261 0.792732
0.314917 0.810202
0.315117 0.163535
0.315199 0.552535
0.31649 0.251817
0.316521 0.763897
0.31656 0.421194
0.316955 0.0643024
0.317422 0.914816
0.317855 0.196392
0.317945 0.697607
0.318787 0.852785
0.319031 0.946908
0.319584 0.245675
0.319621 0.877099
0.319676 0.801925
0.319704 0.272501
0.3201 0.915234
0.320212 0.805795
0.320409 0.110018
0.320579 0.971409
0.322144 0.27438
0.322257 0.165818
0.322452 0.449974
0.323379 0.0372449
0.323418 0.680314
0.323594 0.646704
0.324672 0.763888
0.324759 0.222332
0.32516 0.95686
0.325739 0.699641
0.326829 0.021993
0.327033 0.448127
0.32709 0.39374
0.32734 0.610525
0.327497 0.249702
0.328088 0.183439
0.329864 0.0235457
0.330415 0.291955
0.332256 0.223449
0.332425 0.0600068
0.332459 0.643016
0.332858 0.340158
0.333227 0.552237
0.333694 0.401397
0.33381 0.350327
0.334145 0.971335
0.33425 0.744336
0.336406 0.9825
0.337613 0.261695
0.338185 0.867209
0.338291 0.648992
0.339966 0.807353
0.34 0.374138
0.340379 0.753991
0.34047 0.28713
0.340797 0.775003
0.343161 0.503759
0.343198 0.133985
0.343467 0.643617
0.343562 0.252288
0.343644 0.624431
0.344406 0.431259
0.346501 0.649882
0.346682 0.677966
0.347105 0.791627
0.347755 0.724807
0.34812 0.852032
0.348665 0.00658345
0.348954 0.863456
0.349195 0.913947
0.350566 0.961391
0.351282 0.00337914
0.351981 0.745868
0.352439 0.442758
0.353338 0.555367
0.353422 0.964975
0.353896 0.937298
0.354212 0.233848
0.354348 0.528046
0.354388 0.19148
0.354575 0.33984
0.355175 0.419781
0.355441 0.900378
0.355888 0.416823
0.358605 0.0661798
0.358773 0.895624
0.359008 0.839449
0.359469 0.590786
0.35975 0.322281
0.359991 0.361532
0.360602 0.632233
0.360622 0.965785
0.361264 0.767764
0.361496 0.668082
0.361732 0.632005
0.362084 0.549781
0.363579 0.664647
0.363651 0.875926
0.364155 0.345466
0.364577 0.452733
0.364871 0.388902
0.36491 0.0429834
0.365313 0.812503
0.366138 0.673488
0.366939 0.146505
0.367292 0.0792684
0.367573 0.799367
0.368847 0.219913
0.370999 0.375501
0.373038 0.653769
0.373708 0.908965
0.373959 0.133639
0.374537 0.847181
0.375142 0.0179232
0.376437 0.76882
0.376521 0.195152
0.377183 0.308636
0.378634 0.704485
0.378811 0.682747
0.378923 0.552514
0.379129 0.0263654
0.382611 0.55143
0.383211 0.632318
0.383351 0.980425
0.385028 0.159635
0.386181 0.538305
0.387344 0.0916038
0.387525 0.129918
0.387685 0.823394
0.387831 0.282643
0.387909 0.590343
0.388006 0.221155
0.38856 0.522748
0.389271 0.470546
0.38984 0.0489181
0.390769 0.649032
0.391075 0.7966
0.391287 0.36126
0.391408 0.392634
0.392283 0.095243
0.392589 0.250058
0.392867 0.92359
0.393049 0.981524
0.39435 0.848486
0.395285 0.559649
0.395356 0.740342
0.395604 0.923521
0.395646 0.614183
0.397148 0.864139
0.397471 0.288604
0.397764 0.212533
0.397869 0.978968
0.39791 0.671327
0.398208 0.683366
0.398491 0.44413
0.398569 0.743128
0.399334 0.604701
0.39955 0.240997
0.399613 0.304068
0.400419 0.837152
0.400676 0.157989
0.400766 0.671389
0.403031 0.745604
0.403543 0.339278
0.403744 0.726484
0.404468 0.885711
0.405057 0.788001
0.405384 0.295683
0.406966 0.877837
0.407218 0.108983
0.40795 0.418868
0.408342 0.00539192
0.408444 0.724501
0.408514 0.891045
0.408741 0.709734
0.408851 0.555888
0.408916 0.65745
0.41009 0.3763
0.410337 0.541322
0.411283 0.428045
0.411604 0.834681
0.411631 0.285574
0.411635 0.351331
0.413395 0.929348
0.413445 0.762575
0.414328 0.614511
0.415418 0.938398
0.416165 0.492833
0.416705 0.564691
0.417443 0.964148
0.417626 0.0447012
0.41796 0.655191
0.418267 0.816133
0.418535 0.312821
0.418613 0.620247
0.41862 0.742417
0.418736 0.701537
0.419498 0.501329
0.419572 0.74796
0.420195 0.209812
0.421144 0.168303
0.421631 0.35766
0.421783 0.904219
0.422632 0.170196
0.423014 0.590699
0.424034 0.741232
0.424693 0.82312
0.42519 0.168018
0.42581 0.595598
0.425941 0.798737
0.426059 0.768079
0.426063 0.84023
0.42633 0.329028
0.426859 0.226968
0.42746 0.324738
0.428083 0.79091
0.428528 0.262158
0.428882 0.217696
0.4291 0.876438
0.429475 0.186996
0.429786 0.419315
0.429878 0.960116
0.429948 0.132827
0.430213 0.596988
0.430978 0.442689
0.431143 0.215149
0.431484 0.954915
0.431521 0.576696
0.431785 0.0123927
0.432068 0.767076
0.432083 0.0179429
0.433143 0.830204
0.433333 0.0222979
0.4339 0.563581
0.435068 0.192781
0.436529 0.734811
0.436801 0.315843
0.437784 0.829631
0.437962 0.82969
0.437983 0.179333
0.438011 0.65808
0.438901 0.617386
0.439102 0.992453
0.439236 0.234943
0.439743 0.756098
0.440011 0.258373
0.440224 0.849135
0.440678 0.469358
0.440961 0.23701
0.441075 0.149516
0.441764 0.735681
0.441922 0.379828
0.442442 0.118305
0.442778 0.775675
0.443377 0.839814
0.444029 0.794704
0.445813 0.777994
0.44605 0.769732
0.447248 0.894552
0.447855 0.103581
0.448064 0.606468
0.448262 0.947749
0.448274 0.141992
0.448642 0.333205
0.44954 0.426585
0.449808 0.919845
0.451005 0.0489066
0.451304 0.0680981
0.451762 0.765317
0.451904 0.152054
0.451912 0.284374
0.452264 0.200937
0.453095 0.168236
0.454508 0.910138
0.455434 0.478696
0.455459 0.899034
0.456003 0.0498053
0.456189 0.166759
0.456862 0.486373
0.457229 0.654342
0.457354 0.752788
0.45753 0.713206
0.457718 0.867084
0.45814 0.963676
0.458669 0.846933
0.459219 0.0933504
0.459675 0.753417
0.460649 0.13141
0.461083 0.428779
0.462057 0.790759
0.46209 0.340913
0.462594 0.817411
0.463745 0.16177
0.463798 0.0460713
0.464507 0.974327
0.464926 0.00780658
0.46533 0.798325
0.465607 0.458779
0.467955 0.916695
0.468159 0.340246
0.468699 0.432233
0.468781 0.805832
0.468789 0.937542
0.46935 0.370203
0.470507 0.810262
0.47113 0.275683
0.471998 0.867761
0.472193 0.146908
0.472252 0.145897
0.472468 0.77453
0.472922 0.400067
0.473307 0.867927
0.473766 0.591897
0.47488 0.304323
0.475214 0.92908
0.475754 0.00222865
0.476358 0.156935
0.476496 0.476092
0.476801 0.593856
0.477604 0.0857107
0.477985 0.4897
0.4788 0.191865
0.478961 0.905447
0.479321 0.953681
0.479822 0.362692
0.479893 0.565417
0.480499 0.740628
0.480869 0.967366
0.48112 0.180895
0.481522 0.940718
0.481943 0.0207102
0.482183 0.0564323
0.482323 0.402394
0.482855 0.34568
0.48348 0.852151
0.483949 0.724523
0.484197 0.907303
0.486293 0.123343
0.486726 0.411665
0.487114 0.920512
0.487582 0.789488
0.489463 0.398894
0.490225 0.212828
0.49054 0.505755
0.490675 0.769837
0.490769 0.358191
0.492269 0.571075
0.492951 0.0287384
0.493419 0.895241
0.493474 0.822596
0.493672 0.153686
0.494439 0.0293393
0.494721 0.779773
0.494955 0.7098
0.495153 0.0378933
0.49588 0.247577
0.496695 0.950618
0.498166 0.682047
0.498489 0.101158
0.499419 0.73336
0.500136 0.783183
0.500281 0.228274
0.500342 0.250327
0.500502 0.937926
0.501674 0.637922
0.502011 0.306217
0.502803 0.615983
0.503849 0.190268
0.504121 0.76633
0.50421 0.258028
0.506571 0.938949
0.506789 0.605627
0.506881 0.147288
0.50697 0.644809
0.507256 0.445669
0.508368 0.137019
0.508642 0.752815
0.508706 0.828613
0.50948 0.82199
0.509669 0.998893
0.50984 0.881392
0.509917 0.176085
0.509987 0.355127
0.510034 0.140754
0.510404 0.354625
0.510428 0.75557
0.510723 0.72641
0.510752 0.201987
0.511461 0.132536
0.511605 0.552582
0.512635 0.86196
0.513137 0.287508
0.513769 0.914285
0.513818 0.737596
0.51649 0.640341
0.516585 0.250741
0.517174 0.144782
0.517642 0.0178517
0.518227 0.834983
0.518887 0.933362
0.519031 0.360037
0.519249 0.023678
0.519331 0.3897
0.520263 0.0583655
0.520295 0.593861
0.521136 0.72632
0.521582 0.233209
0.521959 0.56824
0.522174 0.175093
0.523092 0.606181
0.524013 0.0884999
0.524386 0.351192
0.525165 0.443706
0.52598 0.153141
0.526416 0.47615
0.527479 0.336793
0.527924 0.817675
0.528286 0.906904
0.529002 0.930821
0.529057 0.863012
0.530004 0.778231
0.53046 0.441671
0.531418 0.548268
0.532069 0.48832
0.532676 0.679309
0.533091 0.661236
0.53334 0.85034
0.533371 0.368876
0.533503 0.58571
0.533632 0.760823
0.534191 0.144162
0.534824 0.791797
0.535693 0.399801
0.537051 0.214247
0.538939 0.94187
0.539234 0.911122
0.539286 0.782173
0.539394 0.603807
0.539725 0.150621
0.540074 0.0301891
0.540467 0.635183
0.540904 0.968757
0.540917 0.196215
0.541381 0.98627
0.542024 0.799197
0.542477 0.404158
0.542985 0.956815
0.542999 0.18176
0.543923 0.713691
0.545089 0.302671
0.545277 0.466637
0.545897 0.890523
0.545923 0.330091
0.545953 0.829195
0.546034 0.197314
0.546599 0.693612
0.547584 0.243236
0.548075 0.496378
0.54829 0.11144
0.54843 0.466966
0.549112 0.930539
0.551562 0.0970844
0.552582 0.250013
0.553623 0.735781
0.554394 0.695012
0.55451 0.645124
0.555445 0.361123
0.555474 0.858817
0.555762 0.690669
0.556052 0.56825
0.556179 0.696162
0.556319 0.0572913
0.556668 0.922693
0.557343 0.260175
0.557779 0.594446
0.557969 0.791979
0.55865 0.233458
0.559648 0.997173
0.560079 0.242717
0.560201 0.304988
0.56044 0.320135
0.560884 0.780136
0.56198 0.194159
0.562442 0.967645
0.562756 0.235519
0.562837 0.607028
0.563429 0.548403
0.563486 0.506179
0.563883 0.176108
0.563959 0.450734
0.564067 0.272337
0.564891 0.129558
0.565083 0.355971
0.565613 0.263506
0.566353 0.69405
0.566428 0.951896
0.566556 0.106879
0.567741 0.0305768
0.567891 0.547741
0.568024 0.771643
0.568523 0.157871
0.568626 0.892257
0.569487 0.361813
0.569564 0.667557
0.570602 0.102939
0.571276 0.442808
0.571489 0.0159757
0.57193 0.432306
0.572132 0.82013
0.572138 0.921536
0.572977 0.0181966
0.573306 0.548059
0.574503 0.670805
0.574704 0.05333
0.577014 0.878344
0.577405 0.448901
0.578012 0.646167
0.578515 0.104939
0.57874 0.882117
0.578911 0.758073
0.579074 0.499924
0.579234 0.178099
0.57939 0.807924
0.580061 0.0872089
0.580401 0.794745
0.580731 0.348963
0.580983 0.585212
0.581165 0.638302
0.581528 0.735835
0.58155 0.117981
0.582411 0.575069
0.582614 0.986716
0.583062 0.525506
0.584008 0.429604
0.585055 0.0166372
0.586143 0.298245
0.586878 0.662156
0.588758 0.263258
0.588924 0.0486551
0.589087 0.791351
0.589929 0.93598
0.591044 0.679242
0.591567 0.467918
0.592101 0.440107
0.592199 0.0813985
0.59253 0.653938
0.59271 0.668929
0.592717 0.793274
0.593174 0.468368
0.593357 0.544851
0.594324 0.810785
0.594437 0.702826
0.594455 0.00155061
0.594839 0.455691
0.595258 0.507078
0.59664 0.72138
0.597517 0.464515
0.598876 0.300843
0.599968 0.664017
0.601147 0.473255
0.602039 0.469627
0.602392 0.405857
0.602588 0.698927
0.602628 0.36701
0.602685 0.332604
0.603617 0.991384
0.604242 0.488643
0.604372 0.687782
0.604471 0.341799
0.604505 0.918548
0.605266 0.707274
0.60544 0.636316
0.60582 0.0188764
0.606029 0.535734
0.606275 0.665443
0.606312 0.293031
0.60802 0.984376
0.608582 0.443334
0.608721 0.781485
0.609144 0.885832
0.609992 0.128173
0.610435 0.574846
0.611133 0.31591
0.61207 0.0568365
0.612813 0.554805
0.613388 0.220613
0.613734 0.0308708
0.614602 0.611381
0.614625 0.00280124
0.615049 0.124711
0.61546 0.039418
0.616015 0.36568
0.617252 0.153041
0.618881 0.531786
0.619573 0.159696
0.6197 0.293423
0.620661 0.441438
0.621358 0.169322
0.621424 0.273161
0.621542 0.24964
0.621729 0.402478
0.622006 0.0540724
0.622007 0.0727148
0.623198 0.081767
0.623973 0.108547
0.62418 0.591916
0.624583 0.361968
0.62495 0.541176
0.624967 0.825304
0.625849 0.635808
0.626129 0.351728
0.626614 0.495026
0.627083 0.383795
0.628326 0.271623
0.63075 0.0209997
0.631048 0.0170329
0.631244 0.320997
0.632703 0.835455
0.63423 0.499858
0.634314 0.919232
0.634788 0.878728
0.636376 0.565802
0.636906 0.476397
0.637459 0.770461
0.637469 0.943542
0.63765 0.989518
0.637906 0.279503
0.638283 0.627635
0.638443 0.304966
0.63914 0.02115
0.640104 0.22445
0.640551 0.746483
0.640986 0.0593565
0.641032 0.817207
0.642655 0.0951643
0.64271 0.022816
0.642786 0.309831
0.642806 0.635306
0.643348 0.754725
0.643403 0.679857
0.643765 0.761188
0.643773 0.90027
0.644679 0.119639
0.645331 0.0790765
0.645483 0.637477
0.645997 0.27818
0.646091 0.856697
0.646095 0.924864
0.647527 0.987068
0.648022 0.30437
0.648035 0.5181
0.648421 0.00902443
0.648555 0.255169
0.649086 0.184955
0.649171 0.617321
0.649422 0.831054
0.649662 0.861125
0.650152 0.0980424
0.650222 0.282
0.650226 0.342372
0.653018 0.280615
0.655728 0.812835
0.655953 0.602762
0.656473 0.341279
0.656629 0.9579
0.657004 0.259082
0.657031 0.712448
0.658343 0.767728
0.65848 0.0653937
0.65853 0.912927
0.658694 0.677326
0.658815 0.700004
0.659589 0.706373
0.659784 0.983916
0.66097 0.918116
0.661119 0.42862
0.661342 0.168263
0.661475 0.406268
0.66179 0.70832
0.662771 0.193346
0.663171 0.913646
0.663371 0.276762
0.663741 0.489396
0.664295 0.814171
0.664907 0.0853336
0.666346 0.283246
0.66754 0.336525
0.668124 0.158345
0.668266 0.542249
0.668294 0.0246117
0.668562 0.521017
0.669334 0.504252
0.670225 0.465828
0.670816 0.396489
0.670885 0.562242
0.671168 0.327444
0.671808 0.0731904
0.67205 0.139021
0.672446 0.798314
0.672552 0.574242
0.672563 0.758389
0.673034 0.680013
0.673317 0.436896
0.673406 0.939551
0.673596 0.131262
0.673936 0.846695
0.674466 0.750747
0.674767 0.80252
0.675027 0.179025
0.675056 0.659885
0.675915 0.103951
0.67618 0.564966
0.676244 0.62738
0.676626 0.0579237
0.676728 0.766874
0.67683 0.480184
0.677149 0.84066
0.678704 0.98348
0.679024 0.348237
0.679746 0.483484
0.681109 0.394867
0.681151 0.10432
0.682108 0.19672
0.683002 0.216846
0.683265 0.638909
0.683274 0.78012
0.684251 0.204272
0.6857 0.562978
0.685872 0.449726
0.686399 0.315367
0.686628 0.151016
0.686947 0.516007
0.6875 0.804147
0.68841 0.109269
0.689251 0.23902
0.689324 0.466969
0.690188 0.98393
0.690903 0.0143035
0.691108 0.44882
0.691257 0.958877
0.692952 0.451667
0.693197 0.555353
0.694496 0.39835
0.69458 0.805344
0.694583 0.849876
0.69638 0.0596688
0.697371 0.718064
0.698112 0.175821
0.698306 0.431043
0.698552 0.558607
0.69885 0.577486
0.700015 0.144317
0.7007 0.66463
0.700749 0.480263
0.701553 0.992638
0.701602 0.822703
0.701884 0.557954
0.702539 0.579125
0.702825 0.376439
0.703994 0.0264412
0.704395 0.767614
0.704518 0.836061
0.704776 0.167025
0.705076 0.214743
0.705782 0.0706049
0.70602 0.071351
0.706887 0.642845
0.707364 0.660029
0.707367 0.722601
0.708786 0.563952
0.709224 0.919307
0.710661 0.0814222
0.711057 0.735425
0.711149 0.279059
0.711692 0.410647
0.712013 0.807164
0.712071 0.771936
0.71212 0.598041
0.712802 0.0663481
0.714596 0.212802
0.714744 0.694489
0.714815 0.901175
0.715566 0.524036
0.716678 0.199874
0.718969 0.713359
0.720494 0.342081
0.721085 0.282047
0.721486 0.0074575
0.722186 0.777996
0.722259 0.00812905
0.722269 0.167904
0.722394 0.278371
0.722501 0.0749453
0.72405 0.114904
0.72419 0.464059
0.724689 0.844613
0.725861 0.542184
0.726949 0.83316
0.727348 0.537377
0.727603 0.825288
0.728098 0.141048
0.728258 0.829695
0.728275 0.125203
0.728295 0.458059
0.729289 0.159985
0.729655 0.306533
0.729991 0.965499
0.730214 0.706199
0.73061 0.355411
0.731067 0.0449758
0.731292 0.832524
0.732723 0.876578
0.73313 0.71396
0.733746 0.0669946
0.734011 0.51663
0.734907 0.587869
0.735841 0.287582
0.736437 0.288993
0.737097 0.383395
0.737892 0.758739
0.738204 0.99649
0.739706 0.230833
0.740638 0.907974
0.74103 0.482813
0.741187 0.131374
0.741444 0.443586
0.741477 0.00396149
0.741649 0.888793
0.741853 0.3161
0.742356 0.774136
0.742669 0.0460488
0.74354 0.673541
0.743699 0.357203
0.744406 0.225618
0.745668 0.438843
0.746621 0.459977
0.746652 0.986488
0.746904 0.20843
0.747246 0.961023
0.747744 0.332836
0.747776 0.864802
0.748827 0.532024
0.749422 0.534711
0.749627 0.988668
0.749629 0.0222273
0.751361 0.118923
0.75161 0.306844
0.751889 0.998228
0.752466 0.693707
0.752653 0.842161
0.752861 0.340963
0.753172 0.557904
0.753569 0.233272
0.753805 0.202501
0.754687 0.0238838
0.754692 0.11377
0.754822 0.294376
0.755731 0.573304
0.755997 0.0453068
0.756085 0.524373
0.756142 0.47084
0.756151 0.632704
0.756486 0.266978
0.757604 0.0439798
0.75767 0.164661
0.758872 0.354095
0.759022 0.877059
0.759825 0.378219
0.759936 0.251241
0.760201 0.703146
0.760352 0.231838
0.760431 0.557382
0.760667 0.537976
0.761925 0.668593
0.762131 0.133546
0.762186 0.062364
0.762801 0.388311
0.762876 0.663532
0.76315 0.264138
0.76431 0.758826
0.765772 0.32475
0.765906 0.586821
0.766176 0.121576
0.766627 0.706048
0.767644 0.794416
0.767836 0.0229815
0.768679 0.190674
0.769802 0.0618976
0.770265 0.836159
0.77054 0.461997
0.772234 0.942718
0.772268 0.511163
0.773371 0.0422368
0.773661 0.919787
0.7742 0.982221
0.775368 0.612978
0.7756 0.507786
0.775705 0.277321
0.77754 0.117152
0.777897 0.122341
0.778341 0.576559
0.778361 0.910306
0.778503 0.291972
0.778759 0.605992
0.779605 0.823821
0.779907 0.892796
0.7801 0.138759
0.782422 0.170631
0.782741 0.535357
0.782807 0.628818
0.783419 0.930848
0.783562 0.327454
0.784436 0.0204999
0.784571 0.282563
0.784749 0.277112
0.785314 0.772533
0.785545 0.649505
0.786592 0.257357
0.787753 0.763831
0.787975 0.489229
0.788336 0.555456
0.78921 0.248627
0.790187 0.677921
0.790268 0.0306074
0.790553 0.822294
0.792244 0.243159
0.79284 0.255011
0.792876 0.869623
0.793238 0.953405
0.793291 0.84547
0.793809 0.553597
0.794163 0.502373
0.79461 0.0033222
0.794763 0.589194
0.795139 0.89947
0.795548 0.768917
0.796544 0.518717
0.796839 0.467549
0.797183 0.2617
0.79729 0.0471061
0.798416 0.970375
0.798605 0.155245
0.799195 0.064141
0.799545 0.951199
0.79973 0.0680031
0.799954 0.82153
0.800086 0.0489615
0.800087 0.0674082
0.800304 0.710145
0.800322 0.0124775
0.801154 0.988925
0.801295 0.362992
0.801359 0.44037
0.802123 0.288693
0.802225 0.999905
0.802326 0.696044
0.80242 0.268995
0.802718 0.277825
0.803098 0.664079
0.803483 0.141597
0.803727 0.247522
0.803905 0.237438
0.804867 0.404032
0.805237 0.619171
0.805632 0.264604
0.806019 0.759489
0.807181 0.283595
0.807522 0.0213415
0.8077 0.00746139
0.808026 0.491344
0.808438 0.422854
0.81002 0.000953129
0.810338 0.346144
0.812277 0.945391
0.812425 0.421349
0.81246 0.0217406
0.812685 0.802957
0.813292 0.00566241
0.813819 0.85713
0.813909 0.368323
0.814318 0.244837
0.814385 0.369025
0.814656 0.920544
0.816395 0.156134
0.816655 0.51514
0.816731 0.799744
0.816733 0.832584
0.818402 0.87542
0.819302 0.000723633
0.819648 0.824888
0.819668 0.154872
0.820006 0.847233
0.820261 0.133688
0.820968 0.00170408
0.821157 0.190292
0.821803 0.049896
0.822047 0.144465
0.822381 0.756981
0.824997 0.717024
0.825214 0.371273
0.825742 0.242369
0.826106 0.355256
0.827112 0.275898
0.827126 0.5145
0.82801 0.372393
0.828831 0.170298
0.830468 0.677364
0.830797 0.201137
0.831369 0.810377
0.831485 0.768307
0.832148 0.910341
0.832722 0.553923
0.833361 0.303058
0.833582 0.0188456
0.833656 0.257776
0.83422 0.726947
0.834691 0.654996
0.835308 0.014628
0.835663 0.996275
0.836183 0.723444
0.837678 0.860584
0.837741 0.910068
0.838257 0.582672
0.838566 0.782269
0.83904 0.74999
0.8391 0.759106
0.841668 0.907688
0.84469 0.702562
0.844885 0.976857
0.844893 0.118569
0.845109 0.743039
0.845311 0.133891
0.845325 0.374662
0.845756 0.627875
0.845853 0.248379
0.84624 0.755841
0.848643 0.147193
0.848656 0.363686
0.848665 0.520667
0.849239 0.153566
0.849768 0.0431082
0.849933 0.827809
0.849946 0.0393084
0.850284 0.729877
0.850639 0.683545
0.852356 0.555444
0.85253 0.474586
0.852544 0.713172
0.853353 0.309399
0.853665 0.539097
0.853948 0.302366
0.854122 0.234883
0.854892 0.170463
0.856988 0.404347
0.857722 0.733101
0.859727 0.438229
0.860352 0.935605
0.860916 0.423301
0.86261 0.877898
0.862865 0.167985
0.863505 0.92014
0.863594 0.420815
0.864175 0.181589
0.864348 0.0897507
0.864356 0.237763
0.86442 0.300827
0.864953 0.266426
0.865785 0.25394
0.865897 0.126054
0.866643 0.676772
0.867034 0.243902
0.868173 0.380306
0.869709 0.197182
0.870484 0.232915
0.870871 0.728356
0.870883 0.933986
0.871366 0.0495238
0.871505 0.380639
0.871861 0.375356
0.871926 0.461797
0.872517 0.397123
0.873381 0.91762
0.873621 0.953468
0.873664 0.667937
0.874041 0.00721764
0.874728 0.554775
0.875345 0.923916
0.876282 0.665359
0.876371 0.174744
0.876673 0.249863
0.877285 0.53725
0.878171 0.41445
0.879676 0.716476
0.880888 0.0821989
0.880947 0.0707711
0.881206 0.424588
0.881339 0.658743
0.882079 0.110246
0.882388 0.291568
0.883123 0.647535
0.88356 0.987448
0.883911 0.900458
0.884483 0.501809
0.885964 0.394273
0.885967 0.446482
0.886023 0.390875
0.88653 0.909447
0.88661 0.26038
0.886629 0.57655
0.887322 0.227095
0.887585 0.646238
0.888462 0.382345
0.888554 0.91935
0.889077 0.714835
0.889191 0.627576
0.889437 0.76821
0.889462 0.18988
0.890212 0.790639
0.890377 0.566637
0.890643 0.0325588
0.892973 0.189872
0.893183 0.73341
0.89392 0.1065
0.894166 0.245389
0.894536 0.46308
0.894602 0.578212
0.894717 0.508563
0.895636 0.960383
0.897082 0.257432
0.8976 0.971382
0.898338 0.37545
0.898901 0.834814
0.899309 0.67773
0.899328 0.0101548
0.899366 0.644834
0.899915 0.864563
0.90007 0.471339
0.900416 0.290174
0.900463 0.0884012
0.900993 0.994301
0.901073 0.325918
0.903607 0.92267
0.903722 0.857388
0.903724 0.89238
0.903971 0.0475714
0.905377 0.671811
0.905903 0.514325
0.907704 0.775757
0.907795 0.308011
0.908372 0.0125524
0.909947 0.472599
0.91041 0.255328
0.910579 0.100675
0.910794 0.717241
0.912482 0.0898954
0.914013 0.818333
0.914933 0.280539
0.91499 0.241961
0.915819 0.174072
0.916058 0.194635
0.916316 0.52138
0.917764 0.867939
0.917865 0.551
0.918628 0.388852
0.918724 0.990057
0.918837 0.885478
0.920087 0.90709
0.920117 0.406773
0.920321 0.83041
0.920531 0.365213
0.920913 0.787649
0.921704 0.0784363
0.922387 0.561254
0.922716 0.0833836
0.923284 0.637322
0.923454 0.499316
0.92438 0.0523542
0.924413 0.611243
0.925491 0.728497
0.925551 0.727322
0.925651 0.424032
0.925916 0.875616
0.926111 0.154724
0.926908 0.539318
0.928278 0.573825
0.928392 0.483553
0.928711 0.839529
0.928755 0.5815
0.928938 0.6657
0.929202 0.103126
0.929289 0.556546
0.929301 0.754248
0.929312 0.947833
0.929542 0.812455
0.930203 0.922127
0.930333 0.102898
0.930613 0.808909
0.930713 0.500211
0.931996 0.0505338
0.932306 0.274573
0.93252 0.859793
0.93281 0.731935
0.932819 0.893409
0.933783 0.0874269
0.93386 0.39321
0.935013 0.75992
0.935438 0.901052
0.935592 0.493145
0.935649 0.453488
0.936526 0.191379
0.937538 0.199801
0.938149 0.466135
0.938195 0.251714
0.939426 0.930164
0.94 0.586408
0.940421 0.6619
0.940518 0.2857
0.941611 0.653789
0.941658 0.437858
0.941708 0.282073
0.941876 0.10333
0.94269 0.792965
0.943423 0.103734
0.943525 0.820308
0.943536 0.015826
0.947862 0.716942
0.948072 0.241094
0.948084 0.451944
0.948882 0.856574
0.948939 0.81665
0.948986 0.609907
0.950209 0.162571
0.952518 0.963534
0.953166 0.862841
0.953964 0.275548
0.954174 0.798478
0.955292 0.587094
0.955891 0.660375
0.956116 0.446812
0.956783 0.656074
0.956918 0.923084
0.957148 0.792362
0.95724 0.339096
0.957897 0.377665
0.957913 0.640216
0.958025 0.527702
0.958686 0.630549
0.959681 0.356158
0.95988 0.700592
0.960207 0.199712
0.960296 0.70027
0.960547 0.91189
0.960877 0.454438
0.961977 0.950434
0.962273 0.926941
0.963055 0.072087
0.963786 0.345626
0.96395 0.113406
0.963975 0.526012
0.965938 0.519019
0.966022 0.936867
0.966792 0.869857
0.966811 0.19948
0.966863 0.0675102
0.967271 0.918549
0.967985 0.931001
0.96809 0.691989
0.968161 0.881073
0.968374 0.465096
0.968418 0.198419
0.968867 0.754473
0.96891 0.46625
0.968912 0.507957
0.970229 0.631295
0.971314 0.875125
0.972046 0.169514
0.973948 0.149686
0.974201 0.402802
0.975194 0.0882843
0.975491 0.072218
0.975527 0.67495
0.975953 0.836892
0.976669 0.869089
0.977256 0.74182
0.977671 0.722643
0.977983 0.967383
0.978092 0.793173
0.978328 0.766519
0.978537 0.272521
0.979286 0.863052
0.979913 0.406173
0.980165 0.635645
0.980792 0.173945
0.981435 0.974311
0.981808 0.240979
0.982137 0.779599
0.982357 0.474717
0.982575 0.144423
0.983418 0.3004
0.984563 0.557972
0.986295 0.665601
0.98697 0.00475807
0.98791 0.809986
0.988463 0.093343
0.989012 0.329797
0.990315 0.221944
0.990359 0.971045
0.991186 0.869315
0.991547 0.925618
0.99189 0.701267
0.991898 0.833478
0.992154 0.132041
0.992603 0.685442
0.993312 0.599586
0.993715 0.364614
0.99471 0.0973602
0.995362 0.0538389
0.996324 0.214462
0.996561 0.205073
0.997893 0.594946
0.998151 0.927076
0.99849 0.626966
0.998523 0.178913
0.999061 0.209627
0.999425 0.333972
