0.000346826 0.829111
0.00766831 0.881323
0.00767064 0.920447
0.00818539 0.571935
0.00992112 0.74435
0.0107093 0.991599
0.0111313 0.0833308
0.0117047 0.720252
0.0134308 0.732267
0.0151935 0.357907
0.0270432 0.515894
0.0282282 0.432031
0.0287368 0.979225
0.0305616 0.648363
0.0313353 0.652236
0.0322939 0.763874
0.0348751 0.144992
0.0371901 0.0540766
0.0403695 0.490421
0.0424365 0.230609
0.0462271 0.939212
0.0550726 0.60461
0.0569055 0.410491
0.0578459 0.215609
0.062729 0.286125
0.0632569 0.159506
0.0637578 0.577479
0.0638556 0.221564
0.0657749 0.479448
0.0659887 0.0715555
0.0675627 0.52567
0.0684794 0.933052
0.070379 0.860216
0.0718648 0.831601
0.0763486 0.190506
0.0788393 0.0516182
0.084916 0.183921
0.0878815 0.0245574
0.0971526 0.843719
0.0987398 0.520243
0.0988678 0.671266
0.102893 0.329586
0.106267 0.0336662
0.108207 0.633531
0.111418 0.606091
0.114688 0.553816
0.115594 0.795788
0.117751 0.0432021
0.12651 0.253138
0.127691 0.0981809
0.127925 0.0359012
0.128175 0.231281
0.130328 0.427558
0.131997 0.469815
0.133471 0.253187
0.137772 0.528173
0.139018 0.478237
0.143646 0.259121
0.143657 0.451375
0.147205 0.0824081
0.14875 0.039493
0.151298 0.860181
0.155634 0.734831
0.156582 0.680253
0.158243 0.59314
0.158989 0.1212
0.164559 0.735917
0.165531 0.0803969
0.170997 0.945685
0.173958 0.716095
0.174032 0.949179
0.178751 0.27509
0.179261 0.842789
0.180377 0.593955
0.184787 0.722758
0.187199 0.25381
0.187312 0.147502
0.20604 0.906754
0.206348 0.0880061
0.213774 0.901245
0.216709 0.224456
0.217718 0.190021
0.218243 0.00703641
0.219358 0.755214
0.220499 0.921945
0.223038 0.604427
0.224168 0.58518
0.228898 0.092937
0.230595 0.602405
0.230808 0.185293
0.238219 0.743048
0.239612 0.151154
0.242262 0.703795
0.243028 0.579565
0.243441 0.505816
0.243566 0.613371
0.246191 0.724737
0.24852 0.877714
0.252528 0.241341
0.255609 0.01473
0.259004 0.0829006
0.260963 0.00768479
0.262149 0.93672
0.266135 0.93516
0.270004 0.957231
0.273409 0.183674
0.273499 0.702413
0.276153 0.306018
0.279679 0.568898
0.280163 0.696528
0.281518 0.468406
0.284602 0.313078
0.287789 0.869392
0.28859 0.32393
0.292468 0.513892
0.294546 0.434181
0.298383 0.928645
0.299262 0.697755
0.306525 0.760722
0.30744 0.138473
0.311153 0.540776
0.312653 0.750858
0.312719 0.864699
0.314458 0.102018
0.314689 0.980063
0.315575 0.868619
0.316228 0.846064
0.316882 0.839405
0.320217 0.888919
0.320814 0.916823
0.325147 0.742018
0.325514 0.91016
0.325539 0.333731
0.325917 0.681957
0.330905 0.523292
0.331465 0.940183
0.334716 0.579557
0.335663 0.485252
0.339186 0.696282
0.342789 0.255687
0.349898 0.738761
0.350813 0.11479
0.350841 0.580389
0.352038 0.703941
0.352205 0.510038
0.35343 0.10628
0.357978 0.540911
0.359569 0.26851
0.365873 0.22372
0.367288 0.00783711
0.370986 0.161418
0.374059 0.810055
0.380951 0.638395
0.381991 0.11996
0.383373 0.357139
0.385395 0.334586
0.391547 0.736921
0.391582 0.313646
0.391712 0.509013
0.397607 0.587044
0.399769 0.921895
0.408191 0.474086
0.414979 0.557544
0.415388 0.422522
0.416037 0.339063
0.422669 0.793738
0.423678 0.7555
0.425873 0.647987
0.426601 0.883435
0.427241 0.636499
0.431476 0.811888
0.431652 0.771461
0.432096 0.236612
0.435285 0.833654
0.435541 0.143941
0.435842 0.197177
0.437418 0.689163
0.439319 0.640551
0.446209 0.439628
0.447371 0.96746
0.449413 0.28828
0.449896 0.406229
0.450151 0.687754
0.450258 0.492256
0.452857 0.169494
0.453385 0.0369969
0.45582 0.963156
0.458796 0.98498
0.471559 0.489866
0.472045 0.660173
0.472653 0.874814
0.474548 0.72798
0.478494 0.0431546
0.48511 0.244334
0.490307 0.581637
0.492476 0.0394398
0.494606 0.844727
0.496471 0.18968
0.497655 0.0899224
0.498594 0.870865
0.499121 0.723967
0.502066 0.227631
0.503056 0.864755
0.504565 0.222504
0.505221 0.248466
0.510526 0.406206
0.513615 0.319507
0.518155 0.630364
0.527042 0.996473
0.52948 0.975538
0.529503 0.349302
0.537442 0.792576
0.538975 0.55599
0.541466 0.410974
0.543755 0.891416
0.544267 0.498035
0.54703 0.926186
0.553415 0.241784
0.555579 0.608895
0.559505 0.595832
0.561358 0.738497
0.565199 0.293693
0.566645 0.60559
0.566788 0.00889537
0.568476 0.379484
0.570773 0.976296
0.571259 0.150219
0.57926 0.624782
0.583694 0.148714
0.585627 0.634893
0.590396 0.793866
0.591731 0.228615
0.591948 0.875437
0.593944 0.423012
0.594234 0.285121
0.595843 0.338054
0.603404 0.414984
0.606215 0.647029
0.606815 0.735727
0.608415 0.633182
0.609489 0.679795
0.610989 0.890769
0.611374 0.359655
0.61292 0.340336
0.615307 0.464151
0.615493 0.589416
0.621941 0.957191
0.623118 0.746808
0.624155 0.175615
0.62463 0.153425
0.625701 0.155272
0.627996 0.727736
0.631346 0.0328904
0.632528 0.894267
0.632662 0.14326
0.633208 0.327379
0.634668 0.862773
0.635425 0.580999
0.639883 0.510345
0.643786 0.108061
0.648469 0.81514
0.649 0.739432
0.650612 0.835199
0.652415 0.13206
0.652506 0.667962
0.653749 0.553638
0.655054 0.485496
0.655831 0.542979
0.656281 0.121691
0.656862 0.879686
0.657333 0.798109
0.661261 0.818496
0.66228 0.948595
0.665987 0.247535
0.670097 0.319689
0.671528 0.378989
0.675378 0.0734946
0.675513 0.341201
0.677728 0.57275
0.677814 0.018335
0.681634 0.22028
0.682672 0.675017
0.684106 0.768823
0.686439 0.981078
0.693039 0.900594
0.703311 0.550151
0.70385 0.608218
0.704211 0.669976
0.714285 0.993647
0.714423 0.313892
0.715028 0.480416
0.716975 0.193129
0.718366 0.576708
0.719499 0.625731
0.720973 0.386
0.722857 0.0538218
0.725088 0.560796
0.727728 0.923138
0.729647 0.170222
0.731414 0.876208
0.731731 0.201731
0.732616 0.0758008
0.735612 0.43131
0.736364 0.0645807
0.740104 0.935002
0.74525 0.413307
0.746354 0.966701
0.7506 0.326253
0.751405 0.868533
0.75809 0.226105
0.759668 0.731967
0.770136 0.66856
0.772368 0.180809
0.788631 0.517812
0.78973 0.995095
0.790132 0.742991
0.796975 0.756089
0.800047 0.39416
0.80287 0.841054
0.803116 0.973362
0.806376 0.760936
0.810882 0.493558
0.813556 0.429776
0.82005 0.588437
0.820851 0.0384907
0.822172 0.241689
0.822797 0.745858
0.823019 0.484718
0.824887 0.871574
0.827127 0.526725
0.827261 0.778857
0.828068 0.338018
0.832138 0.74965
0.832804 0.943761
0.83907 0.25159
0.841304 0.792547
0.843702 0.0932377
0.849234 0.0673505
0.85119 0.954083
0.851549 0.986867
0.856164 0.55651
0.857507 0.113742
0.864137 0.550275
0.864362 0.335154
0.86441 0.134328
0.865344 0.841851
0.87076 0.866392
0.872191 0.906705
0.872911 0.0187084
0.873989 0.135477
0.876097 0.569529
0.883383 0.0116044
0.884692 0.0251619
0.885243 0.286496
0.886058 0.977813
0.894575 0.128133
0.89566 0.350605
0.896172 0.970154
0.896761 0.863827
0.901918 0.531624
0.909578 0.28252
0.912521 0.740008
0.912547 0.173832
0.914139 0.930114
0.917544 0.153709
0.920716 0.470756
0.925622 0.926345
0.92582 0.257233
0.930347 0.33855
0.936251 0.564766
0.938121 0.995425
0.938345 0.762053
0.942029 0.679818
0.948985 0.584652
0.955093 0.243982
0.955172 0.579239
0.956946 0.393582
0.959639 0.657944
0.959806 0.459299
0.960575 0.376541
0.961094 0.0991159
0.961113 0.434116
0.963936 0.865795
0.970021 0.13661
0.970368 0.969102
0.975258 0.164207
0.979624 0.532951
0.984786 0.293991
0.986584 0.515461
0.987395 0.142
0.98778 0.616818
0.988667 0.524776
0.988751 0.942444
0.988978 0.750779
0.99132 0.109018
0.992002 0.571973
0.99285 0.830937
0.997085 0.00333613
0.997461 0.326917
0.997954 0.612702
