0.00359833 0.477102
0.00441508 0.204335
0.00541725 0.0477381
0.00571268 0.013092
0.00613836 0.167434
0.00943013 0.492242
0.0101665 0.867853
0.0166156 0.258019
0.0177275 0.946708
0.0223644 0.87767
0.0226813 0.204376
0.0257204 0.28247
0.0259173 0.591788
0.0296465 0.269563
0.0320407 0.507863
0.0365482 0.26534
0.038065 0.758181
0.0422072 0.377124
0.0424228 0.000193224
0.0444632 0.293614
0.0447588 0.261722
0.045916 0.710156
0.0464259 0.28021
0.048514 0.374339
0.0495229 0.331467
0.0508027 0.840725
0.0539097 0.0608588
0.05418 0.60283
0.0546628 0.717475
0.056294 0.133067
0.0575377 0.0355773
0.0579158 0.391622
0.058551 0.0660621
0.0608869 0.326488
0.0636997 0.60063
0.0694369 0.0253346
0.0701056 0.265245
0.0730803 0.259873
0.0755203 0.270204
0.0757747 0.545374
0.0760969 0.961057
0.0776749 0.481868
0.0777655 0.00519247
0.0784784 0.987176
0.0788569 0.347486
0.0812632 0.790617
0.0812812 0.0929969
0.0816624 0.499999
0.0819639 0.567362
0.082362 0.257569
0.0838465 0.2087
0.0840546 0.704809
0.0841412 0.161993
0.0867056 0.261605
0.0910235 0.832178
0.0917714 0.401726
0.0956291 0.237513
0.0960104 0.646699
0.0990345 0.472112
0.104876 0.650604
0.108931 0.795669
0.109989 0.592544
0.111869 0.188316
0.113803 0.69367
0.113966 0.425753
0.114285 0.795566
0.121951 0.625258
0.124118 0.0524133
0.126073 0.906056
0.128343 0.0527187
0.129559 0.497387
0.131602 0.840684
0.137892 0.557324
0.140753 0.634319
0.142114 0.514216
0.14257 0.179683
0.143042 0.11102
0.143056 0.349489
0.151027 0.310149
0.151547 0.054215
0.153539 0.532519
0.156551 0.14536
0.160187 0.26532
0.161629 0.496291
0.162096 0.354678
0.165155 0.763617
0.166476 0.964373
0.166862 0.457489
0.166981 0.454575
0.167224 0.528153
0.167359 0.796314
0.167748 0.337444
0.171226 0.802559
0.171369 0.206851
0.171776 0.0462605
0.173078 0.925103
0.174034 0.985932
0.174138 0.730421
0.174153 0.986023
0.17703 0.347906
0.1785 0.0473635
0.180582 0.0476303
0.182579 0.603541
0.182909 0.152765
0.184455 0.143504
0.184761 0.272061
0.190733 0.643329
0.191357 0.135563
0.194083 0.947388
0.195793 0.685902
0.196389 0.713383
0.197224 0.749162
0.199091 0.121414
0.199648 0.477455
0.20147 0.103971
0.201573 0.829787
0.202186 0.142374
0.202735 0.37461
0.203202 0.219136
0.203554 0.133445
0.210316 0.778189
0.211657 0.326538
0.214677 0.0780695
0.216085 0.735165
0.217433 0.397959
0.218106 0.713988
0.218882 0.74404
0.220958 0.634362
0.222583 0.944533
0.223444 0.419856
0.225625 0.0717063
0.230202 0.998812
0.230679 0.0240332
0.231884 0.267235
0.232134 0.480858
0.232363 0.324059
0.232479 0.268935
0.236241 0.510601
0.241635 0.156807
0.241727 0.707078
0.246076 0.794183
0.247528 0.210577
0.249406 0.764917
0.250926 0.311532
0.25222 0.0678524
0.25504 0.461864
0.256091 0.12025
0.25962 0.430887
0.260504 0.297302
0.261784 0.806098
0.261967 0.879349
0.267112 0.357888
0.269777 0.149608
0.271134 0.957628
0.278289 0.200299
0.278441 0.761314
0.280326 0.437322
0.284353 0.125054
0.287567 0.134656
0.300657 0.139758
0.302051 0.578036
0.304818 0.0798176
0.305289 0.986509
0.30785 0.0279084
0.317665 0.00115127
0.318669 0.864199
0.319486 0.603852
0.321001 0.064557
0.321626 0.571192
0.321806 0.595809
0.323882 0.493206
0.325027 0.732144
0.327726 0.0831676
0.330289 0.170555
0.330466 0.148027
0.333776 0.780332
0.336741 0.601449
0.336841 0.288916
0.338895 0.811094
0.339071 0.772913
0.339609 0.814475
0.341166 0.978301
0.346263 0.636566
0.346703 0.0299653
0.347239 0.0461618
0.349383 0.0828356
0.350474 0.420308
0.355855 0.85467
0.358233 0.829957
0.358564 0.378195
0.362798 0.549444
0.364546 0.917644
0.37086 0.0421391
0.374171 0.696969
0.377972 0.567538
0.378592 0.00199034
0.380237 0.639882
0.383749 0.677058
0.385151 0.239626
0.3855 0.102203
0.38928 0.629789
0.391252 0.769649
0.393838 0.227052
0.394166 0.749549
0.394703 0.778777
0.394744 0.468076
0.395064 0.848298
0.397724 0.555196
0.40006 0.814714
0.407777 0.505221
0.410052 0.739844
0.412716 0.515473
0.413453 0.903551
0.415873 0.581051
0.421184 0.840737
0.421541 0.839008
0.423448 0.887677
0.423475 0.339274
0.424961 0.31231
0.425075 0.236071
0.425912 0.296942
0.426708 0.688885
0.430931 0.662212
0.431285 0.599171
0.433348 0.275293
0.43397 0.738217
0.438999 0.259601
0.441452 0.486472
0.444148 0.79377
0.444657 0.349674
0.451687 0.49714
0.454498 0.754393
0.455238 0.180124
0.455331 0.745343
0.458245 0.717988
0.462458 0.532644
0.463306 0.780064
0.46534 0.975615
0.465953 0.270907
0.466518 0.763361
0.467544 0.0140722
0.467992 0.537444
0.475616 0.682258
0.475829 0.261914
0.480745 0.878547
0.487432 0.26215
0.48756 0.420686
0.489606 0.803053
0.491978 0.665851
0.494577 0.362247
0.495224 0.221546
0.497071 0.275123
0.497517 0.775438
0.497862 0.566857
0.50012 0.51322
0.504792 0.0376559
0.505989 0.159799
0.510283 0.319863
0.510491 0.827501
0.511157 0.0193731
0.512312 0.421741
0.514704 0.634385
0.515221 0.324848
0.516922 0.910944
0.521628 0.995411
0.521922 0.944744
0.522731 0.541543
0.524976 0.271553
0.525107 0.465324
0.525964 0.8696
0.526725 0.67415
0.527508 0.824071
0.528725 0.275845
0.542581 0.152624
0.542647 0.274065
0.54504 0.486216
0.547826 0.311391
0.548965 0.453454
0.551811 0.283707
0.552643 0.276676
0.555525 0.711649
0.555569 0.444784
0.558872 0.968311
0.559177 0.085035
0.560823 0.754263
0.561263 0.15145
0.562952 0.542278
0.567176 0.530038
0.575633 0.671257
0.575823 0.849553
0.577473 0.593547
0.57755 0.883356
0.57851 0.0150294
0.580573 0.684656
0.581638 0.586137
0.581831 0.839465
0.586917 0.312276
0.588769 0.433474
0.594476 0.360131
0.597806 0.317419
0.598136 0.877006
0.598408 0.442119
0.60438 0.8087
0.608002 0.689666
0.613157 0.333991
0.614042 0.211184
0.616409 0.99056
0.619075 0.80104
0.622116 0.898247
0.626173 0.0916874
0.627339 0.679063
0.630974 0.783675
0.637839 0.154908
0.640017 0.768354
0.6418 0.725152
0.64333 0.448792
0.64363 0.485061
0.645227 0.327379
0.647325 0.597107
0.652075 0.416205
0.653862 0.465463
0.653932 0.636476
0.657284 0.977186
0.658746 0.542069
0.670689 0.26871
0.67275 0.908307
0.675418 0.746727
0.676789 0.800103
0.677038 0.986233
0.678038 0.789072
0.679498 0.315309
0.68062 0.175333
0.684401 0.731735
0.685127 0.933593
0.688702 0.0128575
0.694434 0.348654
0.694476 0.0660505
0.696883 0.518127
0.699836 0.144219
0.708054 0.263733
0.708595 0.362693
0.710323 0.400715
0.712243 0.661776
0.717594 0.604399
0.718126 0.547231
0.718757 0.152697
0.721581 0.610721
0.724126 0.382924
0.725873 0.744605
0.726089 0.371799
0.727743 0.182043
0.72796 0.828238
0.732879 0.498913
0.73335 0.419159
0.742296 0.775898
0.744045 0.157458
0.745077 0.506124
0.745392 0.806078
0.74633 0.565138
0.746779 0.11663
0.754693 0.129696
0.755381 0.688234
0.75697 0.401033
0.758363 0.805642
0.76012 0.341819
0.761303 0.218622
0.765321 0.743659
0.769022 0.95755
0.769394 0.201741
0.769872 0.238631
0.771546 0.367127
0.780136 0.741757
0.782662 0.202769
0.783307 0.0459529
0.784162 0.403044
0.786597 0.335691
0.787932 0.768663
0.789082 0.0974084
0.795079 0.890534
0.79694 0.163163
0.797407 0.0263088
0.797881 0.980757
0.798519 0.706584
0.801387 0.919883
0.801438 0.761836
0.80304 0.694103
0.804225 0.605247
0.805632 0.250156
0.806314 0.722354
0.807356 0.227891
0.80773 0.510423
0.808901 0.19879
0.812363 0.391508
0.812524 0.0834972
0.813722 0.233001
0.813832 0.0815193
0.814149 0.409524
0.814879 0.670478
0.816491 0.761197
0.817039 0.977717
0.817767 0.21477
0.818378 0.481785
0.82205 0.201214
0.826322 0.99156
0.830177 0.78629
0.830967 0.0551555
0.831293 0.5409
0.831691 0.23632
0.832856 0.819023
0.83955 0.315388
0.841172 0.579805
0.843956 0.371804
0.84559 0.829822
0.846369 0.923839
0.849203 0.556218
0.851207 0.235621
0.851451 0.339753
0.853924 0.89714
0.857933 0.287024
0.860025 0.4329
0.861701 0.614466
0.864839 0.342532
0.86489 0.206336
0.866089 0.365537
0.867138 0.985081
0.868938 0.245088
0.874567 0.842938
0.875233 0.0415333
0.87983 0.306472
0.882363 0.878766
0.883083 0.981722
0.883632 0.198618
0.884882 0.207536
0.886003 0.0478137
0.887233 0.723712
0.889443 0.872528
0.895154 0.84796
0.895329 0.793907
0.89738 0.270096
0.897649 0.789973
0.898166 0.479286
0.902837 0.974796
0.904078 0.84568
0.906044 0.874774
0.906862 0.631895
0.909685 0.0713698
0.909882 0.387191
0.910095 0.963184
0.911093 0.738389
0.911225 0.965789
0.911914 0.545763
0.913476 0.790381
0.916946 0.119756
0.917734 0.357848
0.917788 0.258867
0.920196 0.730259
0.920996 0.185533
0.925368 0.663291
0.925985 0.0246915
0.928529 0.783136
0.931372 0.568881
0.932228 0.957512
0.934203 0.153496
0.934732 0.0361039
0.935259 0.900735
0.936727 0.570593
0.937502 0.600817
0.93829 0.833932
0.939701 0.551431
0.94154 0.467938
0.948315 0.336805
0.948757 0.760938
0.951756 0.171388
0.952789 0.523107
0.954004 0.948913
0.954072 0.0888314
0.957319 0.662433
0.957463 0.0869326
0.959793 0.236873
0.961951 0.514419
0.964304 0.0543326
0.964819 0.71014
0.968506 0.685867
0.969763 0.80743
0.975936 0.548115
0.976801 0.0905026
0.978394 0.86621
0.985017 0.17436
0.988973 0.672773
0.989982 0.628062
0.990015 0.185402
0.990092 0.469638
0.994246 0.286824
0.994771 0.116213
0.995276 0.59833
0.997214 0.181916
0.997615 0.918839
0.997844 0.771698
0.998061 0.412908
0.998273 0.969445
