0.00325868 0.768627
0.00336385 0.536205
0.00397262 0.767828
0.00810335 0.192967
0.00919585 0.554671
0.0167623 0.723404
0.0175331 0.678941
0.0243184 0.718861
0.0273617 0.867315
0.0344919 0.705205
0.0353257 0.718891
0.0361109 0.915425
0.0369968 0.804545
0.0375675 0.397811
0.0376039 0.00871354
0.0386909 0.277322
0.0414177 0.10696
0.053739 0.191109
0.0543218 0.986781
0.0562805 0.906681
0.068365 0.00977606
0.0706655 0.675092
0.0712676 0.794416
0.0716954 0.98375
0.0731352 0.18412
0.0762564 0.64137
0.0775616 0.577407
0.0799679 0.020859
0.0806791 0.973509
0.0863597 0.448061
0.097009 0.430012
0.101082 0.883491
0.106968 0.814434
0.107218 0.00669884
0.110507 0.291475
0.121008 0.787379
0.122776 0.497608
0.125466 0.710371
0.136507 0.268812
0.140185 0.0914077
0.142974 0.972189
0.145487 0.194332
0.148198 0.762851
0.149096 0.860825
0.151205 0.294132
0.152122 0.721769
0.155826 0.9717
0.155995 0.813995
0.165088 0.62668
0.165741 0.601324
0.167565 0.267887
0.173275 0.227079
0.175349 0.0893124
0.182385 0.342316
0.182708 0.7769
0.187334 0.527645
0.192024 0.353004
0.193364 0.866502
0.194296 0.533438
0.194982 0.0549493
0.198042 0.487766
0.202474 0.985011
0.20349 0.0546117
0.206323 0.667793
0.225401 0.314079
0.227466 0.0161451
0.230155 0.209937
0.234534 0.81208
0.238001 0.0882035
0.246151 0.0566154
0.249051 0.797318
0.251358 0.577384
0.254269 0.505208
0.259788 0.258413
0.259964 0.213682
0.263255 0.526852
0.269078 0.400616
0.272324 0.955113
0.273487 0.496023
0.279468 0.0151161
0.281159 0.437038
0.281219 0.444534
0.285657 0.0436781
0.286216 0.438381
0.286569 0.373219
0.288364 0.527554
0.289073 0.455614
0.289157 0.856487
0.289303 0.312848
0.28977 0.164763
0.290658 0.0925054
0.292247 0.798464
0.293784 0.623033
0.294652 0.214947
0.303082 0.89927
0.306303 0.037397
0.30689 0.891751
0.30701 0.91842
0.311452 0.576113
0.312073 0.0118097
0.313323 0.0251729
0.315885 0.0725909
0.317332 0.404538
0.319407 0.266169
0.320084 0.649779
0.325255 0.559301
0.32656 0.498156
0.339044 0.314014
0.341251 0.403999
0.341862 0.675569
0.347076 0.313851
0.347984 0.566388
0.350616 0.797106
0.350696 0.155216
0.357749 0.693851
0.361877 0.0662246
0.368828 0.891879
0.371308 0.567303
0.372815 0.897503
0.374536 0.826214
0.379433 0.136578
0.38021 0.182306
0.383399 0.78669
0.384637 0.600339
0.390823 0.560131
0.39474 0.400261
0.395328 0.275268
0.405884 0.691992
0.409138 0.388937
0.409355 0.0254989
0.40949 0.29729
0.411289 0.532809
0.414315 0.39549
0.429889 0.140834
0.43234 0.339132
0.432771 0.581693
0.43349 0.669254
0.436547 0.0368775
0.444918 0.731674
0.448493 0.820839
0.45056 0.559776
0.450938 0.907642
0.454191 0.591963
0.45498 0.845325
0.459367 0.576736
0.46426 0.822532
0.478831 0.720763
0.480864 0.886199
0.483888 0.708113
0.484555 0.908805
0.485631 0.997314
0.489972 0.959846
0.492844 0.230865
0.495982 0.974434
0.501358 0.331754
0.506384 0.79944
0.50718 0.170064
0.507954 0.186655
0.511968 0.645943
0.514493 0.0844458
0.520439 0.0118259
0.520868 0.220538
0.521967 0.692374
0.531027 0.974643
0.532281 0.049881
0.534608 0.152817
0.541026 0.0261843
0.546797 0.0121566
0.552124 0.545985
0.553616 0.632191
0.559338 0.79443
0.559789 0.369056
0.559873 0.789762
0.575565 0.520045
0.575621 0.468194
0.576419 0.88191
0.583056 0.429727
0.583465 0.300872
0.58451 0.853994
0.586555 0.223776
0.587277 0.362436
0.587393 0.318926
0.587961 0.864882
0.588773 0.50863
0.589451 0.900474
0.59083 0.0822428
0.592439 0.114843
0.6058 0.676981
0.606876 0.770772
0.607756 0.54738
0.614447 0.0105142
0.623809 0.357148
0.628055 0.718499
0.628766 0.678687
0.632521 0.775995
0.635971 0.767794
0.65391 0.259135
0.656963 0.576623
0.66436 0.899508
0.668746 0.611408
0.684705 0.836187
0.685061 0.813092
0.688796 0.597016
0.696833 0.664677
0.696846 0.895938
0.702993 0.208607
0.706697 0.458898
0.708996 0.0974563
0.711826 0.664618
0.716746 0.352722
0.718753 0.0877307
0.719185 0.334776
0.728567 0.0275941
0.729774 0.313465
0.730361 0.169447
0.735845 0.349488
0.736193 0.193368
0.738231 0.447359
0.738369 0.772049
0.738577 0.256755
0.739068 0.514788
0.745706 0.0733972
0.748854 0.994406
0.75234 0.576901
0.756629 0.66011
0.758607 0.903826
0.759498 0.876633
0.76229 0.810407
0.764747 0.107716
0.76953 0.486915
0.769621 0.0186687
0.770312 0.632226
0.774395 0.252916
0.77794 0.831747
0.782052 0.950162
0.787656 0.14126
0.790539 0.591001
0.794752 0.397072
0.800257 0.919024
0.800845 0.808111
0.802169 0.0586982
0.803563 0.480329
0.807308 0.424154
0.812921 0.755485
0.81581 0.321135
0.815973 0.0660382
0.817895 0.363343
0.818362 0.218294
0.820111 0.600926
0.82106 0.560161
0.823323 0.592301
0.824928 0.560201
0.834595 0.0375282
0.837997 0.219267
0.839592 0.0276734
0.842714 0.494776
0.846516 0.389529
0.849723 0.289429
0.859095 0.806474
0.861519 0.55632
0.868924 0.998777
0.873142 0.890288
0.874056 0.258327
0.881866 0.526669
0.884045 0.144787
0.886906 0.236331
0.888626 0.142392
0.8903 0.279739
0.890822 0.0386594
0.891326 0.521575
0.89194 0.827283
0.894038 0.0940066
0.894727 0.672142
0.897688 0.445009
0.90407 0.7018
0.904592 0.478243
0.912706 0.847413
0.916865 0.757764
0.918269 0.343029
0.926277 0.938235
0.929082 0.0831641
0.934572 0.348803
0.934698 0.473834
0.943344 0.780882
0.94846 0.771729
0.952013 0.476909
0.954509 0.438817
0.958319 0.467683
0.961736 0.900359
0.96437 0.161161
0.969371 0.212665
0.972381 0.804413
0.974125 0.123519
0.981094 0.24526
0.982031 0.989105
0.982193 0.711727
0.983133 0.517847
0.986711 0.648045
0.989366 0.282526
0.996702 0.562281
