0.000560042 0.412626
0.00677065 0.794368
0.00849345 0.749477
0.00885444 0.816549
0.0095396 0.332026
0.00963178 0.881318
0.0104739 0.0347201
0.012065 0.777111
0.0123521 0.60249
0.0125409 0.775558
0.0125784 0.405605
0.0137098 0.42106
0.0143939 0.917449
0.0149772 0.721048
0.0170542 0.630686
0.0181992 0.873223
0.0196157 0.680804
0.0205677 0.680947
0.0214485 0.484439
0.0218824 0.776791
0.0248912 0.347244
0.0259801 0.648222
0.0303121 0.455057
0.0331132 0.534245
0.0336088 0.862973
0.0340582 0.416218
0.0348544 0.797994
0.0392172 0.124179
0.0408397 0.393238
0.0428032 0.394126
0.0432179 0.363789
0.0436225 0.163754
0.0448248 0.370562
0.0463029 0.212719
0.0464573 0.808138
0.0473078 0.102485
0.0476496 0.84697
0.0483285 0.257597
0.051184 0.248815
0.0513437 0.933494
0.0529064 0.19807
0.0531723 0.666073
0.0534659 0.600529
0.0549085 0.847239
0.0556158 0.734359
0.056302 0.268455
0.0563523 0.113547
0.0583272 0.305914
0.060679 0.832554
0.0634729 0.788735
0.064 0.648075
0.0643907 0.214266
0.0664751 0.247137
0.0673163 0.385466
0.0683752 0.18169
0.0687004 0.647916
0.0689211 0.357466
0.0690698 0.855862
0.0698316 0.658981
0.0708511 0.793775
0.0713268 0.79011
0.0744559 0.380611
0.0761701 0.190134
0.0768252 0.201757
0.078398 0.634333
0.079505 0.239898
0.0818885 0.299623
0.0838896 0.93267
0.0845184 0.500734
0.0850466 0.377958
0.0856161 0.950656
0.085837 0.662437
0.0881321 0.235864
0.0884798 0.0792661
0.0926531 0.221496
0.0942763 0.501637
0.0942921 0.76724
0.0943574 0.864724
0.0960327 0.0217076
0.0970514 0.142243
0.0975797 0.0220098
0.0984984 0.46245
0.0992852 0.687034
0.0994424 0.329217
0.0995737 0.535126
0.099793 0.22079
0.0998741 0.58441
0.100478 0.728018
0.100567 0.228873
0.106702 0.33948
0.107622 0.804675
0.110093 0.328667
0.111013 0.798229
0.111051 0.441948
0.111723 0.72236
0.112884 0.239157
0.113531 0.112559
0.114226 0.80143
0.115806 0.344232
0.116725 0.799566
0.121386 0.134596
0.121769 0.573546
0.12237 0.669398
0.122951 0.432097
0.124687 0.621629
0.128801 0.755228
0.130014 0.137034
0.13263 0.104137
0.135227 0.761675
0.137368 0.736348
0.139477 0.185356
0.139624 0.653049
0.139953 0.195144
0.140541 0.0764436
0.140548 0.195248
0.141895 0.828231
0.142402 0.342319
0.145714 0.0136786
0.147021 0.986124
0.147796 0.00683909
0.147827 0.52608
0.147852 0.94382
0.148267 0.91843
0.148379 0.79895
0.148566 0.954917
0.148844 0.62049
0.151143 0.255166
0.152614 0.975388
0.154094 0.857458
0.154319 0.641124
0.156529 0.776104
0.15689 0.847527
0.157064 0.77347
0.160014 0.354216
0.160368 0.308893
0.162439 0.113031
0.16582 0.939797
0.166038 0.592912
0.166602 0.0725155
0.166698 0.700236
0.16711 0.610341
0.168802 0.0492927
0.169198 0.71185
0.170145 0.634293
0.170722 0.318407
0.170739 0.611223
0.174209 0.926416
0.175004 0.285449
0.177515 0.502865
0.178637 0.346179
0.180538 0.30508
0.183134 0.93881
0.188286 0.51705
0.189104 0.2628
0.190168 0.145114
0.190701 0.106565
0.192516 0.608415
0.193339 0.455086
0.194578 0.275584
0.196585 0.0095911
0.197669 0.227947
0.19771 0.919766
0.198682 0.250699
0.198836 0.843184
0.200092 0.948154
0.200465 0.21782
0.201775 0.233428
0.203802 0.300424
0.204623 0.0986726
0.206354 0.192715
0.206465 0.0496777
0.211655 0.28264
0.212623 0.560768
0.215089 0.000579211
0.21593 0.136513
0.21739 0.67013
0.218505 0.408203
0.219955 0.785191
0.220461 0.292697
0.221224 0.119154
0.222664 0.315705
0.224082 0.141771
0.225871 0.212051
0.226062 0.430387
0.226463 0.167396
0.227703 0.00136363
0.229133 0.0380063
0.229156 0.426781
0.229577 0.504175
0.233603 0.164577
0.236152 0.0104738
0.236602 0.570974
0.237963 0.442653
0.238257 0.380505
0.239073 0.0941826
0.239825 0.73978
0.241605 0.657078
0.243502 0.542982
0.245666 0.914343
0.246231 0.405107
0.246813 0.180876
0.24714 0.689661
0.249239 0.953458
0.251897 0.624714
0.253783 0.323498
0.253975 0.556602
0.259887 0.918159
0.262214 0.0242803
0.263061 0.273516
0.264332 0.627326
0.264485 0.192458
0.264954 0.0890766
0.265798 0.272133
0.267203 0.887904
0.267486 0.643707
0.267899 0.581251
0.269913 0.433437
0.270003 0.935403
0.270073 0.121145
0.271954 0.724697
0.272716 0.530304
0.272884 0.365665
0.272928 0.0971878
0.273352 0.220319
0.274007 0.243337
0.277902 0.698269
0.279305 0.276536
0.281347 0.606342
0.281788 0.0147594
0.28185 0.0447722
0.282045 0.324404
0.285364 0.105669
0.285941 0.817849
0.286053 0.693149
0.286241 0.856771
0.286765 0.655755
0.288992 0.0867509
0.28934 0.931147
0.292082 0.015564
0.292604 0.803583
0.292917 0.059788
0.2936 0.528988
0.293916 0.842044
0.294069 0.419009
0.296739 0.294651
0.296752 0.510111
0.297378 0.0287513
0.297516 0.349278
0.297717 0.736812
0.299711 0.238697
0.300752 0.737801
0.302986 0.287563
0.304027 0.784335
0.304973 0.682281
0.304974 0.705948
0.306439 0.324536
0.30795 0.711423
0.308386 0.0493408
0.308519 0.283065
0.310111 0.031834
0.310823 0.00683638
0.310853 0.50727
0.311158 0.639733
0.311951 0.952872
0.31302 0.929831
0.314664 0.562909
0.315161 0.909043
0.315779 0.291521
0.316816 0.733156
0.319453 0.0545423
0.320155 0.842166
0.320282 0.986661
0.320601 0.342027
0.321486 0.210712
0.324829 0.409279
0.324843 0.641691
0.325095 0.871335
0.328664 0.862161
0.329058 0.47866
0.330224 0.0808581
0.33173 0.378728
0.332071 0.118243
0.337521 0.720816
0.337848 0.204565
0.338655 0.776679
0.339928 0.162248
0.340177 0.353739
0.341292 0.0957565
0.341574 0.838552
0.342806 0.538485
0.342869 0.59578
0.34331 0.0144348
0.344575 0.280284
0.345229 0.260649
0.345439 0.793418
0.345484 0.548138
0.348281 0.566554
0.351551 0.516768
0.351789 0.520347
0.353689 0.457193
0.355102 0.203626
0.355184 0.577397
0.358221 0.612391
0.358379 0.271205
0.358551 0.17269
0.359351 0.614785
0.360968 0.781615
0.364671 0.0190321
0.365197 0.871861
0.366008 0.499112
0.366993 0.0584177
0.368441 0.392509
0.368453 0.597059
0.371321 0.797961
0.372933 0.885432
0.373472 0.942091
0.37376 0.78544
0.374403 0.592732
0.374495 0.138487
0.375086 0.0724273
0.376441 0.845777
0.377059 0.233552
0.377203 0.65064
0.377268 0.736588
0.377726 0.449303
0.378266 0.512293
0.378331 0.617439
0.378762 0.848683
0.379361 0.923866
0.379552 0.122159
0.380615 0.992906
0.382043 0.00500516
0.385374 0.983643
0.386783 0.662058
0.387012 0.516865
0.389675 0.263443
0.389739 0.349078
0.39063 0.315764
0.390871 0.366458
0.392824 0.200926
0.393272 0.714202
0.395313 0.0246757
0.397685 0.887419
0.401716 0.645095
0.40205 0.250051
0.403524 0.025464
0.404641 0.808656
0.412612 0.778363
0.414372 0.357962
0.416018 0.0208508
0.416062 0.753462
0.419264 0.573094
0.419401 0.874782
0.419768 0.047886
0.419881 0.934988
0.42321 0.897825
0.426129 0.954603
0.426398 0.476202
0.429012 0.408978
0.431597 0.847902
0.432288 0.470021
0.432621 0.058589
0.432622 0.0837586
0.432636 0.321578
0.435361 0.111583
0.4354 0.762674
0.438096 0.0777673
0.438813 0.123567
0.439198 0.596968
0.43974 0.705978
0.44063 0.671303
0.441315 0.175698
0.442464 0.500295
0.445009 0.268648
0.446146 0.36952
0.446358 0.939198
0.447401 0.47158
0.447639 0.462825
0.453517 0.266502
0.454102 0.0955379
0.455137 0.480189
0.457424 0.925968
0.45834 0.321258
0.462015 0.090776
0.462291 0.718266
0.462721 0.945996
0.462725 0.0166523
0.462982 0.343327
0.463384 0.0882725
0.465788 0.493039
0.467911 0.174904
0.468534 0.651282
0.468642 0.473441
0.468691 0.297769
0.470187 0.436153
0.471225 0.886186
0.471969 0.384005
0.474266 0.986304
0.474266 0.992753
0.475382 0.745383
0.475402 0.0829734
0.475807 0.88923
0.476545 0.295974
0.477346 0.754942
0.480468 0.219783
0.48089 0.320335
0.482365 0.113443
0.484068 0.728645
0.485901 0.537797
0.487412 0.929075
0.487861 0.481521
0.489565 0.113049
0.490825 0.288888
0.492474 0.0178077
0.49469 0.253888
0.498748 0.453379
0.49986 0.141379
0.500432 0.766475
0.501126 0.431882
0.502392 0.698052
0.502651 0.0547336
0.503364 0.0353006
0.50399 0.55416
0.507396 0.806955
0.508256 0.267252
0.509169 0.600455
0.509863 0.271716
0.510501 0.992981
0.510953 0.591181
0.511372 0.630303
0.51339 0.546235
0.514775 0.818859
0.517326 0.702753
0.517888 0.141707
0.518441 0.442532
0.51858 0.781866
0.518801 0.48701
0.519655 0.833871
0.519937 0.579171
0.520077 0.934979
0.520747 0.196796
0.521042 0.157798
0.521071 0.646664
0.522478 0.293922
0.52252 0.994217
0.523495 0.378322
0.523894 0.0842998
0.525038 0.320365
0.529045 0.661084
0.529486 0.0745492
0.52965 0.834221
0.530811 0.335631
0.533116 0.0853395
0.533858 0.55788
0.536446 0.048646
0.537768 0.261925
0.541339 0.287946
0.542242 0.45862
0.54226 0.7633
0.543252 0.42978
0.54328 0.900497
0.547285 0.216845
0.548583 0.0421859
0.548967 0.482912
0.550736 0.215414
0.550964 0.0578797
0.551389 0.202776
0.551544 0.806554
0.551898 0.7486
0.553162 0.00131664
0.555291 0.782835
0.555619 0.293757
0.558204 0.742042
0.558574 0.961118
0.560774 0.933465
0.561129 0.892424
0.563913 0.688829
0.566019 0.085744
0.566608 0.974283
0.566878 0.520199
0.567028 0.0464175
0.568051 0.23415
0.570166 0.771603
0.570555 0.317249
0.573402 0.169581
0.574771 0.170615
0.574835 0.252235
0.576592 0.773808
0.576713 0.807498
0.579116 0.19471
0.579437 0.590381
0.580431 0.29622
0.580841 0.192464
0.58364 0.23623
0.583831 0.450535
0.585431 0.335217
0.586182 0.954635
0.586419 0.945363
0.587436 0.0319162
0.587679 0.124192
0.592489 0.955137
0.592498 0.11978
0.594522 0.136828
0.594692 0.988209
0.595185 0.268805
0.596164 0.727871
0.597337 0.441337
0.598455 0.234578
0.602857 0.218421
0.603246 0.759583
0.603651 0.567695
0.604972 0.761204
0.605317 0.566734
0.607227 0.669139
0.609592 0.421116
0.609854 0.813517
0.611068 0.217346
0.611526 0.90947
0.613839 0.796014
0.614236 0.467986
0.614547 0.690014
0.615566 0.8207
0.619058 0.512779
0.621284 0.928295
0.621312 0.393854
0.625963 0.556916
0.627043 0.705436
0.628563 0.257843
0.631263 0.640446
0.631871 0.853357
0.632785 0.21339
0.633033 0.38684
0.633758 0.573718
0.636199 0.604304
0.636912 0.574931
0.637421 0.13982
0.638497 0.224705
0.639722 0.806381
0.63977 0.615291
0.642368 0.272125
0.643125 0.997575
0.64434 0.424946
0.646615 0.661229
0.647358 0.141087
0.647821 0.925835
0.651367 0.522307
0.651584 0.176564
0.658331 0.576303
0.658403 0.782785
0.658564 0.47958
0.660423 0.724269
0.661455 0.076402
0.661847 0.655099
0.663407 0.883454
0.664852 0.170963
0.665358 0.663904
0.666234 0.39753
0.666784 0.639705
0.667663 0.416226
0.668167 0.885782
0.66881 0.697035
0.669593 0.856018
0.669958 0.981522
0.671195 0.774534
0.671406 0.31822
0.672603 0.445998
0.673629 0.687482
0.673825 0.976717
0.674146 0.378195
0.674235 0.868422
0.678484 0.280973
0.678813 0.817691
0.680048 0.574702
0.682307 0.540458
0.683348 0.0213819
0.683868 0.770809
0.685751 0.418134
0.686857 0.0131332
0.688341 0.945535
0.688852 0.539476
0.689269 0.547535
0.68999 0.668069
0.690117 0.800402
0.691911 0.954214
0.691995 0.365355
0.693776 0.286574
0.694184 0.148633
0.694258 0.394442
0.69621 0.196102
0.696548 0.880668
0.697071 0.664124
0.699802 0.567517
0.700854 0.25764
0.702519 0.242482
0.70367 0.587811
0.704663 0.26265
0.704838 0.2034
0.70576 0.705951
0.708236 0.322583
0.711139 0.116129
0.711894 0.798722
0.712937 0.336926
0.713578 0.101463
0.713714 0.399732
0.716111 0.674259
0.716529 0.70298
0.722374 0.947229
0.723709 0.378003
0.725052 0.942443
0.725273 0.669149
0.726215 0.498129
0.726393 0.485799
0.728747 0.055906
0.729841 0.437723
0.729867 0.874043
0.730189 0.289366
0.730207 0.591041
0.731217 0.565317
0.732254 0.985305
0.734027 0.79773
0.734814 0.0147063
0.735549 0.367472
0.737898 0.852084
0.738618 0.949358
0.740603 0.320699
0.741329 0.524309
0.742338 0.476797
0.743954 0.633554
0.744363 0.507267
0.744961 0.564214
0.74674 0.454096
0.748067 0.759155
0.748929 0.256126
0.748974 0.0110032
0.749245 0.561223
0.750141 0.619862
0.750447 0.761794
0.751248 0.217076
0.752535 0.850272
0.752642 0.661505
0.752672 0.163246
0.757992 0.566492
0.758563 0.164273
0.758722 0.846276
0.76059 0.228311
0.764692 0.17882
0.765029 0.835633
0.766301 0.218127
0.767074 0.22009
0.767076 0.249298
0.76711 0.811177
0.767348 0.81654
0.768326 0.248558
0.768957 0.868292
0.770891 0.373309
0.771871 0.828117
0.773025 0.237724
0.77323 0.670056
0.774762 0.420322
0.776719 0.31924
0.778968 0.11219
0.779515 0.303666
0.7797 0.413223
0.780066 0.5632
0.782464 0.87369
0.784406 0.504445
0.784597 0.725551
0.785036 0.10138
0.785212 0.0589963
0.785708 0.395997
0.785943 0.340378
0.787187 0.24684
0.787809 0.697642
0.788034 0.484532
0.789473 0.675096
0.789793 0.051937
0.79036 0.583453
0.790719 0.617545
0.791489 0.562031
0.794244 0.860812
0.79545 0.126514
0.797351 0.0802729
0.798716 0.020003
0.799312 0.0338581
0.799862 0.273137
0.805129 0.798977
0.806202 0.8363
0.806421 0.517504
0.809151 0.396525
0.810132 0.890301
0.810239 0.686938
0.810965 0.884632
0.811404 0.266088
0.811952 0.484714
0.812413 0.229242
0.814152 0.4508
0.814617 0.265484
0.815742 0.1807
0.816875 0.22073
0.817096 0.935266
0.817749 0.911663
0.819086 0.373522
0.819854 0.284887
0.822906 0.576587
0.82334 0.868806
0.823776 0.208407
0.824804 0.474669
0.825339 0.474782
0.826526 0.416637
0.826531 0.504136
0.826559 0.977467
0.831178 0.6166
0.834138 0.363405
0.834304 0.146799
0.835905 0.0483152
0.837835 0.492607
0.839026 0.516404
0.840431 0.129993
0.841729 0.936918
0.842287 0.325861
0.845393 0.527572
0.847586 0.38513
0.848264 0.778853
0.849296 0.118534
0.851827 0.653904
0.852111 0.437357
0.854088 0.652985
0.854669 0.421812
0.855142 0.378107
0.856209 0.311081
0.85671 0.721924
0.857367 0.7663
0.863139 0.777693
0.864988 0.855845
0.867851 0.972504
0.869922 0.774905
0.873177 0.492355
0.873244 0.614437
0.874079 0.646288
0.874508 0.858396
0.874941 0.125196
0.87747 0.638801
0.877847 0.973973
0.877923 0.253561
0.881676 0.333252
0.883776 0.631101
0.885289 0.0477982
0.886826 0.882714
0.887432 0.070361
0.887622 0.26611
0.88894 0.409546
0.888979 0.0631499
0.889061 0.449247
0.893287 0.471709
0.89378 0.751992
0.895099 0.929097
0.895402 0.0168709
0.89555 0.517552
0.895855 0.629463
0.896177 0.0446921
0.896263 0.498941
0.896951 0.0532448
0.899091 0.0300234
0.900837 0.373782
0.901913 0.449674
0.903531 0.637518
0.905088 0.818539
0.905236 0.299772
0.90686 0.592873
0.907374 0.235094
0.908351 0.660921
0.908947 0.6694
0.910194 0.638732
0.911497 0.522497
0.916868 0.793671
0.917699 0.77393
0.918175 0.766821
0.918489 0.0495892
0.918939 0.615966
0.919471 0.550675
0.925685 0.995028
0.926509 0.845151
0.926695 0.970862
0.929127 0.845554
0.930391 0.0744008
0.931038 0.959104
0.932464 0.923697
0.932811 0.761605
0.93338 0.324739
0.933512 0.530617
0.935121 0.578988
0.935452 0.134865
0.935857 0.944542
0.938535 0.950133
0.939596 0.793582
0.94122 0.0760075
0.942262 0.592549
0.944465 0.622459
0.944531 0.738421
0.945076 0.889208
0.94612 0.443018
0.947385 0.693787
0.94815 0.563077
0.948695 0.713206
0.952476 0.264812
0.953934 0.766302
0.95422 0.576756
0.955485 0.834427
0.955618 0.0678928
0.957137 0.602675
0.959406 0.729975
0.960875 0.428345
0.961623 0.999568
0.961819 0.286808
0.963178 0.125296
0.963569 0.709636
0.9653 0.79946
0.966308 0.735285
0.96725 0.563295
0.967491 0.614083
0.96802 0.518519
0.96873 0.444207
0.970523 0.581794
0.972747 0.956433
0.973155 0.820871
0.974685 0.528811
0.974772 0.986058
0.975307 0.992636
0.977607 0.632642
0.978994 0.956889
0.979978 0.485703
0.98231 0.682955
0.983137 0.576294
0.98315 0.796966
0.983438 0.646326
0.984618 0.471458
0.984876 0.802649
0.985265 0.344516
0.985965 0.115383
0.986388 0.223737
0.987269 0.0299993
0.991991 0.385071
0.992779 0.636155
0.994425 0.306143
0.996472 0.700438
0.996927 0.34817
0.99741 0.472254
0.997963 0.761341
0.998122 0.440549
0.998582 0.164503
