3.91537e-05 0.658065
0.00157362 0.447814
0.00321914 0.104098
0.00477785 0.30139
0.0115786 0.602006
0.0123637 0.797382
0.0175173 0.412836
0.0177851 0.914368
0.0204031 0.915688
0.0204581 0.83916
0.0216561 0.97424
0.0217659 0.819205
0.0221688 0.591714
0.0224617 0.513499
0.0227274 0.980141
0.023474 0.527689
0.0238609 0.0300402
0.0241668 0.171394
0.0278005 0.242478
0.0290541 0.311988
0.0291272 0.540555
0.0303791 0.582117
0.0311874 0.167285
0.0330772 0.929321
0.0397496 0.0719813
0.0413065 0.237858
0.0416034 0.228601
0.041885 0.960956
0.0434911 0.954651
0.0455203 0.0602624
0.0504922 0.622814
0.0519357 0.883565
0.053752 0.409958
0.0548099 0.189622
0.0617473 0.786237
0.0682637 0.307525
0.0693666 0.844641
0.0709501 0.458914
0.0716365 0.994661
0.0806552 0.571891
0.0813265 0.854236
0.0815947 0.362593
0.0847728 0.776984
0.0868126 0.0591972
0.088676 0.376962
0.0918404 0.562306
0.0940002 0.861429
0.0968765 0.203926
0.0988572 0.493255
0.100809 0.299211
0.101461 0.254563
0.106043 0.266287
0.10701 0.523785
0.108049 0.974467
0.108905 0.362057
0.109521 0.725235
0.110807 0.325262
0.111175 0.510826
0.114107 0.79114
0.115948 0.732887
0.117163 0.16162
0.119997 0.787707
0.122221 0.1646
0.124284 0.846325
0.132815 0.216246
0.139185 0.283333
0.140259 0.33357
0.140848 0.237746
0.1454 0.744075
0.147775 0.652046
0.148493 0.725622
0.152563 0.120177
0.15754 0.776418
0.160008 0.247026
0.162868 0.32215
0.163551 0.796038
0.165414 0.109083
0.165764 0.00381843
0.168436 0.902494
0.170347 0.0160746
0.172576 0.487048
0.176306 0.178152
0.18188 0.863361
0.184355 0.455199
0.184594 0.47033
0.184968 0.756626
0.187636 0.596737
0.190258 0.664346
0.193634 0.401555
0.195229 0.215447
0.197518 0.683946
0.198052 0.668274
0.200402 0.163936
0.202817 0.750525
0.208123 0.928528
0.208753 0.50639
0.210034 0.034971
0.210064 0.548365
0.211603 0.403707
0.211794 0.616127
0.213568 0.433928
0.213819 0.661177
0.215049 0.331292
0.216739 0.732599
0.217063 0.172927
0.221213 0.928902
0.22254 0.227762
0.227756 0.899267
0.228337 0.662178
0.228571 0.596947
0.23395 0.99829
0.240964 0.878211
0.244226 0.70228
0.2463 0.571627
0.246792 0.828705
0.250726 0.947031
0.251693 0.201617
0.251955 0.612058
0.256384 0.0396633
0.257524 0.213916
0.258829 0.145993
0.25912 0.0260003
0.259919 0.464033
0.261283 0.37504
0.261863 0.126031
0.26289 0.396488
0.264364 0.164685
0.264662 0.169961
0.264789 0.307859
0.265734 0.191671
0.269917 0.499773
0.273417 0.317012
0.275348 0.770594
0.279015 0.409278
0.280788 0.197465
0.281545 0.919119
0.282173 0.483723
0.282464 0.380628
0.282594 0.549228
0.282762 0.387383
0.284081 0.549814
0.286591 0.738162
0.287851 0.906707
0.287871 0.252718
0.28849 0.65124
0.288709 0.332639
0.292495 0.961921
0.292872 0.306062
0.295857 0.47319
0.299503 0.745522
0.301218 0.576638
0.303932 0.192647
0.309118 0.354326
0.313986 0.168483
0.318377 0.955516
0.320824 0.0936437
0.323405 0.466967
0.325579 0.00166435
0.327313 0.154232
0.32784 0.0124615
0.32833 0.236833
0.3299 0.631842
0.331804 0.624005
0.332312 0.172459
0.332695 0.596703
0.334365 0.678709
0.335103 0.0782141
0.343149 0.301463
0.343425 0.94207
0.345891 0.382413
0.346591 0.154431
0.349269 0.165406
0.34994 0.43915
0.350968 0.725291
0.352314 0.349157
0.354305 0.80831
0.354434 0.967253
0.357162 0.820933
0.361192 0.561133
0.362191 0.35206
0.36835 0.853798
0.372777 0.263153
0.373662 0.133293
0.373973 0.365644
0.374207 0.302871
0.375769 0.54464
0.376277 0.0866058
0.376501 0.859511
0.376933 0.120691
0.377316 0.541796
0.378445 0.517596
0.379582 0.641376
0.383153 0.644286
0.384612 0.181159
0.384766 0.759196
0.385219 0.374622
0.38709 0.823579
0.389757 0.647873
0.391793 0.867991
0.399142 0.386913
0.399215 0.599194
0.401016 0.867889
0.403688 0.78213
0.405874 0.5263
0.407049 0.276393
0.408225 0.0434072
0.408673 0.559109
0.409766 0.933005
0.412815 0.181981
0.41358 0.0318384
0.414449 0.648154
0.41559 0.813234
0.418673 0.636321
0.420198 0.270701
0.422961 0.708479
0.423101 0.0518739
0.424314 0.441389
0.424933 0.841116
0.425107 0.773202
0.42861 0.641665
0.430353 0.945963
0.431431 0.0590458
0.437511 0.243011
0.438291 0.353126
0.43932 0.658614
0.439511 0.858511
0.440638 0.805494
0.444486 0.474775
0.445107 0.917977
0.449107 0.137716
0.449827 0.234011
0.45146 0.680744
0.453228 0.40675
0.454566 0.890453
0.456879 0.765532
0.457616 0.159347
0.458481 0.689134
0.458524 0.4151
0.458718 0.674611
0.460251 0.430824
0.46321 0.162533
0.463801 0.102468
0.466668 0.282231
0.468107 0.473922
0.469946 0.378955
0.471753 0.753337
0.471857 0.492207
0.472729 0.158855
0.474984 0.059347
0.475344 0.110132
0.48143 0.390933
0.481877 0.910853
0.482049 0.79278
0.483601 0.8866
0.486485 0.351869
0.488743 0.30414
0.493295 0.817317
0.494116 0.614501
0.502298 0.123723
0.503358 0.930975
0.506545 0.499835
0.507967 0.409143
0.510782 0.706819
0.511974 0.750104
0.512091 0.720948
0.512964 0.380426
0.51332 0.36702
0.516009 0.565461
0.518011 0.208885
0.518437 0.375437
0.521573 0.0823947
0.522131 0.452883
0.525456 0.345189
0.52556 0.0915335
0.52962 0.318549
0.529665 0.0728548
0.53318 0.162428
0.533529 0.0242924
0.533532 0.0731837
0.538175 0.102257
0.544029 0.491122
0.544049 0.830669
0.544986 0.585182
0.545015 0.0730384
0.545435 0.130099
0.54719 0.626824
0.550919 0.294793
0.551921 0.143244
0.554309 0.268586
0.554443 0.530931
0.554778 0.146671
0.556517 0.383381
0.563862 0.830683
0.565061 0.985431
0.56706 0.575652
0.568109 0.211342
0.568438 0.730373
0.569399 0.883811
0.574306 0.368609
0.574699 0.96922
0.575624 0.513759
0.575853 0.356334
0.577041 0.320619
0.577059 0.632939
0.583064 0.548907
0.583115 0.418166
0.583705 0.332869
0.585027 0.555453
0.585257 0.420051
0.5858 0.5426
0.586986 0.47432
0.58766 0.806355
0.587793 0.032957
0.589636 0.0111431
0.592706 0.60336
0.59367 0.803795
0.594764 0.204153
0.600734 0.542825
0.602311 0.0376828
0.60237 0.0386598
0.605344 0.0172278
0.60687 0.667104
0.608444 0.125922
0.610723 0.423845
0.620673 0.645346
0.620714 0.343489
0.622282 0.697825
0.625461 0.130178
0.626152 0.74458
0.627795 0.346431
0.629141 0.9754
0.630165 0.184357
0.632031 0.549682
0.633542 0.944811
0.633692 0.457732
0.640354 0.435772
0.641647 0.155059
0.642095 0.693926
0.642325 0.560325
0.642734 0.435375
0.647096 0.742002
0.651416 0.344397
0.651622 0.814288
0.653873 0.64439
0.655206 0.0537268
0.65555 0.835034
0.656273 0.973193
0.658912 0.335606
0.660927 0.203913
0.661891 0.402784
0.667519 0.98743
0.670468 0.55761
0.674452 0.517482
0.676851 0.835845
0.677584 0.150371
0.679043 0.667623
0.681336 0.207209
0.682644 0.192756
0.685165 0.563984
0.686567 0.129753
0.686839 0.700235
0.687318 0.748435
0.688042 0.920936
0.688401 0.954292
0.690773 0.813622
0.690966 0.0737121
0.692757 0.171729
0.693285 0.0346696
0.696418 0.688987
0.698163 0.0182512
0.698705 0.127237
0.703183 0.399308
0.703849 0.59878
0.71546 0.740477
0.716939 0.589708
0.717761 0.408626
0.718898 0.51529
0.721585 0.683365
0.729641 0.0825976
0.729884 0.165043
0.729983 0.831551
0.733911 0.839556
0.73563 0.737055
0.735949 0.0991747
0.736131 0.161797
0.737829 0.688851
0.739097 0.00420215
0.739932 0.0312551
0.740659 0.257187
0.741617 0.349783
0.74343 0.820092
0.745264 0.652465
0.745794 0.56569
0.747701 0.60802
0.747969 0.114529
0.752406 0.68391
0.754228 0.316178
0.755131 0.487712
0.75695 0.0652273
0.757833 0.901996
0.760827 0.218624
0.76144 0.51707
0.762721 0.0482647
0.764064 0.616563
0.768394 0.396655
0.768851 0.0789411
0.77109 0.708398
0.771451 0.770618
0.775716 0.454478
0.776393 0.844201
0.777039 0.686431
0.778182 0.902304
0.78021 0.986729
0.780221 0.180408
0.781356 0.253661
0.782769 0.00518158
0.785073 0.722293
0.785281 0.22039
0.78547 0.393451
0.785623 0.958215
0.786713 0.278563
0.7892 0.0907455
0.790158 0.185877
0.793055 0.871827
0.793286 0.758699
0.793872 0.609468
0.796585 0.199
0.797826 0.0630678
0.798559 0.377179
0.798596 0.000275349
0.80051 0.179238
0.801168 0.227489
0.80156 0.8223
0.801599 0.477759
0.801629 0.982168
0.806702 0.235834
0.807667 0.458841
0.80774 0.681656
0.809124 0.944193
0.813189 0.274869
0.81328 0.797872
0.814225 0.672739
0.814419 0.936609
0.815297 0.703332
0.815332 0.282827
0.815759 0.468209
0.817065 0.416839
0.817441 0.724963
0.820136 0.0222511
0.824232 0.869014
0.827927 0.970299
0.828165 0.967038
0.829046 0.782175
0.829492 0.272135
0.829722 0.141179
0.834283 0.791982
0.834369 0.238217
0.83848 0.338452
0.839796 0.44872
0.841668 0.913002
0.841948 0.627998
0.843533 0.250356
0.845013 0.138688
0.846436 0.0561348
0.849068 0.28222
0.849437 0.49026
0.852208 0.062886
0.85338 0.759697
0.854603 0.314608
0.856503 0.245427
0.857925 0.138002
0.858476 0.41221
0.863762 0.250697
0.866139 0.198631
0.867119 0.67108
0.869878 0.0323388
0.870438 0.445121
0.870751 0.714764
0.8718 0.338934
0.871871 0.53186
0.876262 0.332073
0.877797 0.129609
0.878878 0.310328
0.879646 0.202964
0.882302 0.851649
0.886172 0.886352
0.891786 0.250655
0.893365 0.791156
0.894964 0.654629
0.896096 0.677832
0.896504 0.549478
0.897771 0.835066
0.897892 0.870376
0.898036 0.291166
0.898639 0.429241
0.899207 0.965837
0.907848 0.197901
0.908952 0.757572
0.909973 0.923061
0.911773 0.171227
0.913224 0.547401
0.918436 0.148704
0.921468 0.109927
0.924011 0.856061
0.92483 0.613926
0.925623 0.949394
0.92577 0.409058
0.926769 0.214659
0.930652 0.467209
0.933097 0.563489
0.941078 0.69903
0.941981 0.88235
0.944596 0.829331
0.944647 0.689707
0.946474 0.3822
0.954354 0.822799
0.958706 0.973102
0.959515 0.568632
0.961583 0.331282
0.963244 0.234676
0.963839 0.245494
0.964197 0.250746
0.969667 0.193147
0.9697 0.746284
0.97199 0.235327
0.972696 0.10087
0.972964 0.597956
0.974538 0.0602413
0.974908 0.275584
0.975294 0.765209
0.975647 0.705298
0.977984 0.984922
0.978602 0.355253
0.980936 0.591894
0.981988 0.279692
0.985489 0.116442
0.985847 0.136994
0.986364 0.812305
0.987042 0.207749
0.987787 0.728453
0.989635 0.79845
0.991835 0.766313
0.991853 0.077255
0.992179 0.549515
0.993806 0.892149
0.997177 0.549302
0.997882 0.400523
0.998299 0.417458
0.998736 0.750171
1 0.999092
