0.0122668 0.168832
0.012431 0.928011
0.0152988 0.126902
0.0155901 0.0230392
0.0181636 0.275899
0.0189663 0.766157
0.0227066 0.63031
0.0283673 0.769486
0.0327192 0.910757
0.035782 0.387559
0.0385673 0.200305
0.0404197 0.334307
0.0486428 0.540357
0.05315 0.291683
0.0546519 0.534417
0.0630098 0.00501126
0.063302 0.91731
0.063874 0.529665
0.0653538 0.401013
0.0669623 0.434748
0.0671057 0.845904
0.075367 0.693576
0.0780972 0.579438
0.0803704 0.784493
0.0840124 0.99578
0.0857436 0.0919273
0.0884806 0.093424
0.0894982 0.196592
0.089523 0.612415
0.0955874 0.537366
0.0967323 0.779787
0.100045 0.46186
0.102503 0.77443
0.108051 0.0152502
0.108773 0.15434
0.110839 0.866088
0.111942 0.411398
0.113472 0.116693
0.113992 0.862668
0.122537 0.487118
0.12423 0.938138
0.126141 0.0584103
0.12871 0.2254
0.129081 0.471124
0.130097 0.546141
0.133035 0.918963
0.1413 0.829004
0.143353 0.33498
0.1441 0.887178
0.144912 0.53786
0.147326 0.11188
0.147411 0.535801
0.157735 0.0521132
0.163838 0.617285
0.17773 0.102079
0.179027 0.899277
0.180843 0.433528
0.181447 0.572104
0.187793 0.236329
0.189264 0.966513
0.194761 0.342668
0.196061 0.189946
0.21285 0.367897
0.213231 0.777404
0.214038 0.332973
0.219668 0.962903
0.220511 0.135417
0.220872 0.195242
0.224326 0.244722
0.224399 0.47523
0.232432 0.481251
0.234687 0.386556
0.241984 0.0235788
0.242564 0.770907
0.246118 0.501374
0.249763 0.771115
0.25203 0.870014
0.252949 0.322029
0.256612 0.874467
0.260038 0.456219
0.263092 0.780266
0.275987 0.510783
0.281121 0.802538
0.282246 0.711547
0.283552 0.663793
0.288726 0.613535
0.288841 0.55719
0.290545 0.184624
0.292212 0.202322
0.299207 0.764101
0.302004 0.780591
0.310533 0.130414
0.314719 0.481193
0.317567 0.353865
0.317905 0.0248599
0.318928 0.22736
0.31971 0.369807
0.323377 0.98887
0.327601 0.99294
0.327636 0.580121
0.334489 0.756227
0.339933 0.24988
0.340558 0.755591
0.340939 0.158563
0.342639 0.734884
0.344539 0.659552
0.346759 0.971673
0.348244 0.937181
0.348403 0.611474
0.359213 0.291183
0.362958 0.240799
0.369 0.790531
0.370931 0.242344
0.371929 0.0104968
0.377585 0.0717927
0.386199 0.847626
0.391521 0.288305
0.392421 0.423197
0.398692 0.817413
0.401213 0.193978
0.407273 0.0302253
0.408634 0.904394
0.415194 0.172983
0.41995 0.0943472
0.422682 0.0118904
0.425678 0.378005
0.425851 0.282355
0.426477 0.801676
0.433891 0.402029
0.454157 0.0235105
0.457214 0.388473
0.458414 0.558936
0.485448 0.926771
0.498693 0.537897
0.511538 0.418713
0.512833 0.183682
0.516706 0.271588
0.532546 0.496088
0.532642 0.110974
0.533031 0.647268
0.546857 0.0217974
0.549047 0.830762
0.564698 0.883759
0.565183 0.0335919
0.565621 0.397055
0.577923 0.14813
0.579416 0.246388
0.580739 0.481949
0.586228 0.733234
0.592878 0.496213
0.599673 0.709292
0.607345 0.641721
0.608593 0.616899
0.610363 0.377318
0.612467 0.728683
0.619931 0.174034
0.620451 0.922295
0.620745 0.859881
0.624925 0.110326
0.626794 0.526664
0.632471 0.938902
0.638291 0.760198
0.644209 0.218951
0.646703 0.143418
0.651351 0.257118
0.657785 0.39515
0.664505 0.337798
0.67293 0.933965
0.678305 0.265653
0.680935 0.481619
0.686254 0.87714
0.692665 0.623438
0.693115 0.190184
0.693377 0.580605
0.695123 0.935883
0.69704 0.150221
0.700478 0.938684
0.701719 0.796694
0.702036 0.112911
0.702405 0.314816
0.709057 0.126217
0.711191 0.984356
0.713259 0.739203
0.714511 0.781195
0.733178 0.531362
0.736637 0.658409
0.737561 0.182192
0.748948 0.565425
0.753256 0.968129
0.757367 0.072387
0.758457 0.384424
0.763694 0.401667
0.765255 0.646833
0.78193 0.898214
0.786579 0.0413332
0.792499 0.529357
0.805078 0.938937
0.805651 0.570662
0.805895 0.679913
0.812902 0.436795
0.814742 0.371983
0.818738 0.531881
0.820099 0.402293
0.828467 0.0465315
0.833621 0.671494
0.836199 0.990307
0.837095 0.0513645
0.842285 0.283661
0.8475 0.926929
0.847681 0.972279
0.848612 0.627068
0.851179 0.760122
0.852377 0.893512
0.860206 0.488291
0.860363 0.124784
0.8664 0.577625
0.867031 0.197241
0.872591 0.631083
0.880622 0.618844
0.894444 0.925269
0.894627 0.00307449
0.895351 0.172351
0.905678 0.731606
0.905926 0.893309
0.906767 0.0330227
0.909121 0.588424
0.910531 0.302081
0.911209 0.696351
0.912154 0.566177
0.91924 0.667144
0.923381 0.265301
0.928264 0.32555
0.928763 0.726233
0.939137 0.08118
0.940422 0.675721
0.948205 0.475561
0.952634 0.926669
0.971937 0.346267
0.975431 0.0723445
0.977664 0.597429
0.979303 0.141851
0.979848 0.313009
0.982527 0.329025
0.986378 0.0626942
0.987831 0.477515
0.990827 0.829354
0.993445 0.82892
0.995717 0.00799189
0.996316 0.0825953
0.996833 0.765404
