0.00127791 0.477882
0.00134403 0.589132
0.00146112 0.557128
0.00214426 0.0385286
0.00237801 0.967296
0.00255824 0.99628
0.00289231 0.611027
0.00300382 0.485216
0.00333456 0.0439807
0.00347165 0.348025
0.00392718 0.00405299
0.00418765 0.38192
0.00433405 0.842382
0.00475437 0.906659
0.00568702 0.581679
0.00607269 0.0637676
0.00642275 0.947108
0.0067548 0.527943
0.00759175 0.594589
0.00824155 0.515662
0.00893151 0.111899
0.00898798 0.0610341
0.00918385 0.352922
0.00923372 0.191213
0.00937895 0.632101
0.0107574 0.800204
0.0112208 0.587872
0.0112251 0.659507
0.0121728 0.587702
0.0125528 0.974794
0.0137332 0.814562
0.014002 0.331238
0.0152265 0.911177
0.0156388 0.841677
0.0171241 0.804915
0.017518 0.425484
0.0175841 0.536178
0.0177206 0.830776
0.0186503 0.45498
0.0197166 0.377357
0.0213969 0.617293
0.0218777 0.697894
0.0223124 0.00524932
0.02248 0.820574
0.0225513 0.0194567
0.0237893 0.82708
0.0243874 0.878972
0.0255782 0.891976
0.0256126 0.471605
0.0258869 0.0805772
0.0259934 0.870961
0.0264798 0.0463784
0.0266136 0.295035
0.0267439 0.484861
0.0270443 0.533636
0.0272343 0.726771
0.027365 0.924009
0.0276311 0.395362
0.0276509 0.728085
0.0278476 0.0348511
0.0293052 0.53321
0.0294632 0.187954
0.0309113 0.526327
0.0311238 0.097452
0.0312888 0.870593
0.0314275 0.202687
0.0315249 0.839094
0.0320774 0.124236
0.0326565 0.857962
0.0342417 0.499987
0.0351379 0.561913
0.035991 0.900197
0.0362687 0.56865
0.0373563 0.848012
0.0373683 0.049862
0.0381626 0.399144
0.0381849 0.774074
0.0385808 0.427802
0.0387882 0.912798
0.0392983 0.486015
0.0398607 0.938829
0.0399944 0.185897
0.0410975 0.726229
0.0418833 0.933407
0.042405 0.701602
0.0439617 0.864818
0.0445856 0.350157
0.0448698 0.125979
0.0466476 0.00657187
0.0479056 0.149141
0.047986 0.500395
0.0487331 0.0578275
0.0493263 0.0267201
0.049342 0.291799
0.0498766 0.275642
0.0500431 0.0746408
0.0502967 0.337351
0.0504867 0.530682
0.0510617 0.194659
0.0516638 0.314084
0.0530088 0.918994
0.0546594 0.660938
0.0551789 0.392286
0.0555619 0.82906
0.0557226 0.529728
0.0562919 0.0978404
0.0566664 0.391979
0.0570524 0.879851
0.0573384 0.686956
0.0578489 0.265744
0.0585226 0.589006
0.0586831 0.286755
0.058868 0.393847
0.0597759 0.652826
0.0601061 0.202864
0.0602133 0.0053003
0.0604234 0.535329
0.0605294 0.318458
0.0617557 0.928341
0.0619291 0.841566
0.0619423 0.0634824
0.0622901 0.909295
0.0626889 0.612745
0.0630005 0.849329
0.0632832 0.601297
0.0635434 0.973811
0.0639015 0.991827
0.0640041 0.717041
0.0641674 0.461451
0.0645927 0.609533
0.0650135 0.682512
0.0650945 0.0430012
0.0651182 0.442412
0.0651392 0.794442
0.0657874 0.688482
0.0661449 0.697819
0.0684394 0.260344
0.0687411 0.331197
0.0691004 0.370501
0.0693287 0.208177
0.0697397 0.11566
0.0701274 0.630643
0.0704484 0.0256565
0.0715309 0.220658
0.0721594 0.783063
0.0723079 0.279605
0.0725086 0.651557
0.0727116 0.0640651
0.0729859 0.67393
0.0734565 0.582773
0.0747562 0.426757
0.0750343 0.101776
0.0751522 0.0829977
0.07696 0.467217
0.0778767 0.872971
0.0782013 0.329461
0.0785881 0.830302
0.0786233 0.421498
0.0798356 0.797693
0.0799387 0.530529
0.0801912 0.773775
0.0802099 0.0873778
0.0811721 0.259122
0.0814488 0.909778
0.0818848 0.237349
0.081988 0.972306
0.0821141 0.0921331
0.082937 0.922322
0.0851606 0.293728
0.0857502 0.203704
0.0863086 0.587904
0.08701 0.37782
0.0872602 0.581606
0.0873193 0.575523
0.0883483 0.869632
0.0887764 0.0653208
0.0889439 0.879472
0.0905715 0.235779
0.0908496 0.908512
0.0913352 0.0699833
0.0920788 0.568225
0.0947476 0.423323
0.0950578 0.635889
0.0961039 0.219001
0.0972248 0.0564694
0.0975308 0.200914
0.0978047 0.803805
0.0978743 0.972658
0.0989641 0.288945
0.0992676 0.390556
0.100895 0.734473
0.101558 0.889084
0.101952 0.513613
0.102444 0.783346
0.102451 0.894003
0.102613 0.614316
0.102896 0.372913
0.10324 0.160458
0.10424 0.960456
0.10499 0.561474
0.105082 0.111448
0.105958 0.835032
0.107127 0.476252
0.107546 0.530785
0.109325 0.42012
0.111675 0.916456
0.11168 0.998382
0.112025 0.800617
0.112092 0.928648
0.112357 0.391157
0.11281 0.992722
0.113091 0.725946
0.113654 0.181037
0.113672 0.491689
0.114641 0.777432
0.115379 0.18229
0.115631 0.407051
0.116152 0.172655
0.116469 0.489248
0.116905 0.827252
0.117913 0.766372
0.118215 0.833304
0.118581 0.998182
0.118828 0.143661
0.119134 0.289953
0.119357 0.0339783
0.119412 0.95
0.119613 0.344077
0.11971 0.965889
0.120264 0.274619
0.120581 0.609519
0.120828 0.748831
0.122145 0.897009
0.122729 0.708013
0.123317 0.582269
0.123439 0.646967
0.123567 0.786125
0.124278 0.744551
0.12447 0.968123
0.126246 0.82292
0.128163 0.0324288
0.128372 0.547048
0.128746 0.842305
0.129344 0.88378
0.129402 0.866983
0.129466 0.935376
0.130368 0.0969084
0.13106 0.719067
0.131865 0.250906
0.133397 0.00224372
0.133417 0.346956
0.135513 0.570548
0.13565 0.864356
0.135692 0.57283
0.135854 0.296453
0.136073 0.980677
0.136334 0.36641
0.136335 0.375199
0.137376 0.883014
0.139204 0.604668
0.140001 0.993277
0.14014 0.329518
0.140469 0.854223
0.141019 0.10118
0.142433 0.865559
0.143095 0.999399
0.143332 0.988084
0.143482 0.507909
0.143869 0.0114421
0.144161 0.919014
0.144389 0.753285
0.144682 0.67363
0.145395 0.660348
0.145708 0.91894
0.145803 0.5099
0.145858 0.436942
0.146049 0.646285
0.146125 0.929458
0.146378 0.170035
0.146716 0.861042
0.149573 0.870668
0.149723 0.396558
0.150076 0.322074
0.150526 0.89184
0.15115 0.382846
0.151287 0.674782
0.151305 0.975972
0.151698 0.587431
0.152927 0.245242
0.153371 0.713453
0.153539 0.522846
0.154212 0.835354
0.154942 0.111335
0.155187 0.232043
0.155378 0.442952
0.155851 0.395944
0.155999 0.872607
0.156636 0.57537
0.156695 0.575627
0.1568 0.345592
0.157049 0.517962
0.157456 0.357544
0.157879 0.47014
0.158386 0.988142
0.158727 0.719728
0.158983 0.0279646
0.159388 0.841539
0.159578 0.0249696
0.160905 0.338715
0.162537 0.751599
0.163422 0.640335
0.163565 0.0292482
0.164366 0.496184
0.165333 0.758221
0.167272 0.337737
0.167667 0.971062
0.167734 0.106089
0.167955 0.816148
0.167956 0.838203
0.168294 0.519333
0.168936 0.31116
0.169047 0.171809
0.170796 0.564655
0.17085 0.47188
0.171674 0.322284
0.171728 0.238822
0.172839 0.912821
0.174412 0.346453
0.175195 0.494268
0.175302 0.292956
0.176459 0.742203
0.177568 0.380788
0.17816 0.341729
0.178194 0.903302
0.17881 0.266354
0.178943 0.493293
0.179843 0.618839
0.180106 0.0477348
0.18044 0.657402
0.180613 0.554818
0.181087 0.531328
0.182407 0.712871
0.182916 0.271945
0.183257 0.996997
0.184115 0.414359
0.188095 0.304365
0.188378 0.0655049
0.189487 0.715438
0.190322 0.735142
0.191644 0.9531
0.193881 0.557967
0.194065 0.657366
0.195136 0.64763
0.196664 0.325047
0.197235 0.928315
0.19734 0.688239
0.19743 0.204934
0.197896 0.0356865
0.19853 0.689457
0.198665 0.955637
0.19888 0.568712
0.199134 0.852835
0.199506 0.0946225
0.199506 0.0978235
0.199872 0.252394
0.201909 0.491899
0.202066 0.123938
0.202101 0.714954
0.202475 0.00512455
0.203116 0.764535
0.203222 0.546866
0.204364 0.752729
0.205158 0.0935657
0.205455 0.0868597
0.20563 0.0166845
0.206215 0.85699
0.207186 0.169499
0.207461 0.798382
0.207744 0.549473
0.207774 0.0569037
0.207804 0.554089
0.207831 0.0222941
0.208407 0.690732
0.208476 0.855938
0.208689 0.438012
0.208857 0.253377
0.208968 0.132957
0.210462 0.237477
0.210481 0.561942
0.210579 0.194648
0.210853 0.799105
0.210893 0.480617
0.211018 0.573318
0.211725 0.466167
0.21204 0.754343
0.213054 0.791785
0.213241 0.949741
0.213591 0.817115
0.21463 0.294775
0.21464 0.452187
0.214683 0.180423
0.214759 0.45843
0.216235 0.261509
0.216561 0.733831
0.216769 0.232226
0.216935 0.0331038
0.21748 0.191638
0.218587 0.793854
0.218812 0.566031
0.218856 0.315421
0.220046 0.307639
0.221664 0.506033
0.222367 0.320908
0.223175 0.895448
0.223433 0.240867
0.225122 0.632118
0.225393 0.176616
0.226332 0.960243
0.226545 0.536941
0.22696 0.524628
0.227019 0.501328
0.227246 0.329471
0.230621 0.0494546
0.231159 0.0975749
0.232151 0.754664
0.232198 0.543554
0.233225 0.8053
0.234122 0.891558
0.234248 0.00325322
0.234974 0.21552
0.23619 0.643893
0.236249 0.634907
0.236902 0.617792
0.237663 0.406432
0.238137 0.371672
0.2382 0.421853
0.238254 0.343111
0.239276 0.504186
0.239372 0.122805
0.239933 0.561054
0.240192 0.900776
0.241058 0.459137
0.241206 0.949629
0.241419 0.523337
0.242078 0.598808
0.242213 0.86685
0.242799 0.717322
0.24289 0.250492
0.243253 0.354027
0.24391 0.395352
0.243981 0.593459
0.24423 0.778837
0.244374 0.195784
0.244665 0.0876408
0.244666 0.109109
0.244735 0.267912
0.244763 0.72415
0.245098 0.359449
0.245353 0.655641
0.245371 0.953778
0.245488 0.924787
0.246268 0.0264734
0.246587 0.382434
0.246765 0.375081
0.247396 0.985039
0.247574 0.973233
0.247981 0.817393
0.248312 0.383209
0.248322 0.546232
0.249397 0.610268
0.250135 0.0252919
0.250272 0.314254
0.250397 0.425824
0.251122 0.612358
0.252772 0.346256
0.254723 0.121501
0.255249 0.963945
0.257053 0.281437
0.257511 0.980432
0.258225 0.98022
0.258777 0.260486
0.258793 0.528273
0.25967 0.279633
0.260247 0.963865
0.260878 0.570262
0.261106 0.401607
0.261109 0.463286
0.261442 0.0627249
0.261525 0.451639
0.261755 0.314125
0.261968 0.900472
0.262196 0.722809
0.262689 0.0193469
0.262852 0.746257
0.263121 0.275456
0.263833 0.242624
0.264075 0.300221
0.264852 0.365217
0.265396 0.511402
0.265485 0.0116776
0.265642 0.646018
0.268445 0.752629
0.268773 0.26046
0.269658 0.133841
0.269862 0.572857
0.270045 0.645991
0.270983 0.402765
0.271527 0.546273
0.272239 0.524625
0.27283 0.450582
0.273387 0.820374
0.273682 0.770694
0.273704 0.139582
0.274235 0.0753858
0.27499 0.754034
0.275878 0.677206
0.276318 0.077257
0.276843 0.901723
0.276856 0.116447
0.276862 0.227292
0.277015 0.790992
0.277041 0.227359
0.277667 0.747267
0.278749 0.938144
0.279052 0.0331651
0.279259 0.502923
0.279734 0.493646
0.279987 0.734396
0.280503 0.406052
0.280692 0.583472
0.280709 0.874355
0.2818 0.21448
0.283188 0.545654
0.283658 0.435386
0.283689 0.952748
0.283746 0.925143
0.284076 0.46435
0.284197 0.496498
0.285549 0.223734
0.286297 0.7925
0.286614 0.12833
0.288301 0.4686
0.288813 0.0783884
0.288924 0.95397
0.289014 0.46273
0.290151 0.574301
0.29201 0.817151
0.292271 0.205443
0.292585 0.481755
0.293329 0.984082
0.29356 0.861829
0.293773 0.444326
0.293841 0.585301
0.294213 0.834062
0.294454 0.894789
0.294464 0.0569753
0.294519 0.984353
0.295716 0.100689
0.296252 0.105702
0.296671 0.145638
0.298103 0.216443
0.298738 0.883534
0.299754 0.968388
0.29991 0.585057
0.300166 0.89125
0.300542 0.215951
0.301516 0.582916
0.301807 0.471047
0.302569 0.273735
0.302739 0.127973
0.303469 0.403038
0.303839 0.623882
0.303893 0.528039
0.305838 0.217524
0.306744 0.439726
0.306986 0.514282
0.307273 0.338433
0.308297 0.539094
0.308389 0.0972929
0.3087 0.313865
0.308895 0.600205
0.309463 0.150661
0.310306 0.317759
0.310377 0.504432
0.310448 0.691943
0.310467 0.0174334
0.312319 0.143538
0.312493 0.0673207
0.312707 0.672663
0.312881 0.588392
0.313135 0.853952
0.313141 0.961001
0.313714 0.586981
0.314768 0.300489
0.315198 0.527123
0.315236 0.173902
0.315415 0.187023
0.316155 0.615078
0.316321 0.410383
0.316632 0.636715
0.317037 0.437071
0.317166 0.605281
0.317256 0.127384
0.318416 0.614292
0.31898 0.0957039
0.319132 0.653056
0.319365 0.569943
0.319853 0.763627
0.320064 0.311187
0.320456 0.907423
0.324191 0.67766
0.324435 0.782348
0.324587 0.330504
0.324607 0.669284
0.324669 0.706552
0.324838 0.559592
0.326251 0.305172
0.326389 0.628328
0.326449 0.625611
0.32698 0.560186
0.328352 0.610761
0.330627 0.840822
0.330725 0.496702
0.331233 0.033627
0.331754 0.789683
0.333199 0.0716587
0.333605 0.900698
0.333685 0.2462
0.334436 0.863043
0.334587 0.397049
0.335777 0.409952
0.336424 0.281303
0.336525 0.967909
0.336744 0.654481
0.336978 0.595692
0.337074 0.203345
0.337358 0.977172
0.337527 0.815178
0.337586 0.811068
0.338093 0.323129
0.338837 0.828071
0.339161 0.272837
0.339186 0.690851
0.339377 0.90993
0.339537 0.590039
0.34001 0.54671
0.34043 0.605977
0.340464 0.17364
0.340722 0.514027
0.341785 0.383044
0.342658 0.0520941
0.343061 0.831733
0.343257 0.128427
0.343409 0.674212
0.343919 0.253102
0.343929 0.42025
0.344732 0.906243
0.345108 0.236554
0.346084 0.638574
0.346301 0.284449
0.346376 0.542851
0.346442 0.646486
0.347015 0.281475
0.347188 0.183367
0.347436 0.363627
0.347667 0.232686
0.348361 0.897827
0.348936 0.569239
0.349328 0.152061
0.349898 0.734292
0.350964 0.650205
0.351072 0.468036
0.352882 0.8836
0.353037 0.493702
0.353063 0.9283
0.353116 0.822839
0.353354 0.821198
0.354744 0.18525
0.354814 0.364246
0.355425 0.628897
0.355477 0.506209
0.35599 0.126884
0.356158 0.948197
0.356639 0.0301673
0.356815 0.981202
0.357355 0.0643449
0.357885 0.978298
0.35856 0.31639
0.359438 0.0773531
0.359744 0.21585
0.360421 0.588699
0.360909 0.801683
0.361216 0.964786
0.361706 0.189525
0.362062 0.170617
0.3627 0.898221
0.36278 0.243104
0.363065 0.033077
0.363231 0.817668
0.363537 0.963772
0.363687 0.483495
0.364382 0.172811
0.36542 0.612279
0.365479 0.60197
0.365581 0.322738
0.365858 0.978113
0.366253 0.617465
0.366461 0.10682
0.36735 0.0576819
0.367865 0.707996
0.367932 0.833185
0.36804 0.646586
0.368399 0.677899
0.368435 0.291573
0.368877 0.710775
0.369423 0.889463
0.369957 0.868038
0.370373 0.858222
0.370389 0.133961
0.370456 0.24979
0.372264 0.638619
0.372457 0.886202
0.372575 0.866469
0.372821 0.995849
0.372922 0.698171
0.373206 0.476506
0.373964 0.218062
0.374105 0.581845
0.374443 0.257316
0.374932 0.47905
0.375283 0.374834
0.375455 0.265222
0.375487 0.81227
0.377352 0.148113
0.377504 0.713879
0.378383 0.488412
0.378932 0.701935
0.37902 0.196819
0.380038 0.302061
0.380099 0.324419
0.380448 0.188687
0.381112 0.351742
0.381129 0.62896
0.381768 0.368664
0.381838 0.551941
0.382605 0.446283
0.382727 0.500494
0.384564 0.369658
0.385406 0.511133
0.386405 0.30181
0.386695 0.181042
0.386863 0.999764
0.387478 0.344667
0.387627 0.85456
0.38808 0.460593
0.388539 0.177636
0.389042 0.635852
0.389503 0.37462
0.390448 0.264795
0.391078 0.854436
0.391492 0.798383
0.391977 0.955424
0.393157 0.789932
0.394066 0.0756297
0.394207 0.443255
0.395436 0.101199
0.39553 0.676381
0.396071 0.771123
0.39679 0.857323
0.39817 0.0447026
0.398286 0.000598401
0.398311 0.415866
0.399005 0.0744791
0.399022 0.36202
0.399078 0.306741
0.399174 0.915569
0.399379 0.361081
0.39962 0.406515
0.399681 0.432607
0.400114 0.711326
0.400673 0.109027
0.401429 0.815098
0.401694 0.265884
0.401922 0.0972439
0.40241 0.299498
0.402914 0.774838
0.403027 0.677436
0.403173 0.120742
0.40326 0.597289
0.403592 0.178586
0.403601 0.321088
0.403633 0.857867
0.403669 0.460451
0.403686 0.75203
0.404863 0.531003
0.405172 0.723493
0.405525 0.665844
0.405552 0.108856
0.405908 0.0886482
0.405929 0.448473
0.406251 0.865119
0.407461 0.204366
0.410791 0.161255
0.41086 0.326327
0.411048 0.487797
0.411928 0.272865
0.412695 0.164257
0.412808 0.0601009
0.413612 0.580256
0.413748 0.866463
0.413879 0.0617598
0.414438 0.466567
0.414797 0.48564
0.415047 0.693198
0.415224 0.663093
0.415565 0.403532
0.415818 0.654385
0.416604 0.864349
0.417159 0.194696
0.418047 0.118495
0.419281 0.863249
0.419412 0.0640945
0.420552 0.219979
0.421197 0.0579581
0.422717 0.610717
0.422791 0.853294
0.423209 0.865244
0.424152 0.72056
0.425397 0.645016
0.425997 0.737463
0.427204 0.0190842
0.427423 0.705335
0.427756 0.298967
0.428934 0.0897885
0.429712 0.167636
0.429976 0.603614
0.430089 0.500977
0.430166 0.795904
0.43424 0.271626
0.435227 0.86817
0.435583 0.849316
0.435633 0.685579
0.435687 0.596467
0.435986 0.611291
0.436557 0.214317
0.436784 0.0209847
0.4368 0.292075
0.436946 0.75281
0.438684 0.953644
0.438915 0.851942
0.438988 0.076957
0.440063 0.13074
0.440352 0.000212572
0.440391 0.644127
0.440899 0.181428
0.441975 0.267432
0.442068 0.837041
0.443106 0.280719
0.444133 0.536776
0.444801 0.765103
0.445345 0.921228
0.445624 0.599244
0.446044 0.654653
0.446279 0.610327
0.446316 0.230872
0.448083 0.929971
0.448253 0.792364
0.448604 0.685667
0.448915 0.922111
0.449167 0.151677
0.450328 0.666259
0.450921 0.62439
0.45148 0.0231943
0.452263 0.184917
0.452377 0.105351
0.452728 0.00777991
0.45302 0.914671
0.453393 0.173309
0.453983 0.0991798
0.454219 0.0657168
0.454651 0.319031
0.455826 0.0600227
0.455937 0.929273
0.455946 0.0839531
0.45819 0.797387
0.458226 0.402092
0.458268 0.118424
0.458844 0.794352
0.459331 0.973299
0.460343 0.985838
0.460555 0.546844
0.46104 0.703212
0.461915 0.398731
0.462235 0.776699
0.462739 0.253283
0.462763 0.66509
0.46374 0.0750537
0.464184 0.543468
0.464579 0.183274
0.465084 0.662566
0.465531 0.182689
0.4658 0.704945
0.465882 0.08655
0.466654 0.0488411
0.467353 0.808235
0.467533 0.831139
0.46765 0.78932
0.467778 0.952599
0.467808 0.446161
0.468483 0.795108
0.469123 0.557939
0.470271 0.844876
0.470633 0.937047
0.47259 0.813002
0.473424 0.830593
0.474457 0.206182
0.474574 0.158203
0.475052 0.193889
0.476401 0.874636
0.476868 0.713653
0.477821 0.741283
0.47835 0.628195
0.478379 0.111286
0.479315 0.840856
0.479492 0.81623
0.480058 0.3383
0.48054 0.442106
0.481081 0.521946
0.481232 0.068146
0.481242 0.231193
0.481392 0.759908
0.481456 0.824772
0.481558 0.538097
0.482493 0.257994
0.484273 0.171316
0.485905 0.606521
0.486681 0.645455
0.486912 0.535607
0.487376 0.333394
0.487689 0.595516
0.487708 0.910191
0.487766 0.88232
0.489409 0.49739
0.490262 0.832176
0.49136 0.286982
0.491599 0.311042
0.491782 0.388261
0.494866 0.216866
0.494871 0.295568
0.494874 0.351174
0.494985 0.218655
0.495067 0.59122
0.495141 0.834189
0.49525 0.667476
0.496224 0.0372904
0.496351 0.165554
0.496393 0.878239
0.496513 0.890892
0.497208 0.576968
0.498563 0.34793
0.499377 0.030255
0.499765 0.543876
0.499901 0.842183
0.50087 0.129366
0.501085 0.730944
0.501821 0.0998868
0.501826 0.183285
0.502355 0.0875249
0.502396 0.767339
0.503042 0.622263
0.503642 0.711752
0.504239 0.742598
0.504359 0.757943
0.505522 0.30808
0.505713 0.509832
0.506851 0.64716
0.507161 0.854826
0.50768 0.57942
0.508899 0.0727913
0.509772 0.734923
0.510016 0.840002
0.510788 0.812757
0.511002 0.418404
0.511294 0.319441
0.511511 0.962937
0.511806 0.925591
0.512517 0.87108
0.516744 0.918445
0.517462 0.984296
0.517523 0.0143403
0.517624 0.715104
0.518039 0.683359
0.518103 0.75518
0.518848 0.276322
0.51892 0.485567
0.519023 0.211845
0.519225 0.619329
0.520448 0.174427
0.52058 0.381525
0.522896 0.319505
0.523928 0.661244
0.524909 0.137771
0.525024 0.0743196
0.526051 0.334962
0.52656 0.897707
0.526743 0.967428
0.527423 0.395101
0.528529 0.990891
0.528729 0.34244
0.52882 0.873387
0.529225 0.690609
0.5293 0.942593
0.529853 0.244554
0.530662 0.829417
0.530679 0.116856
0.531983 0.0410673
0.532108 0.141532
0.532994 0.0361612
0.534007 0.0583109
0.534891 0.919616
0.535125 0.841973
0.535451 0.317332
0.536041 0.235572
0.536513 0.167723
0.536648 0.443138
0.537305 0.478913
0.537403 0.133369
0.538296 0.145762
0.539695 0.657967
0.539762 0.771926
0.540334 0.385822
0.540443 0.228134
0.541273 0.1693
0.541996 0.332112
0.54216 0.0911729
0.542169 0.23373
0.542428 0.582116
0.542456 0.0650888
0.543959 0.316055
0.544036 0.610693
0.544151 0.54221
0.544851 0.307372
0.5454 0.541102
0.545884 0.675643
0.546315 0.923737
0.547613 0.731657
0.547735 0.783645
0.548576 0.912041
0.548957 0.324773
0.549056 0.98408
0.549644 0.869747
0.549693 0.695993
0.549908 0.311634
0.550041 0.544451
0.550089 0.353846
0.550559 0.240439
0.550717 0.896615
0.55152 0.400968
0.551747 0.210618
0.551935 0.364253
0.552966 0.700436
0.553122 0.312894
0.553233 0.17924
0.55424 0.110267
0.554633 0.717726
0.554658 0.134528
0.554967 0.322503
0.555459 0.606221
0.555688 0.442559
0.555949 0.837104
0.556077 0.9843
0.556441 0.100255
0.557155 0.109623
0.558836 0.36248
0.558879 0.0795083
0.559683 0.592009
0.560435 0.22542
0.560839 0.0229114
0.560872 0.578505
0.562482 0.643358
0.562547 0.726958
0.56336 0.396565
0.564661 0.252907
0.564878 0.906835
0.565614 0.277507
0.565852 0.270669
0.566125 0.867041
0.566232 0.661307
0.566258 0.0964374
0.566881 0.572393
0.567008 0.705822
0.567358 0.581672
0.568356 0.352212
0.569023 0.577557
0.56997 0.477977
0.570328 0.499687
0.570755 0.681023
0.571919 0.248214
0.572706 0.474136
0.573006 0.508292
0.573795 0.780429
0.573862 0.899412
0.57459 0.129397
0.574867 0.790642
0.575843 0.195103
0.576115 0.771095
0.576199 0.17974
0.576376 0.154582
0.577095 0.236352
0.577261 0.0232043
0.580635 0.740378
0.580748 0.63479
0.581106 0.641364
0.581133 0.109709
0.581135 0.128344
0.581682 0.323326
0.582312 0.925247
0.582414 0.6294
0.583209 0.00084539
0.583446 0.983763
0.584027 0.749311
0.585003 0.138229
0.586179 0.907959
0.587108 0.523577
0.587693 0.36
0.587919 0.159929
0.588258 0.849676
0.58898 0.981942
0.58905 0.157838
0.589087 0.792408
0.589168 0.153421
0.589644 0.146555
0.589707 0.210456
0.589904 0.518169
0.590234 0.0660006
0.59146 0.672048
0.59161 0.185189
0.592414 0.706933
0.592512 0.346369
0.593665 0.727997
0.595853 0.496898
0.595997 0.92049
0.596693 0.614526
0.597933 0.456225
0.598012 0.782646
0.598362 0.665618
0.599479 0.441391
0.599538 0.433626
0.599602 0.511865
0.601792 0.320477
0.602347 0.641832
0.602454 0.452869
0.602958 0.917479
0.603251 0.835585
0.603617 0.990382
0.604358 0.449665
0.604771 0.390614
0.605786 0.437768
0.606767 0.925698
0.607208 0.347593
0.608695 0.340031
0.608882 0.484048
0.609835 0.499452
0.610417 0.276998
0.611416 0.0648183
0.611426 0.228554
0.612565 0.387357
0.614961 0.652602
0.614965 0.718054
0.615111 0.170111
0.615125 0.412337
0.617475 0.900471
0.618652 0.686534
0.619033 0.0790498
0.619223 0.284058
0.619326 0.00928672
0.620109 0.177075
0.620526 0.173747
0.620611 0.607749
0.621718 0.21927
0.621783 0.313248
0.622055 0.886258
0.622076 0.237607
0.6223 0.00262306
0.622627 0.491193
0.623301 0.814823
0.623658 0.824543
0.625157 0.0185411
0.626383 0.617858
0.626958 0.284128
0.628033 0.348265
0.62914 0.953924
0.629197 0.917522
0.629654 0.593954
0.629721 0.71336
0.629982 0.104156
0.63059 0.321309
0.631251 0.442267
0.631463 6.39465e-05
0.631854 0.568814
0.632322 0.439872
0.634061 0.659911
0.634513 0.259957
0.635129 0.611473
0.636046 0.0264076
0.636259 0.60334
0.636828 0.165222
0.637036 0.65691
0.637167 0.862843
0.63771 0.989579
0.638093 0.430555
0.638118 0.853023
0.638328 0.376087
0.639018 0.969999
0.639094 0.249501
0.639313 0.92525
0.639394 0.296234
0.640129 0.650846
0.642444 0.554875
0.642803 0.583621
0.642881 0.897997
0.643655 0.914447
0.6439 0.0241201
0.644664 0.864187
0.644832 0.699062
0.645397 0.185522
0.646401 0.0549162
0.647999 0.910508
0.648418 0.96209
0.649682 0.211019
0.649846 0.965282
0.650518 0.261981
0.651202 0.748329
0.651469 0.241275
0.652475 0.14826
0.652997 0.913887
0.65305 0.8114
0.654887 0.6903
0.655434 0.875836
0.655446 0.0781085
0.657465 0.022379
0.657594 0.186597
0.657818 0.940452
0.659239 0.830265
0.66056 0.0260356
0.660894 0.65062
0.661205 0.87235
0.66155 0.676378
0.663175 0.988207
0.663608 0.259828
0.663964 0.236544
0.664102 0.565907
0.664129 0.0212293
0.664873 0.517092
0.665062 0.693158
0.66513 0.846319
0.665744 0.16721
0.665799 0.0804614
0.666478 0.486948
0.666845 0.662384
0.666916 0.851593
0.667705 0.116131
0.66784 0.391358
0.668246 0.216359
0.668829 0.00472088
0.669054 0.784732
0.671053 0.389776
0.671403 0.275832
0.672154 0.887737
0.672551 0.564937
0.672721 0.417742
0.672861 0.772736
0.673149 0.62179
0.673161 0.824375
0.673315 0.406944
0.673332 0.692481
0.673562 0.550381
0.673607 0.305985
0.674014 0.151147
0.674236 0.886196
0.674284 0.69012
0.674311 0.152533
0.674367 0.0823296
0.674644 0.743652
0.675822 0.537487
0.67632 0.912321
0.6768 0.978584
0.677396 0.996102
0.678326 0.633665
0.678444 0.609393
0.67879 0.42588
0.679123 0.0277915
0.680193 0.00913316
0.680202 0.148176
0.681172 0.453141
0.681439 0.941736
0.682953 0.393903
0.683454 0.814004
0.685016 0.0706823
0.686402 0.359954
0.687117 0.375771
0.687902 0.566709
0.689028 0.487904
0.689141 0.392325
0.689307 0.18191
0.690082 0.212947
0.690353 0.764639
0.690842 0.979313
0.691142 0.0242377
0.691365 0.768201
0.691739 0.0654068
0.692116 0.393856
0.692756 0.145589
0.693531 0.182074
0.693679 0.666665
0.693719 0.337924
0.693881 0.0538702
0.694516 0.735158
0.694827 0.964143
0.695526 0.698602
0.695569 0.433498
0.695725 0.0529762
0.696036 0.276467
0.696075 0.937709
0.696113 0.569141
0.697037 0.107661
0.697711 0.432911
0.697743 0.974159
0.698024 0.684702
0.699692 0.728876
0.699977 0.506131
0.701175 0.645962
0.701218 0.367357
0.701253 0.953232
0.702591 0.445747
0.703723 0.472332
0.704109 0.964289
0.704645 0.974405
0.707828 0.461706
0.708578 0.0757709
0.709023 0.55634
0.70933 0.707711
0.710132 0.180735
0.710907 0.214058
0.712435 0.894481
0.713042 0.0966152
0.713048 0.202991
0.713134 0.641517
0.713994 0.0995916
0.714016 0.473833
0.714209 0.708667
0.714965 0.411756
0.71503 0.516535
0.715724 0.179609
0.716273 0.401944
0.720183 0.119357
0.721131 0.0457364
0.721881 0.652045
0.722274 0.265366
0.72252 0.400021
0.722574 0.307622
0.724164 0.0213212
0.724721 0.391105
0.724782 0.41704
0.725626 0.591754
0.725815 0.773165
0.727743 0.171868
0.728126 0.618691
0.729406 0.12953
0.730339 0.801294
0.73094 0.900065
0.731297 0.915749
0.732451 0.303599
0.732724 0.886909
0.733504 0.00699507
0.73402 0.678354
0.734668 0.572738
0.734796 0.72175
0.735474 0.113641
0.735479 0.195207
0.736311 0.186501
0.738597 0.601217
0.738907 0.814698
0.738987 0.154635
0.739352 0.28179
0.740064 0.261817
0.741723 0.137083
0.741778 0.0590212
0.741796 0.360649
0.742091 0.318404
0.742115 0.733577
0.742801 0.263987
0.742973 0.140506
0.743061 0.634779
0.743733 0.916154
0.745093 0.774091
0.74554 0.288188
0.746366 0.180072
0.746475 0.997339
0.746532 0.966463
0.746638 0.751266
0.747214 0.420057
0.747246 0.957634
0.747516 0.505788
0.748639 0.379117
0.748959 0.747975
0.749443 0.885802
0.751059 0.0557238
0.751801 0.512846
0.753087 0.126805
0.753782 0.818955
0.753837 0.743257
0.754337 0.143393
0.75473 0.741061
0.754942 0.306027
0.755758 0.0265132
0.756103 0.830509
0.756105 0.859741
0.756115 0.0276949
0.756889 0.0278968
0.757246 0.0382354
0.757335 0.52926
0.757388 0.418884
0.757446 0.388884
0.757697 0.61582
0.75832 0.0884334
0.758575 0.369982
0.758619 0.107132
0.758626 0.235218
0.758628 0.259746
0.759055 0.436088
0.759596 0.524233
0.760568 0.869433
0.761682 0.596291
0.761779 0.215465
0.762056 0.868805
0.763308 0.924337
0.763966 0.973902
0.764504 0.027133
0.766095 0.76194
0.767429 0.177068
0.768322 0.189524
0.768484 0.913273
0.769329 0.11382
0.770759 0.138864
0.770787 0.618402
0.771298 0.212373
0.772235 0.957729
0.772267 0.489656
0.773076 0.0962923
0.773495 0.124771
0.774327 0.105664
0.775001 0.441401
0.775925 0.968283
0.776696 0.924126
0.776898 0.321936
0.776932 0.903662
0.776957 0.318741
0.777033 0.586191
0.777053 0.933118
0.777161 0.746049
0.777748 0.608636
0.77802 0.178125
0.778032 0.37794
0.778095 0.449628
0.778099 0.508068
0.778371 0.0767732
0.778652 0.802718
0.779243 0.745017
0.77989 0.613191
0.779974 0.0158875
0.780277 0.110369
0.781343 0.0258436
0.781566 0.786195
0.782242 0.137052
0.782366 0.225879
0.782503 0.532834
0.782523 0.869814
0.782938 0.832011
0.783367 0.0536371
0.784618 0.0764623
0.785944 0.354003
0.786229 0.157852
0.786245 0.415481
0.786635 0.97559
0.787291 0.00447076
0.787394 0.737698
0.787451 0.682819
0.787678 0.49725
0.788278 0.588876
0.788307 0.0827276
0.790192 0.7557
0.790613 0.825048
0.791213 0.920054
0.791617 0.70644
0.792207 0.61687
0.792464 0.941103
0.793715 0.963154
0.793907 0.198645
0.794475 0.7486
0.795457 0.250132
0.795686 0.0928869
0.795719 0.655963
0.796545 0.536279
0.796826 0.248583
0.797097 0.805267
0.797514 0.813155
0.798061 0.00486566
0.798355 0.950896
0.798621 0.417906
0.799441 0.211944
0.79991 0.0881443
0.800001 0.617839
0.800032 0.138833
0.800053 0.485439
0.800121 0.639798
0.800574 0.254064
0.800771 0.563648
0.80085 0.879253
0.801092 0.947048
0.801294 0.353177
0.801395 0.0377407
0.801439 0.781246
0.801649 0.313959
0.80188 0.199877
0.802807 0.769867
0.80287 0.841696
0.803162 0.747069
0.803298 0.0236501
0.804081 0.182133
0.804236 0.788227
0.804244 0.926754
0.805298 0.64484
0.805343 0.393487
0.805659 0.711145
0.806277 0.0958606
0.807161 0.950622
0.807358 0.268627
0.807816 0.964069
0.807916 0.637496
0.808047 0.8458
0.809486 0.0359019
0.810084 0.0819391
0.810653 0.639556
0.811153 0.0498272
0.811436 0.810224
0.811504 0.944406
0.811533 0.434251
0.811892 0.462128
0.813265 0.53806
0.813375 0.393786
0.814494 0.208769
0.814528 0.763424
0.815043 0.432396
0.816933 0.191975
0.817506 0.823942
0.817525 0.146952
0.817578 0.0263698
0.817695 0.998936
0.817835 0.356324
0.818056 0.0726366
0.818743 0.611577
0.818968 0.387628
0.819306 0.0828614
0.819651 0.873506
0.820782 0.878482
0.821169 0.380277
0.821198 0.877299
0.821641 0.327188
0.822327 0.857301
0.822556 0.694945
0.822652 0.308594
0.822948 0.282932
0.823144 0.579978
0.82324 0.190849
0.823279 0.842715
0.824162 0.685001
0.826287 0.412471
0.827021 0.739065
0.827359 0.420712
0.828309 0.38962
0.828594 0.173058
0.828717 0.240456
0.829092 0.544448
0.830053 0.696931
0.830094 0.390559
0.830263 0.235334
0.831193 0.861635
0.831882 0.447268
0.83233 0.978286
0.832528 0.29334
0.833666 0.419946
0.834207 0.509014
0.834214 0.632263
0.834332 0.612765
0.834494 0.348034
0.835377 0.172414
0.835555 0.171487
0.835732 0.141453
0.839218 0.744445
0.839489 0.283997
0.839665 0.25722
0.840176 0.836337
0.841206 0.146966
0.841481 0.766144
0.841489 0.903341
0.842061 0.521557
0.843042 0.00520558
0.843599 0.360573
0.843734 0.63321
0.844226 0.90202
0.845155 0.520369
0.845335 0.550685
0.845959 0.025826
0.84601 0.889685
0.846092 0.273137
0.84648 0.787008
0.847 0.532686
0.847111 0.389641
0.849187 0.291656
0.84921 0.665318
0.849231 0.0190305
0.849507 0.665022
0.850412 0.87395
0.850482 0.0525387
0.850523 0.732666
0.851264 0.193968
0.851483 0.868871
0.851554 0.0755167
0.851701 0.538334
0.851989 0.377519
0.852332 0.137876
0.852427 0.747009
0.85255 0.814172
0.852688 0.134135
0.853721 0.485305
0.85432 0.561254
0.854843 0.347645
0.855186 0.117213
0.855373 0.258859
0.85564 0.749708
0.855942 0.810371
0.856114 0.714306
0.857153 0.168949
0.857813 0.269707
0.858037 0.030872
0.858628 0.962018
0.858722 0.538734
0.858961 0.550359
0.859456 0.877107
0.859555 0.547739
0.860022 0.385574
0.86004 0.695999
0.861316 0.133113
0.861568 0.373268
0.862294 0.574374
0.865507 0.578928
0.865846 0.266578
0.866026 0.29064
0.866376 0.179905
0.867366 0.81598
0.867601 0.765799
0.868239 0.494382
0.868987 0.0654955
0.869262 0.694237
0.869459 0.997356
0.869585 0.113513
0.870481 0.169287
0.870496 0.432003
0.87187 0.524511
0.872204 0.126924
0.872383 0.141148
0.87495 0.286396
0.875562 0.577523
0.875573 0.760308
0.877073 0.973794
0.877656 0.769349
0.878055 0.467734
0.87824 0.571125
0.878701 0.327949
0.879413 0.287103
0.880168 0.989316
0.881851 0.262302
0.884661 0.497704
0.885204 0.615776
0.885378 0.548043
0.886051 0.862343
0.886654 0.997123
0.886728 0.233189
0.88706 0.823361
0.88756 0.228013
0.887838 0.897092
0.888378 0.962571
0.888736 0.980908
0.889584 0.241359
0.890941 0.0450431
0.891723 0.180594
0.892164 0.594905
0.892374 0.128151
0.892604 0.999159
0.89318 0.678398
0.893377 0.990197
0.894995 0.178894
0.89534 0.98714
0.895372 0.514629
0.895555 0.587097
0.895687 0.819029
0.895901 0.403373
0.896186 0.196281
0.896259 0.421789
0.896692 0.697377
0.897489 0.101342
0.897675 0.216886
0.897957 0.955557
0.898185 0.803572
0.898241 0.742211
0.898732 0.991494
0.899069 0.650225
0.89975 0.104031
0.900702 0.0927395
0.901793 0.439776
0.902306 0.0493928
0.902969 0.203581
0.903406 0.540231
0.904366 0.676217
0.904398 0.223491
0.905006 0.429624
0.905395 0.976828
0.905506 0.836569
0.90583 0.282345
0.906749 0.725345
0.906941 0.949464
0.907483 0.0618001
0.907517 0.642704
0.908802 0.240948
0.910252 0.600749
0.910793 0.696117
0.911783 0.334438
0.912303 0.0824251
0.912612 0.263489
0.912954 0.0241198
0.913031 0.307754
0.914418 0.617241
0.914441 0.0181622
0.914513 0.225254
0.915223 0.14476
0.915306 0.542323
0.915515 0.068689
0.916099 0.880679
0.916362 0.288286
0.916463 0.992439
0.91774 0.448947
0.917861 0.495081
0.91866 0.926476
0.918902 0.984003
0.919078 0.950455
0.919248 0.804865
0.919965 0.852113
0.920201 0.822383
0.92026 0.817099
0.920318 0.785753
0.921628 0.79877
0.922161 0.761927
0.922199 0.390831
0.92264 0.80551
0.922741 0.501367
0.923395 0.497509
0.923854 0.210302
0.924636 0.358313
0.924844 0.859142
0.925166 0.259478
0.925426 0.630489
0.927732 0.398081
0.929087 0.169442
0.929444 0.16707
0.929553 0.00346542
0.929806 0.252816
0.930585 0.348742
0.931344 0.102468
0.932445 0.599717
0.932829 0.0643524
0.933636 0.615985
0.934394 0.35542
0.935032 0.0841042
0.935378 0.893477
0.936723 0.501643
0.937038 0.796636
0.937286 0.969679
0.938194 0.234387
0.939416 0.757827
0.93974 0.204886
0.940553 0.874172
0.941249 0.574516
0.941284 0.158433
0.941621 0.829726
0.942343 0.954908
0.942366 0.340224
0.942728 0.424968
0.942771 0.144235
0.942883 0.028934
0.943058 0.97456
0.943815 0.706787
0.94409 0.319626
0.945916 0.0115469
0.946055 0.339383
0.946199 0.773642
0.946897 0.500572
0.947297 0.225795
0.94766 0.321722
0.94777 0.169325
0.94801 0.199435
0.948048 0.846277
0.949725 0.0308248
0.950092 0.201651
0.95101 0.62816
0.951818 0.2022
0.951895 0.507247
0.952608 0.477256
0.953568 0.610017
0.953895 0.112714
0.954233 0.797084
0.954426 0.0445497
0.954722 0.0201013
0.956342 0.237545
0.956906 0.714542
0.957678 0.70241
0.957837 0.368838
0.957937 0.0551313
0.960196 0.0175302
0.96095 0.684438
0.961432 0.795609
0.961468 0.386907
0.961695 0.205267
0.962153 0.912238
0.964034 0.515305
0.964207 0.427755
0.965027 0.20362
0.966135 0.834512
0.966473 0.518608
0.966499 0.952416
0.968206 0.637045
0.969631 0.582174
0.971086 0.0454008
0.971099 0.258943
0.971711 0.553922
0.97207 0.585423
0.972383 0.83975
0.97455 0.254961
0.974876 0.742217
0.974889 0.96717
0.975686 0.361195
0.976299 0.658036
0.976433 0.900831
0.976606 0.82441
0.976609 0.866923
0.977091 0.97447
0.977727 0.664492
0.977914 0.805457
0.978043 0.963516
0.979138 0.379072
0.97967 0.320957
0.979865 0.588521
0.979909 0.338115
0.980616 0.207454
0.980761 0.643583
0.981267 0.150158
0.982566 0.993985
0.98339 0.83657
0.98457 0.660427
0.984718 0.151983
0.985192 0.12217
0.98597 0.198264
0.986151 0.234535
0.986666 0.900439
0.987473 0.457393
0.989092 0.663716
0.989929 0.740529
0.990051 0.793385
0.990673 0.240086
0.990988 0.534037
0.990995 0.657357
0.991816 0.448563
0.992348 0.390205
0.992602 0.653964
0.992679 0.959051
0.994411 0.0655839
0.994735 0.514443
0.995 0.968148
0.995353 0.89177
0.996006 0.875391
0.996019 0.0858342
0.99695 0.732006
0.997573 0.203383
0.998451 0.957866
0.999079 0.523065
0.99917 0.0484089
0.99929 0.0714393
0.999459 0.911918
0.999622 0.649551
0.999674 0.528577
