0.00276062 0.397667
0.0053439 0.815007
0.00755562 0.987255
0.00782316 0.48381
0.0110768 0.167051
0.0118885 0.809328
0.0177887 0.975296
0.0202058 0.598723
0.0242621 0.773326
0.0262434 0.0723907
0.0271097 0.63285
0.0275355 0.78839
0.0286477 0.482111
0.03611 0.900304
0.0419667 0.333607
0.043036 0.305291
0.0473057 0.067196
0.0496194 0.953373
0.0516775 0.544563
0.0521446 0.394192
0.059723 0.765315
0.0641466 0.112646
0.0648582 0.0711814
0.0674631 0.852533
0.0691324 0.907734
0.0697863 0.899166
0.0726933 0.756051
0.0735911 0.84569
0.0742639 0.153823
0.0850265 0.0406805
0.0863025 0.485308
0.0868626 0.90054
0.0886221 0.471138
0.0955749 0.327377
0.0966567 0.509215
0.111571 0.174995
0.117222 0.145896
0.121984 0.192138
0.12212 0.472186
0.122523 0.240908
0.129188 0.26445
0.129784 0.280677
0.130172 0.792999
0.134165 0.917835
0.135956 0.0191702
0.140706 0.851627
0.147746 0.165379
0.148496 0.778051
0.165146 0.605016
0.166454 0.585585
0.173287 0.429743
0.176448 0.567206
0.178606 0.825882
0.187311 0.134229
0.188037 0.340406
0.189599 0.593351
0.189816 0.229968
0.192722 0.0740958
0.196211 0.717323
0.196681 0.621048
0.199215 0.204378
0.20383 0.766288
0.207693 0.702856
0.209301 0.715272
0.21691 0.61199
0.217505 0.602695
0.220315 0.834912
0.222706 0.0157655
0.223326 0.44722
0.223488 0.167815
0.226312 0.625188
0.226846 0.602026
0.227682 0.652488
0.228724 0.15743
0.231088 0.900453
0.231494 0.727012
0.232415 0.19839
0.232502 0.656638
0.236423 0.569357
0.236802 0.935177
0.237235 0.205374
0.249442 0.376273
0.250512 0.353154
0.251282 0.304159
0.259525 0.84107
0.263561 0.671523
0.263828 0.157395
0.269806 0.632143
0.271567 0.233131
0.271917 0.106038
0.276201 0.101788
0.279563 0.619694
0.286064 0.875715
0.288858 0.833328
0.28886 0.863138
0.291154 0.431244
0.291326 0.311222
0.291351 0.743613
0.297636 0.360459
0.298074 0.723092
0.300852 0.422341
0.303856 0.899879
0.305246 0.264589
0.306506 0.452504
0.313579 0.321537
0.314082 0.772732
0.315305 0.331853
0.316698 0.735193
0.320183 0.322478
0.320725 0.420679
0.32126 0.424494
0.327312 0.131849
0.327916 0.29122
0.33098 0.779894
0.331382 0.5401
0.331507 0.636166
0.33357 0.310418
0.337035 0.550822
0.338846 0.984238
0.3398 0.0117813
0.343379 0.169489
0.34595 0.389565
0.352844 0.251449
0.35762 0.52273
0.358507 0.431142
0.36277 0.0726146
0.364024 0.150506
0.370375 0.885051
0.370533 0.542401
0.37274 0.647499
0.378036 0.644682
0.378229 0.900224
0.379071 0.0542208
0.380152 0.21362
0.387772 0.284906
0.389197 0.240225
0.390625 0.229017
0.392439 0.714948
0.392782 0.494636
0.403433 0.502445
0.404934 0.733642
0.41007 0.0438046
0.413053 0.179925
0.41579 0.182674
0.418392 0.913389
0.419774 0.138789
0.427224 0.352691
0.43032 0.383583
0.432882 0.45405
0.433511 0.0277959
0.438645 0.308641
0.443064 0.572128
0.44568 0.543175
0.457163 0.536205
0.457278 0.46355
0.458072 0.818944
0.459576 0.100535
0.461078 0.332295
0.4616 0.119187
0.464677 0.820112
0.465809 0.854077
0.469588 0.359194
0.470137 0.595593
0.475062 0.371947
0.478097 0.379565
0.479987 0.146766
0.489606 0.801863
0.495654 0.453815
0.495948 0.397114
0.498514 0.516778
0.503773 0.911439
0.504892 0.72758
0.505146 0.994806
0.511504 0.841174
0.518135 0.298769
0.518922 0.52156
0.520583 0.439143
0.52427 0.404156
0.526815 0.176187
0.527473 0.24254
0.527701 0.0766002
0.531381 0.914693
0.539049 0.804202
0.550008 0.981093
0.550628 0.404118
0.552186 0.58305
0.555885 0.767717
0.557623 0.969873
0.565313 0.217282
0.569867 0.761326
0.573114 0.326216
0.586619 0.308057
0.587636 0.405128
0.588846 0.736376
0.597559 0.167268
0.597859 0.213179
0.599382 0.819102
0.604166 0.22074
0.605807 0.800834
0.609016 0.727398
0.609435 0.77268
0.612859 0.321538
0.617865 0.449193
0.618029 0.214719
0.618081 0.0814501
0.623239 0.783855
0.623381 0.162273
0.631263 0.640705
0.63341 0.714209
0.642787 0.319982
0.651499 0.749519
0.653405 0.784265
0.655291 0.468374
0.660312 0.858267
0.663872 0.69039
0.670084 0.1093
0.6712 0.856327
0.677448 0.872084
0.678397 0.81158
0.68948 0.0844516
0.691463 0.411644
0.69272 0.55145
0.697099 0.145242
0.699301 0.149858
0.702497 0.861455
0.712058 0.551185
0.712321 0.976755
0.713817 0.117479
0.71424 0.228119
0.716541 0.909456
0.719134 0.477468
0.721721 0.956698
0.729226 0.0983065
0.737112 0.637111
0.741156 0.603188
0.742663 0.943766
0.745682 0.676585
0.750076 0.525375
0.768591 0.70386
0.771469 0.0722619
0.772055 0.9356
0.773116 0.761855
0.779437 0.00470769
0.784552 0.966621
0.791556 0.675222
0.793803 0.448129
0.799935 0.514016
0.801843 0.573141
0.80711 0.102283
0.807151 0.780884
0.816067 0.645869
0.816766 0.386033
0.830799 0.234798
0.837773 0.446073
0.856814 0.477026
0.85845 0.976571
0.865683 0.526386
0.866359 0.895643
0.874304 0.431902
0.879349 0.220533
0.883108 0.397999
0.884901 0.530765
0.887716 0.845542
0.887724 0.981979
0.889261 0.8181
0.893142 0.0366278
0.894351 0.363086
0.895774 0.269662
0.910889 0.307872
0.91204 0.659595
0.914698 0.32794
0.916351 0.111176
0.920274 0.0430302
0.920479 0.484089
0.925174 0.402544
0.930549 0.73942
0.930811 0.142293
0.931785 0.516114
0.934868 0.32664
0.93697 0.663119
0.939101 0.474863
0.940925 0.130517
0.946386 0.915734
0.959786 0.119392
0.962744 0.836849
0.967578 0.0812139
0.967722 0.496713
0.970285 0.572611
0.970919 0.24295
0.973594 0.188544
0.979474 0.0190432
0.983534 0.248798
0.984653 0.0704493
0.985837 0.966692
0.986281 0.423978
0.988601 0.411717
0.991689 0.313952
0.991952 0.734786
0.991978 0.18096
0.992787 0.764539
