3.97833e-05 0.668646
0.00134038 0.527781
0.00223604 0.581161
0.00230584 0.754334
0.00311691 0.38592
0.00595012 0.00361677
0.0059966 0.784884
0.00669398 0.505725
0.00852516 0.282414
0.00873514 0.811425
0.0111986 0.215517
0.0112939 0.816432
0.0114525 0.481632
0.0114594 0.598675
0.0116053 0.049886
0.012063 0.74309
0.0133432 0.258741
0.0134285 0.69279
0.0149569 0.379881
0.01567 0.366529
0.016832 0.895629
0.0170032 0.77236
0.0172031 0.132401
0.0181766 0.494192
0.019061 0.358323
0.0190721 0.544707
0.0199722 0.673392
0.0204996 0.537155
0.0207715 0.105993
0.0211971 0.259843
0.0212462 0.0843116
0.0215406 0.0323692
0.0216428 0.750703
0.0216967 0.655964
0.0218219 0.760592
0.0220561 0.696489
0.0227699 0.693092
0.0231321 0.781412
0.0240387 0.0180932
0.0250357 0.775774
0.0255422 0.28706
0.0261469 0.451166
0.0274769 0.804498
0.0275493 0.0209424
0.0277844 0.97196
0.0288921 0.590023
0.0292957 0.37302
0.0300015 0.235401
0.0301539 0.7959
0.0303154 0.510922
0.0308316 0.185936
0.0312191 0.699111
0.0314718 0.946059
0.0320954 0.427891
0.0321278 0.971942
0.0328089 0.419713
0.0340171 0.724703
0.0356347 0.91189
0.035922 0.740619
0.0371151 0.79418
0.0396237 0.956357
0.0396814 0.925716
0.0399816 0.969991
0.0401976 0.60069
0.040749 0.86852
0.0419076 0.34138
0.0425824 0.68193
0.0427575 0.625185
0.0433713 0.941568
0.0440221 0.878661
0.0441187 0.503415
0.044159 0.180983
0.0442281 0.342142
0.0443804 0.901803
0.0446759 0.86837
0.0448002 0.956516
0.0454717 0.242266
0.0454985 0.692681
0.0471313 0.136158
0.0474479 0.456172
0.0474813 0.0181051
0.0477832 0.0916116
0.0478051 0.460132
0.0493854 0.0201525
0.04948 0.610901
0.0511555 0.769786
0.0511874 0.306722
0.0526475 0.846702
0.0531183 0.759412
0.0531331 0.00827494
0.0532038 0.195793
0.0542317 0.471353
0.054299 0.603171
0.0553818 0.801883
0.0566759 0.55231
0.0569733 0.550816
0.0577711 0.958842
0.0584563 0.474781
0.0591734 0.527961
0.0596293 0.189844
0.0601774 0.401222
0.060351 0.320004
0.060416 0.411391
0.0604378 0.77815
0.0606329 0.0569607
0.0610949 0.821854
0.0636628 0.980109
0.0639832 0.365152
0.0640693 0.812678
0.0645835 0.45461
0.065428 0.648513
0.0654835 0.581213
0.0658484 0.713697
0.0658788 0.224243
0.0659883 0.0661318
0.0664989 0.647135
0.0665476 0.465108
0.067526 0.908975
0.0675894 0.975451
0.0688815 0.690973
0.0702551 0.777142
0.0704037 0.275358
0.0705215 0.254991
0.0711203 0.319561
0.0714471 0.810745
0.0727287 0.351982
0.0729262 0.671278
0.0730622 0.956922
0.0736537 0.897593
0.0739012 0.0576445
0.0753226 0.947551
0.0769923 0.00894281
0.0772261 0.938876
0.0779431 0.989215
0.0779493 0.0945343
0.0790285 0.232497
0.0799791 0.208363
0.0800543 0.473316
0.0820678 0.314137
0.0822328 0.0871842
0.0832574 0.306997
0.0836539 0.971017
0.083967 0.232654
0.0840726 0.00801085
0.0841284 0.946228
0.0842996 0.82364
0.084452 0.384076
0.0845744 0.441495
0.0850962 0.211513
0.0869345 0.107843
0.0874944 0.518849
0.0878325 0.201529
0.0880507 0.867525
0.0881835 0.0996917
0.0885034 0.476877
0.088812 0.662801
0.088932 0.679594
0.0895237 0.624757
0.0897861 0.0354251
0.0898217 0.632921
0.0900561 0.573279
0.0902731 0.220023
0.0903988 0.33315
0.0905475 0.831672
0.0907729 0.619729
0.0911885 0.604669
0.0921427 0.641909
0.0927771 0.304899
0.0928363 0.299294
0.0929202 0.709128
0.0933564 0.0407695
0.0934595 0.773473
0.0941924 0.0921859
0.0957107 0.608865
0.0959978 0.435646
0.0960704 0.655417
0.0968092 0.0730549
0.0971375 0.590003
0.0972827 0.0297802
0.09736 0.329498
0.0992987 0.913678
0.101206 0.962159
0.102011 0.506537
0.1032 0.483274
0.103265 0.578324
0.103284 0.899393
0.103939 0.900122
0.104069 0.0931328
0.104514 0.569703
0.10474 0.358064
0.105257 0.0568234
0.105334 0.350929
0.105512 0.342512
0.106419 0.581149
0.106449 0.082804
0.106507 0.07003
0.106669 0.787369
0.107148 0.833338
0.108698 0.893442
0.108816 0.869185
0.109314 0.242532
0.10953 0.877551
0.10981 0.571252
0.110171 0.651089
0.110195 0.0542328
0.111439 0.958324
0.111495 0.902654
0.11169 0.172237
0.11175 0.190401
0.112189 0.567004
0.112895 0.42735
0.113331 0.761261
0.113689 0.774918
0.114008 0.140512
0.114012 0.204321
0.114022 0.364151
0.114105 0.755953
0.115383 0.24937
0.115883 0.645264
0.115943 0.660086
0.11713 0.606308
0.118785 0.419542
0.120655 0.849865
0.121901 0.793863
0.122124 0.531338
0.122494 0.757786
0.124736 0.433223
0.125694 0.532409
0.125831 0.841775
0.126609 0.924741
0.126929 0.287894
0.130036 0.510493
0.130554 0.225852
0.130729 0.15581
0.131773 0.702295
0.132214 0.11677
0.133444 0.790171
0.133671 0.604376
0.133959 0.445079
0.134103 0.865047
0.134267 0.628851
0.134442 0.570791
0.134477 0.1587
0.135465 0.756786
0.135674 0.278879
0.135843 0.10549
0.137743 0.052283
0.13965 0.102643
0.141285 0.582622
0.141381 0.192694
0.144019 0.526829
0.144429 0.421532
0.14495 0.175905
0.145762 0.821415
0.145869 0.617981
0.146139 0.156031
0.146372 0.0750228
0.147254 0.905977
0.147404 0.423344
0.147413 0.566011
0.147413 0.566535
0.147769 0.557574
0.148291 0.322544
0.148529 0.334866
0.148738 0.836626
0.148759 0.198697
0.149341 0.970506
0.149381 0.651432
0.149478 0.277626
0.150768 0.962069
0.152102 0.377025
0.152217 0.303689
0.153866 0.017403
0.154018 0.577205
0.154252 0.513736
0.154373 0.548811
0.154378 0.638438
0.154996 0.0209781
0.155451 0.659264
0.155601 0.189373
0.156022 0.265311
0.15672 0.999206
0.157005 0.790439
0.157836 0.757088
0.158003 0.558192
0.158046 0.273115
0.158952 0.504639
0.159326 0.792939
0.15951 0.880355
0.159521 0.0685012
0.159601 0.412124
0.160091 0.649824
0.160113 0.0204419
0.160604 0.266391
0.161181 0.972395
0.163351 0.441914
0.163666 0.738175
0.164018 0.648782
0.164021 0.702213
0.164164 0.112171
0.164947 0.26127
0.165329 0.681913
0.16636 0.00460351
0.166691 0.579037
0.166803 0.461725
0.167074 0.00443896
0.167864 0.289482
0.168074 0.819824
0.168661 0.68641
0.169382 0.797638
0.170124 0.265772
0.170138 0.505189
0.170408 0.0484744
0.170615 0.521629
0.170629 0.769068
0.171595 0.00146632
0.172301 0.855661
0.173178 0.594639
0.174473 0.361588
0.175345 0.0221386
0.176051 0.890131
0.176744 0.533108
0.177095 0.427624
0.177818 0.595303
0.178657 0.693702
0.179961 0.603849
0.181902 0.232664
0.181939 0.854852
0.182293 0.793454
0.182878 0.63455
0.183703 0.49134
0.184416 0.483608
0.184771 0.45033
0.185159 0.974892
0.186344 0.886561
0.187425 0.0459836
0.188935 0.42506
0.189592 0.469562
0.189625 0.0288733
0.189868 0.118511
0.190726 0.527467
0.19164 0.897032
0.192512 0.543699
0.193386 0.238451
0.193545 0.917824
0.193569 0.310222
0.194049 0.387364
0.194238 0.561082
0.196787 0.396648
0.196989 0.799272
0.197896 0.0387309
0.197914 0.34392
0.198483 0.898203
0.198519 0.505584
0.198713 0.76533
0.19957 0.175139
0.19968 0.020448
0.199824 0.438225
0.200089 0.897565
0.201547 0.399477
0.201791 0.502256
0.202122 0.0659668
0.202299 0.043556
0.203033 0.369281
0.203092 0.360585
0.204041 0.309786
0.204114 0.547057
0.204274 0.225108
0.205043 0.156539
0.205935 0.148114
0.206503 0.701317
0.207312 0.298553
0.207422 0.149748
0.208344 0.63638
0.208818 0.599789
0.209743 0.15883
0.211105 0.043971
0.21158 0.021264
0.211747 0.832105
0.211854 0.626597
0.212029 0.577952
0.212409 0.96236
0.212557 0.438075
0.212796 0.459139
0.212982 0.592238
0.213221 0.601491
0.213557 0.248342
0.213914 0.258438
0.214672 0.994069
0.216329 0.836965
0.217355 0.0832146
0.217756 0.819496
0.217785 0.320376
0.217815 0.814548
0.217985 0.680072
0.218425 0.0769141
0.218436 0.260153
0.218662 0.0546115
0.219568 0.28129
0.219616 0.0905134
0.220203 0.957781
0.221811 0.978798
0.222085 0.588279
0.222978 0.589997
0.22398 0.42746
0.224057 0.726512
0.224563 0.229627
0.224636 0.465059
0.225063 0.63136
0.225674 0.894735
0.225685 0.0827323
0.227047 0.984176
0.22751 0.757952
0.227598 0.233356
0.227945 0.0668807
0.22807 0.168668
0.228286 0.799211
0.229206 0.262285
0.229915 0.186455
0.231047 0.212257
0.23251 0.790751
0.233276 0.67164
0.234298 0.848994
0.234905 0.0433488
0.235342 0.401232
0.237423 0.36214
0.237773 0.245668
0.23782 0.0426971
0.237906 0.48642
0.238982 0.565153
0.239691 0.493964
0.239776 0.910271
0.240032 0.213255
0.240522 0.448216
0.240909 0.957877
0.241653 0.467882
0.241759 0.249821
0.241838 0.567962
0.242168 0.120669
0.242707 0.177132
0.243169 0.944905
0.244529 0.797653
0.245172 0.601698
0.245214 0.317529
0.248279 0.81759
0.248394 0.763867
0.249011 0.121714
0.249695 0.617336
0.250423 0.863209
0.251653 0.530099
0.252678 0.754654
0.252699 0.117821
0.253246 0.302981
0.255136 0.0736105
0.25559 0.702583
0.256327 0.0958892
0.256368 0.772988
0.256834 0.615119
0.257202 0.792206
0.25844 0.603634
0.258575 0.867325
0.258664 0.369628
0.258757 0.930667
0.25885 0.493617
0.259149 0.50938
0.259456 0.683722
0.259807 0.570592
0.260177 0.790802
0.260778 0.894324
0.261266 0.105218
0.261817 0.35324
0.262042 0.133619
0.262225 0.214571
0.26232 0.81889
0.263058 0.217557
0.263199 0.58944
0.26374 0.67177
0.264634 0.700958
0.264842 0.194164
0.26496 0.180794
0.265079 0.175289
0.26512 0.870232
0.265151 0.385966
0.265278 0.533952
0.266752 0.292843
0.266973 0.0110811
0.268305 0.396955
0.268625 0.772371
0.268808 0.861862
0.268873 0.95537
0.269026 0.526551
0.269063 0.140013
0.269226 0.878969
0.269486 0.258855
0.270144 0.307184
0.270207 0.372549
0.271472 0.623482
0.271497 0.0478116
0.271534 0.671346
0.271597 0.724689
0.272828 0.415911
0.272907 0.743913
0.273657 0.355348
0.276045 0.485722
0.277147 0.0125379
0.277682 0.00868331
0.278646 0.199688
0.279615 0.484093
0.27965 0.0857295
0.280123 0.0282577
0.280167 0.770127
0.281713 0.74425
0.281874 0.458975
0.281885 0.637706
0.282492 0.835739
0.282744 0.0829998
0.283251 0.605517
0.283504 0.854711
0.283619 0.790649
0.284136 0.468371
0.284487 0.372561
0.285329 0.529547
0.286256 0.106785
0.286963 0.986031
0.287692 0.247275
0.287962 0.776732
0.288017 0.70627
0.288179 0.422137
0.288508 0.956085
0.288972 0.751054
0.289109 0.0624239
0.289169 0.0660227
0.28947 0.114767
0.289897 0.293136
0.29004 0.69634
0.290991 0.687326
0.291401 0.573694
0.291529 0.729209
0.292145 0.0885357
0.292217 0.286127
0.29243 0.870424
0.292452 0.245033
0.292669 0.883676
0.292943 0.494324
0.292974 0.00734996
0.295185 0.17059
0.295455 0.714377
0.295487 0.256948
0.295744 0.568604
0.296371 0.105159
0.298806 0.0276317
0.298981 0.977797
0.29915 0.810685
0.300337 0.759771
0.301081 0.26134
0.301372 0.153963
0.301845 0.10852
0.302498 0.0783038
0.302863 0.223796
0.303722 0.65541
0.304267 0.816723
0.304743 0.81384
0.304969 0.606295
0.306645 0.786836
0.30737 0.959055
0.308289 0.416893
0.308516 0.233446
0.309022 0.735168
0.309103 0.0946709
0.309437 0.705019
0.310153 0.749763
0.310189 0.344027
0.310813 0.829898
0.310973 0.520956
0.31125 0.171846
0.311474 0.946825
0.311779 0.0731907
0.313233 0.507624
0.313324 0.0369437
0.313646 0.446225
0.313995 0.310578
0.314045 0.152672
0.314064 0.469797
0.314177 0.375111
0.315189 0.381631
0.317118 0.794821
0.317775 0.852236
0.317955 0.865193
0.31818 0.647333
0.318456 0.290608
0.318606 0.808265
0.319205 0.883643
0.319873 0.109083
0.319927 0.0138502
0.319993 0.122455
0.320399 0.953788
0.323041 0.349275
0.3244 0.1868
0.325447 0.793705
0.325666 0.468889
0.326546 0.263263
0.327095 0.488455
0.327636 0.581968
0.327655 0.898193
0.328494 0.992991
0.328712 0.670969
0.328764 0.533287
0.329391 0.0766191
0.330282 0.0440181
0.331195 0.388758
0.332762 0.73893
0.333076 0.00581028
0.333442 0.153963
0.333833 0.73324
0.33402 0.871254
0.335628 0.896951
0.335886 0.235601
0.335995 0.0723323
0.337569 0.525946
0.337748 0.524345
0.337936 0.69534
0.337951 0.946949
0.338221 0.473221
0.338493 0.0582442
0.338541 0.863656
0.338878 0.517222
0.339222 0.3103
0.339256 0.879003
0.339722 0.714576
0.340194 0.639041
0.340283 0.135881
0.340494 0.681469
0.341369 0.385018
0.341942 0.0190201
0.342144 0.415829
0.342709 0.916869
0.342711 0.949395
0.344185 0.721474
0.344933 0.29708
0.345288 0.261031
0.347104 0.778855
0.347846 0.246371
0.34815 0.358696
0.348372 0.0857538
0.348468 0.700271
0.349261 0.0299398
0.350583 0.251264
0.350608 0.664958
0.350868 0.0410567
0.351468 0.121859
0.351795 0.624641
0.351862 0.745229
0.352241 0.118914
0.352423 0.175918
0.352754 0.72911
0.353088 0.345352
0.354076 0.9592
0.354551 0.93877
0.35501 0.64628
0.355132 0.706541
0.35617 0.14924
0.35625 0.4981
0.356488 0.502407
0.356888 0.220069
0.35702 0.443141
0.358787 0.131503
0.358857 0.313558
0.359734 0.0418539
0.359915 0.0970649
0.360171 0.401584
0.360257 0.832886
0.360598 0.576603
0.360758 0.262574
0.361484 0.456746
0.361735 0.681459
0.362145 0.567224
0.362544 0.275675
0.363112 0.824988
0.364759 0.505502
0.365294 0.49217
0.365325 0.00926596
0.366255 0.65399
0.367785 0.362596
0.367807 0.729833
0.368588 0.854075
0.369536 0.796937
0.370027 0.0371096
0.370326 0.065904
0.370647 0.470004
0.370823 0.429233
0.371098 0.0469549
0.371179 0.400392
0.371205 0.838223
0.371608 0.620555
0.371692 0.0349125
0.37202 0.536005
0.372107 0.994198
0.374178 0.816681
0.375909 0.895048
0.376429 0.639278
0.37656 0.851871
0.376672 0.732649
0.376967 0.679313
0.377168 0.0590997
0.378739 0.471304
0.37916 0.547476
0.380311 0.88152
0.380422 0.748649
0.381711 0.424029
0.381734 0.804532
0.38229 0.15183
0.382293 0.201598
0.382302 0.356177
0.382631 0.871075
0.382932 0.935072
0.383038 0.721465
0.383349 0.952383
0.384342 0.644455
0.384518 0.600968
0.385252 0.927148
0.385951 0.686706
0.387674 0.642104
0.38773 0.575078
0.388286 0.920146
0.388389 0.661325
0.38902 0.254379
0.38903 0.42778
0.389093 0.488832
0.389382 0.348491
0.389521 0.671514
0.389825 0.783682
0.390098 0.376603
0.390332 0.313306
0.390795 0.0975066
0.390997 0.483186
0.39145 0.105326
0.392156 0.960343
0.3922 0.702861
0.393249 0.336939
0.39415 0.486466
0.394946 0.864251
0.395326 0.244323
0.397845 0.587195
0.398157 0.817198
0.400015 0.0548673
0.400293 0.72458
0.401726 0.807344
0.402705 0.26
0.402719 0.496434
0.40305 0.0536964
0.404166 0.814208
0.405932 0.498813
0.406218 0.298553
0.406774 0.651792
0.406964 0.839558
0.407031 0.976416
0.40716 0.137621
0.407895 0.483414
0.408154 0.841293
0.408491 0.502152
0.408619 0.656478
0.408801 0.723491
0.410062 0.912502
0.410559 0.271706
0.411861 0.148881
0.411946 0.579909
0.413162 0.0162419
0.413174 0.217333
0.413631 0.893162
0.414017 0.377324
0.414563 0.567376
0.41564 0.668664
0.41589 0.859458
0.416049 0.539434
0.416852 0.0245499
0.417202 0.908422
0.417404 0.307093
0.41756 0.925781
0.418897 0.402902
0.42013 0.117251
0.420315 0.234674
0.421011 0.937827
0.421353 0.68473
0.42152 0.491282
0.421905 0.950604
0.424519 0.885477
0.424896 0.22601
0.425452 0.571047
0.425671 0.246091
0.426318 0.134574
0.426681 0.219482
0.426684 0.280481
0.427385 0.066242
0.427887 0.49046
0.428811 0.0221948
0.429404 0.999712
0.429594 0.178087
0.430099 0.673266
0.430736 0.376249
0.431917 0.221245
0.433156 0.0458749
0.433291 0.315686
0.433948 0.367091
0.43447 0.1357
0.434532 0.182516
0.434588 0.120632
0.435726 0.253186
0.43576 0.817592
0.436917 0.255773
0.437212 0.224117
0.438139 0.797958
0.438405 0.270908
0.439821 0.0665373
0.440409 0.961948
0.440675 0.416718
0.440699 0.820449
0.440831 0.0391069
0.441298 0.897682
0.441648 0.776741
0.442341 0.426831
0.443589 0.400953
0.444576 0.981782
0.445632 0.73205
0.445741 0.575997
0.447076 0.00744361
0.448649 0.441405
0.450325 0.617336
0.450882 0.980773
0.451511 0.540556
0.451776 0.993612
0.452161 0.475967
0.452203 0.178391
0.452692 0.391093
0.452834 0.780335
0.453426 0.725287
0.453755 0.252347
0.453788 0.810766
0.453851 0.880185
0.454462 0.142034
0.455478 0.218405
0.455875 0.8895
0.45705 0.644243
0.457131 0.00489599
0.45747 0.696858
0.457653 0.769443
0.457785 0.990857
0.458138 0.918016
0.458166 0.403204
0.459523 0.199321
0.461183 0.0949503
0.461482 0.121154
0.461933 0.699717
0.462264 0.278549
0.462842 0.989547
0.463144 0.0680232
0.463549 0.869537
0.463601 0.739571
0.463634 0.304025
0.463933 0.321259
0.464181 0.496048
0.465106 0.0359462
0.465149 0.761975
0.465993 0.940249
0.466654 0.0492715
0.466896 0.124548
0.467442 0.294243
0.468309 0.871028
0.468736 0.0498592
0.469832 0.460782
0.47065 0.208692
0.472006 0.00900339
0.472793 0.229197
0.473641 0.484208
0.473713 0.697358
0.473962 0.873532
0.474189 0.695524
0.474329 0.0531161
0.474484 0.658475
0.474877 0.263563
0.475386 0.806483
0.475576 0.998562
0.475933 0.00679528
0.476455 0.772587
0.476959 0.248107
0.476974 0.508772
0.477344 0.721798
0.478367 0.921074
0.479515 0.210233
0.479972 0.896362
0.480727 0.580449
0.481087 0.634826
0.481123 0.230992
0.481236 0.134561
0.48146 0.901423
0.482138 0.289151
0.482296 0.944176
0.483222 0.515027
0.483938 0.543507
0.484153 0.16458
0.484833 0.581438
0.485696 0.0926688
0.487565 0.49999
0.487951 0.99824
0.489439 0.00888255
0.490442 0.852137
0.490733 0.74217
0.490906 0.662462
0.491005 0.316675
0.491382 0.653788
0.491469 0.126593
0.491688 0.800565
0.492061 0.0745112
0.492738 0.451845
0.494489 0.876356
0.494615 0.996997
0.494844 0.842624
0.495267 0.955182
0.495952 0.467669
0.496914 0.640078
0.496953 0.293799
0.497397 0.748635
0.497986 0.651074
0.499286 0.502704
0.499586 0.546823
0.499958 0.79063
0.500242 0.565333
0.500364 0.617078
0.50099 0.134858
0.501354 0.255431
0.502631 0.719178
0.503042 0.625847
0.503633 0.555271
0.503698 0.650079
0.504513 0.351727
0.506883 0.178774
0.50832 0.329525
0.508541 0.0422059
0.50973 0.0337583
0.509928 0.360497
0.510086 0.0212361
0.512354 0.141094
0.512943 0.0318557
0.51298 0.654334
0.513432 0.24779
0.514522 0.57379
0.515935 0.31699
0.516678 0.80318
0.518938 0.792173
0.519464 0.632323
0.519855 0.197504
0.520378 0.988959
0.52061 0.89841
0.521269 0.975008
0.5224 0.979162
0.522523 0.0394068
0.52346 0.786124
0.523551 0.323192
0.523583 0.854524
0.524024 0.265673
0.524646 0.721022
0.525123 0.739106
0.525373 0.950905
0.525383 0.110798
0.525627 0.210485
0.52601 0.645216
0.526065 0.580765
0.526985 0.0419531
0.529646 0.757703
0.52973 0.171794
0.530596 0.733451
0.530833 0.714255
0.53154 0.589879
0.531602 0.634229
0.532343 0.0836114
0.532435 0.632395
0.532934 0.0276553
0.533381 0.531476
0.533822 0.94484
0.535497 0.0980358
0.536617 0.922207
0.537617 0.735925
0.537782 0.495127
0.538515 0.828311
0.538751 0.788923
0.54117 0.449588
0.541403 0.360621
0.54187 0.215877
0.542653 0.364475
0.542668 0.612618
0.54311 0.0547044
0.543119 0.194601
0.543315 0.496491
0.546092 0.173591
0.546744 0.11952
0.547039 0.0914637
0.548373 0.501294
0.549112 0.926367
0.549229 0.88519
0.551241 0.700928
0.551268 0.164554
0.551884 0.509942
0.552109 0.293953
0.552422 0.560544
0.552621 0.900118
0.552968 0.733604
0.553234 0.206984
0.553459 0.991746
0.553876 0.996096
0.554442 0.506364
0.554482 0.186217
0.554892 0.0668242
0.555341 0.615522
0.555359 0.91902
0.556014 0.922864
0.557078 0.817709
0.557284 0.268073
0.557852 0.821065
0.559025 0.533811
0.559198 0.43863
0.559593 0.0835779
0.559618 0.499784
0.560082 0.297039
0.560395 0.563466
0.561359 0.76182
0.562336 0.174812
0.563813 0.00302119
0.564916 0.535598
0.564944 0.0158
0.565278 0.623315
0.56594 0.758047
0.566544 0.905053
0.566773 0.747033
0.566879 0.533057
0.567237 0.554321
0.56791 0.861132
0.568177 0.351456
0.568558 0.761777
0.56857 0.956732
0.568843 0.5488
0.569131 0.389221
0.569331 0.749942
0.569524 0.994857
0.569887 0.0830363
0.569972 0.519825
0.569998 0.963196
0.570446 0.479125
0.570809 0.591973
0.572011 0.780758
0.572946 0.500701
0.573021 0.766413
0.573609 0.644629
0.574087 0.683892
0.574912 0.543906
0.57532 0.404204
0.575345 0.820575
0.576259 0.184004
0.577252 0.873713
0.577932 0.303601
0.578405 0.248117
0.579328 0.76884
0.580282 0.791766
0.580455 0.703105
0.580927 0.636296
0.581118 0.848348
0.581145 0.301792
0.58145 0.42185
0.581802 0.352892
0.583417 0.482367
0.583437 0.832691
0.584003 0.331672
0.584651 0.230001
0.585347 0.935182
0.586675 0.248536
0.587153 0.278532
0.588113 0.420583
0.588169 0.357931
0.589416 0.322168
0.590864 0.657058
0.59165 0.854046
0.591702 0.731476
0.592687 0.285539
0.593551 0.807312
0.594586 0.21502
0.595405 0.976266
0.595612 0.455627
0.596619 0.378898
0.59679 0.247912
0.598075 0.844301
0.599293 0.320204
0.599484 0.524781
0.599649 0.295887
0.600266 0.672768
0.601043 0.726644
0.601346 0.816445
0.601829 0.943166
0.602121 0.847741
0.602391 0.380719
0.603829 0.548602
0.604252 0.663821
0.604341 0.156458
0.605117 0.193389
0.60564 0.987716
0.606679 0.461369
0.608824 0.509892
0.608904 0.856043
0.609418 0.481993
0.609451 0.0421654
0.610242 0.334729
0.61038 0.653291
0.610765 0.131365
0.610895 0.31543
0.611228 0.915581
0.611242 0.149911
0.611266 0.549282
0.611929 0.689853
0.612095 0.478232
0.612977 0.31079
0.61373 0.9567
0.6146 0.581907
0.616867 0.68583
0.616987 0.694804
0.617006 0.013134
0.618613 0.0220204
0.618632 0.346963
0.621948 0.0738509
0.622689 0.52832
0.623347 0.590478
0.623506 0.270822
0.623801 0.22961
0.624334 0.186255
0.624707 0.45574
0.624915 0.941832
0.625819 0.139319
0.627241 0.0333885
0.627962 0.150111
0.62837 0.014181
0.628917 0.21436
0.629072 0.812049
0.629233 0.52326
0.630474 0.371988
0.631267 0.705069
0.631277 0.879299
0.631694 0.881755
0.632077 0.313074
0.632458 0.728255
0.632725 0.216427
0.633176 0.78124
0.633215 0.451998
0.633637 0.538283
0.633836 0.875814
0.634008 0.774122
0.634077 0.928144
0.635124 0.527175
0.635395 0.092101
0.636003 0.30927
0.636228 0.0846005
0.636305 0.385406
0.637635 0.72346
0.63833 0.4047
0.638467 0.714966
0.638516 0.546854
0.638542 0.979715
0.640018 0.776752
0.64018 0.507333
0.640392 0.0613576
0.640483 0.590325
0.641539 0.35155
0.642389 0.626386
0.643233 0.810396
0.644407 0.551857
0.645202 0.91417
0.645984 0.0461286
0.647539 0.187814
0.64759 0.0455842
0.647694 0.788838
0.648213 0.512977
0.648237 0.915855
0.64897 0.246527
0.649082 0.113515
0.649542 0.849107
0.64961 0.991749
0.650538 0.594023
0.650702 0.342816
0.650937 0.301933
0.651882 0.189048
0.652844 0.346705
0.652845 0.360526
0.653323 0.394067
0.653374 0.252338
0.654012 0.984568
0.654295 0.738289
0.655548 0.798712
0.655625 0.0820412
0.656266 0.869705
0.656531 0.315302
0.656536 0.407622
0.656582 0.173894
0.656903 0.574668
0.656915 0.772385
0.656976 0.79303
0.657031 0.722427
0.660633 0.265005
0.660768 0.532038
0.662068 0.36969
0.662282 0.973388
0.662312 0.479755
0.662749 0.816905
0.662753 0.887241
0.663159 0.705417
0.663877 0.777013
0.66401 0.0085219
0.664135 0.116578
0.664731 0.138228
0.664951 0.827399
0.665018 0.954756
0.665067 0.779866
0.665208 0.144048
0.665852 0.973818
0.665901 0.803507
0.666071 0.653151
0.666148 0.955912
0.666194 0.729197
0.666562 0.914228
0.66694 0.262149
0.666993 0.151232
0.668248 0.238101
0.668263 0.49479
0.669098 0.528894
0.670251 0.912283
0.670463 0.470346
0.672272 0.873036
0.672991 0.96419
0.673417 0.117327
0.673457 0.789604
0.673541 0.212109
0.674166 0.700861
0.675643 0.526996
0.676705 0.375759
0.677084 0.748216
0.678275 0.769735
0.679233 0.862152
0.680552 0.0365097
0.681363 0.659808
0.682269 0.887473
0.683246 0.307556
0.683392 0.771712
0.683891 0.153096
0.685112 0.679103
0.685276 0.429234
0.686312 0.849042
0.686768 0.516512
0.686783 0.765007
0.687082 0.788104
0.687789 0.67675
0.687985 0.972184
0.688337 0.883245
0.689292 0.925228
0.690008 0.966958
0.69032 0.201664
0.69071 0.762729
0.691109 0.476047
0.691164 0.391584
0.692344 0.233621
0.692575 0.104348
0.69262 0.86965
0.692717 0.496869
0.692845 0.643353
0.693049 0.0776104
0.693462 0.0233409
0.693695 0.937942
0.693889 0.18857
0.694539 0.116122
0.695287 0.684105
0.695419 0.912992
0.697936 0.212844
0.698198 0.617931
0.699044 0.829984
0.69953 0.000102784
0.699835 0.133935
0.700166 0.687949
0.700201 0.271295
0.700283 0.653589
0.700337 0.558356
0.700999 0.691766
0.701109 0.54037
0.701905 0.914907
0.702039 0.166092
0.702357 0.519414
0.702703 0.334007
0.702761 0.299695
0.703541 0.416909
0.703915 0.694644
0.704336 0.772929
0.704531 0.0485936
0.704609 0.370053
0.704773 0.11422
0.704914 0.485962
0.704963 0.316027
0.705004 0.00998339
0.706055 0.667533
0.706293 0.663841
0.708266 0.828362
0.708997 0.108773
0.709333 0.767191
0.7096 0.245737
0.709661 0.27395
0.710684 0.46666
0.712726 0.792372
0.713945 0.281352
0.714859 0.628088
0.715869 0.609728
0.715896 0.0653794
0.716115 0.743734
0.716389 0.350883
0.719679 0.647054
0.72036 0.0927196
0.720834 0.0625305
0.720925 0.583225
0.721776 0.894172
0.721842 0.999279
0.722104 0.397769
0.722107 0.450487
0.7236 0.541741
0.723609 0.696226
0.724639 0.0140008
0.724948 0.209019
0.725211 0.628813
0.725702 0.877642
0.726253 0.133881
0.726402 0.645081
0.72688 0.670717
0.727062 0.735923
0.727315 0.975263
0.727491 0.941363
0.727731 0.971818
0.727817 0.412903
0.727885 0.564186
0.727887 0.590342
0.729358 0.320087
0.729436 0.633509
0.72965 0.229718
0.729813 0.968211
0.729978 0.741368
0.73004 0.790688
0.730549 0.334172
0.730817 0.833168
0.731852 0.237855
0.73199 0.555274
0.733009 0.677367
0.733058 0.508316
0.733083 0.927739
0.733149 0.0294803
0.733378 0.885188
0.734565 0.835644
0.735035 0.738446
0.736491 0.21
0.737645 0.598241
0.738336 0.21424
0.738349 0.440265
0.739927 0.955856
0.740283 0.943271
0.74045 0.736886
0.740466 0.00490745
0.741028 0.455061
0.741092 0.52725
0.741125 0.0907247
0.741267 0.480131
0.74176 0.758027
0.742978 0.231785
0.74334 0.31145
0.743481 0.690189
0.744156 0.0227401
0.744384 0.86544
0.744561 0.833051
0.744579 0.137035
0.7457 0.973924
0.745893 0.223605
0.746581 0.780483
0.746894 0.0477081
0.74745 0.394608
0.747949 0.780539
0.748808 0.222413
0.750388 0.774576
0.75045 0.819091
0.750893 0.265968
0.752241 0.910643
0.753148 0.166671
0.75374 0.111928
0.754266 0.94217
0.75431 0.695364
0.755169 0.125906
0.75519 0.47648
0.756466 0.929098
0.756503 0.543672
0.757806 0.441047
0.758513 0.321334
0.758549 0.938991
0.758831 0.666705
0.759015 0.771825
0.75952 0.259961
0.759642 0.304271
0.760505 0.808647
0.760766 0.193448
0.761688 0.68289
0.761744 0.629998
0.761774 0.133695
0.762276 0.570834
0.762583 0.732818
0.763181 0.784114
0.763337 0.397644
0.764874 0.238695
0.76606 0.171143
0.766136 0.442294
0.767254 0.234205
0.771216 0.833234
0.771276 0.827942
0.773159 0.482984
0.773228 0.634775
0.773458 0.507568
0.774021 0.968928
0.77429 0.48526
0.775093 0.992016
0.776652 0.182327
0.776701 0.0180654
0.776957 0.308708
0.777163 0.776424
0.777829 0.973555
0.778044 0.580745
0.778084 0.256786
0.779606 0.84197
0.780272 0.0304927
0.780671 0.741479
0.781008 0.399553
0.782223 0.819505
0.782307 0.240938
0.782534 0.0555809
0.782815 0.773402
0.78314 0.226801
0.783244 0.986724
0.784326 0.167153
0.784433 0.959885
0.784452 0.277698
0.784662 0.820891
0.784805 0.222741
0.786574 0.951768
0.786812 0.945721
0.787042 0.818232
0.787201 0.4888
0.787883 0.957578
0.78814 0.266323
0.788205 0.355401
0.788384 0.366933
0.788473 0.862427
0.789418 0.756374
0.790099 0.197548
0.79059 0.44075
0.790791 0.817585
0.792581 0.911407
0.792674 0.465654
0.792699 0.884004
0.793671 0.226301
0.794686 0.284608
0.794981 0.238583
0.794995 0.486898
0.795168 0.39099
0.795333 0.162346
0.795408 0.425592
0.795804 0.0822247
0.797028 0.656043
0.799263 0.20647
0.799431 0.0421045
0.799509 0.348944
0.800151 0.133164
0.800739 0.0284497
0.801204 0.833977
0.801605 0.570853
0.801837 0.469551
0.802302 0.294473
0.803782 0.167997
0.807086 0.688433
0.808442 0.481348
0.809652 0.818294
0.810286 0.480963
0.811385 0.955757
0.811746 0.00753594
0.812628 0.836486
0.813087 0.548732
0.813307 0.246253
0.81343 0.320327
0.813773 0.0792119
0.813785 0.285718
0.814455 0.539396
0.815923 0.222301
0.81795 0.282605
0.817964 0.528737
0.818889 0.0664744
0.820725 0.925128
0.823372 0.420096
0.824809 0.563075
0.827181 0.438184
0.827962 0.564696
0.828099 0.855709
0.828318 0.547008
0.82988 0.785256
0.830236 0.770581
0.831135 0.882228
0.831736 0.987088
0.831831 0.580685
0.832212 0.990537
0.832227 0.230978
0.832811 0.0478908
0.832861 0.891174
0.833771 0.18325
0.834392 0.632549
0.835789 0.105951
0.836169 0.486297
0.836422 0.750369
0.837154 0.04799
0.838175 0.205552
0.838534 0.235965
0.83858 0.016465
0.839022 0.450819
0.84007 0.0643764
0.840724 0.043708
0.841308 0.86091
0.841439 0.0676252
0.841927 0.268291
0.842095 0.0891645
0.844521 0.866168
0.845214 0.510882
0.845626 0.42915
0.846521 0.486701
0.847056 0.473791
0.847437 0.866385
0.847561 0.96271
0.847762 0.329825
0.848182 0.403603
0.849434 0.436642
0.849917 0.560076
0.850115 0.878997
0.850356 0.932086
0.850889 0.890265
0.850985 0.508015
0.853384 0.826683
0.85353 0.27629
0.854201 0.553838
0.855156 0.610002
0.855346 0.799874
0.855402 0.736439
0.856355 0.761173
0.856486 0.95953
0.857989 0.215372
0.858243 0.497719
0.85838 0.796793
0.858818 0.160937
0.860459 0.728031
0.862526 0.47949
0.863408 0.303001
0.864404 0.0417737
0.864874 0.937242
0.865238 0.0546218
0.865859 0.487751
0.866072 0.0794207
0.86625 0.059796
0.866339 0.558413
0.866454 0.491761
0.866541 0.959815
0.867439 0.0546355
0.867759 0.433597
0.86779 0.946553
0.87069 0.684673
0.870785 0.280798
0.870801 0.551826
0.87166 0.98484
0.871811 0.532214
0.872582 0.48635
0.872602 0.824378
0.872623 0.168645
0.873646 0.36915
0.874681 0.768115
0.874814 0.99118
0.87501 0.297046
0.875138 0.442137
0.875383 0.554095
0.876518 0.644222
0.877507 0.260316
0.877688 0.301878
0.878792 0.855703
0.878808 0.130088
0.879241 0.40829
0.87956 0.76825
0.880288 0.00494238
0.881091 0.494965
0.881137 0.270113
0.881872 0.620749
0.882483 0.893438
0.882514 0.412867
0.883036 0.190907
0.883762 0.38799
0.884552 0.666991
0.885072 0.401579
0.88534 0.913567
0.885357 0.200114
0.885933 0.873991
0.887512 0.41627
0.88764 0.565719
0.887799 0.243457
0.888123 0.691165
0.889362 0.511577
0.892407 0.677953
0.892817 0.57599
0.893487 0.837454
0.893904 0.837516
0.89441 0.353419
0.894426 0.626012
0.894676 0.82338
0.895631 0.87304
0.896242 0.136651
0.896356 0.050057
0.896789 0.33636
0.897154 0.470997
0.89804 0.352689
0.898082 0.0559746
0.89854 0.769801
0.898971 0.00401116
0.899808 0.078124
0.899916 0.890508
0.899969 0.773549
0.900403 0.0718028
0.900443 0.746929
0.901123 0.18048
0.901185 0.221261
0.901486 0.275249
0.901937 0.856849
0.90287 0.541135
0.903167 0.524036
0.903324 0.174616
0.904356 0.516089
0.904409 0.405
0.906263 0.5564
0.906485 0.29328
0.90686 0.594266
0.908194 0.0181835
0.908284 0.537579
0.908583 0.55393
0.908787 0.974859
0.909823 0.395864
0.910547 0.555475
0.911392 0.764804
0.911864 0.695358
0.91188 0.967723
0.912998 0.764064
0.913512 0.403914
0.913872 0.445456
0.914464 0.391957
0.914479 0.645141
0.91451 0.165398
0.915934 0.103648
0.916044 0.946601
0.916336 0.852694
0.916754 0.892889
0.91841 0.712141
0.918633 0.456378
0.919261 0.0152769
0.919373 0.90821
0.919689 0.220115
0.920047 0.237904
0.920268 0.952612
0.920308 0.609198
0.920999 0.223498
0.923822 0.679581
0.92398 0.335686
0.924144 0.091734
0.924812 0.316782
0.924877 0.409563
0.925148 0.97099
0.926166 0.0803878
0.927151 0.626389
0.927826 0.973114
0.929055 0.622355
0.929205 0.143033
0.929867 0.279033
0.930254 0.782253
0.930458 0.206344
0.930761 0.304394
0.93093 0.140702
0.931108 0.128262
0.931416 0.306861
0.932075 0.38464
0.932314 0.399795
0.933761 0.72145
0.933873 0.605633
0.934088 0.225023
0.934552 0.0147184
0.934868 0.332353
0.934936 0.466355
0.936018 0.647629
0.937417 0.162683
0.937441 0.579249
0.938879 0.746412
0.939065 0.859492
0.939617 0.141331
0.940397 0.256095
0.941152 0.939971
0.941612 0.675844
0.941773 0.378587
0.944183 0.882348
0.944253 0.0590665
0.947063 0.286431
0.947505 0.722178
0.947737 0.612494
0.948263 0.459962
0.948547 0.22475
0.948712 0.0044411
0.948817 0.765296
0.949577 0.544434
0.950145 0.0891846
0.950372 0.896463
0.950676 0.00348966
0.950703 0.463305
0.950864 0.179775
0.951095 0.0560893
0.951142 0.842945
0.951415 0.435317
0.952379 0.63389
0.953159 0.737322
0.953259 0.429547
0.953447 0.577744
0.95353 0.976011
0.955607 0.880811
0.955762 0.489434
0.956314 0.762265
0.957151 0.833662
0.957189 0.471261
0.957439 0.677089
0.958265 0.555136
0.958462 0.879284
0.958671 0.381201
0.958701 0.892709
0.958748 0.674219
0.959318 0.255699
0.959514 0.557018
0.960739 0.133787
0.963959 0.253428
0.964032 0.493203
0.965538 0.789664
0.967378 0.727529
0.967568 0.915068
0.969625 0.479257
0.971536 0.597706
0.972492 0.676144
0.972769 0.323677
0.972927 0.977677
0.973417 0.221928
0.97385 0.49862
0.974002 0.0469718
0.975539 0.887092
0.97572 0.932989
0.976308 0.816684
0.976884 0.488887
0.976949 0.575711
0.977068 0.585625
0.978138 0.563499
0.978514 0.876656
0.9793 0.0905176
0.979572 0.660546
0.981626 0.186018
0.981637 0.375996
0.98209 0.979329
0.98247 0.372173
0.984164 0.845984
0.984833 0.0824275
0.985007 0.015062
0.985424 0.0188251
0.986098 0.351165
0.986859 0.140791
0.987842 0.65965
0.988077 0.611043
0.98816 0.00531864
0.988234 0.248248
0.988418 0.337081
0.989953 0.147836
0.990304 0.0472204
0.990414 0.895034
0.991551 0.994052
0.991801 0.193869
0.992124 0.635192
0.992736 0.913922
0.992873 0.22357
0.993071 0.547445
0.993148 0.84004
0.993156 0.96858
0.993402 0.112987
0.994006 0.2537
0.994088 0.631501
0.994446 0.659989
0.995286 0.767465
0.996236 0.735904
0.997047 0.373439
0.997195 0.849937
