0.000803011 0.496222
0.00239016 0.171454
0.0033254 0.890028
0.00381834 0.174913
0.0049515 0.219811
0.00520963 0.558257
0.00602705 0.296619
0.00614588 0.293869
0.0110889 0.370693
0.0117706 0.828928
0.0128309 0.649281
0.0134003 0.219115
0.014707 0.181347
0.0161908 0.11904
0.0177439 0.222048
0.0179294 0.338664
0.018533 0.484668
0.0205795 0.880394
0.0215612 0.378631
0.0230701 0.738713
0.0242454 0.492477
0.0242985 0.385536
0.0252221 0.908263
0.0253454 0.980098
0.0254757 0.169416
0.0257272 0.397627
0.0261156 0.924467
0.026897 0.0584922
0.0271134 0.695719
0.0271911 0.000601739
0.0284559 0.258163
0.0285501 0.841884
0.0285643 0.0804708
0.0289507 0.573798
0.0296019 0.519304
0.0299056 0.623153
0.0301019 0.922007
0.0311221 0.0685805
0.0313843 0.476728
0.0327101 0.759482
0.0341904 0.638664
0.0361277 0.199084
0.0372768 0.511793
0.0372885 0.708485
0.0378748 0.562181
0.0379287 0.468193
0.0383645 0.791843
0.0383763 0.991134
0.0386385 0.397849
0.0388545 0.0276804
0.0391006 0.164347
0.0396157 0.820969
0.0397963 0.857115
0.0437167 0.746183
0.0440958 0.117614
0.0459369 0.0610592
0.0460683 0.270248
0.0471601 0.620188
0.0477852 0.125367
0.0483536 0.678773
0.0488596 0.183861
0.0494252 0.688884
0.050271 0.904991
0.0505448 0.507014
0.0518934 0.17268
0.0534678 0.633447
0.0559126 0.723411
0.0562354 0.148752
0.0565448 0.348005
0.0569133 0.541794
0.057434 0.292457
0.0578239 0.846627
0.0613075 0.395609
0.0614228 0.332588
0.0615337 0.19618
0.0616196 0.640615
0.0624043 0.829315
0.0627956 0.405429
0.0636908 0.45153
0.0638923 0.837695
0.0639125 0.178079
0.0654813 0.544272
0.0669842 0.802963
0.0676524 0.0336389
0.0695899 0.596712
0.0701973 0.80578
0.0709839 0.0261533
0.0713954 0.941705
0.0715685 0.85205
0.0723393 0.807039
0.0724246 0.24083
0.0732174 0.56524
0.0744259 0.876116
0.0749798 0.185277
0.0749952 0.444721
0.0750938 0.101806
0.0765302 0.243533
0.0767796 0.434969
0.077801 0.601053
0.0778969 0.21262
0.0784214 0.0286257
0.0785523 0.228078
0.0787734 0.943843
0.0806064 0.752056
0.0813779 0.719066
0.0816733 0.68251
0.0835624 0.432439
0.0845353 0.784534
0.0857792 0.690558
0.0860389 0.0554655
0.0864865 0.578195
0.0867336 0.732361
0.0882772 0.674529
0.0893648 0.954064
0.0896461 0.681903
0.0898711 0.464051
0.0900756 0.899889
0.0916934 0.0911692
0.0949248 0.400983
0.0950907 0.18998
0.0951783 0.662026
0.0957487 0.24882
0.0958734 0.34354
0.095905 0.874958
0.0961625 0.203488
0.0974262 0.441468
0.0978924 0.278286
0.0989577 0.18278
0.0990466 0.675887
0.100683 0.183078
0.102933 0.986852
0.104 0.920195
0.10436 0.97487
0.104452 0.517455
0.10586 0.191228
0.107624 0.830643
0.109371 0.20422
0.109597 0.999626
0.110582 0.54972
0.111526 0.411657
0.111542 0.692123
0.111771 0.542846
0.112587 0.254285
0.112839 0.490315
0.113438 0.549821
0.118156 0.85291
0.120611 0.100913
0.121004 0.707128
0.121159 0.327318
0.121287 0.477143
0.12176 0.414068
0.123201 0.634067
0.123488 0.461927
0.123898 0.361098
0.124662 0.188447
0.126433 0.966624
0.127517 0.178397
0.128403 0.0696536
0.129477 0.122802
0.13123 0.5834
0.13124 0.745179
0.131268 0.214386
0.131272 0.296375
0.133155 0.935858
0.133293 0.258184
0.134792 0.441179
0.135195 0.230468
0.13557 0.518862
0.135887 0.860335
0.136899 0.866308
0.136922 0.244666
0.138691 0.984172
0.139368 0.364183
0.139504 0.643613
0.139633 0.807847
0.140129 0.146804
0.140678 0.378101
0.144904 0.39672
0.146173 0.733688
0.146898 0.911119
0.147137 0.938897
0.14939 0.801095
0.151099 0.528222
0.151622 0.314902
0.152285 0.456232
0.152421 0.741587
0.154816 0.991735
0.156016 0.153605
0.156197 0.205623
0.156564 0.371667
0.157796 0.0694004
0.158639 0.240576
0.159635 0.992575
0.159795 0.667808
0.159894 0.34593
0.1611 0.607054
0.161134 0.186065
0.161717 0.984248
0.162157 0.377671
0.162345 0.526462
0.163568 0.0813875
0.165268 0.656956
0.165929 0.776458
0.166627 0.502332
0.166939 0.740709
0.167132 0.989427
0.167655 0.769909
0.167743 0.259267
0.168259 0.928207
0.170141 0.562188
0.1731 0.28834
0.173111 0.483929
0.173277 0.263464
0.173841 0.743115
0.174292 0.333722
0.174596 0.431295
0.175688 0.788827
0.175703 0.0360225
0.176742 0.500793
0.177536 0.848227
0.177847 0.0699101
0.178225 0.425626
0.1799 0.586875
0.18021 0.781518
0.180974 0.635962
0.183231 0.566985
0.184906 0.717097
0.184963 0.670349
0.18574 0.730156
0.185888 0.216688
0.186417 0.107592
0.186505 0.591855
0.187383 0.341571
0.187424 0.0385094
0.189717 0.572836
0.190977 0.752752
0.19187 0.754071
0.192233 0.864007
0.193988 0.362352
0.194848 0.811012
0.195077 0.66708
0.195976 0.762557
0.196358 0.18137
0.196401 0.906647
0.197263 0.400723
0.199093 0.163692
0.199374 0.873475
0.200855 0.771261
0.202194 0.280408
0.202929 0.631679
0.204063 0.683128
0.20496 0.766529
0.205415 0.411992
0.206507 0.768232
0.206678 0.630022
0.208712 0.814883
0.208938 0.622389
0.209223 0.407462
0.209321 0.0625669
0.209484 0.797734
0.210516 0.135396
0.212138 0.399094
0.212905 0.29342
0.213184 0.987113
0.213244 0.999548
0.213304 0.995273
0.213829 0.821446
0.214102 0.410062
0.214193 0.942801
0.214908 0.963964
0.214915 0.0691422
0.214928 0.30013
0.215176 0.466489
0.216584 0.125799
0.217939 0.907225
0.220526 0.377189
0.221921 0.822072
0.222745 0.680357
0.223154 0.550188
0.224598 0.810445
0.224924 0.298209
0.225086 0.019798
0.227313 0.451506
0.227934 0.883618
0.228422 0.0957573
0.228569 0.563466
0.228614 0.317208
0.229756 0.516709
0.23083 0.555003
0.231264 0.852036
0.231493 0.704002
0.231495 0.731066
0.232167 0.0376494
0.232874 0.909813
0.232895 0.267353
0.234013 0.0634355
0.234032 0.37786
0.234037 0.45167
0.235555 0.974055
0.235999 0.433767
0.236417 0.463827
0.236628 0.0127564
0.237048 0.0688387
0.237442 0.69098
0.238131 0.266579
0.240716 0.706192
0.241764 0.333211
0.241779 0.587779
0.242139 0.632397
0.242487 0.483227
0.243111 0.959315
0.243135 0.371013
0.2455 0.124031
0.246897 0.602184
0.24773 0.60575
0.249325 0.39736
0.249564 0.429341
0.252056 0.307281
0.252336 0.0155226
0.25344 0.567524
0.25378 0.280359
0.254356 0.957727
0.2555 0.183759
0.2584 0.928093
0.25936 0.0610885
0.259896 0.0761971
0.260415 0.791446
0.260429 0.0245155
0.262682 0.89695
0.263422 0.331619
0.263659 0.323654
0.264078 0.35218
0.264303 0.146333
0.265714 0.854409
0.267921 0.944911
0.269981 0.577715
0.270192 0.109004
0.271484 0.823375
0.273554 0.61737
0.274096 0.735654
0.274512 0.716986
0.27553 0.834242
0.275598 0.979615
0.276232 0.63762
0.276559 0.129117
0.276597 0.757473
0.277826 0.418227
0.278508 0.879412
0.278704 0.17631
0.280125 0.0651669
0.283088 0.857859
0.284372 0.446703
0.284408 0.0439797
0.286922 0.290987
0.287401 0.356984
0.288121 0.447073
0.288364 0.537846
0.288637 0.125147
0.288684 0.913975
0.289339 0.928118
0.2914 0.561305
0.293333 0.0456912
0.293967 0.695541
0.294042 0.956768
0.294099 0.928865
0.294167 0.0618107
0.294701 0.0448235
0.295331 0.627781
0.295721 0.178076
0.295859 0.49735
0.296878 0.623293
0.297738 0.0910882
0.297805 0.202018
0.299774 0.303498
0.300914 0.456705
0.301225 0.696397
0.30299 0.35476
0.303271 0.0683159
0.304332 0.903649
0.304491 0.577982
0.304685 0.838572
0.305278 0.803403
0.305335 0.766618
0.306451 0.517057
0.306459 0.657783
0.307193 0.000718456
0.3077 0.51879
0.308979 0.00961655
0.309202 0.754307
0.309295 0.314517
0.309609 0.605331
0.310686 0.693103
0.311083 0.375437
0.31163 0.56887
0.312024 0.193414
0.313368 0.780433
0.313674 0.914805
0.313925 0.129368
0.314511 0.988605
0.315421 0.280149
0.318738 0.0236283
0.319147 0.90728
0.320285 0.0348718
0.320965 0.453638
0.321467 0.900326
0.321802 0.527188
0.322356 0.83955
0.323887 0.575587
0.325542 0.392021
0.325989 0.897024
0.327563 0.34379
0.328276 0.337661
0.328849 0.961591
0.32919 0.695221
0.329598 0.555628
0.334918 0.967569
0.335733 0.671252
0.336069 0.311849
0.33609 0.660905
0.336111 0.0250897
0.33844 0.155997
0.340297 0.367495
0.340355 0.350823
0.341228 0.0194899
0.341467 0.0413436
0.342272 0.568237
0.343156 0.415884
0.343888 0.726654
0.344925 0.155477
0.347192 0.263603
0.34778 0.136717
0.347907 0.2679
0.348083 0.228584
0.348355 0.79873
0.348664 0.991972
0.350893 0.464025
0.351134 0.508184
0.351955 0.312404
0.353757 0.592698
0.354131 0.879479
0.354414 0.642373
0.355306 0.623601
0.355446 0.982735
0.355564 0.970593
0.355586 0.340812
0.357159 0.765295
0.357471 0.00697498
0.35865 0.822708
0.35996 0.843975
0.360422 0.62103
0.362758 0.875883
0.36286 0.584708
0.363016 0.217773
0.363891 0.914348
0.365527 0.414903
0.365724 0.719031
0.367409 0.0452915
0.368291 0.86082
0.369511 0.372442
0.369613 0.0926782
0.369631 0.382857
0.370473 0.545838
0.370582 0.36658
0.37108 0.740764
0.372165 0.969176
0.373558 0.395683
0.373689 0.596411
0.375369 0.834687
0.37585 0.913566
0.376651 0.380541
0.377594 0.224117
0.377736 0.603639
0.378195 0.325135
0.378285 0.83535
0.378383 0.480218
0.38088 0.453772
0.381306 0.614203
0.382362 0.359416
0.384416 0.876678
0.386854 0.854444
0.388021 0.471544
0.392481 0.422585
0.394157 0.590791
0.395382 0.187533
0.396616 0.925995
0.396671 0.845148
0.397201 0.762865
0.397561 0.815098
0.398189 0.361201
0.399013 0.204835
0.40072 0.894067
0.401423 0.711047
0.4022 0.77296
0.403808 0.804605
0.404599 0.0911817
0.405428 0.0343672
0.409255 0.342743
0.410537 0.900759
0.41085 0.15727
0.41178 0.792548
0.41181 0.288231
0.41185 0.96122
0.412385 0.949437
0.413529 0.177363
0.414849 0.367914
0.415509 0.463765
0.417941 0.331813
0.417986 0.0862826
0.418804 0.846652
0.419757 0.85693
0.419998 0.903101
0.420672 0.238673
0.421542 0.851765
0.421935 0.464327
0.422585 0.392114
0.42285 0.834517
0.422924 0.0849756
0.423837 0.43139
0.424561 0.59086
0.425183 0.0505285
0.4256 0.0639963
0.428617 0.758286
0.428717 0.454346
0.429361 0.270631
0.4307 0.776084
0.43221 0.154369
0.43279 0.899373
0.432849 0.887906
0.433768 0.336729
0.434302 0.315922
0.438175 0.404579
0.439428 0.4716
0.439659 0.349981
0.439746 0.816431
0.440228 0.910243
0.442115 0.624366
0.442791 0.988724
0.443904 0.692127
0.444314 0.580192
0.445696 0.810085
0.446503 0.374944
0.447449 0.275371
0.448578 0.252188
0.449257 0.66161
0.450625 0.652814
0.451255 0.248388
0.452172 0.65411
0.452583 0.567964
0.455428 0.372774
0.456814 0.667023
0.457138 0.117361
0.457461 0.548345
0.458578 0.321347
0.458685 0.117687
0.459228 0.245104
0.460248 0.38774
0.460848 0.469372
0.461662 0.146617
0.462285 0.623418
0.462304 0.937873
0.46266 0.932082
0.465666 0.449816
0.467563 0.324004
0.46765 0.791073
0.467893 0.879944
0.468214 0.268775
0.469743 0.977866
0.469752 0.123984
0.470393 0.893882
0.472219 0.57771
0.472259 0.257258
0.472609 0.138415
0.472661 0.0188657
0.472667 0.115224
0.473528 0.584443
0.474823 0.351642
0.475295 0.28989
0.475384 0.777315
0.475393 0.930547
0.475557 0.691995
0.475844 0.502411
0.476057 0.0848998
0.47664 0.885893
0.477329 0.46215
0.478122 0.796741
0.478384 0.19574
0.479524 0.365023
0.480156 0.97848
0.480836 0.407765
0.482932 0.642823
0.48428 0.29365
0.484896 0.648289
0.484979 0.0345112
0.485805 0.927577
0.485979 0.846906
0.485988 0.00279196
0.486687 0.753592
0.486835 0.228916
0.487945 0.893148
0.487984 0.539856
0.488406 0.641723
0.488507 0.333831
0.490647 0.30013
0.491714 0.230788
0.491914 0.600267
0.491967 0.483254
0.492017 0.334458
0.494469 0.537271
0.494874 0.341391
0.494891 0.625277
0.494946 0.555378
0.496067 0.397503
0.496108 0.0792581
0.496217 0.910988
0.498211 0.42581
0.499797 0.0952515
0.500107 0.300554
0.500356 0.48032
0.501568 0.850168
0.501882 0.124844
0.502525 0.933655
0.502727 0.331402
0.502923 0.630733
0.503856 0.308117
0.505248 0.708891
0.50532 0.916641
0.506842 0.495305
0.508382 0.377374
0.509713 0.739667
0.510916 0.973398
0.511923 0.888327
0.513184 0.0802173
0.513246 0.126392
0.514807 0.362033
0.515713 0.580666
0.51579 0.875554
0.516026 0.850896
0.516148 0.90513
0.516243 0.4886
0.517033 0.777423
0.517386 0.702227
0.51804 0.698808
0.51808 0.372729
0.518498 0.393906
0.518587 0.893297
0.518742 0.49544
0.519995 0.562672
0.520201 0.0159949
0.52357 0.633241
0.525712 0.640942
0.526482 0.582305
0.527496 0.627965
0.527815 0.989451
0.528967 0.340634
0.529527 0.756195
0.532213 0.907356
0.532253 0.580518
0.533685 0.639317
0.53428 0.647803
0.534619 0.333942
0.539105 0.745737
0.539253 0.217853
0.539313 0.24173
0.541489 0.804946
0.542747 0.949463
0.542983 0.920806
0.543107 0.993878
0.544629 0.580658
0.547149 0.933564
0.54784 0.539248
0.548096 0.852274
0.549005 0.134778
0.549013 0.257801
0.549447 0.557072
0.551034 0.23596
0.552459 0.171846
0.552928 0.0633146
0.555247 0.038657
0.555376 0.202656
0.559053 0.997218
0.560372 0.171286
0.560569 0.474593
0.561265 0.175438
0.561347 0.552073
0.562463 0.312389
0.563469 0.220023
0.563965 0.563152
0.564302 0.226203
0.564925 0.695623
0.565233 0.876648
0.566002 0.789461
0.567603 0.700628
0.567668 0.790794
0.569778 0.25626
0.569854 0.534103
0.570629 0.56111
0.571319 0.156651
0.572048 0.419335
0.572624 0.0957952
0.574219 0.899787
0.575712 0.988693
0.576134 0.0769966
0.577991 0.29798
0.578 0.446587
0.578319 0.815297
0.580132 0.27522
0.58055 0.308951
0.581095 0.470679
0.581727 0.0879233
0.582191 0.87869
0.582387 0.184838
0.582864 0.200426
0.583111 0.344747
0.583288 0.31962
0.585008 0.224429
0.585597 0.131548
0.586571 0.504164
0.588281 0.242623
0.58865 0.439636
0.58871 0.448165
0.589316 0.637902
0.589822 0.136885
0.589844 0.515729
0.590917 0.540507
0.594298 0.363704
0.595716 0.196337
0.598048 0.396374
0.598424 0.720308
0.600895 0.236919
0.603821 0.41899
0.60422 0.119074
0.605669 0.472465
0.605722 0.377303
0.605991 0.896961
0.606138 0.366588
0.606242 0.11413
0.606647 0.923384
0.606671 0.319586
0.606697 0.755687
0.607437 0.199066
0.607781 0.970004
0.608816 0.376413
0.61018 0.295967
0.611143 0.486643
0.611243 0.16903
0.615685 0.820979
0.616084 0.518433
0.618768 0.628898
0.61962 0.960498
0.619663 0.683592
0.621018 0.444638
0.62468 0.00369723
0.624993 0.260176
0.625246 0.509762
0.62538 0.768069
0.626543 0.307742
0.626555 0.509897
0.626753 0.842443
0.627717 0.0381207
0.629048 0.406064
0.629422 0.687485
0.630224 0.167451
0.630583 0.207569
0.631266 0.688344
0.631407 0.0657363
0.632052 0.898543
0.632465 0.838286
0.632479 0.0801679
0.632673 0.332275
0.633689 0.406931
0.633818 0.574593
0.634039 0.285615
0.634759 0.400584
0.635051 0.302881
0.635238 0.445528
0.635597 0.474188
0.636295 0.203263
0.636873 0.920522
0.637292 0.9723
0.637694 0.716658
0.639623 0.150548
0.641488 0.482291
0.642411 0.00218452
0.642742 0.561521
0.643126 0.0221181
0.644948 0.636323
0.645384 0.961946
0.647999 0.916988
0.648551 0.198897
0.649179 0.759377
0.649713 0.733719
0.649954 0.780671
0.650729 0.805174
0.651848 0.609075
0.653138 0.29506
0.655327 0.083527
0.655507 0.105249
0.655657 0.61929
0.656146 0.840038
0.656414 0.345843
0.65936 0.867562
0.661182 0.48691
0.662219 0.918316
0.6623 0.276598
0.662779 0.329783
0.663884 0.89912
0.664186 0.980648
0.665391 0.222644
0.665815 0.356662
0.666267 0.945501
0.666951 0.445427
0.667884 0.132594
0.668001 0.0889433
0.669697 0.600649
0.672712 0.27722
0.673839 0.21049
0.674091 0.443061
0.674426 0.0857249
0.675354 0.669928
0.676132 0.753512
0.679076 0.232194
0.679414 0.91064
0.679459 0.663928
0.680216 0.397446
0.680761 0.552702
0.68092 0.223904
0.680947 0.680534
0.682023 0.765207
0.682579 0.112459
0.682811 0.00916897
0.683538 0.21764
0.683729 0.43632
0.683989 0.796375
0.684553 0.281856
0.686225 0.390895
0.686933 0.280481
0.688709 0.126168
0.689103 0.762193
0.689603 0.157399
0.690274 0.436394
0.690501 0.24451
0.690602 0.951981
0.691135 0.90523
0.694426 0.217312
0.694788 0.303026
0.696075 0.931832
0.697977 0.901924
0.698452 0.875891
0.699151 0.622348
0.699527 0.954726
0.700528 0.768475
0.70093 0.529558
0.700963 0.0776617
0.702112 0.391192
0.703291 0.214337
0.703297 0.317324
0.703349 0.190989
0.703426 0.484704
0.703683 0.806386
0.703897 0.388625
0.705151 0.468692
0.705318 0.28451
0.707935 0.257193
0.707969 0.841001
0.70836 0.413797
0.708491 0.600414
0.708541 0.453661
0.710081 0.326636
0.710174 0.894265
0.710662 0.104377
0.712007 0.700811
0.712299 0.60652
0.712545 0.748665
0.713701 0.177345
0.714942 0.0358794
0.715181 0.044804
0.718308 0.607068
0.720156 0.658571
0.721639 0.584704
0.723053 0.359391
0.723126 0.582026
0.723746 0.995879
0.724106 0.0505227
0.724534 0.241845
0.724997 0.0278064
0.725288 0.917393
0.725328 0.58276
0.726043 0.600839
0.726273 0.471369
0.726645 0.727511
0.727537 0.70834
0.728256 0.795118
0.728542 0.59885
0.729099 0.96494
0.729507 0.828345
0.730045 0.861924
0.734406 0.164184
0.734806 0.876743
0.735302 0.216045
0.736344 0.728994
0.737701 0.536756
0.738354 0.515657
0.738656 0.588764
0.738666 0.752617
0.738991 0.223241
0.73959 0.296217
0.739901 0.52042
0.739993 0.0621053
0.74031 0.398312
0.741388 0.514212
0.743481 0.686518
0.744618 0.786851
0.744743 0.903117
0.744962 0.571218
0.745177 0.182571
0.745822 0.0222414
0.746178 0.0174124
0.746189 0.195854
0.746596 0.0390196
0.748174 0.562859
0.748465 0.448439
0.750155 0.862096
0.750615 0.591332
0.75144 0.459643
0.751547 0.249298
0.752402 0.613222
0.753813 0.341419
0.754947 0.399302
0.756708 0.98664
0.756736 0.45371
0.757863 0.398908
0.758813 0.366596
0.759604 0.670609
0.76027 0.850421
0.760644 0.143785
0.760719 0.400183
0.760786 0.522328
0.761245 0.250422
0.761815 0.825937
0.761842 0.277034
0.762345 0.735241
0.764156 0.164705
0.764426 0.700305
0.764603 0.688186
0.764852 0.860079
0.765275 0.980095
0.766263 0.576396
0.766466 0.992833
0.767616 0.323872
0.768657 0.813968
0.770864 0.904102
0.771122 0.251353
0.7722 0.35794
0.772998 0.771194
0.773041 0.506779
0.773793 0.138241
0.774457 0.296429
0.775778 0.507767
0.777241 0.0903614
0.777438 0.398278
0.778106 0.632922
0.778246 0.988158
0.778552 0.123203
0.781444 0.722507
0.781613 0.573238
0.782607 0.268347
0.784783 0.855966
0.786973 0.656165
0.787829 0.0395601
0.7879 0.229677
0.789042 0.420733
0.791323 0.76149
0.791806 0.89009
0.793048 0.762743
0.793794 0.297276
0.79424 0.799664
0.794706 0.630675
0.795786 0.771064
0.795844 0.750965
0.795946 0.462333
0.796696 0.074089
0.796782 0.522312
0.796949 0.319746
0.798229 0.835781
0.798304 0.0977046
0.798472 0.919886
0.799394 0.421966
0.802731 0.498904
0.803698 0.74766
0.804371 0.0614512
0.805233 0.55393
0.805449 0.174378
0.807688 0.814056
0.807813 0.91913
0.809257 0.185344
0.809283 0.614879
0.809662 0.981982
0.810318 0.00970423
0.81118 0.505056
0.811574 0.122494
0.811578 0.194574
0.813039 0.745237
0.813774 0.104319
0.815744 0.206316
0.816756 0.224466
0.817547 0.513711
0.817972 0.658881
0.818109 0.951444
0.819037 0.550963
0.819537 0.965116
0.821316 0.852126
0.823266 0.633038
0.823521 0.912192
0.823523 0.945634
0.823674 0.495277
0.824131 0.170918
0.825492 0.0505264
0.828777 0.24695
0.829594 0.989546
0.829955 0.0516952
0.830532 0.752182
0.831761 0.406448
0.832467 0.281711
0.832579 0.152323
0.833039 0.883743
0.83335 0.120273
0.833636 0.922361
0.833638 0.955584
0.8344 0.76256
0.834916 0.426711
0.837379 0.832987
0.83787 0.0750378
0.838993 0.947505
0.839396 0.734588
0.840854 0.227171
0.841594 0.662661
0.841722 0.820556
0.843079 0.625375
0.844261 0.49284
0.844551 0.374671
0.845381 0.310656
0.846296 0.697518
0.847864 0.046281
0.847867 0.0959158
0.848126 0.455728
0.848608 0.548053
0.851929 0.375149
0.851991 0.405819
0.853003 0.415165
0.853862 0.862564
0.854363 0.280412
0.855763 0.808732
0.85618 0.816142
0.856254 0.0665451
0.857211 0.153639
0.85885 0.690853
0.858922 0.905693
0.859132 0.439322
0.859685 0.717436
0.859833 0.218681
0.860431 0.267285
0.86131 0.0451529
0.861729 0.0853086
0.862182 0.698041
0.862262 0.0304573
0.8631 0.122508
0.86354 0.52335
0.86424 0.277829
0.865516 0.725172
0.865875 0.767873
0.866727 0.0843681
0.867483 0.789649
0.868153 0.0423088
0.868204 0.904023
0.868677 0.853541
0.86972 0.387104
0.870084 0.49744
0.871165 0.662694
0.871285 0.682155
0.871628 0.45692
0.871724 0.0630242
0.871829 0.826415
0.872404 0.499948
0.872689 0.292425
0.87615 0.455943
0.877093 0.295333
0.878199 0.8853
0.878504 0.0234992
0.878938 0.315367
0.879334 0.972054
0.879346 0.166038
0.879981 0.84461
0.880819 0.921118
0.885054 0.0948948
0.886649 0.910525
0.88722 0.512642
0.887452 0.411168
0.887759 0.566178
0.888655 0.626163
0.889022 0.78878
0.889649 0.331353
0.889658 0.483091
0.891095 0.625201
0.892269 0.366999
0.892294 0.784841
0.892566 0.360856
0.892909 0.117393
0.893588 0.533859
0.894218 0.117482
0.895014 0.497208
0.896229 0.922177
0.896473 0.016354
0.896571 0.676241
0.898354 0.635097
0.89901 0.661426
0.899119 0.488492
0.899278 0.160814
0.900142 0.687956
0.904366 0.676866
0.904367 0.698052
0.904611 0.790868
0.905062 0.384512
0.905999 0.127215
0.906139 0.473795
0.906556 0.480055
0.90784 0.0670984
0.908301 0.809209
0.908668 0.981968
0.909512 0.165079
0.910534 0.338489
0.911078 0.495161
0.911251 0.390589
0.914946 0.491068
0.914957 0.686539
0.915106 0.189827
0.915316 0.711544
0.917127 0.160183
0.917127 0.161545
0.917962 0.180286
0.919511 0.220698
0.91953 0.534293
0.920183 0.511911
0.920188 0.600834
0.921057 0.203469
0.922479 0.107369
0.922631 0.658969
0.923645 0.709646
0.924539 0.721757
0.925066 0.586278
0.926786 0.492104
0.926988 0.890251
0.92705 0.93659
0.927449 0.639906
0.927909 0.371952
0.928007 0.00868081
0.928922 0.38399
0.929367 0.866578
0.930495 0.831358
0.930725 0.698054
0.930821 0.31103
0.931292 0.229836
0.931622 0.773316
0.932822 0.933331
0.933427 0.102007
0.935747 0.0956949
0.936213 0.930493
0.936974 0.720041
0.938232 0.867861
0.938869 0.575171
0.939626 0.28921
0.94046 0.310205
0.942524 0.00918035
0.942564 0.671322
0.943184 0.0891826
0.943437 0.346133
0.943877 0.740995
0.944826 0.690705
0.944842 0.966726
0.945173 0.518087
0.946016 0.687415
0.946155 0.0339094
0.947161 0.93187
0.947163 0.964905
0.948779 0.136799
0.949094 0.4179
0.949558 0.230057
0.950552 0.92328
0.950822 0.462316
0.951104 0.209588
0.952731 0.54665
0.954874 0.574949
0.958632 0.722009
0.958941 0.918359
0.959318 0.2643
0.959375 0.211799
0.959969 0.196517
0.960542 0.832131
0.961495 0.853147
0.961958 0.626407
0.963237 0.115864
0.963857 0.545456
0.964094 0.530338
0.964641 0.720225
0.965152 0.315691
0.967125 0.476691
0.968131 0.376812
0.968199 0.525167
0.968996 0.923457
0.969709 0.905637
0.970571 0.382009
0.971829 0.531794
0.972575 0.0611692
0.974179 0.0210313
0.974799 0.452032
0.975222 0.558453
0.976494 0.940775
0.976875 0.336648
0.977055 0.364819
0.977581 0.197331
0.978933 0.919073
0.979508 0.598742
0.980265 0.321108
0.980423 0.970311
0.980567 0.381373
0.980896 0.921863
0.981115 0.59452
0.981428 0.857863
0.982753 0.136953
0.983239 0.303128
0.984368 0.27078
0.985102 0.60531
0.985339 0.599599
0.985596 0.914942
0.987039 0.158248
0.988169 0.161807
0.989007 0.235943
0.989154 0.707323
0.989692 0.751686
0.989891 0.0928339
0.991176 0.688612
0.991241 0.790275
0.99333 0.905159
0.99417 0.0132699
0.99493 0.791884
0.996373 0.0409107
0.996452 0.375886
0.996804 0.291064
0.996821 0.567961
0.996925 0.32401
0.998239 0.410963
