0.000641027 0.773756
0.000844938 0.200877
0.00346731 0.275122
0.00414541 0.671912
0.00463942 0.974657
0.00652324 0.636054
0.0099021 0.424604
0.0138344 0.514935
0.0147316 0.593179
0.0148756 0.0139373
0.0154582 0.806768
0.0158245 0.962802
0.0167072 0.797216
0.0172438 0.816582
0.0182092 0.0416705
0.0186358 0.211525
0.0189987 0.311702
0.0190645 0.416715
0.0195396 0.402562
0.0211639 0.701674
0.0217379 0.34902
0.0222362 0.723259
0.0229044 0.954036
0.0251075 0.981732
0.0286592 0.674851
0.0286824 0.0653398
0.0287461 0.135611
0.0304081 0.0681581
0.0309271 0.792001
0.0329373 0.577732
0.0332312 0.517134
0.03368 0.0593043
0.0341579 0.0912879
0.0371491 0.365231
0.0374593 0.577679
0.0386853 0.184368
0.0400958 0.890558
0.0430519 0.573782
0.0434273 0.881828
0.0443034 0.60751
0.0453179 0.658147
0.0474708 0.842153
0.0492021 0.940054
0.049205 0.987685
0.050473 0.300391
0.0517985 0.578104
0.0527367 0.345256
0.0543706 0.806773
0.0560892 0.691687
0.0593777 0.961796
0.0598769 0.35157
0.0611265 0.353022
0.0613905 0.790166
0.0626628 0.172863
0.0630617 0.878575
0.0642669 0.133696
0.0654471 0.969856
0.065775 0.479729
0.0669501 0.231106
0.0675497 0.30769
0.0682189 0.555575
0.0709043 0.687774
0.071597 0.331118
0.0718112 0.931514
0.0718206 0.0890119
0.0728488 0.370105
0.0748118 0.361953
0.0751994 0.875519
0.0759332 0.209556
0.0784293 0.161588
0.0816916 0.990282
0.0826754 0.525874
0.0840611 0.81477
0.0843558 0.768556
0.0848094 0.391018
0.0873259 0.685946
0.0873328 0.802973
0.0875718 0.818879
0.0897085 0.731286
0.0911049 0.199953
0.0922603 0.618083
0.0928272 0.146946
0.0960854 0.9068
0.0970784 0.597416
0.0971203 0.300686
0.0973396 0.986249
0.0985788 0.814103
0.100036 0.313355
0.101625 0.0137415
0.103469 0.00907516
0.107309 0.538311
0.107493 0.641404
0.107661 0.464462
0.108817 0.890003
0.110087 0.238953
0.110892 0.762998
0.111867 0.140505
0.112486 0.546618
0.112659 0.465893
0.11451 0.572079
0.114695 0.67093
0.114772 0.974357
0.115409 0.676017
0.118105 0.988801
0.118902 0.39203
0.120483 0.952708
0.12151 0.222147
0.121937 0.397738
0.122043 0.168759
0.122436 0.780304
0.123197 0.567605
0.125027 0.33419
0.128723 0.454031
0.132647 0.394385
0.132746 0.056675
0.134682 0.605778
0.136408 0.603916
0.136649 0.663908
0.139004 0.24264
0.139475 0.155216
0.140486 0.142445
0.141267 0.275421
0.143276 0.0348092
0.143298 0.415499
0.143496 0.735821
0.143537 0.431358
0.14482 0.990235
0.145079 0.344209
0.151086 0.30265
0.153827 0.36369
0.153864 0.994902
0.154643 0.0799264
0.15583 0.0291225
0.155942 0.913814
0.156253 0.144842
0.15693 0.524038
0.157014 0.930531
0.158635 0.181275
0.159882 0.13652
0.16137 0.143335
0.161765 0.781912
0.161987 0.508492
0.162443 0.175118
0.164201 0.722784
0.165283 0.910288
0.165497 0.515051
0.166789 0.215859
0.168409 0.458034
0.169437 0.735143
0.170842 0.336092
0.175749 0.812797
0.179076 0.722118
0.179697 0.162126
0.181684 0.562276
0.183578 0.392754
0.184447 0.00453858
0.185526 0.138635
0.187752 0.546677
0.189163 0.259456
0.191271 0.699229
0.191684 0.626614
0.192474 0.911688
0.194683 0.0454312
0.195121 0.399651
0.196156 0.80127
0.196731 0.458063
0.197261 0.365856
0.201495 0.5215
0.202406 0.84323
0.202988 0.616753
0.204468 0.492241
0.205101 0.12834
0.205629 0.0084199
0.206071 0.44034
0.206208 0.740393
0.206278 0.907664
0.20691 0.529041
0.20879 0.141656
0.209163 0.399574
0.210618 0.856078
0.211557 0.633373
0.214227 0.512678
0.21475 0.301527
0.215051 0.367481
0.217206 0.582557
0.218114 0.835031
0.218245 0.0409559
0.218781 0.0571133
0.218881 0.738343
0.219249 0.913262
0.219944 0.593296
0.220458 0.241677
0.220887 0.449309
0.220924 0.0718185
0.22481 0.385187
0.225121 0.605774
0.225497 0.923759
0.226927 0.968307
0.226998 0.148609
0.227871 0.835949
0.23094 0.414783
0.232638 0.954789
0.233505 0.517064
0.233809 0.631299
0.235712 0.612606
0.236183 0.530301
0.236435 0.756079
0.241973 0.848417
0.243095 0.703925
0.244492 0.176709
0.245428 0.904815
0.248517 0.833378
0.249111 0.813055
0.250988 0.354638
0.251214 0.15182
0.251807 0.121402
0.253044 0.91756
0.253122 0.217974
0.255517 0.479627
0.2558 0.234639
0.255889 0.722549
0.255969 0.0764252
0.256739 0.0141492
0.257306 0.537862
0.257797 0.799542
0.258339 0.89725
0.259227 0.820908
0.262076 0.711784
0.262879 0.208663
0.265791 0.148687
0.268448 0.812078
0.268764 0.11118
0.270474 0.851283
0.273234 0.249412
0.27389 0.276727
0.274603 0.246306
0.275662 0.0442364
0.276115 0.664279
0.279872 0.814431
0.280443 0.401389
0.281406 0.59381
0.281716 0.792758
0.281743 0.2537
0.28204 0.242063
0.283894 0.412754
0.283918 0.804895
0.284525 0.0081636
0.285842 0.15448
0.286808 0.388796
0.287223 0.353059
0.287353 0.54978
0.288664 0.581816
0.28903 0.719849
0.289596 0.247554
0.292198 0.972446
0.29373 0.727407
0.294445 0.743326
0.294633 0.89891
0.29513 0.242962
0.297041 0.362883
0.297521 0.436495
0.297633 0.316576
0.29855 0.731761
0.300044 0.834582
0.301225 0.692985
0.302184 0.798056
0.306708 0.843067
0.310193 0.409651
0.311323 0.409571
0.31257 0.369902
0.312796 0.169315
0.313212 0.146367
0.314823 0.233783
0.315899 0.313815
0.316904 0.203464
0.318211 0.178743
0.318363 0.722705
0.318856 0.0200412
0.321597 0.0865437
0.322095 0.456509
0.322661 0.958801
0.322794 0.206159
0.324545 0.624135
0.32554 0.357452
0.326727 0.297374
0.328155 0.293124
0.328339 0.396671
0.330517 0.998095
0.332173 0.8397
0.33237 0.141833
0.332488 0.130717
0.332752 0.56808
0.334567 0.0707596
0.335849 0.610728
0.338259 0.12313
0.339473 0.517639
0.339871 0.219116
0.340603 0.514327
0.341605 0.354474
0.342427 0.166662
0.343719 0.891872
0.344206 0.0682525
0.345737 0.801151
0.345789 0.676131
0.348196 0.123207
0.348434 0.128226
0.348822 0.647764
0.34918 0.672918
0.351392 0.841762
0.354773 0.676425
0.355301 0.537057
0.355416 0.468863
0.355484 0.615857
0.358691 0.51686
0.36217 0.988604
0.363267 0.423077
0.363376 0.255676
0.364641 0.516955
0.365336 0.20271
0.367327 0.666997
0.367847 0.396248
0.368498 0.339774
0.368776 0.0188549
0.372236 0.171972
0.377095 0.83497
0.377287 0.065546
0.379043 0.582189
0.379741 0.308665
0.380607 0.854246
0.381867 0.0348041
0.382249 0.459291
0.382371 0.51545
0.382376 0.590223
0.383474 0.0406069
0.384808 0.46292
0.385281 0.413165
0.392784 0.525691
0.394082 0.333149
0.39549 0.993632
0.395655 0.78072
0.397619 0.787783
0.400442 0.232477
0.400995 0.524874
0.4051 0.512817
0.405433 0.10781
0.405729 0.091814
0.405987 0.430792
0.410229 0.71125
0.411789 0.937508
0.412387 0.984633
0.412415 0.457917
0.41344 0.686675
0.415286 0.713283
0.416229 0.552719
0.416439 0.0979
0.417976 0.929818
0.418365 0.461745
0.418837 0.400117
0.422444 0.0218274
0.423916 0.761928
0.424541 0.253786
0.427256 0.894166
0.42866 0.493612
0.430764 0.851356
0.430964 0.213745
0.433605 0.596623
0.435383 0.483813
0.436473 0.809366
0.440521 0.83825
0.440608 0.30463
0.44093 0.714271
0.441236 0.854004
0.444521 0.0711992
0.446869 0.528654
0.447073 0.962168
0.448665 0.715093
0.448844 0.717492
0.448961 0.679985
0.449595 0.343992
0.450068 0.285902
0.455423 0.295927
0.458473 0.552564
0.461059 0.0218077
0.46158 0.768128
0.461727 0.248781
0.462956 0.898211
0.463132 0.854097
0.465774 0.260729
0.466131 0.264094
0.467143 0.279239
0.467535 0.853757
0.467693 0.514949
0.470306 0.432887
0.470726 0.484563
0.470894 0.31061
0.470956 0.352581
0.470999 0.0872895
0.47296 0.0327196
0.477536 0.954253
0.480086 0.802724
0.480625 0.856566
0.481255 0.458345
0.481571 0.757423
0.48169 0.766632
0.481992 0.837126
0.483058 0.763292
0.483227 0.594927
0.483499 0.176194
0.484754 0.263226
0.486281 0.91765
0.486684 0.69891
0.489424 0.74443
0.489757 0.343899
0.49175 0.842544
0.491974 0.599569
0.492262 0.452255
0.49342 0.908272
0.493522 0.621167
0.494125 0.765394
0.494685 0.173887
0.49654 0.343592
0.499097 0.318483
0.501666 0.496993
0.502255 0.396833
0.5034 0.650054
0.506053 0.234344
0.506352 0.251469
0.506433 0.617398
0.507176 0.114075
0.507312 0.390977
0.508179 0.95812
0.509369 0.969997
0.509977 0.175551
0.510956 0.635556
0.511012 0.58718
0.511114 0.292061
0.511781 0.507694
0.513255 0.275476
0.513661 0.1072
0.515838 0.696048
0.516304 0.51463
0.519071 0.0235959
0.520015 0.889431
0.521214 0.0520363
0.522081 0.608645
0.52213 0.443758
0.52412 0.878132
0.524545 0.0197177
0.524571 0.466596
0.526287 0.304818
0.528174 0.0283714
0.528831 0.0583319
0.52981 0.516506
0.530222 0.443523
0.532904 0.512383
0.533753 0.78498
0.534743 0.419247
0.534837 0.00371912
0.535908 0.00609804
0.536524 0.357379
0.537068 0.497929
0.537819 0.117722
0.538233 0.0891782
0.539426 0.136212
0.540197 0.0871311
0.542472 0.32631
0.544634 0.659916
0.545831 0.777895
0.547307 0.589505
0.548491 0.48819
0.549697 0.764567
0.554317 0.405711
0.554829 0.00673464
0.555159 0.564858
0.555918 0.315782
0.557264 0.935578
0.559022 0.477547
0.560396 0.584151
0.560659 0.00328684
0.561079 0.0540473
0.561603 0.868574
0.561771 0.68404
0.563837 0.405751
0.563919 0.785179
0.564009 0.291568
0.564192 0.368599
0.565096 0.566265
0.566046 0.533569
0.567851 0.876003
0.569072 0.387767
0.572029 0.095511
0.572756 0.307558
0.572828 0.514839
0.574295 0.180009
0.574439 0.592722
0.575318 0.36195
0.575512 0.622869
0.575643 0.826814
0.575787 0.258655
0.575936 0.761504
0.577845 0.83845
0.58043 0.291485
0.58044 0.457725
0.58051 0.639342
0.581276 0.508711
0.581891 0.833789
0.583394 0.100995
0.58368 0.909157
0.584242 0.354708
0.585226 0.888445
0.586403 0.672685
0.589914 0.689762
0.590302 0.211484
0.590808 0.718082
0.591343 0.694708
0.59405 0.191388
0.594564 0.834197
0.594829 0.293286
0.596548 0.190206
0.596655 0.98041
0.596944 0.844263
0.598276 0.228986
0.598504 0.0550245
0.599954 0.42997
0.600164 0.948338
0.602855 0.179203
0.603148 0.112477
0.607972 0.187041
0.611055 0.00750587
0.611481 0.16782
0.614027 0.948797
0.614261 0.879606
0.61716 0.612576
0.617406 0.75127
0.619281 0.256985
0.619896 0.59482
0.62033 0.893489
0.621792 0.456768
0.622701 0.743177
0.62388 0.552587
0.625251 0.594396
0.625735 0.721932
0.626674 0.504377
0.627111 0.847217
0.630081 0.770336
0.630893 0.423202
0.6312 0.573548
0.63152 0.963114
0.631785 0.41174
0.632216 0.651218
0.635418 0.462265
0.636058 0.226849
0.636884 0.117238
0.637136 0.341364
0.638397 0.54328
0.639292 0.57707
0.63996 0.799254
0.640427 0.660036
0.641393 0.889038
0.644293 0.625052
0.644774 0.717064
0.645207 0.99997
0.645724 0.688962
0.645755 0.207326
0.646175 0.255175
0.646207 0.801064
0.646705 0.170826
0.649638 0.460392
0.649781 0.864605
0.650863 0.0478204
0.651383 0.793264
0.651956 0.417577
0.652903 0.344418
0.656105 0.150566
0.656147 0.861177
0.656955 0.436359
0.661051 0.285133
0.662833 0.231295
0.662969 0.524757
0.663059 0.0336578
0.663152 0.59739
0.665373 0.925501
0.665541 0.754451
0.66919 0.082734
0.669991 0.539057
0.671434 0.785274
0.671609 0.732951
0.672298 0.316095
0.672498 0.666618
0.673707 0.990916
0.676162 0.248913
0.676439 0.912655
0.677703 0.152497
0.680346 0.571627
0.681006 0.66704
0.684711 0.938838
0.685248 0.961648
0.686321 0.998142
0.687489 0.629509
0.687711 0.359917
0.689432 0.276504
0.689683 0.500701
0.689893 0.0263394
0.691267 0.120507
0.691811 0.271662
0.691874 0.333802
0.693803 0.738852
0.694371 0.297127
0.694962 0.229861
0.695685 0.380018
0.696829 0.601182
0.697045 0.228673
0.699116 0.0479703
0.699378 0.449293
0.699544 0.236976
0.701093 0.265954
0.702225 0.300271
0.702741 0.959984
0.702771 0.467876
0.702998 0.284092
0.703336 0.968275
0.708919 0.804016
0.709172 0.0468392
0.709528 0.0362422
0.711958 0.88575
0.713723 0.537397
0.71425 0.407562
0.716913 0.163187
0.717158 0.268227
0.719931 0.888601
0.721241 0.890521
0.721409 0.719691
0.722777 0.704971
0.722839 0.748938
0.723368 0.639865
0.724323 0.696899
0.724483 0.384051
0.72473 0.537106
0.726446 0.383413
0.726548 0.0949145
0.726736 0.25665
0.726748 0.459017
0.727247 0.841168
0.72929 0.181499
0.729984 0.834572
0.730687 0.65534
0.732812 0.376329
0.735243 0.233186
0.735706 0.00444177
0.73668 0.373324
0.738643 0.366738
0.739031 0.898344
0.739836 0.426708
0.739916 0.766199
0.741092 0.525763
0.741792 0.296262
0.744236 0.370206
0.744519 0.134242
0.745545 0.379663
0.745944 0.0874794
0.747535 0.826192
0.748169 0.474257
0.748188 0.789237
0.749198 0.777623
0.753669 0.922054
0.755039 0.937081
0.75569 0.884568
0.758758 0.451576
0.759017 0.797558
0.76021 0.851135
0.760488 0.529245
0.764911 0.853644
0.769177 0.552195
0.769361 0.657401
0.770063 0.449877
0.772027 0.466143
0.773497 0.168473
0.774128 0.761237
0.776352 0.139726
0.776905 0.447862
0.777416 0.0244672
0.778138 0.163526
0.779744 0.159546
0.782509 0.624348
0.782609 0.316565
0.783403 0.655634
0.783718 0.950376
0.785834 0.515863
0.789705 0.571478
0.790749 0.122471
0.79141 0.227932
0.791885 0.218264
0.793411 0.861065
0.793814 0.634248
0.793944 0.810988
0.794951 0.737867
0.796443 0.822649
0.796876 0.0894325
0.798451 0.569053
0.799406 0.617587
0.80075 0.207603
0.800987 0.189566
0.801226 0.211576
0.801646 0.262704
0.802637 0.911622
0.803153 0.600481
0.803604 0.175913
0.805498 0.00609368
0.805889 0.578741
0.805962 0.796109
0.807576 0.922016
0.808322 0.469134
0.809544 0.0024194
0.811249 0.670089
0.811709 0.392297
0.812489 0.503477
0.812828 0.199344
0.813436 0.42171
0.813738 0.501156
0.814298 0.902199
0.815147 0.180705
0.815935 0.415158
0.816068 0.659675
0.816589 0.412819
0.817258 0.663249
0.818515 0.778112
0.820034 0.319069
0.821156 0.171376
0.822617 0.730209
0.823641 0.939981
0.823908 0.416468
0.824512 0.570055
0.829146 0.45485
0.829977 0.418149
0.831271 0.174157
0.831334 0.235162
0.832305 0.557556
0.833679 0.635672
0.8338 0.670293
0.83394 0.0267267
0.834708 0.935172
0.83485 0.325158
0.835583 0.644364
0.83559 0.760202
0.836806 0.194562
0.836864 0.179081
0.837896 0.525062
0.838803 0.753689
0.840805 0.413174
0.840927 0.460889
0.841208 0.187781
0.841648 0.585406
0.842807 0.0636269
0.843599 0.370067
0.847448 0.0562845
0.847449 0.0680867
0.847707 0.408239
0.850187 0.092045
0.850242 0.0095303
0.850723 0.106872
0.851836 0.805187
0.85252 0.311484
0.853811 0.00597615
0.853886 0.263165
0.856042 0.490293
0.858892 0.398098
0.863079 0.761908
0.86338 0.821296
0.863636 0.126417
0.863858 0.853655
0.864704 0.0743561
0.865076 0.327453
0.865875 0.755194
0.8659 0.184869
0.866022 0.225971
0.86606 0.867976
0.866378 0.216078
0.868741 0.92429
0.87691 0.220955
0.878822 0.357444
0.880437 0.511282
0.880562 0.599021
0.881744 0.466643
0.881976 0.373152
0.882843 0.940686
0.883682 0.0506279
0.883865 0.119144
0.883995 0.307436
0.884586 0.235099
0.887103 0.545171
0.887309 0.00265777
0.887855 0.170928
0.889229 0.27171
0.890095 0.832779
0.890394 0.847674
0.890651 0.170921
0.890756 0.942467
0.890806 0.771569
0.892792 0.163133
0.894833 0.462244
0.897205 0.328634
0.897765 0.738481
0.901852 0.421391
0.90198 0.573673
0.902847 0.142898
0.903047 0.511242
0.903224 0.492322
0.903293 0.651008
0.90395 0.682902
0.905624 0.817674
0.908151 0.29552
0.909269 0.0896849
0.911212 0.747277
0.911418 0.207526
0.914452 0.202348
0.916091 0.742246
0.918975 0.214723
0.919191 0.842722
0.919581 0.39355
0.920565 0.932171
0.922231 0.93132
0.923106 0.64203
0.9242 0.0355002
0.924264 0.105968
0.92697 0.581556
0.926986 0.849437
0.927764 0.93551
0.927953 0.106011
0.928374 0.174717
0.92854 0.975031
0.931547 0.504208
0.931641 0.0927181
0.932942 0.954843
0.933145 0.366013
0.936702 0.157181
0.937483 0.273088
0.937691 0.775107
0.938231 0.848357
0.939824 0.622883
0.940917 0.989634
0.941369 0.595277
0.942094 0.778492
0.944612 0.096406
0.945501 0.0412259
0.945754 0.29114
0.94684 0.535127
0.946889 0.36012
0.947915 0.606346
0.948248 0.19619
0.948656 0.0580452
0.950446 0.151758
0.9511 0.145099
0.951705 0.305816
0.952518 0.974115
0.952715 0.286509
0.953183 0.143745
0.953788 0.310042
0.953906 0.290122
0.954395 0.525207
0.955353 0.613742
0.956456 0.152532
0.959009 0.0578859
0.959933 0.595099
0.959969 0.190576
0.960544 0.867358
0.960696 0.412407
0.960784 0.89631
0.960929 0.337175
0.962138 0.654727
0.963449 0.692608
0.967089 0.865123
0.967166 0.163267
0.968475 0.157392
0.969264 0.414862
0.96938 0.377003
0.973385 0.684538
0.973385 0.689007
0.975901 0.962248
0.979453 0.672257
0.979597 0.0882335
0.980825 0.717846
0.981617 0.0408547
0.984746 0.618568
0.986176 0.666011
0.986667 0.905198
0.986721 0.822558
0.987569 0.0715664
0.98772 0.604258
0.988015 0.56994
0.989248 0.292554
0.989336 0.777154
0.989867 0.694746
0.99076 0.706442
0.99268 0.971964
0.994912 0.487947
0.996004 0.846731
0.996073 0.998491
0.997078 0.886958
0.997091 0.115652
0.998585 0.22198
