0.00225789 0.948366
0.00456507 0.725177
0.00697536 0.234871
0.00807231 0.671332
0.0167361 0.283648
0.0204441 0.603461
0.0207782 0.219742
0.0213044 0.0630852
0.0233131 0.822724
0.0233994 0.2745
0.0240587 0.353798
0.0247967 0.757975
0.024937 0.116787
0.0276206 0.21905
0.0280578 0.567095
0.0310992 0.683594
0.0315686 0.574225
0.0331199 0.645591
0.0341029 0.167424
0.0351459 0.696347
0.0352523 0.486214
0.0391415 0.851534
0.0393207 0.863238
0.0411095 0.927155
0.0419838 0.621993
0.0420265 0.338834
0.0421286 0.0547027
0.0424055 0.709937
0.045188 0.475537
0.0464403 0.522523
0.0502809 0.0715441
0.0502984 0.365416
0.0515007 0.572108
0.0574686 0.874277
0.0621308 0.232755
0.0648178 0.392925
0.0660263 0.704834
0.0660726 0.481531
0.0661987 0.602344
0.0688829 0.715141
0.0695418 0.789531
0.0706267 0.0222715
0.0711395 0.642164
0.0715226 0.081153
0.07293 0.734546
0.0735814 0.683339
0.0757388 0.942392
0.0761932 0.579339
0.0766698 0.589667
0.0773567 0.134681
0.0794908 0.00146795
0.0799453 0.641225
0.0828495 0.45177
0.0842845 0.569791
0.0851697 0.446506
0.0859601 0.731291
0.0871522 0.767407
0.0881666 0.816612
0.0893942 0.448862
0.0945246 0.674829
0.0952313 0.553004
0.0971854 0.395173
0.0986721 0.38214
0.0987366 0.466757
0.0988712 0.72857
0.0993851 0.365211
0.0997403 0.334634
0.100177 0.675486
0.105312 0.984279
0.106378 0.898275
0.11173 0.842487
0.118235 0.183213
0.118645 0.0665518
0.119666 0.233834
0.119913 0.373302
0.121075 0.90014
0.121189 0.830084
0.123107 0.0600116
0.12444 0.466054
0.125787 0.110104
0.127169 0.328585
0.128652 0.248199
0.132106 0.301968
0.134265 0.592333
0.136072 0.96616
0.140922 0.471644
0.141845 0.982208
0.141869 0.389548
0.142122 0.650348
0.143517 0.0829282
0.144327 0.703511
0.147715 0.642961
0.147772 0.60951
0.148581 0.20706
0.148757 0.167149
0.150062 0.0914311
0.151719 0.939437
0.156155 0.500357
0.157001 0.713459
0.15733 0.24775
0.157336 0.350871
0.15774 0.12788
0.159199 0.659525
0.163226 0.339611
0.16476 0.12612
0.165494 0.464728
0.165931 0.796494
0.167884 0.632269
0.17086 0.641962
0.174956 0.481016
0.17516 0.909537
0.176084 0.447517
0.179155 0.0573119
0.185985 0.848149
0.186604 0.256884
0.18893 0.347078
0.189461 0.278178
0.191006 0.240969
0.192883 0.792296
0.194174 0.480824
0.194499 0.941931
0.195971 0.683597
0.196152 0.73376
0.1962 0.525718
0.200949 0.344002
0.201998 0.98733
0.204186 0.757757
0.204283 0.385572
0.204727 0.848555
0.20486 0.0744681
0.205142 0.81357
0.20686 0.702326
0.208686 0.378618
0.210563 0.927855
0.212931 0.739132
0.21306 0.899922
0.213799 0.319212
0.213914 0.259431
0.215167 0.319682
0.216384 0.757941
0.219678 0.123547
0.222544 0.293723
0.222809 0.746911
0.222935 0.862379
0.224646 0.630383
0.226059 0.365452
0.226917 0.799155
0.227018 0.499168
0.241518 0.190917
0.242332 0.866809
0.242891 0.276914
0.246427 0.691243
0.246532 0.47146
0.248805 0.665738
0.250008 0.883379
0.255414 0.738886
0.255432 0.037133
0.258887 0.118678
0.258951 0.195797
0.259092 0.551863
0.262156 0.0492007
0.263777 0.29161
0.264917 0.46166
0.268437 0.619385
0.269373 0.349167
0.272359 0.532973
0.27253 0.410377
0.273259 0.664546
0.273667 0.51917
0.274805 0.643819
0.277526 0.386677
0.281196 0.0574654
0.281819 0.535017
0.282752 0.215954
0.284358 0.212365
0.284595 0.195549
0.291331 0.400819
0.29254 0.723974
0.292678 0.0352889
0.293102 0.170191
0.294326 0.731229
0.298971 0.798902
0.30196 0.0386595
0.302494 0.0129615
0.303613 0.820376
0.303695 0.206536
0.305095 0.724149
0.305303 0.227342
0.306613 0.243772
0.310539 0.227922
0.311622 0.432167
0.317579 0.547795
0.317632 0.44209
0.317945 0.708376
0.323999 0.452906
0.330842 0.46242
0.332269 0.445921
0.339252 0.811634
0.339568 0.127899
0.34043 0.606588
0.342917 0.414121
0.343016 0.0769349
0.344197 0.919348
0.348045 0.59169
0.348619 0.245688
0.349063 0.69384
0.350293 0.382566
0.352968 0.325116
0.355283 0.233887
0.357935 0.806578
0.358484 0.0472975
0.360628 0.0673246
0.360679 0.932256
0.363765 0.798567
0.36606 0.372871
0.366508 0.904538
0.368799 0.408741
0.374189 0.99686
0.377376 0.550506
0.378134 0.297462
0.378937 0.786906
0.385599 0.764977
0.387663 0.451876
0.391494 0.834994
0.391507 0.0637512
0.3932 0.51186
0.395688 0.330546
0.395917 0.179069
0.396708 0.467493
0.40161 0.861888
0.402124 0.498842
0.402257 0.737192
0.410484 0.00552438
0.417576 0.196878
0.417651 0.457824
0.4178 0.968813
0.419118 0.118854
0.422009 0.706293
0.422438 0.909167
0.422889 0.501316
0.426259 0.132901
0.427271 0.145807
0.428534 0.366522
0.431725 0.00745562
0.432617 0.985498
0.434037 0.863743
0.436744 0.352112
0.438104 0.213289
0.439661 0.382625
0.441557 0.253549
0.442345 0.494514
0.442961 0.848448
0.443829 0.4386
0.444414 0.265374
0.449012 0.539947
0.452494 0.0672108
0.453771 0.535583
0.457472 0.738525
0.45938 0.804178
0.459838 0.504754
0.461292 0.934233
0.461523 0.822139
0.462559 0.235888
0.463243 0.725147
0.466829 0.00285719
0.470151 0.826048
0.477786 0.156841
0.479402 0.313818
0.480137 0.658397
0.481911 0.479392
0.482317 0.304095
0.482525 0.805848
0.482895 0.0112662
0.483252 0.0182472
0.484695 0.272283
0.485714 0.386831
0.485926 0.959662
0.488728 0.0458076
0.489366 0.782467
0.490117 0.397533
0.497304 0.181186
0.497353 0.0158367
0.501547 0.499837
0.501996 0.0401833
0.503362 0.0075874
0.503901 0.0699517
0.504962 0.895689
0.50933 0.302056
0.511131 0.579367
0.513285 0.780488
0.514313 0.0645082
0.514504 0.265947
0.515011 0.792323
0.515507 0.1329
0.516587 0.281953
0.51739 0.774097
0.517839 0.318028
0.518386 0.516266
0.520006 0.73828
0.521444 0.911665
0.52361 0.318808
0.523781 0.186984
0.52569 0.269221
0.528557 0.460277
0.533323 0.559559
0.533427 0.308384
0.535678 0.133117
0.536054 0.463703
0.538899 0.27043
0.541538 0.6227
0.542083 0.786713
0.543771 0.166435
0.544968 0.275508
0.545855 0.185767
0.549829 0.982271
0.550261 0.234466
0.551072 0.862194
0.553964 0.477792
0.55692 0.146483
0.557193 0.746111
0.558405 0.119011
0.560346 0.727805
0.564994 0.853488
0.566775 0.783026
0.566884 0.62461
0.56936 0.226474
0.569753 0.843356
0.570826 0.875883
0.572349 0.473009
0.574412 0.145633
0.574772 0.195276
0.575907 0.275784
0.576567 0.366023
0.578049 0.264983
0.578564 0.921088
0.579461 0.998941
0.580361 0.135342
0.585191 0.297766
0.585593 0.0555772
0.586116 0.852753
0.586309 0.0993264
0.586314 0.172229
0.589835 0.357386
0.590405 0.928315
0.59123 0.809038
0.592695 0.425482
0.593277 0.211699
0.597015 0.0271565
0.601109 0.842418
0.602052 0.689469
0.605939 0.0231313
0.608683 0.141969
0.612096 0.503777
0.612118 0.868173
0.613847 0.924156
0.614773 0.495038
0.615408 0.165173
0.615786 0.512985
0.622818 0.694589
0.625609 0.607294
0.625885 0.255383
0.626513 0.810188
0.627519 0.713808
0.628191 0.00161576
0.629551 0.864953
0.630075 0.666824
0.633995 0.549819
0.637434 0.360751
0.638063 0.917459
0.639764 0.516311
0.642058 0.0773099
0.646731 0.601628
0.647307 0.290486
0.647473 0.0844448
0.648894 0.956562
0.652109 0.991498
0.652631 0.761038
0.654058 0.757007
0.657036 0.811139
0.657831 0.165218
0.658216 0.633861
0.658811 0.62912
0.660715 0.631857
0.661762 0.23106
0.6618 0.867156
0.66195 0.400841
0.66297 0.543501
0.663208 0.539176
0.663997 0.791669
0.665041 0.345002
0.665708 0.553826
0.665841 0.794062
0.667347 0.104274
0.670764 0.531205
0.671807 0.0656536
0.672512 0.900634
0.672826 0.193107
0.673712 0.0696654
0.674734 0.254251
0.674791 0.210125
0.677855 0.715578
0.678203 0.56244
0.678557 0.514848
0.679166 0.737017
0.680365 0.891115
0.681361 0.627595
0.682278 0.0456283
0.684052 0.867046
0.684616 0.346203
0.684649 0.90222
0.684758 0.735453
0.686551 0.85655
0.688032 0.759
0.689271 0.581737
0.689509 0.575001
0.695066 0.978609
0.698451 0.864582
0.699041 0.784966
0.699064 0.166854
0.700033 0.455548
0.70186 0.165618
0.702088 0.9987
0.705303 0.0267174
0.706616 0.0996457
0.709623 0.637948
0.712616 0.929179
0.712825 0.452579
0.713528 0.26812
0.715925 0.546552
0.722164 0.417772
0.722205 0.101937
0.723663 0.598504
0.72416 0.951228
0.725883 0.909288
0.726198 0.215159
0.72659 0.802802
0.728141 0.87027
0.728273 0.0830427
0.728911 0.799526
0.732172 0.620621
0.738749 0.154257
0.743194 0.859754
0.744015 0.664694
0.744317 0.728316
0.7461 0.698669
0.747019 0.140863
0.748358 0.654494
0.74882 0.414895
0.749586 0.298061
0.750435 0.565039
0.752541 0.962166
0.754007 0.588917
0.755301 0.33752
0.757102 0.621429
0.761783 0.278459
0.765942 0.188716
0.767802 0.452776
0.768392 0.360607
0.768705 0.617822
0.769808 0.165417
0.770859 0.821017
0.774004 0.680065
0.774536 0.630136
0.775382 0.844185
0.775988 0.0385551
0.778415 0.817703
0.780355 0.428149
0.781162 0.98573
0.781166 0.0576383
0.781785 0.464291
0.782125 0.174504
0.782665 0.245172
0.7842 0.049001
0.789883 0.562755
0.790255 0.818959
0.793239 0.963031
0.797141 0.547669
0.798095 0.574344
0.798753 0.638161
0.799082 0.170207
0.800276 0.233488
0.801616 0.766278
0.801778 0.490034
0.803697 0.727225
0.804184 0.928
0.806747 0.998334
0.810708 0.571583
0.813937 0.83609
0.814643 0.701218
0.817852 0.643607
0.821269 0.0712583
0.823238 0.163245
0.82497 0.277127
0.826749 0.165828
0.829077 0.292478
0.83064 0.566531
0.831332 0.203825
0.834431 0.289314
0.836808 0.229202
0.837182 0.524436
0.837952 0.453214
0.838752 0.905452
0.839285 0.871552
0.840856 0.260958
0.843654 0.297867
0.843837 0.362235
0.843928 0.90079
0.846108 0.54155
0.847772 0.498155
0.848335 0.969619
0.849861 0.619949
0.851324 0.19766
0.85219 0.756452
0.852557 0.933281
0.853966 0.609794
0.858918 0.842448
0.865977 0.468832
0.867355 0.634854
0.867615 0.00921512
0.872589 0.611125
0.874172 0.211342
0.878479 0.592431
0.879464 0.149475
0.879604 0.501072
0.880637 0.868975
0.882221 0.489172
0.882822 0.596482
0.883275 0.204864
0.885015 0.450777
0.885215 0.808767
0.886617 0.365528
0.887078 0.124277
0.887528 0.67976
0.887538 0.849843
0.887935 0.521971
0.88961 0.670886
0.894541 0.551252
0.896522 0.847311
0.89746 0.613978
0.900697 0.0222396
0.902411 0.824163
0.902854 0.269341
0.904289 0.391847
0.90558 0.0759924
0.905888 0.253042
0.906442 0.574592
0.912281 0.710289
0.913078 0.0952824
0.914113 0.492448
0.916911 0.522846
0.917701 0.801792
0.920842 0.587835
0.920843 0.603034
0.922957 0.13025
0.925054 0.382065
0.927055 0.011762
0.928395 0.541351
0.929243 0.783512
0.929775 0.735055
0.930211 0.0524518
0.93126 0.680394
0.93191 0.606146
0.933346 0.746958
0.935524 0.350417
0.935857 0.948838
0.936737 0.732959
0.938405 0.776523
0.939646 0.623701
0.940289 0.44087
0.940953 0.596045
0.94146 0.124166
0.942331 0.753489
0.944827 0.711382
0.94987 0.464802
0.953262 0.474533
0.955045 0.445137
0.957471 0.222344
0.962127 0.461611
0.962618 0.723721
0.965621 0.189449
0.96661 0.811867
0.969896 0.0394088
0.972987 0.999942
0.976191 0.834789
0.976697 0.352282
0.978528 0.119899
0.979521 0.803105
0.980989 0.476775
0.981352 0.58769
0.984614 0.41496
0.988539 0.370419
0.988703 0.132117
0.989229 0.974819
0.990997 0.695331
0.992744 0.0407095
0.992778 0.611714
0.994934 0.857445
0.99502 0.296848
0.996613 0.0701682
0.998867 0.95363
