0.000332952 0.595924
0.00033386 0.611186
0.00283222 0.601175
0.00346229 0.190683
0.00366252 0.55592
0.00433906 0.926508
0.00481435 0.914828
0.00555399 0.345873
0.00629842 0.857592
0.00633513 0.474529
0.00672171 0.971793
0.00683069 0.803461
0.00728854 0.498527
0.00757267 0.27392
0.00766427 0.81339
0.00793241 0.320087
0.00928266 0.0136232
0.0124016 0.434065
0.0130289 0.977445
0.0131473 0.96589
0.0138029 0.984855
0.0142627 0.712761
0.0164802 0.982682
0.0202489 0.322788
0.0208857 0.0256374
0.0213626 0.0412874
0.022441 0.165758
0.0226929 0.399714
0.0227839 0.928337
0.0230028 0.608241
0.0237615 0.360136
0.0245636 0.841151
0.026061 0.00664531
0.0261561 0.605862
0.0265715 0.586921
0.0268819 0.80401
0.0270801 0.135171
0.0291118 0.282309
0.0296853 0.921273
0.0300886 0.699754
0.0306032 0.348737
0.0318418 0.165267
0.0330008 0.644482
0.0338344 0.654278
0.0346999 0.201064
0.0351005 0.934849
0.0352336 0.171242
0.0353341 0.861041
0.0356626 0.381754
0.0359184 0.681053
0.0371109 0.723453
0.0372815 0.590362
0.0392755 0.102898
0.0393498 0.352339
0.039451 0.0537838
0.0402306 0.155783
0.0407421 0.752017
0.0410169 0.371484
0.0428503 0.185552
0.0433183 0.0510605
0.0438685 0.298565
0.0439446 0.577261
0.0443814 0.918223
0.0445381 0.55243
0.0447978 0.916743
0.0449076 0.761692
0.0488285 0.660128
0.0490213 0.901239
0.0508979 0.441358
0.0511706 0.0243
0.0512105 0.695575
0.0514487 0.698153
0.0518688 0.758555
0.0519287 0.766169
0.052507 0.485416
0.053209 0.28294
0.0534256 0.923274
0.0535397 0.842589
0.0537448 0.288665
0.0538796 0.553702
0.0540323 0.121714
0.0553405 0.107042
0.0554577 0.0779564
0.0560036 0.252285
0.0567822 0.337692
0.0568261 0.0766581
0.0572547 0.280221
0.0581263 0.928218
0.0585507 0.0617967
0.0585744 0.46073
0.0590262 0.0539832
0.0597964 0.99764
0.0604812 0.508155
0.0607981 0.834015
0.0615224 0.00762698
0.0625389 0.0914797
0.0625391 0.0938824
0.0632152 0.457974
0.0632369 0.822972
0.063806 0.388024
0.0638929 0.848112
0.0643572 0.652137
0.0656027 0.585256
0.0660592 0.257156
0.0674379 0.428657
0.0674635 0.858223
0.0675251 0.893667
0.0690961 0.297802
0.0696879 0.24482
0.0699281 0.281019
0.0699485 0.624331
0.0711488 0.797142
0.0711639 0.0518042
0.0724555 0.760086
0.0734693 0.798648
0.0736798 0.336182
0.0737143 0.916656
0.0741756 0.669787
0.0742948 0.672648
0.0743701 0.938274
0.0745721 0.332516
0.0754369 0.868243
0.0754523 0.127022
0.0780467 0.730472
0.0792033 0.169695
0.0792336 0.678941
0.0794581 0.453145
0.0809642 0.764891
0.0816364 0.0637731
0.082211 0.720918
0.082402 0.930168
0.0824954 0.500748
0.0827432 0.664634
0.083008 0.115225
0.0841067 0.581738
0.0841356 0.0670438
0.0849842 0.329451
0.0851113 0.465667
0.0852908 0.482889
0.0865083 0.945815
0.086674 0.730015
0.088506 0.520196
0.0898868 0.727142
0.0908403 0.752173
0.0915278 0.307001
0.091723 0.587932
0.0920306 0.758728
0.0923638 0.358456
0.0931148 0.980942
0.093355 0.017173
0.0934877 0.247532
0.0936671 0.262774
0.0938601 0.506835
0.0941404 0.217542
0.0945467 0.0471607
0.0945495 0.0941346
0.095022 0.0352228
0.0952265 0.471022
0.0954657 0.491624
0.0956898 0.258573
0.0964877 0.669104
0.0967804 0.588086
0.0974424 0.714569
0.0978406 0.407625
0.0992074 0.379498
0.0995123 0.503516
0.0998875 0.809598
0.102119 0.312205
0.102353 0.251178
0.102438 0.678277
0.102686 0.841898
0.103423 0.229553
0.103768 0.0218647
0.104542 0.0325775
0.104763 0.754321
0.105571 0.335897
0.105994 0.445246
0.106889 0.491754
0.107256 0.647608
0.107597 0.3786
0.109245 0.0752129
0.109639 0.695296
0.109818 0.707806
0.110272 0.333985
0.110283 0.53189
0.110692 0.397111
0.111511 0.160212
0.111697 0.285359
0.111801 0.0327294
0.113183 0.262794
0.11333 0.743738
0.11356 0.609651
0.113562 0.636088
0.114074 0.239421
0.114096 0.607596
0.114375 0.304075
0.114466 0.823956
0.11452 0.732269
0.11452 0.734163
0.115087 0.269686
0.11527 0.344479
0.116186 0.742485
0.116527 0.476529
0.117718 0.491607
0.118805 0.755622
0.119243 0.123828
0.11956 0.453069
0.119781 0.151725
0.119861 0.508402
0.120039 0.492558
0.120328 0.345251
0.120802 0.327357
0.121124 0.734009
0.121342 0.401805
0.124264 0.508242
0.125339 0.564717
0.126477 0.69349
0.126516 0.346256
0.126735 0.0319518
0.126883 0.527789
0.127891 0.45974
0.128645 0.141792
0.128682 0.766203
0.129089 0.604415
0.129733 0.43053
0.129912 0.436834
0.130078 0.225745
0.131751 0.338595
0.132334 0.1438
0.135745 0.466499
0.135952 0.947418
0.138662 0.498711
0.138931 0.0192372
0.139714 0.176428
0.139873 0.847474
0.140392 0.573406
0.140753 0.636197
0.14095 0.945695
0.142248 0.765604
0.142298 0.605679
0.143769 0.326761
0.144113 0.111419
0.144129 0.378517
0.146862 0.30751
0.146894 0.84663
0.147071 0.820642
0.147331 0.189681
0.147925 0.171402
0.148054 0.340464
0.148824 0.283361
0.149065 0.340496
0.149276 0.884566
0.150165 0.826811
0.150704 0.881255
0.150775 0.0804583
0.150786 0.264464
0.151612 0.149648
0.152678 0.0615076
0.153183 0.550653
0.153613 0.774047
0.154842 0.433557
0.154991 0.929449
0.156711 0.841669
0.158378 0.863397
0.15905 0.158703
0.159183 0.395949
0.160188 0.281536
0.160359 0.15829
0.16178 0.0421622
0.16233 0.287225
0.162508 0.27477
0.162879 0.503902
0.164784 0.518777
0.165214 0.747454
0.165324 0.595142
0.165798 0.558645
0.165823 0.993361
0.16615 0.482565
0.167125 0.868454
0.16716 0.460238
0.167727 0.991855
0.167935 0.487605
0.168541 0.671832
0.16901 0.555483
0.16929 0.264625
0.169979 0.830911
0.170303 0.290453
0.170603 0.326987
0.170708 0.0829899
0.170936 0.92461
0.170948 0.124558
0.171322 0.405768
0.171731 0.284708
0.172268 0.315978
0.172544 0.952687
0.172872 0.462733
0.173293 0.538874
0.174649 0.324816
0.174866 0.972757
0.17487 0.035861
0.17546 0.95778
0.175591 0.161803
0.176614 0.35614
0.176862 0.520238
0.177137 0.146178
0.177153 0.413676
0.178303 0.736269
0.178455 0.30025
0.178954 0.677299
0.179347 0.289023
0.179647 0.324728
0.17999 0.0866658
0.18012 0.273032
0.180246 0.400921
0.180278 0.932527
0.182724 0.040813
0.18277 0.820038
0.183381 0.0809712
0.183809 0.285277
0.184756 0.187113
0.185127 0.422695
0.186686 0.623657
0.186905 0.309431
0.187913 0.249318
0.188662 0.839833
0.189823 0.362617
0.189878 0.274843
0.190358 0.34012
0.190683 0.817514
0.190789 0.593842
0.191602 0.254409
0.192243 0.02959
0.192658 0.999449
0.192715 0.958195
0.193211 0.296299
0.193225 0.534722
0.193702 0.541215
0.193978 0.191824
0.194072 0.774355
0.19416 0.243309
0.194187 0.700956
0.195358 0.390082
0.197134 0.230745
0.19783 0.924076
0.198579 0.51492
0.199686 0.118458
0.200283 0.158547
0.200286 0.203016
0.201049 0.0361956
0.201125 0.311111
0.201507 0.725369
0.202134 0.25992
0.202216 0.644616
0.203032 0.351007
0.203817 0.555508
0.204008 0.770182
0.205473 0.379856
0.205889 0.380065
0.206698 0.967151
0.206919 0.688128
0.206945 0.116379
0.207006 0.144177
0.207102 0.767812
0.20878 0.963004
0.209359 0.705104
0.209684 0.153752
0.209824 0.513308
0.210506 0.9762
0.210602 0.59402
0.210683 0.949892
0.210706 0.336593
0.210744 0.973502
0.211059 0.260567
0.211128 0.435172
0.211553 0.566904
0.211779 0.36843
0.212131 0.284922
0.212688 0.644908
0.213057 0.846844
0.213732 0.191745
0.213784 0.0664828
0.213901 0.0394401
0.215041 0.18864
0.215555 0.835205
0.216429 0.518531
0.217094 0.697623
0.218383 0.369105
0.218592 0.877659
0.218955 0.983166
0.219062 0.76685
0.219782 0.882344
0.219881 0.542066
0.220033 0.0914198
0.220333 0.138739
0.220443 0.979032
0.221015 0.594517
0.222696 0.849189
0.222916 0.542288
0.22367 0.218322
0.224287 0.595336
0.224548 0.984176
0.22467 0.0241118
0.225331 0.139419
0.225501 0.993336
0.227212 0.75266
0.22756 0.595287
0.22767 0.448869
0.229428 0.00148968
0.230093 0.169961
0.231279 0.109562
0.231536 0.425687
0.231729 0.671964
0.232245 0.334581
0.23232 0.598876
0.232681 0.662778
0.232731 0.50376
0.232829 0.154209
0.233628 0.585354
0.234168 0.662494
0.234473 0.779969
0.23494 0.644406
0.23827 0.598517
0.238481 0.153285
0.239274 0.481341
0.240245 0.797091
0.240568 0.223105
0.242701 0.0835834
0.242876 0.0109116
0.243972 0.443874
0.245164 0.474308
0.246094 0.105837
0.246206 0.978577
0.246451 0.103176
0.246454 0.144546
0.246974 0.893339
0.247089 0.822453
0.247308 0.505245
0.247876 0.0593007
0.248885 0.00907987
0.249019 0.259145
0.249146 0.395854
0.250238 0.751507
0.250767 0.633935
0.252263 0.785319
0.252519 0.0791392
0.253902 0.323072
0.25428 0.684502
0.254809 0.5719
0.255395 0.427451
0.256126 0.705561
0.256194 0.849267
0.256335 0.220282
0.256446 0.0849219
0.257059 0.39859
0.257165 0.174369
0.257691 0.0103871
0.257736 0.767948
0.258366 0.350702
0.258766 0.0770048
0.258911 0.515232
0.259025 0.440143
0.259275 0.640493
0.259281 0.732476
0.26213 0.625207
0.262188 0.597571
0.26299 0.0705248
0.263003 0.295494
0.263028 0.704171
0.263681 0.689005
0.264257 0.374223
0.265416 0.84691
0.265696 0.553611
0.26625 0.864266
0.266591 0.589287
0.267067 0.586694
0.268529 0.16064
0.26924 0.117243
0.269319 0.442176
0.270651 0.826665
0.270654 0.87828
0.270934 0.583892
0.271661 0.81279
0.271985 0.244282
0.272003 0.553643
0.272425 0.641031
0.272673 0.818167
0.272798 0.912199
0.273795 0.667704
0.273866 0.863072
0.273871 0.953052
0.274107 0.917061
0.2753 0.96296
0.275464 0.727828
0.275829 0.851328
0.276392 0.324412
0.276874 0.420267
0.278486 0.521231
0.278798 0.755491
0.278893 0.352008
0.278965 0.564054
0.279363 0.257353
0.279477 0.169898
0.280479 0.0109535
0.280798 0.36923
0.280969 0.241719
0.281547 0.9679
0.282331 0.129991
0.282826 0.464464
0.283146 0.835388
0.283763 0.198581
0.283768 0.294845
0.283888 0.30155
0.284497 0.538331
0.284743 0.678825
0.285268 0.498916
0.286483 0.923212
0.286591 0.728153
0.286976 0.209333
0.287203 0.0135905
0.287603 0.737068
0.287993 0.305192
0.290281 0.759556
0.290508 0.571812
0.29067 0.286521
0.290718 0.103719
0.290784 0.201821
0.2914 0.56006
0.291545 0.994437
0.291808 0.422471
0.292143 0.0453576
0.292315 0.935346
0.293067 0.571763
0.293664 0.606233
0.294484 0.395951
0.294852 0.581334
0.295085 0.495176
0.295323 0.500516
0.29643 0.0972218
0.296455 0.513765
0.296878 0.629374
0.297596 0.690498
0.298279 0.167368
0.298678 0.881688
0.298823 0.326309
0.299243 0.373728
0.299399 0.00426462
0.299523 0.0791916
0.299598 0.335019
0.299891 0.2683
0.300073 0.324161
0.300236 0.0739399
0.30071 0.0262903
0.303044 0.268074
0.303394 0.146514
0.304328 0.848168
0.304759 0.0884358
0.30515 0.649993
0.305417 0.150617
0.305597 0.172895
0.306361 0.00753806
0.307481 0.831216
0.307799 0.172572
0.308691 0.172592
0.309271 0.918519
0.309721 0.482219
0.309982 0.863319
0.310304 0.286391
0.312119 0.779897
0.312334 0.397018
0.313243 0.68054
0.315434 0.503584
0.315813 0.866954
0.316098 0.652497
0.316153 0.575148
0.316566 0.53153
0.316822 0.829991
0.318016 0.902868
0.318273 0.210587
0.318542 0.737485
0.319085 0.861028
0.319252 0.674513
0.319574 0.075483
0.319834 0.443622
0.31987 0.0483815
0.320017 0.518587
0.320167 0.0472322
0.320419 0.289336
0.320637 0.939273
0.320913 0.591259
0.321054 0.950917
0.321361 0.121196
0.322003 0.900329
0.322166 0.636107
0.322653 0.828265
0.323792 0.975548
0.324676 0.824683
0.324687 0.00691217
0.325634 0.938872
0.325699 0.0199989
0.325964 0.472131
0.325995 0.99883
0.326753 0.729343
0.326914 0.446439
0.327276 0.528819
0.328006 0.800238
0.328231 0.581446
0.328259 0.0509032
0.328818 0.440105
0.329449 0.0561126
0.330451 0.887088
0.331119 0.119156
0.332185 0.0391782
0.333941 0.553591
0.334641 0.316459
0.334826 0.416539
0.335886 0.240438
0.335947 0.265794
0.336773 0.146486
0.339878 0.324874
0.339898 0.672435
0.339934 0.265768
0.341207 0.669839
0.341321 0.575881
0.341714 0.180796
0.342169 0.831346
0.342488 0.199719
0.343433 0.0739751
0.345609 0.649455
0.345882 0.243033
0.346374 0.504032
0.34664 0.970713
0.347136 0.308215
0.348008 0.975699
0.348402 0.594366
0.348794 0.176186
0.349689 0.218937
0.349839 0.751574
0.350982 0.955614
0.351479 0.312274
0.351929 0.877939
0.353615 0.202102
0.354153 0.253642
0.354224 0.450161
0.355799 0.909965
0.359264 0.142394
0.360254 0.781537
0.360394 0.144216
0.361321 0.716953
0.361765 0.189751
0.363064 0.020007
0.363441 0.357206
0.36376 0.715076
0.364258 0.0869195
0.364933 0.434685
0.365382 0.982076
0.365569 0.111426
0.365975 0.943025
0.366094 0.935008
0.366209 0.873161
0.366401 0.101719
0.366421 0.435991
0.367123 0.244409
0.367738 0.576625
0.367757 0.884209
0.368383 0.413838
0.368883 0.817574
0.368951 0.965342
0.369112 0.667036
0.370176 0.550212
0.370461 0.338416
0.370553 0.876555
0.371842 0.54922
0.372384 0.657157
0.372696 0.909363
0.373167 0.823466
0.373472 0.936558
0.373518 0.709537
0.373777 0.0710476
0.374538 0.852808
0.375113 0.520957
0.375591 0.55215
0.376679 0.850381
0.376789 0.694704
0.378152 0.601783
0.37945 0.419767
0.379718 0.924062
0.380776 0.701158
0.381577 0.164674
0.381622 0.916036
0.382217 0.928381
0.382343 0.0438408
0.382916 0.670009
0.383958 0.175046
0.384362 0.972529
0.384614 0.202869
0.384812 0.532003
0.385606 0.882623
0.387152 0.8702
0.387763 0.138381
0.387894 0.341707
0.389152 0.469492
0.390343 0.492264
0.390581 0.499208
0.390842 0.881482
0.39086 0.184644
0.391612 0.816365
0.393437 0.491937
0.393456 0.819791
0.394656 0.989722
0.395299 0.786903
0.395359 0.790721
0.395932 0.429176
0.395939 0.550884
0.397276 0.0101377
0.397351 0.282478
0.398186 0.311707
0.399998 0.76926
0.400744 0.306227
0.400913 0.14777
0.401242 0.67771
0.402293 0.342358
0.4032 0.588423
0.403297 0.213521
0.404064 0.107739
0.404069 0.188209
0.404677 0.398741
0.405078 0.145729
0.405536 0.84996
0.407612 0.742786
0.408033 0.804026
0.409413 0.00468725
0.40961 0.313527
0.409679 0.475806
0.410448 0.400632
0.411899 0.789814
0.412053 0.379191
0.41266 0.569993
0.41272 0.584956
0.412884 0.338977
0.413998 0.0690201
0.414119 0.0990707
0.414325 0.564039
0.414817 0.835228
0.415163 0.639506
0.416094 0.292291
0.416207 0.18945
0.416591 0.648177
0.417973 0.866831
0.418884 0.191551
0.419052 0.999551
0.419192 0.359944
0.419626 0.648274
0.419711 0.0877627
0.420163 0.677165
0.421154 0.340304
0.422769 0.480665
0.422966 0.783009
0.423112 0.246109
0.423507 0.881187
0.424227 0.989872
0.424471 0.0886353
0.424952 0.169299
0.425087 0.442374
0.425163 0.720248
0.425791 0.269787
0.426529 0.66753
0.42655 0.0202884
0.427283 0.345372
0.4288 0.849514
0.429313 0.45967
0.429634 0.852469
0.431092 0.358452
0.431751 0.433241
0.432056 0.558331
0.432316 0.93731
0.43233 0.172759
0.433299 0.448735
0.433351 0.325429
0.434441 0.642577
0.437059 0.645657
0.437617 0.0265543
0.437836 0.715545
0.442177 0.676692
0.442791 0.995118
0.443296 0.472289
0.443838 0.590902
0.444049 0.139064
0.444576 0.982956
0.445196 0.404197
0.445382 0.536216
0.445746 0.649213
0.446181 0.960302
0.446527 0.779082
0.447013 0.948411
0.447265 0.18538
0.44734 0.449793
0.447575 0.390377
0.447615 0.0655738
0.447702 0.533143
0.448087 0.00448627
0.448265 0.992148
0.44848 0.609425
0.448847 0.767432
0.448937 0.289089
0.45012 0.170822
0.451242 0.0230743
0.451413 0.898795
0.451791 0.254293
0.451815 0.653993
0.452251 0.984014
0.454903 0.560767
0.45495 0.352639
0.454978 0.821525
0.455323 0.61656
0.45541 0.0835345
0.456308 0.167766
0.456404 0.776163
0.456884 0.844508
0.458157 0.252547
0.459317 0.748494
0.460276 0.855335
0.461202 0.429512
0.461454 0.664517
0.463369 0.836569
0.463472 0.571683
0.463698 0.367252
0.464187 0.587531
0.464397 0.127992
0.464905 0.650455
0.465308 0.427503
0.465635 0.929308
0.465816 0.96979
0.466151 0.596394
0.467146 0.327927
0.467566 0.38278
0.467659 0.942216
0.468021 0.0328214
0.468201 0.0461458
0.468725 0.853676
0.468823 0.504124
0.468915 0.0540972
0.469835 0.514753
0.470755 0.983783
0.472159 0.573039
0.472511 0.49667
0.472709 0.819918
0.472753 0.561412
0.473104 0.461986
0.4733 0.749937
0.474238 0.525315
0.47551 0.897149
0.475952 0.332677
0.476048 0.942656
0.476766 0.0132257
0.477189 0.11017
0.477573 0.570125
0.477716 0.971138
0.478521 0.496161
0.479056 0.490733
0.479117 0.513138
0.479593 0.513683
0.480666 0.5551
0.481081 0.532958
0.481842 0.310429
0.481885 0.0421167
0.482193 0.223283
0.482278 0.643315
0.482532 0.914994
0.483981 0.265975
0.483986 0.353779
0.484433 0.863806
0.484865 0.131584
0.48503 0.901313
0.485075 0.657278
0.485819 0.157234
0.486039 0.851757
0.486108 0.00908172
0.4877 0.769911
0.488007 0.927183
0.488321 0.21406
0.488439 0.19572
0.489456 0.286899
0.490933 0.106264
0.491998 0.012465
0.492421 0.117173
0.492869 0.651697
0.493216 0.48728
0.494068 0.806155
0.494411 0.57289
0.495909 0.74643
0.495922 0.96873
0.496204 0.699802
0.496725 0.46352
0.497412 0.997334
0.497848 0.329249
0.498733 0.199163
0.499111 0.551091
0.499633 0.337341
0.499836 0.746053
0.500026 0.931065
0.500354 0.451981
0.501186 0.432553
0.502332 0.690227
0.502414 0.0671124
0.502961 0.261108
0.503758 0.653771
0.504389 0.265154
0.504549 0.95892
0.505304 0.641778
0.505644 0.365234
0.505945 0.410456
0.506164 0.106106
0.506487 0.519512
0.507801 0.608156
0.509978 0.194843
0.511564 0.86005
0.512712 0.149656
0.51315 0.512125
0.513237 0.980696
0.51451 0.375618
0.514755 0.491513
0.514854 0.15572
0.514872 0.454437
0.516174 0.334735
0.517316 0.532623
0.517938 0.991212
0.518057 0.987343
0.518334 0.640065
0.518809 0.621216
0.519296 0.810784
0.520041 0.326565
0.521189 0.624951
0.521632 0.0625379
0.523393 0.669262
0.523597 0.0883839
0.524494 0.169672
0.524787 0.101334
0.525083 0.0719547
0.526673 0.789622
0.526981 0.970279
0.527435 0.595159
0.528077 0.387135
0.528382 0.522673
0.529079 0.231563
0.529147 0.380302
0.529358 0.913407
0.530422 0.806271
0.531269 0.0442607
0.531901 0.65915
0.531935 0.238246
0.532035 0.916924
0.532285 0.114996
0.533195 0.413052
0.533935 0.852839
0.53431 0.152956
0.53432 0.309233
0.534404 0.73616
0.534406 0.761017
0.53445 0.508795
0.535195 0.0170238
0.537237 0.337617
0.537483 0.478299
0.538279 0.848258
0.538463 0.94199
0.53864 0.921943
0.53896 0.297078
0.538986 0.734478
0.539089 0.467095
0.539813 0.644714
0.541146 0.0371934
0.542466 0.226649
0.54265 0.3242
0.543328 0.715215
0.5437 0.964023
0.544783 0.15947
0.545482 0.909872
0.546086 0.0718876
0.546359 0.650486
0.546439 0.00561385
0.546475 0.603079
0.546536 0.636559
0.546665 0.805621
0.546753 0.281596
0.547271 0.980481
0.547363 0.530172
0.547397 0.0970986
0.549265 0.494371
0.549988 0.655766
0.550559 0.242943
0.550697 0.56329
0.551455 0.298311
0.552019 0.788011
0.552231 0.342364
0.553207 0.749971
0.553355 0.242733
0.553628 0.829149
0.554057 0.042534
0.554482 0.172215
0.555147 0.354743
0.555171 0.767475
0.555294 0.827179
0.556195 0.974976
0.556214 0.287835
0.556607 0.899982
0.556885 0.564616
0.557196 0.797577
0.557356 0.483321
0.557522 0.269383
0.55897 0.610197
0.559079 0.432325
0.559296 0.0806261
0.559916 0.512002
0.560137 0.227986
0.561026 0.162499
0.561779 0.818426
0.562096 0.149053
0.563806 0.88561
0.564011 0.325331
0.564106 0.920994
0.564672 0.434463
0.565247 0.106384
0.566284 0.527193
0.566424 0.883963
0.566471 0.678105
0.566495 0.0899988
0.567564 0.0491136
0.56781 0.187447
0.568208 0.878077
0.568365 0.518342
0.568602 0.494654
0.569041 0.876728
0.569603 0.322921
0.569751 0.802636
0.570179 0.00124417
0.570519 0.713555
0.570784 0.16031
0.570893 0.0033571
0.571459 0.514579
0.571937 0.548355
0.57266 0.696422
0.573604 0.555252
0.573769 0.342105
0.573901 0.553555
0.574496 0.555366
0.574588 0.104423
0.575697 0.740722
0.576501 0.258748
0.577508 0.175547
0.57759 0.556502
0.577821 0.438561
0.579396 0.916202
0.580895 0.10606
0.580998 0.841127
0.581293 0.794225
0.582211 0.227089
0.582469 0.562146
0.583149 0.983222
0.583993 0.168845
0.584961 0.43636
0.585307 0.249646
0.585339 0.787295
0.585638 0.812418
0.585743 0.586688
0.586747 0.462288
0.586827 0.798962
0.588814 0.190159
0.589412 0.253578
0.59055 0.379573
0.590726 0.328706
0.59091 0.424755
0.592099 0.401351
0.593537 0.580668
0.595388 0.688076
0.59548 0.237415
0.595849 0.4391
0.596015 0.226399
0.597779 0.873195
0.59838 0.970878
0.600172 0.0882809
0.600776 0.236444
0.600899 0.307419
0.601363 0.115185
0.602322 0.218362
0.602493 0.103694
0.603273 0.215633
0.603337 0.276905
0.604625 0.929009
0.604756 0.140788
0.605388 0.757242
0.606875 0.74547
0.607306 0.986912
0.607342 0.593056
0.607726 0.0543032
0.608231 0.532351
0.608342 0.397007
0.608365 0.7891
0.609614 0.778405
0.610104 0.0106888
0.610551 0.523103
0.612443 0.328208
0.612553 0.18089
0.612631 0.482704
0.613205 0.133048
0.614211 0.0467164
0.614225 0.27419
0.61437 0.715704
0.615703 0.113818
0.616476 0.11031
0.617194 0.181608
0.618296 0.694298
0.619021 0.894261
0.619305 0.662109
0.619494 0.829386
0.619994 0.239814
0.620119 0.335167
0.620926 0.911249
0.622435 0.26968
0.622826 0.838203
0.623657 0.798332
0.624538 0.615488
0.626299 0.205081
0.626483 0.30635
0.626551 0.442191
0.629278 0.278622
0.629671 0.875993
0.630028 0.881957
0.630057 0.365258
0.632903 0.194572
0.634082 0.0192118
0.635991 0.100712
0.635997 0.197916
0.636529 0.146101
0.63854 0.937131
0.639386 0.161636
0.639947 0.586165
0.640315 0.775227
0.64045 0.0369146
0.640784 0.649807
0.640886 0.365707
0.642453 0.707849
0.642479 0.150235
0.642725 0.282863
0.643138 0.226637
0.643581 0.659449
0.643755 0.591379
0.644032 0.245322
0.644493 0.991894
0.645326 0.997025
0.645774 0.530625
0.64655 0.562007
0.646846 0.548876
0.646936 0.0564461
0.647236 0.0976297
0.647373 0.401791
0.647395 0.764841
0.647482 0.225875
0.647552 0.41139
0.648135 0.201341
0.648422 0.0301165
0.648449 0.474599
0.648586 0.78971
0.648605 0.105473
0.648644 0.76749
0.648875 0.646113
0.649514 0.374116
0.649912 0.0725102
0.65099 0.19428
0.651503 0.805783
0.65175 0.961272
0.651957 0.433644
0.652283 0.921048
0.652891 0.141833
0.652947 0.0745716
0.65345 0.542116
0.654244 0.872747
0.65511 0.435421
0.655113 0.481268
0.655757 0.310381
0.655891 0.558231
0.656653 0.365028
0.656743 0.8817
0.65727 0.735218
0.658387 0.509105
0.65858 0.756109
0.658918 0.429225
0.659545 0.966883
0.659615 0.14933
0.660017 0.905365
0.660125 0.72023
0.660994 0.321464
0.661034 0.995604
0.661174 0.35473
0.662537 0.256353
0.662984 0.768259
0.663184 0.138411
0.663281 0.761811
0.665027 0.115071
0.665619 0.059569
0.666086 0.909621
0.666835 0.488803
0.667475 0.253802
0.66785 0.560956
0.668369 0.279437
0.668587 0.938312
0.669788 0.134007
0.670212 0.251456
0.670292 0.600432
0.671674 0.832196
0.672032 0.845782
0.672891 0.286506
0.673335 0.747963
0.673839 0.205364
0.674634 0.571785
0.674956 0.985489
0.675436 0.0483159
0.675502 0.160599
0.675779 0.815473
0.677008 0.470107
0.677045 0.10218
0.677318 0.678235
0.678231 0.0267313
0.678341 0.877049
0.678711 0.0877508
0.679395 0.594877
0.679605 0.121298
0.680041 0.457635
0.680129 0.924281
0.680804 0.27351
0.681304 0.677168
0.681479 0.620548
0.681769 0.486914
0.681872 0.21986
0.682303 0.472925
0.683332 0.753736
0.684121 0.0292693
0.685567 0.327618
0.685844 0.976137
0.686016 0.868184
0.686781 0.726603
0.687005 0.493177
0.687713 0.39249
0.687719 0.485123
0.689073 0.241888
0.689705 0.880476
0.689793 0.350667
0.690283 0.584719
0.691672 0.925183
0.691715 0.660236
0.69217 0.299171
0.693035 0.833576
0.693657 0.292462
0.693678 0.645079
0.694462 0.827761
0.694715 0.0762038
0.695374 0.154218
0.695643 0.667732
0.695655 0.865552
0.696011 0.849703
0.697512 0.0802271
0.697779 0.570497
0.698129 0.455864
0.700303 0.994161
0.700542 0.0159053
0.700824 0.742469
0.701233 0.615641
0.702362 0.605817
0.702773 0.510593
0.702827 0.419586
0.702985 0.0733593
0.704568 0.680135
0.704742 0.602642
0.705589 0.827287
0.705816 0.650155
0.708767 0.249653
0.709357 0.16582
0.710135 0.24027
0.710174 0.895439
0.710729 0.215541
0.710768 0.881816
0.711648 0.662587
0.711832 0.758198
0.712246 0.713539
0.712802 0.0552816
0.714012 0.396845
0.714397 0.862772
0.714736 0.575826
0.71545 0.572006
0.715661 0.116851
0.716069 0.973502
0.716404 0.600105
0.71653 0.714493
0.71658 0.558864
0.717345 0.412987
0.718304 0.535793
0.718788 0.672188
0.719376 0.545709
0.719755 0.924865
0.719994 0.931457
0.721897 0.926946
0.722725 0.840814
0.72278 0.757846
0.72293 0.280965
0.722939 0.437453
0.723559 0.862428
0.723782 0.60416
0.724354 0.211858
0.724729 0.517212
0.724747 0.828638
0.725188 0.227531
0.725935 0.795812
0.726429 0.0873725
0.727248 0.862244
0.727841 0.816024
0.728458 0.187247
0.729131 0.509718
0.730071 0.311549
0.731531 0.842943
0.731865 0.446467
0.731968 0.19188
0.734445 0.817427
0.734839 0.431484
0.734846 0.559398
0.734974 0.708425
0.735697 0.859239
0.73622 0.651962
0.73645 0.51343
0.736718 0.0150084
0.7371 0.437726
0.737696 0.46253
0.737943 0.611257
0.738196 0.865061
0.738513 0.184574
0.739726 0.580507
0.741218 0.656429
0.74187 0.617103
0.742439 0.176136
0.742689 0.368824
0.743996 0.341066
0.744335 0.0358845
0.745094 0.791497
0.745211 0.769197
0.745606 0.395627
0.747439 0.207025
0.747721 0.943528
0.747889 0.77856
0.747954 0.854647
0.748462 0.39313
0.748537 0.66331
0.749251 0.656415
0.749828 0.352402
0.750147 0.719531
0.750249 0.431776
0.750473 0.2085
0.752352 0.783869
0.753523 0.454204
0.753551 0.931346
0.754381 0.888737
0.754849 0.750419
0.754873 0.157273
0.755165 0.0595772
0.755371 0.516586
0.755581 0.0447761
0.755687 0.832053
0.755802 0.761394
0.75639 0.64843
0.756506 0.593737
0.757256 0.203583
0.757473 0.844363
0.759271 0.0609965
0.759418 0.540743
0.759768 0.414644
0.760094 0.892116
0.760636 0.012294
0.760894 0.349331
0.761291 0.0202858
0.762583 0.737083
0.763552 0.0240705
0.763624 0.232892
0.764296 0.516639
0.764444 0.018674
0.764931 0.189137
0.765173 0.269579
0.765268 0.859217
0.76558 0.108887
0.765615 0.694151
0.766039 0.825758
0.766121 0.198135
0.767525 0.785262
0.768488 0.986144
0.768494 0.0857658
0.769653 0.558563
0.76979 0.861425
0.770513 0.00382574
0.770539 0.449138
0.771271 0.743089
0.771437 0.541618
0.771668 0.431927
0.772108 0.818156
0.773061 0.843493
0.773169 0.655822
0.77344 0.205321
0.774218 0.28608
0.774412 0.547422
0.774968 0.889743
0.775553 0.717965
0.775775 0.44496
0.776118 0.212642
0.776499 0.613039
0.776914 0.598927
0.777675 0.382284
0.777792 0.345113
0.778699 0.594043
0.78073 0.731288
0.781326 0.742443
0.782092 0.61351
0.782283 0.826994
0.78316 0.563593
0.783481 0.964852
0.783646 0.733305
0.784201 0.0596292
0.785792 0.8004
0.787964 0.307814
0.788857 0.323995
0.789513 0.338185
0.789759 0.485605
0.790962 0.6979
0.791031 0.861783
0.791243 0.426828
0.791514 0.981234
0.792592 0.0977062
0.796603 0.511241
0.797254 0.44057
0.797264 0.608916
0.797953 0.195855
0.798446 0.476404
0.798486 0.15506
0.799722 0.920938
0.799853 0.13436
0.801307 0.56769
0.801406 0.229111
0.801707 0.285799
0.804243 0.912902
0.805381 0.0352887
0.80567 0.894478
0.805909 0.909186
0.805976 0.0312605
0.806795 0.804755
0.806922 0.942355
0.807142 0.641911
0.807191 0.460949
0.807275 0.865078
0.807669 0.4951
0.808152 0.604706
0.808858 0.472025
0.809806 0.404533
0.810439 0.0517527
0.810465 0.487454
0.811026 0.920671
0.811572 0.098678
0.811867 0.0431902
0.812571 0.884761
0.813954 0.125157
0.814379 0.272573
0.814704 0.736427
0.817305 0.452076
0.818333 0.724576
0.818345 0.928085
0.818525 0.955403
0.818558 0.510065
0.818824 0.967652
0.819127 0.0723545
0.819335 0.571579
0.819349 0.791555
0.819531 0.858709
0.819849 0.19868
0.820234 0.675345
0.820913 0.0790143
0.822361 0.419962
0.823116 0.112556
0.823205 0.603268
0.823814 0.837764
0.824025 0.384808
0.824122 0.0246358
0.826905 0.793164
0.827197 0.695132
0.828241 0.241859
0.828535 0.19268
0.82858 0.938141
0.828995 0.920609
0.829578 0.715717
0.829981 0.486458
0.831112 0.49379
0.831305 0.746906
0.83243 0.647189
0.832771 0.376576
0.832834 0.436924
0.832842 0.568352
0.833225 0.0164665
0.833753 0.878585
0.834273 0.62683
0.834324 0.491237
0.834967 0.294491
0.835855 0.216004
0.835903 0.0164071
0.836374 0.934314
0.836404 0.444045
0.836435 0.9686
0.83681 0.265125
0.83708 0.808904
0.837402 0.207134
0.837772 0.437135
0.839013 0.288391
0.839794 0.418338
0.839965 0.292643
0.841086 0.140144
0.841581 0.455904
0.84266 0.584311
0.842987 0.0805905
0.843008 0.42967
0.843893 0.313953
0.845622 0.372753
0.845729 0.166847
0.845976 0.311786
0.847965 0.740901
0.848025 0.752381
0.84937 0.361831
0.849788 0.39481
0.850308 0.127089
0.850453 0.556159
0.850923 0.466364
0.851834 0.775361
0.8534 0.0917937
0.85412 0.197598
0.854234 0.110785
0.85438 0.572257
0.854966 0.411772
0.855669 0.222084
0.855676 0.342821
0.85585 0.267567
0.855924 0.522705
0.856514 0.426428
0.856538 0.841249
0.857056 0.548554
0.857238 0.604516
0.857615 0.938413
0.858685 0.926015
0.858717 0.455
0.859341 0.941967
0.859422 0.30183
0.860346 0.836453
0.860686 0.55072
0.862194 0.895642
0.862988 0.247021
0.863389 0.973942
0.863583 0.241842
0.864126 0.364289
0.864843 0.412961
0.864978 0.693589
0.865124 0.133162
0.865177 0.024335
0.865761 0.843971
0.866131 0.0614813
0.867351 0.571992
0.868167 0.278297
0.868473 0.422163
0.869092 0.833644
0.86923 0.151659
0.869953 0.299491
0.870149 0.602954
0.872763 0.525955
0.873955 0.562235
0.874716 0.349771
0.875007 0.244797
0.875213 0.701712
0.875565 0.620576
0.875639 0.866323
0.876229 0.783037
0.876295 0.882556
0.877081 0.104886
0.877188 0.8993
0.877467 0.585355
0.877593 0.712718
0.877944 0.597451
0.878548 0.763201
0.879277 0.0146617
0.881142 0.357298
0.881912 0.302966
0.881937 0.716887
0.882326 0.246333
0.882818 0.530201
0.883075 0.843008
0.883632 0.199745
0.88607 0.182512
0.886298 0.00782997
0.887874 0.494071
0.888688 0.178267
0.889276 0.0636207
0.889499 0.803835
0.890294 0.17424
0.891492 0.307074
0.891689 0.622363
0.891883 0.870862
0.893845 0.856825
0.894656 0.476194
0.895362 0.349845
0.895836 0.320587
0.895909 0.540296
0.896523 0.858424
0.897431 0.119915
0.897569 0.447892
0.897855 0.255419
0.898308 0.863135
0.900132 0.513968
0.900219 0.986327
0.900622 0.762531
0.90091 0.597411
0.900929 0.909715
0.901304 0.216532
0.901438 0.461307
0.901727 0.31904
0.901909 0.390217
0.902216 0.542942
0.902401 0.658549
0.902519 0.634206
0.902764 0.761333
0.902771 0.863796
0.90298 0.388839
0.903464 0.525414
0.90579 0.609481
0.90582 0.118915
0.906242 0.215772
0.906525 0.961378
0.907402 0.712307
0.907438 0.31349
0.9075 0.350343
0.907851 0.258187
0.908188 0.921019
0.909591 0.494419
0.910637 0.0791359
0.910838 0.450024
0.911147 0.639963
0.912412 0.907495
0.91326 0.167093
0.914003 0.641543
0.91416 0.287247
0.914335 0.229579
0.914464 0.391284
0.916639 0.957036
0.917339 0.721423
0.917423 0.130984
0.917586 0.862637
0.917972 0.357733
0.918073 0.057644
0.918228 0.650277
0.919705 0.478902
0.920547 0.635794
0.921071 0.437493
0.921126 0.372518
0.921212 0.817797
0.923812 0.514608
0.924403 0.449222
0.924631 0.275807
0.925884 0.333061
0.927261 0.475314
0.928929 0.503029
0.929404 0.492821
0.929821 0.498063
0.930158 0.158759
0.930969 0.804378
0.931104 0.0710744
0.931592 0.264101
0.932013 0.341111
0.932217 0.779227
0.933317 0.260298
0.933794 0.277709
0.934099 0.406807
0.934335 0.373758
0.934797 0.126669
0.936424 0.477466
0.936429 0.56412
0.936619 0.756692
0.93667 0.616129
0.93684 0.469185
0.937286 0.973694
0.937399 0.868286
0.93892 0.435305
0.939136 0.0571765
0.940115 0.512744
0.94096 0.719999
0.940974 0.955565
0.941612 0.666632
0.941787 0.621063
0.943314 0.284143
0.943401 0.736506
0.943481 0.0916726
0.943503 0.460921
0.943544 0.146894
0.944168 0.629126
0.944241 0.853734
0.944302 0.886502
0.944852 0.135806
0.945476 0.610517
0.945806 0.157754
0.945876 0.333415
0.94628 0.12157
0.94646 0.149678
0.946676 0.788236
0.946767 0.316561
0.947863 0.726498
0.948068 0.178905
0.949127 0.970982
0.949222 0.575536
0.95011 0.490874
0.950328 0.160416
0.950634 0.299516
0.951432 0.710758
0.952352 0.176455
0.95239 0.826685
0.952768 0.177204
0.952844 0.447487
0.9546 0.962189
0.956685 0.997393
0.956802 0.979389
0.957059 0.285403
0.958196 0.39969
0.958377 0.437605
0.958493 0.392389
0.959895 0.961516
0.959959 0.0369449
0.959978 0.346697
0.960276 0.364268
0.960586 0.571441
0.961607 0.722233
0.962254 0.598116
0.963471 0.0497178
0.963812 0.793154
0.964004 0.0136107
0.964641 0.72413
0.964761 0.732525
0.96477 0.891447
0.965124 0.846782
0.965147 0.219693
0.966838 0.64768
0.96709 0.888289
0.967405 0.171612
0.967792 0.675443
0.969515 0.645015
0.97121 0.132459
0.971464 0.387914
0.972053 0.289515
0.972176 0.369655
0.972459 0.117686
0.972945 0.286529
0.973894 0.24362
0.975921 0.3043
0.976365 0.763691
0.977153 0.00374723
0.978187 0.386317
0.97937 0.264387
0.979725 0.241354
0.979748 0.628798
0.980035 0.442751
0.980177 0.827947
0.98031 0.0675874
0.982669 0.719175
0.983353 0.212034
0.983779 0.366087
0.984367 0.261693
0.984434 0.387258
0.984481 0.167281
0.98474 0.52203
0.984931 0.74132
0.985048 0.695095
0.985605 0.0680803
0.986534 0.683964
0.987621 0.942289
0.987761 0.292908
0.988903 0.49341
0.989933 0.796268
0.990188 0.0903229
0.990722 0.0710581
0.991355 0.704668
0.991641 0.515169
0.992571 0.138003
0.992729 0.788082
0.993018 0.657023
0.993205 0.794176
0.993324 0.789517
0.993672 0.651131
0.994253 0.413047
0.994844 0.340241
0.995178 0.949963
0.995893 0.974765
0.996497 0.128548
0.99695 0.74168
0.997195 0.863523
0.99753 0.488797
0.997557 0.944354
0.99874 0.82053
0.999247 0.340777
