0.000906549 0.236376
0.00248241 0.721889
0.00300878 0.568567
0.00350552 0.917307
0.00390956 0.707989
0.00405814 0.205235
0.00823765 0.450272
0.00892598 0.0189609
0.00914752 0.742395
0.0108384 0.160638
0.0111023 0.596124
0.011715 0.894718
0.0124671 0.534429
0.0126978 0.411746
0.0128852 0.561476
0.0169227 0.419838
0.0190795 0.669562
0.0200377 0.773208
0.0200555 0.0736315
0.0200595 0.139663
0.0207199 0.23916
0.0213051 0.0753804
0.0234043 0.3567
0.0235043 0.0369667
0.0266704 0.249633
0.0275689 0.350503
0.0292513 0.625939
0.0316666 0.221034
0.032083 0.218583
0.0327307 0.10475
0.0327923 0.14064
0.0338175 0.371237
0.0339811 0.120398
0.0347153 0.459421
0.0373976 0.542235
0.0383965 0.329491
0.0396296 0.0545938
0.0417567 0.804055
0.0425716 0.500515
0.042958 0.99554
0.0446337 0.159294
0.0446678 0.731691
0.0452598 0.680665
0.0458598 0.766116
0.0462681 0.628284
0.0467269 0.339653
0.0471073 0.731652
0.0482884 0.583989
0.0490091 0.696086
0.0490243 0.950741
0.0499094 0.827189
0.0503203 0.732669
0.051078 0.468457
0.0528555 0.342037
0.0535535 0.0734437
0.0550508 0.2394
0.0552944 0.332881
0.0564 0.915022
0.0568212 0.993166
0.0587679 0.711734
0.059617 0.983494
0.0604802 0.49071
0.0606148 0.752718
0.0607232 0.575159
0.0625982 0.0883244
0.0626809 0.478201
0.0655682 0.00506405
0.0684381 0.238892
0.0693928 0.28453
0.0700796 0.828299
0.070137 0.791952
0.0703315 0.06087
0.0721902 0.300441
0.0722098 0.630542
0.0726786 0.509356
0.0768286 0.257794
0.0776497 0.0583675
0.0778768 0.876149
0.0780893 0.446804
0.0784938 0.245501
0.0785743 0.598821
0.0791869 0.89484
0.0795765 0.44224
0.0810893 0.867046
0.0819482 0.302659
0.082301 0.233192
0.0835429 0.105289
0.0839505 0.955796
0.0842194 0.475493
0.084302 0.864016
0.0844972 0.144478
0.0851983 0.928212
0.0852512 0.816622
0.0856951 0.276764
0.0859021 0.757409
0.0876477 0.0947573
0.0890893 0.324062
0.0891822 0.884812
0.0912753 0.0632304
0.09177 0.379037
0.0919823 0.946023
0.0947759 0.89865
0.0957534 0.327491
0.0958947 0.702551
0.0972663 0.754676
0.0979205 0.750169
0.0983468 0.914153
0.0985795 0.825428
0.0990775 0.19609
0.0992733 0.48664
0.10052 0.441728
0.100788 0.936396
0.101912 0.829768
0.102063 0.380593
0.102795 0.66948
0.103332 0.704804
0.103468 0.984297
0.105955 0.787111
0.106134 0.793478
0.106224 0.302088
0.106735 0.889283
0.107661 0.456338
0.108399 0.854997
0.109195 0.2338
0.110005 0.856911
0.110007 0.891652
0.111445 0.0530076
0.111857 0.979352
0.112312 0.635827
0.112696 0.0872672
0.113031 0.705215
0.114374 0.276167
0.115236 0.765922
0.115726 0.0111275
0.116423 0.728314
0.117081 0.778255
0.119203 0.441517
0.119615 0.374976
0.120784 0.0133632
0.121341 0.376628
0.122379 0.821034
0.122931 0.102215
0.12423 0.93615
0.124629 0.63319
0.124993 0.762943
0.125953 0.884458
0.126228 0.50657
0.126525 0.511447
0.126858 0.109908
0.12762 0.910952
0.127669 0.738606
0.128135 0.570736
0.128267 0.780879
0.128338 0.980106
0.129143 0.50541
0.129486 0.278375
0.129818 0.844457
0.13193 0.352421
0.132015 0.774112
0.13217 0.389505
0.132482 0.631239
0.132792 0.835767
0.13342 0.394087
0.134125 0.236424
0.134291 0.0282309
0.135035 0.525831
0.137114 0.4777
0.13772 0.655572
0.139547 0.36133
0.139579 0.897969
0.140591 0.914429
0.140677 0.357603
0.140853 0.312425
0.141045 0.548582
0.141683 0.262021
0.14366 0.488065
0.144107 0.999783
0.145 0.0138823
0.145275 0.633678
0.145495 0.329783
0.146019 0.138182
0.146907 0.0581921
0.147026 0.0579077
0.147714 0.632521
0.148313 0.694359
0.148825 0.304618
0.150332 0.63168
0.150858 0.46528
0.152045 0.420768
0.152584 0.479877
0.154347 0.107278
0.156388 0.418332
0.157274 0.308938
0.159662 0.438952
0.159982 0.814932
0.160578 0.833694
0.164327 0.837148
0.164589 0.242502
0.165023 0.54308
0.168292 0.484952
0.169344 0.161323
0.170059 0.182423
0.170074 0.435942
0.171488 0.194819
0.171746 0.529767
0.171985 0.546009
0.173582 0.39984
0.173586 0.461058
0.173886 0.507767
0.174014 0.650533
0.175244 0.324951
0.175594 0.204449
0.177569 0.401356
0.180511 0.848904
0.181468 0.924455
0.18186 0.514657
0.184642 0.284453
0.186786 0.304065
0.187323 0.332549
0.191123 0.199009
0.191197 0.446337
0.191987 0.724304
0.193743 0.230843
0.193926 0.311741
0.196507 0.68634
0.19824 0.817526
0.199757 0.319664
0.199857 0.99169
0.200111 0.267486
0.200843 0.563628
0.201982 0.705049
0.203014 0.0589033
0.206082 0.623141
0.20905 0.507894
0.209337 0.327591
0.210262 0.872764
0.210685 0.987255
0.210735 0.829184
0.211621 0.720135
0.215208 0.995208
0.216693 0.966381
0.217173 0.0342959
0.217344 0.90475
0.217506 0.617119
0.217769 0.0412482
0.217779 0.215041
0.218456 0.583852
0.220718 0.604925
0.221217 0.00144496
0.222089 0.645364
0.222172 0.0530074
0.223375 0.269482
0.225542 0.68143
0.226226 0.181583
0.229358 0.817861
0.230423 0.71204
0.230942 0.437659
0.231085 0.846099
0.231143 0.816733
0.23354 0.114873
0.234243 0.916443
0.234715 0.862665
0.234953 0.863271
0.235517 0.335478
0.237086 0.704989
0.237602 0.379635
0.237835 0.285706
0.23891 0.362138
0.238977 0.493377
0.239199 0.222
0.239381 0.276765
0.239813 0.535558
0.240572 0.286428
0.240754 0.353402
0.241438 0.85217
0.24322 0.799302
0.243525 0.922467
0.243858 0.525866
0.244851 0.218055
0.245433 0.993144
0.245825 0.581921
0.24609 0.0387961
0.247214 0.921618
0.247962 0.504604
0.248008 0.272637
0.248238 0.12786
0.248921 0.622785
0.250713 0.737613
0.250843 0.917992
0.251143 0.968685
0.251664 0.725148
0.251749 0.138019
0.254066 0.0871113
0.255875 0.486029
0.257274 0.00110643
0.258358 0.215408
0.258662 0.33228
0.258943 0.0615203
0.259171 0.889037
0.259747 0.568895
0.260843 0.983191
0.261195 0.904403
0.261291 0.509615
0.262458 0.134682
0.264703 0.869842
0.26497 0.356386
0.266331 0.230954
0.269118 0.0694261
0.270274 0.49802
0.270815 0.581484
0.270922 0.381267
0.271461 0.448077
0.272017 0.784771
0.272503 0.96249
0.276507 0.248291
0.278315 0.639147
0.279881 0.967335
0.279988 0.756208
0.283118 0.357424
0.283293 0.304505
0.283458 0.084424
0.283683 0.859418
0.285506 0.491969
0.285867 0.564801
0.28743 0.831497
0.28838 0.794903
0.289082 0.606796
0.29029 0.907709
0.293597 0.482562
0.293652 0.413203
0.294029 0.746505
0.295218 0.734214
0.296468 0.743109
0.296809 0.460639
0.298053 0.374341
0.29875 0.0884596
0.299809 0.884003
0.30059 0.0192101
0.30235 0.59412
0.30332 0.903554
0.304377 0.661014
0.305644 0.958788
0.306725 0.127297
0.307177 0.71569
0.307267 0.228699
0.307811 0.376762
0.307931 0.39685
0.308559 0.956273
0.308977 0.981817
0.309024 0.770066
0.309572 0.97314
0.310279 0.857451
0.311163 0.718685
0.313217 0.240839
0.314601 0.502491
0.315509 0.751561
0.315718 0.265139
0.316013 0.233084
0.316834 0.0301508
0.316908 0.280499
0.31801 0.788814
0.318406 0.450666
0.318723 0.779086
0.319431 0.673226
0.321305 0.175716
0.321433 0.330253
0.322335 0.47841
0.322776 0.902214
0.323256 0.966286
0.324169 0.302487
0.325572 0.893246
0.325576 0.959621
0.326876 0.803589
0.327457 0.575085
0.327879 0.661823
0.328392 0.285097
0.329568 0.0568222
0.329854 0.863676
0.330376 0.621603
0.333831 0.694828
0.335459 0.0629604
0.336385 0.620922
0.336755 0.844716
0.338405 0.573081
0.338935 0.487621
0.339348 0.429884
0.339514 0.206187
0.34078 0.484872
0.342164 0.755814
0.342219 0.681987
0.343795 0.158359
0.346559 0.616415
0.34694 0.0171404
0.347754 0.706024
0.348704 0.661079
0.350512 0.0473257
0.351209 0.77082
0.351698 0.989079
0.352584 0.87344
0.353122 0.927563
0.35397 0.181503
0.35418 0.697671
0.354327 0.169927
0.354742 0.155291
0.355016 0.753502
0.356093 0.849883
0.357111 0.959508
0.357835 0.124621
0.357935 0.821284
0.358195 0.178732
0.358519 0.636114
0.35974 0.153356
0.359979 0.169223
0.361566 0.836363
0.361812 0.973029
0.361905 0.536973
0.36222 0.828162
0.364463 0.528605
0.364657 0.786792
0.364677 0.13307
0.364974 0.125112
0.365299 0.586
0.365477 0.563981
0.366719 0.439975
0.366757 0.081096
0.366912 0.688975
0.367346 0.98881
0.368323 0.401896
0.369117 0.750168
0.37016 0.28442
0.3702 0.948182
0.371363 0.494884
0.374014 0.0513825
0.374107 0.609613
0.375463 0.40018
0.375831 0.588662
0.375889 0.570199
0.375949 0.569282
0.378162 0.769126
0.378836 0.104213
0.37906 0.860002
0.379179 0.867567
0.379511 0.438846
0.379776 0.889648
0.380083 0.0586594
0.380237 0.650174
0.381285 0.249745
0.382533 0.223663
0.383739 0.503563
0.383979 0.538009
0.384167 0.689766
0.384369 0.0935169
0.384413 0.826816
0.384572 0.50626
0.385541 0.789334
0.385699 0.436745
0.385921 0.170244
0.388171 0.986516
0.389022 0.293886
0.39054 0.805126
0.39078 0.833437
0.391306 0.68672
0.39143 0.763963
0.391674 0.86657
0.392787 0.565816
0.395953 0.785824
0.399875 0.699584
0.399954 0.0281963
0.400948 0.736884
0.40119 0.79506
0.402058 0.394119
0.402921 0.885377
0.403157 0.857964
0.403386 0.701251
0.407084 0.860953
0.40791 0.741206
0.408054 0.171098
0.409026 0.504277
0.409401 0.806899
0.409911 0.381673
0.411986 0.255215
0.412571 0.0724014
0.412854 0.841501
0.414189 0.269387
0.414483 0.220458
0.414911 0.413353
0.416428 0.904323
0.416976 0.111076
0.417614 0.833061
0.417699 0.269434
0.419871 0.763927
0.421072 0.952062
0.421489 0.965287
0.422102 0.264993
0.422633 0.198073
0.423555 0.690301
0.424434 0.459732
0.424541 0.262465
0.425698 0.699277
0.426331 0.338952
0.427255 0.881801
0.428498 0.771617
0.430335 0.646722
0.43034 0.732013
0.430741 0.467661
0.430773 0.00183394
0.431775 0.834726
0.431819 0.573841
0.432765 0.475254
0.434213 0.825594
0.434465 0.0575306
0.435522 0.821213
0.435566 0.556814
0.435803 0.547917
0.437166 0.455152
0.437208 0.158868
0.437227 0.469552
0.437477 0.682455
0.437698 0.387834
0.438905 0.678048
0.441571 0.485288
0.441666 0.0771089
0.442018 0.996654
0.443663 0.638091
0.44504 0.779412
0.446576 0.602925
0.447607 0.937464
0.448244 0.629998
0.449526 0.181542
0.449718 0.408166
0.449868 0.929916
0.450849 0.419106
0.451229 0.807685
0.451538 0.997601
0.451939 0.737474
0.452349 0.628068
0.452983 0.293461
0.453373 0.840876
0.455356 0.164194
0.4555 0.587121
0.456262 0.392024
0.45648 0.0607204
0.456929 0.598234
0.457006 0.906983
0.457252 0.0314952
0.457604 0.955501
0.458398 0.290625
0.459405 0.212691
0.460553 0.522605
0.461198 0.363003
0.461778 0.0944675
0.464254 0.717784
0.464311 0.666809
0.465409 0.131539
0.465925 0.808603
0.465926 0.823966
0.467912 0.195941
0.468001 0.695074
0.468702 0.478315
0.469709 0.396437
0.470342 0.0305238
0.470892 0.288696
0.471116 0.0549718
0.475679 0.740274
0.476164 0.893676
0.477268 0.439713
0.478107 0.544513
0.48053 0.274551
0.480594 0.345269
0.480853 0.698961
0.481768 0.0804137
0.481918 0.592483
0.482259 0.334017
0.484423 0.702106
0.48675 0.811177
0.487596 0.0218918
0.489357 0.630815
0.492367 0.216021
0.493285 0.637138
0.494565 0.1592
0.497313 0.332556
0.498609 0.126576
0.499492 0.965622
0.499734 0.0270774
0.500732 0.810593
0.501184 0.398125
0.501485 0.462295
0.502818 0.863563
0.502985 0.670279
0.505928 0.134858
0.50838 0.335065
0.508635 0.635576
0.509493 0.0491894
0.510355 0.539587
0.512912 0.514055
0.513754 0.670948
0.514615 0.140417
0.51526 0.967252
0.515444 0.0616969
0.515614 0.91941
0.515868 0.196145
0.516563 0.870763
0.516718 0.472248
0.517321 0.613313
0.51854 0.101386
0.519079 0.167061
0.519323 0.266098
0.520312 0.885401
0.521439 0.823806
0.521891 0.422248
0.524701 0.650059
0.525253 0.931037
0.525742 0.152419
0.526425 0.628067
0.527006 0.38467
0.527082 0.660423
0.5272 0.650981
0.528576 0.783045
0.530242 0.771409
0.531023 0.900136
0.531282 0.263931
0.531896 0.571792
0.532263 0.73782
0.532995 0.044825
0.536259 0.90664
0.536757 0.277232
0.53741 0.252369
0.538132 0.387052
0.538869 0.769347
0.5391 0.658105
0.542607 0.604167
0.54447 0.904204
0.544699 0.753792
0.545324 0.263487
0.545525 0.640526
0.547509 0.980256
0.547923 0.939049
0.549694 0.701612
0.54999 0.67563
0.553404 0.062404
0.554005 0.156237
0.554258 0.421201
0.555082 0.261744
0.555309 0.0844634
0.555418 0.909933
0.555699 0.638288
0.555717 0.93634
0.55631 0.906493
0.557584 0.313186
0.559569 0.6731
0.55968 0.543368
0.560156 0.547231
0.560598 0.969815
0.561626 0.255572
0.561969 0.00476045
0.562277 0.183391
0.562321 0.920948
0.567256 0.869341
0.568397 0.0419731
0.56887 0.991201
0.570059 0.984201
0.570372 0.235577
0.572845 0.802372
0.574294 0.15779
0.5748 0.655396
0.576039 0.481458
0.576071 0.0322311
0.576448 0.357784
0.576665 0.00763525
0.576717 0.876167
0.577445 0.123621
0.578152 0.000675893
0.578236 0.419996
0.57913 0.439479
0.580422 0.148975
0.580557 0.42039
0.581278 0.533591
0.581854 0.226479
0.58192 0.331155
0.582541 0.770467
0.584055 0.210495
0.584114 0.206745
0.584276 0.934368
0.585167 0.907449
0.585419 0.13458
0.585736 0.469331
0.586488 0.112119
0.586816 0.620114
0.587138 0.0353508
0.588155 0.120589
0.589721 0.438149
0.591684 0.440774
0.592129 0.911481
0.593045 0.31236
0.593193 0.793945
0.594303 0.447916
0.595432 0.421547
0.595712 0.125375
0.596017 0.263441
0.598382 0.00599492
0.599514 0.0290498
0.600252 0.440951
0.600387 0.711577
0.600574 0.852064
0.600772 0.173794
0.600943 0.0471674
0.601417 0.022856
0.604124 0.511772
0.604858 0.849363
0.605584 0.0424938
0.60628 0.753231
0.607052 0.729719
0.607437 0.196069
0.60751 0.413116
0.608852 0.978981
0.6091 0.139471
0.611228 0.915159
0.611341 0.805375
0.611648 0.974536
0.611744 0.589601
0.611966 0.317825
0.615281 0.0337478
0.616932 0.76824
0.616946 0.00374369
0.618593 0.688461
0.61918 0.551572
0.620919 0.782106
0.622803 0.457598
0.625803 0.874373
0.627585 0.822108
0.630558 0.788067
0.631633 0.855053
0.631883 0.051787
0.63192 0.682843
0.63287 0.64016
0.633727 0.0565201
0.633802 0.30726
0.633978 0.262818
0.634393 0.242421
0.634824 0.494014
0.636703 0.0617134
0.638099 0.530976
0.639365 0.802609
0.63962 0.0922185
0.6409 0.610328
0.642006 0.186669
0.643728 0.130805
0.644366 0.853088
0.644551 0.963436
0.646128 0.471223
0.646567 0.843303
0.646714 0.317711
0.647011 0.316351
0.647328 0.644488
0.648254 0.209023
0.648921 0.417629
0.649096 0.365133
0.651036 0.954432
0.652739 0.579675
0.652969 0.453431
0.65769 0.79159
0.658298 0.016342
0.659186 0.938325
0.659192 0.0321628
0.659654 0.80435
0.660019 0.945436
0.662087 0.69018
0.662328 0.750265
0.663287 0.871655
0.664329 0.384768
0.664685 0.352719
0.665674 0.987142
0.665698 0.378523
0.667756 0.980639
0.667978 0.700575
0.66829 0.942811
0.672006 0.404484
0.672566 0.823332
0.675168 0.546753
0.675525 0.5419
0.675983 0.242187
0.677049 0.165621
0.677362 0.423744
0.681557 0.923741
0.683608 0.396729
0.684658 0.0474538
0.685754 0.473098
0.686065 0.702984
0.686312 0.842045
0.686705 0.45337
0.688803 0.711868
0.689625 0.524322
0.690126 0.940158
0.692571 0.0322202
0.693844 0.442012
0.69496 0.188405
0.696197 0.979499
0.696595 0.671703
0.697055 0.408726
0.697477 0.491097
0.699018 0.401013
0.699624 0.572139
0.699995 0.822418
0.70017 0.748948
0.700472 0.839962
0.701093 0.268036
0.701551 0.963352
0.704837 0.19782
0.707211 0.0975351
0.707452 0.143588
0.707721 0.661234
0.708421 0.43146
0.708717 0.408655
0.711036 0.387832
0.711583 0.576694
0.711605 0.93965
0.711615 0.115587
0.712073 0.80854
0.714053 0.0867315
0.714101 0.892605
0.714852 0.521407
0.715177 0.981207
0.715684 0.500773
0.716013 0.0231378
0.716397 0.481379
0.717642 0.412902
0.721985 0.40116
0.722478 0.68527
0.722529 0.540106
0.722976 0.0618178
0.724522 0.0335694
0.725111 0.946707
0.725212 0.636937
0.725232 0.970637
0.725404 0.872021
0.725944 0.938854
0.726302 0.960627
0.726323 0.314629
0.726555 0.213476
0.726589 0.779307
0.726676 0.236358
0.727858 0.110804
0.728479 0.5469
0.72872 0.600388
0.730229 0.955242
0.731611 0.193876
0.731877 0.664361
0.733234 0.460242
0.73353 0.43019
0.73593 0.778967
0.737129 0.933315
0.737301 0.815822
0.737317 0.0875378
0.737752 0.397852
0.738305 0.695156
0.740103 0.904284
0.740844 0.356906
0.741198 0.306676
0.741408 0.846903
0.741424 0.10742
0.741974 0.353985
0.74325 0.796288
0.743756 0.307058
0.743944 0.458846
0.744145 0.841254
0.744551 0.665684
0.745643 0.0151938
0.747206 0.297363
0.747515 0.47849
0.748667 0.843674
0.748741 0.0855938
0.749686 0.966518
0.751352 0.976225
0.751573 0.688233
0.75158 0.803116
0.751599 0.126462
0.75231 0.0780169
0.752526 0.701516
0.754372 0.722215
0.754849 0.751115
0.756592 0.0376395
0.756985 0.638744
0.758608 0.928573
0.758644 0.524379
0.758998 0.473382
0.759225 0.29906
0.759356 0.48898
0.760096 0.927225
0.760414 0.281565
0.761136 0.416844
0.762349 0.792217
0.764293 0.468819
0.765957 0.441249
0.766286 0.970063
0.766417 0.176449
0.767008 0.10268
0.76733 0.507782
0.767899 0.0749316
0.767936 0.702442
0.767979 0.424127
0.771634 0.84804
0.772994 0.707503
0.773019 0.132201
0.773822 0.627288
0.774557 0.978378
0.7747 0.374523
0.776389 0.773075
0.777396 0.688239
0.777751 0.661801
0.778405 0.648685
0.778823 0.686274
0.778995 0.567567
0.779717 0.700341
0.78036 0.516102
0.782792 0.382256
0.783392 0.462447
0.783674 0.202958
0.784026 0.121587
0.784116 0.64488
0.784205 0.141728
0.784223 0.433237
0.787024 0.512503
0.787263 0.532345
0.787967 0.364602
0.788183 0.996945
0.78998 0.19795
0.790491 0.776832
0.791239 0.34944
0.792438 0.50764
0.793142 0.335812
0.793248 0.125092
0.793419 0.987398
0.793816 0.670883
0.794982 0.259816
0.795062 0.60801
0.795082 0.946179
0.795329 0.0955871
0.795785 0.753384
0.795953 0.578007
0.796051 0.226045
0.797377 0.513916
0.799137 0.0896719
0.799402 0.545647
0.799584 0.603284
0.799753 0.441822
0.800298 0.614389
0.800866 0.158631
0.801239 0.419898
0.802641 0.982725
0.805802 0.116995
0.806947 0.362436
0.808084 0.464177
0.808953 0.0651923
0.810325 0.126661
0.812831 0.254559
0.81353 0.00233874
0.81385 0.38044
0.813931 0.740459
0.815082 0.0878858
0.816477 0.524888
0.816607 0.70648
0.8167 0.274298
0.817004 0.38962
0.817485 0.466449
0.818215 0.732076
0.818911 0.438892
0.821396 0.198325
0.822997 0.111009
0.823798 0.566135
0.823933 0.846034
0.823966 0.389059
0.823993 0.845704
0.825605 0.941158
0.826583 0.375414
0.827844 0.578943
0.828734 0.538445
0.828916 0.58889
0.829293 0.927357
0.829709 0.914504
0.830799 0.242883
0.831144 0.0343099
0.836466 0.478988
0.837207 0.935845
0.837911 0.763296
0.838563 0.73279
0.839869 0.673555
0.840574 0.532868
0.841241 0.738812
0.842658 0.547974
0.842824 0.344429
0.843026 0.732269
0.843056 0.241374
0.844283 0.855913
0.844428 0.302546
0.845551 0.182926
0.845614 0.231057
0.846846 0.932273
0.848477 0.353014
0.849097 0.770593
0.849176 0.0927014
0.849265 0.592797
0.849298 0.147695
0.849842 0.293973
0.850594 0.924802
0.851116 0.709878
0.851177 0.730577
0.855304 0.0892392
0.856306 0.942543
0.856566 0.312803
0.856969 0.0823933
0.857499 0.989772
0.858253 0.66266
0.859217 0.860685
0.860035 0.609675
0.860613 0.316611
0.861379 0.192569
0.863379 0.810237
0.863401 0.173991
0.863642 0.235133
0.867418 0.69229
0.867875 0.380101
0.869158 0.934142
0.869751 0.910579
0.869787 0.504076
0.870246 0.230549
0.87049 0.333383
0.871453 0.506301
0.871648 0.787796
0.871655 0.897451
0.872734 0.0416436
0.876031 0.447846
0.876924 0.4692
0.877004 0.800535
0.877301 0.79797
0.879482 0.451424
0.880461 0.901403
0.88096 0.300076
0.883924 0.105564
0.884112 0.273639
0.884712 0.354676
0.885334 0.812583
0.886561 0.438799
0.888072 0.82852
0.88846 0.342203
0.889258 0.755254
0.889562 0.865153
0.891599 0.0984827
0.891604 0.196148
0.891797 0.428705
0.891914 0.393804
0.893824 0.500975
0.89419 0.65013
0.895792 0.576667
0.895938 0.0279724
0.897173 0.793099
0.897202 0.26823
0.897354 0.832728
0.897506 0.386448
0.897753 0.52994
0.89803 0.190276
0.898318 0.036466
0.899053 0.380012
0.899099 0.161506
0.899751 0.12182
0.899756 0.201931
0.900185 0.408749
0.900977 0.724487
0.901222 0.844107
0.901386 0.598387
0.902132 0.128044
0.902573 0.544961
0.902594 0.902524
0.903234 0.661168
0.903332 0.302639
0.903416 0.709069
0.903782 0.858983
0.905909 0.620067
0.906004 0.206644
0.90635 0.0303318
0.907881 0.762847
0.908229 0.604723
0.90919 0.754984
0.909339 0.261566
0.909452 0.160533
0.910926 0.938388
0.911281 0.89881
0.911407 0.0207575
0.91152 0.924608
0.912885 0.865606
0.914361 0.662784
0.914744 0.100873
0.914759 0.356599
0.914957 0.679206
0.914997 0.349394
0.915286 0.212911
0.916687 0.757776
0.916786 0.418445
0.917311 0.237707
0.918224 0.588934
0.918596 0.84553
0.918921 0.310456
0.920092 0.977723
0.92019 0.62623
0.920563 0.909052
0.920664 0.602514
0.921596 0.270138
0.927807 0.659003
0.927937 0.840353
0.928572 0.501214
0.929091 0.239864
0.932575 0.790372
0.932726 0.33269
0.933341 0.667184
0.933769 0.848801
0.933955 0.98921
0.93405 0.582158
0.934126 0.860384
0.934154 0.33283
0.935135 0.808285
0.93515 0.0652557
0.935475 0.520846
0.936355 0.326466
0.936643 0.154788
0.937707 0.0340186
0.939163 0.504767
0.939172 0.661873
0.939246 0.909005
0.939359 0.813395
0.939657 0.815878
0.940293 0.500507
0.941145 0.822669
0.941147 0.864439
0.941166 0.180906
0.941568 0.937786
0.941676 0.745395
0.944205 0.249327
0.944468 0.671343
0.945192 0.833763
0.949781 0.965771
0.950044 0.394486
0.950245 0.7624
0.950659 0.719087
0.951197 0.77591
0.95345 0.627363
0.953875 0.776696
0.954113 0.772801
0.956303 0.576671
0.956607 0.691172
0.957153 0.875979
0.957458 0.996288
0.957738 0.702244
0.959418 0.93962
0.959552 0.197183
0.959711 0.858298
0.960036 0.324664
0.962288 0.172595
0.962845 0.540266
0.963617 0.506634
0.96396 0.275623
0.964673 0.257536
0.965865 0.298692
0.967821 0.163714
0.967856 0.757133
0.969235 0.935583
0.969323 0.41317
0.969496 0.322052
0.96974 0.421066
0.970597 0.823166
0.971627 0.142491
0.972111 0.268203
0.973088 0.685961
0.973097 0.84576
0.973895 0.250898
0.97429 0.898264
0.974343 0.780953
0.975514 0.467191
0.976634 0.294407
0.9768 0.0817214
0.97698 0.108828
0.978041 0.936914
0.980285 0.657423
0.980541 0.950437
0.981901 0.814502
0.984775 0.111105
0.985184 0.983283
0.986286 0.510154
0.987115 0.439197
0.98783 0.451923
0.98865 0.238996
0.991017 0.0306753
0.991999 0.527527
0.992708 0.436663
0.993274 0.962567
0.993839 0.458207
0.994253 0.403624
0.994565 0.654868
0.994713 0.138308
0.995028 0.443968
0.998086 0.834851
0.999151 0.73105
