0.00455134 0.494315
0.00589775 0.123448
0.00723059 0.524528
0.00753416 0.626554
0.0111125 0.767529
0.0122668 0.168832
0.012431 0.928011
0.0124993 0.0765776
0.0127683 0.597495
0.0142399 0.329464
0.0152988 0.126902
0.0155901 0.0230392
0.0168843 0.77482
0.0181636 0.275899
0.0189663 0.766157
0.0227066 0.63031
0.0240008 0.380729
0.0242895 0.233235
0.0283673 0.769486
0.0283925 0.193534
0.0304619 0.972691
0.0327192 0.910757
0.0345281 0.314605
0.035782 0.387559
0.0362195 0.741192
0.0373621 0.944973
0.0385673 0.200305
0.0400071 0.399157
0.0404197 0.334307
0.0445314 0.439809
0.0455573 0.682373
0.046299 0.146601
0.0469876 0.720596
0.0486428 0.540357
0.0515826 0.948078
0.05315 0.291683
0.0532602 0.144803
0.0546519 0.534417
0.0557782 0.464917
0.0609784 0.863438
0.0630098 0.00501126
0.063302 0.91731
0.063874 0.529665
0.0653538 0.401013
0.0655075 0.983942
0.0667046 0.104066
0.0669623 0.434748
0.0671057 0.845904
0.0682322 0.778658
0.0707434 0.985148
0.072587 0.970018
0.075367 0.693576
0.0762206 0.0395298
0.0770987 0.797456
0.0772606 0.518622
0.0776616 0.259263
0.0777554 0.835579
0.0780972 0.579438
0.0781434 0.356393
0.0803704 0.784493
0.0837112 0.933872
0.0840124 0.99578
0.0857436 0.0919273
0.087887 0.116541
0.0884806 0.093424
0.0894982 0.196592
0.089523 0.612415
0.0948645 0.38818
0.0955874 0.537366
0.0967323 0.779787
0.0969065 0.706755
0.0986727 0.392126
0.100045 0.46186
0.101553 0.808183
0.102503 0.77443
0.103365 0.261916
0.106382 0.969659
0.106404 0.324734
0.106443 0.983425
0.108051 0.0152502
0.108773 0.15434
0.108995 0.887378
0.110839 0.866088
0.110943 0.623883
0.111942 0.411398
0.112358 0.406231
0.11315 0.71541
0.113472 0.116693
0.113992 0.862668
0.114671 0.280128
0.115695 0.484969
0.121315 0.947352
0.122537 0.487118
0.12423 0.938138
0.124704 0.89192
0.126141 0.0584103
0.127162 0.209562
0.12871 0.2254
0.129081 0.471124
0.129565 0.598112
0.130097 0.546141
0.131542 0.820682
0.133035 0.918963
0.135373 0.211125
0.137504 0.0313606
0.1413 0.829004
0.141629 0.3622
0.143353 0.33498
0.1441 0.887178
0.144912 0.53786
0.146659 0.905732
0.147326 0.11188
0.147411 0.535801
0.153849 0.735482
0.154097 0.903195
0.155064 0.163604
0.156059 0.889855
0.156459 0.610186
0.157735 0.0521132
0.159273 0.904372
0.161087 0.394059
0.161991 0.580159
0.163838 0.617285
0.165102 0.876678
0.170638 0.913151
0.170891 0.173467
0.171504 0.46515
0.175881 0.0364725
0.177256 0.149823
0.17773 0.102079
0.178183 0.720924
0.178664 0.798473
0.179027 0.899277
0.180843 0.433528
0.181447 0.572104
0.187793 0.236329
0.189264 0.966513
0.194761 0.342668
0.195359 0.391021
0.196061 0.189946
0.199452 0.196515
0.199742 0.0596803
0.205787 0.66447
0.208166 0.64414
0.210542 0.586375
0.21285 0.367897
0.213231 0.777404
0.214038 0.332973
0.218529 0.818907
0.219668 0.962903
0.220511 0.135417
0.220872 0.195242
0.222792 0.466688
0.224326 0.244722
0.224399 0.47523
0.226454 0.00858379
0.232432 0.481251
0.234687 0.386556
0.235567 0.178128
0.238534 0.0369289
0.23857 0.641852
0.241984 0.0235788
0.242564 0.770907
0.243381 0.501583
0.244419 0.950982
0.244754 0.577038
0.245977 0.128692
0.246118 0.501374
0.249232 0.844718
0.249763 0.771115
0.251555 0.888768
0.25203 0.870014
0.252882 0.195306
0.252949 0.322029
0.254877 0.720639
0.256612 0.874467
0.260038 0.456219
0.263092 0.780266
0.263933 0.928502
0.267824 0.315391
0.272549 0.731235
0.275987 0.510783
0.277245 0.658697
0.277796 0.914209
0.277911 0.849912
0.278325 0.812063
0.281121 0.802538
0.282246 0.711547
0.283552 0.663793
0.287285 0.392448
0.288726 0.613535
0.288841 0.55719
0.289006 0.323702
0.290545 0.184624
0.292212 0.202322
0.293526 0.292101
0.299207 0.764101
0.301579 0.636236
0.302004 0.780591
0.303035 0.102507
0.303599 0.594351
0.305917 0.551787
0.310533 0.130414
0.310801 0.637893
0.311076 0.252861
0.312902 0.949039
0.314719 0.481193
0.315195 0.483765
0.315663 0.352005
0.317567 0.353865
0.317905 0.0248599
0.318928 0.22736
0.31971 0.369807
0.320027 0.692544
0.323297 0.645122
0.323377 0.98887
0.324197 0.781625
0.324499 0.85528
0.326014 0.311321
0.327601 0.99294
0.327636 0.580121
0.328405 0.494797
0.332368 0.102208
0.332522 0.69326
0.332917 0.335023
0.332964 0.120579
0.333261 0.114256
0.333495 0.0433989
0.334489 0.756227
0.33547 0.241957
0.33926 0.94073
0.339933 0.24988
0.340448 0.90579
0.340558 0.755591
0.340939 0.158563
0.342639 0.734884
0.342806 0.53807
0.344539 0.659552
0.346759 0.971673
0.348244 0.937181
0.348403 0.611474
0.359213 0.291183
0.362958 0.240799
0.365809 0.149293
0.366513 0.984015
0.369 0.790531
0.370931 0.242344
0.371929 0.0104968
0.372543 0.338448
0.37299 0.848483
0.373701 0.790716
0.376172 0.316719
0.376988 0.0380821
0.377585 0.0717927
0.377718 0.304077
0.378932 0.706294
0.383314 0.363386
0.386199 0.847626
0.386856 0.886376
0.389825 0.789998
0.389825 0.79694
0.391521 0.288305
0.392421 0.423197
0.392639 0.0817268
0.393818 0.89512
0.394242 0.0292075
0.395691 0.384086
0.395779 0.854465
0.398692 0.817413
0.400418 0.823119
0.401213 0.193978
0.405028 0.301248
0.405539 0.892136
0.407273 0.0302253
0.407282 0.189468
0.408634 0.904394
0.411913 0.027837
0.415194 0.172983
0.416022 0.0796738
0.419478 0.172661
0.41995 0.0943472
0.420612 0.22382
0.422682 0.0118904
0.425385 0.447517
0.425678 0.378005
0.425851 0.282355
0.426241 0.826287
0.426477 0.801676
0.426903 0.95432
0.42867 0.654765
0.433891 0.402029
0.435164 0.801827
0.441504 0.362423
0.44554 0.186952
0.451367 0.130207
0.453649 0.472819
0.454157 0.0235105
0.457214 0.388473
0.458414 0.558936
0.459011 0.596701
0.459956 0.483526
0.460715 0.23402
0.463871 0.280642
0.464806 0.990544
0.466967 0.311754
0.468103 0.407774
0.47028 0.996981
0.474146 0.969769
0.476045 0.88186
0.479978 0.984854
0.485448 0.926771
0.485976 0.790337
0.486355 0.175927
0.49 0.434171
0.490109 0.26904
0.490846 0.65074
0.498693 0.537897
0.498707 0.762287
0.501764 0.149985
0.501863 0.814552
0.504907 0.9775
0.50558 0.288388
0.506869 0.939342
0.510665 0.742855
0.511538 0.418713
0.512833 0.183682
0.516421 0.488197
0.516706 0.271588
0.51777 0.160446
0.518647 0.906663
0.523403 0.838899
0.524187 0.00872176
0.528472 0.0289439
0.530346 0.530597
0.532546 0.496088
0.532642 0.110974
0.533031 0.647268
0.535197 0.0617672
0.546336 0.265577
0.546857 0.0217974
0.549047 0.830762
0.54932 0.421835
0.555492 0.146656
0.557165 0.273476
0.558263 0.729667
0.558304 0.414255
0.559887 0.0199272
0.564698 0.883759
0.565183 0.0335919
0.565262 0.352093
0.565621 0.397055
0.567604 0.728701
0.56789 0.531117
0.572238 0.596739
0.573273 0.995102
0.575997 0.774275
0.576362 0.910423
0.577923 0.14813
0.579299 0.282901
0.579416 0.246388
0.580739 0.481949
0.582026 0.112922
0.582498 0.0468803
0.582833 0.671066
0.584262 0.696321
0.586228 0.733234
0.586699 0.64664
0.589934 0.0252866
0.592878 0.496213
0.596618 0.358323
0.599673 0.709292
0.602333 0.405874
0.607345 0.641721
0.607703 0.656575
0.608593 0.616899
0.610363 0.377318
0.610382 0.687751
0.610483 0.379303
0.612467 0.728683
0.614533 0.453681
0.614742 0.968558
0.617092 0.457663
0.619047 0.319413
0.619931 0.174034
0.620451 0.922295
0.620745 0.859881
0.621045 0.895101
0.624925 0.110326
0.626331 0.74312
0.626794 0.526664
0.628489 0.0130904
0.629925 0.158027
0.632471 0.938902
0.632548 0.241124
0.634949 0.588624
0.635863 0.94461
0.636964 0.452635
0.638291 0.760198
0.638539 0.924813
0.638609 0.101703
0.641347 0.123869
0.644209 0.218951
0.644516 0.38052
0.646703 0.143418
0.651351 0.257118
0.651582 0.143779
0.657785 0.39515
0.658833 0.0127065
0.658986 0.572751
0.660009 0.769429
0.662402 0.989845
0.664274 0.451513
0.664505 0.337798
0.67293 0.933965
0.678305 0.265653
0.680935 0.481619
0.683344 0.959601
0.686254 0.87714
0.689339 0.725459
0.692665 0.623438
0.693115 0.190184
0.693377 0.580605
0.694814 0.733117
0.695123 0.935883
0.69704 0.150221
0.699236 0.060662
0.700478 0.938684
0.70086 0.358341
0.701719 0.796694
0.702036 0.112911
0.702405 0.314816
0.705853 0.265402
0.709057 0.126217
0.709315 0.461454
0.711191 0.984356
0.713259 0.739203
0.714511 0.781195
0.716816 0.521519
0.724164 0.0327242
0.725481 0.158113
0.725881 0.874257
0.733178 0.531362
0.733693 0.175696
0.736637 0.658409
0.737561 0.182192
0.739189 0.555177
0.739485 0.525806
0.741669 0.2274
0.748948 0.565425
0.74897 0.932959
0.749515 0.0955239
0.753256 0.968129
0.753815 0.362222
0.755493 0.56488
0.755512 0.885941
0.757367 0.072387
0.758457 0.384424
0.763316 0.0581362
0.763694 0.401667
0.765255 0.646833
0.77213 0.18166
0.773597 0.850994
0.774595 0.610499
0.776186 0.349868
0.776595 0.22711
0.777271 0.587649
0.781493 0.549002
0.78193 0.898214
0.78405 0.525811
0.784278 0.366429
0.784312 0.932487
0.786579 0.0413332
0.788358 0.937305
0.789395 0.362356
0.789969 0.0089428
0.791928 0.929759
0.792499 0.529357
0.793091 0.48399
0.794987 0.340646
0.801852 0.731296
0.802699 0.9661
0.804615 0.161929
0.805078 0.938937
0.805651 0.570662
0.805895 0.679913
0.807582 0.0258873
0.812902 0.436795
0.814742 0.371983
0.818738 0.531881
0.820099 0.402293
0.820442 0.168825
0.824739 0.381568
0.828467 0.0465315
0.830804 0.319065
0.832217 0.0742632
0.833116 0.17428
0.833621 0.671494
0.836199 0.990307
0.837095 0.0513645
0.837598 0.510558
0.839253 0.316881
0.840663 0.0297784
0.842285 0.283661
0.843343 0.0591696
0.844467 0.957989
0.8475 0.926929
0.847681 0.972279
0.848612 0.627068
0.851179 0.760122
0.852377 0.893512
0.856026 0.234802
0.856476 0.790559
0.860176 0.980618
0.860206 0.488291
0.860363 0.124784
0.861561 0.25372
0.863551 0.703693
0.863858 0.862773
0.8664 0.577625
0.866761 0.648955
0.867031 0.197241
0.869008 0.409911
0.869618 0.670547
0.872591 0.631083
0.87387 0.136498
0.875984 0.667009
0.878349 0.417271
0.8789 0.680679
0.880622 0.618844
0.889705 0.268122
0.890338 0.912118
0.894444 0.925269
0.894627 0.00307449
0.894806 0.0066237
0.894847 0.691439
0.895351 0.172351
0.89904 0.173012
0.900175 0.238971
0.905678 0.731606
0.905926 0.893309
0.90625 0.35077
0.906767 0.0330227
0.908273 0.338962
0.909121 0.588424
0.910531 0.302081
0.911209 0.696351
0.911247 0.324589
0.912154 0.566177
0.91592 0.865578
0.916243 0.299676
0.916778 0.289294
0.917017 0.309239
0.917118 0.00983034
0.917996 0.75741
0.918529 0.7229
0.91924 0.667144
0.923381 0.265301
0.927369 0.288903
0.928206 0.366131
0.928264 0.32555
0.928763 0.726233
0.929134 0.955131
0.932686 0.64573
0.933735 0.285467
0.935973 0.896978
0.938277 0.629828
0.939137 0.08118
0.939557 0.132332
0.940422 0.675721
0.94413 0.989547
0.948205 0.475561
0.949826 0.726314
0.952634 0.926669
0.952868 0.8569
0.954169 0.72113
0.956958 0.600065
0.959573 0.539877
0.960385 0.185684
0.968689 0.759572
0.971937 0.346267
0.975431 0.0723445
0.977664 0.597429
0.977934 0.134767
0.978678 0.633369
0.979303 0.141851
0.979848 0.313009
0.981706 0.530315
0.982527 0.329025
0.986378 0.0626942
0.987831 0.477515
0.990827 0.829354
0.992105 0.31597
0.993305 0.477691
0.993445 0.82892
0.995208 0.464164
0.995666 0.153509
0.995717 0.00799189
0.996316 0.0825953
0.996799 0.204645
0.996833 0.765404
