0.000378401 0.359802
0.00125675 0.122142
0.00136302 0.908307
0.00181183 0.451393
0.00291234 0.947749
0.00383888 0.520048
0.00431156 0.464322
0.0066936 0.499339
0.0080257 0.887873
0.00899682 0.209641
0.00916516 0.0389285
0.00956149 0.70003
0.00981541 0.967561
0.011209 0.390201
0.0116094 0.119376
0.0135745 0.145989
0.0161796 0.929939
0.0162975 0.912358
0.0165174 0.608455
0.0166231 0.385049
0.0172948 0.67371
0.017326 0.198711
0.0175195 0.449816
0.0178787 0.487359
0.0180074 0.65117
0.0187219 0.65891
0.0188125 0.181029
0.019164 0.0890849
0.0202132 0.723178
0.0207407 0.589281
0.0209551 0.191978
0.0212835 0.711376
0.0228893 0.700117
0.0237739 0.567824
0.0239531 0.579513
0.0243316 0.941615
0.0245274 0.231625
0.0248866 0.26891
0.025138 0.494828
0.0258572 0.581537
0.026079 0.310543
0.0262683 0.492174
0.0264485 0.520548
0.0275978 0.836129
0.028448 0.125882
0.0290246 0.816375
0.029598 0.454353
0.0298353 0.441818
0.0298605 0.865913
0.0301148 0.139369
0.0302825 0.958779
0.0316569 0.0572752
0.0324006 0.557216
0.0329876 0.423325
0.0330853 0.0650307
0.0333391 0.33048
0.0354393 0.628572
0.0357456 0.776984
0.035919 0.690922
0.0367356 0.41511
0.0373878 0.376558
0.0392121 0.0382303
0.0393577 0.484738
0.0397862 0.685874
0.0399291 0.0887649
0.0400428 0.999229
0.0407178 0.344287
0.0408188 0.0408556
0.0419221 0.585367
0.0423905 0.457716
0.042887 0.801667
0.0432676 0.198816
0.0441401 0.862912
0.0445114 0.103526
0.0453305 0.870485
0.0459203 0.782918
0.0472495 0.121724
0.0475023 0.370511
0.0475668 0.45498
0.0481307 0.932047
0.0491145 0.466818
0.049688 0.10615
0.0501757 0.302722
0.0503419 0.0956167
0.0506628 0.489668
0.0512304 0.0291119
0.0521361 0.251322
0.0526381 0.689298
0.0532932 0.699098
0.0542237 0.337405
0.0552984 0.399436
0.0562492 0.381086
0.056367 0.360015
0.0567014 0.98121
0.0570674 0.13204
0.0583038 0.911677
0.058424 0.932774
0.0600161 0.691326
0.0604564 0.0904381
0.0605367 0.440745
0.0611091 0.0603703
0.0614459 0.722021
0.0618817 0.0453187
0.0627612 0.827029
0.0639127 0.180944
0.0639453 0.729048
0.0652303 0.325812
0.0654854 0.613692
0.0655645 0.941804
0.0674866 0.247459
0.068081 0.237037
0.0686133 0.18397
0.068868 0.464751
0.069558 0.0613724
0.0706363 0.184035
0.0707627 0.308323
0.070964 0.691928
0.0710778 0.604842
0.0711824 0.363098
0.071827 0.196468
0.0718477 0.544053
0.0719727 0.644721
0.0721507 0.637587
0.0722936 0.0390378
0.0724885 0.31478
0.0740983 0.370938
0.0745654 0.220638
0.0753812 0.932327
0.0755809 0.288227
0.0759312 0.176122
0.076129 0.499958
0.0764138 0.286949
0.076503 0.78598
0.0780522 0.823465
0.0785994 0.020545
0.08037 0.779156
0.0805153 0.221194
0.0809232 0.0768042
0.0811341 0.621226
0.081201 0.744983
0.0817929 0.693738
0.0828198 0.952033
0.0830991 0.645781
0.0840341 0.360567
0.0844475 0.308395
0.0852636 0.0258599
0.0854446 0.0680009
0.0856807 0.036064
0.0860791 0.730905
0.0868132 0.0690193
0.0869404 0.206635
0.0880062 0.119434
0.0881184 0.00653578
0.0881486 0.513246
0.0888288 0.945944
0.0888854 0.896229
0.0893871 0.329252
0.0894799 0.889039
0.0906892 0.213267
0.0909533 0.652619
0.0910281 0.908602
0.0917237 0.600948
0.0917766 0.490015
0.092026 0.680598
0.0924624 0.016058
0.0930521 0.927067
0.0937128 0.0304542
0.0941215 0.900512
0.0956974 0.385399
0.0964655 0.294972
0.0969522 0.476251
0.0972878 0.116003
0.098711 0.0349765
0.0990044 0.967194
0.0999509 0.875158
0.100597 0.737712
0.100735 0.0569002
0.101743 0.986409
0.105876 0.457716
0.106364 0.667781
0.106819 0.298608
0.1081 0.840322
0.108827 0.0605556
0.109458 0.658015
0.109862 0.453597
0.110072 0.983415
0.110147 0.244814
0.111312 0.815793
0.111788 0.821464
0.111896 0.629105
0.111957 0.664205
0.113718 0.263956
0.11373 0.45582
0.114468 0.858306
0.114936 0.721749
0.115585 0.640497
0.115716 0.841319
0.115943 0.65449
0.118717 0.282746
0.118767 0.119792
0.119491 0.287088
0.120282 0.576193
0.120747 0.390494
0.120942 0.675174
0.121113 0.545573
0.121756 0.344844
0.122435 0.758241
0.122982 0.952871
0.123648 0.145824
0.123821 0.053946
0.123941 0.0839888
0.123945 0.146068
0.124839 0.165293
0.124904 0.261227
0.125494 0.173433
0.127059 0.477821
0.127735 0.84189
0.127792 0.800988
0.12817 0.160687
0.129397 0.77417
0.12961 0.354601
0.129726 0.297427
0.129773 0.099293
0.129929 0.718333
0.129935 0.818604
0.130037 0.529808
0.131776 0.762699
0.132415 0.496079
0.132817 0.256309
0.134359 0.178707
0.135518 0.65854
0.137364 0.672156
0.138021 0.714616
0.13838 0.754413
0.138687 0.905095
0.139329 0.703903
0.14017 0.843946
0.140404 0.778262
0.140926 0.538246
0.141352 0.708578
0.142457 0.269071
0.145137 0.310687
0.145169 0.854439
0.145515 0.678291
0.14568 0.436124
0.146299 0.854375
0.14658 0.563095
0.149397 0.920048
0.149576 0.92607
0.15035 0.927799
0.152342 0.415064
0.152473 0.609053
0.152525 0.491751
0.153181 0.513595
0.153568 0.0157113
0.155758 0.82826
0.155965 0.296179
0.158883 0.340099
0.159823 0.14297
0.160016 0.387196
0.160616 0.473422
0.161059 0.911313
0.161637 0.630513
0.161639 0.660285
0.161955 0.970829
0.16276 0.514282
0.165909 0.428506
0.16603 0.471267
0.167566 0.277999
0.168281 0.306941
0.169326 0.853825
0.169855 0.760139
0.171882 0.826963
0.172186 0.933567
0.173368 0.796211
0.174271 0.980957
0.17494 0.212211
0.175213 0.810806
0.175393 0.837826
0.175597 0.262364
0.175954 0.266872
0.176234 0.959312
0.177488 0.0381273
0.17774 0.276952
0.179912 0.778942
0.180288 0.103306
0.181216 0.696533
0.181281 0.788859
0.181623 0.543487
0.181799 0.49618
0.183545 0.848774
0.185099 0.95208
0.188541 0.801173
0.189123 0.582343
0.190241 0.374535
0.190988 0.931272
0.192503 0.402856
0.192924 0.479983
0.193379 0.126596
0.193836 0.796657
0.19406 0.566298
0.194397 0.236761
0.19575 0.970932
0.195969 0.64513
0.196112 0.0533511
0.197581 0.746133
0.19769 0.569904
0.197922 0.475028
0.198259 0.134017
0.198538 0.834636
0.200355 0.366077
0.200505 0.88202
0.201452 0.808674
0.201985 0.768176
0.202015 0.260541
0.202208 0.506801
0.202964 0.211761
0.2042 0.981083
0.20481 0.23905
0.205168 0.254734
0.205193 0.685036
0.205738 0.835509
0.206993 0.936841
0.208152 0.409607
0.208648 0.743649
0.209036 0.265597
0.210135 0.73334
0.211017 0.557712
0.211035 0.8579
0.211436 0.608347
0.21241 0.977402
0.213798 0.295459
0.215061 0.524767
0.215152 0.0552686
0.21523 0.366733
0.216711 0.253562
0.217252 0.347443
0.218353 0.861581
0.219421 0.810631
0.21943 0.962807
0.222671 0.433734
0.224088 0.242058
0.225195 0.848922
0.225852 0.893815
0.226206 0.842498
0.226223 0.129295
0.227133 0.421927
0.227262 0.596413
0.227918 0.612216
0.229821 0.606961
0.230375 0.913351
0.23105 0.253925
0.23153 0.323569
0.232147 0.698016
0.233413 0.972397
0.234108 0.648267
0.234358 0.850034
0.236484 0.591223
0.237095 0.863325
0.237143 0.660143
0.23781 0.871934
0.237938 0.0178536
0.238239 0.0881748
0.239555 0.193614
0.239841 0.00759793
0.241778 0.559432
0.241817 0.222232
0.24185 0.766399
0.24257 0.877424
0.243539 0.154104
0.245518 0.417582
0.245609 0.956105
0.245991 0.365049
0.246102 0.230299
0.246204 0.953776
0.247289 0.185358
0.248869 0.741911
0.249388 0.461911
0.249807 0.49986
0.250503 0.206989
0.250705 0.60224
0.253304 0.279297
0.254671 0.255514
0.255655 0.797672
0.255927 0.37231
0.256668 0.819
0.256731 0.875497
0.258155 0.808714
0.258395 0.852959
0.258422 0.296049
0.260363 0.920113
0.260866 0.37008
0.261344 0.413224
0.261415 0.597886
0.261651 0.559891
0.261996 0.368035
0.262418 0.459837
0.263017 0.528563
0.263234 0.167746
0.263987 0.822312
0.264489 0.262073
0.264633 0.679811
0.264699 0.788017
0.264931 0.696295
0.266881 0.465819
0.268191 0.493519
0.268651 0.219625
0.268663 0.415988
0.268797 0.668566
0.268932 0.935943
0.270002 0.917371
0.270179 0.890812
0.270329 0.413893
0.270568 0.44164
0.270821 0.686866
0.270871 0.535597
0.271077 0.99018
0.271364 0.819566
0.271763 0.524354
0.271848 0.946092
0.273425 0.452087
0.274063 0.183722
0.274197 0.421313
0.274527 0.982167
0.278837 0.421358
0.279241 0.207314
0.279436 0.489098
0.27978 0.254753
0.281405 0.580686
0.282839 0.675251
0.282897 0.646676
0.283154 0.969633
0.28526 0.365852
0.2859 0.128526
0.286385 0.267997
0.2866 0.884382
0.286746 0.342762
0.287235 0.55469
0.287365 0.740665
0.287654 0.599221
0.289067 0.349817
0.290174 0.95204
0.290894 0.0536187
0.292965 0.863047
0.293317 0.779704
0.296446 0.374933
0.296591 0.803917
0.298442 0.91638
0.298685 0.992846
0.299255 0.582121
0.299337 0.95867
0.299478 0.328361
0.299914 0.658359
0.300011 0.28827
0.300027 0.547151
0.300184 0.185068
0.300497 0.452042
0.301548 0.123115
0.302308 0.882586
0.30412 0.345006
0.304278 0.00308412
0.304449 0.87227
0.305444 0.599272
0.305673 0.449415
0.306282 0.687496
0.306488 0.138995
0.307901 0.890312
0.309462 0.134413
0.309793 0.685657
0.310067 0.301094
0.312055 0.701604
0.312722 0.922136
0.313273 0.186123
0.314389 0.935146
0.314427 0.57161
0.314442 0.821005
0.314881 0.202468
0.31595 0.169143
0.31655 0.259908
0.316772 0.988774
0.317406 0.636863
0.318526 0.471247
0.31896 0.758458
0.319197 0.747644
0.31923 0.294974
0.319793 0.758823
0.320393 0.841386
0.321741 0.496838
0.321836 0.100947
0.321973 0.404592
0.322405 0.657789
0.323469 0.538828
0.323491 0.913249
0.323524 0.460547
0.323827 0.552297
0.324143 0.867881
0.325829 0.21456
0.325921 0.754147
0.325929 0.884496
0.326295 0.0418995
0.326431 0.323951
0.32646 0.821513
0.326759 0.83359
0.327483 0.0011212
0.327968 0.154821
0.330995 0.0274729
0.33146 0.842416
0.333557 0.0965543
0.334135 0.81174
0.334176 0.490951
0.334742 0.0063368
0.33517 0.206315
0.335482 0.443236
0.335783 0.507452
0.335991 0.00299069
0.3406 0.465654
0.340812 0.0256506
0.341457 0.860993
0.341462 0.950245
0.343236 0.764376
0.344578 0.329904
0.345524 0.22083
0.347193 0.277135
0.347418 0.0570443
0.347445 0.511138
0.350447 0.969345
0.351955 0.305157
0.352154 0.650484
0.352165 0.843506
0.352526 0.900239
0.353133 0.108
0.353496 0.201408
0.353771 0.825203
0.354033 0.224374
0.354441 0.0938368
0.35498 0.149948
0.355065 0.582416
0.35542 0.539598
0.356579 0.0194074
0.35721 0.620772
0.358491 0.155356
0.358544 0.0451595
0.358879 0.673031
0.359193 0.961293
0.360264 0.955548
0.361226 0.132419
0.361451 0.912978
0.361798 0.736571
0.362482 0.242931
0.363549 0.161528
0.364349 0.613813
0.366 0.354371
0.368011 0.162102
0.369133 0.0217271
0.369726 0.990526
0.370113 0.486639
0.37055 0.837611
0.37102 0.72847
0.371807 0.955214
0.372587 0.061565
0.373887 0.926461
0.374085 0.244614
0.374478 0.853506
0.374678 0.21544
0.375215 0.239126
0.375365 0.751453
0.377629 0.805585
0.37936 0.897319
0.379663 0.994915
0.381063 0.530881
0.381205 0.919223
0.381371 0.701638
0.381937 0.220303
0.382765 0.12964
0.382861 0.736754
0.383507 0.593712
0.383736 0.448739
0.38387 0.696824
0.384567 0.421414
0.384641 0.653308
0.38537 0.920665
0.386586 0.358391
0.386801 0.969517
0.387272 0.876544
0.388158 0.773068
0.39114 0.895578
0.391776 0.578901
0.3919 0.663619
0.392395 0.987839
0.394074 0.207254
0.39449 0.198307
0.394861 0.428261
0.39568 0.196128
0.395792 0.0693694
0.396086 0.0128721
0.397687 0.93264
0.398892 0.186258
0.399267 0.479348
0.399572 0.601041
0.400421 0.878538
0.401338 0.28646
0.401605 0.774546
0.4025 0.821672
0.402932 0.0751824
0.403082 0.600713
0.403703 0.0332316
0.404109 0.85223
0.40451 0.604759
0.404862 0.507516
0.405112 0.724168
0.406341 0.373769
0.407017 0.741657
0.408597 0.284467
0.409675 0.411411
0.410663 0.012165
0.411231 0.560289
0.411632 0.303034
0.412878 0.240857
0.413251 0.507643
0.414555 0.417689
0.414672 0.396226
0.414857 0.507928
0.414866 0.659634
0.415447 0.414945
0.415718 0.974831
0.417351 0.410231
0.417762 0.322793
0.418137 0.632795
0.418341 0.0491543
0.418894 0.354097
0.419187 0.283496
0.419398 0.829296
0.419505 0.622739
0.419939 0.913002
0.419968 0.410032
0.420715 0.951546
0.421638 0.466705
0.422976 0.953757
0.423083 0.748313
0.423402 0.113156
0.423905 0.569994
0.424241 0.222378
0.424926 0.732165
0.424982 0.667001
0.4262 0.140963
0.426692 0.405288
0.42701 0.760286
0.428301 0.455028
0.42901 0.372374
0.430197 0.314714
0.430431 0.255988
0.430553 0.309971
0.43398 0.896279
0.435101 0.741675
0.435397 0.71664
0.43585 0.338623
0.436017 0.13079
0.436333 0.444801
0.43647 0.756335
0.437869 0.255948
0.438895 0.512427
0.439643 0.0736554
0.439748 0.849811
0.441872 0.543893
0.442042 0.39259
0.44311 0.352581
0.443422 0.586786
0.443561 0.928225
0.443682 0.956554
0.443955 0.555665
0.44414 0.66883
0.44433 0.854851
0.444526 0.145362
0.444806 0.85578
0.446336 0.571914
0.446715 0.943463
0.44827 0.069989
0.448565 0.0261234
0.448658 0.602785
0.448661 0.644437
0.449345 0.139409
0.450841 0.280172
0.45087 0.769469
0.451171 0.825029
0.452631 0.365682
0.453497 0.925907
0.45637 0.21167
0.456437 0.330418
0.457147 0.271994
0.457331 0.355036
0.457487 0.987944
0.457554 0.116593
0.457886 0.695635
0.458942 0.44246
0.459278 0.0823765
0.459589 0.312418
0.459772 0.394356
0.460327 0.711735
0.460857 0.631534
0.461614 0.343992
0.46176 0.791814
0.463677 0.0196208
0.46381 0.249831
0.464344 0.226199
0.464832 0.431951
0.464882 0.276495
0.466379 0.434508
0.467307 0.0331582
0.467585 0.708725
0.468245 0.79473
0.468256 0.975222
0.46838 0.0640485
0.469114 0.403165
0.470032 0.833157
0.470644 0.114823
0.471409 0.973438
0.471768 0.0132975
0.471972 0.438156
0.472288 0.749083
0.473606 0.88931
0.473995 0.435943
0.475268 0.828494
0.475336 0.976677
0.475378 0.68393
0.475462 0.0841069
0.475576 0.00972244
0.476098 0.776978
0.478014 0.98399
0.479655 0.56237
0.47977 0.4942
0.480562 0.813514
0.481061 0.185389
0.481179 0.169945
0.481694 0.826755
0.482317 0.30289
0.482434 0.274853
0.482722 0.111745
0.484297 0.584776
0.484335 0.213828
0.485486 0.561239
0.485619 0.797898
0.485642 0.186759
0.487075 0.263903
0.48726 0.381529
0.487511 0.595207
0.487755 0.701977
0.487797 0.405693
0.487898 0.109368
0.487993 0.695273
0.488062 0.854593
0.489118 0.598725
0.489554 0.930851
0.489743 0.105782
0.490663 0.570375
0.491483 0.358841
0.492239 0.0662347
0.49235 0.932229
0.493167 0.649686
0.493604 0.00603522
0.493861 0.317206
0.494 0.662769
0.494038 0.297918
0.494163 0.39778
0.494873 0.328125
0.494881 0.465963
0.49553 0.377558
0.495977 0.882467
0.495994 0.16312
0.497156 0.700947
0.497391 0.652919
0.497447 0.593797
0.497804 0.592099
0.498526 0.722079
0.498608 0.0964754
0.499612 0.972945
0.499996 0.42887
0.500163 0.240877
0.500502 0.93197
0.501057 0.259812
0.501251 0.530335
0.501292 0.222812
0.502462 0.872775
0.502618 0.503241
0.502959 0.231
0.503714 0.915894
0.504324 0.178721
0.506057 0.294396
0.506232 0.234426
0.506842 0.49039
0.507805 0.67709
0.509182 0.820236
0.51021 0.092743
0.510763 0.399321
0.511215 0.982619
0.511885 0.250126
0.512403 0.959137
0.513663 0.13147
0.513766 0.86213
0.514553 0.0983207
0.514982 0.304583
0.515252 0.83555
0.515801 0.0606716
0.516114 0.32594
0.51713 0.410857
0.517347 0.0540553
0.518429 0.240307
0.518618 0.411317
0.51889 0.991199
0.519188 0.995896
0.52194 0.242749
0.522055 0.175487
0.522519 0.98434
0.523079 0.394986
0.523184 0.149016
0.523536 0.0709246
0.524262 0.27578
0.526491 0.730936
0.526916 0.872271
0.527401 0.0314487
0.527911 0.604618
0.528305 0.21927
0.528748 0.660221
0.529603 0.045049
0.529798 0.307072
0.530484 0.847257
0.530566 0.221442
0.532125 0.422076
0.532349 0.197869
0.535035 0.326858
0.5359 0.875022
0.536086 0.00125738
0.536619 0.955735
0.540793 0.102606
0.54141 0.473821
0.541761 0.372086
0.542098 0.0468065
0.542157 0.0365605
0.54222 0.0831104
0.542897 0.475087
0.543273 0.786319
0.543312 0.45221
0.543498 0.569617
0.543615 0.541369
0.544715 0.020804
0.545135 0.0787647
0.545797 0.217762
0.547924 0.964336
0.548124 0.324987
0.548571 0.833394
0.548575 0.900607
0.548935 0.946344
0.549252 0.278872
0.549535 0.0369367
0.550182 0.900853
0.550633 0.485325
0.551927 0.233936
0.55211 0.31654
0.552304 0.567848
0.553668 0.49317
0.553825 0.131729
0.553925 0.810594
0.554097 0.704535
0.554305 0.211758
0.555969 0.165029
0.556018 0.993936
0.557714 0.501916
0.557858 0.924091
0.558276 0.944963
0.558506 0.812426
0.558772 0.283701
0.559143 0.522632
0.560639 0.654176
0.560896 0.978949
0.561867 0.293251
0.563305 0.475754
0.563438 0.703733
0.563674 0.669378
0.563952 0.345821
0.564685 0.655988
0.564733 0.464898
0.565024 0.358101
0.56529 0.835574
0.565646 0.814506
0.566442 0.198701
0.56737 0.789345
0.568292 0.283364
0.568667 0.58792
0.569827 0.0884222
0.569911 0.495963
0.570444 0.452625
0.570651 0.927533
0.571164 0.552332
0.571576 0.474991
0.571931 0.446636
0.57245 0.169179
0.574608 0.435604
0.576534 0.808167
0.576537 0.855086
0.577229 0.482363
0.578835 0.487626
0.578889 0.380716
0.579576 0.941359
0.579919 0.699493
0.580217 0.699526
0.58084 0.177532
0.581971 0.185967
0.583466 0.310107
0.58418 0.317964
0.584587 0.160403
0.584642 0.0794844
0.584936 0.0230653
0.586779 0.000437445
0.58711 0.556087
0.587254 0.977723
0.587274 0.306101
0.587641 0.490091
0.587896 0.762906
0.588847 0.752921
0.588859 0.949653
0.589316 0.638505
0.589876 0.0473113
0.589897 0.403779
0.590011 0.312857
0.591195 0.217506
0.592256 0.0423983
0.592896 0.808712
0.594818 0.104092
0.595424 0.286096
0.595737 0.553986
0.5961 0.657247
0.597313 0.033364
0.598195 0.860295
0.599481 0.471695
0.599906 0.622562
0.600656 0.218525
0.601003 0.050328
0.601535 0.996768
0.601573 0.639313
0.602131 0.0108189
0.602331 0.371916
0.603225 0.40839
0.605419 0.26904
0.606059 0.0264001
0.60648 0.116981
0.606856 0.420895
0.606915 0.416706
0.607853 0.178943
0.60882 0.438844
0.60884 0.777483
0.609794 0.8116
0.609956 0.52829
0.611452 0.66568
0.611751 0.697206
0.61183 0.0343253
0.611964 0.28054
0.612482 0.991861
0.612498 0.252048
0.613968 0.952242
0.615219 0.98946
0.615304 0.41094
0.615528 0.183038
0.616237 0.0881513
0.616418 0.135998
0.616421 0.184224
0.616784 0.286397
0.620029 0.821508
0.620226 0.140593
0.620686 0.867654
0.620695 0.016754
0.621629 0.725522
0.622105 0.722795
0.622228 0.792306
0.62226 0.325407
0.623023 0.154134
0.623884 0.62329
0.623937 0.511732
0.624078 0.877643
0.624941 0.389555
0.625157 0.0126948
0.626235 0.126623
0.626726 0.383912
0.627297 0.982109
0.627854 0.339832
0.629014 0.845641
0.629166 0.391512
0.629445 0.0878424
0.630036 0.0224321
0.631941 0.0333468
0.631957 0.294959
0.632376 0.335811
0.634854 0.98706
0.635397 0.115431
0.635691 0.0632229
0.635997 0.206674
0.636366 0.404485
0.636688 0.821726
0.638493 0.158791
0.639105 0.435855
0.639174 0.602688
0.639406 0.496573
0.639469 0.561171
0.641006 0.384832
0.641561 0.719053
0.641709 0.195386
0.642092 0.640699
0.642242 0.164695
0.643231 0.788545
0.643398 0.587294
0.643552 0.170473
0.643671 0.180488
0.643743 0.388567
0.643746 0.447233
0.644645 0.546444
0.645279 0.197405
0.645363 0.617343
0.645981 0.998216
0.647409 0.00949298
0.647812 0.773808
0.648674 0.259862
0.649352 0.658194
0.649482 0.836468
0.65084 0.662168
0.651149 0.862908
0.651244 0.462438
0.651966 0.59133
0.652319 0.526489
0.652759 0.923691
0.65308 0.319307
0.654348 0.629055
0.655226 0.376032
0.655631 0.198224
0.655973 0.939852
0.656563 0.848763
0.656942 0.223881
0.657571 0.790786
0.657953 0.222919
0.658185 0.123409
0.658274 0.603626
0.658881 0.817171
0.658975 0.385169
0.659467 0.669318
0.660975 0.0128938
0.661114 0.348102
0.661607 0.63258
0.662091 0.769132
0.662693 0.877569
0.662826 0.119479
0.663556 0.390193
0.663782 0.18851
0.664293 0.780173
0.665088 0.131294
0.665699 0.39931
0.666144 0.876271
0.666146 0.918197
0.667726 0.469077
0.667747 0.820825
0.668347 0.915722
0.66854 0.143802
0.670236 0.648542
0.670729 0.936065
0.671037 0.127491
0.67147 0.391035
0.672797 0.699114
0.67284 0.425362
0.67341 0.993803
0.674414 0.875994
0.674642 0.702126
0.677133 0.56669
0.677277 0.996425
0.677279 0.0259854
0.678734 0.482145
0.678922 0.637581
0.679862 0.443285
0.680002 0.796855
0.680555 0.0942448
0.681014 0.797552
0.681585 0.406385
0.683351 0.0805884
0.6842 0.350071
0.684513 0.60313
0.685655 0.80735
0.685841 0.927371
0.686036 0.212818
0.686689 0.182429
0.688207 0.696518
0.689817 0.756871
0.69018 0.858442
0.691167 0.447816
0.691913 0.976761
0.693275 0.879747
0.695677 0.234831
0.696489 0.885185
0.696576 0.346681
0.697655 0.479706
0.697991 0.129319
0.698025 0.704456
0.698492 0.559508
0.698857 0.682124
0.699309 0.286765
0.699923 0.609401
0.701693 0.352187
0.702323 0.950093
0.702721 0.633147
0.702815 0.217275
0.703138 0.64746
0.703268 0.833287
0.70331 0.538662
0.703471 0.232615
0.704831 0.0997636
0.705356 0.915809
0.705472 0.861413
0.706207 0.213466
0.706264 0.185219
0.706608 0.953574
0.707207 0.0248125
0.707262 0.954241
0.707647 0.418798
0.709875 0.870534
0.71188 0.566177
0.712922 0.0734283
0.713956 0.459864
0.714117 0.16713
0.714522 0.973661
0.71462 0.616659
0.715338 0.684028
0.716458 0.51824
0.718131 0.624759
0.718834 0.442193
0.719487 0.420899
0.719685 0.749516
0.719782 0.368542
0.720441 0.448114
0.721364 0.960682
0.722029 0.144556
0.722941 0.477446
0.723846 0.683573
0.723984 0.999435
0.724547 0.46427
0.724822 0.0809358
0.725726 0.271003
0.726088 0.368605
0.726214 0.483689
0.726767 0.781338
0.727188 0.846084
0.727345 0.489738
0.729282 0.0491321
0.729428 0.496806
0.729644 0.132663
0.729864 0.819172
0.730843 0.275452
0.730878 0.864144
0.730933 0.792461
0.73143 0.146335
0.731599 0.976741
0.731782 0.0617867
0.732657 0.769702
0.733507 0.0432938
0.734557 0.697204
0.734934 0.0374314
0.735858 0.56181
0.736042 0.650956
0.736325 0.414045
0.736706 0.815686
0.736879 0.72013
0.737224 0.521552
0.73759 0.675089
0.7378 0.196971
0.737876 0.481795
0.739595 0.371898
0.740096 0.798816
0.740326 0.665183
0.741623 0.452793
0.742561 0.225048
0.742613 0.0977354
0.742851 0.095077
0.743033 0.159648
0.743283 0.359732
0.743649 0.503307
0.743966 0.838731
0.744229 0.265223
0.744236 0.382846
0.745192 0.444238
0.745471 0.138956
0.745624 0.698711
0.746036 0.621236
0.747337 0.487705
0.748741 0.0865721
0.749134 0.694837
0.749144 0.863644
0.749538 0.489096
0.7521 0.55068
0.752944 0.72339
0.753328 0.186898
0.754929 0.0881017
0.756577 0.794138
0.757322 0.305661
0.758127 0.839449
0.758156 0.321804
0.759333 0.112164
0.760919 0.77374
0.761272 0.699929
0.761493 0.419497
0.762228 0.760969
0.762408 0.784507
0.762827 0.8246
0.762931 0.588022
0.763116 0.695967
0.763433 0.0117936
0.763446 0.233538
0.763579 0.480426
0.764651 0.49143
0.765083 0.756359
0.76514 0.71523
0.766204 0.585781
0.766434 0.454309
0.766905 0.369758
0.767246 0.107754
0.767524 0.779118
0.767549 0.193165
0.768423 0.8883
0.768691 0.386349
0.769325 0.0537687
0.769639 0.314482
0.769912 0.907121
0.770435 0.693809
0.770684 0.877778
0.771068 0.343439
0.77264 0.759142
0.775258 0.762136
0.77623 0.102538
0.776498 0.60101
0.776533 0.195305
0.777003 0.0891536
0.777261 0.426676
0.777356 0.0149595
0.777735 0.397395
0.777747 0.595293
0.778031 0.366592
0.7802 0.815825
0.780228 0.296771
0.780683 0.932779
0.781591 0.200539
0.782927 0.651128
0.782939 0.854551
0.78306 0.890988
0.784302 0.771452
0.784745 0.20147
0.784779 0.779964
0.784957 0.775953
0.786395 0.937505
0.787778 0.193201
0.787884 0.959104
0.788 0.922317
0.789226 0.516774
0.789456 0.381521
0.790051 0.385296
0.791373 0.61393
0.791962 0.503753
0.792291 0.0335209
0.793028 0.413053
0.793094 0.527207
0.793989 0.566898
0.794046 0.532774
0.794336 0.408923
0.795811 0.202735
0.795827 0.470194
0.796157 0.0117638
0.796655 0.380305
0.797787 0.404142
0.798237 0.965245
0.798347 0.813997
0.799702 0.591956
0.800085 0.0250284
0.800155 0.197098
0.800157 0.235619
0.800982 0.0971912
0.801318 0.754584
0.802304 0.317083
0.802594 0.204095
0.804314 0.112676
0.804579 0.56012
0.80463 0.420395
0.804783 0.993924
0.804963 0.0113101
0.806124 0.518567
0.806186 0.576927
0.806454 0.0781299
0.806571 0.0452409
0.806784 0.619176
0.806846 0.656874
0.808512 0.658794
0.808676 0.413206
0.808856 0.435899
0.80999 0.493953
0.810276 0.310716
0.811301 0.539106
0.811565 0.975632
0.81157 0.0540364
0.811714 0.477628
0.811745 0.993668
0.811978 0.908112
0.812018 0.587339
0.812833 0.283658
0.81314 0.43956
0.813318 0.435651
0.815069 0.857986
0.815622 0.156558
0.815656 0.729214
0.815828 0.620329
0.816087 0.965968
0.816353 0.447425
0.816572 0.132228
0.816578 0.226513
0.816654 0.509317
0.817136 0.606596
0.817257 0.641875
0.81758 0.0717862
0.818445 0.60652
0.81916 0.627604
0.820025 0.157525
0.820953 0.754641
0.821582 0.32427
0.82202 0.695051
0.822989 0.97141
0.823831 0.127637
0.824529 0.863982
0.826712 0.546934
0.826774 0.586441
0.828336 0.84542
0.8286 0.276734
0.829407 0.844324
0.829847 0.24371
0.830078 0.120252
0.831026 0.059263
0.831396 0.266857
0.831403 0.395492
0.832463 0.208645
0.832996 0.170362
0.833378 0.58793
0.834053 0.931837
0.834787 0.266962
0.835009 0.996243
0.836223 0.396895
0.836541 0.737445
0.836902 0.808908
0.837281 0.183274
0.83812 0.282713
0.838217 0.911654
0.838377 0.595786
0.838766 0.134569
0.839071 0.263869
0.839262 0.475467
0.839506 0.57171
0.839583 0.875051
0.839899 0.183294
0.841106 0.473947
0.842993 0.182474
0.843359 0.333891
0.844019 0.42478
0.844542 0.213025
0.84554 0.990413
0.846173 0.627623
0.846253 0.97649
0.846574 0.376872
0.84667 0.977107
0.846841 0.86319
0.847479 0.574374
0.848013 0.556894
0.849135 0.405891
0.849636 0.836675
0.849709 0.0623389
0.850097 0.587379
0.850483 0.0733334
0.850529 0.842728
0.850637 0.654853
0.850887 0.859242
0.85186 0.213364
0.853087 0.834438
0.853383 0.804323
0.853423 0.471858
0.85386 0.824763
0.853878 0.13612
0.854144 0.593221
0.854266 0.655783
0.854325 0.646382
0.854348 0.0346166
0.855703 0.8041
0.855995 0.71445
0.857511 0.189845
0.857774 0.605506
0.85846 0.138788
0.85928 0.921612
0.85941 0.110444
0.859845 0.415538
0.86029 0.900583
0.860437 0.368222
0.860854 0.36923
0.861666 0.0239121
0.861768 0.727337
0.86232 0.0196713
0.863298 0.456722
0.863396 0.0936693
0.866291 0.748407
0.866357 0.862733
0.866506 0.363329
0.867262 0.0658077
0.867841 0.798438
0.869006 0.383645
0.869488 0.487224
0.86972 0.390125
0.869786 0.49099
0.869812 0.926238
0.869976 0.693032
0.870388 0.613358
0.870772 0.0700656
0.871228 0.735853
0.871426 0.0610351
0.872047 0.501193
0.872127 0.835792
0.872196 0.00696118
0.872392 0.298333
0.873604 0.666404
0.873889 0.455665
0.876587 0.791286
0.877453 0.354312
0.878175 0.483087
0.87845 0.114419
0.878887 0.450318
0.879217 0.00144428
0.879914 0.719937
0.880035 0.754973
0.88073 0.433153
0.880804 0.665516
0.881088 0.441347
0.881133 0.206202
0.881393 0.565514
0.883845 0.787705
0.88412 0.40369
0.884197 0.698265
0.884642 0.179084
0.884723 0.546101
0.885016 0.457218
0.886029 0.489166
0.886505 0.496927
0.886798 0.408553
0.888825 0.475056
0.889861 0.890653
0.891128 0.195071
0.891333 0.630706
0.891503 0.495188
0.891624 0.525482
0.891722 0.165779
0.89202 0.180549
0.892983 0.358679
0.893628 0.212624
0.894353 0.387865
0.894397 0.131049
0.894646 0.323502
0.895203 0.675888
0.898451 0.263021
0.898682 0.143531
0.898814 0.365296
0.899507 0.00555673
0.8996 0.579847
0.899776 0.526467
0.901057 0.0616453
0.901595 0.112207
0.902241 0.964376
0.902674 0.249943
0.902726 0.123171
0.905393 0.932085
0.905619 0.738127
0.905934 0.0329707
0.906893 0.155972
0.907857 0.358458
0.908729 0.016622
0.9092 0.92822
0.910115 0.30047
0.910701 0.152421
0.914086 0.0515731
0.918927 0.403621
0.918998 0.60025
0.919611 0.895252
0.921649 0.147654
0.921836 0.292673
0.922769 0.98099
0.92277 0.998153
0.923905 0.0710072
0.924458 0.36576
0.924577 0.363456
0.924992 0.337831
0.926197 0.589689
0.926252 0.517325
0.926496 0.617873
0.926582 0.0572751
0.927788 0.337816
0.927828 0.0130362
0.928377 0.224313
0.929227 0.522072
0.929431 0.952213
0.929572 0.308944
0.931245 0.427211
0.93219 0.324124
0.93278 0.228786
0.933337 0.601199
0.93342 0.994504
0.933563 0.394335
0.936574 0.993378
0.936978 0.790517
0.937366 0.302628
0.93759 0.0800403
0.937789 0.428372
0.938297 0.961048
0.938544 0.111646
0.93958 0.525677
0.939616 0.123526
0.944175 0.741458
0.944583 0.60642
0.945739 0.0393266
0.946069 0.588442
0.946073 0.651561
0.946279 0.109095
0.946522 0.199484
0.948268 0.532935
0.949415 0.814894
0.949515 0.491428
0.949558 0.218169
0.950733 0.965914
0.953036 0.677148
0.953151 0.605393
0.953327 0.560426
0.953736 0.445651
0.955805 0.214203
0.955956 0.753844
0.95694 0.297098
0.956972 0.835552
0.957192 0.52531
0.957204 0.721799
0.957642 0.0839781
0.959313 0.1817
0.959878 0.66607
0.960173 0.63457
0.961772 0.498231
0.961889 0.465083
0.962097 0.96401
0.962427 0.511967
0.962938 0.0979871
0.963265 0.59962
0.965687 0.30736
0.965715 0.76525
0.966206 0.0323373
0.966572 0.176288
0.966834 0.578918
0.96693 0.191181
0.967825 0.242228
0.971067 0.719636
0.971196 0.884817
0.97129 0.462574
0.97173 0.869426
0.972501 0.826786
0.972594 0.38018
0.972895 0.447425
0.974489 0.231374
0.975555 0.150684
0.976009 0.788782
0.976939 0.411835
0.976986 0.196914
0.977213 0.0148281
0.977922 0.934764
0.978688 0.806191
0.979246 0.185578
0.979711 0.000567725
0.981911 0.97866
0.982897 0.543796
0.983942 0.112438
0.984091 0.616743
0.984177 0.0568577
0.984474 0.0470916
0.985398 0.58753
0.985609 0.13599
0.985689 0.482031
0.987668 0.739577
0.98809 0.833093
0.988414 0.276896
0.988811 0.947311
0.989435 0.435006
0.990535 0.914918
0.990865 0.463994
0.99104 0.414113
0.991778 0.812068
0.992899 0.645646
0.992929 0.157765
0.994153 0.723772
0.99495 0.127346
0.995998 0.732865
0.996384 0.219931
0.996438 0.128878
0.996527 0.631095
0.996595 0.771295
0.99961 0.445142
