0.00121579 0.433774
0.00171757 0.867281
0.00203152 0.143725
0.00380495 0.949725
0.00515802 0.6909
0.00577458 0.0534434
0.0058544 0.394883
0.00590077 0.174319
0.00622559 0.633509
0.00675861 0.591955
0.00689958 0.961302
0.00742505 0.792749
0.00742936 0.865206
0.00799437 0.361401
0.00817292 0.362243
0.00819843 0.791073
0.00850029 0.864305
0.00873021 0.728575
0.0115624 0.32889
0.0116227 0.342545
0.0116827 0.350723
0.0128563 0.0762332
0.013264 0.928126
0.0141609 0.002151
0.014781 0.424488
0.0150686 0.258351
0.015794 0.448938
0.0163811 0.316464
0.0169948 0.6319
0.0177384 0.129493
0.0188548 0.892125
0.0202472 0.294918
0.0208786 0.906035
0.0210365 0.560278
0.0219689 0.230743
0.0222544 0.0297002
0.0264248 0.122092
0.0266866 0.522085
0.0268588 0.41601
0.0269487 0.927563
0.0276473 0.66837
0.0296528 0.374272
0.0302504 0.418823
0.0304179 0.234296
0.0307912 0.507131
0.031015 0.26969
0.0312994 0.0486428
0.0313616 0.0947544
0.0321826 0.892878
0.0349668 0.687045
0.0350132 0.467397
0.0352455 0.371049
0.0355798 0.990186
0.035648 0.136656
0.0362839 0.822749
0.0372794 0.554595
0.0373728 0.12451
0.0382724 0.244985
0.0383211 0.0633336
0.0384104 0.563093
0.0386328 0.301022
0.0386897 0.257991
0.0392616 0.870471
0.0408613 0.755513
0.0408687 0.8805
0.0414355 0.406177
0.0416056 0.266105
0.0428935 0.911612
0.044756 0.213254
0.0448899 0.464141
0.0449549 0.556835
0.0453145 0.600616
0.0457762 0.361228
0.0459481 0.249221
0.0461347 0.38671
0.0464155 0.105823
0.0466567 0.159413
0.0470802 0.276972
0.0473784 0.287984
0.0494971 0.897972
0.0495023 0.984712
0.0502036 0.771983
0.051566 0.669169
0.051574 0.805004
0.0521636 0.714048
0.0530362 0.379107
0.053536 0.780354
0.053676 0.131763
0.0551877 0.539429
0.0552649 0.836462
0.0560702 0.371096
0.0570301 0.504381
0.0577219 0.131572
0.0584041 0.597727
0.0593222 0.0290105
0.0601419 0.804626
0.0608447 0.617442
0.0616416 0.0109897
0.0616802 0.659436
0.0636105 0.102186
0.0638661 0.397274
0.0639715 0.169093
0.0656307 0.0547915
0.0657233 0.610705
0.0674568 0.746579
0.0677934 0.403174
0.069039 0.338258
0.0697923 0.998889
0.0709752 0.880168
0.0716041 0.449484
0.0716302 0.888301
0.0742272 0.536393
0.0751696 0.376158
0.0753579 0.539772
0.0754111 0.434569
0.0762405 0.373301
0.076653 0.306815
0.0774495 0.693929
0.0788758 0.665253
0.0793138 0.0278546
0.0798082 0.336234
0.0807159 0.592278
0.0814903 0.606833
0.0840912 0.32123
0.0842931 0.714971
0.0844525 0.392732
0.0847041 0.622587
0.0852157 0.220926
0.0852388 0.608393
0.0853437 0.370939
0.0871368 0.50905
0.0881957 0.304805
0.0889159 0.409921
0.0897172 0.877475
0.0901529 0.200561
0.0903854 0.10725
0.0913519 0.35221
0.0916865 0.975691
0.0918075 0.00856702
0.0920005 0.252714
0.0924768 0.257736
0.0925314 0.17501
0.0937805 0.168557
0.0937855 0.25316
0.0939098 0.341791
0.0939099 0.344476
0.0954612 0.416444
0.0967533 0.13213
0.0977335 0.606747
0.0978443 0.469477
0.0985183 0.797896
0.098648 0.976468
0.0997889 0.152012
0.0998294 0.831982
0.102 0.321568
0.10219 0.509726
0.103029 0.607419
0.103299 0.143489
0.103513 0.738861
0.103529 0.0183481
0.104281 0.648652
0.105844 0.914699
0.105956 0.805612
0.107616 0.697243
0.108739 0.57875
0.108748 0.732475
0.11204 0.0506074
0.112079 0.707122
0.113113 0.0960313
0.113471 0.114141
0.115151 0.336381
0.116374 0.904095
0.116783 0.779772
0.117228 0.258635
0.117762 0.220548
0.118789 0.488531
0.119145 0.476964
0.119837 0.107418
0.122862 0.933253
0.122973 0.806894
0.122981 0.949052
0.123358 0.277047
0.124564 0.547391
0.124951 0.0520582
0.125637 0.586953
0.126134 0.933541
0.126153 0.258335
0.12645 0.238473
0.126553 0.980638
0.126649 0.582665
0.126695 0.360465
0.126932 0.343116
0.12777 0.422731
0.128043 0.0116212
0.128853 0.639146
0.129903 0.278232
0.130048 0.710504
0.130454 0.548309
0.131626 0.235556
0.13247 0.415599
0.133463 0.116547
0.135442 0.374977
0.135592 0.887108
0.135805 0.478316
0.137114 0.478122
0.13837 0.579305
0.139405 0.984258
0.139945 0.0474131
0.140182 0.0364666
0.140271 0.533072
0.141811 0.417199
0.142245 0.709082
0.142333 0.193134
0.143642 0.194984
0.145177 0.997803
0.14531 0.228318
0.145576 0.689388
0.145657 0.0555823
0.146434 0.11971
0.146723 0.970431
0.147945 0.508201
0.149112 0.125661
0.149899 0.359261
0.150088 0.532345
0.150429 0.263619
0.151854 0.217889
0.151954 0.895957
0.152278 0.334696
0.154251 0.492158
0.15437 0.491083
0.15529 0.963275
0.155656 0.10595
0.155872 0.73798
0.156954 0.917791
0.157702 0.503806
0.157908 0.96472
0.158121 0.534781
0.158191 0.71315
0.158221 0.220464
0.15852 0.241119
0.160804 0.636441
0.162219 0.406416
0.162423 0.846308
0.162733 0.0608304
0.163663 0.690379
0.164264 0.785112
0.165249 0.344653
0.165483 0.275909
0.166289 0.815215
0.167782 0.913528
0.169704 0.20861
0.170732 0.496089
0.171519 0.720853
0.171639 0.72881
0.17169 0.596754
0.171879 0.775278
0.172314 0.074854
0.172373 0.0722778
0.172859 0.243109
0.175663 0.372495
0.177199 0.184534
0.178836 0.701907
0.180122 0.314027
0.180606 0.440279
0.181286 0.873814
0.185029 0.78451
0.185173 0.196034
0.185873 0.965657
0.186637 0.809292
0.186767 0.987293
0.186978 0.537287
0.187014 0.13825
0.190159 0.00221259
0.190197 0.637448
0.190413 0.270558
0.192103 0.678948
0.193381 0.153026
0.193562 0.191183
0.194866 0.117665
0.19497 0.852951
0.19586 0.825061
0.195888 0.292585
0.196723 0.320147
0.197473 0.93472
0.197954 0.0174106
0.198184 0.874848
0.198251 0.0106811
0.198489 0.00301382
0.198703 0.597626
0.20165 0.127907
0.201971 0.525864
0.202185 0.12723
0.202917 0.41895
0.204172 0.520282
0.204904 0.827459
0.207048 0.847822
0.207209 0.558626
0.208795 0.218731
0.209234 0.602511
0.209354 0.607658
0.209879 0.442838
0.211098 0.931357
0.212469 0.967407
0.212618 0.466194
0.213494 0.188346
0.213649 0.799278
0.213713 0.866215
0.216086 0.751498
0.217102 0.837315
0.219399 0.433689
0.219621 0.169317
0.220529 0.43789
0.220715 0.551494
0.221402 0.100523
0.221959 0.462676
0.223188 0.125215
0.225512 0.179705
0.226755 0.0659445
0.227071 0.378335
0.227528 0.0638846
0.231423 0.531205
0.231869 0.0181527
0.231914 0.783532
0.232664 0.381866
0.233332 0.616948
0.233665 0.208975
0.237735 0.613406
0.237979 0.720544
0.238609 0.297256
0.239337 0.536305
0.240572 0.288932
0.241266 0.957587
0.242854 0.64481
0.243167 0.912097
0.24596 0.841582
0.246524 0.33143
0.246903 0.697384
0.249002 0.969656
0.250709 0.661126
0.251042 0.268484
0.252854 0.719627
0.252933 0.0393564
0.25305 0.00941788
0.253538 0.217878
0.254649 0.879801
0.254857 0.389646
0.260045 0.581097
0.260052 0.696951
0.260058 0.78866
0.260066 0.930701
0.260659 0.900807
0.261405 0.440122
0.262522 0.215574
0.262564 0.918867
0.262847 0.672752
0.264397 0.725773
0.264748 0.611711
0.265297 0.851264
0.265597 0.894232
0.265875 0.567905
0.267616 0.825942
0.267681 0.907608
0.269392 0.675244
0.269569 0.640421
0.270196 0.188535
0.270631 0.490992
0.271533 0.656531
0.273353 0.247351
0.274549 0.349592
0.27615 0.249034
0.276798 0.151378
0.277685 0.0505622
0.28183 0.714022
0.286276 0.433833
0.286664 0.957331
0.28674 0.235565
0.287918 0.0328431
0.288304 0.530162
0.289286 0.0277256
0.289299 0.254988
0.289305 0.353373
0.290879 0.809882
0.291691 0.443824
0.292602 0.759145
0.296627 0.401499
0.301252 0.138962
0.301763 0.72661
0.30186 0.357336
0.302078 0.0176196
0.302575 0.381488
0.30275 0.314381
0.303444 0.986331
0.304186 0.461375
0.306023 0.326494
0.306474 0.915443
0.307292 0.659791
0.307591 0.682638
0.307974 0.12543
0.308097 0.179132
0.308692 0.177867
0.309441 0.767059
0.309478 0.400971
0.309632 0.985152
0.310465 0.986198
0.311268 0.486169
0.312407 0.625477
0.316085 0.433946
0.316154 0.601546
0.316188 0.17572
0.316937 0.766877
0.317176 0.776561
0.318097 0.263106
0.318163 0.370764
0.31842 0.677177
0.321383 0.476107
0.321666 0.247398
0.322691 0.474074
0.323266 0.132174
0.323894 0.681924
0.324238 0.468185
0.324412 0.395138
0.324788 0.717545
0.325328 0.788698
0.327842 0.0358702
0.328363 0.789672
0.328486 0.866305
0.328562 0.145071
0.328833 0.696567
0.329562 0.950477
0.330123 0.376103
0.330365 0.449595
0.330659 0.39064
0.330697 0.0248029
0.331638 0.833067
0.332944 0.795111
0.333724 0.903842
0.334897 0.615445
0.334902 0.700557
0.335116 0.287327
0.336837 0.213228
0.337152 0.508666
0.337439 0.330148
0.338281 0.48708
0.338876 0.489594
0.339805 0.0961495
0.340204 0.813186
0.340581 0.143826
0.34074 0.812689
0.340807 0.945376
0.341843 0.363571
0.341912 0.507778
0.342378 0.341982
0.342386 0.488632
0.343165 0.566464
0.343848 0.0532182
0.343884 0.657234
0.345041 0.102787
0.347125 0.128913
0.347391 0.595343
0.34744 0.425416
0.347602 0.146785
0.348631 0.442952
0.349087 0.110125
0.349135 0.909158
0.350441 0.85537
0.350865 0.986703
0.351299 0.288674
0.351333 0.861947
0.352288 0.898405
0.354189 0.853048
0.354267 0.167902
0.355254 0.749716
0.35543 0.706331
0.357205 0.542258
0.357857 0.497258
0.358103 0.632234
0.358891 0.872486
0.358929 0.525331
0.359122 0.771701
0.359215 0.332248
0.360383 0.951515
0.360533 0.477742
0.364223 0.488625
0.365202 0.950219
0.365537 0.577613
0.365688 0.1123
0.366636 0.0474296
0.367473 0.113959
0.368653 0.948444
0.368685 0.492611
0.3719 0.529676
0.37217 0.0643917
0.372348 0.0502455
0.372556 0.544571
0.372629 0.776621
0.372694 0.866725
0.375293 0.547132
0.37637 0.655957
0.376413 0.381516
0.377086 0.678168
0.377227 0.062002
0.379209 0.364197
0.380147 0.131177
0.380195 0.944196
0.380768 0.562546
0.381555 0.794181
0.383126 0.19618
0.384159 0.560396
0.384727 0.0988856
0.384824 0.72987
0.38516 0.389556
0.385601 0.792315
0.38645 0.0724881
0.386848 0.758109
0.386876 0.232481
0.387557 0.664756
0.39294 0.143995
0.394294 0.894851
0.395878 0.527312
0.396206 0.0291248
0.396787 0.799854
0.397549 0.611276
0.398007 0.307054
0.398045 0.942344
0.398858 0.605901
0.399854 0.34447
0.400759 0.555277
0.402224 0.18375
0.402632 0.0349615
0.403341 0.956439
0.404089 0.525956
0.40419 0.221516
0.406307 0.800589
0.40686 0.101368
0.408051 0.106914
0.408812 0.905791
0.409695 0.738185
0.409782 0.212415
0.409955 0.111544
0.410136 0.154899
0.410659 0.943669
0.41067 0.136111
0.411525 0.499768
0.413065 0.38626
0.413466 0.12845
0.414597 0.129513
0.415562 0.34726
0.416479 0.761897
0.416876 0.438745
0.417354 0.466275
0.418115 0.256918
0.41898 0.790674
0.420203 0.351775
0.421195 0.0214403
0.422163 0.288791
0.423081 0.722133
0.42319 0.557401
0.424069 0.328711
0.425134 0.233009
0.425724 0.144018
0.426354 0.730036
0.426448 0.307049
0.428405 0.210467
0.428411 0.301543
0.429991 0.864827
0.430079 0.334721
0.430457 0.686696
0.430683 0.487111
0.43261 0.868455
0.434481 0.329333
0.435115 0.986053
0.437432 0.928189
0.438027 0.926281
0.43831 0.670024
0.438477 0.481655
0.438623 0.939941
0.438641 0.236302
0.440061 0.108638
0.440071 0.279534
0.441458 0.588927
0.441714 0.891505
0.442844 0.88428
0.443523 0.294312
0.444271 0.859556
0.444536 0.315272
0.447445 0.207587
0.448964 0.743214
0.44937 0.559466
0.449937 0.0886258
0.450104 0.903419
0.453363 0.667741
0.456815 0.695808
0.457179 0.804203
0.457908 0.055805
0.459912 0.743519
0.460067 0.345216
0.460338 0.902479
0.46073 0.495295
0.461132 0.243974
0.461668 0.262033
0.461703 0.848283
0.462706 0.706525
0.463029 0.13592
0.463127 0.770872
0.46447 0.346808
0.465033 0.807989
0.465697 0.972093
0.466687 0.608786
0.467161 0.579529
0.468928 0.264486
0.469123 0.556703
0.471409 0.970824
0.472155 0.504003
0.473986 0.286099
0.475113 0.22027
0.475822 0.143587
0.476544 0.281214
0.478414 0.706959
0.478847 0.980426
0.479133 0.788634
0.479148 0.0418096
0.479373 0.822071
0.480413 0.303895
0.480436 0.685117
0.48086 0.809649
0.481061 0.18499
0.481771 0.13343
0.481798 0.582765
0.482518 0.688342
0.482705 0.824846
0.483861 0.245418
0.485031 0.919462
0.487209 0.520253
0.487317 0.331846
0.490898 0.526596
0.492199 0.38437
0.492496 0.3793
0.493744 0.363494
0.494174 0.586192
0.494235 0.604747
0.496175 0.209112
0.497883 0.92014
0.498754 0.558792
0.499178 0.676977
0.500195 0.775574
0.501226 0.110857
0.502713 0.103225
0.503005 0.997836
0.503726 0.120303
0.503762 0.726455
0.503917 0.339249
0.504133 0.968477
0.504347 0.559239
0.505461 0.288719
0.506203 0.747916
0.50659 0.258696
0.507115 0.0775267
0.507183 0.229521
0.50747 0.0555971
0.510043 0.291028
0.510351 0.47019
0.510977 0.998269
0.511684 0.865557
0.51252 0.931351
0.512925 0.733507
0.513098 0.630218
0.51374 0.425677
0.514775 0.823516
0.51509 0.113633
0.516378 0.770159
0.516805 0.943465
0.516805 0.950008
0.517634 0.882432
0.518078 0.338176
0.518291 0.911062
0.518414 0.977748
0.518524 0.825843
0.51904 0.503956
0.52079 0.909942
0.521739 0.861593
0.522336 0.893465
0.525483 0.801263
0.527606 0.480107
0.528482 0.191787
0.528725 0.280322
0.52913 0.0872672
0.529265 0.359481
0.529762 0.709763
0.531019 0.831083
0.532053 0.215109
0.532713 0.308236
0.53313 0.32089
0.534439 0.321385
0.534779 0.0361373
0.536491 0.802067
0.537664 0.52397
0.537792 0.667409
0.53876 0.936083
0.53934 0.682018
0.539484 0.104075
0.539735 0.323756
0.540642 0.567802
0.540779 0.864896
0.541969 0.876515
0.542 0.385644
0.542051 0.248744
0.542808 0.982364
0.542853 0.73638
0.542861 0.862228
0.543529 0.0904225
0.543634 0.853046
0.545743 0.304339
0.548889 0.175455
0.548966 0.4728
0.549079 0.373865
0.549235 0.991777
0.549964 0.252317
0.550474 0.808503
0.550731 0.1414
0.551357 0.651768
0.552432 0.71736
0.552453 0.0839398
0.554544 0.223078
0.555111 0.745147
0.556845 0.893301
0.557585 0.329911
0.557907 0.750501
0.557935 0.214347
0.558072 0.508717
0.558538 0.341207
0.558548 0.508699
0.559419 0.151922
0.559531 0.0307042
0.559642 0.905347
0.560043 0.650018
0.561124 0.813776
0.562913 0.879752
0.563416 0.336966
0.564241 0.201896
0.564901 0.288746
0.565541 0.0432574
0.567436 0.901276
0.568709 0.300244
0.569337 0.850409
0.569979 0.637627
0.572867 0.169068
0.575483 0.145304
0.577778 0.715444
0.578151 0.985383
0.578736 0.818567
0.578898 0.544397
0.579094 0.837905
0.579933 0.926951
0.580105 0.832334
0.581748 0.442411
0.58309 0.998868
0.583664 0.649227
0.584368 0.480686
0.584404 0.0781122
0.58509 0.614509
0.586183 0.973371
0.587437 0.0497369
0.587573 0.332164
0.588969 0.797662
0.589383 0.764383
0.590792 0.432818
0.591714 0.929671
0.593147 0.0164811
0.593313 0.807513
0.594055 0.288584
0.594518 0.0700848
0.595378 0.520536
0.59583 0.12088
0.596426 0.138195
0.597942 0.611986
0.599221 0.114974
0.599732 0.701073
0.600166 0.997472
0.60025 0.394651
0.600992 0.87274
0.60104 0.672125
0.601706 0.868396
0.60238 0.200047
0.602444 0.268989
0.604422 0.518598
0.605084 0.650059
0.60543 0.461169
0.607854 0.202743
0.6084 0.3805
0.608483 0.768295
0.610049 0.0964046
0.613381 0.0917991
0.614145 0.940146
0.615289 0.158453
0.615666 0.495433
0.61759 0.827072
0.618894 0.759416
0.619572 0.15324
0.619905 0.747943
0.621142 0.537911
0.621281 0.876524
0.621462 0.914086
0.622432 0.213424
0.622847 0.194122
0.625071 0.561162
0.62572 0.481287
0.626088 0.665652
0.626996 0.918831
0.627257 0.316038
0.628023 0.185508
0.630738 0.80633
0.631697 0.938481
0.631747 0.770017
0.632025 0.441678
0.633429 0.0491152
0.634597 0.677211
0.636137 0.547627
0.637338 0.73638
0.637482 0.164284
0.637543 0.180155
0.637619 0.471044
0.638041 0.548054
0.638851 0.16625
0.63914 0.0182856
0.639746 0.204125
0.639801 0.134633
0.642017 0.375864
0.642251 0.309053
0.643519 0.626924
0.643894 0.935166
0.644861 0.182653
0.64697 0.619686
0.647091 0.653517
0.647275 0.750998
0.64731 0.336035
0.648068 0.0726529
0.649453 0.362707
0.650662 0.676847
0.651478 0.397098
0.651761 0.145724
0.653358 0.980153
0.654248 0.943514
0.654549 0.0105789
0.655187 0.733511
0.655504 0.0506366
0.656608 0.608625
0.658866 0.5678
0.659421 0.893498
0.660197 0.923526
0.660852 0.933975
0.661682 0.89225
0.661697 0.147124
0.661949 0.374787
0.662069 0.386243
0.662262 0.643523
0.663259 0.398363
0.664648 0.742606
0.667576 0.953079
0.669522 0.65147
0.670455 0.336343
0.671161 0.205823
0.671376 0.823445
0.671649 0.400963
0.671932 0.152978
0.672068 0.448968
0.672192 0.530039
0.67275 0.915546
0.672827 0.200112
0.672955 0.357709
0.673571 0.713686
0.674497 0.271381
0.674727 0.142577
0.674745 0.44491
0.675373 0.995521
0.675569 0.296245
0.675931 0.379455
0.676022 0.902943
0.676306 0.682006
0.677717 0.390669
0.678043 0.865723
0.680207 0.232772
0.681224 0.33911
0.681645 0.408364
0.682356 0.354025
0.684418 0.0173354
0.684997 0.747007
0.685461 0.545585
0.685755 0.483766
0.686757 0.318192
0.687375 0.713708
0.687725 0.588423
0.688519 0.94359
0.689626 0.54802
0.690692 0.456937
0.691014 0.878318
0.691146 0.0896113
0.691926 0.196095
0.693687 0.792012
0.694064 0.125517
0.695022 0.226268
0.695553 0.15135
0.696955 0.719835
0.697731 0.757885
0.698641 0.0675389
0.698827 0.183279
0.69907 0.2773
0.699236 0.0632525
0.69956 0.505874
0.70082 0.682597
0.703095 0.913472
0.703813 0.982688
0.704168 0.958543
0.704249 0.320402
0.70441 0.0243502
0.704638 0.844965
0.704869 0.734897
0.705283 0.684415
0.706689 0.319894
0.708928 0.948404
0.709289 0.0286012
0.70979 0.441009
0.711172 0.672882
0.712653 0.559617
0.713119 0.385751
0.713184 0.489355
0.713339 0.0829985
0.714212 0.765455
0.715038 0.649865
0.715438 0.371722
0.715585 0.842334
0.716429 0.0227138
0.716933 0.495862
0.717018 0.917232
0.717417 0.623061
0.717452 0.21486
0.719357 0.232075
0.719893 0.247606
0.721994 0.54623
0.723374 0.745404
0.724867 0.845095
0.726116 0.830252
0.727104 0.433863
0.727395 0.333538
0.727436 0.0142126
0.728121 0.528304
0.729722 0.443728
0.730683 0.589559
0.731227 0.736613
0.731619 0.323778
0.732153 0.289017
0.732237 0.706928
0.734883 0.171999
0.735435 0.460757
0.735678 0.537278
0.737323 0.190736
0.73842 0.623401
0.739618 0.767505
0.740229 0.0342147
0.740855 0.548472
0.742315 0.081651
0.742895 0.834442
0.743025 0.0281419
0.743201 0.982659
0.74334 0.310566
0.743432 0.86032
0.743881 0.413854
0.744101 0.103799
0.746076 0.301888
0.746124 0.109131
0.747364 0.952091
0.748205 0.0815125
0.749591 0.38041
0.750429 0.462717
0.750484 0.384883
0.751673 0.36846
0.751951 0.0379068
0.752932 0.529562
0.753737 0.064156
0.754087 0.946596
0.754874 0.174185
0.754882 0.301583
0.755642 0.0702965
0.756325 0.553044
0.758595 0.701264
0.758933 0.394384
0.759484 0.648041
0.759592 0.466028
0.760346 0.136709
0.760407 0.166072
0.761049 0.943851
0.761608 0.33911
0.763042 0.449414
0.765303 0.440591
0.767077 0.257829
0.767369 0.177093
0.76741 0.861877
0.769877 0.319133
0.770213 0.976158
0.770756 0.0999126
0.770853 0.719846
0.770938 0.158912
0.771481 0.281531
0.771613 0.492371
0.771643 0.00346412
0.772664 0.169235
0.772847 0.24485
0.773403 0.589276
0.773562 0.260557
0.774662 0.738905
0.775363 0.519977
0.775523 0.211528
0.776502 0.66341
0.777626 0.565539
0.778458 0.550212
0.779935 0.367081
0.780171 0.332531
0.781203 0.671922
0.78184 0.384821
0.781961 0.41988
0.782668 0.307548
0.783254 0.144058
0.783446 0.377507
0.783828 0.80449
0.784313 0.947498
0.785011 0.67579
0.786147 0.780474
0.787051 0.966628
0.787126 0.231095
0.790566 0.0439135
0.793057 0.902944
0.793072 0.163891
0.793598 0.00159937
0.794507 0.28185
0.796076 0.642572
0.797074 0.420805
0.797332 0.755299
0.79873 0.263787
0.799102 0.500174
0.799613 0.101792
0.800076 0.877439
0.800566 0.110161
0.801244 0.516578
0.802192 0.445235
0.80223 0.077715
0.802859 0.651109
0.802972 0.548455
0.804591 0.76604
0.808666 0.255427
0.80872 0.151937
0.808954 0.0936802
0.80982 0.643715
0.810354 0.621178
0.81055 0.919891
0.814473 0.852615
0.81458 0.646481
0.815801 0.167769
0.815837 0.765
0.81707 0.502162
0.817342 0.0643878
0.818355 0.0954595
0.818741 0.577791
0.819834 0.9529
0.8201 0.41271
0.820823 0.575279
0.820859 0.177503
0.821733 0.87004
0.826691 0.188823
0.827409 0.259229
0.827434 0.688513
0.827722 0.522149
0.828221 0.916228
0.829799 0.431051
0.830644 0.62976
0.830709 0.733779
0.83176 0.390756
0.831862 0.105365
0.831903 0.792912
0.83275 0.0346577
0.833346 0.0523478
0.833481 0.309535
0.834612 0.326509
0.834724 0.20868
0.835203 0.252771
0.836935 0.365652
0.837306 0.604513
0.83733 0.00113743
0.841245 0.801979
0.841587 0.559119
0.841884 0.552773
0.842181 0.529522
0.842407 0.334186
0.842626 0.00901062
0.844851 0.409077
0.846654 0.719196
0.848173 0.235845
0.849337 0.814869
0.851154 0.349801
0.851991 0.409232
0.852256 0.874402
0.852692 0.201097
0.854505 0.657624
0.854897 0.248899
0.855783 0.149312
0.855914 0.339936
0.856696 0.485763
0.857515 0.24816
0.857648 0.49709
0.857881 0.403466
0.859845 0.42057
0.86129 0.696457
0.861646 0.676906
0.86166 0.921128
0.862027 0.094451
0.86252 0.378459
0.862644 0.463905
0.862992 0.307065
0.864216 0.870419
0.865007 0.176382
0.866456 0.528967
0.86772 0.770688
0.867942 0.501346
0.868201 0.855688
0.868711 0.426165
0.86914 0.643948
0.86957 0.859813
0.870162 0.821012
0.870989 0.704874
0.871842 0.0517985
0.87188 0.683175
0.872411 0.607161
0.87248 0.772117
0.874435 0.629148
0.874461 0.062893
0.874489 0.541953
0.874532 0.250717
0.874985 0.868357
0.876042 0.640993
0.876528 0.80831
0.876663 0.0805004
0.877793 0.0605103
0.878376 0.873095
0.878876 0.261945
0.880355 0.128058
0.880581 0.923299
0.880774 0.163463
0.883366 0.7298
0.884902 0.540157
0.885031 0.719323
0.885394 0.814593
0.887266 0.272074
0.889999 0.214975
0.890041 0.911177
0.890366 0.381191
0.890717 0.277922
0.892283 0.60078
0.892777 0.899784
0.892812 0.496271
0.893801 0.106252
0.894291 0.350331
0.894702 0.258487
0.894923 0.975253
0.896655 0.0858482
0.89685 0.364361
0.897326 0.351422
0.898847 0.917078
0.899293 0.416642
0.89996 0.62214
0.900405 0.10339
0.900504 0.775916
0.901054 0.0137088
0.902249 0.0998742
0.905434 0.629266
0.905895 0.370351
0.906101 0.844422
0.906331 0.711869
0.907531 0.866132
0.908511 0.341398
0.909635 0.235185
0.911949 0.122332
0.912074 0.223939
0.912149 0.485299
0.912735 0.339645
0.91297 0.289762
0.914074 0.843086
0.914808 0.17469
0.915336 0.0538307
0.916859 0.655231
0.918529 0.724927
0.91896 0.961571
0.9194 0.357005
0.919937 0.378429
0.921487 0.428327
0.921634 0.907494
0.922384 0.506712
0.923144 0.274972
0.924665 0.844565
0.92524 0.513724
0.925998 0.25204
0.926959 0.393472
0.926979 0.739625
0.927033 0.648118
0.927256 0.383534
0.927606 0.26678
0.928266 0.37376
0.928481 0.974258
0.929181 0.749312
0.929716 0.731949
0.93366 0.0240907
0.934913 0.0785345
0.936883 0.193139
0.938156 0.583374
0.940177 0.550121
0.940597 0.612363
0.941261 0.766035
0.941797 0.789393
0.943019 0.319822
0.943056 0.938465
0.943081 0.362959
0.945897 0.690478
0.94603 0.924053
0.947179 0.238273
0.947651 0.169758
0.947867 0.80765
0.949633 0.485821
0.950169 0.488932
0.952922 0.764344
0.953538 0.118443
0.953825 0.941333
0.954768 0.790842
0.954975 0.260092
0.956144 0.916386
0.956341 0.230759
0.956918 0.926692
0.957108 0.120336
0.958461 0.847861
0.960223 0.474191
0.960746 0.260535
0.961017 0.804517
0.962111 0.197549
0.962678 0.731961
0.963302 0.209348
0.964261 0.334612
0.965883 0.601158
0.965998 0.53359
0.966859 0.00280174
0.968746 0.712206
0.970399 0.498673
0.970466 0.623291
0.970901 0.941557
0.970907 0.0340331
0.971039 0.251705
0.971253 0.842764
0.972836 0.450581
0.972903 0.578086
0.973807 0.770126
0.975648 0.713907
0.978826 0.125606
0.979705 0.904945
0.979707 0.930185
0.979791 0.346711
0.980999 0.645323
0.981563 0.121483
0.982143 0.873946
0.983261 0.66876
0.983525 0.110178
0.983813 0.942632
0.984119 0.0930559
0.984355 0.0473603
0.984444 0.551221
0.98469 0.691143
0.984932 0.748137
0.985062 0.943935
0.985085 0.316243
0.985179 0.909183
0.985918 0.324262
0.986107 0.500359
0.986197 0.0115372
0.986769 0.62876
0.987094 0.089695
0.987103 0.234733
0.989079 0.455166
0.991312 0.987984
0.991321 0.136677
0.991369 0.934473
0.99162 0.155407
0.991713 0.718951
0.992806 0.0876821
0.992949 0.498908
0.993462 0.113228
0.993844 0.543053
0.994505 0.641525
0.99532 0.343291
0.995652 0.921293
0.996293 0.70268
0.9969 0.890758
0.997372 0.837403
0.998367 0.554347
0.998487 0.567814
0.999549 0.415442
0.99999 0.8352
