0.000987807 0.602085
0.00260338 0.755
0.00345718 0.104781
0.00752343 0.446312
0.0100179 0.370349
0.0103584 0.0931231
0.0115387 0.931067
0.0124617 0.444504
0.013319 0.852889
0.0134401 0.888473
0.0142732 0.889863
0.01485 0.584332
0.0149297 0.924191
0.0198916 0.317818
0.0206109 0.406812
0.0214449 0.42452
0.0232916 0.462429
0.0280409 0.283389
0.0280977 0.237314
0.0298752 0.112984
0.03099 0.84964
0.0326009 0.923674
0.0326116 0.103093
0.0350721 0.456556
0.0352396 0.272374
0.0381998 0.0234843
0.0400839 0.690767
0.0411933 0.336262
0.0414239 0.210917
0.0417471 0.643654
0.04424 0.541488
0.0447712 0.469653
0.0449441 0.375044
0.04513 0.500145
0.0461754 0.0699212
0.0479852 0.486534
0.0494795 0.602754
0.0500387 0.999719
0.0511647 0.925641
0.0512842 0.934075
0.0515533 0.456261
0.0517194 0.247222
0.052654 0.955927
0.0529119 0.290421
0.0529569 0.0465812
0.0530224 0.147023
0.053692 0.400732
0.0559417 0.212411
0.0560893 0.69301
0.0568924 0.190437
0.0581793 0.819078
0.0584299 0.0313704
0.0610261 0.665453
0.0616215 0.673008
0.06317 0.698824
0.0637449 0.360626
0.0664629 0.0418673
0.0670426 0.785861
0.0678431 0.238553
0.0703615 0.565248
0.0705941 0.475404
0.070637 0.19644
0.0722442 0.208167
0.0745737 0.35947
0.0752894 0.389061
0.0765287 0.217307
0.0765701 0.914057
0.0784971 0.300262
0.0803402 0.278495
0.0804224 0.659114
0.0805458 0.733931
0.0827051 0.024007
0.0829459 0.0723765
0.0835465 0.165325
0.0836155 0.326155
0.085306 0.737112
0.0853605 0.654473
0.0854821 0.698008
0.085555 0.923516
0.0858449 0.795524
0.0876232 0.683599
0.0893141 0.101819
0.0896013 0.929718
0.0910635 0.503626
0.0913115 0.672349
0.0913317 0.0119038
0.0921459 0.695966
0.0929002 0.373847
0.0936624 0.183172
0.0947814 0.991369
0.0956894 0.251263
0.0968748 0.174382
0.10057 0.279244
0.101948 0.445085
0.101987 0.0929208
0.102694 0.97853
0.103037 0.745477
0.103134 0.381031
0.106012 0.749895
0.107677 0.733438
0.112608 0.597792
0.112869 0.997557
0.112968 0.646847
0.113508 0.733403
0.114449 0.549681
0.114569 0.553772
0.114999 0.786487
0.115712 0.76538
0.116435 0.919708
0.117886 0.306815
0.117997 0.182365
0.118684 0.715616
0.118948 0.159867
0.119131 0.23988
0.11961 0.292251
0.120406 0.667461
0.120411 0.743635
0.120705 0.697195
0.120867 0.415277
0.120951 0.816722
0.121161 0.347267
0.121718 0.710782
0.123215 0.87616
0.123504 0.73844
0.125765 0.734047
0.125959 0.988298
0.126051 0.54465
0.127165 0.269794
0.127269 0.0134071
0.127932 0.156114
0.127962 0.66151
0.128149 0.800377
0.12932 0.474022
0.132064 0.603543
0.132476 0.524237
0.133086 0.783715
0.136391 0.329805
0.136655 0.754075
0.13888 0.164355
0.139388 0.698893
0.141127 0.920576
0.141361 0.859987
0.143359 0.44264
0.144588 0.0929848
0.148093 0.995124
0.149372 0.492838
0.149824 0.092399
0.15064 0.810475
0.153732 0.778443
0.154645 0.113697
0.155566 0.605557
0.157091 0.227775
0.157801 0.169758
0.159767 0.201208
0.160799 0.555845
0.161803 0.426844
0.163242 0.614324
0.163676 0.897575
0.165232 0.0612133
0.165418 0.18442
0.166227 0.785131
0.166277 0.616519
0.168566 0.0933526
0.168598 0.625436
0.169825 0.254274
0.171095 0.585357
0.172131 0.012654
0.172296 0.785709
0.173141 0.987345
0.17396 0.739121
0.175093 0.780833
0.177637 0.542041
0.178154 0.234688
0.179014 0.693748
0.17915 0.979127
0.179321 0.846974
0.180004 0.333885
0.181153 0.641358
0.18141 0.95429
0.181787 0.292976
0.184189 0.669896
0.184274 0.0960171
0.185366 0.45369
0.186817 0.833041
0.188461 0.457605
0.189022 0.895408
0.189143 0.920974
0.18965 0.439578
0.189763 0.349674
0.189983 0.0513035
0.193334 0.368526
0.194831 0.53165
0.194859 0.993773
0.195863 0.872606
0.196279 0.859245
0.198356 0.763882
0.199434 0.886505
0.20425 0.825705
0.204522 0.398887
0.207798 0.464501
0.209863 0.169526
0.210169 0.302356
0.210796 0.851903
0.212453 0.694376
0.213762 0.700326
0.214321 0.0873204
0.215532 0.44481
0.217412 0.0376873
0.217761 0.910751
0.217794 0.471659
0.217848 0.36878
0.219332 0.30461
0.221191 0.555428
0.223413 0.899552
0.225876 0.294526
0.22607 0.564923
0.226662 0.508458
0.227751 0.812512
0.228568 0.539118
0.233181 0.0721177
0.233993 0.720414
0.23435 0.712931
0.237406 0.0851488
0.238158 0.716823
0.238192 0.292225
0.238493 0.35663
0.238623 0.534473
0.240242 0.742564
0.241082 0.857985
0.242559 0.690702
0.242665 0.47045
0.243701 0.884709
0.244162 0.635772
0.244197 0.217272
0.244227 0.717729
0.244253 0.152836
0.244704 0.741839
0.246015 0.772889
0.246137 0.823413
0.249116 0.894512
0.249649 0.85529
0.250355 0.711958
0.250394 0.364614
0.251286 0.369079
0.252173 0.268897
0.253808 0.745887
0.25405 0.811365
0.256673 0.902468
0.258485 0.364067
0.258572 0.817369
0.259038 0.645679
0.260849 0.0959767
0.262919 0.878702
0.263717 0.299712
0.264876 0.764698
0.265876 0.574346
0.266754 0.338675
0.26704 0.138399
0.26745 0.030073
0.267562 0.91316
0.267622 0.92727
0.268366 0.420605
0.269077 0.377098
0.269663 0.220776
0.270114 0.80146
0.271037 0.321589
0.272477 0.516747
0.274431 0.356935
0.275475 0.902536
0.27652 0.472571
0.276717 0.79038
0.277141 0.902507
0.278406 0.162745
0.278733 0.666538
0.278737 0.731121
0.279003 0.208313
0.283748 0.945914
0.285239 0.0088756
0.286542 0.909326
0.292627 0.188202
0.293132 0.67226
0.293133 0.693023
0.293844 0.636877
0.293985 0.0128216
0.294846 0.469652
0.294982 0.761142
0.295699 0.816381
0.296346 0.680532
0.298214 0.090248
0.299098 0.943226
0.299303 0.391931
0.299852 0.605853
0.299957 0.373704
0.301273 0.487557
0.302015 0.968949
0.302344 0.496831
0.30278 0.81825
0.302971 0.0309672
0.303243 0.599955
0.305509 0.692576
0.305731 0.413201
0.305804 0.655168
0.30627 0.475237
0.306766 0.81662
0.307289 0.602448
0.308001 0.574914
0.310291 0.0542761
0.310316 0.478403
0.312745 0.297841
0.313251 0.804095
0.314948 0.336079
0.315888 0.137808
0.31637 0.2327
0.321769 0.964307
0.321947 0.970236
0.322776 0.901987
0.323221 0.376851
0.323523 0.452462
0.329567 0.0327561
0.329818 0.256976
0.331823 0.945677
0.33302 0.068853
0.335583 0.142826
0.33574 0.775836
0.336072 0.356882
0.336199 0.499938
0.337452 0.549537
0.338117 0.730226
0.340729 0.63694
0.3442 0.963504
0.344725 0.792525
0.344916 0.0104155
0.344935 0.327172
0.345782 0.565412
0.345879 0.191747
0.349575 0.299833
0.352255 0.352805
0.352846 0.28043
0.355611 0.751469
0.357106 0.880861
0.359438 0.0798888
0.359962 0.878982
0.360362 0.597286
0.361404 0.117866
0.363293 0.869391
0.365123 0.62991
0.366621 0.8023
0.367636 0.856812
0.369219 0.466217
0.369286 0.58167
0.369979 0.243304
0.373115 0.946678
0.373129 0.17927
0.374694 0.478594
0.374858 0.246546
0.378128 0.195516
0.379203 0.263214
0.381261 0.855382
0.383271 0.63893
0.383613 0.390247
0.386506 0.00330954
0.387093 0.869591
0.38812 0.138568
0.388505 0.59832
0.388825 0.982221
0.389717 0.966689
0.390152 0.289338
0.396109 0.404261
0.39666 0.662965
0.397197 0.681455
0.397517 0.0732521
0.398126 0.305854
0.398169 0.0212392
0.399152 0.548402
0.399724 0.157924
0.401794 0.946714
0.402852 0.729117
0.403019 0.540044
0.404476 0.0226175
0.406566 0.149672
0.407392 0.0415396
0.407802 0.934959
0.409503 0.524928
0.410604 0.0232563
0.410883 0.709021
0.413847 0.532212
0.414333 0.701838
0.414919 0.536673
0.419998 0.912297
0.420588 0.82718
0.422386 0.04494
0.423435 0.675535
0.423813 0.0259371
0.425506 0.471502
0.425701 0.763226
0.427891 0.568316
0.427975 0.983934
0.428531 0.318077
0.428559 0.78852
0.430295 0.972449
0.431624 0.299358
0.432032 0.169408
0.432202 0.0182298
0.433078 0.748224
0.434006 0.337952
0.434174 0.16288
0.435448 0.573588
0.435852 0.372801
0.435858 0.468197
0.436217 0.49364
0.436494 0.153484
0.436722 0.989211
0.436843 0.0196686
0.437569 0.225447
0.437605 0.822482
0.438887 0.377391
0.439755 0.957893
0.440381 0.476549
0.443415 0.471942
0.448544 0.67324
0.449404 0.129851
0.44977 0.281722
0.449966 0.576866
0.452836 0.809715
0.453873 0.240315
0.453973 0.928088
0.455449 0.727191
0.456702 0.783341
0.457076 0.0846637
0.457164 0.5593
0.458185 0.710444
0.458397 0.270362
0.45875 0.206843
0.46226 0.200614
0.465349 0.123941
0.465728 0.493384
0.466078 0.371982
0.467232 0.770898
0.467895 0.905458
0.468026 0.107626
0.46846 0.409409
0.46897 0.982265
0.46941 0.379335
0.472862 0.395208
0.473525 0.534808
0.473981 0.19493
0.476418 0.164236
0.476502 0.575009
0.477125 0.0328776
0.477721 0.0614463
0.479982 0.0566377
0.480346 0.179003
0.480524 0.164113
0.480894 0.377209
0.483632 0.408133
0.484746 0.129255
0.485052 0.274318
0.485602 0.507884
0.485916 0.786402
0.487249 0.198016
0.489789 0.891863
0.491264 0.67284
0.492276 0.684839
0.492687 0.591453
0.493036 0.44935
0.493952 0.859189
0.494053 0.549059
0.494858 0.0823929
0.494953 0.672539
0.494959 0.769515
0.496721 0.390053
0.497474 0.0512797
0.498006 0.984031
0.501773 0.292511
0.501815 0.996782
0.502021 0.471322
0.504195 0.99867
0.504584 0.551869
0.510822 0.378314
0.511904 0.567148
0.513549 0.210237
0.513663 0.132401
0.514352 0.718245
0.515035 0.189315
0.5154 0.329423
0.518133 0.260372
0.519002 0.865661
0.520908 0.895969
0.521989 0.0756156
0.523 0.0577412
0.52412 0.887735
0.524545 0.0305964
0.525401 0.419838
0.526013 0.703664
0.526293 0.411248
0.52763 0.882883
0.527965 0.501402
0.52868 0.530767
0.528858 0.514734
0.52931 0.113818
0.53214 0.674273
0.533309 0.321238
0.534115 0.869262
0.534328 0.448879
0.53469 0.53306
0.53552 0.482099
0.536912 0.874647
0.538451 0.743122
0.539541 0.0717981
0.540905 0.990741
0.542802 0.87213
0.543941 0.0179645
0.544008 0.136681
0.547398 0.125242
0.551309 0.844337
0.551645 0.500806
0.552587 0.321843
0.553258 0.601504
0.555869 0.484567
0.558702 0.10451
0.559883 0.949216
0.560632 0.541868
0.56082 0.703455
0.561533 0.682159
0.563065 0.438286
0.563597 0.380844
0.564808 0.736096
0.565894 0.987166
0.566649 0.668279
0.566832 0.742336
0.568583 0.167535
0.568753 0.0333796
0.569809 0.781777
0.57083 0.940591
0.574494 0.512391
0.582046 0.442913
0.582529 0.573517
0.583312 0.732226
0.583648 0.373825
0.584327 0.775507
0.584545 0.451607
0.585491 0.338973
0.585544 0.238074
0.585837 0.159052
0.586218 0.571963
0.586789 0.157622
0.590535 0.12855
0.59234 0.461828
0.593587 0.412455
0.59373 0.817154
0.594826 0.242728
0.59516 0.854853
0.597104 0.523777
0.597436 0.105027
0.600349 0.0723659
0.604546 0.612974
0.605555 0.558308
0.605828 0.145178
0.607145 0.288536
0.60755 0.0875301
0.60775 0.462268
0.608297 0.652523
0.610873 0.937323
0.611883 0.924661
0.613279 0.386465
0.613783 0.849126
0.616094 0.686575
0.6164 0.838048
0.617213 0.506027
0.617238 0.910611
0.618637 0.437021
0.618726 0.931075
0.620783 0.494232
0.623392 0.342522
0.625672 0.666703
0.625767 0.269199
0.625828 0.297811
0.6283 0.842378
0.63014 0.762993
0.630967 0.665028
0.633218 0.49556
0.633614 0.146096
0.637936 0.793554
0.638837 0.929627
0.640079 0.815452
0.640457 0.165204
0.641071 0.472666
0.641167 0.086604
0.641863 0.79216
0.641918 0.714326
0.641969 0.565224
0.643599 0.969804
0.648341 0.669706
0.649375 0.0399879
0.650831 0.513498
0.651304 0.459423
0.652241 0.212073
0.654892 0.768517
0.655325 0.0522841
0.656158 0.0419896
0.657421 0.281042
0.661053 0.321901
0.661898 0.512502
0.663804 0.558541
0.667232 0.162114
0.667605 0.440943
0.669059 0.882546
0.669129 0.0481976
0.669822 0.69918
0.671419 0.531465
0.672523 0.0922474
0.673847 0.348884
0.67462 0.343091
0.675222 0.452569
0.680157 0.394223
0.681406 0.391863
0.68555 0.0437556
0.68558 0.544988
0.686348 0.45341
0.691229 0.490054
0.691248 0.797435
0.691454 0.274432
0.691698 0.373916
0.694568 0.60113
0.694922 0.552184
0.695253 0.117578
0.695444 0.334779
0.695897 0.934121
0.696472 0.612577
0.698297 0.275666
0.698316 0.601501
0.699698 0.819787
0.701091 0.238726
0.701403 0.480507
0.701419 0.747621
0.70251 0.0855007
0.705777 0.996458
0.707768 0.463484
0.707924 0.072154
0.707998 0.317455
0.708608 0.576385
0.710936 0.695435
0.710969 0.257642
0.712745 0.103971
0.7144 0.914841
0.715057 0.96522
0.715489 0.225516
0.716678 0.202026
0.717297 0.609767
0.719165 0.0124631
0.71935 0.111392
0.719674 0.562224
0.721225 0.62102
0.722287 0.474581
0.722713 0.631944
0.724988 0.881516
0.726364 0.99982
0.728507 0.0176403
0.72854 0.571356
0.729663 0.43865
0.729781 0.42186
0.729823 0.142504
0.73022 0.800937
0.730518 0.820614
0.732898 0.817407
0.734172 0.232043
0.738303 0.666519
0.739019 0.698592
0.740891 0.155947
0.740978 0.613021
0.74149 0.227827
0.742567 0.321
0.742742 0.262063
0.743449 0.14808
0.747188 0.994005
0.752278 0.540345
0.754062 0.518908
0.755407 0.12734
0.755491 0.54504
0.755691 0.892449
0.7564 0.808714
0.759053 0.403906
0.759615 0.842273
0.760127 0.452938
0.76134 0.850006
0.762472 0.863145
0.763032 0.276725
0.764138 0.870199
0.764301 0.604122
0.76497 0.846286
0.765279 0.0444199
0.766982 0.668653
0.767352 0.885397
0.770952 0.388036
0.77422 0.321831
0.774335 0.240481
0.774712 0.590194
0.775607 0.621371
0.775936 0.155185
0.776685 0.739713
0.779035 0.240658
0.77923 0.519132
0.781856 0.660786
0.78241 0.95892
0.783848 0.131961
0.785161 0.202126
0.786337 0.96345
0.787391 0.684487
0.790249 0.710047
0.790734 0.860804
0.791732 0.644922
0.791745 0.852094
0.792096 0.765988
0.795112 0.455535
0.795687 0.108782
0.795901 0.709178
0.797831 0.145127
0.798917 0.405315
0.798941 0.797197
0.802069 0.368187
0.805423 0.745759
0.807449 0.787068
0.811129 0.646879
0.811527 0.332022
0.811973 0.83467
0.816098 0.163396
0.816382 0.928801
0.816908 0.764968
0.819297 0.933456
0.820574 0.384384
0.820626 0.26298
0.826031 0.095563
0.8291 0.678278
0.829499 0.383614
0.829561 0.435517
0.83194 0.413488
0.835321 0.235277
0.835719 0.937506
0.836304 0.753291
0.840129 0.0406846
0.84255 0.736005
0.843926 0.872137
0.845392 0.510761
0.846503 0.180768
0.848569 0.894934
0.850136 0.239714
0.8506 0.0323519
0.852393 0.168248
0.852668 0.788021
0.855082 0.365101
0.857782 0.742499
0.858136 0.686439
0.859383 0.656913
0.861958 0.935405
0.862273 0.218126
0.862384 0.0886985
0.862536 0.635618
0.86785 0.951663
0.868045 0.227241
0.86817 0.337394
0.868572 0.0889447
0.869413 0.226083
0.869564 0.764918
0.87163 0.493649
0.872184 0.794882
0.872225 0.489363
0.873577 0.214486
0.874414 0.276875
0.874913 0.668809
0.876003 0.97727
0.876061 0.950032
0.877678 0.139489
0.878027 0.00326293
0.87848 0.609312
0.878536 0.546708
0.880151 0.700139
0.881014 0.206213
0.881166 0.7647
0.881662 0.0957292
0.881682 0.437515
0.881968 0.228708
0.885186 0.316903
0.885693 0.841674
0.886919 0.442
0.887751 0.436073
0.889466 0.251998
0.889514 0.0648912
0.891451 0.619159
0.89258 0.598433
0.893128 0.796147
0.893411 0.551989
0.893884 0.507493
0.894485 0.61312
0.895035 0.850788
0.895414 0.217038
0.896382 0.495088
0.899493 0.78537
0.899661 0.602221
0.899682 0.956998
0.899706 0.365957
0.899929 0.0996909
0.900026 0.7389
0.902566 0.424991
0.903922 0.224355
0.9061 0.815629
0.907441 0.355721
0.908217 0.395767
0.90857 0.339941
0.910133 0.598967
0.917388 0.548702
0.917854 0.380213
0.917915 0.391983
0.918039 0.478962
0.918306 0.962439
0.918693 0.46864
0.920543 0.562422
0.920674 0.771798
0.920726 0.637872
0.924608 0.885984
0.924727 0.89506
0.925262 0.877556
0.925286 0.278477
0.925386 0.970664
0.925512 0.0798545
0.926498 0.644608
0.927375 0.395835
0.930009 0.662922
0.930422 0.608284
0.931081 0.677173
0.933214 0.530248
0.934817 0.465997
0.934936 0.470878
0.935043 0.273753
0.935535 0.530377
0.936106 0.141291
0.937111 0.0246402
0.939392 0.366704
0.939565 0.275406
0.939794 0.112181
0.939921 0.245853
0.940365 0.708609
0.941129 0.560322
0.941536 0.402329
0.942295 0.156642
0.94362 0.42656
0.944371 0.0511279
0.944627 0.346959
0.944629 0.386756
0.945377 0.952141
0.946061 0.439647
0.946505 0.91343
0.946654 0.407866
0.94666 0.519235
0.947281 0.950713
0.947834 0.23915
0.950208 0.149752
0.950264 0.0893542
0.954254 0.150718
0.959135 0.175427
0.960324 0.160899
0.961663 0.670202
0.96224 0.359991
0.962452 0.923736
0.962723 0.485022
0.963378 0.486134
0.963788 0.381753
0.964207 0.431832
0.965482 0.847964
0.96565 0.68363
0.966877 0.300525
0.967315 0.668942
0.968557 0.541462
0.96935 0.862193
0.97043 0.0136168
0.972045 0.167862
0.972336 0.0523855
0.974598 0.0619696
0.975984 0.362307
0.976931 0.281096
0.977243 0.520865
0.977712 0.413023
0.978795 0.599181
0.979529 0.94765
0.980547 0.0578696
0.981415 0.644406
0.983053 0.166593
0.983159 0.955818
0.983194 0.547413
0.98623 0.572547
0.986966 0.931652
0.988236 0.274427
0.988504 0.778737
0.988535 0.305155
0.989551 0.385204
0.989919 0.566908
0.992842 0.694758
0.99618 0.803956
0.997157 0.216353
0.997582 0.369138
0.997597 0.613039
