0.000155548 0.614297
0.000272699 0.583263
0.000744292 0.509324
0.00112001 0.824077
0.00170136 0.594814
0.00232768 0.121312
0.00241018 0.507832
0.00267844 0.0164699
0.00476266 0.0461169
0.00641602 0.834095
0.00658247 0.631537
0.00681067 0.466919
0.00734219 0.400195
0.00850232 0.898444
0.00924756 0.42382
0.0108814 0.883458
0.0124146 0.652108
0.012423 0.792662
0.0124918 0.949509
0.0131782 0.485694
0.0150267 0.553367
0.0153925 0.702319
0.0154694 0.994264
0.016128 0.0639905
0.0164679 0.776356
0.0166032 0.0501586
0.0173797 0.101435
0.0174511 0.30139
0.0179596 0.846744
0.0185765 0.215862
0.0186271 0.0659777
0.0205463 0.320981
0.0211218 0.993622
0.0218807 0.748499
0.0220255 0.183228
0.0223573 0.759054
0.0232149 0.172072
0.0235829 0.358387
0.0257196 0.269619
0.0257911 0.471859
0.0267818 0.121341
0.0275258 0.626462
0.0287668 0.483016
0.0287901 0.875696
0.0292686 0.916688
0.0300761 0.488802
0.0302617 0.608769
0.0306772 0.591126
0.0320341 0.397393
0.0320453 0.585344
0.0321134 0.729316
0.032798 0.236443
0.0335829 0.428398
0.035809 0.841151
0.0358714 0.890049
0.0361412 0.424405
0.0361678 0.872535
0.0370116 0.0544406
0.0370607 0.879567
0.0375461 0.0372733
0.0382501 0.870078
0.0384518 0.259186
0.0396493 0.385438
0.0398341 0.491943
0.0410316 0.618492
0.0431442 0.125157
0.0431485 0.19651
0.0436242 0.19124
0.0439024 0.867691
0.0440283 0.983949
0.0461831 0.199706
0.0466864 0.657796
0.0472807 0.646959
0.0473894 0.473524
0.0479685 0.206906
0.0483383 0.421348
0.048769 0.659981
0.0498406 0.670507
0.0500691 0.511861
0.0502229 0.0957915
0.0509763 0.758035
0.0512382 0.159984
0.051765 0.013956
0.0521795 0.981373
0.052643 0.771374
0.0527053 0.817728
0.0545021 0.016971
0.0545635 0.0480873
0.0550116 0.579254
0.0562144 0.795893
0.0567597 0.960446
0.0572807 0.716165
0.0585321 0.748765
0.0606026 0.548458
0.0614039 0.0148299
0.0622007 0.406554
0.063571 0.437078
0.0639269 0.419171
0.0641204 0.671786
0.0647138 0.645218
0.0650714 0.654258
0.0652686 0.970142
0.0668994 0.378275
0.0676268 0.603369
0.0679171 0.482061
0.0687794 0.975832
0.0693558 0.662333
0.0697562 0.39276
0.0701131 0.391641
0.0704739 0.455661
0.0710962 0.913404
0.0711964 0.597271
0.0716345 0.960397
0.0716517 0.250482
0.0716578 0.352545
0.0723561 0.0889374
0.0727859 0.313185
0.0735885 0.801087
0.0741069 0.515499
0.0743817 0.132963
0.0763034 0.431403
0.0766141 0.653931
0.0782228 0.690773
0.0789352 0.663913
0.0796633 0.90156
0.0804393 0.942788
0.0806458 0.413517
0.0808001 0.00727737
0.0809176 0.981956
0.082374 0.459192
0.0837848 0.171456
0.084467 0.636406
0.0854957 0.926694
0.0855869 0.458503
0.0856727 0.900331
0.0856742 0.926299
0.086184 0.494076
0.0864252 0.54884
0.0864745 0.377441
0.0865301 0.311659
0.0894958 0.155152
0.0900292 0.120837
0.0932283 0.888346
0.0937818 0.190596
0.0943248 0.317418
0.0943471 0.691816
0.0945969 0.890421
0.094877 0.598279
0.096898 0.564972
0.0973319 0.85644
0.0974185 0.312896
0.0976245 0.775799
0.0977405 0.725113
0.0985133 0.713919
0.0988205 0.875934
0.0989435 0.943724
0.100132 0.914356
0.100751 0.32025
0.101621 0.941316
0.103367 0.284715
0.103948 0.0582064
0.104102 0.640071
0.104697 0.63861
0.105501 0.147299
0.106117 0.511908
0.107656 0.373778
0.109371 0.192035
0.109807 0.522204
0.110313 0.0249752
0.11116 0.259278
0.111379 0.947134
0.111878 0.33726
0.112671 0.658147
0.113591 0.129197
0.113963 0.374201
0.114117 0.969683
0.11524 0.847011
0.115767 0.696091
0.116526 0.44783
0.116619 0.021869
0.118143 0.631768
0.118153 0.798619
0.118943 0.0777212
0.119927 0.611372
0.120043 0.568951
0.120153 0.41001
0.120516 0.511174
0.1211 0.333659
0.122021 0.815234
0.123156 0.880669
0.123204 0.693852
0.123619 0.659415
0.123634 0.923437
0.124353 0.00466714
0.1254 0.605092
0.126957 0.766226
0.127766 0.359987
0.127833 0.496861
0.128159 0.974044
0.128409 0.177164
0.12872 0.400914
0.129411 0.0138448
0.130335 0.540673
0.131799 0.139366
0.13205 0.360464
0.133169 0.174398
0.133512 0.938581
0.133588 0.210914
0.133715 0.344429
0.134592 0.0794088
0.135664 0.111739
0.136202 0.148441
0.13712 0.582284
0.137207 0.0297315
0.139585 0.00822659
0.140989 0.61049
0.14111 0.630578
0.142394 0.224352
0.143212 0.967316
0.143358 0.412133
0.143404 0.18314
0.143581 0.165706
0.143992 0.0740895
0.144007 0.326764
0.14474 0.650814
0.145272 0.587542
0.145508 0.559839
0.145677 0.390183
0.146721 0.934265
0.1486 0.512961
0.149956 0.312294
0.150066 0.153956
0.151968 0.120331
0.15201 0.829713
0.152482 0.763976
0.153679 0.874599
0.155545 0.247688
0.155784 0.266059
0.156982 0.38958
0.157966 0.929766
0.160273 0.712525
0.16069 0.712876
0.161003 0.979662
0.161401 0.660345
0.161657 0.97748
0.16175 0.526952
0.162629 0.306213
0.163104 0.290198
0.165355 0.123055
0.165732 0.451723
0.166684 0.464357
0.167177 0.735569
0.167534 0.751136
0.168564 0.0571087
0.168809 0.179884
0.169048 0.188166
0.169274 0.992291
0.16953 0.282745
0.169683 0.86061
0.170059 0.179793
0.170248 0.361909
0.17119 0.183063
0.171203 0.408087
0.171996 0.743656
0.172198 0.140019
0.172337 0.475861
0.172702 0.609285
0.17397 0.921178
0.174131 0.616634
0.174173 0.33133
0.175863 0.722745
0.176298 0.0444305
0.17691 0.325869
0.176951 0.0215865
0.177162 0.556828
0.177995 0.566984
0.178052 0.515931
0.178298 0.656464
0.17834 0.3578
0.178344 0.426978
0.180059 0.247222
0.181207 0.549405
0.183111 0.552329
0.183146 0.141028
0.18481 0.095027
0.186747 0.662655
0.186748 0.669589
0.187405 0.714114
0.188135 0.989501
0.190261 0.710521
0.190272 0.896718
0.191775 0.162954
0.191837 0.204839
0.192 0.950815
0.193774 0.761338
0.194807 0.129147
0.195027 0.822935
0.195678 0.754636
0.195952 0.35784
0.196413 0.106564
0.196582 0.950533
0.197425 0.117506
0.198428 0.982651
0.199529 0.484462
0.200039 0.0509943
0.200176 0.361518
0.20032 0.770068
0.202072 0.229508
0.202092 0.553222
0.202135 0.284581
0.203178 0.807626
0.203424 0.945537
0.203643 0.623711
0.204559 0.0267574
0.204811 0.262928
0.204913 0.964741
0.206049 0.0581942
0.207756 0.751135
0.207938 0.816959
0.208425 0.00572817
0.208974 0.225582
0.209343 0.434609
0.209807 0.234181
0.210266 0.932456
0.210676 0.838922
0.211016 0.549675
0.211634 0.928481
0.212576 0.759019
0.212825 0.945086
0.212905 0.300362
0.21316 0.585213
0.213528 0.76223
0.214497 0.0553613
0.215204 0.928073
0.215389 0.0496048
0.215592 0.451657
0.215704 0.339597
0.217941 0.936167
0.217944 0.981787
0.217967 0.371165
0.217986 0.690402
0.218308 0.104379
0.218827 0.818228
0.219619 0.138943
0.220194 0.796158
0.220528 0.411484
0.221525 0.164344
0.221863 0.845881
0.222347 0.977996
0.223469 0.846785
0.224969 0.0588621
0.226297 0.371316
0.226605 0.545494
0.226818 0.129118
0.227874 0.872201
0.228525 0.819429
0.229893 0.819946
0.231128 0.562032
0.23118 0.439407
0.232394 0.839966
0.232627 0.767879
0.232723 0.379243
0.23277 0.158663
0.232821 0.0237665
0.233488 0.240441
0.233778 0.107848
0.236442 0.888376
0.236857 0.853171
0.238272 0.635254
0.238625 0.56304
0.238683 0.551393
0.238843 0.233122
0.239358 0.895934
0.241379 0.851866
0.241839 0.584381
0.242783 0.445771
0.242901 0.436854
0.24292 0.749564
0.243084 0.509267
0.244995 0.6272
0.245339 0.413055
0.245842 0.862888
0.245976 0.118088
0.246847 0.764332
0.247141 0.699124
0.249226 0.7395
0.249333 0.544699
0.250733 0.067001
0.251468 0.422553
0.252333 0.968807
0.253399 0.879171
0.253893 0.172978
0.253918 0.602497
0.254837 0.0517815
0.255106 0.566149
0.255991 0.438082
0.256084 0.0119254
0.256386 0.0850327
0.25687 0.215198
0.258741 0.653802
0.25939 0.566406
0.259485 0.159667
0.259516 0.691641
0.261038 0.262267
0.261049 0.454507
0.261412 0.552375
0.262378 0.792491
0.262467 0.275454
0.264083 0.449008
0.264341 0.782711
0.26467 0.314827
0.265862 0.346051
0.265882 0.672239
0.266476 0.666152
0.266495 0.988207
0.266548 0.875796
0.266747 0.211809
0.267719 0.550091
0.26816 0.967814
0.268214 0.865624
0.270336 0.536775
0.270869 0.489085
0.271395 0.342156
0.272074 0.748995
0.272097 0.13957
0.273307 0.475984
0.273366 0.457231
0.274494 0.421298
0.274793 0.446751
0.276063 0.782733
0.27686 0.189201
0.277396 0.196077
0.278582 0.130606
0.278731 0.639701
0.278793 0.675552
0.279505 0.641562
0.279866 0.706591
0.28154 0.836237
0.284037 0.805714
0.285438 0.35097
0.286532 0.751703
0.286628 0.359146
0.286676 0.171319
0.286771 0.759368
0.287472 0.539807
0.287979 0.0551313
0.289145 0.658222
0.289551 0.476594
0.290421 0.111521
0.292144 0.0684533
0.292631 0.243229
0.293361 0.515782
0.293365 0.582158
0.293418 0.48111
0.294656 0.277237
0.294851 0.553879
0.295313 0.330739
0.295603 0.203319
0.29576 0.841768
0.296039 0.523033
0.296904 0.0680189
0.296925 0.426459
0.297568 0.232757
0.297991 0.327698
0.298635 0.151707
0.298877 0.221529
0.298962 0.659507
0.29899 0.132415
0.30015 0.618854
0.300578 0.816304
0.300794 0.451777
0.301243 0.991349
0.301285 0.689133
0.301603 0.0446859
0.301947 0.828733
0.302046 0.493096
0.302254 0.976402
0.302762 0.527297
0.303458 0.222053
0.303559 0.916916
0.304128 0.471035
0.304997 0.0897218
0.305777 0.185515
0.305867 0.698493
0.306403 0.721209
0.307476 0.748797
0.30865 0.476882
0.308782 0.696707
0.309882 0.188594
0.31058 0.916361
0.310692 0.796044
0.310694 0.841546
0.31155 0.224511
0.312079 0.116456
0.314192 0.618659
0.316118 0.990213
0.316311 0.238782
0.31639 0.575104
0.316401 0.755024
0.31654 0.0823593
0.317716 0.860103
0.31786 0.274569
0.318256 0.920581
0.318543 0.760408
0.31896 0.753973
0.31904 0.109336
0.320482 0.34253
0.320759 0.988302
0.322048 0.655746
0.322196 0.155293
0.323706 0.524179
0.324948 0.402827
0.325244 0.3702
0.325309 0.475072
0.325763 0.0987308
0.326544 0.22399
0.326749 0.676202
0.327283 0.647099
0.327382 0.307925
0.327687 0.432749
0.328228 0.523116
0.330193 0.557728
0.331018 0.416498
0.331336 0.771652
0.332439 0.302045
0.333122 0.788353
0.33479 0.817814
0.335532 0.289579
0.335896 0.397028
0.336144 0.574908
0.336286 0.95504
0.336665 0.327786
0.337405 0.771878
0.337535 0.952359
0.338789 0.0330601
0.338833 0.762392
0.3391 0.247731
0.340589 0.2842
0.34133 0.728378
0.343271 0.354695
0.343522 0.575026
0.344027 0.0663625
0.344395 0.249867
0.344639 0.3428
0.344852 0.92104
0.345769 0.34182
0.346351 0.115359
0.346483 0.34427
0.346582 0.0106446
0.346939 0.0113019
0.347012 0.237037
0.347093 0.584033
0.347337 0.700382
0.347834 0.0517366
0.347924 0.559119
0.347949 0.97898
0.348567 0.367961
0.348851 0.139745
0.349221 0.364127
0.349227 0.464046
0.34924 0.682997
0.353021 0.218034
0.353094 0.446562
0.353127 0.00472347
0.353549 0.0957819
0.353699 0.615654
0.353739 0.2942
0.354486 0.854482
0.354911 0.984711
0.354925 0.219721
0.35543 0.71955
0.355475 0.467907
0.356322 0.698054
0.356941 0.111727
0.357987 0.685166
0.359004 0.78151
0.35917 0.562086
0.359995 0.437292
0.363662 0.0634066
0.364045 0.499359
0.364084 0.164185
0.364688 0.307043
0.365289 0.414243
0.366829 0.295929
0.367786 0.382076
0.367946 0.0719519
0.368697 0.685116
0.369296 0.750179
0.370727 0.805691
0.371029 0.886187
0.373076 0.286336
0.373183 0.0887562
0.373355 0.98427
0.374555 0.13883
0.375389 0.158996
0.375767 0.524605
0.376194 0.689301
0.377075 0.491642
0.379072 0.0573826
0.379561 0.273169
0.379966 0.0929963
0.381969 0.746502
0.383066 0.193653
0.383235 0.0365112
0.38368 0.51319
0.383689 0.667401
0.385904 0.88923
0.386045 0.26393
0.387364 0.419364
0.38789 0.274471
0.388678 0.50361
0.389305 0.0450325
0.39003 0.23443
0.391629 0.10288
0.391958 0.641414
0.392479 0.391146
0.392871 0.980918
0.394005 0.0386514
0.395588 0.655163
0.397481 0.459673
0.397763 0.202593
0.39876 0.95676
0.399642 0.778143
0.401973 0.955452
0.401976 0.00226963
0.404131 0.224968
0.405175 0.77586
0.405825 0.70461
0.407038 0.0865335
0.407179 0.462697
0.407676 0.807767
0.408458 0.956279
0.408758 0.00135992
0.409606 0.249437
0.410968 0.14127
0.411418 0.71066
0.411576 0.355527
0.412991 0.146649
0.414228 0.936272
0.418996 0.0588288
0.419222 0.865317
0.425373 0.247178
0.426983 0.298702
0.427412 0.505317
0.427884 0.451484
0.430124 0.097878
0.430166 0.807941
0.430209 0.517519
0.430233 0.928458
0.430371 0.245188
0.432232 0.524917
0.432511 0.213765
0.432937 0.380356
0.432986 0.192717
0.434812 0.879888
0.437125 0.762667
0.437438 0.0212754
0.438315 0.766836
0.440592 0.0300571
0.440779 0.174058
0.440956 0.145089
0.441014 0.117273
0.44212 0.705878
0.442149 0.191207
0.44219 0.888568
0.442259 0.0548453
0.44249 0.922731
0.443886 0.385724
0.443998 0.277146
0.444912 0.639597
0.446087 0.376839
0.447591 0.667039
0.447725 0.911525
0.448926 0.0988068
0.450822 0.970921
0.450961 0.29644
0.452077 0.065827
0.45493 0.0133817
0.457418 0.819577
0.458211 0.152423
0.458471 0.518136
0.458612 0.891326
0.458758 0.33932
0.460575 0.880717
0.460637 0.92016
0.462197 0.140806
0.462267 0.323637
0.463481 0.726809
0.463808 0.224004
0.463848 0.890294
0.464004 0.519484
0.466929 0.675509
0.468105 0.442006
0.468576 0.356352
0.469723 0.642466
0.469908 0.746905
0.471269 0.611017
0.472249 0.0814077
0.472767 0.798848
0.473195 0.994725
0.473893 0.722289
0.474172 0.409572
0.474298 0.52259
0.475504 0.794264
0.476173 0.0331727
0.477 0.944568
0.477988 0.547913
0.47805 0.592381
0.478655 0.762411
0.479027 0.0137312
0.479264 0.996727
0.480251 0.580725
0.481827 0.0580447
0.482125 0.0727125
0.482218 0.644936
0.483072 0.982602
0.483904 0.970406
0.486357 0.194874
0.487525 0.836807
0.488138 0.13501
0.488333 0.408303
0.488691 0.430655
0.489922 0.112759
0.490554 0.734434
0.490568 0.978319
0.491094 0.822054
0.491198 0.560142
0.491835 0.271741
0.492933 0.729489
0.493395 0.486047
0.494008 0.790136
0.494171 0.524755
0.494573 0.29422
0.496519 0.99085
0.499076 0.97471
0.499249 0.869794
0.500282 0.235536
0.501657 0.352221
0.502065 0.21399
0.503986 0.484419
0.504691 0.339514
0.505522 0.312729
0.505673 0.847479
0.507405 0.954646
0.50812 0.977961
0.508174 0.885413
0.5082 0.323047
0.509822 0.583794
0.51032 0.945918
0.510489 0.79452
0.511605 0.547879
0.511989 0.997769
0.512091 0.721269
0.512092 0.737759
0.512344 0.963482
0.513362 0.0769654
0.513381 0.390443
0.513931 0.632602
0.514921 0.275345
0.516132 0.633532
0.516181 0.446738
0.51672 0.512077
0.51749 0.452673
0.518816 0.74553
0.51929 0.699649
0.519808 0.406313
0.520713 0.626457
0.522533 0.210272
0.523931 0.708343
0.52394 0.860175
0.524078 0.185655
0.524664 0.0221491
0.525355 0.640214
0.52589 0.638003
0.526271 0.0352148
0.526906 0.705131
0.527096 0.907321
0.527311 0.523847
0.527687 0.839039
0.528062 0.135032
0.529683 0.374084
0.530379 0.0719232
0.531275 0.139085
0.53205 0.16365
0.532257 0.645187
0.532281 0.0460148
0.532296 0.305608
0.533445 0.617252
0.535033 0.300295
0.536356 0.534283
0.537197 0.670333
0.537667 0.576547
0.538745 0.690648
0.539514 0.606693
0.539787 0.203072
0.540294 0.725143
0.541403 0.361435
0.543444 0.66715
0.546292 0.538273
0.546489 0.840648
0.547158 0.0871722
0.547199 0.773482
0.548122 0.279578
0.549293 0.959758
0.549686 0.569902
0.550296 0.818728
0.551018 0.966787
0.551147 0.119947
0.552245 0.578971
0.552512 0.0740381
0.553801 0.737021
0.554536 0.0884798
0.555804 0.403823
0.556311 0.926771
0.55644 0.0897211
0.55656 0.10977
0.556709 0.616117
0.557774 0.50283
0.558136 0.59371
0.558818 0.0465293
0.559178 0.103403
0.559178 0.104507
0.56037 0.134628
0.560578 0.637257
0.563388 0.866875
0.563984 0.879564
0.56535 0.843517
0.565705 0.807069
0.566464 0.557297
0.56905 0.0214613
0.569297 0.176309
0.569632 0.798804
0.572206 0.0735149
0.574019 0.52994
0.574149 0.717833
0.574213 0.795869
0.575976 0.435652
0.576175 0.780407
0.576511 0.421701
0.576978 0.26406
0.5771 0.311837
0.57744 0.0324903
0.577736 0.0121351
0.578083 0.847523
0.579545 0.410176
0.579632 0.877996
0.581206 0.336563
0.581285 0.664612
0.581458 0.559907
0.58253 0.590578
0.583383 0.911003
0.58355 0.718517
0.584053 0.170064
0.58418 0.311124
0.585261 0.475016
0.58535 0.981459
0.587642 0.505556
0.587679 0.124653
0.589427 0.50122
0.590001 0.153293
0.591297 0.925196
0.591485 0.0939365
0.59193 0.564315
0.592268 0.23967
0.592327 0.232374
0.592669 0.98233
0.592918 0.170408
0.593828 0.461842
0.593913 0.892228
0.594639 0.0986875
0.594959 0.482439
0.595962 0.331642
0.597764 0.613915
0.598302 0.669987
0.598634 0.241579
0.599612 0.684468
0.601117 0.977704
0.601587 0.879395
0.602132 0.0408408
0.602597 0.839254
0.603121 0.649343
0.605208 0.731333
0.606128 0.189399
0.606269 0.566658
0.606807 0.596911
0.606898 0.127029
0.607011 0.0351601
0.607492 0.113186
0.607559 0.249857
0.607777 0.913662
0.608437 0.995269
0.608666 0.853943
0.60879 0.934153
0.60968 0.887941
0.611881 0.890781
0.612332 0.455859
0.612678 0.271735
0.61271 0.80943
0.61352 0.430185
0.613693 0.336805
0.614143 0.908575
0.614684 0.986654
0.615951 0.289836
0.616399 0.822653
0.616653 0.0929552
0.617172 0.804189
0.617382 0.332786
0.617873 0.586898
0.618134 0.980403
0.618383 0.164137
0.618503 0.18741
0.618859 0.167891
0.619064 0.606093
0.620188 0.497634
0.621322 0.552119
0.623424 0.892684
0.624226 0.373253
0.624237 0.557376
0.624265 0.0235541
0.625207 0.854632
0.626252 0.423861
0.627806 0.536823
0.627943 0.830591
0.630279 0.0953216
0.631025 0.639043
0.631299 0.246638
0.632152 0.583677
0.632524 0.833221
0.632644 0.844567
0.632683 0.503688
0.633553 0.128229
0.633844 0.0210641
0.634297 0.624374
0.636571 0.849121
0.638306 0.0140308
0.639137 0.976266
0.639859 0.107154
0.640976 0.884218
0.641561 0.708949
0.641781 0.407707
0.641796 0.669045
0.643606 0.0840454
0.644807 0.273761
0.644831 0.675121
0.645641 0.284043
0.646261 0.71174
0.646504 0.79644
0.649077 0.0361126
0.649484 0.885274
0.64974 0.184361
0.650441 0.962507
0.651398 0.0402247
0.652937 0.916479
0.658773 0.00481885
0.658943 0.855175
0.660259 0.965145
0.661392 0.0125245
0.663209 0.559611
0.663396 0.703698
0.665456 0.324026
0.666634 0.110293
0.668571 0.671816
0.670038 0.327853
0.670374 0.98235
0.670385 0.167092
0.671396 0.149147
0.671522 0.276706
0.672293 0.236571
0.673969 0.39933
0.675214 0.32964
0.675935 0.446261
0.67617 0.384043
0.676467 0.378198
0.676929 0.152201
0.677251 0.56567
0.677265 0.788283
0.67777 0.278547
0.677981 0.823345
0.679219 0.630068
0.681303 0.65671
0.682353 0.312764
0.683262 0.582347
0.684777 0.0493373
0.685624 0.286567
0.686963 0.78687
0.688172 0.103319
0.688437 0.564114
0.688574 0.867164
0.688978 0.648753
0.689153 0.602847
0.689322 0.434365
0.689471 0.933669
0.690155 0.43282
0.690699 0.573323
0.691211 0.175653
0.691391 0.21219
0.693199 0.599885
0.695638 0.580053
0.695866 0.414927
0.696676 0.040112
0.696913 0.0191555
0.697242 0.543586
0.697357 0.482608
0.697522 0.253824
0.698983 0.800519
0.699254 0.365421
0.700047 0.693931
0.702491 0.772094
0.702617 0.887225
0.705458 0.637915
0.705477 0.952574
0.706973 0.100702
0.707618 0.928625
0.708079 0.676214
0.708616 0.712767
0.709439 0.533313
0.7112 0.132939
0.712075 0.840143
0.712817 0.321558
0.714022 0.558937
0.714582 0.984601
0.714864 0.71136
0.715103 0.731007
0.715106 0.780305
0.716278 0.47876
0.716447 0.329836
0.716506 0.320748
0.71704 0.293469
0.717527 0.480924
0.719329 0.769286
0.720508 0.577615
0.721657 0.893314
0.721753 0.494839
0.722992 0.321505
0.723051 0.310155
0.724021 0.613351
0.72471 0.1968
0.725903 0.251206
0.726281 0.605005
0.726337 0.549874
0.727056 0.629492
0.727285 0.472294
0.727376 0.00988598
0.727815 0.383351
0.729127 0.433113
0.729223 0.0445941
0.729833 0.310732
0.731021 0.263513
0.731337 0.585248
0.733475 0.512009
0.734123 0.398746
0.73476 0.105595
0.735026 0.576581
0.735149 0.64509
0.735244 0.239478
0.735457 0.823486
0.736526 0.784424
0.737372 0.00471003
0.737461 0.509556
0.738135 0.831683
0.739006 0.46787
0.739331 0.935067
0.739537 0.394713
0.739806 0.923543
0.739816 0.0936026
0.739964 0.580611
0.741188 0.152935
0.74136 0.0332269
0.741559 0.375994
0.741749 0.572675
0.743404 0.395739
0.743782 0.746822
0.744128 0.561845
0.748585 0.461522
0.748779 0.731708
0.748839 0.744064
0.749653 0.42192
0.750066 0.367009
0.750951 0.237611
0.751129 0.225656
0.751786 0.275598
0.752313 0.122345
0.75317 0.522552
0.753967 0.926446
0.754282 0.210278
0.757798 0.317108
0.758188 0.860978
0.758847 0.946866
0.759625 0.0233907
0.760146 0.779533
0.76126 0.495035
0.76176 0.899773
0.761922 0.620313
0.764702 0.341718
0.765159 0.0239801
0.765227 0.163218
0.765593 0.322304
0.766181 0.201608
0.766766 0.0380006
0.767708 0.861745
0.768479 0.825907
0.768611 0.041098
0.769017 0.863947
0.769362 0.672161
0.769853 0.924183
0.770842 0.538689
0.770986 0.95508
0.772957 0.0840388
0.773228 0.634932
0.773911 0.126139
0.773928 0.407849
0.774283 0.36633
0.776235 0.187791
0.777655 0.0423374
0.780494 0.76245
0.780752 0.101569
0.782827 0.978242
0.783844 0.0670487
0.784411 0.589737
0.78464 0.440522
0.785072 0.705951
0.785436 0.815567
0.785877 0.239669
0.785928 0.0874372
0.786219 0.982049
0.786265 0.754096
0.787308 0.290376
0.788691 0.527187
0.790649 0.437931
0.791525 0.166038
0.792938 0.914256
0.793183 0.0257138
0.793894 0.972933
0.794682 0.228086
0.794716 0.792767
0.795459 0.271733
0.797208 0.678431
0.797653 0.147886
0.798068 0.124006
0.798401 0.732289
0.798759 0.741532
0.799971 0.119128
0.801104 0.152631
0.80241 0.102544
0.802433 0.490317
0.803085 0.44455
0.803525 0.842175
0.804164 0.585667
0.805697 0.354723
0.806567 0.971172
0.806747 0.991094
0.807313 0.511004
0.807932 0.910769
0.808414 0.0120161
0.808725 0.235296
0.808844 0.246571
0.809007 0.985918
0.809538 0.903635
0.809831 0.823025
0.809919 0.317141
0.813678 0.479126
0.813986 0.663963
0.81494 0.702471
0.815312 0.947021
0.816184 0.607525
0.816434 0.804533
0.816573 0.148805
0.817286 0.118493
0.818744 0.627825
0.818982 0.623069
0.82465 0.887662
0.824673 0.280961
0.825494 0.0804074
0.825513 0.404427
0.825865 0.306402
0.826129 0.743585
0.826216 0.204776
0.826217 0.236434
0.826699 0.335247
0.827082 0.766206
0.828747 0.755392
0.830021 0.156677
0.830116 0.752747
0.830301 0.864214
0.832163 0.169081
0.832192 0.658409
0.832433 0.696221
0.833506 0.73457
0.833537 0.26411
0.835025 0.261697
0.835116 0.798601
0.83559 0.761939
0.835738 0.241529
0.836102 0.371078
0.836615 0.992756
0.836867 0.230148
0.836888 0.56971
0.838727 0.476191
0.84055 0.128667
0.840677 0.255741
0.841054 0.601949
0.8419 0.805564
0.842043 0.211562
0.842249 0.679074
0.842387 0.999703
0.844628 0.661068
0.845124 0.998139
0.845207 0.386185
0.84552 0.662958
0.845598 0.97094
0.845904 0.107088
0.846062 0.765103
0.846301 0.773645
0.84716 0.210971
0.847411 0.428226
0.84756 0.947174
0.849346 0.958585
0.849685 0.662098
0.849998 0.921677
0.850202 0.337308
0.85103 0.257186
0.851503 0.21028
0.853226 0.173294
0.853735 0.717294
0.853763 0.196182
0.854493 0.463436
0.855344 0.770814
0.856215 0.403409
0.857958 0.698628
0.858047 0.201831
0.858478 0.447531
0.860226 0.821131
0.86045 0.58448
0.861754 0.503072
0.862671 0.91778
0.865397 0.727953
0.866542 0.974005
0.866913 0.208287
0.867697 0.380301
0.868311 0.697585
0.868416 0.467588
0.869493 0.5662
0.870464 0.88375
0.871038 0.532849
0.871428 0.089797
0.873532 0.447071
0.874282 0.0612378
0.874568 0.86745
0.877054 0.652162
0.877764 0.573483
0.878426 0.711565
0.878467 0.387622
0.880135 0.436711
0.881256 0.273405
0.882615 0.118318
0.882715 0.799016
0.882813 0.435462
0.883386 0.0626636
0.883663 0.732345
0.883931 0.222184
0.884876 0.108454
0.886942 0.840629
0.887839 0.914623
0.888121 0.645076
0.888404 0.413323
0.890853 0.566211
0.891366 0.180571
0.891448 0.571027
0.891605 0.197244
0.891981 0.529927
0.892491 0.0976098
0.896417 0.0775732
0.896744 0.575183
0.896829 0.00819103
0.898161 0.387702
0.899499 0.875146
0.899941 0.309531
0.900996 0.04626
0.901673 0.418108
0.901894 0.13172
0.902098 0.558456
0.902362 0.992298
0.903668 0.939598
0.903765 0.584481
0.903908 0.985118
0.905274 0.94137
0.905935 0.051754
0.907143 0.357981
0.910246 0.501581
0.913069 0.944476
0.913321 0.185539
0.913347 0.630131
0.913612 0.0749689
0.915088 0.878815
0.915108 0.219168
0.915666 0.60012
0.917126 0.141486
0.918385 0.302978
0.918767 0.717917
0.919042 0.336249
0.919837 0.695823
0.921272 0.823408
0.921932 0.910978
0.924478 0.697019
0.924495 0.995689
0.924567 0.204604
0.926157 0.929026
0.927287 0.911791
0.928361 0.958842
0.928758 0.637498
0.930354 0.457526
0.93196 0.445282
0.933042 0.641027
0.933136 0.214111
0.933429 0.133516
0.933641 0.704337
0.934513 0.365701
0.934606 0.928447
0.934614 0.0617927
0.936476 0.343963
0.936581 0.121621
0.938276 0.601755
0.94213 0.385309
0.942645 0.0363743
0.942692 0.825022
0.942739 0.609201
0.944017 0.0867536
0.944805 0.339653
0.946308 0.606836
0.947062 0.271318
0.947201 0.611637
0.947281 0.958305
0.94784 0.345996
0.9484 0.756242
0.948955 0.0928347
0.949747 0.396512
0.949809 0.437685
0.949866 0.394459
0.950825 0.510479
0.951304 0.563931
0.951601 0.556137
0.95189 0.420264
0.952944 0.128826
0.954168 0.699811
0.954497 0.236193
0.95483 0.835083
0.954893 0.892113
0.955058 0.667962
0.955264 0.11878
0.956724 0.666688
0.957238 0.291284
0.957299 0.327621
0.957542 0.405754
0.957899 0.403594
0.958661 0.212324
0.959119 0.919623
0.961242 0.591494
0.962773 0.332845
0.963358 0.156503
0.966891 0.539276
0.96716 0.059505
0.967821 0.160005
0.969042 0.689119
0.971424 0.721569
0.972933 0.0888197
0.974797 0.413847
0.975311 0.0486802
0.975415 0.799063
0.976808 0.211984
0.976836 0.676259
0.976872 0.295396
0.977713 0.414901
0.978725 0.43007
0.9803 0.903562
0.980675 0.210121
0.981293 0.583872
0.98156 0.0724042
0.982332 0.055889
0.982669 0.723198
0.983877 0.0231639
0.984335 0.719615
0.986107 0.492032
0.986609 0.943368
0.988625 0.822171
0.98874 0.751402
0.988926 0.879743
0.990215 0.55074
0.990216 0.553315
0.990368 0.12067
0.991446 0.227984
0.991636 0.423021
0.993745 0.878932
0.994002 0.183701
0.995067 0.0928364
0.996532 0.717607
0.99764 0.335264
0.998182 0.441072
0.998384 0.846568
0.998787 0.613318
0.998939 0.175507
