1.68686e-05 0.283518
2.59257e-05 0.435741
0.00145993 0.537069
0.00299578 0.350047
0.00332974 0.962923
0.00350228 0.862898
0.00412269 0.290056
0.00431273 0.484021
0.00504148 0.732085
0.00606171 0.879159
0.00785826 0.0737301
0.00787632 0.377378
0.00787712 0.390776
0.00854918 0.686043
0.0088139 0.135193
0.00973328 0.587177
0.0105193 0.798245
0.0109821 0.576639
0.0122057 0.140753
0.012221 0.398178
0.0125145 0.33059
0.0125533 0.983067
0.0126711 0.96288
0.0142264 0.103861
0.0144547 0.939807
0.0146979 0.0274418
0.0148931 0.307817
0.0150932 0.671309
0.0154839 0.238267
0.0156703 0.371421
0.016065 0.00365053
0.0176101 0.972804
0.0176738 0.0438268
0.018352 0.441713
0.0186157 0.874639
0.0188176 0.267597
0.0193999 0.0547767
0.0196068 0.531203
0.0198589 0.768454
0.0205957 0.152619
0.0206277 0.689508
0.0207503 0.749745
0.021355 0.913655
0.0232031 0.974519
0.0237825 0.712643
0.0241742 0.295285
0.0245436 0.503685
0.0245586 0.756438
0.0258187 0.935579
0.0259313 0.82661
0.0262583 0.323257
0.026646 0.839821
0.0267002 0.751014
0.0278094 0.393339
0.028278 0.267864
0.028512 0.201562
0.0287373 0.988468
0.028744 0.100064
0.0288701 0.220267
0.0295942 0.389754
0.0319335 0.706937
0.032553 0.118591
0.03437 0.656199
0.0354007 0.979711
0.0371852 0.972416
0.0372255 0.648168
0.0372946 0.811183
0.0376785 0.262005
0.0377457 0.392743
0.0379838 0.39424
0.0384143 0.629633
0.0384255 0.816871
0.0392199 0.168461
0.0394093 0.351336
0.0402123 0.847972
0.0407046 0.122456
0.040789 0.540164
0.0411607 0.787892
0.0414162 0.0821891
0.0415561 0.433833
0.0418895 0.0370047
0.0420811 0.257305
0.0422434 0.983973
0.042483 0.0120645
0.043254 0.969988
0.0444548 0.151346
0.0455807 0.0751155
0.0456805 0.7524
0.0464607 0.865169
0.0466838 0.615174
0.0467063 0.991974
0.0469838 0.656897
0.0472353 0.883246
0.0474923 0.202432
0.0481251 0.838757
0.0484329 0.0118464
0.0485593 0.136533
0.0487582 0.479583
0.0504624 0.121895
0.0506733 0.666473
0.0510875 0.627966
0.0519947 0.875706
0.0520032 0.0175978
0.0520253 0.389726
0.052441 0.37606
0.0528442 0.152631
0.0531215 0.81271
0.0535115 0.36821
0.0538715 0.4184
0.0541408 0.94363
0.0542255 0.368468
0.0546152 0.918473
0.0551376 0.696913
0.0552031 0.797973
0.0558649 0.921623
0.0562397 0.21998
0.0571955 0.28408
0.0573641 0.118392
0.0573757 0.312846
0.0578205 0.789619
0.0581772 0.785002
0.0584469 0.316861
0.0591937 0.86887
0.0596791 0.0259425
0.0598037 0.121124
0.06034 0.134597
0.0618719 0.880339
0.0619014 0.37639
0.0621585 0.697148
0.0622692 0.558032
0.062285 0.824089
0.0630229 0.226427
0.0639243 0.375547
0.064325 0.109636
0.0647657 0.516771
0.0650172 0.743417
0.0653828 0.888854
0.0657182 0.526133
0.0657626 0.271305
0.0658731 0.129066
0.0659172 0.87117
0.066524 0.0682878
0.0676991 0.818898
0.0678766 0.801519
0.0679265 0.640655
0.0684781 0.911889
0.0688055 0.414844
0.0690649 0.77432
0.069793 0.0103705
0.0699866 0.26513
0.0703323 0.0744722
0.0711774 0.279238
0.0729495 0.0627685
0.0741562 0.344045
0.0752793 0.219847
0.0770424 0.852344
0.0781348 0.212474
0.078479 0.996035
0.0787222 0.0832707
0.079089 0.248047
0.0794854 0.911003
0.0799436 0.612174
0.0811165 0.324364
0.0815542 0.681848
0.083005 0.0649088
0.0830326 0.528872
0.0843636 0.898302
0.084464 0.586559
0.0846192 0.195034
0.0849499 0.752609
0.0853438 0.373819
0.0857586 0.345009
0.0865299 0.307863
0.0865971 0.43803
0.0868992 0.514534
0.0872385 0.216772
0.0878059 0.753367
0.0879133 0.558402
0.0896033 0.963262
0.0912965 0.420989
0.0915707 0.0289209
0.0917776 0.505942
0.0933251 0.514626
0.0934434 0.502696
0.0958309 0.629924
0.0977239 0.445789
0.0981028 0.813183
0.0991568 0.528428
0.0994026 0.65989
0.100269 0.229349
0.101303 0.60752
0.101683 0.994307
0.10263 0.904925
0.102761 0.0980612
0.102905 0.531397
0.103069 0.281786
0.103537 0.152109
0.103951 0.110307
0.104133 0.167787
0.1047 0.694928
0.104875 0.631969
0.105059 0.722759
0.106297 0.532362
0.108193 0.398145
0.108195 0.435954
0.108468 0.026464
0.108469 0.0360591
0.108616 0.51071
0.108718 0.224568
0.109575 0.626629
0.109913 0.3003
0.110495 0.0864865
0.110716 0.798839
0.111027 0.0333962
0.111224 0.348717
0.111856 0.956311
0.111906 0.80206
0.112946 0.277912
0.113222 0.928216
0.113311 0.418607
0.11421 0.520126
0.114245 0.11727
0.115652 0.768519
0.116406 0.434911
0.116838 0.692741
0.117563 0.882468
0.118544 0.373419
0.118796 0.599298
0.118936 0.962533
0.120101 0.536955
0.120237 0.821793
0.120689 0.415594
0.120938 0.604017
0.122084 0.868672
0.122349 0.315536
0.122594 0.441692
0.123534 0.242529
0.123733 0.579513
0.123972 0.59714
0.124351 0.972102
0.124886 0.964475
0.125344 0.651065
0.125884 0.730788
0.125901 0.0167324
0.127121 0.523988
0.127181 0.533949
0.128062 0.343843
0.128249 0.485222
0.128347 0.126318
0.128448 0.826041
0.129557 0.468703
0.130807 0.478114
0.131788 0.953505
0.131855 0.09333
0.132502 0.961003
0.132956 0.586
0.133015 0.582711
0.133662 0.453209
0.134884 0.992576
0.136377 0.0832902
0.136672 0.0525181
0.137311 0.786415
0.138058 0.332875
0.138061 0.396723
0.138538 0.402856
0.138699 0.10725
0.13882 0.146904
0.139954 0.212377
0.140415 0.948587
0.140507 0.508014
0.141226 0.580189
0.142093 0.153749
0.142402 0.34235
0.143934 0.0991743
0.144382 0.628955
0.144492 0.479117
0.145471 0.937126
0.146567 0.358052
0.146872 0.473069
0.147551 0.881552
0.149338 0.91976
0.149479 0.289303
0.150311 0.278265
0.150737 0.432991
0.151547 0.0581908
0.152596 0.684693
0.152676 0.0185564
0.15334 0.192162
0.153341 0.197875
0.153757 0.188866
0.153828 0.379828
0.153979 0.920541
0.154636 0.971359
0.154695 0.965222
0.154761 0.0707747
0.154856 0.668207
0.157181 0.742952
0.158124 0.584142
0.158183 0.584782
0.15827 0.0475699
0.158564 0.981235
0.159261 0.695267
0.159985 0.874569
0.160248 0.291787
0.160427 0.299461
0.16145 0.487099
0.161459 0.638626
0.162808 0.32115
0.162906 0.96763
0.162984 0.273968
0.164816 0.0623651
0.165226 0.94676
0.165634 0.816599
0.165908 0.415592
0.16646 0.699967
0.166831 0.921461
0.167138 0.0949026
0.167155 0.377748
0.167488 0.973954
0.167943 0.61375
0.16808 0.924016
0.169036 0.984657
0.16919 0.570263
0.169306 0.528397
0.169427 0.556593
0.170238 0.183288
0.171015 0.253426
0.172634 0.461619
0.173449 0.156168
0.173521 0.365327
0.173918 0.042605
0.17456 0.82897
0.174593 0.390981
0.175062 0.275352
0.17579 0.508225
0.176324 0.481424
0.177391 0.415189
0.178932 0.313646
0.17925 0.657155
0.179258 0.787456
0.179962 0.623321
0.180882 0.0757517
0.181072 0.272792
0.181345 0.865494
0.181516 0.746991
0.181657 0.10639
0.181905 0.274535
0.184712 0.452139
0.184848 0.746259
0.184859 0.932394
0.18561 0.548877
0.187026 0.341305
0.187059 0.90687
0.187251 0.123727
0.187375 0.210393
0.187756 0.620511
0.188517 0.404705
0.188635 0.380894
0.189554 0.826156
0.19113 0.314706
0.191728 0.364367
0.191747 0.696518
0.191769 0.0627452
0.193748 0.32937
0.19418 0.577026
0.194235 0.51302
0.195519 0.0806
0.195705 0.20592
0.196106 0.947546
0.196696 0.86304
0.19695 0.13738
0.197634 0.632289
0.197711 0.934417
0.198725 0.963063
0.198784 0.95655
0.202515 0.674647
0.202982 0.513186
0.203314 0.096025
0.203652 0.776012
0.203831 0.792663
0.204445 0.100234
0.205535 0.423416
0.205803 0.929276
0.206923 0.747569
0.208802 0.335304
0.209092 0.205192
0.210454 0.106518
0.21066 0.56089
0.210742 0.943152
0.21108 0.620079
0.211138 0.593124
0.211759 0.0332578
0.212264 0.520822
0.212943 0.935034
0.213763 0.719391
0.214648 0.596709
0.214711 0.651711
0.215383 0.939707
0.215669 0.751977
0.21672 0.413502
0.217049 0.949711
0.217216 0.745001
0.217348 0.973411
0.217423 0.227751
0.218498 0.295112
0.219654 0.726179
0.220155 0.150624
0.220873 0.219699
0.220927 0.125539
0.220963 0.719842
0.222646 0.0152268
0.222839 0.262653
0.223802 0.445769
0.224775 0.788473
0.225387 0.0772292
0.225427 0.749452
0.226284 0.161312
0.226329 0.909943
0.226412 0.309979
0.226514 0.0237343
0.226553 0.677745
0.226676 0.745573
0.226927 0.965599
0.22699 0.0189184
0.228041 0.67682
0.228526 0.83833
0.228576 0.669232
0.230241 0.663544
0.230459 0.325495
0.232015 0.475163
0.232225 0.00140414
0.233173 0.94573
0.234101 0.532265
0.234714 0.840399
0.235845 0.841775
0.236213 0.0247556
0.236524 0.256323
0.237428 0.452965
0.237629 0.825105
0.238232 0.963462
0.238459 0.774379
0.239242 0.939725
0.239541 0.967275
0.239897 0.942481
0.239987 0.455342
0.240983 0.202465
0.242124 0.372421
0.242308 0.466466
0.24263 0.874276
0.242833 0.292819
0.242994 0.998183
0.243488 0.298838
0.244157 0.540299
0.244863 0.417487
0.245961 0.86143
0.246103 0.256847
0.246818 0.276811
0.248268 0.636785
0.248926 0.696368
0.249845 0.152947
0.249869 0.543819
0.250197 0.0690086
0.251034 0.132032
0.251578 0.276518
0.251727 0.779759
0.253193 0.409718
0.253427 0.346813
0.253817 0.903862
0.253936 0.904016
0.253973 0.523004
0.255633 0.425419
0.256352 0.512792
0.257041 0.0817703
0.257265 0.856311
0.258208 0.700905
0.259436 0.333867
0.260496 0.164223
0.261599 0.702011
0.261954 0.654623
0.262465 0.257055
0.262526 0.26848
0.263707 0.123086
0.264223 0.798828
0.264668 0.281111
0.265916 0.249872
0.266109 0.499505
0.266478 0.692605
0.266515 0.316336
0.266992 0.335578
0.267267 0.954732
0.268304 0.392861
0.269074 0.320912
0.270324 0.34387
0.270416 0.886972
0.270935 0.599341
0.271053 0.587795
0.27138 0.0894584
0.272484 0.644027
0.272895 0.549303
0.273076 0.582444
0.273352 0.231471
0.273967 0.560619
0.27426 0.493963
0.274555 0.44739
0.275259 0.27629
0.277264 0.982294
0.277966 0.773839
0.278281 0.0708819
0.2783 0.380282
0.279014 0.384735
0.280873 0.629769
0.28177 0.704593
0.281841 0.905228
0.281899 0.882061
0.282316 0.878099
0.283171 0.263028
0.283429 0.589884
0.283637 0.093843
0.283773 0.369493
0.284194 0.456333
0.284721 0.298275
0.284765 0.0396516
0.284819 0.951932
0.286621 0.237258
0.286636 0.497156
0.287316 0.925048
0.287327 0.09715
0.287343 0.374509
0.287447 0.114326
0.287639 0.354091
0.28769 0.204942
0.287863 0.114223
0.287872 0.263135
0.288424 0.545053
0.289187 0.36564
0.28946 0.947955
0.289729 0.470352
0.290747 0.582075
0.292357 0.636143
0.292479 0.699956
0.292669 0.883567
0.292817 0.370998
0.293172 0.341336
0.293277 0.0997806
0.293345 0.251392
0.293436 0.777408
0.294423 0.373827
0.294574 0.911895
0.295356 0.0401366
0.296193 0.120526
0.296632 0.497811
0.297927 0.250742
0.298507 0.0144352
0.298946 0.38981
0.300829 0.0293556
0.300935 0.81934
0.301116 0.859806
0.301953 0.930061
0.301964 0.102859
0.302033 0.274795
0.302118 0.690593
0.302323 0.136466
0.302416 0.699047
0.303354 0.468117
0.303364 0.636548
0.304376 0.648946
0.304607 0.525535
0.305921 0.61925
0.306582 0.726073
0.306904 0.140496
0.306918 0.375162
0.307134 0.00622171
0.30721 0.283963
0.307601 0.853127
0.307855 0.116691
0.308005 0.643262
0.309409 0.232721
0.309447 0.881911
0.309574 0.00407793
0.310327 0.66766
0.310702 0.966377
0.310736 0.533804
0.310919 0.616634
0.311056 0.91545
0.311081 0.333019
0.311193 0.227023
0.312319 0.151129
0.312775 0.815853
0.312939 0.558494
0.313196 0.877241
0.314055 0.321784
0.314622 0.860195
0.314805 0.930574
0.315712 0.165909
0.315746 0.749607
0.317014 0.0545182
0.317251 0.0304937
0.317578 0.540727
0.317622 0.27891
0.318041 0.314222
0.318048 0.438763
0.31943 0.663091
0.31984 0.558733
0.321937 0.791583
0.322099 0.513242
0.322188 0.0196385
0.322372 0.0989548
0.322659 0.934563
0.323658 0.724356
0.324166 0.261038
0.324695 0.147583
0.324856 0.856376
0.325363 0.384011
0.325513 0.898162
0.326344 0.868075
0.326982 0.582296
0.328603 0.82937
0.328659 0.774443
0.32868 0.131318
0.329194 0.759608
0.329248 0.670011
0.330184 0.398547
0.330314 0.594775
0.330345 0.100727
0.330474 0.282405
0.330839 0.410061
0.331237 0.0921056
0.331378 0.468559
0.332756 0.628015
0.33295 0.897746
0.333941 0.550405
0.334717 0.590491
0.334742 0.00205578
0.33594 0.14623
0.336193 0.397467
0.336554 0.470957
0.336899 0.255136
0.337731 0.243864
0.33834 0.473312
0.339198 0.893906
0.340046 0.160461
0.340725 0.57137
0.341023 0.581366
0.341117 0.156978
0.341616 0.540499
0.341821 0.992413
0.342394 0.615662
0.344156 0.234001
0.345135 0.679441
0.346201 0.606859
0.346614 0.540552
0.347322 0.433793
0.347747 0.580794
0.348169 0.669137
0.348222 0.566101
0.34847 0.733071
0.348862 0.33002
0.3491 0.323918
0.34919 0.835824
0.349276 0.276423
0.349817 0.376886
0.349844 0.822864
0.349858 0.070522
0.349948 0.574328
0.350371 0.685774
0.350647 0.32465
0.351646 0.120563
0.353044 0.610558
0.35352 0.604748
0.35356 0.276548
0.35454 0.754788
0.355832 0.469347
0.3563 0.329487
0.35745 0.655728
0.357974 0.469229
0.358711 0.859021
0.358791 0.195796
0.359859 0.154927
0.360456 0.180302
0.36103 0.824941
0.362652 0.0884422
0.362772 0.105313
0.364229 0.594531
0.364503 0.20276
0.364652 0.698683
0.365822 0.363602
0.366088 0.83926
0.36647 0.256053
0.366771 0.31181
0.367064 0.247932
0.367294 0.108586
0.367445 0.65308
0.367969 0.462284
0.368435 0.28474
0.369107 0.57618
0.369201 0.166928
0.369208 0.283447
0.369852 0.0997715
0.370766 0.458348
0.371005 0.475013
0.371177 0.374002
0.372859 0.647872
0.373783 0.170051
0.375033 0.182413
0.37594 0.420494
0.376941 0.254428
0.377074 0.47714
0.37744 0.630114
0.377495 0.550628
0.378008 0.172133
0.37801 0.212502
0.378021 0.402197
0.378084 0.452026
0.378194 0.29901
0.37822 0.745356
0.379074 0.0929848
0.379108 0.665672
0.379293 0.774939
0.379381 0.259915
0.379472 0.787818
0.379664 0.0193802
0.380457 0.344588
0.380492 0.933389
0.381595 0.465934
0.381625 0.964129
0.382386 0.756017
0.382528 0.155034
0.383232 0.985327
0.385566 0.202175
0.386178 0.486987
0.386186 0.622148
0.386402 0.25536
0.386471 0.425238
0.386631 0.10739
0.386736 0.871579
0.386983 0.0309417
0.387868 0.901082
0.388973 0.465269
0.389027 0.375202
0.391083 0.940237
0.39112 0.548886
0.392492 0.608907
0.393369 0.353677
0.393642 0.941644
0.394595 0.951883
0.395492 0.0415454
0.395698 0.496332
0.396624 0.0668308
0.396692 0.206084
0.396709 0.496153
0.397466 0.216586
0.39779 0.654237
0.39934 0.699635
0.399536 0.00829529
0.400063 0.85592
0.400411 0.710873
0.40044 0.191256
0.400517 0.493509
0.401056 0.552179
0.401142 0.992051
0.401516 0.271398
0.403572 0.834515
0.404049 0.85256
0.404166 0.825681
0.404166 0.826354
0.404304 0.138687
0.404319 0.385601
0.404529 0.916843
0.404888 0.946771
0.404988 0.634762
0.405028 0.30844
0.405306 0.979945
0.405397 0.506533
0.405431 0.0804411
0.40549 0.0784753
0.405643 0.648342
0.405837 0.898163
0.406254 0.906223
0.406764 0.476199
0.407329 0.980605
0.407373 0.717254
0.407643 0.261651
0.409276 0.701191
0.409933 0.748244
0.410738 0.269471
0.412112 0.362684
0.412364 0.604475
0.414988 0.697856
0.416425 0.856323
0.417012 0.717666
0.417593 0.48611
0.41814 0.681812
0.418807 0.887514
0.419028 0.604898
0.422424 0.687931
0.422602 0.676853
0.422815 0.245121
0.422867 0.129548
0.422929 0.167575
0.423986 0.936384
0.424906 0.399568
0.42545 0.530154
0.425514 0.606672
0.425521 0.724224
0.425532 0.919695
0.425909 0.256143
0.42595 0.93375
0.426127 0.910963
0.426421 0.849496
0.426509 0.342345
0.426896 0.846911
0.4277 0.3538
0.42807 0.564078
0.428689 0.982776
0.429329 0.726542
0.429911 0.509519
0.430057 0.966842
0.430085 0.440526
0.430747 0.557852
0.431614 0.14096
0.431851 0.12787
0.433076 0.712794
0.433268 0.930598
0.43393 0.0660967
0.433939 0.210634
0.434222 0.963979
0.434722 0.375667
0.435096 0.653668
0.435259 0.399314
0.435542 0.152644
0.43655 0.100029
0.436599 0.91851
0.436648 0.739027
0.437349 0.527308
0.439129 0.435958
0.439553 0.568089
0.439581 0.0398233
0.440496 0.423217
0.441389 0.430335
0.441608 0.109981
0.441684 0.378682
0.441864 0.400318
0.443224 0.268132
0.443269 0.0223748
0.443708 0.394595
0.44387 0.116701
0.444594 0.299462
0.446087 0.376385
0.446626 0.447742
0.44731 0.944092
0.44794 0.523457
0.449074 0.592969
0.449474 0.302351
0.449829 0.27564
0.450229 0.996691
0.450265 0.596965
0.450358 0.163859
0.452228 0.589855
0.452472 0.700851
0.452788 0.0074264
0.453248 0.741257
0.453364 0.697098
0.454052 0.244452
0.45489 0.341817
0.455937 0.941098
0.456099 0.654227
0.457077 0.0939692
0.459291 0.29847
0.459335 0.0360587
0.459526 0.261556
0.459839 0.512283
0.46056 0.629647
0.461336 0.677832
0.462074 0.071921
0.462603 0.971966
0.463875 0.353599
0.464245 0.565232
0.465603 0.381783
0.465969 0.548171
0.466007 0.184894
0.466116 0.00728711
0.466249 0.238914
0.466392 0.646203
0.467711 0.811624
0.467796 0.251683
0.468549 0.899284
0.468985 0.22385
0.469735 0.840474
0.470398 0.971199
0.470404 0.0771676
0.470574 0.937048
0.471976 0.506691
0.472669 0.146005
0.472755 0.587294
0.472797 0.30642
0.473543 0.837689
0.474438 0.87515
0.474921 0.991721
0.475062 0.372541
0.475465 0.140817
0.475877 0.0680614
0.476297 0.130491
0.476537 0.151202
0.477339 0.634401
0.477443 0.38757
0.477958 0.037868
0.478032 0.286229
0.478093 0.311186
0.478101 0.441393
0.479019 0.87281
0.479536 0.561097
0.479826 0.428723
0.480444 0.822267
0.480836 0.415098
0.481342 0.917196
0.481439 0.548986
0.481775 0.191353
0.481894 0.200546
0.4822 0.337524
0.48232 0.355569
0.482642 0.766032
0.485087 0.856279
0.485213 0.968021
0.485364 0.504399
0.48575 0.999909
0.486096 0.823346
0.486276 0.83383
0.486374 0.494585
0.486383 0.647653
0.486896 0.256417
0.48698 0.664631
0.487536 0.0225583
0.487988 0.621963
0.488437 0.156557
0.488707 0.706519
0.488923 0.336858
0.489068 0.762994
0.48964 0.377751
0.489666 0.813523
0.490519 0.155063
0.491826 0.118047
0.491905 0.451535
0.492456 0.70138
0.492722 0.179949
0.493315 0.137838
0.49408 0.99704
0.494434 0.957595
0.495776 0.51424
0.496637 0.97269
0.496816 0.993199
0.49745 0.649583
0.497751 0.695432
0.497893 0.0819185
0.498233 0.806313
0.498587 0.758775
0.502175 0.0479118
0.50296 0.252382
0.503021 0.270945
0.505065 0.621646
0.505188 0.696808
0.505855 0.909061
0.505942 0.360171
0.506242 0.400533
0.506892 0.331255
0.508382 0.379753
0.508416 0.949114
0.508769 0.883482
0.509499 0.142808
0.509679 0.174157
0.510014 0.812007
0.51054 0.653777
0.510595 0.573845
0.510617 0.936144
0.511093 0.938434
0.511425 0.527659
0.511654 0.364075
0.512325 0.640425
0.512777 0.239579
0.512839 0.289635
0.51323 0.863934
0.513396 0.642358
0.513992 0.669557
0.514049 0.629923
0.514649 0.699126
0.514712 0.763982
0.514914 0.15305
0.514984 0.331983
0.514986 0.365801
0.515273 0.190319
0.516102 0.119269
0.516116 0.369298
0.517917 0.631708
0.51807 0.205081
0.518803 0.515411
0.51886 0.488237
0.519683 0.319826
0.519932 0.490898
0.520651 0.582716
0.520842 0.796161
0.521241 0.495236
0.521372 0.702937
0.521877 0.179576
0.521897 0.520133
0.523663 0.201841
0.524914 0.228877
0.52696 0.62145
0.527613 0.591273
0.527634 0.949008
0.527653 0.265671
0.527997 0.037994
0.528167 0.902696
0.52858 0.848019
0.529471 0.81883
0.530236 0.676444
0.530578 0.422611
0.532087 0.785589
0.532091 0.856378
0.532192 0.559208
0.532213 0.906707
0.532358 0.344159
0.534611 0.203743
0.536048 0.363714
0.536061 0.584331
0.536681 0.998043
0.537468 0.231111
0.537746 0.899039
0.5378 0.808393
0.538679 0.583193
0.538708 0.0654851
0.538803 0.659803
0.538814 0.840873
0.538941 0.982536
0.540075 0.035331
0.541915 0.968609
0.542737 0.785141
0.542805 0.928894
0.543419 0.242546
0.544401 0.745847
0.545053 0.707702
0.545672 0.114605
0.545698 0.548343
0.546243 0.710697
0.547796 0.814518
0.548873 0.910195
0.548975 0.62961
0.549559 0.431628
0.549621 0.487672
0.550017 0.140172
0.550272 0.419615
0.550295 0.807544
0.551187 0.791629
0.551448 0.187129
0.551875 0.368739
0.552348 0.320792
0.55265 0.386801
0.553123 0.344496
0.553233 0.191598
0.553907 0.51302
0.554159 0.756125
0.554599 0.151583
0.555208 0.388787
0.555761 0.669319
0.556243 0.768805
0.556995 0.420553
0.55864 0.0553614
0.559003 0.165784
0.559184 0.214021
0.55989 0.0748918
0.560162 0.639614
0.560193 0.165757
0.56023 0.787594
0.560463 0.694243
0.561149 0.232581
0.561288 0.572227
0.561563 0.18224
0.561699 0.476595
0.563073 0.563915
0.563313 0.596444
0.564425 0.287504
0.564941 0.965062
0.565917 0.359881
0.565954 0.982375
0.566377 0.093539
0.566446 0.253955
0.566581 0.535052
0.566676 0.130003
0.567076 0.840575
0.568354 0.333514
0.569107 0.986343
0.569424 0.31722
0.569446 0.683525
0.570263 0.410883
0.57037 0.209531
0.5704 0.720499
0.570818 0.733951
0.571507 0.316195
0.572494 0.902416
0.572799 0.0263635
0.573244 0.513444
0.573504 0.879924
0.573729 0.669969
0.574411 0.130309
0.575207 0.508759
0.575569 0.5875
0.57565 0.945219
0.575846 0.246984
0.575922 0.516437
0.576538 0.873353
0.576641 0.606385
0.576875 0.53667
0.577109 0.469296
0.578072 0.658688
0.578196 0.747218
0.578226 0.251439
0.579315 0.55536
0.579744 0.762586
0.580779 0.15648
0.581587 0.73876
0.582152 0.230933
0.582742 0.146716
0.583217 0.130356
0.583438 0.848578
0.584205 0.735634
0.584621 0.722281
0.584741 0.740944
0.586466 0.727625
0.587075 0.971865
0.587165 0.482988
0.587291 0.59516
0.587539 0.766991
0.587964 0.913108
0.588111 0.387994
0.588151 0.0597779
0.588567 0.052678
0.590072 0.345437
0.590331 0.692751
0.590674 0.454124
0.590945 0.00656697
0.592145 0.180192
0.592151 0.275955
0.592478 0.769308
0.592701 0.526724
0.594358 0.368219
0.594393 0.961434
0.594509 0.919153
0.594754 0.0234891
0.595267 0.655333
0.595541 0.264508
0.595831 0.136995
0.596152 0.522719
0.596378 0.319846
0.596415 0.94342
0.597276 0.411207
0.597844 0.9634
0.598576 0.259863
0.599305 0.52178
0.59953 0.29571
0.599781 0.517136
0.599819 0.155807
0.601242 0.0674938
0.602735 0.174291
0.60275 0.416423
0.604094 0.014798
0.604216 0.0497714
0.604579 0.160569
0.607309 0.0389885
0.607439 0.228353
0.607603 0.98707
0.608268 0.156003
0.608334 0.270775
0.609178 0.461556
0.609409 0.338363
0.610496 0.613718
0.611264 0.520708
0.612947 0.79821
0.613076 0.96476
0.613159 0.370314
0.614496 0.839921
0.615546 0.47515
0.615769 0.221774
0.617011 0.111253
0.617083 0.313767
0.617747 0.480024
0.618846 0.939611
0.62012 0.35442
0.620889 0.282862
0.621644 0.978133
0.621963 0.324655
0.622097 0.584675
0.623174 0.691192
0.624309 0.756588
0.625746 0.907526
0.625823 0.204716
0.626101 0.873075
0.626753 0.842921
0.627898 0.0746502
0.62792 0.446872
0.62811 0.645619
0.628334 0.408686
0.628634 0.448837
0.62931 0.81303
0.629746 0.133252
0.629783 0.756083
0.630464 0.201772
0.631797 0.619444
0.632281 0.754673
0.632346 0.838038
0.63248 0.0957971
0.632569 0.59198
0.633199 0.17997
0.633705 0.68501
0.633999 0.615216
0.634265 0.0950062
0.634957 0.719309
0.635219 0.131166
0.63628 0.964245
0.636321 0.654218
0.63638 0.634439
0.637005 0.147413
0.638495 0.187905
0.639137 0.97146
0.639837 0.736184
0.639948 0.606013
0.640147 0.950017
0.640397 0.154084
0.640646 0.345113
0.640931 0.133528
0.641068 0.42541
0.64131 0.49574
0.641421 0.363253
0.641997 0.0365046
0.643618 0.295749
0.643755 0.598407
0.643833 0.904041
0.643887 0.816917
0.644655 0.722381
0.644928 0.309228
0.64518 0.537854
0.645313 0.779694
0.645834 0.529912
0.645904 0.711498
0.645913 0.861584
0.646234 0.259454
0.64639 0.869126
0.647072 0.344423
0.64768 0.556887
0.64779 0.411823
0.648316 0.243912
0.648493 0.219224
0.648586 0.779066
0.649497 0.100115
0.649572 0.354487
0.64971 0.670121
0.650145 0.985147
0.650395 0.188322
0.650887 0.450871
0.65143 0.582365
0.65153 0.266749
0.65173 0.626914
0.651751 0.979915
0.652422 0.254285
0.653178 0.964371
0.653962 0.139234
0.65441 0.661369
0.654432 0.0461054
0.654457 0.46628
0.655096 0.193782
0.655141 0.95384
0.655993 0.271118
0.657275 0.823452
0.658105 0.773259
0.659326 0.293412
0.659515 0.465095
0.660149 0.125322
0.660354 0.571523
0.660394 0.250015
0.661121 0.458532
0.661278 0.0942344
0.661816 0.140758
0.66183 0.372364
0.662699 0.983554
0.664236 0.819839
0.664358 0.872844
0.664472 0.787377
0.66462 0.273924
0.666478 0.490971
0.668232 0.977984
0.668835 0.115894
0.668849 0.346561
0.669621 0.326837
0.669949 0.831561
0.670818 0.441694
0.671408 0.350112
0.671966 0.725578
0.672056 0.23919
0.672363 0.403083
0.672696 4.09661e-05
0.672969 0.592398
0.675369 0.932745
0.676548 0.744737
0.677887 0.248797
0.679524 0.755949
0.680006 0.865938
0.680046 0.526084
0.681832 0.544844
0.683073 0.409991
0.684066 0.10024
0.685029 0.277424
0.686038 0.237377
0.686895 0.636402
0.687247 0.562263
0.687316 0.725613
0.687733 0.735997
0.68835 0.106281
0.688525 0.0369119
0.689099 0.694691
0.690818 0.569869
0.691283 0.391847
0.691596 0.656615
0.693791 0.548726
0.69438 0.450422
0.69442 0.122245
0.694734 0.390448
0.695031 0.388704
0.695334 0.475015
0.697286 0.280971
0.697534 0.454554
0.697658 0.541659
0.69833 0.837333
0.69889 0.241874
0.699014 0.321731
0.6999 0.215891
0.700012 0.109145
0.700235 0.843247
0.701326 0.18331
0.70195 0.667068
0.702098 0.169315
0.702388 0.0334423
0.702484 0.654463
0.704171 0.99748
0.704945 0.00379405
0.705776 0.974442
0.706664 0.905472
0.707455 0.195649
0.707912 0.872879
0.708011 0.547025
0.708217 0.998149
0.709198 0.485069
0.709323 0.595817
0.709403 0.928789
0.709573 0.796895
0.709854 0.521768
0.710432 0.231263
0.711438 0.138467
0.712662 0.710368
0.713181 0.440941
0.713241 0.436988
0.714235 0.144768
0.715976 0.410552
0.716025 0.240484
0.717333 0.215966
0.718047 0.220161
0.718132 0.648105
0.71822 0.126467
0.718858 0.846629
0.718885 0.308784
0.719541 0.323225
0.720356 0.0148002
0.720818 0.782409
0.720953 0.0511405
0.721153 0.410336
0.721293 0.767012
0.721339 0.548271
0.72145 0.41742
0.721491 0.104105
0.721556 0.197809
0.721559 0.246677
0.721907 0.097968
0.721931 0.487181
0.72197 0.14876
0.722047 0.44418
0.722076 0.930433
0.722306 0.797293
0.722947 0.564695
0.723336 0.113832
0.723688 0.0312947
0.723745 0.977972
0.725297 0.0745702
0.725849 0.343691
0.726264 0.320328
0.726866 0.433156
0.726901 0.0313565
0.726924 0.418018
0.727003 0.738272
0.728228 0.330514
0.728723 0.649663
0.730407 0.949837
0.730605 0.270738
0.731497 0.273911
0.731718 0.984886
0.732001 0.746801
0.733432 0.784321
0.733672 0.827861
0.734069 0.501125
0.734404 0.124394
0.736066 0.062169
0.736679 0.368292
0.737739 0.177767
0.738063 0.618643
0.738161 0.268496
0.738178 0.563824
0.738639 0.300762
0.739965 0.595857
0.74071 0.112006
0.740952 0.182031
0.741337 0.65249
0.741408 0.841558
0.742745 0.318429
0.743174 0.518641
0.74331 0.815156
0.744935 0.128285
0.74534 0.93048
0.746042 0.72175
0.746113 0.924296
0.746532 0.958636
0.746621 0.466832
0.746947 0.946504
0.747733 0.140362
0.747909 0.110477
0.750111 0.123466
0.750729 0.500215
0.751078 0.3651
0.751892 0.0456093
0.751955 0.102044
0.752023 0.251745
0.753756 0.36922
0.754085 0.914641
0.754184 0.574809
0.754851 0.777545
0.754911 0.795497
0.755518 0.995534
0.757533 0.863568
0.757626 0.4125
0.758358 0.719755
0.758686 0.23067
0.76133 0.665758
0.762175 0.879063
0.762404 0.729691
0.762653 0.907094
0.763244 0.83482
0.763257 0.0596167
0.763636 0.433247
0.763718 0.812183
0.76396 0.880158
0.763973 0.0934968
0.764014 0.78055
0.764613 0.844306
0.765025 0.781741
0.765471 0.263273
0.765601 0.450242
0.766596 0.174943
0.766788 0.410098
0.766827 0.0642724
0.767013 0.191549
0.767141 0.345765
0.767177 0.949866
0.767304 0.0862539
0.767409 0.835995
0.768157 0.422683
0.7685 0.177389
0.768774 0.784906
0.769339 0.284427
0.769651 0.522155
0.770663 0.541197
0.771658 0.256052
0.771941 0.0155884
0.772097 0.634315
0.773088 0.291138
0.774192 0.837074
0.774268 0.12495
0.774591 0.55537
0.774651 0.557591
0.775056 0.361124
0.775197 0.73314
0.775558 0.794757
0.775876 0.15161
0.776253 0.489936
0.777101 0.732629
0.777314 0.318593
0.777698 0.770957
0.779516 0.320234
0.779756 0.353475
0.780352 0.380275
0.780585 0.292239
0.780832 0.442132
0.781131 0.47124
0.781412 0.185798
0.781709 0.186715
0.781794 0.615418
0.782044 0.818398
0.782101 0.770679
0.783218 0.544347
0.78362 0.303653
0.783673 0.186718
0.784213 0.267498
0.784312 0.925866
0.784393 0.299167
0.785206 0.954358
0.785501 0.922999
0.786739 0.717646
0.787558 0.48549
0.788268 0.423497
0.788712 0.88414
0.788904 0.114857
0.789408 0.572877
0.789847 0.958583
0.790133 0.770955
0.790139 0.866976
0.791284 0.112355
0.791534 0.315546
0.791788 0.575251
0.791872 0.998437
0.79309 0.461982
0.793104 0.696663
0.793138 0.264075
0.793274 0.552302
0.793278 0.629298
0.7947 0.521607
0.795112 0.446816
0.795523 0.346489
0.795963 0.755227
0.796578 0.0845163
0.797024 0.590662
0.79747 0.0740796
0.797799 0.604043
0.798009 0.135098
0.798121 0.0117907
0.798148 0.471692
0.798189 0.164677
0.798414 0.938991
0.798541 0.0714888
0.79914 0.144065
0.799174 0.719389
0.79939 0.350919
0.799976 0.200091
0.800305 0.717807
0.801142 0.798557
0.801557 0.764064
0.803553 0.320256
0.803796 0.406044
0.804401 0.564812
0.80466 0.92759
0.804738 0.225359
0.804745 0.34871
0.804793 0.153809
0.804968 0.0915069
0.8056 0.718425
0.805789 0.898506
0.805926 0.205751
0.807162 0.969993
0.807313 0.509947
0.808158 0.715339
0.808674 0.380609
0.809232 0.765373
0.810241 0.717516
0.811047 0.272404
0.811403 0.252439
0.812459 0.992681
0.812491 0.528897
0.812949 0.22592
0.813216 0.713372
0.814118 0.888397
0.814304 0.0085905
0.814653 0.878375
0.815493 0.98449
0.815813 0.376686
0.816238 0.520221
0.816261 0.894047
0.816265 0.957229
0.816688 0.0713678
0.817068 0.455713
0.817142 0.70106
0.817192 0.542646
0.817542 0.430971
0.817813 0.987084
0.818153 0.70042
0.818851 0.422709
0.818869 0.73293
0.819453 0.554006
0.819575 0.600547
0.819768 0.846862
0.820614 0.067477
0.820762 0.543865
0.822015 0.610894
0.822157 0.000558501
0.822424 0.473595
0.822706 0.220155
0.822723 0.513221
0.822851 0.65403
0.823153 0.73422
0.823162 0.878742
0.82384 0.274507
0.826147 0.0554659
0.82808 0.543938
0.828873 0.866962
0.829103 0.728719
0.830438 0.179489
0.830777 0.861065
0.831828 0.53606
0.832315 0.71719
0.83259 0.335374
0.832744 0.932884
0.832927 0.999952
0.833045 0.981518
0.833502 0.668257
0.833545 0.390255
0.835709 0.758493
0.836826 0.529993
0.83702 0.799404
0.83712 0.480602
0.837337 0.128465
0.838099 0.936357
0.8382 0.626704
0.838561 0.701141
0.838993 0.949454
0.839355 0.0478786
0.839469 0.948168
0.839805 0.598861
0.839857 0.469255
0.840138 0.193839
0.84116 0.380444
0.841441 0.0963558
0.841911 0.992458
0.84225 0.694258
0.842326 0.967193
0.842331 0.0525631
0.842652 0.450136
0.843481 0.390332
0.846385 0.192675
0.846651 0.664975
0.848218 0.00578724
0.848328 0.850494
0.849014 0.377937
0.849276 0.773555
0.849313 0.404
0.849525 0.963104
0.849956 0.203388
0.850256 0.251201
0.851671 0.0338699
0.851711 0.701318
0.851767 0.649585
0.852304 0.680033
0.852825 0.422612
0.853137 0.680641
0.853734 0.709303
0.853909 0.656096
0.854463 0.967299
0.855277 0.637125
0.855798 0.401665
0.855924 0.517892
0.855955 0.0424778
0.856 0.790428
0.856336 0.441278
0.857935 0.307357
0.857989 0.215936
0.858052 0.284877
0.859118 0.191477
0.859219 0.894565
0.859329 0.749821
0.860569 0.583945
0.860712 0.991352
0.8611 0.514239
0.861133 0.0619288
0.861416 0.817599
0.861648 0.716719
0.862648 0.525186
0.86275 0.243191
0.862858 0.0459638
0.863308 0.616591
0.864226 0.0504258
0.864633 0.89277
0.864764 0.0862665
0.86495 0.220767
0.866637 0.573425
0.866668 0.0956785
0.868328 0.992701
0.868498 0.838236
0.868717 0.519471
0.868828 0.390145
0.869117 0.246118
0.869341 0.00898116
0.869385 0.750905
0.869559 0.676613
0.870739 0.505839
0.871732 0.203398
0.872207 0.182601
0.87394 0.309052
0.873993 0.197877
0.874163 0.050534
0.874358 0.331207
0.874494 0.615364
0.874867 0.8923
0.876076 0.212513
0.876134 0.182451
0.878091 0.0823549
0.878102 0.259787
0.878687 0.0878749
0.878964 0.753659
0.879556 0.704011
0.880085 0.580569
0.880697 0.882239
0.880944 0.0330323
0.881089 0.458009
0.881676 0.32937
0.882626 0.290225
0.884158 0.0439884
0.884471 0.30701
0.884703 0.195112
0.885167 0.00956121
0.88546 0.921938
0.886867 0.568092
0.88725 0.00489743
0.887315 0.0990317
0.887395 0.449362
0.887441 0.22292
0.887534 0.776776
0.887612 0.0953623
0.888491 0.869693
0.889007 0.548322
0.889355 0.389502
0.889842 0.578717
0.88985 0.707719
0.889894 0.449839
0.890934 0.919759
0.891162 0.759618
0.892119 0.837735
0.892902 0.996993
0.892907 0.0838105
0.892943 0.693751
0.893118 0.632842
0.893823 0.485236
0.894025 0.876684
0.894312 0.704896
0.895223 0.0198488
0.895794 0.61281
0.8967 0.844239
0.896861 0.544822
0.897412 0.809161
0.897873 0.554183
0.898497 0.0345837
0.898733 0.00502605
0.89892 0.150851
0.899474 0.45188
0.900021 0.65832
0.900045 0.0553675
0.900138 0.626151
0.900303 0.398322
0.900544 0.434411
0.900756 0.00160016
0.901294 0.0565372
0.901357 0.100778
0.901604 0.253646
0.901654 0.0971873
0.90169 0.697971
0.902461 0.664026
0.902484 0.0553212
0.902676 0.272029
0.902786 0.126128
0.903669 0.963671
0.903912 0.0457648
0.904461 0.274666
0.904591 0.456157
0.904858 0.943688
0.906548 0.356961
0.906786 0.349732
0.907271 0.500286
0.907899 0.0519922
0.908345 0.556009
0.909608 0.77908
0.909817 0.298598
0.910216 0.997477
0.910322 0.781584
0.91141 0.0702671
0.911552 0.462193
0.911608 0.40232
0.912363 0.0825334
0.912758 0.723482
0.913183 0.866288
0.913907 0.0389297
0.91408 0.948195
0.915179 0.413417
0.915652 0.370041
0.916095 0.815884
0.91629 0.0848254
0.917008 0.14735
0.918368 0.00592073
0.918981 0.322234
0.919204 0.0575876
0.919436 0.958931
0.920489 0.657154
0.92155 0.485928
0.92244 0.454822
0.922945 0.928776
0.922956 0.129585
0.923666 0.0488404
0.923781 0.993685
0.923922 0.348859
0.924409 0.547388
0.924421 0.74966
0.924542 0.778967
0.924571 0.267568
0.925192 0.6995
0.925545 0.63411
0.925797 0.874179
0.925827 0.381828
0.927285 0.883209
0.927761 0.874871
0.928064 0.969931
0.928114 0.820188
0.92863 0.490185
0.930961 0.657657
0.930973 0.866206
0.931109 0.149542
0.932522 0.890559
0.933057 0.891157
0.933454 0.565297
0.93399 0.57085
0.934068 0.882236
0.934717 0.781489
0.934879 0.514378
0.934958 0.846395
0.935269 0.0713889
0.937887 0.0707908
0.937969 0.437306
0.938491 0.210447
0.939201 0.14685
0.939815 0.462317
0.939968 0.0480481
0.940617 0.954399
0.940792 0.89889
0.941632 0.010335
0.941834 0.409601
0.942633 0.825493
0.944231 0.685772
0.945038 0.26025
0.945477 0.633856
0.945939 0.39147
0.94594 0.415779
0.946121 0.448309
0.946362 0.508449
0.946625 0.919321
0.949598 0.89403
0.950159 0.318262
0.950162 0.377798
0.950653 0.629084
0.950938 0.414964
0.951466 0.292023
0.951469 0.334168
0.952104 0.00858424
0.952749 0.854015
0.954035 0.459967
0.954091 0.40011
0.954291 0.767123
0.95572 0.778299
0.955814 0.371309
0.956544 0.63368
0.956605 0.653002
0.958185 0.221992
0.95866 0.190324
0.959104 0.665618
0.95924 0.954666
0.96102 0.855122
0.961381 0.93283
0.961388 0.0477057
0.961674 0.850616
0.961674 0.861666
0.962157 0.977588
0.962609 0.563234
0.964192 0.17184
0.964247 0.0990224
0.964506 0.457199
0.96469 0.541594
0.964941 0.765298
0.965435 0.0629713
0.965814 0.432618
0.966881 0.373138
0.966889 0.503791
0.967569 0.925735
0.968104 0.920973
0.968112 0.0527141
0.968143 0.576564
0.968544 0.31175
0.968925 0.715575
0.969011 0.16044
0.969715 0.00578281
0.970016 0.0632922
0.970128 0.949518
0.970277 0.451467
0.970649 0.699344
0.970968 0.05683
0.971709 0.508756
0.973139 0.544498
0.973415 0.19308
0.974802 0.49276
0.975095 0.417613
0.977119 0.43459
0.977702 0.238753
0.979284 0.822214
0.979501 0.465569
0.980159 0.53326
0.981409 0.546389
0.981741 0.120595
0.982056 0.422287
0.982243 0.56304
0.98228 0.187796
0.982346 0.282298
0.982552 0.743831
0.983912 0.609281
0.984346 0.904834
0.985502 0.32575
0.987842 0.659392
0.988291 0.200936
0.988675 0.668483
0.990061 0.954037
0.990064 0.999414
0.990394 0.547582
0.990558 0.31332
0.990671 0.203865
0.991293 0.666469
0.991401 0.477232
0.991875 0.445846
0.992329 0.081455
0.992458 0.241776
0.992733 0.87094
0.992776 0.578365
0.993331 0.921203
0.993551 0.611947
0.993996 0.0829364
0.994006 0.264219
0.994543 0.285925
0.995248 0.131119
0.995331 0.520096
0.995499 0.346088
0.99587 0.581725
0.996141 0.146322
0.996853 0.108575
0.997985 0.132217
0.998301 0.447613
0.99839 0.946832
0.999254 0.469153
