0.000731944 0.301785
0.0033953 0.0648523
0.00366184 0.544525
0.00422899 0.0766829
0.00442555 0.380233
0.00457212 0.843598
0.00493943 0.0170536
0.00516317 0.777334
0.00539083 0.603772
0.0054531 0.650212
0.0063195 0.211908
0.00671713 0.894813
0.0102558 0.369084
0.0103113 0.301619
0.0108223 0.891208
0.0115046 0.357269
0.0120469 0.472524
0.0122026 0.0890438
0.0124378 0.0413759
0.013053 0.381019
0.0153847 0.571188
0.0180488 0.346543
0.0198706 0.964661
0.0208329 0.137986
0.0212328 0.860407
0.0215906 0.873555
0.0221718 0.640684
0.0221756 0.705909
0.0227862 0.967907
0.0236787 0.967731
0.0244195 0.417919
0.0262235 0.737719
0.0266974 0.703336
0.0267079 0.879562
0.0267407 0.430632
0.027041 0.478124
0.0272794 0.485209
0.0295318 0.341271
0.0296091 0.640582
0.0302949 0.167031
0.0305772 0.910922
0.0310358 0.618667
0.0319122 0.34892
0.0343748 0.737124
0.0350081 0.380665
0.0352277 0.0716826
0.0355827 0.038483
0.0362663 0.528078
0.0374492 0.408543
0.0375476 0.0625525
0.0378985 0.960434
0.039264 0.910471
0.0393284 0.991669
0.041537 0.112169
0.0417568 0.806349
0.0436605 0.802135
0.0443366 0.165984
0.0451415 0.693887
0.0459669 0.566424
0.046669 0.366444
0.0476507 0.864532
0.047829 0.862634
0.0484361 0.0654726
0.0485802 0.487249
0.0497639 0.381175
0.0497939 0.885624
0.0514677 0.0180323
0.0520707 0.151474
0.0527337 0.295105
0.0534166 0.772726
0.0538671 0.344503
0.0550798 0.725449
0.0552243 0.155638
0.0553517 0.296221
0.0564588 0.903101
0.0566934 0.846104
0.0569894 0.821037
0.0571809 0.0391697
0.058008 0.940281
0.0587894 0.0730144
0.0592218 0.340354
0.0594471 0.127002
0.0595004 0.023129
0.0596779 0.00603221
0.0612516 0.455834
0.0633901 0.397018
0.0640826 0.0355103
0.0642424 0.721927
0.064391 0.219439
0.0645448 0.803675
0.0652676 0.952219
0.0660314 0.790267
0.0684015 0.623434
0.0686373 0.586394
0.0687731 0.869957
0.0702588 0.839628
0.070295 0.448237
0.0709669 0.741461
0.0717803 0.412266
0.0724419 0.531063
0.0750383 0.168707
0.0754226 0.628169
0.07621 0.861965
0.0765944 0.322429
0.078481 0.0301349
0.0790618 0.791801
0.0791532 0.32854
0.0848181 0.537793
0.0850174 0.886767
0.085349 0.460222
0.0854186 0.631109
0.0869282 0.00300902
0.0869562 0.473436
0.0870741 0.455089
0.0872802 0.917881
0.0876937 0.867885
0.08821 0.54509
0.0893932 0.431981
0.0902701 0.169887
0.0910601 0.446923
0.091682 0.8994
0.0920531 0.136194
0.0938394 0.158428
0.0939159 0.445373
0.094354 0.808093
0.0972519 0.512692
0.0974034 0.0593534
0.0977886 0.533858
0.098284 0.858979
0.100005 0.791446
0.10017 0.56407
0.102376 0.636227
0.102889 0.258859
0.104896 0.98324
0.106772 0.519626
0.10897 0.453045
0.109585 0.791335
0.109641 0.743624
0.109762 0.761763
0.111593 0.544861
0.111731 0.854696
0.112298 0.394915
0.112708 0.278035
0.113108 0.0050263
0.113474 0.161154
0.114557 0.354285
0.114696 0.702768
0.118181 0.261729
0.118425 0.36889
0.118433 0.502282
0.119205 0.478066
0.120379 0.205103
0.1214 0.373363
0.122543 0.573372
0.123244 0.36908
0.123526 0.0966063
0.124352 0.992074
0.125757 0.591935
0.126888 0.609113
0.127472 0.425931
0.129267 0.590715
0.129723 0.252535
0.130186 0.0404294
0.130832 0.885664
0.132204 0.953324
0.132338 0.206395
0.133614 0.657377
0.133635 0.00258279
0.134102 0.851664
0.134395 0.775202
0.135018 0.249639
0.138444 0.823197
0.138567 0.892685
0.140102 0.694025
0.140641 0.748696
0.140941 0.788299
0.141294 0.728842
0.141781 0.908689
0.141827 0.686137
0.141887 0.698666
0.143197 0.714955
0.143954 0.426575
0.144316 0.518918
0.144809 0.799741
0.144813 0.873599
0.144931 0.861254
0.146405 0.623964
0.146904 0.011993
0.147175 0.569405
0.150001 0.0685011
0.150446 0.542559
0.150911 0.361782
0.151256 0.158391
0.152678 0.0647555
0.152739 0.0860028
0.152882 0.480629
0.153346 0.279896
0.153481 0.556829
0.1536 0.554972
0.160961 0.269231
0.160969 0.410732
0.162401 0.482022
0.162765 0.583804
0.163016 0.803892
0.163455 0.195467
0.163535 0.528901
0.165688 0.718971
0.165807 0.725527
0.165846 0.379256
0.168742 0.0463513
0.168937 0.31912
0.169645 0.21895
0.171151 0.543007
0.172308 0.986338
0.175726 0.431653
0.176838 0.121735
0.177274 0.444172
0.178027 0.0923209
0.179038 0.0975812
0.179852 0.772988
0.180775 0.280367
0.18133 0.618908
0.183386 0.162741
0.184131 0.684564
0.184167 0.301321
0.18545 0.862303
0.185837 0.366861
0.186306 0.249236
0.187507 0.42319
0.187519 0.626527
0.188695 0.401664
0.188736 0.0846559
0.189629 0.0946069
0.189816 0.242067
0.191364 0.25929
0.191393 0.744384
0.191859 0.57012
0.192788 0.187248
0.193597 0.785659
0.196099 0.833195
0.196364 0.29792
0.197571 0.57825
0.199135 0.867799
0.200392 0.993134
0.200986 0.965681
0.201819 0.978576
0.202071 0.202413
0.202319 0.367247
0.202775 0.0359773
0.203715 0.835085
0.204742 0.10533
0.204756 0.331371
0.205167 0.23628
0.205233 0.346184
0.205516 0.107864
0.205892 0.427626
0.206199 0.5859
0.206474 0.205383
0.206484 0.375388
0.206658 0.302982
0.206837 0.313645
0.206956 0.301316
0.207531 0.979389
0.208593 0.818337
0.208792 0.167264
0.209702 0.467957
0.211677 0.659683
0.21193 0.913589
0.212463 0.866587
0.212576 0.759637
0.213373 0.161426
0.214718 0.763581
0.214947 0.616722
0.21721 0.64084
0.218276 0.559962
0.218525 0.757564
0.218622 0.383673
0.219701 0.516924
0.221287 0.165797
0.221888 0.273968
0.223622 0.419273
0.223635 0.629114
0.223806 0.510486
0.223918 0.389041
0.225662 0.702801
0.226039 0.0319861
0.226121 0.40992
0.226476 0.374756
0.228199 0.342825
0.228508 0.531012
0.228522 0.762218
0.229263 0.222088
0.23003 0.10923
0.230512 0.209264
0.231407 0.262604
0.232256 0.525544
0.234588 0.723194
0.23576 0.419466
0.239542 0.982435
0.240284 0.461033
0.240827 0.580999
0.241791 0.784933
0.242236 0.264219
0.242413 0.243232
0.242831 0.257522
0.243977 0.521778
0.244974 0.27236
0.24531 0.922803
0.247012 0.526015
0.247019 0.649687
0.247644 0.160141
0.249058 0.923902
0.252345 0.157493
0.252797 0.758893
0.253565 0.674743
0.253737 0.560771
0.254391 0.550778
0.254691 0.591179
0.255151 0.317191
0.255455 0.428303
0.256195 0.862807
0.257829 0.327548
0.259196 0.298998
0.259502 0.455003
0.261262 0.0278154
0.261492 0.901336
0.262143 0.844072
0.262477 0.447118
0.262962 0.60135
0.265972 0.191431
0.266712 0.627782
0.266893 0.668123
0.268189 0.459623
0.270048 0.690186
0.270844 0.0760011
0.272639 0.250975
0.274094 0.696866
0.274158 0.768093
0.274163 0.858644
0.275302 0.996989
0.276379 0.108859
0.276463 0.51168
0.278027 0.794452
0.27896 0.47434
0.280827 0.860828
0.280978 0.393519
0.281699 0.508692
0.283178 0.366681
0.283502 0.825065
0.283566 0.888739
0.283738 0.786123
0.284006 0.286873
0.284787 0.421899
0.285154 0.579201
0.288993 0.103398
0.289126 0.346537
0.289618 0.601564
0.290777 0.0909531
0.290851 0.332575
0.292459 0.358797
0.292537 0.67117
0.292633 0.279301
0.293088 0.926016
0.293146 0.904163
0.293741 0.909088
0.294172 0.156752
0.294348 0.105439
0.294621 0.689915
0.295526 0.907335
0.296302 0.954511
0.296628 0.422904
0.297643 0.482362
0.29818 0.51267
0.298754 0.163201
0.300668 0.319585
0.301049 0.726415
0.301618 0.289651
0.302279 0.403229
0.302343 0.475347
0.303432 0.786148
0.303777 0.574084
0.306084 0.356796
0.306568 0.486234
0.306576 0.61443
0.306791 0.233187
0.309454 0.986377
0.309577 0.0641453
0.311484 0.107352
0.313099 0.248848
0.313309 0.792745
0.313409 0.466931
0.313505 0.0860581
0.315043 0.929058
0.31568 0.625795
0.316147 0.480253
0.316878 0.773202
0.31704 0.497835
0.317556 0.15657
0.319133 0.671018
0.320239 0.261814
0.323781 0.789821
0.324409 0.335525
0.32457 0.0499442
0.32497 0.773625
0.325796 0.651046
0.328949 0.653503
0.329074 0.744608
0.330619 0.711374
0.331413 0.0656955
0.332937 0.669216
0.333006 0.830235
0.333443 0.174844
0.334461 0.291059
0.334742 0.00466978
0.334841 0.680429
0.338672 0.0541157
0.338828 0.676896
0.339952 0.578752
0.340901 0.520659
0.34113 0.364698
0.341985 0.735947
0.342376 0.319168
0.342741 0.444593
0.342938 0.750874
0.343388 0.31643
0.343398 0.495199
0.344887 0.510279
0.345655 0.420572
0.348008 0.965024
0.348975 0.220205
0.349304 0.759937
0.349345 0.43525
0.349773 0.636238
0.350187 0.595195
0.350555 0.779514
0.350629 0.0196099
0.351181 0.30346
0.352828 0.986862
0.354686 0.214365
0.354775 0.702878
0.354887 0.580213
0.355596 0.500517
0.356885 0.164807
0.356979 0.754264
0.357474 0.0641309
0.357971 0.421011
0.358403 0.679788
0.358808 0.485568
0.358833 0.903957
0.359887 0.615751
0.362325 0.596522
0.36343 0.164059
0.363699 0.695989
0.363792 0.249883
0.364297 0.744288
0.36952 0.515461
0.370903 0.769866
0.371724 0.564116
0.372117 0.163553
0.372509 0.753787
0.372762 0.00669036
0.373654 0.00760189
0.375821 0.424058
0.375998 0.402602
0.376392 0.0148588
0.377475 0.2207
0.378084 0.459414
0.378527 0.898081
0.378591 0.983974
0.379532 0.801857
0.379533 0.815326
0.380086 0.108185
0.38255 0.525691
0.382988 0.882204
0.383351 0.978327
0.383844 0.266812
0.384201 0.26178
0.384581 0.646751
0.385331 0.261285
0.386063 0.553436
0.387909 0.582681
0.390001 0.739193
0.390663 0.878081
0.390903 0.904639
0.391439 0.907703
0.392548 0.547743
0.392697 0.062817
0.392926 0.909047
0.394158 0.621298
0.394359 0.987733
0.395467 0.606932
0.395891 0.734398
0.396204 0.000245478
0.396556 0.915094
0.397338 0.0598182
0.398608 0.401975
0.399157 0.624146
0.399567 0.52489
0.400452 0.403343
0.400491 0.0576194
0.400495 0.12257
0.402648 0.311154
0.405172 0.731672
0.405174 0.761491
0.405232 0.727585
0.406934 0.345299
0.407754 0.126205
0.407822 0.258775
0.408233 0.164841
0.408569 0.811121
0.409012 0.262701
0.409211 0.615275
0.409653 0.0377797
0.411285 0.464477
0.411687 0.21944
0.411999 0.470049
0.412023 0.863128
0.412538 0.531638
0.41265 0.404911
0.413083 0.679709
0.413224 0.0583699
0.414036 0.703958
0.414579 0.822492
0.417925 0.0713669
0.418453 0.945022
0.419937 0.889617
0.420584 0.761688
0.421263 0.16168
0.422981 0.043925
0.423346 0.172223
0.423976 0.764822
0.427207 0.0649937
0.429995 0.932361
0.431035 0.402523
0.432882 0.452031
0.434208 0.726426
0.434391 0.810328
0.436898 0.951547
0.437281 0.381065
0.43755 0.900598
0.437694 0.318453
0.437694 0.326514
0.438038 0.103384
0.439 0.272843
0.440776 0.126208
0.441198 0.214042
0.4413 0.926248
0.441714 0.880024
0.442899 0.802321
0.443425 0.645359
0.443444 0.971664
0.443919 0.948432
0.444092 0.858449
0.444805 0.832019
0.444922 0.805031
0.445021 0.47157
0.446227 0.733054
0.446651 0.868355
0.448554 0.847854
0.448555 0.856377
0.450398 0.841944
0.454363 0.481936
0.455482 0.290173
0.456171 0.867463
0.45748 0.860452
0.458305 0.731964
0.458965 0.823542
0.459163 0.147941
0.460113 0.117811
0.460501 0.639822
0.460818 0.971255
0.46184 0.15296
0.463564 0.122564
0.463592 0.59901
0.464502 0.878822
0.465025 0.676443
0.465704 0.0883854
0.466025 0.484448
0.466127 0.197084
0.466568 0.612828
0.468382 0.0966688
0.47091 0.577395
0.471171 0.975658
0.471344 0.877566
0.473806 0.253514
0.474316 0.836991
0.475057 0.277044
0.475877 0.0666448
0.475969 0.610748
0.477086 0.389127
0.477437 0.280975
0.478495 0.0697564
0.478962 0.908883
0.479152 0.111347
0.480017 0.641017
0.480076 0.636547
0.480639 0.0979542
0.480768 0.264598
0.484714 0.584438
0.485069 0.559307
0.48514 0.740635
0.485342 0.13573
0.485756 0.102278
0.487168 0.838819
0.487731 0.293261
0.489159 0.298919
0.491295 0.194107
0.491544 0.378202
0.49283 0.990063
0.493407 0.68652
0.493989 0.474091
0.493994 0.559798
0.49765 0.00952207
0.497721 0.201682
0.499749 0.283054
0.500826 0.385603
0.502247 0.272739
0.502406 0.929407
0.503935 0.628371
0.504875 0.437911
0.505347 0.364661
0.506273 0.926254
0.509149 0.265737
0.510868 0.151238
0.511326 0.862897
0.513489 0.213322
0.514662 0.93218
0.514888 0.725136
0.515056 0.544695
0.516025 0.832997
0.516716 0.448394
0.517147 0.694038
0.517518 0.925754
0.520082 0.0150583
0.520187 0.778856
0.520572 0.260976
0.521412 0.376991
0.522786 0.468302
0.522822 0.0683578
0.522928 0.856949
0.523953 0.0817471
0.525746 0.204973
0.526297 0.477303
0.526318 0.8216
0.526451 0.0687859
0.526571 0.0790202
0.526695 0.1611
0.526776 0.530645
0.527009 0.446443
0.527138 0.606052
0.527236 0.247711
0.527729 0.544421
0.528289 0.947147
0.531282 0.261755
0.531731 0.80168
0.5321 0.00687911
0.532289 0.188885
0.534927 0.523256
0.535743 0.236612
0.536633 0.196193
0.537911 0.663329
0.538684 0.659985
0.539973 0.324103
0.540232 0.680558
0.540252 0.0231492
0.541762 0.389531
0.544337 0.672664
0.544581 0.770425
0.545006 0.917575
0.545069 0.973415
0.545469 0.688808
0.545748 0.381413
0.547218 0.0918667
0.547524 0.232977
0.547559 0.823007
0.547762 0.233755
0.548127 0.375428
0.549169 0.878148
0.549626 0.570843
0.550549 0.071906
0.550994 0.561961
0.551101 0.355248
0.552845 0.667169
0.553002 0.297134
0.554094 0.652091
0.554574 0.725656
0.5554 0.601597
0.555767 0.77085
0.555926 0.444041
0.556759 0.443114
0.556861 0.162568
0.558392 0.89657
0.558987 0.901964
0.559144 0.528666
0.560643 0.729818
0.562546 0.71878
0.562554 0.840941
0.563827 0.231551
0.564414 0.106379
0.565573 0.587245
0.566254 0.0330203
0.566421 0.836175
0.566486 0.923806
0.566897 0.838387
0.567879 0.349867
0.56856 0.784208
0.57018 0.0109176
0.570965 0.20404
0.571165 0.571327
0.572101 0.309733
0.572597 0.641717
0.572759 0.359706
0.573698 0.137165
0.574064 0.298396
0.575793 0.352892
0.576412 0.758488
0.577406 0.47098
0.579493 0.532496
0.580231 0.935381
0.581263 0.284344
0.581751 0.483265
0.583284 0.250403
0.583687 0.0204712
0.584821 0.0834092
0.586125 0.999677
0.586237 0.887476
0.586393 0.514819
0.586418 0.922377
0.587029 0.196013
0.589109 0.158933
0.589642 0.107869
0.589668 0.55722
0.590567 0.667685
0.590822 0.938292
0.590942 0.959116
0.592085 0.169956
0.592799 0.167342
0.593352 0.461344
0.593434 0.841806
0.595948 0.0917478
0.5966 0.0486648
0.596859 0.410191
0.597922 0.279537
0.598754 0.260047
0.598884 0.438462
0.599583 0.188354
0.600099 0.866913
0.600649 0.111593
0.601114 0.926363
0.601625 0.515389
0.601941 0.822372
0.602172 0.708234
0.603097 0.250605
0.60319 0.822571
0.604886 0.324689
0.606088 0.512613
0.606504 0.509591
0.608813 0.314522
0.611068 0.21856
0.611178 0.0620452
0.611829 0.0129828
0.612309 0.0809208
0.612471 0.80589
0.612579 0.609892
0.615984 0.842479
0.616195 0.386682
0.616427 0.282265
0.617137 0.227472
0.617556 0.266164
0.618146 0.173886
0.61964 0.293056
0.619883 0.371252
0.619968 0.799072
0.620136 0.625596
0.620601 0.446158
0.620834 0.359366
0.621042 0.854678
0.621177 0.118925
0.622219 0.63837
0.622256 0.251746
0.622306 0.0967743
0.623246 0.901884
0.623494 0.0569038
0.623909 0.0428071
0.624333 0.16053
0.62549 0.617064
0.62708 0.325637
0.627794 0.338566
0.628151 0.330912
0.629539 0.656098
0.630533 0.369482
0.630787 0.635456
0.630809 0.00785006
0.632866 0.574309
0.634772 0.613586
0.636201 0.631923
0.636364 0.368601
0.636502 0.682663
0.636957 0.334958
0.637147 0.528884
0.637731 0.352855
0.638018 0.174095
0.638385 0.339082
0.639322 0.0807986
0.639908 0.930605
0.640499 0.862276
0.641302 0.363193
0.641461 0.0291049
0.642397 0.768098
0.642699 0.841009
0.642706 0.951886
0.643567 0.436953
0.644772 0.690705
0.645214 0.104742
0.64551 0.0863198
0.646175 0.262148
0.6469 0.444964
0.64709 0.648211
0.648558 0.318085
0.648889 0.880278
0.649496 0.0798606
0.649813 0.401933
0.650018 0.848822
0.651306 0.493961
0.651698 0.0936879
0.653368 0.162953
0.657254 0.462195
0.658041 0.694621
0.660441 0.0255139
0.66236 0.282881
0.662566 0.744852
0.662652 0.190907
0.663551 0.299885
0.664342 0.58895
0.666904 0.655355
0.667596 0.292837
0.669295 0.840724
0.669503 0.330573
0.670893 0.692997
0.671447 0.00665068
0.673862 0.597074
0.674166 0.707795
0.675547 0.918591
0.675692 0.351136
0.675889 0.667247
0.675903 0.909959
0.676944 0.39251
0.677 0.345214
0.677809 0.927706
0.678023 0.531483
0.67912 0.968726
0.679674 0.286997
0.679712 0.923187
0.680577 0.451832
0.680858 0.180524
0.68202 0.718311
0.68319 0.374488
0.683263 0.605686
0.684824 0.842962
0.686184 0.702308
0.687182 0.459926
0.687423 0.512702
0.688027 0.667299
0.689102 0.742682
0.689647 0.898736
0.689893 0.0392607
0.691013 0.857374
0.691163 0.380502
0.691463 0.414399
0.692538 0.490635
0.693877 0.997888
0.69434 0.770694
0.697485 0.629264
0.698056 0.225754
0.698355 0.244335
0.699149 0.594384
0.701064 0.787896
0.70121 0.230231
0.701978 0.142989
0.702638 0.241337
0.702929 0.129726
0.703636 0.0134652
0.706062 0.788919
0.706502 0.180197
0.70837 0.573643
0.708935 0.0747534
0.710039 0.628406
0.712835 0.615806
0.713233 0.314012
0.713311 0.612814
0.714274 0.801745
0.716008 0.949523
0.716302 0.889825
0.718922 0.916533
0.721439 0.223271
0.721594 0.826149
0.722791 0.941084
0.723365 0.590379
0.723969 0.744968
0.724206 0.734515
0.726058 0.855642
0.726342 0.635855
0.726953 0.906337
0.728467 0.343853
0.728865 0.0280962
0.728923 0.00421666
0.729399 0.0102794
0.730814 0.798153
0.73182 0.701843
0.732184 0.818103
0.732676 0.0923836
0.734622 0.793107
0.735246 0.280175
0.738818 0.310955
0.739244 0.471755
0.739424 0.495488
0.740291 0.0764679
0.740471 0.0980178
0.742917 0.208096
0.743574 0.247488
0.745417 0.222003
0.745867 0.790321
0.747055 0.761134
0.747298 0.831746
0.749165 0.208012
0.750614 0.577401
0.752525 0.685676
0.752852 0.176547
0.753972 0.0123401
0.754218 0.134904
0.754555 0.813122
0.755237 0.267961
0.75683 0.0437074
0.757067 0.0295051
0.757776 0.93634
0.758109 0.538338
0.761678 0.521142
0.764385 0.0141517
0.764534 0.529296
0.764985 0.104557
0.765145 0.788813
0.768381 0.180225
0.768595 0.778711
0.769101 0.288166
0.769147 0.0590711
0.772885 0.884084
0.774361 0.689597
0.776073 0.461773
0.777868 0.620773
0.777912 0.365499
0.777921 0.522621
0.779948 0.588544
0.780072 0.665397
0.780339 0.151393
0.78046 0.183541
0.781701 0.0553176
0.781826 0.156213
0.782269 0.599872
0.783662 0.00953671
0.783944 0.738628
0.786414 0.25596
0.7865 0.708166
0.791255 0.621728
0.791743 0.831292
0.792351 0.0375736
0.79354 0.0338062
0.793665 0.132377
0.794319 0.121961
0.796033 0.93164
0.796115 0.31056
0.796291 0.261094
0.796412 0.295175
0.796953 0.394754
0.797065 0.277081
0.797428 0.380726
0.797517 0.8755
0.798294 0.931637
0.798874 0.681563
0.801035 0.993146
0.801739 0.831625
0.801759 0.157766
0.802646 0.0747161
0.802758 0.949311
0.803942 0.858163
0.804025 0.254849
0.804052 0.695215
0.804083 0.216749
0.804406 0.65062
0.804513 0.457048
0.805074 0.884512
0.805736 0.0122321
0.806852 0.765982
0.806917 0.853784
0.807595 0.243202
0.807615 0.591366
0.808837 0.116121
0.809815 0.565341
0.810189 0.852859
0.811108 0.299153
0.811707 0.365969
0.81217 0.138478
0.812493 0.566487
0.812581 0.0493416
0.813609 0.334802
0.813957 0.173672
0.813997 0.852242
0.814272 0.473353
0.814387 0.394335
0.815392 0.286943
0.816186 0.637312
0.816346 0.319785
0.816515 0.165813
0.817564 0.799374
0.822179 0.364469
0.823664 0.323723
0.823821 0.96686
0.823967 0.417234
0.823989 0.786693
0.824019 0.285084
0.82663 0.176451
0.826791 0.875093
0.826978 0.0192661
0.827208 0.877181
0.827422 0.485857
0.827978 0.83224
0.828809 0.793716
0.829221 0.720961
0.829506 0.502927
0.830257 0.129678
0.830954 0.849979
0.832025 0.841863
0.833271 0.785032
0.83381 0.8454
0.834198 0.373696
0.83444 0.43123
0.834595 0.0407526
0.835793 0.180552
0.837427 0.638398
0.837716 0.485895
0.837886 0.344132
0.83889 0.227528
0.839076 0.352566
0.839141 0.436714
0.839161 0.771205
0.839799 0.509054
0.842303 0.588655
0.842853 0.824992
0.844204 0.53699
0.846353 0.661335
0.846532 0.658568
0.847172 0.426494
0.847588 0.412076
0.847917 0.943488
0.848889 0.281425
0.849951 0.125876
0.850049 0.770752
0.850912 0.275409
0.851188 0.914513
0.852535 0.553413
0.852752 0.202191
0.854025 0.59158
0.854105 0.944783
0.854825 0.0470656
0.855209 0.502529
0.85627 0.33225
0.85716 0.285797
0.857395 0.239944
0.858263 0.824
0.859011 0.402995
0.859654 0.19908
0.860455 0.663112
0.860512 0.633276
0.861787 0.0549331
0.862017 0.919109
0.863196 0.728002
0.863867 0.0101123
0.866129 0.0334629
0.866159 0.536065
0.867136 0.95916
0.869386 0.768421
0.869605 0.442878
0.869948 0.212258
0.870264 0.532037
0.871442 0.32296
0.87166 0.984449
0.872153 0.277958
0.874374 0.597938
0.875285 0.916302
0.876782 0.0790343
0.876801 0.398045
0.877107 0.52949
0.878242 0.619758
0.879299 0.375943
0.879599 0.417251
0.879732 0.656516
0.880801 0.627222
0.881948 0.901034
0.882397 0.454365
0.883488 0.78326
0.883599 0.646522
0.884448 0.908953
0.88514 0.553307
0.887458 0.510219
0.888963 0.803181
0.888992 0.283619
0.88991 0.719481
0.890081 0.583713
0.890944 0.104383
0.891229 0.893041
0.891615 0.378275
0.892492 0.105569
0.892936 0.583266
0.894088 0.936343
0.8944 0.175189
0.898949 0.634215
0.900654 0.28725
0.904003 0.570561
0.906313 0.399847
0.906744 0.649257
0.90722 0.643392
0.907239 0.971818
0.908693 0.407848
0.908791 0.0548447
0.908869 0.362482
0.909876 0.288751
0.909982 0.0722789
0.910022 0.739297
0.911084 0.590204
0.912006 0.0873232
0.912474 0.958561
0.913605 0.965392
0.914394 0.22172
0.915588 0.286222
0.916554 0.521399
0.917271 0.579736
0.91927 0.173636
0.919561 0.0635277
0.919816 0.351541
0.922333 0.650437
0.922946 0.949313
0.923045 0.608965
0.924468 0.526318
0.925979 0.935111
0.926002 0.310385
0.9267 0.0526471
0.927303 0.17892
0.928165 0.666891
0.928214 0.498295
0.929166 0.493092
0.929593 0.661968
0.929709 0.611376
0.929749 0.295557
0.929762 0.50276
0.930216 0.132625
0.931926 0.882354
0.93327 0.475423
0.93344 0.322938
0.93355 0.169859
0.933554 0.233558
0.933581 0.702146
0.934054 0.652681
0.934058 0.715026
0.934435 0.0545964
0.934666 0.930285
0.935931 0.195681
0.935978 0.978936
0.936609 0.593128
0.938653 0.939064
0.940054 0.487771
0.940732 0.882041
0.941318 0.728835
0.941499 0.772651
0.941778 0.457844
0.942041 0.890285
0.94309 0.51076
0.945806 0.157457
0.945871 0.258971
0.94713 0.413812
0.947587 0.101576
0.947739 0.656103
0.948791 0.325016
0.948996 0.770622
0.949138 0.159637
0.949761 0.639137
0.950364 0.761826
0.950556 0.00133222
0.951772 0.438127
0.952056 0.213128
0.952355 0.230934
0.953193 0.319213
0.95342 0.137377
0.954763 0.702389
0.955177 0.66547
0.95673 0.768916
0.956767 0.378575
0.957312 0.54359
0.958093 0.663003
0.958286 0.91356
0.959173 0.818465
0.959658 0.9666
0.961653 0.50408
0.962267 0.826826
0.963223 0.884282
0.96348 0.21422
0.966449 0.107943
0.96783 0.325759
0.968745 0.694878
0.969909 0.254383
0.970597 0.826062
0.970825 0.660137
0.97225 0.613007
0.972342 0.155224
0.972832 0.389707
0.973207 0.696626
0.973629 0.77751
0.974382 0.441789
0.975009 0.978359
0.976026 0.0614135
0.976537 0.651832
0.976541 0.728014
0.97734 0.157774
0.978833 0.243338
0.979225 0.831662
0.980017 0.137444
0.98037 0.0838101
0.980856 0.247394
0.982077 0.775069
0.982102 0.18845
0.982427 0.645558
0.982593 0.440511
0.984499 0.469324
0.986347 0.539134
0.986909 0.975512
0.987846 0.724296
0.988767 0.213636
0.989129 0.28275
0.989706 0.988246
0.990146 0.385676
0.990821 0.729779
0.991728 0.975546
0.992522 0.315139
0.992986 0.114632
0.993357 0.346214
0.993363 0.455674
0.993434 0.640531
0.994626 0.671959
0.995307 0.120842
0.995819 0.736766
0.999122 0.247028
0.999712 0.151627
