0.000638981 0.739367
0.00107459 0.0606306
0.00169262 0.447937
0.00195641 0.881395
0.00235252 0.538888
0.00284367 0.793524
0.00387533 0.132618
0.00473068 0.508571
0.0058172 0.769642
0.00585406 0.389217
0.00587229 0.69558
0.00618973 0.0308629
0.00619077 0.0483314
0.0072257 0.442414
0.00794179 0.477601
0.0085783 0.175559
0.00865732 0.503568
0.00922783 0.0920995
0.00956955 0.835457
0.0100194 0.395699
0.0106214 0.514177
0.0117488 0.46292
0.0119701 0.18158
0.0125649 0.178022
0.0130822 0.872312
0.0150986 0.761719
0.0163835 0.357818
0.0174177 0.739652
0.0174201 0.7797
0.0176791 0.132085
0.018018 0.827889
0.0180403 0.204134
0.0182054 0.977635
0.0183376 0.200238
0.0187159 0.558169
0.0197449 0.852128
0.0199374 0.0876747
0.0204947 0.455087
0.0205073 0.666892
0.0211864 0.0799458
0.0217798 0.053276
0.0219935 0.645509
0.0220825 0.14004
0.0222255 0.544645
0.0240778 0.67572
0.0242306 0.243958
0.024264 0.804506
0.024845 0.570657
0.0248762 0.0945149
0.0253093 0.374024
0.0253585 0.200215
0.0265231 0.773558
0.0267649 0.837752
0.0284474 0.115825
0.0299094 0.687729
0.030291 0.100523
0.0305675 0.747977
0.0307547 0.894013
0.0312914 0.913873
0.0317371 0.405375
0.0326264 0.352339
0.0327292 0.0791731
0.0327831 0.984723
0.0336824 0.0993048
0.0340779 0.747657
0.0349397 0.231151
0.0351306 0.440119
0.0353402 0.96287
0.0370026 0.903024
0.0372813 0.586941
0.0381524 0.226666
0.0393576 0.482413
0.0399134 0.824226
0.0400686 0.433686
0.0418214 0.89304
0.0419625 0.263585
0.0427317 0.192011
0.0456103 0.572708
0.0471402 0.285
0.0477276 0.157566
0.0480878 0.212397
0.0483513 0.640886
0.0492035 0.963994
0.0497779 0.616882
0.0499644 0.751006
0.0507759 0.390662
0.0515216 0.924255
0.0517237 0.319734
0.0520584 0.945946
0.05251 0.53556
0.0528038 0.472629
0.0531301 0.956793
0.0554027 0.153091
0.0565283 0.0711785
0.0571311 0.203008
0.0582377 0.801099
0.0586466 0.673309
0.060089 0.916497
0.0605167 0.104947
0.0616456 0.078226
0.0619442 0.0964236
0.0619791 0.682071
0.0620055 0.126601
0.0632046 0.278993
0.0662611 0.650052
0.0662775 0.925822
0.0665334 0.22768
0.0669526 0.272257
0.0693398 0.394351
0.0700313 0.0162428
0.0700802 0.838293
0.0704009 0.228212
0.0709125 0.825588
0.0711755 0.246814
0.0720613 0.134791
0.0729112 0.418557
0.0741726 0.618923
0.0744798 0.782628
0.0747606 0.50207
0.075912 0.852204
0.0786971 0.662259
0.0797518 0.388437
0.0802782 0.235702
0.0803254 0.0296713
0.0808224 0.382348
0.0835742 0.631777
0.0859009 0.737193
0.0863183 0.750857
0.0865492 0.632798
0.0866305 0.999322
0.0869758 0.801479
0.0890369 0.442828
0.0890853 0.255972
0.0892237 0.582564
0.0895394 0.888177
0.0897576 0.555794
0.090339 0.327658
0.0934869 0.233499
0.0941019 0.571248
0.0943529 0.788456
0.0949127 0.197333
0.0949908 0.509956
0.0968528 0.804672
0.0970205 0.623135
0.0973868 0.779952
0.0974561 0.944602
0.0979601 0.416036
0.0982597 0.45063
0.0989735 0.446842
0.0997948 0.25136
0.100414 0.66515
0.100432 0.959226
0.101958 0.609674
0.102595 0.320929
0.102943 0.170874
0.103542 0.236743
0.103799 0.553377
0.103918 0.543114
0.104526 0.776726
0.104969 0.212935
0.105449 0.285725
0.105504 0.204103
0.105627 0.27629
0.10628 0.24335
0.10876 0.929066
0.108849 0.425945
0.109023 0.351927
0.109262 0.368475
0.109374 0.241998
0.109625 0.465553
0.109955 0.0162802
0.110531 0.687043
0.111421 0.64505
0.111499 0.969632
0.113118 0.174311
0.113728 0.421086
0.114889 0.945866
0.114967 0.257018
0.11555 0.0572053
0.115984 0.339165
0.118366 0.373673
0.118761 0.0218919
0.11885 0.506609
0.120015 0.0970286
0.120952 0.833494
0.121082 0.0270293
0.121318 0.988315
0.122911 0.772522
0.124431 0.315553
0.125193 0.120385
0.126134 0.931412
0.126241 0.726718
0.126519 0.396439
0.126691 0.303333
0.127171 0.368555
0.127653 0.471007
0.127738 0.891188
0.128621 0.735783
0.129036 0.702434
0.129364 0.220407
0.129387 0.607249
0.129766 0.985325
0.130129 0.0835149
0.1304 0.625838
0.132641 0.292838
0.133486 0.505235
0.133926 0.902665
0.134383 0.582689
0.136832 0.742833
0.13779 0.832862
0.138015 0.610243
0.138631 0.962878
0.139415 0.143658
0.13943 0.395644
0.139582 0.96029
0.140065 0.0720792
0.140178 0.969418
0.140678 0.369288
0.141443 0.23472
0.141519 0.513071
0.14169 0.38279
0.141781 0.916899
0.142944 0.464657
0.143947 0.313531
0.144031 0.728703
0.145602 0.136563
0.14584 0.124568
0.146139 0.16403
0.146614 0.145643
0.147018 0.938149
0.147075 0.885718
0.148429 0.64167
0.148572 0.042471
0.148715 0.456945
0.148901 0.575628
0.149004 0.305843
0.149466 0.0716201
0.149561 0.66611
0.150004 0.124491
0.150432 0.305662
0.150842 0.207127
0.152541 0.74815
0.153292 0.372788
0.153469 0.347943
0.153469 0.356458
0.153802 0.952899
0.153981 0.966866
0.154679 0.696316
0.155221 0.804566
0.156703 0.704277
0.158685 0.0159578
0.159029 0.805984
0.159346 0.132204
0.160364 0.245202
0.160422 0.205693
0.161823 0.758792
0.162092 0.279522
0.16259 0.644736
0.164118 0.322991
0.165211 0.707696
0.165291 0.0392042
0.166357 0.956581
0.168408 0.435439
0.168991 0.225766
0.169756 0.0890295
0.170247 0.339635
0.171176 0.949289
0.17298 0.282207
0.174166 0.204269
0.174767 0.311508
0.175015 0.473806
0.175451 0.799264
0.176231 0.919891
0.17639 0.578915
0.17643 0.259849
0.176648 0.915147
0.176931 0.681108
0.17699 0.667364
0.177178 0.82629
0.177637 0.544953
0.177859 0.283617
0.17796 0.970567
0.178644 0.476371
0.179514 0.0886721
0.179933 0.135144
0.180093 0.823603
0.180267 0.747245
0.180302 0.334755
0.180535 0.260047
0.180795 0.616862
0.181274 0.668067
0.181282 0.808088
0.18258 0.629211
0.183186 0.809369
0.18328 0.381052
0.18344 0.07114
0.184081 0.850938
0.185394 0.918748
0.186319 0.46443
0.186435 0.407248
0.187447 0.428184
0.188333 0.320302
0.188928 0.313714
0.190137 0.632456
0.19093 0.959291
0.191723 0.284381
0.192168 0.764716
0.192353 0.878186
0.192686 0.480403
0.192894 0.96241
0.19385 0.0285212
0.194395 0.198279
0.195179 0.371671
0.195639 0.111707
0.195816 0.0810787
0.195844 0.553361
0.195869 0.967744
0.196104 0.927378
0.196109 0.00651025
0.196602 0.296952
0.19713 0.167061
0.197654 0.971703
0.19796 0.115999
0.198562 0.2232
0.199062 0.637087
0.199756 0.305827
0.19981 0.211831
0.200157 0.0414748
0.200324 0.847314
0.200403 0.165776
0.200558 0.777811
0.201081 0.565978
0.201582 0.992747
0.201934 0.908794
0.20218 0.0336426
0.202578 0.72421
0.204043 0.3555
0.204306 0.771161
0.204934 0.322312
0.204953 0.64695
0.205669 0.674397
0.206147 0.711483
0.206263 0.668271
0.206899 0.355226
0.207032 0.592597
0.207753 0.696593
0.207781 0.175786
0.208209 0.36055
0.209986 0.228088
0.210508 0.015778
0.211317 0.605822
0.211801 0.741983
0.212774 0.098116
0.213269 0.413375
0.213987 0.486246
0.214192 0.921936
0.214319 0.0650387
0.215352 0.417954
0.21538 0.88619
0.216975 0.692029
0.217093 0.679771
0.2173 0.167326
0.217426 0.272298
0.218949 0.874927
0.219701 0.507744
0.223442 0.395978
0.223514 0.59256
0.223828 0.876212
0.224997 0.526519
0.226083 0.782081
0.226143 0.787574
0.227221 0.911214
0.227324 0.639715
0.227394 0.809601
0.227851 0.486643
0.227927 0.772484
0.228015 0.248662
0.228299 0.0253382
0.228338 0.675913
0.228493 0.285882
0.229005 0.884229
0.22974 0.245877
0.230262 0.0214754
0.230427 0.785436
0.230599 0.680097
0.231545 0.569364
0.231759 0.167232
0.233536 0.0375094
0.234627 0.373135
0.235659 0.719007
0.235819 0.402066
0.236579 0.183388
0.237012 0.46055
0.237577 0.958084
0.23797 0.564189
0.238052 0.933522
0.238315 0.368545
0.238397 0.743677
0.238601 0.162909
0.238716 0.107253
0.239689 0.4552
0.240495 0.00345891
0.240599 0.741954
0.241485 0.646593
0.241863 0.983362
0.244609 0.14623
0.244811 0.534313
0.245042 0.426648
0.245043 0.437894
0.245698 0.452053
0.246491 0.781769
0.246918 0.952147
0.247653 0.297251
0.248214 0.739828
0.248746 0.681392
0.249239 0.954475
0.24939 0.498992
0.249621 0.384237
0.249673 0.257597
0.25034 0.468026
0.250399 0.454806
0.250931 0.402498
0.251716 0.596402
0.252401 0.110142
0.252554 0.673403
0.252604 0.513439
0.252741 0.81411
0.254141 0.354169
0.254344 0.756362
0.255337 0.443966
0.255404 0.57515
0.256667 0.796757
0.257654 0.391932
0.257886 0.284517
0.258577 0.906832
0.259755 0.706834
0.259985 0.560445
0.26118 0.644552
0.261741 0.0841547
0.261972 0.971278
0.262378 0.784429
0.263227 0.0537867
0.264517 0.738715
0.266624 0.148974
0.266922 0.161818
0.267262 0.865934
0.267314 0.739561
0.268267 0.763778
0.268993 0.973251
0.269306 0.233964
0.270079 0.216329
0.270919 0.329621
0.271596 0.722467
0.271809 0.289593
0.273244 0.411519
0.273968 0.57484
0.275767 0.816424
0.275968 0.199896
0.276632 0.349898
0.277842 0.698364
0.277845 0.74882
0.278611 0.617383
0.278781 0.472896
0.279468 0.0246486
0.279908 0.41678
0.28016 0.650963
0.28097 0.258209
0.281122 0.81931
0.281261 0.161023
0.281947 0.687543
0.282059 0.561066
0.282062 0.61027
0.282159 0.250497
0.282411 0.473747
0.28257 0.150318
0.283387 0.881441
0.283833 0.389198
0.285292 0.898217
0.285319 0.355402
0.285469 0.884196
0.28795 0.568049
0.288068 0.566325
0.289006 0.319382
0.289064 0.291245
0.289143 0.62485
0.290048 0.829693
0.290468 0.902892
0.290888 0.950858
0.291151 0.378157
0.291938 0.608971
0.292666 0.845852
0.292985 0.203048
0.294047 0.047812
0.294441 0.662495
0.294833 0.263043
0.295746 0.603424
0.296425 0.0184416
0.296429 0.0832283
0.296848 0.124245
0.29793 0.309604
0.298412 0.406328
0.298905 0.691416
0.299127 0.434792
0.299162 0.00949792
0.299572 0.912927
0.299862 0.782807
0.300075 0.362291
0.300992 0.766417
0.301113 0.799301
0.301277 0.565633
0.301312 0.144737
0.301901 0.0536327
0.302044 0.451241
0.302225 0.498649
0.303863 0.0227375
0.305181 0.182374
0.306022 0.318355
0.306122 0.99013
0.306306 0.0806846
0.306452 0.540364
0.307086 0.199714
0.307208 0.248126
0.307676 0.102552
0.308714 0.556835
0.309119 0.371145
0.309332 0.949228
0.309483 0.487437
0.310248 0.346076
0.310665 0.345221
0.311131 0.183581
0.311363 0.0734504
0.311363 0.0810185
0.311542 0.0935602
0.311799 0.410045
0.312242 0.847812
0.312717 0.841626
0.313431 0.828955
0.314688 0.960958
0.314739 0.821843
0.314859 0.832328
0.315294 0.13912
0.315786 0.421837
0.31659 0.921722
0.316893 0.0190204
0.317534 0.791556
0.317676 0.181933
0.317801 0.281051
0.317882 0.634653
0.318113 0.52979
0.318258 0.960574
0.318563 0.0938818
0.318574 0.270476
0.319317 0.764828
0.319432 0.685216
0.319555 0.762358
0.319637 0.138147
0.32005 0.0841754
0.320091 0.763676
0.321377 0.377987
0.322551 0.118572
0.322649 0.762868
0.323463 0.445608
0.323941 0.48253
0.324108 0.283235
0.325569 0.84286
0.325972 0.618053
0.326049 0.90877
0.326503 0.532077
0.330615 0.648966
0.331478 0.152121
0.331804 0.638022
0.332005 0.0055523
0.332125 0.0318071
0.332365 0.0641169
0.335398 0.0269761
0.335666 0.545577
0.335741 0.805701
0.336438 0.520304
0.337119 0.95409
0.337314 0.240891
0.337523 0.751636
0.33758 0.712245
0.337722 0.0905842
0.337899 0.0752171
0.338008 0.902995
0.338242 0.840684
0.338328 0.271571
0.338787 0.996683
0.339278 0.24685
0.33936 0.618335
0.33945 0.131454
0.339658 0.637253
0.340581 0.136978
0.345519 0.144092
0.347993 0.724035
0.349052 0.516283
0.349083 0.0317986
0.34933 0.183296
0.349522 0.417402
0.349595 0.647723
0.350037 0.0739694
0.351007 0.367789
0.351814 0.931537
0.353053 0.762577
0.353476 0.878414
0.35355 0.109337
0.353777 0.936189
0.353945 0.756899
0.35399 0.505874
0.355487 0.67068
0.355495 0.80491
0.355619 0.895169
0.355673 0.788792
0.355933 0.166072
0.356273 0.886068
0.35664 0.0518855
0.357078 0.415247
0.357287 0.924755
0.358148 0.397269
0.358707 0.787926
0.35878 0.00843293
0.359007 0.829744
0.359354 0.661884
0.359419 0.752105
0.360308 0.696987
0.360494 0.817228
0.360539 0.583774
0.361092 0.880616
0.361929 0.939718
0.362444 0.599486
0.362921 0.606574
0.36319 0.138957
0.363746 0.473476
0.363969 0.225617
0.363986 0.517173
0.364047 0.533951
0.364259 0.0988077
0.365137 0.863152
0.365362 0.63255
0.365372 0.805223
0.365718 0.622305
0.365859 0.990314
0.366662 0.487209
0.366847 0.591366
0.367322 0.586832
0.368125 0.0687469
0.369069 0.937188
0.369593 0.753303
0.372866 0.762403
0.374284 0.584987
0.374884 0.677881
0.37511 0.478272
0.375927 0.206482
0.376731 0.723874
0.377278 0.918614
0.377719 0.323854
0.379588 0.742273
0.379633 0.488181
0.380279 0.349311
0.380484 0.793947
0.381038 0.104125
0.382679 0.681315
0.383012 0.275604
0.383589 0.988238
0.383614 0.408459
0.384484 0.0257065
0.384752 0.5196
0.385703 0.511479
0.386212 0.0655514
0.38669 0.0928471
0.387476 0.301497
0.38836 0.166801
0.388504 0.58878
0.388543 0.234369
0.389138 0.249845
0.389286 0.72466
0.389731 0.206974
0.389805 0.451422
0.389843 0.0904839
0.3914 0.262544
0.391856 0.918862
0.392044 0.0852619
0.392703 0.155113
0.393562 0.598967
0.395758 0.500721
0.395889 0.701238
0.396034 0.148144
0.396214 0.164615
0.396525 0.394109
0.398035 0.774155
0.398096 0.796131
0.399407 0.837691
0.400511 0.381568
0.400705 0.657131
0.400714 0.793169
0.401098 0.254494
0.40124 0.648377
0.40153 0.520675
0.402067 0.534274
0.402123 0.47703
0.402931 0.0550687
0.403722 0.352767
0.404112 0.913291
0.40442 0.0791878
0.405167 0.642044
0.407132 0.671772
0.407227 0.256103
0.407365 0.584057
0.408106 0.0379079
0.409353 0.993059
0.409483 0.185772
0.411726 0.874765
0.411828 0.593506
0.41191 0.972912
0.41352 0.0318006
0.413539 0.353316
0.41369 0.887635
0.41427 0.640058
0.416385 0.18407
0.41717 0.372175
0.417412 0.439547
0.417602 0.644069
0.417808 0.0931816
0.418162 0.0465677
0.41833 0.868389
0.419638 0.861222
0.419903 0.310771
0.420457 0.620316
0.420941 0.751076
0.42097 0.245875
0.422565 0.0571921
0.423087 0.819126
0.423773 0.350201
0.423988 0.968926
0.424171 0.0491187
0.424187 0.311811
0.424631 0.769081
0.425201 0.353761
0.427343 0.357807
0.427525 0.419819
0.427554 0.891968
0.428236 0.360268
0.428544 0.545011
0.429077 0.495552
0.429309 0.387801
0.429481 0.289553
0.429661 0.318937
0.430183 0.0805022
0.430781 0.128879
0.430846 0.224681
0.431354 0.775044
0.431512 0.423072
0.432733 0.950238
0.432884 0.484291
0.433071 0.622282
0.434333 0.833159
0.434728 0.469591
0.434741 0.698536
0.435128 0.192803
0.43517 0.898647
0.4363 0.892596
0.436305 0.985777
0.436521 0.606936
0.436651 0.785265
0.436852 0.171124
0.437521 0.414784
0.437614 0.98329
0.438957 0.545883
0.43904 0.946905
0.439232 0.167769
0.440802 0.553379
0.441537 0.920835
0.441719 0.966904
0.442016 0.958422
0.44224 0.734559
0.443843 0.67444
0.444784 0.479347
0.445051 0.971182
0.446172 0.807586
0.446394 0.545812
0.446434 0.213965
0.44659 0.837904
0.447495 0.0478497
0.448419 0.583099
0.44889 0.489414
0.449431 0.581018
0.449432 0.59689
0.450265 0.611194
0.450394 0.769925
0.45104 0.634382
0.452315 0.0579014
0.452357 0.763503
0.452815 0.459423
0.453808 0.150266
0.454641 0.144848
0.455449 0.735275
0.45551 0.761547
0.455859 0.618012
0.456643 0.805013
0.457023 0.186517
0.45714 0.160187
0.457292 0.711771
0.457688 0.35628
0.457766 0.679038
0.458541 0.703322
0.458628 0.158369
0.458748 0.172861
0.458781 0.726874
0.458878 0.360003
0.459432 0.667058
0.460377 0.54871
0.460814 0.900708
0.46092 0.675368
0.461067 0.148712
0.462023 0.214315
0.462832 0.814471
0.463245 0.758049
0.463663 0.78879
0.463668 0.86386
0.463983 0.155081
0.46605 0.909803
0.467161 0.568431
0.467755 0.559065
0.46896 0.806141
0.469979 0.940356
0.470199 0.63038
0.470545 0.449872
0.470562 0.739018
0.470574 0.943153
0.472555 0.237608
0.472854 0.251673
0.473323 0.14214
0.473358 0.726175
0.474068 0.66772
0.474213 0.106213
0.47445 0.0785335
0.475579 0.0525405
0.476129 0.293628
0.477448 0.471218
0.478472 0.685568
0.478552 0.031672
0.478674 0.075317
0.479911 0.864071
0.480358 0.38457
0.480522 0.127627
0.480639 0.0995117
0.481913 0.508318
0.482039 0.623832
0.482227 0.784809
0.482328 0.493877
0.482804 0.494805
0.483736 0.15332
0.484294 0.530257
0.484964 0.795635
0.485136 0.682775
0.48559 0.318814
0.486049 0.0227244
0.487666 0.195558
0.489033 0.180188
0.490042 0.13802
0.490175 0.370202
0.491807 0.808193
0.492075 0.301218
0.49306 0.863294
0.493516 0.52909
0.493955 0.899103
0.494405 0.472611
0.494937 0.39878
0.497122 0.124801
0.497365 0.213672
0.497708 0.97946
0.499754 0.367618
0.500135 0.767397
0.500372 0.76016
0.500809 0.0922238
0.503249 0.103166
0.504244 0.822004
0.504276 0.365311
0.50445 0.292389
0.504769 0.645954
0.507281 0.869694
0.508621 0.395463
0.508854 0.312726
0.508864 0.473268
0.511633 0.00838996
0.511759 0.12997
0.51228 0.892686
0.512784 0.358673
0.513112 0.875356
0.513655 0.997247
0.513956 0.0659562
0.51417 0.649056
0.514485 0.950333
0.514955 0.84235
0.515993 0.298362
0.516098 0.0611033
0.516326 0.886906
0.517371 0.458663
0.517553 0.515071
0.517696 0.925374
0.517901 0.359248
0.518879 0.804
0.519507 0.353398
0.520121 0.671722
0.520396 0.294132
0.520503 0.0999261
0.520936 0.374082
0.521359 0.475284
0.522259 0.614229
0.522791 0.543083
0.524016 0.132351
0.525588 0.556561
0.525753 0.334233
0.52686 0.942357
0.526985 0.0436279
0.527398 0.976531
0.527517 0.97112
0.527573 0.927135
0.527691 0.895271
0.527761 0.0826174
0.527849 0.56436
0.527914 0.64231
0.528474 0.066667
0.528952 0.1042
0.529059 0.886616
0.529877 0.64193
0.530708 0.606137
0.531135 0.78165
0.531684 0.0111772
0.532441 0.740415
0.533013 0.356322
0.535122 0.799241
0.535386 0.240431
0.535864 0.265864
0.535919 0.194119
0.536168 0.376397
0.536718 0.623879
0.537821 0.151579
0.538302 0.237001
0.538681 0.608308
0.538805 0.691421
0.53908 0.311828
0.539785 0.172557
0.540011 0.972244
0.541799 0.00806477
0.542378 0.746651
0.542721 0.506992
0.542742 0.86659
0.543287 0.0300317
0.543725 0.390607
0.544384 0.469185
0.544521 0.770575
0.544639 0.752463
0.544937 0.759421
0.545089 0.315709
0.545293 0.746351
0.545856 0.200097
0.547503 0.889932
0.548325 0.690952
0.548436 0.569319
0.548668 0.459604
0.549316 0.345911
0.549431 0.281991
0.550137 0.158115
0.550185 0.95606
0.550428 0.0482652
0.551954 0.687263
0.552536 0.470185
0.553579 0.00615975
0.55408 0.422802
0.554348 0.934367
0.554788 0.327766
0.556273 0.28187
0.55646 0.424682
0.557055 0.41937
0.557464 0.289177
0.557503 0.9574
0.557816 0.218168
0.558686 0.834837
0.559045 0.869484
0.560547 0.115887
0.561327 0.222841
0.561823 0.565469
0.561862 0.214541
0.562928 0.122988
0.563285 0.135338
0.563934 0.0419156
0.564131 0.354536
0.564286 0.95534
0.564778 0.231334
0.564893 0.159611
0.565041 0.650494
0.565845 0.155418
0.566717 0.819185
0.567223 0.320877
0.567476 0.574226
0.567586 0.424865
0.567672 0.86581
0.567751 0.189249
0.568352 0.296128
0.5706 0.0676652
0.571039 0.460375
0.571131 0.996339
0.574784 0.390551
0.57479 0.487911
0.575443 0.463189
0.5755 0.428783
0.575836 0.0721274
0.576021 0.182733
0.576132 0.0585577
0.576219 0.516258
0.576291 0.719578
0.57683 0.788376
0.578097 0.0734703
0.579915 0.636624
0.580321 0.453517
0.581323 0.294118
0.582422 0.765078
0.582721 0.791054
0.582979 0.125266
0.583519 0.199229
0.583803 0.978464
0.58413 0.477099
0.585524 0.900335
0.58553 0.000754754
0.585815 0.799603
0.586455 0.554693
0.586461 0.643742
0.586543 0.0359588
0.58688 0.68522
0.587364 0.821889
0.587596 0.720994
0.588168 0.343632
0.589085 0.748792
0.589144 0.735517
0.589799 0.754763
0.590349 0.0037392
0.590599 0.189078
0.593131 0.751911
0.593978 0.98241
0.594089 0.85994
0.594286 0.159976
0.594328 0.878311
0.594509 0.910521
0.594692 0.981205
0.594874 0.041988
0.595389 0.700113
0.59543 0.395368
0.596251 0.197436
0.596466 0.808077
0.597108 0.587664
0.597739 0.201841
0.598359 0.611468
0.59854 0.661208
0.598766 0.464526
0.598803 0.0768143
0.599286 0.205062
0.599458 0.0836479
0.600549 0.431577
0.600784 0.382852
0.60109 0.513483
0.601593 0.976457
0.602112 0.703595
0.602343 0.575088
0.603038 0.253573
0.603712 0.586124
0.604664 0.584061
0.604777 0.489414
0.6048 0.875348
0.605399 0.93793
0.606287 0.869617
0.606351 0.934895
0.606447 0.547159
0.606874 0.733362
0.607204 0.274095
0.60764 0.600313
0.608798 0.0713488
0.609058 0.432139
0.610159 0.946292
0.610706 0.134168
0.610831 0.228786
0.611173 0.988947
0.611775 0.0989333
0.612035 0.46676
0.613167 0.494784
0.613354 0.634074
0.613434 0.989523
0.613534 0.6614
0.614059 0.486789
0.616303 0.20535
0.616407 0.945042
0.616531 0.037242
0.616807 0.677802
0.617265 0.371506
0.618225 0.510192
0.618385 0.190958
0.618547 0.92485
0.618722 0.859206
0.619393 0.135086
0.619598 0.58812
0.620052 0.213758
0.62068 0.773863
0.620875 0.05128
0.620951 0.330993
0.622218 0.624345
0.622447 0.469244
0.623232 0.6549
0.623369 0.961033
0.623752 0.404452
0.623864 0.28217
0.623932 0.426456
0.624179 0.573438
0.624474 0.527279
0.625091 0.908832
0.625432 0.632773
0.625586 0.22795
0.625957 0.451557
0.627482 0.0849746
0.628533 0.761385
0.629146 0.0631412
0.629151 0.147001
0.629986 0.167182
0.630394 0.0318628
0.630431 0.650623
0.630983 0.929543
0.630994 0.119669
0.631527 0.0696234
0.631553 0.514725
0.631925 0.769175
0.632939 0.808449
0.633226 0.625337
0.633883 0.668759
0.633886 0.719074
0.634866 0.199201
0.634888 0.569999
0.635075 0.709202
0.635182 0.496839
0.635441 0.850147
0.635663 0.595073
0.636222 0.978671
0.636831 0.215335
0.638574 0.512377
0.638813 0.525176
0.639444 0.132247
0.639661 0.785807
0.639741 0.125744
0.63988 0.471471
0.640483 0.59632
0.640747 0.0268198
0.641447 0.806906
0.641592 0.232964
0.641651 0.236038
0.641965 0.503333
0.643348 0.744238
0.644141 0.0721296
0.644716 0.744137
0.645217 0.155551
0.646531 0.243576
0.647019 0.449908
0.647492 0.403792
0.647599 0.192203
0.647662 0.253702
0.648906 0.167459
0.649075 0.00491671
0.649146 0.189172
0.649161 0.448749
0.649377 0.0846999
0.651132 0.580235
0.651294 0.301691
0.651857 0.763161
0.652452 0.762983
0.653216 0.601876
0.653808 0.557166
0.653937 0.720304
0.654097 0.40064
0.654099 0.445516
0.65559 0.504659
0.656483 0.513796
0.656914 0.754001
0.657271 0.745971
0.65762 0.621148
0.65766 0.285333
0.657963 0.376144
0.658075 0.269569
0.658324 0.445791
0.658587 0.867008
0.658676 0.363574
0.658677 0.389041
0.658918 0.441058
0.659401 0.555954
0.659719 0.895127
0.659903 0.994604
0.660355 0.592232
0.660864 0.139707
0.661708 0.332789
0.66175 0.0320512
0.662351 0.140793
0.663097 0.67668
0.664343 0.61142
0.664497 0.195562
0.665885 0.529788
0.666351 0.355734
0.666358 0.484462
0.667458 0.971247
0.667621 0.707564
0.667987 0.861079
0.668334 0.68781
0.668443 0.518163
0.668491 0.321955
0.67214 0.650152
0.672799 0.729285
0.673005 0.196218
0.67562 0.153749
0.675639 0.470192
0.676345 0.328269
0.677314 0.616305
0.677563 0.797973
0.678171 0.0260048
0.679309 0.154958
0.679643 0.753145
0.679932 0.612522
0.679955 0.996953
0.680027 0.212928
0.680137 0.0614303
0.68027 0.299036
0.681907 0.807589
0.682026 0.805309
0.682383 0.814912
0.682749 0.964889
0.683259 0.534333
0.683944 0.0469609
0.684177 0.96384
0.684394 0.613675
0.685159 0.472392
0.685939 0.583634
0.686254 0.874174
0.686333 0.202105
0.686549 0.828258
0.686894 0.626658
0.688135 0.492658
0.688213 0.790975
0.689111 0.886085
0.689293 0.950922
0.690022 0.203416
0.690072 0.0369715
0.690473 0.774654
0.692315 0.743839
0.693041 0.939326
0.693216 0.881681
0.693915 0.627324
0.694067 0.190867
0.697086 0.924969
0.700415 0.871136
0.700777 0.961835
0.700839 0.99969
0.701301 0.769984
0.701444 0.175136
0.701506 0.212122
0.702254 0.777593
0.703596 0.33841
0.704001 0.140831
0.704662 0.247569
0.705805 0.463739
0.706367 0.909838
0.706811 0.371702
0.706966 0.984935
0.70903 0.671552
0.709066 0.269815
0.70952 0.898811
0.71006 0.98107
0.710249 0.153598
0.710295 0.921968
0.71155 0.0137748
0.712538 0.621416
0.712838 0.671295
0.714038 0.831287
0.71425 0.399641
0.714628 0.748361
0.715615 0.345625
0.717664 0.774488
0.718561 0.850948
0.718781 0.558902
0.719016 0.509019
0.720348 0.890549
0.720523 0.824522
0.720878 0.795775
0.722213 0.239439
0.7224 0.381648
0.72278 0.756836
0.722861 0.12188
0.723829 0.39665
0.724601 0.367824
0.724992 0.944651
0.726732 0.182402
0.72693 0.519518
0.726967 0.142427
0.728408 0.355194
0.729792 0.611125
0.731265 0.363849
0.732299 0.755091
0.732994 0.423362
0.73341 0.421772
0.733672 0.830311
0.73444 0.740267
0.734786 0.547668
0.73483 0.28056
0.735181 0.186644
0.735597 0.176398
0.736219 0.633022
0.736271 0.513026
0.736473 0.906188
0.736901 0.0901219
0.737676 0.127186
0.738054 0.473542
0.738807 0.132976
0.738844 0.745859
0.739808 0.9592
0.740213 0.753248
0.740752 0.810173
0.741147 0.453563
0.741481 0.0709396
0.742354 0.747957
0.742745 0.309013
0.743159 0.277957
0.744494 0.70729
0.744681 0.856934
0.745182 0.271901
0.745951 0.193621
0.746007 0.139508
0.747413 0.774337
0.747766 0.697325
0.748278 0.303271
0.749209 0.96015
0.749375 0.745657
0.749445 0.919753
0.749718 0.503994
0.750351 0.15767
0.751292 0.961826
0.751665 0.226928
0.753273 0.261688
0.755321 0.676347
0.755842 0.431996
0.75657 0.679325
0.756916 0.4857
0.756988 0.689208
0.757048 0.714102
0.757975 0.282074
0.758544 0.853535
0.75914 0.872086
0.759311 0.744786
0.759316 0.830947
0.759498 0.885023
0.759854 0.866404
0.75989 0.475335
0.759925 0.0650126
0.760773 0.306719
0.760893 0.336285
0.761061 0.154873
0.761352 0.0439358
0.76335 0.620296
0.763427 0.925477
0.763492 0.00504596
0.763533 0.693461
0.763701 0.525292
0.763954 0.779722
0.764925 0.0988603
0.768219 0.453831
0.769296 0.549837
0.769451 0.163899
0.769519 0.307683
0.769952 0.583296
0.770019 0.708532
0.771372 0.444534
0.771507 0.711293
0.772256 0.301229
0.772406 0.827941
0.772454 0.629736
0.77249 0.243512
0.772804 0.517224
0.773263 0.230581
0.773854 0.160193
0.773949 0.757336
0.775409 0.301307
0.775953 0.434524
0.778114 0.762033
0.778324 0.296445
0.778609 0.0873335
0.779962 0.824517
0.780735 0.805615
0.780806 0.013435
0.781388 0.796115
0.781499 0.659526
0.782139 0.406485
0.782973 0.426573
0.784125 0.792532
0.784287 0.507328
0.785505 0.979544
0.785531 0.418126
0.78664 0.0550828
0.786947 0.225808
0.787083 0.505168
0.788513 0.54282
0.790337 0.198521
0.790504 0.00454032
0.790547 0.724879
0.791157 0.972743
0.792191 0.346351
0.793057 0.905167
0.793837 0.0110249
0.793854 0.305492
0.795103 0.300064
0.795141 0.930095
0.795151 0.103183
0.795735 0.921676
0.797266 0.645472
0.797273 0.774341
0.797467 0.0327564
0.797912 0.506415
0.798151 0.522884
0.79898 0.451849
0.799513 0.419326
0.799944 0.660784
0.801282 0.147735
0.801718 0.468231
0.802367 0.389992
0.802407 0.0476969
0.80317 0.871219
0.803409 0.893636
0.805203 0.0539977
0.805957 0.714825
0.807461 0.993778
0.808044 0.790053
0.808281 0.773737
0.808659 0.131582
0.808743 0.549329
0.810132 0.89423
0.810226 0.469717
0.810318 0.0137113
0.810614 0.985491
0.813139 0.42181
0.813513 0.704561
0.813734 0.432456
0.814212 0.462703
0.814812 0.550462
0.814868 0.490573
0.814903 0.0796251
0.815257 0.0165914
0.815313 0.957423
0.815924 0.241828
0.816502 0.955338
0.817101 0.00992935
0.817723 0.476211
0.817772 0.30151
0.818644 0.957537
0.819195 0.215059
0.819986 0.499938
0.820529 0.6246
0.820727 0.960535
0.82076 0.519079
0.821141 0.919437
0.821346 0.360731
0.821422 0.637133
0.82222 0.0499024
0.822587 0.226637
0.823058 0.132898
0.823577 0.852421
0.825168 0.591587
0.825863 0.278814
0.826447 0.0866239
0.827185 0.494284
0.827709 0.302174
0.827854 0.743641
0.827978 0.831098
0.82878 0.307417
0.829705 0.844403
0.829736 0.381386
0.829885 0.87396
0.830252 0.0422108
0.830966 0.052878
0.830978 0.244084
0.831374 0.90884
0.832094 0.00338242
0.83231 0.632251
0.833134 0.482788
0.833774 0.240931
0.83386 0.682524
0.835282 0.589687
0.83566 0.941796
0.836927 0.227869
0.837269 0.97456
0.837575 0.117988
0.837695 0.138396
0.837994 0.158949
0.839182 0.130161
0.83922 0.768542
0.839945 0.963591
0.840898 0.978597
0.841181 0.721439
0.841425 0.822668
0.841793 0.00886475
0.842588 0.368305
0.843599 0.37351
0.844586 0.962369
0.844743 0.601953
0.844794 0.445972
0.845023 0.309639
0.845106 0.69079
0.846385 0.196995
0.847698 0.256462
0.848196 0.622585
0.848273 0.927131
0.848389 0.880311
0.84855 0.575501
0.848661 0.446403
0.848842 0.48683
0.848886 0.227079
0.849078 0.448201
0.849621 0.57986
0.850851 0.260783
0.851097 0.389388
0.851294 0.705695
0.851596 0.77017
0.851883 0.596386
0.852985 0.112128
0.853777 0.434761
0.854143 0.577756
0.85418 0.199405
0.854627 0.712203
0.855214 0.587359
0.857881 0.399834
0.858115 0.338384
0.858966 0.63306
0.85945 0.777939
0.859854 0.56823
0.861165 0.602449
0.861632 0.457142
0.861926 0.38921
0.862037 0.251338
0.862288 0.478994
0.862722 0.767583
0.864527 0.111551
0.864604 0.407512
0.865991 0.715566
0.866351 0.754135
0.868193 0.722522
0.868388 0.989084
0.869046 0.0600235
0.869313 0.551397
0.869579 0.00796628
0.869619 0.679453
0.869785 0.475502
0.870234 0.0196522
0.870637 0.788562
0.870777 0.144001
0.871861 0.375474
0.872369 0.901818
0.874413 0.265464
0.874887 0.231135
0.875064 0.197634
0.875204 0.548542
0.875945 0.00541445
0.877608 0.962825
0.880662 0.278419
0.880778 0.244325
0.881262 0.37773
0.881438 0.335347
0.882437 0.126626
0.882564 0.251885
0.883216 0.204841
0.883294 0.515837
0.883514 0.219588
0.883933 0.258444
0.884323 0.813107
0.885061 0.219749
0.886206 0.460635
0.888164 0.366534
0.888241 0.673671
0.888906 0.848662
0.889205 0.870694
0.889387 0.928793
0.889428 0.622491
0.89001 0.405093
0.892675 0.193792
0.892688 0.405879
0.893042 0.354733
0.894129 0.623944
0.895822 0.072828
0.896186 0.191288
0.898241 0.7429
0.898466 0.518787
0.898565 0.188198
0.899828 0.407051
0.901307 0.26738
0.90135 0.994653
0.901414 0.0700898
0.901638 0.822122
0.902187 0.050632
0.903917 0.130892
0.90423 0.391128
0.904673 0.843546
0.904756 0.230128
0.905263 0.750774
0.905301 0.391245
0.905303 0.435942
0.905304 0.446194
0.905557 0.703747
0.907359 0.98339
0.907425 0.0898041
0.909804 0.0806727
0.909823 0.392577
0.91019 0.56417
0.910548 0.585246
0.912023 0.367977
0.912448 0.521521
0.91327 0.336049
0.913996 0.531739
0.914206 0.0539419
0.914792 0.9009
0.915693 0.0478356
0.916358 0.228258
0.916378 0.571405
0.91676 0.984794
0.918073 0.0476341
0.918675 0.172749
0.918717 0.883148
0.919438 0.990229
0.919629 0.211085
0.920834 0.451218
0.921488 0.45417
0.922529 0.946997
0.9236 0.940767
0.923686 0.391095
0.9238 0.300502
0.924286 0.477274
0.925754 0.149574
0.926724 0.455791
0.927498 0.463796
0.927668 0.31038
0.92839 0.456623
0.929089 0.207345
0.930894 0.53775
0.93132 0.691694
0.936484 0.491161
0.936691 0.973348
0.936959 0.474316
0.937044 0.8974
0.93711 0.999948
0.937556 0.50258
0.938348 0.822473
0.938645 0.810445
0.939162 0.496118
0.93918 0.803656
0.939437 0.113277
0.939995 0.496836
0.941251 0.600672
0.941554 0.700099
0.941817 0.115611
0.942309 0.383842
0.942602 0.304953
0.944856 0.199787
0.945051 0.480789
0.94514 0.969615
0.946155 0.0354903
0.947155 0.841335
0.947359 0.269527
0.947378 0.575155
0.947871 0.870026
0.947913 0.575354
0.947971 0.555317
0.947998 0.00311081
0.948052 0.904638
0.948103 0.770274
0.949377 0.172889
0.950324 0.103902
0.950553 0.947088
0.950567 0.17154
0.951626 0.973016
0.951703 0.272733
0.953782 0.215993
0.953979 0.528887
0.954335 0.515582
0.955014 0.923322
0.956131 0.700683
0.956227 0.308893
0.958961 0.266037
0.959044 0.658215
0.960048 0.534028
0.960285 0.510582
0.960428 0.919296
0.960442 0.141142
0.961135 0.791217
0.962007 0.442987
0.96228 0.0466685
0.962345 0.132875
0.963701 0.918386
0.964193 0.193715
0.964934 0.644412
0.966851 0.872837
0.967856 0.755983
0.969794 0.327054
0.970176 0.745139
0.971285 0.379301
0.971523 0.386989
0.971536 0.597581
0.971582 0.384898
0.972412 0.324155
0.972467 0.258099
0.972529 0.293786
0.972571 0.00394284
0.974263 0.438434
0.974481 0.109995
0.97464 0.769301
0.975352 0.735585
0.975779 0.922767
0.976234 0.558118
0.977053 0.325171
0.977154 0.0250271
0.977509 0.991577
0.979167 0.852732
0.979339 0.754272
0.979929 0.661955
0.980273 0.45544
0.98128 0.370048
0.981439 0.0431205
0.983349 0.143624
0.984762 0.898627
0.987547 0.704517
0.987743 0.0024243
0.989091 0.649503
0.98967 0.382861
0.989798 0.540771
0.989903 0.297556
0.990766 0.799169
0.990985 0.482399
0.991158 0.3875
0.991715 0.749247
0.992402 0.296538
0.992729 0.792739
0.992798 0.952349
0.993148 0.833372
0.994313 0.417906
0.995717 0.0145191
0.995965 0.178562
0.995987 0.546989
0.996589 0.676009
0.996628 0.318178
0.998019 0.699104
0.999469 0.0749259
0.999724 0.356169
0.999931 0.845783
