0.00960789 0.479779
0.0964286 0.674693
0.110018 0.080322
0.113071 0.377485
0.12174 0.0768218
0.129482 0.196307
0.143302 0.477641
0.161029 0.416796
0.23841 0.96316
0.300122 0.146196
0.338085 0.189549
0.339119 0.575679
0.359379 0.0898531
0.377364 0.357672
0.382317 0.600133
0.38262 0.687578
0.389172 0.811895
0.390967 0.975881
0.420038 0.579863
0.428873 0.073511
0.429473 0.148787
0.432877 0.368203
0.440268 0.585675
0.450735 0.499657
0.498631 0.483873
0.52567 0.939871
0.562612 0.813047
0.628767 0.681199
0.635205 0.896524
0.639058 0.646495
0.644898 0.799035
0.670197 0.995401
0.698066 0.40274
0.708588 0.238019
0.710114 0.87906
0.740759 0.932843
0.743126 0.718919
0.749145 0.880784
0.793382 0.374249
0.803268 0.522215
0.833474 0.19808
0.849278 0.819527
0.859213 0.794278
0.861622 0.277198
0.869494 0.586862
0.878192 0.76936
0.878413 0.486471
0.879162 0.072869
0.908691 0.3624
0.972476 0.408177
