0.00233143 0.184385
0.00385138 0.730155
0.00469263 0.869015
0.00612094 0.874626
0.00673526 0.199548
0.00803145 0.984662
0.00842228 0.55324
0.00871998 0.556661
0.00933968 0.972064
0.00966541 0.446617
0.00986052 0.725827
0.0102047 0.511118
0.0105379 0.110611
0.0111148 0.807287
0.0112112 0.426359
0.0124988 0.067859
0.0133226 0.912315
0.0134026 0.257026
0.0144455 0.78573
0.0156057 0.284221
0.0160757 0.183579
0.0189245 0.0635528
0.0191288 0.496981
0.0223271 0.251248
0.022769 0.678864
0.0243061 0.513301
0.02474 0.805404
0.0249388 0.146355
0.0252669 0.661606
0.0266024 0.106607
0.0294448 0.878781
0.0295584 0.788282
0.0303889 0.746846
0.0314376 0.37201
0.0352 0.605716
0.0356921 0.876561
0.0389875 0.262711
0.0398956 0.526002
0.0400796 0.617434
0.0409575 0.373168
0.0410752 0.351588
0.0411488 0.587435
0.0416865 0.625623
0.0425883 0.780941
0.0434983 0.0754356
0.0454966 0.660836
0.0473011 0.989073
0.0474164 0.927665
0.0476007 0.0249349
0.0479897 0.563366
0.0490951 0.1411
0.0503213 0.750435
0.0505912 0.287146
0.0512166 0.797287
0.0527359 0.33239
0.0533647 0.899961
0.053539 0.829386
0.0561564 0.820453
0.0565101 0.764815
0.0570236 0.39514
0.0576826 0.471222
0.0596645 0.780727
0.0609723 0.761296
0.0624128 0.972146
0.0646835 0.136183
0.0651049 0.218734
0.066009 0.412957
0.0689577 0.972799
0.0700366 0.104336
0.0721399 0.455655
0.0726195 0.516009
0.0726729 0.412841
0.0728494 0.379919
0.0731146 0.836895
0.0739065 0.147311
0.0747205 0.827163
0.0748576 0.132436
0.077922 0.634336
0.0797205 0.8631
0.0805278 0.431536
0.0814909 0.61725
0.0841996 0.142465
0.0843856 0.269405
0.0847399 0.222963
0.0867271 0.621837
0.0868737 0.0861264
0.0871904 0.408527
0.0876135 0.519629
0.0880521 0.891114
0.0880893 0.516597
0.088499 0.401846
0.0888188 0.776777
0.0902714 0.191762
0.0903919 0.215817
0.0909766 0.0433502
0.0926669 0.453345
0.0929606 0.389506
0.0934765 0.0597615
0.0935588 0.441992
0.0941697 0.710228
0.0959088 0.939799
0.0962857 0.274079
0.0973165 0.59889
0.0997664 0.773951
0.0998334 0.900604
0.0999055 0.111555
0.100021 0.0611971
0.1021 0.988013
0.103026 0.56104
0.105703 0.545751
0.106125 0.639196
0.106396 0.201774
0.106764 0.380411
0.107563 0.81597
0.108539 0.21871
0.111559 0.977903
0.112801 0.843144
0.113064 0.266608
0.114308 0.166818
0.115257 0.128315
0.115475 0.7865
0.115516 0.482359
0.116894 0.638809
0.117574 0.0581231
0.118267 0.712127
0.119071 0.224706
0.119767 0.925542
0.121686 0.175122
0.121751 0.267519
0.122317 0.77547
0.125601 0.971416
0.125649 0.782776
0.126468 0.554494
0.1273 0.528515
0.127302 0.559422
0.127747 0.0425654
0.127845 0.694422
0.128351 0.198313
0.128608 0.510243
0.129763 0.927308
0.130778 0.985139
0.131685 0.226742
0.131748 0.294322
0.132347 0.356168
0.132615 0.865526
0.133035 0.91876
0.136071 0.937546
0.136577 0.446758
0.137287 0.380218
0.142735 0.948966
0.143335 0.0272319
0.144802 0.680225
0.146111 0.694502
0.147026 0.0583616
0.148509 0.996563
0.149665 0.427105
0.150256 0.349885
0.150887 0.957363
0.151765 0.716854
0.1525 0.0720145
0.153386 0.954317
0.155038 0.723332
0.155326 0.560623
0.155613 0.380242
0.156971 0.20667
0.158954 0.547058
0.160815 0.814099
0.162036 0.331052
0.162567 0.26378
0.16291 0.0308906
0.164347 0.184514
0.166217 0.603481
0.168008 0.703815
0.169587 0.244262
0.169796 0.753324
0.171924 0.527752
0.17206 0.812253
0.173024 0.0169543
0.173541 0.709765
0.173734 0.954954
0.174202 0.807166
0.175059 0.215042
0.175496 0.569317
0.175932 0.88939
0.177702 0.644526
0.178053 0.538588
0.178601 0.748143
0.178782 0.791599
0.178974 0.0155857
0.179181 0.489594
0.179329 0.990009
0.18065 0.182642
0.181301 0.130723
0.18152 0.812137
0.184977 0.916104
0.185772 0.270857
0.186441 0.513076
0.187226 0.712561
0.188176 0.667288
0.188186 0.835641
0.188771 0.67431
0.189236 0.487077
0.192248 0.119429
0.192724 0.1071
0.193048 0.556921
0.19336 0.807852
0.193419 0.797551
0.19403 0.0597758
0.194225 0.346334
0.194513 0.178037
0.195146 0.820452
0.195243 0.445691
0.195422 0.45702
0.195525 0.181357
0.195525 0.189261
0.196536 0.187807
0.197009 0.131415
0.197819 0.740618
0.1979 0.106499
0.197957 0.0568085
0.197964 0.187775
0.198348 0.629761
0.198886 0.680621
0.201595 0.204819
0.204031 0.151075
0.205325 0.892972
0.205918 0.864111
0.206069 0.39789
0.206802 0.718419
0.207142 0.433852
0.209286 0.47627
0.210323 0.898214
0.210332 0.0470248
0.212655 0.0910749
0.213026 0.331697
0.21318 0.911323
0.213349 0.761639
0.213515 0.550136
0.21365 0.809953
0.214425 0.846712
0.214901 0.834922
0.215251 0.722598
0.216592 0.261509
0.219142 0.12226
0.221204 0.779787
0.221665 0.517139
0.22275 0.763606
0.223419 0.0106938
0.223671 0.232848
0.224167 0.576478
0.224368 0.949619
0.225443 0.0122533
0.22585 0.865828
0.22726 0.563691
0.230633 0.252909
0.231478 0.453793
0.232144 0.645838
0.232425 0.363135
0.23497 0.141921
0.236056 0.395103
0.240697 0.395368
0.240812 0.330978
0.241051 0.352229
0.242006 0.399221
0.244629 0.47439
0.245622 0.177161
0.246938 0.286506
0.249011 0.13588
0.249465 0.757684
0.249708 0.848104
0.249747 0.492113
0.249892 0.926787
0.250066 0.86011
0.250939 0.526295
0.252059 0.351742
0.254719 0.0584835
0.255418 0.811272
0.255787 0.00827709
0.255948 0.720271
0.256221 0.306985
0.257464 0.199384
0.258183 0.288072
0.260059 0.810887
0.26243 0.656843
0.263264 0.670849
0.263946 0.136488
0.264801 0.507791
0.265531 0.781166
0.267172 0.351509
0.267505 0.956566
0.267684 0.957799
0.269073 0.305447
0.27003 0.392299
0.270626 0.407641
0.271765 0.549038
0.272303 0.598153
0.272648 0.402165
0.273007 0.429259
0.273102 0.0285153
0.274363 0.214919
0.277247 0.689525
0.277625 0.0392388
0.280055 0.877562
0.280117 0.921655
0.281287 0.593289
0.281345 0.559579
0.282775 0.596864
0.283836 0.43132
0.284381 0.585848
0.2851 0.667915
0.285576 0.669078
0.285895 0.0387265
0.285944 0.868603
0.2862 0.167597
0.288626 0.94356
0.288723 0.574951
0.289208 0.712215
0.291142 0.223148
0.291254 0.105578
0.293228 0.284876
0.296021 0.218908
0.296062 0.909021
0.296943 0.717193
0.298284 0.258506
0.298945 0.376724
0.299778 0.370836
0.299984 0.835484
0.30013 0.279588
0.301285 0.701545
0.302036 0.314577
0.304274 0.926777
0.304592 0.283731
0.306632 0.56182
0.308083 0.945671
0.308456 0.218052
0.308563 0.0215454
0.308753 0.209813
0.308977 0.982686
0.309816 0.0822189
0.310277 0.820761
0.312006 0.887309
0.313141 0.954802
0.318558 0.00758821
0.319246 0.561274
0.321023 0.438767
0.321133 0.285931
0.321381 0.45154
0.321889 0.994249
0.325619 0.679044
0.326409 0.952215
0.330486 0.479716
0.330489 0.530086
0.33103 0.614098
0.331064 0.18504
0.331209 0.622766
0.331813 0.775563
0.333545 0.892943
0.335621 0.783336
0.335648 0.228703
0.335679 0.762587
0.335913 0.686165
0.337064 0.030594
0.339434 0.871963
0.340738 0.783856
0.341353 0.115071
0.342605 0.163246
0.343942 0.62725
0.345109 0.239082
0.345704 0.247193
0.347396 0.691827
0.347466 0.856179
0.347771 0.990207
0.348914 0.197784
0.350199 0.787113
0.350206 0.916186
0.350932 0.121432
0.352199 0.412538
0.352327 0.556689
0.35348 0.937737
0.353823 0.69818
0.353972 0.208691
0.355076 0.754369
0.356505 0.775516
0.357232 0.00511758
0.357481 0.189744
0.359475 0.693954
0.359517 0.397239
0.35998 0.189337
0.361843 0.490462
0.362293 0.0651979
0.36602 0.693816
0.366118 0.347019
0.36699 0.000901727
0.367918 0.59974
0.368154 0.564477
0.368669 0.223987
0.370757 0.320784
0.370963 0.781064
0.372288 0.0472493
0.37299 0.836837
0.373279 0.700386
0.373945 0.888588
0.376753 0.0884657
0.376875 0.133864
0.377204 0.663538
0.381988 0.067547
0.382285 0.0646368
0.384895 0.923141
0.388124 0.206932
0.389534 0.891677
0.389677 0.302622
0.39037 0.94642
0.390666 0.921635
0.391522 0.311542
0.392071 0.543801
0.392304 0.461329
0.392533 0.296062
0.393692 0.786007
0.394805 0.489097
0.395249 0.954201
0.396792 0.880551
0.397119 0.38652
0.39723 0.243099
0.397557 0.733461
0.398993 0.876895
0.399418 0.0222054
0.400917 0.207407
0.401522 0.376968
0.402201 0.79287
0.402763 0.237419
0.403708 0.126021
0.404769 0.953011
0.405599 0.899664
0.40636 0.699503
0.408146 0.713214
0.408289 0.121145
0.409302 0.142457
0.410803 0.36402
0.412654 0.476076
0.412671 0.767429
0.413139 0.621801
0.413192 0.50982
0.413323 0.725606
0.414298 0.103285
0.416397 0.379478
0.416495 0.0356243
0.418718 0.396097
0.420247 0.0891282
0.421794 0.0916296
0.42245 0.11626
0.424096 0.787563
0.425321 0.363369
0.425725 0.159914
0.426603 0.92133
0.427945 0.463677
0.429115 0.142354
0.429545 0.368089
0.430155 0.619639
0.432075 0.891688
0.434435 0.550711
0.435023 0.439023
0.436901 0.994365
0.442914 0.0473723
0.443971 0.825933
0.446232 0.824513
0.447595 0.732476
0.448614 0.860281
0.449304 0.450187
0.449766 0.214415
0.450687 0.699677
0.450703 0.970149
0.450723 0.310017
0.451096 0.570196
0.45264 0.51796
0.453604 0.720681
0.455764 0.0262454
0.455894 0.215625
0.456013 0.218331
0.458578 0.319469
0.459372 0.667287
0.460561 0.644853
0.461405 0.831572
0.462412 0.761183
0.462755 0.51934
0.466451 0.641396
0.466675 0.403681
0.466839 0.157905
0.467179 0.874575
0.468363 0.770967
0.470629 0.861984
0.470738 0.691132
0.472252 0.143432
0.474033 0.0759131
0.474206 0.97923
0.475244 0.424716
0.47691 0.427097
0.477536 0.940142
0.47795 0.897173
0.479412 0.483227
0.479615 0.884434
0.481086 0.614133
0.484103 0.319489
0.485805 0.923984
0.486118 0.18044
0.486232 0.097744
0.486348 0.0515658
0.489285 0.404815
0.490401 0.164191
0.491993 0.922376
0.492355 0.00422376
0.492751 0.671234
0.493828 0.770879
0.493937 0.605528
0.497083 0.477036
0.49825 0.0826854
0.49827 0.415877
0.500739 0.915107
0.502598 0.168867
0.502834 0.134253
0.504157 0.370236
0.504366 0.887407
0.505811 0.161955
0.506911 0.654828
0.509975 0.142227
0.510252 0.797249
0.513588 0.869201
0.515933 0.279494
0.518712 0.995742
0.518944 0.893352
0.519089 0.321499
0.519607 0.0322869
0.523682 0.520351
0.523759 0.809699
0.523913 0.399061
0.524863 0.372782
0.525892 0.675664
0.526103 0.211406
0.526562 0.934498
0.528725 0.28407
0.531643 0.323811
0.532765 0.180947
0.534974 0.300352
0.535125 0.839719
0.535496 0.0750263
0.53728 0.0573617
0.537642 0.148531
0.53777 0.306778
0.539215 0.590874
0.539922 0.467906
0.540118 0.75999
0.540814 0.463856
0.541039 0.240353
0.541665 0.769754
0.542323 0.819187
0.542446 0.895319
0.543117 0.162607
0.543208 0.692662
0.543387 0.711918
0.544652 0.960073
0.544762 0.816707
0.545124 0.898336
0.547073 0.655041
0.547771 0.379223
0.547843 0.600888
0.548654 0.22313
0.549241 0.0894661
0.549275 0.669204
0.549611 0.305294
0.549984 0.579804
0.550501 0.264999
0.552914 0.824422
0.553538 0.310998
0.553799 0.702014
0.554481 0.159177
0.554638 0.802439
0.555235 0.840086
0.555452 0.481618
0.559273 0.703959
0.55962 0.541115
0.561 0.729262
0.561516 0.404237
0.562466 0.371517
0.562642 0.331184
0.562804 0.046793
0.562826 0.412136
0.563236 0.306596
0.564324 0.591209
0.565116 0.9105
0.565434 0.251363
0.56701 0.742144
0.567621 0.000847031
0.568121 0.402721
0.568308 0.557217
0.569488 0.387937
0.569778 0.25968
0.570513 0.617642
0.571732 0.106036
0.572927 0.184665
0.57318 0.428694
0.574056 0.158625
0.577953 0.653526
0.578881 0.248005
0.581624 0.354594
0.582049 0.491382
0.582072 0.886245
0.582743 0.156734
0.584641 0.0620159
0.584991 0.935628
0.585036 0.691929
0.585362 0.187926
0.586641 0.675544
0.587411 0.622855
0.587511 0.299444
0.587691 0.322324
0.587696 0.406575
0.588142 0.904393
0.59017 0.985539
0.590203 0.536484
0.590373 0.398353
0.591631 0.537579
0.592623 0.207253
0.593328 0.0616274
0.593823 0.377747
0.596574 0.620954
0.59671 0.901949
0.598015 0.838448
0.598181 0.630161
0.59891 0.87533
0.599231 0.278725
0.599708 0.295283
0.602221 0.529761
0.604084 0.832991
0.604578 0.135861
0.604867 0.991615
0.604993 0.124786
0.606714 0.0446132
0.606947 0.960451
0.60898 0.123038
0.60917 0.325948
0.61146 0.814099
0.61154 0.160501
0.611605 0.23712
0.614302 0.570323
0.617248 0.0887236
0.618047 0.509006
0.621163 0.895098
0.621931 0.799427
0.623173 0.670577
0.626799 0.607408
0.627526 0.837065
0.627846 0.203489
0.63007 0.578676
0.630511 0.992736
0.631314 0.492511
0.633534 0.807614
0.635215 0.0631787
0.635793 0.77402
0.636719 0.341725
0.63676 0.0222203
0.639257 0.987901
0.640787 0.711283
0.641409 0.166576
0.642914 0.462051
0.642972 0.438305
0.644458 0.403311
0.646048 0.121268
0.646417 0.33665
0.646722 0.449265
0.649132 0.967623
0.649823 0.575506
0.651136 0.642337
0.651243 0.446503
0.651612 0.650224
0.651701 0.133415
0.651722 0.487245
0.652067 0.292016
0.652533 0.116569
0.652735 0.52266
0.652886 0.0589985
0.653019 0.29129
0.653706 0.830442
0.65412 0.789548
0.655798 0.990406
0.656401 0.124631
0.656901 0.543347
0.657724 0.375586
0.657948 0.124307
0.658022 0.368825
0.658092 0.549988
0.658919 0.447789
0.658987 0.594133
0.661127 0.555415
0.661746 0.967507
0.663456 0.707211
0.663647 0.914214
0.664172 0.746014
0.664996 0.591886
0.665957 0.73317
0.666399 0.162727
0.667167 0.0679558
0.66723 0.130158
0.667747 0.823596
0.668337 0.748042
0.668892 0.0679801
0.669359 0.914807
0.669426 0.0399968
0.670442 0.122276
0.671112 0.385705
0.67214 0.650887
0.672786 0.516737
0.673506 0.612312
0.67356 0.52226
0.674489 0.132134
0.675048 0.53313
0.679989 0.575658
0.680895 0.79534
0.681831 0.535828
0.682975 0.7557
0.684457 0.673733
0.685816 0.506461
0.686386 0.0895761
0.686685 0.11056
0.68732 0.785782
0.688569 0.779736
0.689211 0.563221
0.691048 0.447827
0.691472 0.571224
0.693472 0.188407
0.693812 0.906634
0.694849 0.324321
0.695423 0.967691
0.695512 0.477664
0.698048 0.0841988
0.699798 0.497111
0.700904 0.0942549
0.702362 0.599001
0.702445 0.000930279
0.703004 0.387713
0.703024 0.717313
0.703621 0.764657
0.704863 0.638421
0.705452 0.527602
0.707652 0.514851
0.707762 0.347873
0.708059 0.345839
0.708482 0.461426
0.709068 0.301371
0.70934 0.880979
0.711907 0.0198714
0.712805 0.119888
0.713651 0.340307
0.716054 0.719364
0.716395 0.445809
0.717416 0.61248
0.719406 0.0613804
0.720723 0.1922
0.72115 0.363103
0.723061 0.49366
0.723923 0.973335
0.727499 0.0694264
0.728916 0.898874
0.730151 0.654366
0.730648 0.992134
0.731161 0.627906
0.73184 0.0436516
0.73624 0.992338
0.736488 0.15869
0.737057 0.715094
0.745768 0.13009
0.747142 0.218427
0.747845 0.0239574
0.748093 0.199263
0.748775 0.663266
0.750078 0.569023
0.750941 0.0595613
0.751658 0.124371
0.752664 0.0318021
0.754611 0.751246
0.755239 0.309182
0.755622 0.744344
0.757959 0.0136839
0.759133 0.745197
0.759343 0.281589
0.759516 0.18529
0.760556 0.65618
0.760611 0.592057
0.76229 0.814281
0.763373 0.00511904
0.764914 0.906253
0.765569 0.922205
0.766212 0.722062
0.772285 0.801005
0.772306 0.142078
0.775135 0.686551
0.77528 0.127048
0.77862 0.265556
0.778744 0.357818
0.780798 0.870432
0.781715 0.287683
0.78374 0.316462
0.789058 0.697982
0.791102 0.059116
0.7917 0.102062
0.792602 0.268321
0.793122 0.00657968
0.795872 0.218457
0.797259 0.5303
0.797266 0.650434
0.79769 0.783622
0.797859 0.609364
0.798124 0.0697841
0.798375 0.29193
0.798445 0.460665
0.800546 0.769103
0.800597 0.637447
0.801514 0.0494228
0.803186 0.145955
0.803851 0.323529
0.80412 0.851545
0.804154 0.410059
0.804609 0.0638721
0.804658 0.891581
0.805915 0.00640531
0.807977 0.663908
0.810101 0.37351
0.812918 0.71971
0.813564 0.565423
0.815934 0.410963
0.818885 0.996616
0.820524 0.551079
0.82196 0.678546
0.822092 0.900688
0.823173 0.0718969
0.823363 0.269125
0.824832 0.954222
0.825703 0.593907
0.828708 0.0886947
0.829783 0.15921
0.830734 0.151002
0.830787 0.0419329
0.830865 0.351159
0.831374 0.901789
0.833868 0.815267
0.835425 0.996312
0.836595 0.655987
0.83693 0.284774
0.838362 0.348168
0.841099 0.344569
0.841139 0.0155943
0.842036 0.100984
0.843082 0.6785
0.844074 0.346202
0.844174 0.0293875
0.846169 0.563415
0.846418 0.753286
0.846458 0.417423
0.846752 0.35958
0.846916 0.125951
0.847317 0.855909
0.84817 0.188558
0.848779 0.437556
0.8494 0.86264
0.850816 0.671786
0.852259 0.922652
0.852385 0.0282426
0.852684 0.0543839
0.853228 0.203621
0.853778 0.453513
0.855217 0.633229
0.85526 0.346634
0.855362 0.0767783
0.856034 0.358435
0.857567 0.135224
0.85767 0.865063
0.858687 0.955998
0.85946 0.946879
0.86027 0.550862
0.860439 0.394409
0.860918 0.45103
0.863347 0.276033
0.86583 0.00901212
0.867021 0.0144876
0.867585 0.501401
0.868346 0.289078
0.869288 0.121314
0.871121 0.926303
0.872125 0.800041
0.87227 0.238033
0.872825 0.563019
0.874764 0.150964
0.875451 0.701464
0.876345 0.722779
0.87843 0.781447
0.878604 0.690727
0.879998 0.121272
0.88314 0.941454
0.883258 0.91222
0.884751 0.0125836
0.886775 0.0269784
0.887549 0.0354763
0.889476 0.416625
0.889619 0.830857
0.891908 0.302439
0.892255 0.136583
0.89417 0.317259
0.896976 0.479633
0.897861 0.352685
0.89838 0.0791419
0.898442 0.114884
0.898734 0.0237154
0.899533 0.455636
0.899972 0.823278
0.900434 0.592702
0.901977 0.535324
0.90354 0.800181
0.903556 0.0699171
0.905518 0.0410412
0.906092 0.684756
0.909925 0.108962
0.91087 0.995482
0.911894 0.208729
0.912465 0.801854
0.913245 0.912658
0.914925 0.137261
0.915182 0.457542
0.915579 0.133521
0.915695 0.0833438
0.915899 0.51678
0.915902 0.572034
0.918237 0.810256
0.919733 0.948742
0.919797 0.0309412
0.920283 0.20261
0.923531 0.781518
0.924084 0.0840263
0.927224 0.857219
0.927534 0.070011
0.930431 0.752806
0.932728 0.353907
0.932882 0.948943
0.932921 0.602923
0.933232 0.828848
0.934145 0.169893
0.93641 0.249789
0.938472 0.896993
0.940801 0.0443199
0.941719 0.467558
0.941758 0.127313
0.941859 0.825964
0.945904 0.810824
0.945945 0.492681
0.947152 0.781643
0.948618 0.426841
0.948806 0.574317
0.949579 0.567569
0.949669 0.079334
0.949684 0.332016
0.949737 0.237065
0.951147 0.929199
0.951477 0.465518
0.953619 0.471277
0.953888 0.989503
0.954435 0.187475
0.954594 0.865721
0.955307 0.851727
0.958516 0.779395
0.958535 0.0959013
0.958558 0.479049
0.95941 0.812363
0.962159 0.0135421
0.965683 0.235874
0.966182 0.614996
0.966797 0.957551
0.966888 0.492537
0.967648 0.266455
0.967788 0.606438
0.968731 0.455289
0.971792 0.914121
0.972383 0.834005
0.972683 0.87576
0.975555 0.149901
0.977448 0.974775
0.977829 0.367831
0.977971 0.751203
0.979085 0.483821
0.980188 0.0118428
0.980501 0.276266
0.981457 0.345704
0.981617 0.0358067
0.982552 0.752995
0.983257 0.601508
0.983523 0.0724232
0.984764 0.920916
0.984786 0.299571
0.98571 0.829757
0.987472 0.445302
0.988349 0.182723
0.988707 0.193539
0.992617 0.914927
0.999726 0.400278
