0.0126428 0.487131
0.0210895 0.450731
0.0218259 0.828149
0.0257601 0.950357
0.032092 0.371103
0.0335607 0.0545798
0.0385103 0.242084
0.0396902 0.0734305
0.0423335 0.49937
0.0451105 0.172283
0.0498908 0.514972
0.0558806 0.185771
0.0565773 0.894012
0.0600224 0.797146
0.061343 0.992197
0.0674994 0.46317
0.0688607 0.342104
0.0696113 0.957781
0.0696946 0.357355
0.0733887 0.443246
0.0784546 0.585902
0.0803709 0.792868
0.0810316 0.897374
0.0923325 0.832501
0.0972512 0.500882
0.103459 0.832371
0.107775 0.366324
0.109915 0.346656
0.113599 0.256101
0.117677 0.794427
0.117978 0.864263
0.119081 0.387009
0.124814 0.749047
0.124926 0.624551
0.130374 0.193314
0.133389 0.872459
0.13382 0.10854
0.135751 0.562443
0.145824 0.859645
0.145835 0.0453571
0.146844 0.0140292
0.149049 0.0586376
0.149068 0.385764
0.153855 0.841458
0.155959 0.195743
0.156431 0.137317
0.157242 0.760654
0.158056 0.447495
0.158687 0.0534461
0.158827 0.398829
0.164725 0.536176
0.165901 0.297993
0.168291 0.466943
0.172356 0.78804
0.173273 0.195461
0.175211 0.764755
0.180796 0.637007
0.182847 0.107569
0.186953 0.117191
0.199277 0.256626
0.204906 0.860815
0.20917 0.51596
0.214452 0.301878
0.217916 0.510601
0.227911 0.50638
0.228146 0.442926
0.231541 0.507277
0.232539 0.279656
0.235521 0.406917
0.238867 0.630897
0.241899 0.599086
0.245164 0.473361
0.245452 0.313743
0.24571 0.652674
0.246513 0.137313
0.247798 0.739626
0.24819 0.332661
0.249367 0.115633
0.250114 0.665302
0.253795 0.533197
0.256665 0.769303
0.258113 0.102244
0.25853 0.114553
0.261044 0.367282
0.261485 0.770769
0.263583 0.0329293
0.266735 0.021198
0.267939 0.258287
0.270715 0.913325
0.275636 0.62
0.277701 0.319907
0.278712 0.314609
0.288827 0.321859
0.290786 0.242096
0.294049 0.0855977
0.294841 0.389737
0.295995 0.782431
0.300335 0.727276
0.30525 0.336537
0.308773 0.551645
0.309547 0.5626
0.309636 0.0495322
0.310107 0.967462
0.310215 0.775377
0.31429 0.273169
0.316752 0.652702
0.318205 0.0738229
0.322315 0.155736
0.32375 0.264922
0.327609 0.130606
0.329588 0.385178
0.342518 0.703581
0.344648 0.495031
0.349669 0.889017
0.351566 0.776956
0.355117 0.444749
0.369023 0.164404
0.370313 0.852612
0.373097 0.639125
0.374296 0.788668
0.375828 0.534332
0.391723 0.688597
0.403193 0.466065
0.408822 0.0749734
0.410885 0.747824
0.418991 0.977677
0.426061 0.810568
0.427788 0.82925
0.429283 0.953547
0.435699 0.795664
0.43712 0.668242
0.44082 0.86148
0.4417 0.644568
0.443307 0.653791
0.446347 0.749972
0.44752 0.461293
0.449476 0.337225
0.453764 0.416302
0.458496 0.946661
0.46251 0.410989
0.462594 0.812175
0.467519 0.587144
0.469247 0.640888
0.471252 0.331138
0.47555 0.570671
0.476679 0.548419
0.482189 0.155999
0.483625 0.284171
0.487024 0.413583
0.491766 0.115614
0.495178 0.464024
0.495218 0.134931
0.496755 0.966246
0.49858 0.627887
0.499898 0.788917
0.504589 0.626369
0.506973 0.698514
0.511388 0.905565
0.512804 0.689298
0.513101 0.681966
0.51708 0.570994
0.517462 0.980023
0.521657 0.492354
0.529934 0.602405
0.531777 0.578494
0.533493 0.412349
0.538126 0.283611
0.53965 0.895248
0.542323 0.826732
0.546544 0.760607
0.547285 0.212994
0.553915 0.652721
0.583458 0.170758
0.583939 0.26169
0.588183 0.591627
0.597661 0.895534
0.597679 0.18831
0.606885 0.918526
0.608141 0.0301105
0.610821 0.0652384
0.612601 0.992132
0.614037 0.116774
0.622523 0.737202
0.622655 0.95842
0.623345 0.557655
0.624207 0.0506425
0.628522 0.575094
0.630965 0.621325
0.635337 0.114204
0.63815 0.38088
0.638286 0.679508
0.640732 0.782074
0.647381 0.529243
0.653319 0.339596
0.656177 0.363466
0.657658 0.250028
0.65992 0.274569
0.66554 0.736889
0.666106 0.247853
0.666964 0.656723
0.668383 0.507403
0.668557 0.441728
0.672081 0.657337
0.67321 0.64018
0.67621 0.0539493
0.67874 0.581931
0.679754 0.62061
0.682016 0.634984
0.688727 0.427757
0.689884 0.872676
0.691106 0.412364
0.6912 0.992735
0.702812 0.157512
0.703339 0.0174085
0.703939 0.109645
0.704128 0.281782
0.70467 0.381924
0.709281 0.885809
0.713842 0.541895
0.722296 0.626318
0.72234 0.361606
0.725282 0.810704
0.726648 0.773561
0.727781 0.81482
0.73286 0.173672
0.73655 0.19577
0.741061 0.0189582
0.743128 0.758928
0.744206 0.864787
0.744654 0.40781
0.74546 0.942076
0.749374 0.732461
0.759425 0.658686
0.759936 0.245872
0.765351 0.256678
0.771066 0.309676
0.773 0.813644
0.777857 0.43697
0.783643 0.681479
0.78572 0.594983
0.787502 0.544486
0.788221 0.626843
0.788275 0.531571
0.792577 0.842637
0.792615 0.486771
0.797892 0.169951
0.803213 0.602162
0.810589 0.565786
0.812074 0.524187
0.819106 0.707896
0.819824 0.773504
0.822879 0.134702
0.823803 0.662039
0.832946 0.321287
0.84287 0.116203
0.843614 0.612035
0.849741 0.60167
0.856698 0.523103
0.860754 0.693463
0.865565 0.550189
0.870355 0.0628746
0.870738 0.491525
0.870784 0.259534
0.877285 0.535966
0.881083 0.35564
0.881881 0.774584
0.88746 0.544318
0.887847 0.0404629
0.893199 0.992509
0.894651 0.391513
0.895787 0.495798
0.89977 0.434358
0.900907 0.545632
0.902799 0.349711
0.903585 0.555966
0.904955 0.585511
0.907261 0.329843
0.907582 0.729482
0.91347 0.683309
0.915682 0.868197
0.916445 0.691985
0.919541 0.724615
0.9241 0.346742
0.927676 0.458509
0.930541 0.601074
0.932638 0.846415
0.936612 0.638419
0.941153 0.964006
0.957243 0.378134
0.9623 0.373372
0.965378 0.109046
0.977068 0.582205
0.980051 0.717942
0.983777 0.333967
0.985146 0.340902
0.989152 0.671102
0.990569 0.491643
0.99427 0.696315
0.995281 0.691221
0.997963 0.758476
