0.000228556 0.841346
0.0021773 0.59381
0.00369482 0.0987808
0.00468682 0.771467
0.00483994 0.344832
0.0122459 0.816794
0.0126753 0.0342173
0.0133652 0.628342
0.0142834 0.0609479
0.0147752 0.326783
0.0163385 0.601893
0.0174991 0.10731
0.0211981 0.275934
0.0238455 0.770659
0.024695 0.0484685
0.0254741 0.143401
0.028348 0.444191
0.0289308 0.240043
0.029294 0.344704
0.0294857 0.56549
0.029985 0.958692
0.0309788 0.660508
0.0332341 0.566299
0.0338733 0.308993
0.035903 0.422344
0.0369515 0.0438215
0.037716 0.893413
0.037938 0.624642
0.038219 0.347246
0.0389135 0.0194614
0.0390434 0.202079
0.0391143 0.393519
0.0486681 0.964585
0.0490096 0.704844
0.0502646 0.796408
0.0511777 0.143879
0.0523038 0.0707166
0.0531264 0.895254
0.0536442 0.598615
0.0571505 0.527857
0.059198 0.941209
0.0644266 0.818305
0.0664371 0.607496
0.0672141 0.668063
0.067464 0.86824
0.0687559 0.580342
0.0695731 0.314814
0.070313 0.75039
0.0713701 0.517141
0.0717188 0.378199
0.0724908 0.353607
0.0725719 0.716342
0.0728651 0.643785
0.0730766 0.197966
0.0734543 0.545747
0.0738355 0.953907
0.0743469 0.548623
0.0743754 0.0280816
0.076413 0.272666
0.0782495 0.1396
0.0790965 0.375452
0.0831761 0.940098
0.0842538 0.0540025
0.084256 0.0902855
0.0855267 0.447359
0.086509 0.956639
0.0877244 0.38369
0.0889289 0.627478
0.0909109 0.939652
0.0916499 0.359685
0.0935665 0.57288
0.0937783 0.131124
0.094751 0.480628
0.095869 0.269917
0.0963054 0.604274
0.0978919 0.26916
0.0995558 0.234601
0.102763 0.131691
0.103032 0.651529
0.104962 0.101041
0.105152 0.287555
0.106734 0.876142
0.108403 0.922547
0.112016 0.660776
0.113405 0.992607
0.113455 0.841283
0.116401 0.348234
0.116547 0.810887
0.117726 0.625258
0.119191 0.240379
0.124628 0.61749
0.125237 0.856244
0.128776 0.338161
0.129913 0.452338
0.1305 0.31318
0.130574 0.562393
0.135356 0.934979
0.136198 0.0792088
0.136631 0.361387
0.13667 0.0129558
0.137338 0.237245
0.137903 0.740351
0.139621 0.608282
0.139933 0.85249
0.14379 0.674197
0.143806 0.941327
0.144194 0.461107
0.144623 0.684251
0.14579 0.296037
0.147652 0.590823
0.150061 0.0826421
0.151125 0.960605
0.153723 0.61513
0.155235 0.0289322
0.155466 0.912392
0.156639 0.62859
0.156786 0.0942246
0.158994 0.220329
0.162495 0.0558034
0.16269 0.32451
0.162739 0.158042
0.163863 0.0536051
0.164329 0.885414
0.165252 0.397505
0.166242 0.0284218
0.168735 0.929864
0.169657 0.431021
0.170675 0.530456
0.171674 0.318386
0.171937 0.747156
0.174072 0.622161
0.175475 0.207245
0.175573 0.858077
0.175878 0.973486
0.177758 0.573626
0.180207 0.734474
0.180895 0.294827
0.182607 0.0736003
0.185025 0.707554
0.185824 0.150775
0.18591 0.581334
0.187461 0.655055
0.18748 0.968932
0.188782 0.860398
0.189156 0.147539
0.190214 0.920379
0.193635 0.431405
0.193705 0.600046
0.19395 0.715339
0.19534 0.0804944
0.198097 0.416201
0.199615 0.928106
0.200177 0.369854
0.206435 0.558252
0.208094 0.435709
0.20866 0.943425
0.209214 0.254065
0.212505 0.579663
0.215583 0.304287
0.218269 0.449946
0.220222 0.274522
0.220497 0.893637
0.222289 0.00456739
0.223262 0.368011
0.225601 0.669932
0.226164 0.141928
0.227881 0.00248666
0.228643 0.795595
0.228845 0.19854
0.230615 0.948447
0.230844 0.802246
0.232294 0.169333
0.23369 0.62029
0.233883 0.864257
0.23411 0.691954
0.235034 0.212748
0.235504 0.110885
0.236862 0.940263
0.236968 0.721099
0.238482 0.163459
0.240713 0.657794
0.241754 0.167714
0.243797 0.493974
0.243811 0.735434
0.246267 0.00823794
0.24747 0.224078
0.248469 0.0159685
0.248889 0.0705873
0.250045 0.505591
0.250425 0.887189
0.251103 0.294529
0.252309 0.558564
0.25256 0.780445
0.253724 0.34168
0.254423 0.0862033
0.25789 0.363924
0.260364 0.939147
0.261112 0.510863
0.26185 0.913459
0.263553 0.534061
0.264045 0.806079
0.265695 0.5382
0.266844 0.845462
0.268844 0.460407
0.268984 0.815674
0.270081 0.256948
0.27097 0.19168
0.273641 0.0811357
0.275953 0.944217
0.277332 0.122041
0.27923 0.0207485
0.281952 0.764163
0.284428 0.382079
0.284481 0.270411
0.285654 0.982241
0.285992 0.667183
0.28639 0.351606
0.287146 0.062984
0.287687 0.156951
0.288444 0.886768
0.290754 0.698085
0.292014 0.872343
0.293537 0.472584
0.295148 0.545404
0.296217 0.525572
0.297988 0.279064
0.299085 0.71475
0.299155 0.890936
0.30285 0.997183
0.304271 0.883067
0.306431 0.186408
0.309988 0.963872
0.310761 0.965976
0.31403 0.900569
0.314719 0.484629
0.316687 0.558278
0.316934 0.707608
0.317224 0.587271
0.317254 0.0874619
0.319386 0.925455
0.320038 0.884673
0.320433 0.51497
0.320645 0.073307
0.323267 0.151528
0.324452 0.0704128
0.32631 0.293689
0.329883 0.349506
0.330323 0.734719
0.330551 0.575619
0.330647 0.189917
0.332085 0.356196
0.332735 0.27042
0.333058 0.711108
0.334775 0.556311
0.335506 0.844408
0.335933 0.0204839
0.336231 0.037398
0.337273 0.543992
0.338093 0.327434
0.338117 0.733544
0.338537 0.788984
0.341558 0.55757
0.344611 0.878297
0.345822 0.226677
0.346082 0.595944
0.349131 0.837844
0.350866 0.99834
0.352789 0.320658
0.354037 0.305588
0.355745 0.0114508
0.357331 0.661334
0.358833 0.90492
0.360836 0.56842
0.360865 0.0594694
0.361442 0.75386
0.36239 0.690383
0.363553 0.235942
0.365837 0.617787
0.368359 0.0129005
0.375562 0.0630486
0.376497 0.790232
0.377186 0.366058
0.377303 0.33637
0.382371 0.517203
0.382473 0.222491
0.388098 0.769101
0.388567 0.653025
0.388715 0.133773
0.389198 0.252371
0.389233 0.83805
0.389892 0.913004
0.392852 0.659027
0.394545 0.123227
0.394687 0.498647
0.395809 0.358342
0.397872 0.0349419
0.398096 0.798369
0.398989 0.807897
0.399926 0.559076
0.400611 0.0745922
0.401533 0.557279
0.403137 0.530219
0.406388 0.158887
0.415873 0.584784
0.416079 0.0335752
0.416163 0.444036
0.416396 0.360828
0.416934 0.411633
0.419514 0.772708
0.421372 0.991156
0.422719 0.639761
0.422727 0.778937
0.427156 0.205447
0.427223 0.334377
0.42773 0.85338
0.42851 0.95995
0.431454 0.453119
0.43163 0.409906
0.431721 0.937887
0.433333 0.0265554
0.434333 0.829363
0.434614 0.556365
0.435416 0.0402601
0.439101 0.968027
0.439271 0.820872
0.439621 0.709776
0.440675 0.428128
0.440894 0.113033
0.441456 0.54726
0.441847 0.123179
0.442489 0.915625
0.44775 0.341803
0.448012 0.738618
0.449098 0.989437
0.449619 0.750878
0.451224 0.723058
0.451734 0.297214
0.453884 0.42112
0.45402 0.717823
0.454899 0.492779
0.455148 0.673986
0.455494 0.490097
0.460797 0.614763
0.461339 0.720635
0.461564 0.509192
0.461651 0.97097
0.463155 0.242144
0.463215 0.249601
0.464504 0.914306
0.464801 0.904939
0.465272 0.826595
0.465614 0.57644
0.465881 0.0597291
0.466714 0.059781
0.467103 0.599127
0.467962 0.0311792
0.468129 0.839789
0.469453 0.104824
0.46996 0.61294
0.470145 0.731302
0.470321 0.681569
0.470866 0.844166
0.471372 0.349629
0.474619 0.920445
0.476018 0.42635
0.476778 0.20548
0.479167 0.367042
0.484381 0.997357
0.484971 0.909109
0.48622 0.897084
0.492447 0.557586
0.492651 0.984549
0.494302 0.732339
0.494634 0.317682
0.494819 0.420619
0.496431 0.520682
0.499567 0.219939
0.502597 0.150178
0.504814 0.409941
0.504954 0.754369
0.507767 0.0466607
0.508086 0.407943
0.508714 0.959845
0.509851 0.0739128
0.510509 0.123564
0.511808 0.95969
0.513996 0.724303
0.51443 0.0298974
0.515263 0.021442
0.515315 0.895882
0.516629 0.988517
0.517714 0.225249
0.521905 0.656844
0.525372 0.928232
0.529316 0.214207
0.532524 0.134901
0.532999 0.113361
0.533129 0.293333
0.53529 0.626172
0.537946 0.264848
0.539794 0.312485
0.540395 0.416476
0.542755 0.0765713
0.542995 0.123368
0.543425 0.34695
0.543556 0.547819
0.543856 0.582624
0.54467 0.265066
0.546606 0.802383
0.547123 0.493566
0.547193 0.673336
0.547361 0.494006
0.552943 0.314267
0.553371 0.500502
0.553567 0.80838
0.556222 0.429657
0.562579 0.271446
0.565843 0.115128
0.566001 0.78169
0.566396 0.419812
0.566447 0.282599
0.567318 0.919459
0.569139 0.522442
0.570412 0.906469
0.571994 0.501583
0.573861 0.883469
0.575564 0.509417
0.577105 0.406145
0.577648 0.524601
0.578748 0.0118622
0.578906 0.66515
0.580082 0.446674
0.58047 0.956398
0.580556 0.405708
0.58286 0.135639
0.584608 0.50776
0.584949 0.233133
0.585077 0.381096
0.589407 0.160898
0.592124 0.824217
0.594221 0.0652782
0.594845 0.556972
0.597825 0.650079
0.597961 0.933931
0.598632 0.214429
0.599387 0.890627
0.60087 0.824376
0.603803 0.123325
0.603925 0.16301
0.604809 0.0270696
0.61 0.271756
0.610198 0.59693
0.610441 0.678522
0.610458 0.960553
0.612416 0.876165
0.615776 0.345908
0.618436 0.05765
0.619324 0.973677
0.62278 0.0700836
0.629278 0.267141
0.632385 0.501339
0.632874 0.713626
0.634726 0.838525
0.643598 0.951036
0.644507 0.220885
0.645102 0.226147
0.645728 0.74323
0.647295 0.0936213
0.648086 0.382272
0.64842 0.00129198
0.650712 0.51815
0.652273 0.744971
0.654055 0.700133
0.654416 0.776847
0.654846 0.997886
0.655101 0.279771
0.6552 0.942373
0.657644 0.0289413
0.659218 0.477546
0.659705 0.660977
0.660844 0.807619
0.661084 0.846017
0.661341 0.154027
0.661838 0.50614
0.663895 0.0853247
0.664312 0.0985107
0.667056 0.212942
0.669646 0.73312
0.670048 0.491839
0.670171 0.557774
0.670724 0.863389
0.671704 0.333655
0.67413 0.103623
0.674717 0.967978
0.674746 0.460648
0.674935 0.630547
0.676683 0.0162313
0.678084 0.566254
0.678643 0.949734
0.678856 0.525939
0.680851 0.0552942
0.68097 0.0622883
0.681049 0.387011
0.68175 0.175761
0.684109 0.825572
0.685085 0.227553
0.685437 0.1378
0.689047 0.815993
0.689572 0.641523
0.689618 0.41397
0.694292 0.97188
0.694877 0.805541
0.695253 0.120505
0.695606 0.0546223
0.695752 0.501161
0.698969 0.565759
0.699021 0.444136
0.699578 0.809709
0.699601 0.192403
0.7002 0.262467
0.700402 0.660207
0.701759 0.468047
0.702806 0.0593462
0.704533 0.0894238
0.704987 0.719022
0.705423 0.0513756
0.705527 0.789518
0.706604 0.893272
0.708113 0.252751
0.709544 0.299647
0.711547 0.972092
0.713829 0.328501
0.714262 0.593203
0.714917 0.617106
0.715607 0.203897
0.71619 0.00830289
0.717861 0.0931742
0.719001 0.2443
0.719342 0.981224
0.720288 0.878568
0.720733 0.351577
0.723019 0.787995
0.724365 0.399088
0.72438 0.660497
0.724654 0.255186
0.724711 0.214558
0.726427 0.0577341
0.729132 0.520033
0.732532 0.658007
0.734014 0.570092
0.734664 0.503467
0.736293 0.882541
0.737692 0.393306
0.739287 0.188689
0.739503 0.819584
0.742534 0.760937
0.747106 0.617409
0.747176 0.793251
0.747212 0.39898
0.748447 0.140675
0.753238 0.665562
0.753428 0.871258
0.755624 0.774616
0.756746 0.623668
0.757755 0.583973
0.758129 0.874417
0.759466 0.352392
0.761217 0.782005
0.762366 0.0883358
0.762784 0.10981
0.764176 0.504299
0.764248 0.721918
0.764835 0.576811
0.766115 0.0979886
0.766203 0.566168
0.766397 0.828497
0.766424 0.288233
0.766529 0.0520229
0.766793 0.485575
0.766798 0.582152
0.7686 0.855081
0.769545 0.74135
0.770258 0.725165
0.770779 0.479366
0.771843 0.360914
0.773505 0.30171
0.77449 0.859795
0.775345 0.226559
0.776842 0.389526
0.77753 0.949472
0.780981 0.949145
0.782631 0.685313
0.785523 0.289523
0.786168 0.125241
0.787736 0.484703
0.788425 0.0569058
0.790691 0.145521
0.792185 0.260833
0.792259 0.501007
0.792518 0.85376
0.792905 0.353121
0.792915 0.523117
0.793344 0.733254
0.793861 0.425298
0.79484 0.879199
0.79603 0.872723
0.796115 0.300754
0.80002 0.937781
0.801683 0.89268
0.802787 0.444979
0.804036 0.440803
0.804297 0.821934
0.805405 0.438073
0.805669 0.886871
0.806163 0.185319
0.809083 0.258751
0.810074 0.913735
0.812784 0.455855
0.81328 0.803977
0.818408 0.979158
0.819168 0.753225
0.827836 0.447467
0.828582 0.97905
0.830921 0.293282
0.83297 0.730786
0.833058 0.209985
0.833786 0.44793
0.834497 0.389686
0.834497 0.390539
0.834802 0.511137
0.835696 0.536162
0.836133 0.890444
0.837555 0.778597
0.842579 0.225748
0.843311 0.527728
0.843886 0.19608
0.85354 0.455295
0.854027 0.639024
0.854421 0.254716
0.856504 0.268358
0.856545 0.958808
0.858348 0.251968
0.858569 0.971841
0.859084 0.622233
0.861435 0.135459
0.862749 0.21482
0.86345 0.000761165
0.864283 0.998379
0.866401 0.595477
0.869722 0.416563
0.869986 0.854255
0.872515 0.366052
0.87259 0.615688
0.874138 0.637881
0.876003 0.976925
0.876958 0.0298964
0.877994 0.439788
0.878011 0.726781
0.878068 0.684047
0.879972 0.695126
0.880213 0.738902
0.880275 0.77833
0.880823 0.989301
0.881895 0.0128114
0.882533 0.733372
0.884721 0.505897
0.885262 0.606782
0.88696 0.142046
0.887212 0.372449
0.88758 0.55431
0.88812 0.62443
0.890783 0.396584
0.891451 0.622994
0.891704 0.872869
0.894392 0.0404663
0.895457 0.947849
0.897887 0.791056
0.898202 0.0785197
0.901879 0.873176
0.902478 0.943428
0.903607 0.919141
0.905004 0.408892
0.906629 0.714625
0.908467 0.610822
0.911267 0.66106
0.911514 0.809177
0.91231 0.199335
0.913721 0.909517
0.914079 0.926116
0.914952 0.589688
0.915404 0.198132
0.916705 0.0619789
0.919042 0.333393
0.923736 0.228932
0.926067 0.400442
0.926325 0.744664
0.926667 0.488233
0.926712 0.254364
0.927482 0.195219
0.931235 0.262653
0.93366 0.0248968
0.934265 0.192102
0.93529 0.416845
0.936955 0.405992
0.937183 0.233157
0.937556 0.510555
0.940077 0.878738
0.940746 0.122929
0.942524 0.00472714
0.943039 0.653577
0.945367 0.785338
0.946179 0.435253
0.947627 0.759679
0.948646 0.894216
0.948658 0.101583
0.952739 0.678993
0.955875 0.389583
0.958412 0.0376131
0.959017 0.201007
0.960314 0.00516187
0.961082 0.90503
0.961615 0.859343
0.962114 0.255339
0.965342 0.500851
0.965574 0.404597
0.966122 0.617643
0.966256 0.864249
0.96643 0.791022
0.967578 0.0856515
0.969323 0.406964
0.969679 0.399717
0.969839 0.0882231
0.971942 0.430894
0.97435 0.899836
0.97635 0.517027
0.978593 0.211842
0.979928 0.641817
0.981081 0.0363273
0.981404 0.452997
0.981971 0.992871
0.98343 0.504011
0.984573 0.719563
0.984942 0.912029
0.991106 0.523054
0.991318 0.0779321
0.99186 0.191465
0.99503 0.476964
0.998602 0.49638
0.999323 0.623441
0.999689 0.77395
