0.00016398 0.756025
0.000249102 0.186661
0.000532813 0.955002
0.00211993 0.629703
0.00230104 0.673573
0.00258394 0.428241
0.00318374 0.5092
0.00579806 0.447978
0.00596635 0.276475
0.0062785 0.522686
0.00643861 0.21376
0.00648654 0.0192968
0.00669074 0.451348
0.00700827 0.788016
0.0075335 0.615534
0.00904921 0.0900451
0.00923036 0.134605
0.00931867 0.618907
0.010479 0.121256
0.0107048 0.914799
0.0114302 0.107484
0.0124912 0.940383
0.0172287 0.562272
0.0190318 0.868149
0.0194178 0.355341
0.0205534 0.441562
0.0208092 0.739914
0.0213786 0.30945
0.0218398 0.0621732
0.0224665 0.595026
0.0231097 0.404847
0.0233928 0.163522
0.0237716 0.528583
0.0263552 0.951165
0.0278649 0.32492
0.0279653 0.0128798
0.0295576 0.77457
0.0296593 0.483106
0.0305669 0.738531
0.0313522 0.936427
0.0314831 0.135668
0.0319713 0.34164
0.0332446 0.742189
0.0356797 0.66935
0.0361022 0.768907
0.0368079 0.631155
0.0372802 0.568299
0.0374136 0.809975
0.0377978 0.267715
0.0381812 0.711721
0.0401272 0.417359
0.0404694 0.168582
0.0406409 0.0524034
0.0417457 0.620762
0.0421013 0.595858
0.0429368 0.63944
0.0429923 0.570786
0.0430577 0.670767
0.0449473 0.430095
0.0451017 0.0244503
0.0457089 0.229582
0.0467177 0.184159
0.0468094 0.725374
0.046883 0.962113
0.0469107 0.428024
0.0472569 0.246758
0.0475032 0.386711
0.0477771 0.990417
0.0482336 0.661902
0.0486424 0.532546
0.0499953 0.271694
0.0501007 0.0430131
0.0512441 0.258949
0.0516039 0.306807
0.0519196 0.613477
0.0522791 0.655066
0.0532176 0.427587
0.0542007 0.95158
0.0544857 0.740567
0.056494 0.49533
0.0570707 0.188053
0.0604923 0.693342
0.0615084 0.772429
0.063428 0.0341161
0.0644108 0.551974
0.0645439 0.790041
0.0664527 0.869695
0.0674159 0.0585242
0.0706385 0.22078
0.0706846 0.996161
0.0716293 0.873274
0.0749424 0.556209
0.0753478 0.370589
0.0755129 0.1451
0.0757523 0.16902
0.0764993 0.723956
0.0783498 0.824461
0.079211 0.298759
0.0797702 0.697767
0.0798087 0.345078
0.080499 0.946348
0.0805078 0.093828
0.081363 0.46863
0.0816502 0.294072
0.0845548 0.112107
0.0853493 0.465067
0.0861776 0.386589
0.087589 0.108314
0.0881309 0.216705
0.0890999 0.501243
0.0908263 0.518462
0.0909067 0.869598
0.0918457 0.650501
0.0925411 0.337838
0.0926859 0.771479
0.0929215 0.731989
0.0931117 0.928318
0.0942177 0.516602
0.0950877 0.138983
0.0970186 0.591712
0.0993757 0.207119
0.100142 0.08051
0.101784 0.675756
0.101996 0.242764
0.102025 0.726935
0.102098 0.965591
0.102157 0.946775
0.102629 0.877814
0.103525 0.949124
0.103786 0.329253
0.105298 0.742405
0.105831 0.696328
0.107402 0.11095
0.108429 0.373119
0.108471 0.0728352
0.108522 0.927436
0.109652 0.922558
0.109945 0.844022
0.110566 0.283537
0.111671 0.853735
0.113333 0.787863
0.113795 0.55836
0.1167 0.36975
0.116972 0.943175
0.117885 0.297478
0.118712 0.200334
0.118823 0.0612259
0.118885 0.098979
0.119046 0.81206
0.120857 0.247644
0.121403 0.41597
0.121418 0.67172
0.121857 0.0435179
0.12192 0.117053
0.125835 0.908495
0.126806 0.220777
0.12689 0.637741
0.128551 0.56121
0.129181 0.149685
0.129508 0.636705
0.130349 0.78239
0.130792 0.219507
0.131664 0.882797
0.132587 0.390763
0.133482 0.428443
0.134385 0.600509
0.135619 0.342282
0.138376 0.679663
0.138377 0.703314
0.141057 0.744108
0.141473 0.735592
0.141747 0.341809
0.141842 0.930891
0.141914 0.14469
0.14197 0.0902333
0.142671 0.87176
0.143511 0.994522
0.144417 0.214164
0.145097 0.65058
0.14669 0.418375
0.146848 0.0802872
0.146932 0.490638
0.147235 0.575336
0.148085 0.872649
0.149564 0.72163
0.149842 0.391719
0.150258 0.393995
0.150749 0.643661
0.151114 0.772608
0.152323 0.0951454
0.152727 0.887737
0.153089 0.969492
0.153378 0.83113
0.154301 0.343315
0.154537 0.303489
0.155148 0.572508
0.155193 0.335359
0.155503 0.540912
0.156499 0.280968
0.156924 0.4257
0.156983 0.420604
0.158354 0.44867
0.158987 0.101806
0.159723 0.472385
0.160197 0.436631
0.161281 0.64799
0.161909 0.205144
0.1626 0.825659
0.162604 0.888512
0.163408 0.395534
0.163762 0.350345
0.163788 0.781257
0.164886 0.231734
0.165747 0.702988
0.166392 0.548129
0.167357 0.765165
0.168021 0.935663
0.168415 0.555887
0.168907 0.827827
0.16967 0.642771
0.170018 0.494023
0.170559 0.589783
0.171636 0.684912
0.172319 0.161609
0.172957 0.889699
0.174098 0.0731787
0.174322 0.833499
0.174626 0.945112
0.175318 0.573774
0.176423 0.137358
0.177192 0.0583651
0.177676 0.203088
0.179147 0.928623
0.18035 0.150051
0.180445 0.733216
0.180764 0.102442
0.182705 0.729183
0.183251 0.901867
0.185805 0.830418
0.186608 0.31404
0.188365 0.857543
0.19032 0.713588
0.190455 0.982898
0.191049 0.966606
0.192474 0.903071
0.193934 0.44763
0.194709 0.477408
0.19555 0.606102
0.195698 0.0913573
0.195753 0.0151898
0.196038 0.805937
0.196084 0.581139
0.196437 0.517816
0.196974 0.544249
0.197079 0.304118
0.198047 0.577441
0.199061 0.62411
0.200004 0.471131
0.200031 0.914135
0.200837 0.473499
0.201767 0.0982272
0.203066 0.922254
0.203331 0.380787
0.203449 0.37007
0.20352 0.555061
0.203855 0.188889
0.204826 0.512903
0.206207 0.727456
0.20645 0.811717
0.206536 0.248576
0.206766 0.109527
0.206817 0.972087
0.207394 0.664779
0.207484 0.188315
0.207846 0.264278
0.20818 0.874556
0.209013 0.886238
0.209587 0.523699
0.211196 0.578628
0.211326 0.749569
0.211911 0.580835
0.212281 0.807103
0.212348 0.929796
0.212469 0.969003
0.212776 0.124655
0.213076 0.172515
0.213966 0.134482
0.214 0.704821
0.214866 0.247561
0.217542 0.223091
0.218345 0.732109
0.219003 0.777871
0.219192 0.953311
0.22043 0.770631
0.221539 0.403142
0.221715 0.360876
0.222333 0.754318
0.222495 0.477425
0.222599 0.226352
0.223613 0.255765
0.223817 0.698561
0.224618 0.162773
0.224965 0.985412
0.226 0.389566
0.226573 0.0159614
0.228144 0.413734
0.229648 0.687772
0.229866 0.363145
0.229974 0.17041
0.230631 0.221916
0.23171 0.351842
0.233907 0.281082
0.234988 0.450162
0.235287 0.464032
0.235321 0.0430265
0.236541 0.549578
0.236823 0.27935
0.236893 0.456131
0.237572 0.864637
0.238573 0.695659
0.240375 0.981055
0.240775 0.712671
0.240857 0.0801025
0.241524 0.28643
0.241618 0.868938
0.241844 0.66594
0.241934 0.181524
0.242475 0.280367
0.243208 0.598196
0.243674 0.420636
0.243866 0.660025
0.243937 0.848264
0.244488 0.102789
0.244643 0.715293
0.245136 0.000835812
0.245668 0.939653
0.247161 0.0266962
0.24829 0.00984441
0.248468 0.00557507
0.248659 0.210129
0.249007 0.0656854
0.249625 0.440164
0.250373 0.0210682
0.250898 0.843304
0.251589 0.454161
0.252355 0.333923
0.253865 0.70241
0.254972 0.306598
0.255068 0.93226
0.256157 0.225334
0.256313 0.849194
0.256497 0.938747
0.256643 0.394764
0.257343 0.169176
0.257693 0.0445805
0.260992 0.490674
0.26253 0.339168
0.263012 0.438325
0.263545 0.404785
0.263567 0.768875
0.263847 0.483825
0.264293 0.980375
0.264348 0.889846
0.264953 0.0606121
0.26499 0.693718
0.265956 0.919034
0.267515 0.132808
0.268454 0.904343
0.269361 0.149438
0.26984 0.200713
0.273045 0.0614265
0.273246 0.441862
0.273601 0.406464
0.274489 0.338534
0.276345 0.534481
0.276488 0.927495
0.276597 0.758357
0.277635 0.213712
0.277855 0.900949
0.27974 0.582577
0.28115 0.283633
0.28185 0.0541873
0.282809 0.165958
0.283526 0.226417
0.283938 0.148175
0.286251 0.0173448
0.28641 0.691803
0.287797 0.00619698
0.288094 0.989591
0.28904 0.896741
0.289155 0.833047
0.289228 0.0466667
0.28941 0.113437
0.290914 0.391835
0.292867 0.219588
0.293098 0.102406
0.293532 0.385289
0.293538 0.499859
0.294341 0.994531
0.29485 0.550882
0.295888 0.989363
0.296631 0.476625
0.297966 0.912876
0.298085 0.920763
0.298344 0.274095
0.298939 0.261113
0.300573 0.735222
0.302221 0.425715
0.302576 0.397689
0.302995 0.437211
0.303555 0.842745
0.303584 0.328145
0.30361 0.770867
0.30368 0.950301
0.305323 0.560471
0.306464 0.743192
0.307402 0.500874
0.307751 0.363756
0.309175 0.308854
0.309305 0.495275
0.310929 0.78026
0.31232 0.157093
0.312484 0.921101
0.313224 0.349305
0.313282 0.332586
0.313295 0.542223
0.313638 0.313811
0.313918 0.0141871
0.314157 0.0423881
0.314171 0.26551
0.315149 0.70674
0.315853 0.54183
0.31686 0.468114
0.317131 0.0238205
0.317342 0.561887
0.318309 0.815691
0.320547 0.436398
0.321248 0.216524
0.323268 0.170742
0.323765 0.51708
0.323833 0.661796
0.324013 0.678657
0.324176 0.433266
0.32595 0.242325
0.325964 0.483377
0.326616 0.441703
0.328087 0.157268
0.329462 0.267237
0.330119 0.315722
0.331792 0.427892
0.333174 0.657166
0.333723 0.874712
0.333946 0.638335
0.335132 0.568278
0.33667 0.405635
0.337613 0.253407
0.339272 0.146853
0.33937 0.794906
0.340657 0.416887
0.343107 0.592629
0.343792 0.104654
0.343934 0.502529
0.344185 0.725403
0.345952 0.410868
0.346798 0.627225
0.347108 0.85182
0.347516 0.708502
0.34778 0.143948
0.34779 0.311894
0.34917 0.499384
0.349387 0.144014
0.349543 0.770426
0.350116 0.398168
0.350298 0.463232
0.350779 0.54183
0.35104 0.930748
0.354295 0.641663
0.355203 0.904069
0.355441 0.898789
0.3556 0.564223
0.356363 0.391486
0.357035 0.678676
0.357806 0.639574
0.358889 0.849876
0.362574 0.78435
0.362789 0.395499
0.364534 0.72258
0.365616 0.906186
0.365667 0.772604
0.365712 0.516837
0.367308 0.349998
0.368391 0.55429
0.368498 0.350895
0.369795 0.141127
0.371449 0.943952
0.371489 0.622553
0.371855 0.768202
0.372249 0.395626
0.373663 0.157821
0.37447 0.712827
0.375539 0.688095
0.376088 0.91569
0.376665 0.616333
0.376947 0.355959
0.37719 0.435368
0.377473 0.190553
0.37779 0.5121
0.377903 0.417109
0.380111 0.519742
0.382639 0.00706594
0.382768 0.185238
0.383385 0.548353
0.384732 0.194375
0.384768 0.790408
0.386132 0.728072
0.386924 0.0267637
0.387189 0.486229
0.387345 0.111451
0.387553 0.59903
0.387629 0.875049
0.388506 0.62756
0.389529 0.80835
0.389569 0.481152
0.389832 0.903332
0.389914 0.283747
0.390326 0.208636
0.391003 0.586142
0.392351 0.24712
0.393294 0.0985233
0.394816 0.668532
0.394918 0.384682
0.395978 0.207086
0.396577 0.271093
0.396599 0.638126
0.396721 0.688243
0.397025 0.797477
0.397222 0.109346
0.397758 0.122772
0.398244 0.283155
0.398343 0.949827
0.399907 0.234845
0.400068 0.935678
0.400214 0.404608
0.400273 0.393086
0.400914 0.158664
0.401142 0.00147418
0.401981 0.0927738
0.402238 0.415058
0.402474 0.381024
0.402549 0.635176
0.402857 0.81455
0.403244 0.318286
0.403497 0.570141
0.40353 0.120586
0.404002 0.0630043
0.404114 0.944565
0.405622 0.29466
0.405798 0.238729
0.40607 0.820732
0.406531 0.571319
0.406537 0.659256
0.406844 0.822084
0.407516 0.116639
0.40776 0.21793
0.40984 0.184911
0.409931 0.714012
0.410523 0.664966
0.411278 0.341399
0.411705 0.531015
0.413373 0.551726
0.413418 0.313013
0.414398 0.79245
0.414461 0.841074
0.415955 0.950337
0.41615 0.240088
0.416681 0.16301
0.417012 0.728177
0.418458 0.0245299
0.418926 0.885789
0.420297 0.937154
0.421118 0.736437
0.421833 0.751839
0.422167 0.357483
0.424002 0.203623
0.424221 0.87592
0.426953 0.792219
0.427215 0.204405
0.427773 0.585083
0.428502 0.826276
0.430434 0.300934
0.431611 0.0875455
0.431925 0.357541
0.432133 0.851185
0.432212 0.192562
0.432461 0.369699
0.433059 0.425472
0.433849 0.691849
0.434673 0.55472
0.43472 0.335056
0.435379 0.40749
0.436277 0.512281
0.43853 0.379793
0.43856 0.883091
0.438644 0.291329
0.439974 0.641358
0.440372 0.339126
0.44184 0.000602181
0.442693 0.344044
0.442744 0.203176
0.442781 0.819385
0.4428 0.143044
0.442813 0.353284
0.443269 0.0164424
0.444487 0.494545
0.44558 0.864974
0.446383 0.35675
0.447645 0.569709
0.448323 0.964762
0.448664 0.69206
0.449715 0.361842
0.450321 0.551015
0.450928 0.743116
0.451046 0.731069
0.45334 0.290557
0.453361 0.641303
0.4538 0.0197148
0.453905 0.774082
0.454872 0.0341229
0.454972 0.707025
0.455302 0.268905
0.456355 0.954081
0.456849 0.252584
0.459176 0.369889
0.460846 0.443709
0.461549 0.261714
0.461847 0.269487
0.463069 0.804065
0.463071 0.839174
0.464251 0.671076
0.464981 0.940123
0.465278 0.933448
0.467313 0.132811
0.467732 0.166502
0.469903 0.656323
0.47076 0.070609
0.471755 0.778272
0.473446 0.203559
0.474234 0.457852
0.474559 0.911751
0.476387 0.633725
0.476683 0.60408
0.477421 0.0149721
0.47807 0.920572
0.479244 0.647593
0.480665 0.54232
0.481544 0.318521
0.483085 0.213535
0.483445 0.266597
0.484447 0.107387
0.484929 0.201848
0.485251 0.615802
0.485689 0.967854
0.48764 0.758768
0.489294 0.559526
0.489749 0.209348
0.489799 0.0549093
0.489872 0.285825
0.49266 0.138854
0.493255 0.141118
0.493467 0.69987
0.493696 0.554999
0.493865 0.391275
0.494586 0.51213
0.494823 0.487816
0.495204 0.894059
0.495285 0.249508
0.496414 0.231005
0.496473 0.223874
0.49681 0.881251
0.498887 0.785699
0.499122 0.740285
0.499476 0.687943
0.500809 0.0925055
0.501077 0.603836
0.501291 0.193111
0.501557 0.668941
0.503269 0.447025
0.50403 0.228386
0.505117 0.496267
0.505317 0.866278
0.505782 0.685142
0.505943 0.39179
0.507217 0.804102
0.507999 0.947456
0.508475 0.946139
0.51174 0.819138
0.512343 0.942382
0.512483 0.309984
0.512919 0.636718
0.513103 0.730278
0.513472 0.917641
0.513867 0.570979
0.514054 0.710949
0.514327 0.28565
0.516698 0.147298
0.517952 0.220501
0.518437 0.375547
0.518766 0.907068
0.51921 0.365089
0.519456 0.495244
0.519656 0.86502
0.520434 0.927489
0.520825 0.504785
0.521553 0.74021
0.522102 0.974269
0.523221 0.782412
0.523831 0.0297591
0.525054 0.579457
0.525266 0.149612
0.526363 0.581784
0.526591 0.4169
0.528083 0.486131
0.528338 0.771741
0.528469 0.98496
0.52866 0.189795
0.529747 0.458866
0.529866 0.453314
0.530854 0.07005
0.531301 0.575092
0.531828 0.433806
0.531914 0.877083
0.532563 0.784161
0.53342 0.19419
0.534066 0.0513206
0.534693 0.582366
0.536313 0.81907
0.537182 0.423302
0.538714 0.162767
0.539031 0.496798
0.539208 0.470779
0.539866 0.52749
0.540017 0.0677726
0.540954 0.81215
0.541736 0.950292
0.541768 0.488347
0.541909 0.858375
0.542436 0.721347
0.543155 0.80908
0.543662 0.325109
0.543928 0.799147
0.544853 0.349024
0.54492 0.472421
0.544974 0.379231
0.545471 0.729607
0.547309 0.630437
0.547939 0.218552
0.548408 0.0917621
0.550227 0.657827
0.551113 0.557348
0.551541 0.755409
0.551686 0.179705
0.552296 0.44578
0.552464 0.268454
0.55266 0.551632
0.553265 0.726796
0.553598 0.316961
0.553723 0.427607
0.553938 0.0359703
0.554765 0.933254
0.555646 0.743124
0.555767 0.774983
0.556094 0.265235
0.556673 0.00526931
0.556957 0.776811
0.55715 0.0215924
0.558131 0.505601
0.56036 0.974923
0.561222 0.463105
0.566659 0.830793
0.566809 0.36397
0.567306 0.703514
0.567416 0.566394
0.568748 0.940465
0.571295 0.750204
0.571345 0.598872
0.572 0.597683
0.572277 0.253121
0.572352 0.52835
0.573359 0.449609
0.574879 0.990833
0.57537 0.244138
0.576345 0.635021
0.577874 0.329727
0.57871 0.371
0.579452 0.854489
0.579501 0.675194
0.579978 0.686226
0.580302 0.143851
0.582215 0.280919
0.583182 0.538823
0.583928 0.0726521
0.585358 0.104474
0.585617 0.460263
0.58563 0.686962
0.586657 0.941914
0.587611 0.981432
0.588879 0.287134
0.589339 0.0163621
0.590184 0.218914
0.59022 0.823047
0.591819 0.69793
0.59201 0.905935
0.593467 0.400851
0.594227 0.174339
0.594457 0.0332161
0.594946 0.256288
0.59529 0.0407892
0.595567 0.698543
0.595636 0.86115
0.597442 0.20054
0.597484 0.921271
0.597992 0.446691
0.598191 0.797418
0.598505 0.0733225
0.599153 0.969632
0.599175 0.339514
0.601413 0.955886
0.601629 0.573421
0.602474 0.773116
0.602648 0.713374
0.604282 0.161202
0.605641 0.000151859
0.606556 0.389306
0.606561 0.47135
0.606781 0.171141
0.607377 0.187931
0.608383 0.0879969
0.608798 0.0679521
0.608857 0.0665186
0.609296 0.443584
0.609741 0.914143
0.611704 0.901585
0.612084 0.291416
0.612331 0.443047
0.612517 0.573156
0.612916 0.275299
0.613346 0.512593
0.613531 0.613424
0.61458 0.240505
0.615701 0.0948078
0.616361 0.179889
0.616963 0.301717
0.617043 0.637616
0.618176 0.679336
0.618719 0.811528
0.61915 0.0613673
0.619583 0.325537
0.620125 0.444494
0.620212 0.895393
0.620715 0.361451
0.620905 0.551706
0.62231 0.161224
0.623148 0.248439
0.627974 0.352688
0.629126 0.713827
0.629595 0.609835
0.630259 0.770707
0.630746 0.942212
0.63166 0.307347
0.63217 0.875687
0.632779 0.109776
0.633938 0.590157
0.635461 0.195572
0.6355 0.852964
0.636594 0.237183
0.636872 0.911428
0.637072 0.271538
0.637761 0.850456
0.638872 0.529464
0.638926 0.428753
0.641113 0.178549
0.641119 0.286506
0.641521 0.05
0.642404 0.881768
0.643689 0.483635
0.643997 0.653328
0.644243 0.785635
0.644888 0.632106
0.645034 0.0937575
0.646162 0.0435498
0.647236 0.103046
0.647688 0.69842
0.649673 0.0556888
0.65025 0.750987
0.65129 0.235589
0.657281 0.921094
0.659934 0.514533
0.660845 0.828139
0.662165 0.00300612
0.663562 0.492946
0.665445 0.138471
0.667329 0.806238
0.668308 0.250121
0.669599 0.952463
0.670204 0.12553
0.670602 0.813475
0.672697 0.0194191
0.672956 0.364181
0.675668 0.946145
0.676577 0.227969
0.676805 0.0538814
0.677409 0.206154
0.677522 0.104283
0.677643 0.138349
0.679974 0.319274
0.680014 0.995535
0.681923 0.0772156
0.682103 0.0994855
0.682932 0.040644
0.683024 0.583519
0.684012 0.188132
0.684928 0.584737
0.685084 0.207009
0.68572 0.895865
0.686683 0.0860711
0.686788 0.846762
0.688616 0.563077
0.690251 0.0475409
0.690563 0.299066
0.691042 0.336286
0.691331 0.196923
0.692214 0.0332768
0.692252 0.672096
0.692738 0.850277
0.693484 0.381069
0.695401 0.600548
0.698726 0.495663
0.699027 0.545558
0.70029 0.778623
0.702123 0.577084
0.702222 0.248734
0.702409 0.391303
0.702568 0.0549922
0.702824 0.36513
0.70368 0.74995
0.704094 0.705949
0.70693 0.366503
0.707057 0.500597
0.708116 0.305391
0.708394 0.980849
0.708731 0.639486
0.708756 0.0554418
0.709151 0.694058
0.709917 0.582554
0.711048 0.579422
0.711064 0.848868
0.712567 0.105759
0.713945 0.273753
0.71406 0.209347
0.714274 0.800226
0.714615 0.535116
0.714912 0.526391
0.715293 0.922843
0.715498 0.378303
0.71572 0.10187
0.715973 0.358014
0.71667 0.0730007
0.717263 0.0438813
0.717671 0.89071
0.717828 0.529785
0.718216 0.0537527
0.719143 0.629894
0.719293 0.149829
0.719382 0.64778
0.720015 0.283973
0.720099 0.698409
0.720488 0.242185
0.721034 0.410103
0.722298 0.666061
0.722383 0.0836822
0.724162 0.993999
0.725417 0.0896411
0.725622 0.531952
0.72586 0.531
0.726647 0.748235
0.727418 0.711489
0.7285 0.896136
0.728516 0.165606
0.728891 0.467273
0.730016 0.378426
0.731598 0.971568
0.731941 0.73122
0.734343 0.106207
0.735682 0.613922
0.739473 0.326821
0.740091 0.710362
0.741199 0.337583
0.743137 0.901164
0.74397 0.907164
0.744233 0.328539
0.744292 0.31067
0.744551 0.665449
0.74467 0.671927
0.745531 0.141334
0.74659 0.946927
0.746738 0.420584
0.746813 0.677718
0.747187 0.964038
0.747389 0.37376
0.747955 0.885005
0.748391 0.205009
0.748704 0.464908
0.748869 0.246392
0.749434 0.732984
0.749511 0.0340634
0.749616 0.790825
0.749713 0.428587
0.749763 0.264388
0.750698 0.975011
0.751663 0.198448
0.751721 0.182379
0.7526 0.946911
0.753004 0.742868
0.753988 0.277568
0.754953 0.492162
0.755005 0.36589
0.755121 0.319312
0.756332 0.668733
0.756965 0.316219
0.757327 0.397284
0.757687 0.444548
0.75776 0.668318
0.758046 0.47313
0.758051 0.567249
0.758093 0.267036
0.758652 0.662577
0.759493 0.802181
0.759644 0.337017
0.761206 0.586135
0.761217 0.770916
0.761577 0.816527
0.761861 0.599793
0.762321 0.32582
0.762566 0.450262
0.76469 0.150269
0.765126 0.472401
0.765446 0.846847
0.765735 0.711483
0.767622 0.417483
0.767639 0.711645
0.768701 0.564438
0.769576 0.256819
0.769828 0.49216
0.770373 0.661049
0.771652 0.158223
0.772284 0.776845
0.772672 0.291616
0.772971 0.324269
0.77445 0.184958
0.774917 0.0313629
0.775107 0.229507
0.775655 0.436127
0.776485 0.38357
0.77687 0.852432
0.777196 0.33568
0.777839 0.135538
0.777848 0.296377
0.778742 0.315078
0.7788 0.288185
0.779489 0.872879
0.779812 0.297101
0.780001 0.470177
0.780131 0.664417
0.780493 0.754459
0.780714 0.455189
0.782999 0.860561
0.785613 0.791075
0.785979 0.953816
0.787065 0.199634
0.788325 0.379785
0.789588 0.598888
0.789671 0.999973
0.789949 0.676674
0.789988 0.319798
0.790198 0.859986
0.790919 0.974087
0.792361 0.206623
0.793058 0.926196
0.795092 0.116254
0.7954 0.293554
0.795993 0.259105
0.796041 0.0554611
0.796339 0.0628504
0.797555 0.504709
0.797792 0.489771
0.798355 0.960718
0.798691 0.59997
0.798992 0.653832
0.801212 0.974774
0.802118 0.191646
0.802163 0.948926
0.80256 0.621367
0.804282 0.571005
0.80604 0.110846
0.806733 0.767675
0.807053 0.140837
0.80787 0.863304
0.807881 0.0517547
0.807899 0.353579
0.809356 0.851586
0.809439 0.244226
0.810622 0.12311
0.810811 0.305554
0.810858 0.0914231
0.811196 0.771622
0.811696 0.168909
0.811964 0.674096
0.812352 0.200826
0.813172 0.97479
0.813752 0.73356
0.81739 0.868078
0.818311 0.359108
0.819383 0.368859
0.820019 0.0567055
0.82013 0.917073
0.820265 0.187041
0.821204 0.982955
0.822837 0.425273
0.824254 0.22934
0.825022 0.140384
0.825855 0.144083
0.827446 0.891474
0.827849 0.661691
0.827984 0.932848
0.833177 0.208292
0.835025 0.271199
0.835734 0.173611
0.83637 0.874262
0.836705 0.502149
0.837086 0.89695
0.840494 0.179759
0.840837 0.9419
0.841265 0.138599
0.841443 0.129164
0.841809 0.289377
0.842347 0.325633
0.842623 0.96001
0.842814 0.182799
0.844598 0.150358
0.846473 0.679208
0.849854 0.496981
0.850166 0.733668
0.850986 0.524028
0.85331 0.587863
0.85582 0.769982
0.856386 0.274927
0.85679 0.0774275
0.857484 0.733873
0.858029 0.889888
0.858049 0.223299
0.85888 0.198361
0.859301 0.278189
0.861068 0.974557
0.861312 0.0684207
0.861839 0.925147
0.862208 0.137915
0.863592 0.392241
0.863858 0.864534
0.864783 0.412282
0.865544 0.199043
0.866352 0.773395
0.866581 0.623883
0.866858 0.279226
0.867766 0.539739
0.867968 0.936688
0.868097 0.0984017
0.869305 0.405959
0.870907 0.336019
0.874134 0.562403
0.874529 0.201371
0.874772 0.301317
0.875139 0.469364
0.875486 0.299023
0.875845 0.326502
0.877841 0.878616
0.880439 0.534511
0.880655 0.168326
0.880837 0.222707
0.881044 0.700315
0.881388 0.493996
0.883198 0.915516
0.883367 0.744005
0.885482 0.287751
0.885992 0.872628
0.886343 0.774525
0.887667 0.0277099
0.88815 0.14335
0.888421 0.690188
0.88953 0.326362
0.890266 0.69507
0.890288 0.0667054
0.890515 0.877623
0.893628 0.209611
0.893642 0.433164
0.89454 0.537383
0.894703 0.267604
0.895354 0.207804
0.898584 0.503664
0.899565 0.982945
0.90236 0.963027
0.9025 0.319806
0.902561 0.337265
0.902571 0.5176
0.903021 0.0820755
0.903046 0.489626
0.903391 0.285608
0.903954 0.755163
0.904364 0.63822
0.905171 0.210756
0.906123 0.214061
0.908564 0.229355
0.908948 0.697551
0.909264 0.996379
0.909432 0.816189
0.911395 0.814486
0.91142 0.233196
0.911515 0.826763
0.911688 0.748033
0.912365 0.126431
0.91349 0.0214313
0.913656 0.808073
0.91371 0.723641
0.915009 0.557458
0.915556 0.747533
0.91616 0.906512
0.921203 0.662162
0.921368 0.440046
0.921414 0.212783
0.92212 0.0656075
0.923473 0.817849
0.923681 0.312417
0.924358 0.676994
0.924634 0.326882
0.925934 0.164581
0.926077 0.572661
0.926567 0.805626
0.926707 0.163774
0.926765 0.137139
0.926986 0.851166
0.927127 0.216812
0.927633 0.724858
0.928075 0.154336
0.928196 0.191743
0.928236 0.857227
0.930742 0.975632
0.932237 0.0996312
0.932295 0.0885634
0.932598 0.178482
0.93324 0.972156
0.933605 0.0942554
0.934152 0.297502
0.935646 0.401951
0.936142 0.744047
0.936559 0.75411
0.936635 0.0237899
0.936826 0.240271
0.93733 0.700263
0.937416 0.159263
0.937585 0.998591
0.937871 0.791444
0.938149 0.476058
0.938439 0.336836
0.938835 0.999064
0.940985 0.137058
0.942347 0.0225204
0.943207 0.483819
0.943875 0.700001
0.944682 0.268608
0.944903 0.977321
0.945753 0.267857
0.946336 0.072059
0.946898 0.509518
0.947 0.229441
0.947764 0.0660558
0.947926 0.78359
0.949209 0.351804
0.950242 0.720357
0.950255 0.934854
0.951922 0.947809
0.952233 0.188674
0.952612 0.553727
0.954663 0.0159938
0.954996 0.612396
0.955017 0.967142
0.956048 0.303129
0.956084 0.903873
0.957637 8.93977e-06
0.958151 0.643075
0.958398 0.787662
0.959384 0.362911
0.959719 0.99821
0.959786 0.118374
0.961933 0.208103
0.962102 0.048316
0.962325 0.790408
0.963387 0.643538
0.963736 0.511069
0.964003 0.997058
0.965758 0.492538
0.966534 0.531035
0.967972 0.698816
0.96856 0.595855
0.970942 0.619532
0.971055 0.520087
0.97123 0.470605
0.973819 0.968203
0.974237 0.00530678
0.977261 0.823096
0.978018 0.556333
0.978049 0.0691167
0.978377 0.583999
0.980006 0.956718
0.980043 0.585551
0.980053 0.756768
0.980916 0.259845
0.981365 0.808902
0.981511 0.260238
0.98186 0.114793
0.982921 0.948028
0.983337 0.946329
0.984755 0.783008
0.985104 0.646985
0.985325 0.350118
0.986597 0.739804
0.988007 0.437291
0.988299 0.34707
0.989236 0.0964486
0.990234 0.869313
0.990883 0.771907
0.993186 0.479423
0.994503 0.617185
0.995134 0.219716
0.995536 0.97471
0.995629 0.53496
0.995896 0.0248851
0.995947 0.877036
0.997578 0.291078
0.997907 0.826363
0.998525 0.203769
0.998963 0.570018
