0.000125447 0.108393
0.000582839 0.795789
0.001168 0.63053
0.00176496 0.663708
0.00252468 0.432336
0.00286702 0.186032
0.0038723 0.0817702
0.0043295 0.765966
0.00475266 0.877928
0.00514678 0.50187
0.00521163 0.591833
0.00525179 0.266912
0.00709565 0.256571
0.00786692 0.219332
0.00875963 0.223194
0.00984269 0.426084
0.0102849 0.857817
0.0110096 0.0379092
0.0111641 0.634252
0.0129494 0.640255
0.0129723 0.0257504
0.0131528 0.0596503
0.0145718 0.909047
0.014733 0.616783
0.0150667 0.225371
0.016262 0.314839
0.01627 0.450532
0.016518 0.617769
0.0168155 0.617598
0.0172959 0.692188
0.0175457 0.890143
0.018472 0.458803
0.018941 0.342038
0.0208448 0.338553
0.022054 0.660996
0.0231366 0.856217
0.0236021 0.68023
0.0240774 0.669419
0.0248971 0.444745
0.0254087 0.0443438
0.0265652 0.481335
0.027144 0.208863
0.0281221 0.647627
0.0293975 0.0835593
0.0300546 0.127263
0.0302633 0.634995
0.0304185 0.243797
0.0305724 0.829974
0.0310503 0.862067
0.0313203 0.4
0.0314186 0.051575
0.0334343 0.929587
0.0345605 0.858648
0.0356718 0.536489
0.0361464 0.511693
0.0364667 0.895131
0.0371516 0.407626
0.0382453 0.788449
0.0391953 0.755354
0.0399451 0.356482
0.0401082 0.0979256
0.0401458 0.731001
0.0406082 0.502202
0.040972 0.616443
0.0412213 0.806173
0.041431 0.331412
0.0415207 0.839201
0.0415964 0.110016
0.0436251 0.207018
0.0445128 0.126934
0.0454346 0.618911
0.0456645 0.483651
0.0461995 0.474936
0.0469846 0.670382
0.0483674 0.911263
0.0485213 0.497964
0.0486951 0.417873
0.0495793 0.278974
0.049583 0.341961
0.0517128 0.137058
0.0536958 0.465456
0.0539149 0.147231
0.054207 0.0569781
0.0546679 0.802853
0.0554673 0.239704
0.0569348 0.903254
0.0570415 0.696072
0.0578148 0.692737
0.0602577 0.751052
0.0607046 0.262331
0.0607293 0.677841
0.0615856 0.0693992
0.0626171 0.40595
0.0628382 0.121354
0.0652268 0.26742
0.065366 0.606847
0.0672904 0.949607
0.0674043 0.864031
0.0681908 0.0828235
0.068285 0.666826
0.0691851 0.794016
0.0693836 0.129896
0.0714432 0.746444
0.0716184 0.690364
0.0727569 0.82536
0.0750611 0.552645
0.0758151 0.224922
0.0777156 0.166347
0.0789491 0.897882
0.0791501 0.276088
0.0795471 0.948459
0.0805645 0.0473224
0.0815825 0.156767
0.081646 0.223627
0.0825967 0.202701
0.0849437 0.64898
0.0856945 0.268053
0.0859436 0.454355
0.0869752 0.791516
0.0897256 0.0178484
0.090136 0.914969
0.0902071 0.11148
0.0907333 0.954769
0.0932867 0.869272
0.0940272 0.314866
0.0956563 0.695184
0.0981862 0.2162
0.0990885 0.380456
0.0998383 0.982507
0.0998844 0.757255
0.100741 0.158987
0.101091 0.0286313
0.101244 0.610676
0.101313 0.773612
0.101367 0.666921
0.10138 0.886827
0.103099 0.786681
0.103453 0.731505
0.103691 0.729575
0.10432 0.304306
0.104432 0.188943
0.104736 0.299758
0.104786 0.130777
0.105566 0.240322
0.105593 0.698892
0.105624 0.218352
0.106097 0.173926
0.107 0.349812
0.107966 0.579002
0.108709 0.0790519
0.109664 0.123899
0.109991 0.616798
0.111485 0.723015
0.112196 0.679148
0.112635 0.0488724
0.112867 0.957565
0.113284 0.959473
0.11453 0.899691
0.11458 0.749267
0.115771 0.758632
0.116166 0.395017
0.116905 0.821327
0.119803 0.524792
0.119848 0.293044
0.120724 0.00149975
0.121703 0.462671
0.122519 0.184558
0.122691 0.0594339
0.122754 0.134714
0.124465 0.880022
0.124736 0.44076
0.128454 0.921499
0.128488 0.503734
0.12859 0.207214
0.129446 0.606301
0.130399 0.618152
0.130442 0.335729
0.132137 0.82916
0.133361 0.39624
0.134404 0.921203
0.135153 0.524389
0.13549 0.182869
0.136818 0.502813
0.136977 0.165532
0.137962 0.731099
0.138206 0.835709
0.138566 0.887042
0.138726 0.562917
0.138846 0.587755
0.138947 0.280074
0.139617 0.540083
0.139897 0.241485
0.140488 0.179643
0.140534 0.960019
0.141505 0.270728
0.144536 0.208793
0.145168 0.837574
0.145402 0.777251
0.145609 0.257183
0.146781 0.94076
0.146801 0.278969
0.147637 0.335504
0.147711 0.572751
0.148053 0.322197
0.148883 0.276207
0.149079 0.567579
0.149486 0.405039
0.150115 0.985046
0.15096 0.181101
0.15184 0.974528
0.152415 0.646027
0.152767 0.562738
0.152797 0.0539994
0.152955 0.720036
0.153232 0.366161
0.154641 0.0489887
0.155279 0.778377
0.157719 0.786236
0.159826 0.192785
0.160191 0.325919
0.160327 0.622301
0.16089 0.0720474
0.161365 0.064774
0.161597 0.966086
0.163126 0.661927
0.1651 0.834556
0.165564 0.634856
0.165704 0.981115
0.166323 0.398631
0.167933 0.444896
0.168976 0.972183
0.169952 0.376903
0.170922 0.69021
0.171287 0.813648
0.172848 0.059925
0.173941 0.426348
0.17723 0.702068
0.17781 0.453591
0.177985 0.395563
0.178733 0.96767
0.178829 0.582688
0.178854 0.00679149
0.178999 0.430047
0.179233 0.375546
0.180788 0.498222
0.180898 0.345488
0.181325 0.52334
0.181878 0.826045
0.182415 0.853206
0.182534 0.841902
0.182624 0.355193
0.182773 0.861948
0.183556 0.0245235
0.183912 0.00203037
0.183994 0.383189
0.184176 0.448692
0.184333 0.0885964
0.185108 0.118155
0.186541 0.195025
0.18891 0.0158817
0.190345 0.1252
0.190367 0.499747
0.190608 0.544109
0.191143 0.538908
0.192299 0.969654
0.19279 0.22249
0.19335 0.633754
0.193919 0.199996
0.196358 0.186261
0.196647 0.0383673
0.197091 0.513669
0.197296 0.958266
0.198217 0.438409
0.199243 0.683603
0.200821 0.19715
0.201049 0.0293163
0.202891 0.992202
0.204753 0.289485
0.206278 0.919967
0.206295 0.194
0.206341 0.965046
0.207217 0.688207
0.208283 0.608159
0.208582 0.643371
0.209153 0.236747
0.210192 0.691053
0.210488 0.675206
0.212003 0.138142
0.212026 0.513001
0.214595 0.702569
0.215052 0.377287
0.215948 0.440426
0.217278 0.785986
0.217664 0.281638
0.218633 0.567287
0.21875 0.527417
0.218801 0.381861
0.219804 0.243343
0.220336 0.191137
0.222045 0.915141
0.222482 0.253865
0.223308 0.130393
0.224351 0.662587
0.225697 0.290757
0.22618 0.409183
0.226729 0.641967
0.227632 0.806207
0.228082 0.366847
0.229231 0.682358
0.229423 0.91025
0.233932 0.697084
0.233949 0.976235
0.234086 0.276257
0.234689 0.417541
0.235659 0.714562
0.23614 0.809751
0.236732 0.751423
0.237501 0.681806
0.238938 0.832557
0.239282 0.604638
0.239764 0.713641
0.240659 0.755328
0.242383 0.724289
0.242929 0.910881
0.243334 0.711989
0.244075 0.171975
0.24493 0.537652
0.244933 0.59138
0.245508 0.249143
0.246813 0.191942
0.246967 0.770621
0.247035 0.918437
0.24717 0.186839
0.248859 0.568823
0.250489 0.966406
0.250575 0.413744
0.251052 0.433261
0.252037 0.981586
0.252388 0.881745
0.254863 0.488383
0.255627 0.329256
0.256473 0.540127
0.257687 0.941366
0.258296 0.183751
0.259194 0.266957
0.259682 0.474893
0.260493 0.113672
0.260548 0.0219615
0.260949 0.76592
0.261054 0.535971
0.261089 0.120804
0.26134 0.34317
0.261902 0.787743
0.262148 0.926655
0.264715 0.0673246
0.264765 0.907415
0.264769 0.968014
0.265293 0.773236
0.266657 0.699786
0.267505 0.953819
0.267945 0.349519
0.270769 0.81342
0.271327 0.184957
0.272286 0.311363
0.272295 0.466505
0.272548 0.717726
0.273101 0.00840933
0.273113 0.216974
0.273292 0.216806
0.274816 0.831033
0.275635 0.58929
0.278128 0.50406
0.279261 0.538165
0.279315 0.450697
0.279545 0.31704
0.283782 0.516691
0.28488 0.975316
0.286123 0.866518
0.286314 0.0849554
0.287405 0.409225
0.28758 0.351854
0.288614 0.741342
0.289069 0.38405
0.290434 0.326676
0.291078 0.143469
0.291461 0.57705
0.292329 0.180116
0.292482 0.750851
0.292808 0.22092
0.293471 0.373801
0.293811 0.0837403
0.294008 0.387431
0.294127 0.398401
0.294854 0.612084
0.298185 0.598055
0.298224 0.254711
0.298427 0.654674
0.299962 0.453854
0.301275 0.527346
0.303948 0.461796
0.30465 0.25064
0.306002 0.980537
0.306058 0.920813
0.306753 0.590743
0.307681 0.191781
0.307731 0.0405037
0.308544 0.703826
0.308645 0.400833
0.309001 0.373198
0.310362 0.253753
0.310527 0.0284046
0.311013 0.200199
0.311471 0.887767
0.31169 0.582103
0.313174 0.520429
0.313612 0.868748
0.315728 0.441303
0.315761 0.00124049
0.31621 0.545156
0.316864 0.530138
0.317708 0.718978
0.319263 0.860374
0.32009 0.750966
0.32143 0.267673
0.323098 0.302065
0.324133 0.70089
0.324452 0.067384
0.325486 0.44082
0.32586 0.735029
0.326403 0.859089
0.326634 0.738236
0.327016 0.15751
0.327164 0.643502
0.327763 0.708745
0.328023 0.0768764
0.328683 0.175067
0.329598 0.560199
0.329657 0.544803
0.330323 0.745464
0.331114 0.0298025
0.331184 0.204799
0.331354 0.0694535
0.332464 0.730476
0.332476 0.931856
0.332524 0.735781
0.332901 0.0664843
0.333043 0.45942
0.33449 0.768702
0.335643 0.156912
0.335768 0.245418
0.33595 0.311281
0.33638 0.53203
0.336777 0.218418
0.338485 0.911437
0.339358 0.583852
0.339463 0.353285
0.339551 0.833674
0.340668 0.609337
0.340803 0.88091
0.342622 0.453346
0.343028 0.265668
0.343521 0.555562
0.344866 0.168916
0.345146 0.867133
0.345272 0.984964
0.345272 0.985371
0.345801 0.883483
0.346576 0.904973
0.346801 0.683043
0.347357 0.0358988
0.350091 0.981695
0.350352 0.374034
0.350741 0.898893
0.351325 0.727584
0.352179 0.0732332
0.352767 0.951504
0.352916 0.461374
0.3536 0.952143
0.353692 0.499189
0.353698 0.595712
0.353784 0.0509628
0.354468 0.544463
0.354495 0.00441135
0.355334 0.10695
0.355393 0.0884311
0.356176 0.248612
0.3567 0.0525886
0.356747 0.840665
0.35683 0.244684
0.356959 0.403259
0.357215 0.707512
0.357561 0.520736
0.357724 0.260928
0.358108 0.72867
0.358666 0.106711
0.35868 0.335077
0.360164 0.284478
0.361042 0.0301322
0.361488 0.529978
0.362394 0.756375
0.363535 0.927786
0.36356 0.351717
0.363713 0.931797
0.363956 0.00151692
0.364212 0.308845
0.367649 0.0698219
0.367838 0.248369
0.368077 0.264721
0.368088 0.462344
0.368161 0.680104
0.36868 0.398757
0.372452 0.801184
0.373156 0.634514
0.373763 0.836914
0.374578 0.529632
0.374639 0.554347
0.374678 0.219799
0.374886 0.70323
0.375518 0.331494
0.376294 0.369748
0.376516 0.110009
0.37681 0.0521109
0.377063 0.304404
0.377247 0.389379
0.37894 0.846073
0.381703 0.285612
0.381982 0.976683
0.382851 0.575945
0.383401 0.813323
0.385095 0.291109
0.385246 0.827048
0.38624 0.542843
0.386578 0.222243
0.387311 0.528731
0.387332 0.881865
0.387742 0.77494
0.387837 0.384393
0.388238 0.107933
0.389224 0.682485
0.389638 0.643477
0.390535 0.718074
0.390975 0.112537
0.391416 0.530605
0.391892 0.523276
0.392252 0.575298
0.392471 0.252267
0.392539 0.403839
0.393566 0.665726
0.393722 0.282567
0.394333 0.549785
0.395198 0.085591
0.396676 0.928522
0.396872 0.234983
0.397724 0.541899
0.397802 0.863874
0.398032 0.722439
0.398644 0.0111326
0.399203 0.397297
0.399222 0.729589
0.399945 0.869572
0.39995 0.963895
0.40069 0.390792
0.400894 0.828298
0.401738 0.00930299
0.403978 0.659852
0.404381 0.426453
0.405009 0.978496
0.406209 0.150157
0.406738 0.0378366
0.407093 0.00646056
0.409328 0.568188
0.40959 0.977729
0.410085 0.30573
0.41037 0.0904588
0.410777 0.937131
0.411015 0.929096
0.411464 0.474271
0.411914 0.0429497
0.412589 0.381105
0.415134 0.162504
0.417221 0.238859
0.41812 0.340449
0.41957 0.70497
0.419593 0.106721
0.419783 0.293337
0.420286 0.743937
0.423521 0.112676
0.424876 0.896176
0.425002 0.00600044
0.425973 0.33266
0.426073 0.0155092
0.426462 0.538944
0.426715 0.805591
0.427418 0.617391
0.428156 0.0108532
0.428307 0.547904
0.429552 0.479403
0.430284 0.780397
0.430985 0.571386
0.431379 0.189388
0.43238 0.0179284
0.433686 0.963076
0.434132 0.452981
0.434948 0.165086
0.435168 0.874941
0.435486 0.20934
0.436473 0.793941
0.436735 0.20446
0.437773 0.647958
0.437802 0.132386
0.438238 0.459934
0.438707 0.344539
0.439082 0.651716
0.439265 0.734547
0.442544 0.844419
0.442903 0.869416
0.44315 0.0174624
0.444984 0.845414
0.446586 0.764907
0.449752 0.989837
0.449864 0.868745
0.450218 0.818586
0.450219 0.825184
0.452511 0.355448
0.453547 0.759791
0.454149 0.876891
0.455612 0.470764
0.45578 0.301741
0.456824 0.841934
0.457124 0.882163
0.460591 0.161315
0.461943 0.870457
0.462565 0.335863
0.463917 0.0495514
0.465435 0.574018
0.466544 0.203015
0.467676 0.236158
0.467908 0.123023
0.469681 0.922448
0.471804 0.606348
0.472214 0.498101
0.472836 0.950553
0.473772 0.682002
0.474232 0.422375
0.474564 0.000447167
0.475771 0.275416
0.475954 0.359013
0.476053 0.0190096
0.477799 0.370375
0.478606 0.939257
0.478661 0.848524
0.478715 0.755687
0.479287 0.37795
0.47974 0.99098
0.480442 0.784794
0.480954 0.39607
0.48149 0.410521
0.48288 0.771286
0.483125 0.888747
0.483956 0.853275
0.484015 0.844876
0.485845 0.59886
0.485848 0.64693
0.485892 0.393323
0.486009 0.34633
0.486216 0.832086
0.487037 0.627181
0.488284 0.585446
0.488943 0.671553
0.488997 0.574145
0.491101 0.938252
0.491413 0.18584
0.491655 0.248884
0.491867 0.806955
0.492583 0.842189
0.493246 0.97952
0.493485 0.0101076
0.493647 0.729943
0.49444 0.0539532
0.494946 0.552522
0.49569 0.0693982
0.496012 0.479462
0.49659 0.182274
0.496696 0.973456
0.498876 0.607634
0.49922 0.393614
0.500534 0.477554
0.501271 0.866916
0.501942 0.146529
0.50268 0.548883
0.502699 0.855496
0.503285 0.706477
0.503329 0.453887
0.503629 0.497544
0.50387 0.549608
0.503945 0.807023
0.504109 0.562234
0.504661 0.84387
0.504728 0.971744
0.504928 0.327511
0.504954 0.757476
0.504967 0.973711
0.505121 0.570711
0.506247 0.500914
0.506433 0.622148
0.506599 0.40245
0.507068 0.291305
0.507896 0.208429
0.509193 0.00269172
0.509216 0.396507
0.51023 0.435225
0.510713 0.558769
0.510926 0.136289
0.51094 0.36269
0.511369 0.583369
0.512217 0.828707
0.512452 0.781689
0.512521 0.942613
0.513915 0.363571
0.514484 0.938038
0.514557 0.163107
0.515436 0.927365
0.515517 0.298905
0.515545 0.764887
0.515941 0.422928
0.518982 0.534089
0.51942 0.893232
0.520612 0.934333
0.521652 0.402938
0.522606 0.434121
0.522815 0.946016
0.523562 0.506141
0.523993 0.75123
0.524783 0.0238213
0.525339 0.377053
0.525387 0.177361
0.526148 0.964702
0.527395 0.925667
0.527562 0.727985
0.528048 0.901
0.528672 0.384461
0.530464 0.515763
0.531455 0.157082
0.53154 0.59398
0.531734 0.847315
0.532236 0.289448
0.533574 0.783779
0.535253 0.001315
0.535358 0.757286
0.5356 0.820909
0.536175 0.489708
0.537378 0.707137
0.537839 0.46011
0.537998 0.129043
0.539789 0.235951
0.539845 0.179334
0.542213 0.982401
0.542696 0.0832172
0.543836 0.259575
0.543943 0.057386
0.544981 0.503373
0.546235 0.57451
0.546652 0.587101
0.549215 0.649405
0.549265 0.498096
0.55015 0.36729
0.550537 0.878532
0.550714 0.842292
0.550824 0.690826
0.553122 0.312761
0.553733 0.588126
0.554278 0.747271
0.554871 0.712454
0.555356 0.874105
0.556212 0.247248
0.557128 0.643579
0.557392 0.0791579
0.557461 0.24765
0.557505 0.97886
0.55904 0.780866
0.559623 0.582556
0.560074 0.167865
0.56161 0.974206
0.561705 0.580404
0.563195 0.616052
0.563262 0.741335
0.565738 0.354586
0.567218 0.234473
0.568343 0.136525
0.569577 0.876607
0.569583 0.985448
0.57188 0.586174
0.57302 0.754063
0.573247 0.558759
0.573727 0.629131
0.574899 0.33452
0.575343 0.795264
0.575938 0.797959
0.576692 0.46547
0.578001 0.467906
0.578119 0.43796
0.58101 0.0305405
0.581696 0.562876
0.581805 0.390521
0.58264 0.432733
0.583697 0.196111
0.584393 0.887344
0.585539 0.146818
0.585742 0.562136
0.585915 0.47335
0.587795 0.0792422
0.588288 0.350634
0.588457 0.19948
0.591267 0.424911
0.592524 0.547984
0.592761 0.53703
0.592861 0.208375
0.593666 0.748745
0.594483 0.467987
0.595585 0.996063
0.598174 0.511028
0.598548 0.802231
0.600022 0.571133
0.600133 0.441338
0.600226 0.995874
0.602146 0.268158
0.603756 0.328276
0.603825 0.480669
0.605229 0.0876912
0.605784 0.413749
0.605805 0.758595
0.606928 0.640712
0.607378 0.208279
0.60743 0.0694226
0.607658 0.905032
0.607923 0.361461
0.608249 0.843903
0.608432 0.918664
0.608635 0.330852
0.609561 0.885886
0.612197 0.191181
0.612759 0.638861
0.615799 0.738001
0.616363 0.216165
0.616845 0.319133
0.617252 0.155905
0.618408 0.576227
0.618567 0.262158
0.620391 0.904679
0.620539 0.400939
0.621206 0.609325
0.621453 0.762724
0.622575 0.615524
0.622987 0.537306
0.623431 0.00517284
0.624058 0.535154
0.625506 0.883372
0.625561 0.798063
0.627191 0.205445
0.62726 0.352399
0.627674 0.324105
0.627801 0.453848
0.627854 0.345013
0.629692 0.237884
0.630179 0.414053
0.630437 0.759934
0.631524 0.0201216
0.631533 0.175702
0.631741 0.66667
0.632043 0.742188
0.632352 0.932917
0.632365 0.15139
0.632396 0.671781
0.632614 0.340384
0.63326 0.204042
0.635476 0.439027
0.635866 0.999473
0.636925 0.804448
0.637139 0.393503
0.637816 0.781152
0.639774 0.678747
0.640138 0.807327
0.6408 0.930922
0.641116 0.24019
0.641321 0.686477
0.642406 0.917417
0.642471 0.0121305
0.643667 0.113612
0.645633 0.160519
0.646931 0.96332
0.64707 0.309666
0.647646 0.985257
0.647858 0.541802
0.648198 0.255811
0.649424 0.867736
0.650809 0.149009
0.651747 0.919182
0.652798 0.57832
0.653624 0.454598
0.65492 0.235188
0.655434 0.879483
0.655994 0.293596
0.65662 0.811508
0.656893 0.3956
0.657395 0.830384
0.659207 0.286011
0.660845 0.813441
0.662107 0.0366295
0.662346 0.0490603
0.662973 0.582845
0.663534 0.0113343
0.663576 0.725561
0.665599 0.714348
0.665893 0.666256
0.666319 0.818845
0.666928 0.0613165
0.667139 0.602326
0.667167 0.0695367
0.667439 0.651031
0.669018 0.182626
0.670476 0.689078
0.671816 0.203515
0.673021 0.460546
0.673096 0.731885
0.674367 0.0918386
0.675479 0.782758
0.676141 0.902135
0.67619 0.729468
0.677418 0.361241
0.677458 0.0371575
0.678769 0.0717132
0.682113 0.266062
0.68616 0.283143
0.686289 0.452746
0.68776 0.187375
0.689727 0.234564
0.690287 0.661222
0.690526 0.665623
0.691536 0.653525
0.691697 0.352487
0.691903 0.811124
0.692214 0.0328542
0.69297 0.740381
0.695798 0.273921
0.69597 0.165811
0.696918 0.101051
0.700169 0.740182
0.700357 0.899108
0.700451 0.481647
0.701147 0.173586
0.702107 0.309023
0.702173 0.414028
0.702293 0.432731
0.702423 0.623261
0.702562 0.958744
0.703061 0.350231
0.703251 0.533169
0.703416 0.319615
0.703668 0.551035
0.703799 0.758032
0.704524 0.942038
0.705063 0.985619
0.705866 0.488508
0.706425 0.877952
0.706533 0.697168
0.708142 0.747167
0.708619 0.754395
0.708851 0.665772
0.710319 0.327163
0.711121 0.803724
0.711438 0.143586
0.711694 0.43811
0.713573 0.0293748
0.714753 0.861723
0.714976 0.595731
0.716594 0.795565
0.717079 0.945406
0.717558 0.99604
0.718218 0.0886896
0.71834 0.138541
0.71919 0.4179
0.719782 0.374419
0.722366 0.799804
0.722872 0.314009
0.723263 0.87318
0.725645 0.914998
0.726029 0.371526
0.727295 0.650821
0.72896 0.63143
0.729306 0.453442
0.73216 0.41917
0.732404 0.518004
0.734672 0.636335
0.734776 0.382899
0.735536 0.151096
0.736067 0.0722415
0.736126 0.0776717
0.736259 0.301597
0.736636 0.647217
0.738258 0.903871
0.741537 0.0142127
0.741762 0.790209
0.741993 0.684548
0.743413 0.541818
0.743488 0.809932
0.744173 0.309639
0.744587 0.275296
0.744846 0.6297
0.744986 0.984365
0.746586 0.86428
0.749505 0.935467
0.750135 0.51538
0.750267 0.743242
0.750996 0.995877
0.751629 0.636483
0.753185 0.781769
0.753419 0.71369
0.753975 0.0513781
0.754153 0.0452069
0.756698 0.81572
0.756705 0.93364
0.758559 0.104472
0.758779 0.793666
0.761224 0.899018
0.76129 0.000438133
0.761895 0.164434
0.762291 0.828713
0.763566 0.25325
0.7636 0.828872
0.764477 0.562082
0.767253 0.215805
0.768158 0.433687
0.769018 0.881392
0.770128 0.546946
0.770437 0.742168
0.770653 0.366951
0.771874 0.878362
0.772396 0.665113
0.772992 0.681926
0.774002 0.646231
0.774525 0.44174
0.774802 0.0892494
0.775749 0.0173744
0.776428 0.428135
0.776539 0.287625
0.778872 0.505734
0.780836 0.517046
0.781585 0.103233
0.781976 0.674511
0.782535 0.0700909
0.785081 0.851498
0.785458 0.199193
0.785589 0.396845
0.785753 0.151062
0.785815 0.184604
0.786569 0.859965
0.787169 0.957453
0.787584 0.924463
0.787712 0.0835939
0.788458 0.60836
0.788519 0.634843
0.789183 0.807517
0.790479 0.585149
0.790994 0.237873
0.791491 0.586645
0.792194 0.402537
0.792576 0.822194
0.792773 0.13069
0.793254 0.224189
0.793304 0.0680284
0.793436 0.286828
0.794181 0.797169
0.794401 0.502141
0.794712 0.722862
0.794774 0.767979
0.794882 0.584941
0.795265 0.0178882
0.796801 0.827352
0.797233 0.101548
0.797278 0.849733
0.797506 0.682337
0.797608 0.400452
0.798275 0.610396
0.798806 0.525397
0.799068 0.939736
0.800069 0.76747
0.80096 0.727536
0.801086 0.849453
0.801848 0.667426
0.80279 0.486592
0.802871 0.852528
0.802937 0.955772
0.80315 0.548365
0.806432 0.702707
0.807418 0.275584
0.807906 0.481986
0.808474 0.0285676
0.808864 0.573361
0.808993 0.751823
0.810504 0.133443
0.812153 0.861714
0.814022 0.276337
0.817381 0.730083
0.817442 0.73927
0.817688 0.879787
0.818261 0.50594
0.818639 0.860857
0.820636 0.436694
0.821619 0.951679
0.822019 0.680063
0.822718 0.42364
0.823431 0.407447
0.824037 0.586298
0.824116 0.918651
0.82443 0.189132
0.824452 0.564351
0.824528 0.83983
0.825614 0.0898669
0.825741 0.22591
0.826029 0.0645002
0.826288 0.423874
0.826348 0.437561
0.827165 0.160364
0.827339 0.0789343
0.827521 0.149602
0.827778 0.468138
0.82786 0.850612
0.827999 0.175255
0.82887 0.81566
0.829252 0.240687
0.829677 0.380214
0.829695 0.691437
0.829751 0.62283
0.829815 0.698056
0.830544 0.951849
0.830624 0.295973
0.830796 0.196065
0.832867 0.995265
0.833091 0.758003
0.83629 0.526123
0.836833 0.653227
0.836928 0.242747
0.837869 0.0606451
0.838785 0.466806
0.839598 0.117231
0.839921 0.547549
0.839959 0.193021
0.841351 0.589819
0.841451 0.273498
0.841754 0.367369
0.843673 0.604238
0.845667 0.119553
0.846228 0.550853
0.846497 0.071974
0.847305 0.658144
0.847459 0.235641
0.847626 0.0539796
0.848869 0.933817
0.849049 0.969439
0.849467 0.996571
0.850503 0.398323
0.850877 0.69481
0.855495 0.308679
0.85576 0.751849
0.856049 0.622817
0.856119 0.787538
0.856238 0.789335
0.856395 0.435971
0.857017 0.876394
0.857279 0.29193
0.858466 0.24439
0.8585 0.801799
0.860204 0.439909
0.86034 0.742231
0.860573 0.642651
0.861296 0.806363
0.861919 0.275767
0.862004 0.706858
0.862569 0.191157
0.863774 0.447382
0.864226 0.0421924
0.864854 0.607173
0.865059 0.0494055
0.865455 0.709043
0.86553 0.968298
0.866546 0.0378599
0.867027 0.116544
0.867122 0.714164
0.867978 0.105378
0.869451 0.857249
0.869934 0.975635
0.870012 0.292907
0.871821 0.698266
0.871837 0.971077
0.872545 0.861805
0.873008 0.641514
0.873038 0.150768
0.875889 0.0709225
0.87601 0.103759
0.876362 0.0229441
0.876596 0.948721
0.876596 0.952642
0.877514 0.378001
0.878021 0.893381
0.88055 0.401421
0.880986 0.736419
0.882289 0.634679
0.885093 0.75166
0.885395 0.837908
0.887287 0.63672
0.887902 0.967997
0.887967 0.0542895
0.888436 0.952207
0.889297 0.414868
0.891079 0.363777
0.89146 0.763141
0.892097 0.482496
0.893165 0.4167
0.893655 0.656904
0.893707 0.528887
0.893978 0.089633
0.894158 0.111942
0.895219 0.943291
0.896886 0.964448
0.897404 0.67209
0.897456 0.539072
0.897968 0.14861
0.898918 0.107735
0.899726 0.690227
0.901252 0.342584
0.901887 0.015279
0.902811 0.544901
0.903098 0.360184
0.904591 0.46432
0.904649 0.443516
0.905361 0.398835
0.905821 0.130756
0.906247 0.292236
0.907502 0.386947
0.907915 0.335174
0.909021 0.918394
0.909485 0.713443
0.909601 0.661629
0.911538 0.225477
0.912377 0.318898
0.913659 0.873595
0.913919 0.240255
0.9144 0.316442
0.914895 0.64575
0.914999 0.382523
0.917478 0.0551214
0.91798 0.495211
0.919268 0.145868
0.920202 0.834545
0.920302 0.520674
0.920781 0.561931
0.920853 0.774424
0.92219 0.24364
0.9225 0.454711
0.923333 0.456469
0.923385 0.33105
0.92345 0.421874
0.923857 0.269016
0.924911 0.984989
0.924969 0.956045
0.925771 0.428334
0.926475 0.267244
0.927057 0.049039
0.927973 0.440635
0.928518 0.599436
0.929238 0.697696
0.929386 0.196687
0.92959 0.627
0.930708 0.414489
0.930725 0.695252
0.932028 0.598481
0.93204 0.794571
0.934021 0.0874372
0.934961 0.8983
0.935652 0.510096
0.938992 0.646021
0.939966 0.0156782
0.941381 0.790451
0.942394 0.809986
0.942901 0.342419
0.942959 0.307998
0.943396 0.660613
0.944603 0.937922
0.944884 0.658561
0.945703 0.430091
0.945757 0.330929
0.946982 0.930638
0.94796 0.365238
0.948129 0.19678
0.948178 0.0302096
0.948323 0.460203
0.948449 0.585665
0.948657 0.0804991
0.949176 0.809241
0.949893 0.845516
0.954008 0.011743
0.954236 0.836513
0.954838 0.962293
0.955722 0.81376
0.958535 0.0988753
0.959273 0.507513
0.960014 0.962883
0.960511 0.308085
0.961112 0.406489
0.963208 0.630519
0.963923 0.654452
0.964481 0.0263963
0.964597 0.987097
0.964848 0.194585
0.968569 0.734757
0.968592 0.119494
0.968809 0.773383
0.97221 0.9354
0.972717 0.447672
0.973427 0.382815
0.973848 0.464622
0.975581 0.597843
0.976741 0.0843211
0.977353 0.379393
0.977816 0.151041
0.978438 0.606733
0.979315 0.353499
0.979965 0.27076
0.980007 0.985566
0.981646 0.527334
0.981914 0.0358941
0.982172 0.367649
0.982748 0.0444063
0.984582 0.875277
0.986679 0.119147
0.987583 0.299635
0.987727 0.731726
0.988192 0.540024
0.989956 0.193151
0.990372 0.185652
0.990665 0.110716
0.991287 0.564741
0.992057 0.503733
0.994049 0.979893
0.994121 0.197081
0.994773 0.154311
0.995998 0.73897
0.997811 0.218084
0.998571 0.975919
0.999742 0.669396
