0.000273987 0.60491
0.000714534 0.00918796
0.00148437 0.947749
0.0027663 0.493196
0.00330278 0.509784
0.00442207 0.321793
0.0045441 0.372693
0.00468365 0.718099
0.00677656 0.893606
0.00852963 0.357547
0.00874554 0.986243
0.0096027 0.39253
0.0104781 0.10468
0.0105357 0.0726924
0.0122569 0.00130888
0.0137093 0.411645
0.0142638 0.732099
0.0172514 0.943948
0.0179877 0.319966
0.0187541 0.200174
0.0192116 0.889347
0.0205986 0.200916
0.0221802 0.782834
0.0233603 0.616357
0.0238897 0.514954
0.0247671 0.261243
0.0248532 0.707391
0.0259999 0.981054
0.0274944 0.097736
0.0280201 0.93312
0.0284516 0.186294
0.0298863 0.299439
0.0317296 0.278713
0.0317812 0.145969
0.031946 0.917114
0.0320375 0.454393
0.0323011 0.884094
0.0328235 0.664702
0.03402 0.774143
0.0340296 0.935835
0.0340418 0.140143
0.0350302 0.752645
0.0355631 0.708492
0.0356716 0.533186
0.0364405 0.455336
0.0369716 0.380997
0.0385085 0.212532
0.0390432 0.199606
0.0399637 0.670202
0.0401461 0.735861
0.0445365 0.524381
0.0449533 0.529967
0.0457734 0.313385
0.0457785 0.399835
0.0463872 0.628916
0.0473821 0.351464
0.0478908 0.899886
0.0483823 0.160705
0.0486943 0.404678
0.0508589 0.785688
0.0512325 0.064127
0.0513995 0.871446
0.0526025 0.0905889
0.0535341 0.746841
0.0538614 0.248936
0.0541586 0.244288
0.0548579 0.99674
0.0556028 0.516935
0.0556224 0.844961
0.0562537 0.456383
0.0571641 0.756912
0.0573693 0.205852
0.0586193 0.214089
0.0604001 0.143745
0.0610639 0.3014
0.0622169 0.680195
0.0633001 0.885128
0.0635403 0.921132
0.0641957 0.936496
0.0649651 0.868695
0.0650068 0.569765
0.0663041 0.373741
0.0676218 0.519446
0.0696665 0.885222
0.0698286 0.608704
0.0707246 0.667875
0.072651 0.044837
0.0745847 0.544743
0.0748914 0.699613
0.0755895 0.433031
0.075854 0.878745
0.0774836 0.266388
0.077802 0.617927
0.078348 0.795182
0.0785632 0.412389
0.0810287 0.849649
0.0812998 0.405081
0.0816131 0.67078
0.0818885 0.299467
0.0835176 0.680176
0.0839365 0.720371
0.0847912 0.0849282
0.0853837 0.0430126
0.0857595 0.359394
0.0858323 0.583657
0.087136 0.494931
0.0918017 0.91163
0.0919051 0.649342
0.0919399 0.233416
0.0920324 0.788954
0.0929472 0.163989
0.0936216 0.497981
0.0939125 0.38684
0.0945378 0.897552
0.0946314 0.470636
0.0948222 0.677006
0.0955698 0.240825
0.0959056 0.886087
0.0963702 0.694268
0.0968741 0.162532
0.096949 0.422562
0.0973827 0.711299
0.0986589 0.159918
0.0992143 0.494616
0.0993083 0.0746195
0.0995694 0.46324
0.100436 0.0306416
0.100864 0.218567
0.101698 0.231689
0.102335 0.946129
0.102632 0.943501
0.10273 0.578202
0.103563 0.585415
0.104033 0.477057
0.10688 0.33442
0.107576 0.0220071
0.107793 0.673963
0.107809 0.945037
0.110265 0.225981
0.11318 0.222371
0.113375 0.486593
0.114259 0.346481
0.118555 0.559201
0.118995 0.953774
0.12043 0.0700106
0.121281 0.372998
0.122197 0.766386
0.123203 0.667031
0.12347 0.158076
0.125048 0.673455
0.125115 0.807848
0.125601 0.970923
0.126458 0.378181
0.126599 0.751215
0.126606 0.868313
0.127243 0.572759
0.127994 0.19249
0.128285 0.0802375
0.128707 0.175279
0.129493 0.387388
0.12999 0.748893
0.1305 0.313829
0.130964 0.106154
0.131382 0.142224
0.131627 0.262252
0.131687 0.263072
0.132125 0.631395
0.132731 0.802639
0.135661 0.0478995
0.136463 0.527122
0.136467 0.604869
0.136512 0.363096
0.13757 0.136452
0.137601 0.667119
0.138335 0.996358
0.138339 0.0666312
0.13841 0.258775
0.140208 0.477475
0.143361 0.468209
0.144591 0.138573
0.14623 0.687479
0.146371 0.0493758
0.148101 0.131741
0.148328 0.94096
0.151319 0.225954
0.151604 0.0141427
0.15162 0.272984
0.153699 0.213919
0.154775 0.29511
0.155904 0.286335
0.155972 0.427834
0.156672 0.178431
0.156817 0.617746
0.157174 0.629376
0.157473 0.649287
0.160106 0.897216
0.160238 0.120484
0.160496 0.450657
0.160497 0.470004
0.16364 0.28902
0.164619 0.750684
0.164886 0.236195
0.167088 0.254671
0.16775 0.374995
0.168487 0.766744
0.169012 0.586749
0.169503 0.83377
0.170427 0.373261
0.170718 0.252204
0.171484 0.131144
0.171839 0.103838
0.172609 0.0438863
0.172727 0.0229011
0.173127 0.748922
0.173242 0.671884
0.174944 0.277076
0.176583 0.827813
0.176652 0.993528
0.176926 0.595511
0.177417 0.84704
0.180016 0.523362
0.182669 0.113756
0.182784 0.0519016
0.183351 0.587706
0.183358 0.692439
0.184345 0.2936
0.184497 0.849403
0.185963 0.485154
0.186208 0.603155
0.188818 0.464406
0.189502 0.952655
0.189545 0.683646
0.190563 0.794045
0.191359 0.171862
0.191553 0.427608
0.191579 0.863091
0.192647 0.824405
0.192671 0.2148
0.193091 0.281017
0.193276 0.387366
0.194672 0.851682
0.19483 0.511231
0.196328 0.680474
0.197123 0.0382159
0.197564 0.458592
0.197573 0.602136
0.198901 0.930736
0.198956 0.849434
0.198996 0.533013
0.199398 0.277488
0.200597 0.434608
0.201166 0.00311092
0.201432 0.460408
0.201747 0.758547
0.201895 0.247286
0.202258 0.352519
0.20345 0.377631
0.203508 0.354182
0.20431 0.830876
0.204937 0.382184
0.205045 0.188479
0.205051 0.294268
0.206447 0.752487
0.206845 0.446944
0.206847 0.471002
0.207243 0.125115
0.207354 0.000993509
0.207427 0.228419
0.20981 0.282955
0.210553 0.761975
0.210638 0.198631
0.211675 0.613954
0.21192 0.747004
0.212288 0.918684
0.215662 0.633533
0.216652 0.278146
0.217068 0.269755
0.218909 0.199175
0.219994 0.447325
0.220203 0.954126
0.220606 0.726181
0.220921 0.0143259
0.221341 0.0810913
0.221516 0.0160972
0.222656 0.185497
0.22316 0.644918
0.224683 0.239814
0.224691 0.382888
0.22547 0.477335
0.226981 0.870022
0.22764 0.951597
0.229126 0.915758
0.230767 0.501988
0.232851 0.532418
0.234055 0.758182
0.237544 0.399195
0.2385 0.463921
0.239101 0.571982
0.24228 0.00413149
0.24331 0.311959
0.243988 0.706542
0.244143 0.312817
0.244928 0.502723
0.251775 0.590336
0.251782 0.697291
0.251917 0.963667
0.25244 0.762924
0.252618 0.757645
0.255399 0.487424
0.255796 0.158363
0.256369 0.78702
0.257208 0.892658
0.257493 0.679617
0.257552 0.673386
0.259537 0.0451187
0.259611 0.281474
0.259756 0.726572
0.260026 0.253877
0.261816 0.336883
0.261952 0.627974
0.262344 0.21521
0.26334 0.956682
0.26461 0.305233
0.265055 0.780786
0.266346 0.481022
0.266517 0.352901
0.266942 0.489618
0.267446 0.97204
0.268123 0.343692
0.268386 0.768354
0.268783 0.428257
0.270779 0.986015
0.272015 0.748879
0.272367 0.675898
0.272408 0.361481
0.272739 0.917209
0.273436 0.640429
0.273575 0.972116
0.273865 0.844868
0.274393 0.724627
0.276354 0.679402
0.27651 0.299749
0.279416 0.150154
0.281461 0.514684
0.282663 0.714207
0.284165 0.963514
0.285304 0.105913
0.285312 0.239737
0.28679 0.0767663
0.28777 0.547807
0.29006 0.0382349
0.292138 0.958532
0.292209 0.151224
0.292866 0.191319
0.293378 0.808661
0.294676 0.617316
0.295253 0.321544
0.295812 0.710151
0.296758 0.611142
0.297246 0.816072
0.298193 0.722385
0.298745 0.00726882
0.29945 0.858192
0.299913 0.631952
0.300216 0.735332
0.301445 0.379925
0.301608 0.125118
0.301953 0.926273
0.30199 0.546654
0.302338 0.397741
0.305118 0.117362
0.306391 0.521034
0.306657 0.977502
0.306692 0.571398
0.307708 0.652723
0.308476 0.550071
0.309693 0.0178184
0.310027 0.618986
0.310354 0.112495
0.310659 0.25186
0.311994 0.6883
0.312142 0.178369
0.313552 0.867615
0.313684 0.0907421
0.313733 0.902814
0.314051 0.258242
0.314121 0.432401
0.314289 0.250629
0.314529 0.281883
0.315626 0.725567
0.316218 0.677531
0.31793 0.44631
0.321411 0.962508
0.321901 0.196748
0.322528 0.728529
0.325602 0.396043
0.326616 0.442196
0.326722 0.211527
0.327241 0.931323
0.329206 0.960887
0.329226 0.304167
0.331201 0.489084
0.331866 0.679109
0.332357 0.931663
0.332525 0.743686
0.33561 0.591152
0.336997 0.901773
0.338524 0.576076
0.339223 0.324239
0.339258 0.912203
0.340166 0.169389
0.341387 0.699395
0.341405 0.992618
0.341647 0.0693815
0.343469 0.68048
0.343759 0.55259
0.34407 0.776872
0.344134 0.861998
0.344885 0.486362
0.345341 0.14358
0.346344 0.99884
0.346466 0.0464059
0.347813 0.686824
0.347851 0.323374
0.348893 0.841301
0.349047 0.432166
0.349685 0.1602
0.350917 0.866026
0.350923 0.956851
0.353639 0.612164
0.354224 0.444902
0.355695 0.162752
0.356004 0.356479
0.356664 0.456697
0.356942 0.127748
0.357627 0.643921
0.358195 0.177292
0.358535 0.894572
0.359607 0.91143
0.360433 0.80358
0.360934 0.222397
0.360943 0.361276
0.361286 0.125875
0.36138 0.70544
0.363728 0.170337
0.364736 0.121079
0.365651 0.489728
0.366387 0.873243
0.366675 0.701644
0.367501 0.594513
0.367703 0.980068
0.369789 0.038508
0.370218 0.253372
0.370597 0.61909
0.371312 0.642772
0.371453 0.0137475
0.372018 0.514271
0.37281 0.823575
0.372839 0.30406
0.375215 0.244926
0.377237 0.219907
0.377327 0.731218
0.377907 0.488235
0.378194 0.30009
0.378926 0.614992
0.38241 0.166463
0.382529 0.161804
0.383239 0.097776
0.383562 0.529808
0.384758 0.627659
0.385708 0.601904
0.386881 0.303842
0.386919 0.95257
0.387825 0.176916
0.38844 0.511011
0.389229 0.776589
0.389925 0.470985
0.39017 0.587843
0.390309 0.919467
0.390805 0.263363
0.391407 0.376104
0.391625 0.0378355
0.392372 0.594408
0.394299 0.986678
0.394582 0.747889
0.396083 0.973912
0.396331 0.139216
0.396584 0.386438
0.398555 0.505793
0.399222 0.718217
0.399514 0.627644
0.399868 0.58186
0.401851 0.908395
0.40202 0.752075
0.403151 0.762608
0.404217 0.683389
0.405232 0.729323
0.405291 0.717598
0.405568 0.37939
0.405637 0.537974
0.405762 0.6339
0.408243 0.332912
0.408471 0.179072
0.409179 0.0742611
0.410385 0.347602
0.412651 0.4267
0.413921 0.76755
0.414636 0.78123
0.415161 0.614274
0.415195 0.186272
0.415466 0.745101
0.415958 0.00301585
0.416517 0.400709
0.416747 0.272664
0.418112 0.210132
0.418823 0.152953
0.419075 0.396434
0.419975 0.511892
0.420355 0.90429
0.420639 0.683181
0.422092 0.0978528
0.423113 0.262967
0.428436 0.727665
0.428791 0.695874
0.432456 0.296522
0.433045 0.192544
0.434114 0.16044
0.43426 0.607025
0.435328 0.552444
0.437387 0.168483
0.437998 0.427734
0.438554 0.775377
0.439367 0.440672
0.439389 0.805709
0.440646 0.93221
0.441314 0.163183
0.444477 0.324391
0.444624 0.800686
0.445049 0.942639
0.446078 0.230345
0.447846 0.953432
0.448604 0.684032
0.448613 0.839463
0.449375 0.648084
0.449511 0.936256
0.449734 0.684703
0.449985 0.904274
0.450191 0.35467
0.451701 0.741878
0.453253 0.826102
0.454103 0.114595
0.454278 0.0461574
0.4546 0.463868
0.454603 0.505981
0.454713 0.365581
0.45598 0.655129
0.456287 0.816581
0.45657 0.578441
0.456707 0.871779
0.456773 0.984688
0.45811 0.452551
0.458175 0.549894
0.458741 0.0591753
0.458759 0.370125
0.460848 0.472831
0.460973 0.568099
0.461871 0.670283
0.462275 0.455307
0.462518 0.544671
0.464482 0.555569
0.464922 0.945423
0.465244 0.360714
0.465628 0.807584
0.465939 0.0324215
0.466492 0.327699
0.467307 0.030912
0.46764 0.630311
0.468976 0.0826386
0.471121 0.123312
0.471868 0.678091
0.473711 0.659651
0.473739 0.123989
0.473915 0.0946364
0.477708 0.835045
0.479499 0.931739
0.481357 0.171154
0.482313 0.237328
0.482972 0.314881
0.48302 0.120144
0.484214 0.189984
0.484637 0.290207
0.484773 0.574951
0.485466 0.219665
0.486389 0.735497
0.48738 0.395473
0.488503 0.263386
0.488589 0.713244
0.488846 0.0376577
0.489029 0.106338
0.489596 0.634254
0.490629 0.000622794
0.490659 0.506785
0.490807 0.991994
0.490952 0.437273
0.491329 0.764603
0.491684 0.736616
0.49189 0.196513
0.492074 0.280298
0.492268 0.549153
0.494749 0.245888
0.496687 0.825138
0.497206 0.535152
0.497228 0.912132
0.499247 0.844483
0.499496 0.028867
0.499613 0.0031
0.500624 0.981375
0.500897 0.572488
0.501729 0.562099
0.501781 0.426569
0.501907 0.550747
0.502025 0.540719
0.502429 0.324146
0.502473 0.0552933
0.502535 0.104512
0.502618 0.496033
0.502829 0.0434519
0.503436 0.253076
0.50407 0.899255
0.508699 0.703555
0.509019 0.0855613
0.510199 0.915945
0.510618 0.950685
0.512225 0.971397
0.516977 0.836271
0.517786 0.43141
0.518033 0.573289
0.51914 0.181085
0.519611 0.105088
0.51974 0.271536
0.519971 0.149001
0.520133 0.876264
0.520585 0.468562
0.521026 0.889487
0.521058 0.414362
0.521064 0.514696
0.524361 0.930149
0.526405 0.282611
0.526929 0.0916205
0.527434 0.57949
0.527733 0.606586
0.527834 0.312171
0.528133 0.325016
0.532586 0.176716
0.533075 0.393105
0.536876 0.274756
0.537722 0.49109
0.539134 0.23206
0.540683 0.251999
0.540931 0.423735
0.542217 0.0495196
0.544219 0.691277
0.54459 0.921647
0.544805 0.534901
0.545491 0.0623605
0.546384 0.0819927
0.549913 0.38593
0.551481 0.749673
0.552349 0.33549
0.552599 0.53508
0.553901 0.416568
0.554658 0.140084
0.556111 0.562528
0.558676 0.676055
0.559473 0.0570335
0.559932 0.775454
0.559953 0.131624
0.56002 0.252712
0.560059 0.913422
0.560815 0.623125
0.561263 0.146692
0.561783 0.890492
0.562327 0.0250698
0.563003 0.396338
0.566563 0.221277
0.56858 0.118182
0.568636 0.0664252
0.571346 0.609993
0.571348 0.640657
0.572259 0.961252
0.57432 0.600371
0.574818 0.973585
0.575635 0.698485
0.575885 0.893661
0.575966 0.252468
0.576898 0.928771
0.576942 0.656405
0.577604 0.78605
0.578718 0.515897
0.578786 0.661897
0.579178 0.250401
0.580426 0.212141
0.581341 0.604254
0.582183 0.749164
0.582989 0.298307
0.584967 0.538056
0.58598 0.561959
0.586701 0.691618
0.587309 0.90964
0.587946 0.61263
0.588621 0.951106
0.592946 0.636483
0.593411 0.462618
0.59496 0.486571
0.595068 0.307337
0.59581 0.771214
0.595826 0.0498246
0.596507 0.499678
0.601022 0.380969
0.601344 0.782674
0.601372 0.262501
0.60237 0.027155
0.60237 0.0275855
0.602931 0.457883
0.603104 0.369848
0.603405 0.420595
0.605188 0.395292
0.60621 0.574282
0.60934 0.17416
0.609805 0.998932
0.61223 0.752982
0.612939 0.67154
0.613227 0.509872
0.613824 0.547817
0.614214 0.0890806
0.614227 0.305206
0.614349 0.36646
0.614673 0.807642
0.61546 0.0308559
0.616328 0.620453
0.616913 0.459975
0.61833 0.280822
0.62055 0.58453
0.622267 0.441997
0.622857 0.353921
0.623553 0.0519015
0.624363 0.666732
0.625111 0.232899
0.62589 0.335932
0.627289 0.852621
0.629102 0.321061
0.629161 0.306181
0.629849 0.865643
0.630136 0.688463
0.631473 0.162078
0.632028 0.501699
0.635128 0.598763
0.635369 0.653989
0.635817 0.180741
0.636205 0.704122
0.636804 0.76387
0.639133 0.903801
0.639372 0.927659
0.640068 0.627502
0.640076 0.753999
0.640711 0.428721
0.642862 0.58567
0.643682 0.35983
0.64547 0.417228
0.646763 0.152714
0.646909 0.592569
0.647764 0.973437
0.648452 0.540748
0.649074 0.981297
0.649486 0.917244
0.650162 0.271326
0.650908 0.818804
0.651547 0.543552
0.653126 0.0967398
0.653972 0.312087
0.654137 0.0799767
0.654266 0.240524
0.654906 0.0121049
0.657437 0.541629
0.65753 0.099123
0.65803 0.504487
0.661425 0.569261
0.661648 0.310367
0.662596 0.252885
0.662806 0.776653
0.663766 0.921537
0.66421 0.383691
0.664754 0.515772
0.664802 0.324424
0.664933 0.532884
0.665991 0.302538
0.666655 0.465735
0.666655 0.476582
0.666708 0.357738
0.667578 0.984267
0.669967 0.138245
0.670093 0.245197
0.671174 0.419631
0.67201 0.475016
0.672821 0.0954966
0.673358 0.135352
0.674304 0.0201582
0.675176 0.678196
0.67547 0.619414
0.675742 0.192088
0.676681 0.970674
0.677086 0.779787
0.677819 0.103674
0.678171 0.0210194
0.678959 0.258415
0.679027 0.402317
0.682126 0.487039
0.682235 0.325438
0.682655 0.378445
0.682655 0.378851
0.683626 0.700557
0.683729 0.42703
0.683796 0.560946
0.686466 0.435328
0.687187 0.548028
0.687316 0.722616
0.687793 0.73051
0.687961 0.562184
0.690285 0.614475
0.692628 0.00207952
0.692974 0.809997
0.69323 0.119204
0.693395 0.897729
0.693527 0.113476
0.693627 0.78745
0.693796 0.636413
0.695686 0.395146
0.695846 0.0873469
0.696344 0.461719
0.696555 0.00413678
0.69718 0.502538
0.697248 0.651253
0.697911 0.790204
0.698868 0.872868
0.700467 0.753911
0.700898 0.986556
0.70339 0.869864
0.703862 0.80844
0.705258 0.275605
0.705583 0.733128
0.705651 0.872483
0.709004 0.22404
0.711512 0.387657
0.711798 0.192164
0.71184 0.893633
0.713188 0.556631
0.713741 0.845459
0.714041 0.892223
0.714134 0.452511
0.714137 0.496808
0.714309 0.393285
0.715831 0.976215
0.717174 0.538769
0.717189 0.792461
0.717521 0.371605
0.717846 0.83114
0.71785 0.902266
0.718005 0.508345
0.719089 0.729659
0.720144 0.468258
0.720527 0.904202
0.722112 0.542361
0.722746 0.193525
0.725229 0.926951
0.726363 0.985388
0.726821 0.672386
0.727663 0.823408
0.727847 0.922001
0.728398 0.190825
0.729033 0.85855
0.729067 0.427128
0.729939 0.0818944
0.731012 0.111392
0.732453 0.330882
0.732922 0.219126
0.733009 0.686985
0.733082 0.906342
0.734591 0.270039
0.734632 0.96207
0.735042 0.843413
0.735418 0.163887
0.736684 0.445757
0.737185 0.863738
0.739462 0.143183
0.740492 0.443802
0.741929 0.597864
0.742034 0.366357
0.742146 0.247519
0.743248 0.770101
0.743357 0.597371
0.744242 0.480237
0.744352 0.315442
0.744599 0.467363
0.744703 0.219945
0.744862 0.899193
0.745189 0.394971
0.745267 0.708111
0.745784 0.387648
0.746772 0.993122
0.747269 0.34558
0.74782 0.610013
0.750223 0.996262
0.750497 0.595983
0.750787 0.48064
0.751021 0.409696
0.754801 0.932829
0.758086 0.151958
0.758126 0.830026
0.758309 0.904725
0.758776 0.743937
0.758874 0.396741
0.75934 0.227266
0.762027 0.387585
0.762908 0.187414
0.762971 0.254672
0.763307 0.901429
0.764042 0.248974
0.764457 0.23361
0.765122 0.399608
0.766198 0.482998
0.766231 0.0369011
0.766907 0.411128
0.767268 0.468472
0.767603 0.0985973
0.768156 0.397028
0.768519 0.500188
0.769089 0.0770262
0.770734 0.723668
0.77155 0.442636
0.772109 0.84
0.77229 0.877735
0.77587 0.0432614
0.776145 0.668559
0.778184 0.942758
0.780141 0.824662
0.782262 0.484402
0.782282 0.806097
0.782636 0.756274
0.783218 0.547845
0.783621 0.320448
0.784183 0.771455
0.784957 0.765153
0.785207 0.98024
0.786325 0.765584
0.78665 0.234432
0.787082 0.487637
0.787085 0.536067
0.787617 0.481098
0.788131 0.11453
0.789244 0.820296
0.789302 0.796362
0.790384 0.985861
0.791813 0.993593
0.79301 0.127132
0.795831 0.525589
0.795976 0.976213
0.79787 0.793307
0.798904 0.188
0.799049 0.609103
0.800084 0.017343
0.801475 0.395099
0.802723 0.371162
0.802933 0.898107
0.803074 0.265138
0.804141 0.198989
0.804331 0.38728
0.805701 0.422351
0.806207 0.92405
0.806439 0.814092
0.806968 0.71319
0.807567 0.784546
0.807642 0.0462893
0.808739 0.476982
0.811361 0.548989
0.811859 0.907168
0.813294 0.0246727
0.815626 0.228842
0.816284 0.283808
0.819556 0.281419
0.820042 0.44397
0.820269 0.263786
0.820864 0.259586
0.820965 0.958604
0.822315 0.646051
0.82384 0.271995
0.824448 0.491989
0.824988 0.572111
0.826501 0.00364743
0.826895 0.615936
0.827366 0.54105
0.832322 0.834508
0.833097 0.86614
0.833209 0.750683
0.834057 0.0014292
0.834075 0.300608
0.834213 0.610561
0.834217 0.679621
0.835765 0.696264
0.835987 0.43651
0.83781 0.0651779
0.84008 0.220653
0.84042 0.946104
0.841502 0.130665
0.844166 0.894727
0.844229 0.964693
0.845185 0.0254675
0.84569 0.503679
0.846923 0.237798
0.84817 0.192205
0.850017 0.228431
0.850121 0.988558
0.850643 0.748613
0.851123 0.820942
0.852598 0.619607
0.853324 0.810249
0.853818 0.12399
0.854837 0.238835
0.855062 0.0241839
0.856277 0.445161
0.856316 0.0981701
0.85686 0.244026
0.856954 0.833053
0.857114 0.51522
0.858259 0.753109
0.858383 0.837866
0.85852 0.150707
0.858719 0.494233
0.858865 0.951995
0.858953 0.418938
0.859158 0.875141
0.859165 0.983192
0.85988 0.00945723
0.859885 0.0826025
0.85992 0.670637
0.860706 0.889805
0.861109 0.666924
0.862037 0.249351
0.863534 0.420238
0.864268 0.755699
0.864319 0.60144
0.864379 0.621881
0.865622 0.509662
0.866256 0.169365
0.867604 0.81725
0.867797 0.0726126
0.868704 0.306766
0.870568 0.631934
0.870699 0.835714
0.87081 0.70732
0.872404 0.499776
0.873671 0.791539
0.875545 0.277194
0.877132 0.954031
0.878053 0.432438
0.87916 0.0376817
0.880037 0.774555
0.880877 0.898491
0.881483 0.0932913
0.88257 0.353823
0.883235 0.530176
0.88397 0.888568
0.885569 0.75208
0.886627 0.546418
0.887193 0.0600277
0.888071 0.812828
0.891644 0.865764
0.891839 0.141335
0.892523 0.629631
0.895711 0.219998
0.896227 0.885205
0.897884 0.743691
0.898777 0.743593
0.899306 0.639474
0.899543 0.626657
0.899914 0.852104
0.900822 0.111301
0.901184 0.204998
0.901287 0.924866
0.90209 0.428562
0.902636 0.596911
0.902961 0.0616187
0.903004 0.783679
0.90308 0.0675954
0.903338 0.406871
0.904871 0.160134
0.905535 0.322955
0.905666 0.526375
0.907176 0.91201
0.908253 0.00579305
0.908862 0.247341
0.909755 0.244801
0.910387 0.868753
0.912299 0.0122852
0.913166 0.588444
0.914165 0.37239
0.914382 0.0108224
0.914702 0.395881
0.914928 0.202658
0.91564 0.164567
0.916511 0.800551
0.916625 0.710553
0.917845 0.222754
0.919 0.626781
0.920253 0.695438
0.920662 0.558052
0.920714 0.443136
0.921627 0.790662
0.922378 0.410017
0.922415 0.0275961
0.922549 0.288141
0.92298 0.527916
0.924133 0.906406
0.925117 0.450153
0.926092 0.83389
0.928415 0.87351
0.928839 0.997643
0.930188 0.672889
0.930673 0.821055
0.933078 0.246013
0.934196 0.0373445
0.934994 0.440863
0.937277 0.812049
0.939256 0.0777181
0.939918 0.203544
0.939989 0.400125
0.940483 0.698151
0.942735 0.54245
0.942974 0.567504
0.944311 0.0275327
0.94493 0.444915
0.945137 0.910001
0.945923 0.120302
0.946514 0.059705
0.9468 0.874253
0.946966 0.655603
0.94734 0.937063
0.947433 0.511642
0.947745 0.744611
0.948019 0.350015
0.949159 0.515916
0.949321 0.240808
0.950013 0.873414
0.950377 0.985316
0.950483 0.772796
0.950748 0.219856
0.950895 0.686368
0.951459 0.164226
0.951463 0.235837
0.956527 0.352009
0.957143 0.695715
0.958336 0.748954
0.959371 0.153555
0.959419 0.955805
0.960672 0.0068914
0.961908 0.79005
0.962837 0.399845
0.963585 0.969659
0.963624 0.62151
0.964674 0.281712
0.964713 0.931488
0.969699 0.725552
0.970086 0.238288
0.972126 0.51705
0.972268 0.911066
0.97261 0.648703
0.973846 0.423581
0.974207 0.496154
0.974632 0.647092
0.977817 0.169738
0.978933 0.922525
0.979432 0.305842
0.981157 0.301546
0.982773 0.472884
0.984476 0.0840164
0.984556 0.427671
0.984563 0.554677
0.984705 0.938448
0.98604 0.37247
0.986704 0.530509
0.987136 0.801096
0.987454 0.139369
0.988665 0.489612
0.989003 0.18022
0.99075 0.535217
0.991411 0.639715
0.992566 0.0521635
0.993415 0.324385
0.995311 0.199591
0.998343 0.151837
0.998462 0.15646
