0.00124613 0.943771
0.00152523 0.634607
0.00224386 0.712526
0.00278023 0.727385
0.00287878 0.383624
0.00335937 0.460977
0.00420404 0.657323
0.00489474 0.265933
0.00715398 0.236918
0.00940331 0.0413494
0.00958704 0.129345
0.0149298 0.924645
0.0168361 0.964196
0.0179846 0.267748
0.0194164 0.33201
0.0197986 0.755831
0.0210292 0.437012
0.0214046 0.746889
0.0215833 0.751268
0.022017 0.0393946
0.0221294 0.928625
0.022183 0.82966
0.0224172 0.765869
0.0236087 0.790856
0.0250682 0.321202
0.0259529 0.189754
0.0263254 0.451718
0.027493 0.0742334
0.0301256 0.320745
0.0330821 0.0105905
0.0345843 0.257511
0.0349049 0.647461
0.035721 0.363564
0.0360939 0.62988
0.0389483 0.603849
0.0415063 0.595918
0.0431035 0.440044
0.0434117 0.619817
0.0445703 0.0935612
0.0446312 0.117062
0.0446606 0.609952
0.0450536 0.216268
0.0452043 0.748795
0.0465211 0.879584
0.0476709 0.20487
0.0478405 0.0555307
0.04801 0.903617
0.0481924 0.968838
0.0483507 0.63093
0.050623 0.820615
0.0506652 0.529426
0.0520723 0.179258
0.0524391 0.344817
0.0530574 0.735997
0.0534648 0.582497
0.0542683 0.0879849
0.0553435 0.157702
0.0580898 0.31481
0.0582169 0.451527
0.0591548 0.2141
0.0599801 0.0850172
0.0617999 0.670961
0.0640981 0.297545
0.0644726 0.590846
0.0651293 0.628883
0.0659108 0.763182
0.0665119 0.864959
0.0669628 0.443326
0.0674019 0.823029
0.0682169 0.522063
0.0683957 0.525902
0.0687783 0.956532
0.0692596 0.0463289
0.07114 0.649959
0.0719147 0.670737
0.0723229 0.530714
0.0729637 0.300862
0.0744245 0.852378
0.0748109 0.346144
0.0753581 0.544311
0.0770989 0.800712
0.0774064 0.96981
0.07867 0.206561
0.0788452 0.150708
0.0796047 0.916455
0.082224 0.938976
0.0826152 0.514136
0.0827369 0.558861
0.0842894 0.652039
0.0868441 0.588495
0.0872149 0.821446
0.0879191 0.656075
0.0879692 0.497942
0.0894062 0.649656
0.0894425 0.260872
0.0895933 0.793892
0.0901376 0.942495
0.0910291 0.926086
0.0912929 0.360304
0.0914946 0.750491
0.0917656 0.30471
0.0921822 0.306767
0.0923079 0.418729
0.0931397 0.398369
0.0931991 0.396654
0.0936941 0.716069
0.0948668 0.426772
0.0958933 0.679048
0.0959452 0.550859
0.0964399 0.864592
0.096701 0.254207
0.0967712 0.432991
0.0993925 0.489173
0.0999766 0.306086
0.100786 0.911861
0.101222 0.232443
0.104203 0.332868
0.105019 0.0477735
0.105488 0.931095
0.105534 0.710672
0.11027 0.306014
0.111309 0.773139
0.113599 0.261635
0.116167 0.424851
0.116583 0.407194
0.116799 0.0385039
0.117432 0.684753
0.117986 0.989218
0.118411 0.13024
0.118575 0.881906
0.120403 0.608638
0.123273 0.855278
0.124118 0.0435069
0.124163 0.799174
0.124172 0.957502
0.126591 0.613212
0.126905 0.885023
0.127141 0.86229
0.129364 0.214945
0.130032 0.445221
0.13077 0.857428
0.131277 0.375648
0.131758 0.457141
0.131783 0.879194
0.134788 0.377159
0.134996 0.872384
0.135727 0.163376
0.136222 0.481962
0.138034 0.937964
0.138124 0.453377
0.138303 0.4505
0.138943 0.217518
0.139722 0.315456
0.140341 0.705
0.140869 0.583234
0.141128 0.94382
0.141471 0.700945
0.142306 0.729093
0.14283 0.550891
0.143586 0.246248
0.144597 0.242883
0.146708 0.714838
0.146898 0.9109
0.147771 0.583519
0.148751 0.0565311
0.150323 0.480764
0.151942 0.69233
0.15214 0.0160248
0.153019 0.784188
0.15323 0.338369
0.153335 0.109797
0.155245 0.205049
0.158029 0.99895
0.15804 0.176781
0.159155 0.919237
0.162021 0.0881368
0.16386 0.989468
0.163879 0.308408
0.165634 0.803685
0.165732 0.456826
0.167216 0.401382
0.168309 0.772923
0.168492 0.83931
0.169171 0.253788
0.170301 0.255171
0.170428 0.38979
0.173242 0.670843
0.173459 0.321015
0.175473 0.169092
0.176317 0.359137
0.177422 0.939876
0.178752 0.287401
0.180223 0.0135857
0.180678 0.662476
0.180918 0.685872
0.181849 0.334079
0.182154 0.455874
0.182509 0.424529
0.183801 0.135504
0.18417 0.353445
0.185665 0.473429
0.186546 0.270925
0.187028 0.385634
0.18714 0.268463
0.187214 0.508504
0.189243 0.612675
0.190196 0.616943
0.190407 0.177181
0.190526 0.168562
0.190542 0.44603
0.190903 0.502998
0.191268 0.639881
0.191374 0.417516
0.194012 0.752325
0.19404 0.228019
0.194417 0.569444
0.194534 0.536211
0.195008 0.494729
0.195316 0.675895
0.195503 0.820585
0.195814 0.0479888
0.19588 0.150458
0.196006 0.271514
0.19611 0.0234935
0.19612 0.194461
0.197108 0.802149
0.198643 0.592932
0.199084 0.00649901
0.201104 0.961194
0.20156 0.625503
0.202437 0.350644
0.203287 0.641618
0.203474 0.784665
0.203842 0.978923
0.203976 0.229959
0.20414 0.977656
0.204576 0.314791
0.207917 0.454152
0.208446 0.344375
0.208761 0.652109
0.209808 0.241162
0.210353 0.398883
0.210357 0.46399
0.211723 0.424985
0.211879 0.0445095
0.212655 0.0940098
0.213653 0.863634
0.214577 0.399141
0.217569 0.688486
0.217956 0.193952
0.219227 0.548083
0.219402 0.492825
0.219474 0.699855
0.219867 0.300771
0.219879 0.508335
0.219935 0.450888
0.219974 0.0979953
0.220753 0.202859
0.221305 0.476395
0.221607 0.554574
0.22369 0.555044
0.224139 0.110989
0.22465 0.684275
0.225014 0.803932
0.225725 0.768095
0.226507 0.899882
0.228793 0.32406
0.228898 0.0963102
0.22909 0.322614
0.229265 0.255992
0.229727 0.0250248
0.2298 0.251221
0.230401 0.34489
0.231353 0.354284
0.231622 0.864464
0.231928 0.0199514
0.232465 0.0439039
0.23282 0.0110721
0.234667 0.042188
0.236373 0.718733
0.238483 0.187979
0.23875 0.663872
0.238872 0.7254
0.238916 0.466534
0.239124 0.954379
0.239568 0.420845
0.240018 0.97963
0.240318 0.0306673
0.24071 0.610092
0.24117 0.341035
0.243619 0.512331
0.244266 0.374447
0.24455 0.155075
0.244804 0.426113
0.245617 0.0888484
0.246059 0.513655
0.246134 0.768018
0.246836 0.564759
0.247083 0.724396
0.247704 0.155279
0.248123 0.208536
0.249478 0.981917
0.249551 0.209452
0.249705 0.787904
0.251018 0.855565
0.251201 0.939561
0.2516 0.636241
0.251795 0.914801
0.251843 0.718139
0.253228 0.0101183
0.253547 0.366759
0.254764 0.823073
0.256127 0.719194
0.257397 0.0666888
0.257896 0.464931
0.2584 0.920626
0.258782 0.352125
0.259072 0.230387
0.259116 0.963585
0.259454 0.644778
0.25984 0.124941
0.260837 0.887936
0.261775 0.651559
0.262001 0.448498
0.262326 0.911813
0.263504 0.712229
0.263814 0.91981
0.264104 0.793728
0.265238 0.847681
0.265336 0.49701
0.265446 0.343345
0.265882 0.677874
0.266479 0.715216
0.267624 0.954725
0.267825 0.335943
0.273839 0.412884
0.274094 0.704669
0.274563 0.578043
0.274757 0.842281
0.275442 0.350433
0.277835 0.580882
0.277842 0.683783
0.279465 0.962484
0.27962 0.568015
0.280473 0.903889
0.280772 0.940807
0.280838 0.0519792
0.280977 0.373335
0.281418 0.788656
0.281546 0.941784
0.282822 0.394864
0.283071 0.574521
0.283305 0.505432
0.284201 0.571662
0.284443 0.631944
0.285575 0.658105
0.286217 0.443766
0.288207 0.891117
0.288286 0.217428
0.289778 0.301928
0.289796 0.60293
0.289825 0.0935648
0.289862 0.717053
0.291407 0.679139
0.292057 0.6027
0.293279 0.140971
0.294145 0.692977
0.294369 0.454174
0.295618 0.452244
0.295802 0.540843
0.29605 0.713691
0.296594 0.851212
0.296922 0.37518
0.29741 0.562517
0.29779 0.954994
0.299833 0.285707
0.301887 0.808886
0.301923 0.419007
0.302729 0.973386
0.303396 0.17692
0.304497 0.683677
0.305208 0.624126
0.3059 0.263627
0.30591 0.429061
0.306583 0.748073
0.306914 0.308434
0.307361 0.813453
0.30778 0.854837
0.308004 0.626451
0.308579 0.282383
0.308784 0.725234
0.309705 0.217954
0.310205 0.618482
0.310351 0.0628681
0.310368 0.355606
0.310461 0.919964
0.310871 0.807122
0.311602 0.101651
0.311842 0.135417
0.311916 0.373408
0.312034 0.355537
0.312795 0.139896
0.313407 0.432933
0.314655 0.413105
0.31582 0.981149
0.315842 0.351767
0.317289 0.671904
0.319444 0.897835
0.321143 0.450747
0.321913 0.38984
0.321965 0.258622
0.32272 0.95358
0.323303 0.756624
0.324703 0.286728
0.325337 0.94424
0.327966 0.118944
0.328071 0.88113
0.328151 0.237056
0.328629 0.262168
0.328731 0.975086
0.330484 0.436624
0.330496 0.644477
0.331705 0.971726
0.334988 0.149789
0.336692 0.776198
0.336754 0.824274
0.336801 0.612773
0.338301 0.825022
0.338574 0.415509
0.339006 0.674498
0.34015 0.909217
0.340777 0.446116
0.340889 0.328718
0.341257 0.500334
0.342618 0.379105
0.342785 0.190696
0.344783 0.764349
0.344836 0.656555
0.344912 0.941121
0.345446 0.90553
0.345611 0.688853
0.346937 0.9694
0.347283 0.779039
0.347377 0.359918
0.347536 0.0306042
0.351396 0.920057
0.351625 0.757083
0.352688 0.619331
0.353032 0.411486
0.353112 0.756862
0.35673 0.559518
0.357759 0.853266
0.359907 0.961614
0.36022 0.222429
0.360832 0.504502
0.361446 0.814671
0.362435 0.450613
0.363498 0.305825
0.36455 0.987573
0.364609 0.986194
0.364897 0.830638
0.365047 0.351222
0.365436 0.885223
0.365781 0.675398
0.368486 0.148083
0.369013 0.00605353
0.369351 0.682926
0.370598 0.6466
0.371374 0.681332
0.372054 0.114788
0.372114 0.126793
0.372808 0.782072
0.373198 0.334496
0.373874 0.708308
0.374585 0.658282
0.376815 0.12276
0.377503 0.695181
0.377941 0.057846
0.379143 0.258793
0.379509 0.399605
0.379641 0.630637
0.379806 0.400796
0.380478 0.68797
0.381503 0.91391
0.382695 0.950926
0.383429 0.294918
0.383671 0.360717
0.384645 0.727314
0.38473 0.15709
0.385094 0.273922
0.385358 0.705056
0.385557 0.0552899
0.386133 0.742488
0.387368 0.491156
0.387502 0.748187
0.38892 0.585006
0.390266 0.208027
0.390596 0.751976
0.390986 0.301489
0.392021 0.699117
0.394843 0.119683
0.39522 0.457156
0.395346 0.575605
0.397243 0.463458
0.397554 0.69681
0.397961 0.52221
0.398657 0.221905
0.399861 0.459612
0.401104 0.352543
0.401285 0.404584
0.401726 0.814434
0.405496 0.168408
0.40568 0.263643
0.407268 0.960469
0.407704 0.287077
0.408322 0.670337
0.409487 0.245973
0.409541 0.153033
0.409955 0.113532
0.411024 0.0824379
0.411176 0.629452
0.411951 0.666062
0.414295 0.0555208
0.415 0.898007
0.415115 0.839009
0.416078 0.0192764
0.416477 0.736195
0.416515 0.365404
0.417381 0.917058
0.417479 0.576045
0.417751 0.14198
0.419218 0.80514
0.41961 0.392602
0.419719 0.223691
0.422037 0.182661
0.422507 0.0707565
0.42397 0.659096
0.424058 0.141347
0.424377 0.50547
0.424808 0.754715
0.425865 0.510266
0.425877 0.708719
0.427943 0.441951
0.428151 0.932057
0.430232 0.9125
0.430899 0.121825
0.431298 0.83019
0.432549 0.857124
0.434303 0.334925
0.43466 0.326096
0.435682 0.507153
0.436715 0.872653
0.437201 0.0384909
0.437206 0.114626
0.438294 0.411519
0.439695 0.946249
0.440483 0.192582
0.440645 0.914257
0.441557 0.25567
0.442589 0.599679
0.443949 0.445563
0.444955 0.360844
0.44537 0.334428
0.446811 0.560618
0.446953 0.931092
0.447239 0.745045
0.448264 0.977716
0.448633 0.173187
0.449493 0.620822
0.449914 0.705337
0.451647 0.832908
0.452428 0.955671
0.453386 0.0661031
0.453928 0.164539
0.455229 0.0296696
0.456118 0.98205
0.456131 0.187281
0.45651 0.568667
0.460692 0.85484
0.460902 0.387092
0.460996 0.965858
0.461873 0.704305
0.46242 0.898997
0.462822 0.656699
0.464241 0.492877
0.464655 0.46089
0.465821 0.0599339
0.466948 0.997713
0.467144 0.284623
0.468191 0.886089
0.468319 0.0448048
0.469309 0.675299
0.469485 0.629386
0.470867 0.860265
0.471344 0.883796
0.471432 0.358667
0.472778 0.987104
0.473724 0.883211
0.474344 0.303623
0.474922 0.0125232
0.476716 0.172501
0.476911 0.443063
0.478027 0.207511
0.478983 0.270743
0.479071 0.747939
0.479663 0.694041
0.480457 0.0413344
0.481859 0.610461
0.482004 0.0470133
0.482702 0.772394
0.483527 0.633684
0.484216 0.215662
0.484772 0.569598
0.485697 0.117071
0.486435 0.51793
0.488519 0.541652
0.490458 0.12307
0.492632 0.663911
0.492645 0.879074
0.495971 0.791806
0.496363 0.365557
0.497378 0.435369
0.49818 0.903979
0.498452 0.485966
0.499259 0.0411441
0.499524 0.503834
0.499574 0.337616
0.500148 0.981425
0.50026 0.874232
0.500752 0.144388
0.501471 0.230736
0.501493 0.584128
0.501498 0.671893
0.501526 0.14189
0.502423 0.230308
0.50299 0.748879
0.504387 0.225412
0.504867 0.308181
0.506498 0.70963
0.506794 0.688993
0.506836 0.399408
0.507671 0.434421
0.507698 0.878786
0.507905 0.359963
0.508289 0.809181
0.508521 0.720558
0.509452 0.353488
0.509554 0.0686131
0.51426 0.168021
0.514835 0.828985
0.515944 0.468626
0.515974 0.969475
0.516157 0.0497537
0.518122 0.0783546
0.519356 0.814649
0.520259 0.992538
0.521854 0.800928
0.525129 0.845834
0.525507 0.202513
0.528669 0.335875
0.532907 0.559678
0.533405 0.930973
0.533495 0.443826
0.536379 0.921187
0.538151 0.698565
0.538363 0.274058
0.539646 0.836762
0.541628 0.149507
0.542938 0.158439
0.543372 0.454666
0.543633 0.843897
0.543995 0.916009
0.545205 0.264139
0.54588 0.611865
0.546858 0.0476166
0.547314 0.700898
0.547525 0.25162
0.548283 0.996854
0.549738 0.447254
0.549983 0.559698
0.55254 0.537993
0.552878 0.219616
0.555596 0.902705
0.55606 0.704711
0.556584 0.507913
0.557333 0.0934893
0.558439 0.67833
0.558677 0.678325
0.558752 0.951996
0.559192 0.348251
0.559587 0.977593
0.559621 0.549748
0.559803 0.606688
0.560125 0.0263161
0.562216 0.163004
0.563062 0.390984
0.564363 0.255496
0.564369 0.358585
0.564993 0.833609
0.565512 0.566295
0.565871 0.60095
0.56593 0.584756
0.567544 0.709778
0.567976 0.971999
0.568151 0.912742
0.56847 0.277952
0.569487 0.360256
0.570219 0.667159
0.570893 0.00297361
0.571121 0.833269
0.572292 0.514256
0.572648 0.501952
0.573503 0.861986
0.573629 0.990578
0.574183 0.301673
0.574676 0.574896
0.574784 0.395349
0.574984 0.754286
0.575385 0.488407
0.575569 0.590686
0.576431 0.0707289
0.577778 0.706295
0.578755 0.128953
0.579752 0.887933
0.582646 0.525413
0.584546 0.460209
0.584929 0.909059
0.585613 0.39881
0.586717 0.958583
0.588351 0.417549
0.588496 0.858601
0.588643 0.315126
0.588779 0.610545
0.589073 0.549344
0.589557 0.676293
0.5918 0.378426
0.591886 0.834014
0.592189 0.919142
0.59235 0.626338
0.592608 0.957044
0.595387 0.667547
0.596073 0.194122
0.596224 0.729529
0.596271 0.525549
0.597113 0.681964
0.599785 0.580037
0.60001 0.372359
0.600733 0.517068
0.601356 0.992843
0.601402 0.76835
0.601494 0.305841
0.602834 0.831211
0.603475 0.608936
0.604699 0.184719
0.604883 0.263268
0.606806 0.594657
0.60875 0.267769
0.609599 0.530755
0.609862 0.953022
0.611482 0.173987
0.611921 0.56449
0.612222 0.613844
0.612451 0.465882
0.61285 0.171718
0.613137 0.999038
0.613684 0.194506
0.61422 0.193907
0.614618 0.887347
0.614915 0.883325
0.615807 0.869656
0.617878 0.68209
0.618363 0.820786
0.618761 0.520902
0.619144 0.958724
0.619681 0.970092
0.620511 0.920423
0.620513 0.965362
0.621075 0.400316
0.621695 0.835817
0.622493 0.233474
0.623384 0.213082
0.624144 0.982257
0.624362 0.653552
0.624491 0.826872
0.625415 0.353551
0.626289 0.0454857
0.626995 0.900666
0.627231 0.877511
0.627345 0.781729
0.627893 0.00232674
0.628629 0.364625
0.628686 0.327198
0.629017 0.887904
0.630471 0.317939
0.631423 0.334564
0.631516 0.883387
0.631719 0.306766
0.632505 0.516457
0.633017 0.122841
0.634016 0.90577
0.635068 0.580161
0.637911 0.36978
0.63884 0.983253
0.639279 0.367355
0.639457 0.353381
0.639951 0.660156
0.641509 0.834462
0.641919 0.738791
0.642303 0.188909
0.643289 0.765433
0.643643 0.711125
0.643656 0.930663
0.645896 0.570193
0.647388 0.658191
0.648147 0.404169
0.648788 0.181384
0.649453 0.36356
0.651275 0.980363
0.651379 0.725675
0.652199 0.50986
0.652867 0.728327
0.653816 0.688618
0.65405 0.611445
0.654816 0.493899
0.656632 0.016199
0.657203 0.606209
0.657345 0.00341832
0.658524 0.810816
0.659909 0.0899525
0.660478 0.650872
0.66352 0.782953
0.663571 0.643728
0.664787 0.0723209
0.665769 0.580748
0.667037 0.892843
0.667208 0.768251
0.668966 0.311434
0.672158 0.959857
0.674391 0.496783
0.676601 0.637123
0.67685 0.818134
0.681009 0.715712
0.681116 0.511613
0.681458 0.256771
0.681682 0.0332836
0.682904 0.560833
0.683031 0.709797
0.683376 0.508753
0.684721 0.111777
0.685637 0.496831
0.687809 0.0139339
0.689193 0.263267
0.68971 0.958199
0.691708 0.537072
0.692745 0.957412
0.693124 0.33739
0.693482 0.349387
0.695282 0.603556
0.695876 0.587726
0.696417 0.675612
0.697195 0.754532
0.697679 0.891177
0.697986 0.0530355
0.699013 0.306165
0.699267 0.581131
0.699634 0.749946
0.699815 0.79269
0.700838 0.986511
0.703377 0.664774
0.70385 0.60976
0.705902 0.0925709
0.706565 0.233478
0.70773 0.81683
0.708161 0.070286
0.708443 0.805474
0.712457 0.257992
0.713318 0.727008
0.713401 0.125393
0.714198 0.525577
0.715631 0.607182
0.71576 0.770594
0.717047 0.406717
0.718879 0.191169
0.719476 0.224614
0.719526 0.072413
0.720301 0.0957184
0.720372 0.293982
0.72366 0.548815
0.725262 0.471462
0.725599 0.148711
0.726284 0.65921
0.727148 0.170621
0.727209 0.205659
0.72893 0.120282
0.730335 0.74741
0.730865 0.654381
0.733053 0.420856
0.733498 0.904008
0.73359 0.438884
0.733731 0.822522
0.734636 0.0237341
0.73912 0.384955
0.739177 0.34381
0.739511 0.964247
0.740263 0.59715
0.740465 0.992417
0.741767 0.882873
0.742236 0.754314
0.743848 0.854621
0.744065 0.496629
0.746607 0.219034
0.746663 0.16507
0.746833 0.0247469
0.74957 0.0193955
0.74959 0.350936
0.750444 0.717466
0.750581 0.0204687
0.753786 0.880031
0.75458 0.232318
0.754589 0.373717
0.754775 0.501135
0.75551 0.856005
0.756732 0.402557
0.757185 0.00274412
0.757397 0.579825
0.758257 0.0254012
0.758281 0.430408
0.758864 0.234563
0.759493 0.795576
0.759894 0.541014
0.760449 0.868105
0.760952 0.325913
0.761083 0.519653
0.76155 0.377241
0.762015 0.19346
0.762175 0.871479
0.762241 0.976938
0.762262 0.333789
0.762898 0.026433
0.762918 0.368782
0.763416 0.729551
0.765521 0.115384
0.765844 0.544505
0.767885 0.842081
0.769043 0.308179
0.770748 0.96472
0.770794 0.734866
0.771862 0.687203
0.772267 0.485399
0.772522 0.780041
0.773759 0.573506
0.774337 0.280255
0.775133 0.667228
0.776746 0.771847
0.778358 0.854121
0.778534 0.819376
0.780569 0.0211884
0.784061 0.714677
0.784335 0.319783
0.786163 0.0346508
0.787957 0.19261
0.788364 0.0317062
0.788541 0.00134378
0.788793 0.246296
0.788949 0.858589
0.789073 0.946688
0.789147 0.198258
0.789478 0.761867
0.789704 0.557648
0.790654 0.515584
0.790741 0.981972
0.791114 0.258798
0.792245 0.269143
0.793568 0.501471
0.793751 0.577633
0.794051 0.620499
0.795449 0.10608
0.797514 0.813327
0.798701 0.773441
0.7995 0.19759
0.799742 0.259334
0.800479 0.657532
0.800899 0.709146
0.800981 0.0902649
0.802929 0.823522
0.805329 0.157867
0.80534 0.345652
0.806066 0.551235
0.806217 0.0940932
0.806406 0.273517
0.809117 0.829842
0.811362 0.56382
0.812035 0.873338
0.815527 0.560159
0.816329 0.0431616
0.816774 0.521962
0.816821 0.312597
0.817611 0.592952
0.81848 0.195799
0.818909 0.411821
0.820353 0.67906
0.821386 0.0387918
0.821684 0.0436611
0.821732 0.855467
0.822138 0.68039
0.822885 0.22674
0.824374 0.258897
0.825333 0.374706
0.825542 0.882595
0.826231 0.467554
0.826278 0.261586
0.826547 0.772259
0.827187 0.528884
0.827382 0.802599
0.82851 0.767074
0.828818 0.94158
0.828948 0.121865
0.830249 0.988052
0.831279 0.302345
0.831325 0.0800041
0.831513 0.237075
0.832258 0.754641
0.835991 0.503519
0.837086 0.906851
0.837189 0.633684
0.837985 0.0156408
0.838555 0.595125
0.838864 0.786261
0.839211 0.614253
0.839581 0.830472
0.842519 0.223753
0.844351 0.00639744
0.845218 0.577109
0.845852 0.233979
0.846148 0.208693
0.846213 0.299282
0.846823 0.556999
0.848948 0.264566
0.849461 0.887104
0.850849 0.223044
0.851903 0.934462
0.852215 0.179546
0.853544 0.516528
0.854808 0.756731
0.856948 0.721418
0.857288 0.442094
0.857304 0.704873
0.857706 0.467701
0.861105 0.597911
0.862635 0.306861
0.863599 0.507485
0.863616 0.800653
0.863623 0.911521
0.863961 0.59831
0.8641 0.936054
0.864241 0.294288
0.864422 0.338604
0.865251 0.266826
0.865603 0.192694
0.865821 0.854246
0.866271 0.418682
0.866391 0.431671
0.86647 0.754875
0.86676 0.630367
0.867361 0.742905
0.867624 0.158073
0.86771 0.600159
0.868398 0.164911
0.868755 0.166578
0.868895 0.514442
0.869978 0.728196
0.871386 0.382841
0.871661 0.00314597
0.872097 0.332283
0.873668 0.739712
0.873767 0.398057
0.874247 0.471184
0.874309 0.510597
0.875229 0.974806
0.876926 0.494659
0.87744 0.134039
0.87755 0.978229
0.879208 0.856359
0.879678 0.756194
0.880053 0.0423264
0.881347 0.801386
0.88207 0.951026
0.8822 0.139107
0.882582 0.554022
0.882827 0.677493
0.883046 0.354345
0.883269 0.0970084
0.88448 0.455876
0.884488 0.587437
0.884884 0.240782
0.886596 0.0256049
0.886773 0.990077
0.888119 0.611235
0.888525 0.440806
0.888651 0.561518
0.890425 0.377018
0.892156 0.472243
0.892175 0.790995
0.89225 0.0496159
0.894547 0.643055
0.895215 0.876266
0.895309 0.45209
0.898031 0.209506
0.898458 0.385731
0.899394 0.108985
0.899538 0.540951
0.900944 0.15882
0.901944 0.979856
0.902472 0.84534
0.903056 0.662589
0.903673 0.0241458
0.90405 0.362519
0.906207 0.620953
0.906273 0.722741
0.907152 0.498973
0.907503 0.397943
0.907523 0.741606
0.90807 0.933661
0.908449 0.296476
0.908572 0.377703
0.909198 0.898566
0.909911 0.874281
0.910258 0.714388
0.910863 0.879989
0.911154 0.7611
0.911987 0.773666
0.912223 0.731492
0.913459 0.499522
0.913739 0.210652
0.914668 0.817207
0.915908 0.670278
0.916348 0.053636
0.916554 0.521179
0.916659 0.289117
0.917073 0.241163
0.917211 0.569986
0.917392 0.611853
0.918343 0.587335
0.92012 0.462551
0.920561 0.865733
0.922039 0.705001
0.922537 0.0839668
0.92409 0.176205
0.924956 0.74244
0.926523 0.0706361
0.926686 0.815845
0.928011 0.0830157
0.928714 0.894564
0.929715 0.725211
0.930198 0.84121
0.930443 0.955337
0.930698 0.23467
0.932458 0.817736
0.933774 0.942537
0.933938 0.690829
0.93508 0.884468
0.935615 0.886193
0.936399 0.0598278
0.936563 0.817895
0.93881 0.586145
0.938855 0.329102
0.939472 0.714538
0.942594 0.171099
0.94481 0.416634
0.94572 0.716606
0.946213 0.00628098
0.946965 0.645171
0.947335 0.853235
0.947819 0.988879
0.950701 0.436836
0.952514 0.908812
0.953762 0.884891
0.954085 0.312924
0.954115 0.817537
0.954709 0.789552
0.954773 0.875023
0.957735 0.657892
0.958476 0.099401
0.958753 0.759847
0.958757 0.828915
0.959534 0.890139
0.961036 0.133671
0.961134 0.772207
0.962313 0.588097
0.962469 0.222946
0.962881 0.135672
0.963711 0.093415
0.963993 0.834888
0.965533 0.720487
0.966213 0.149897
0.96628 0.267824
0.966407 0.394319
0.968274 0.786504
0.96913 0.17339
0.96948 0.0482696
0.969789 0.240017
0.970044 0.523342
0.970207 0.26668
0.97073 0.0549256
0.971592 0.547233
0.973181 0.255305
0.973667 0.418991
0.974298 0.0275402
0.974317 0.345839
0.974335 0.653188
0.975964 0.0320425
0.976404 0.421943
0.977418 0.456004
0.977898 0.53342
0.978449 0.788141
0.979429 0.269934
0.980019 0.182845
0.980074 0.10116
0.980158 0.515416
0.980166 0.645999
0.980502 0.289508
0.980527 0.713055
0.982913 0.81311
0.983627 0.812922
0.984609 0.326107
0.988122 0.358915
0.988332 0.902194
0.988572 0.937314
0.9893 0.170391
0.989828 0.0340279
0.991213 0.319151
0.99174 0.168505
0.992208 0.0374265
0.992397 0.222524
0.992802 0.0254624
0.993026 0.79094
0.993251 0.572391
0.993337 0.0128031
0.99406 0.173197
0.994435 0.471952
0.99541 0.85713
0.995969 0.245501
0.9967 0.530952
0.996894 0.796333
0.997259 0.934515
0.999406 0.0191956
0.999543 0.315789
0.999616 0.551111
0.999808 0.766402
0.999848 0.45056
