0.00020908 0.514016
0.00177935 0.90548
0.00186298 0.311159
0.00459839 0.285201
0.0053594 0.0754526
0.00546248 0.807874
0.0055066 0.549493
0.00557415 0.684755
0.00577964 0.138383
0.00597407 0.406276
0.00600946 0.000985788
0.00632774 0.350387
0.00758538 0.487501
0.0082978 0.461064
0.00950814 0.803276
0.00995392 0.295554
0.0104797 0.131939
0.0106122 0.358534
0.0108407 0.199434
0.0108768 0.806314
0.0109068 0.311334
0.0109599 0.20228
0.0118065 0.431018
0.0118468 0.108469
0.0120276 0.147206
0.0127416 0.148074
0.0141469 0.767728
0.0145158 0.96633
0.0145401 0.375163
0.0146675 0.51699
0.0157602 0.881628
0.0168127 0.570287
0.0172453 0.841501
0.0173572 0.721802
0.0175213 0.479932
0.0177838 0.891546
0.0178093 0.321676
0.0182275 0.350397
0.0190555 0.265979
0.019138 0.65192
0.0196032 0.470196
0.0196235 0.811645
0.0205373 0.170613
0.0209006 0.276527
0.0209725 0.48405
0.0212713 0.506396
0.0220977 0.396237
0.0228816 0.571726
0.0230865 0.0156334
0.0232368 0.540772
0.0232582 0.900222
0.0233161 0.87444
0.023673 0.871372
0.0246173 0.743766
0.0253889 0.711488
0.0267992 0.41364
0.0277599 0.561334
0.0282326 0.50459
0.0288065 0.151145
0.029124 0.48718
0.0292518 0.634274
0.029474 0.368743
0.030649 0.118281
0.0316155 0.361918
0.0321881 0.985034
0.0337086 0.539593
0.0340412 0.130282
0.0348044 0.956793
0.0358585 0.674042
0.0365547 0.375324
0.0365618 0.494943
0.0365703 0.637727
0.0367525 0.699442
0.0375696 0.432474
0.0387925 0.984958
0.0389607 0.812993
0.0393289 0.000308855
0.0400469 0.0683198
0.0406441 0.105803
0.0409345 0.98588
0.0412876 0.920648
0.0413915 0.666828
0.0428464 0.119059
0.0435595 0.104908
0.0440384 0.153265
0.0449072 0.755744
0.0449186 0.947091
0.0459492 0.268458
0.0462813 0.849575
0.0469234 0.641935
0.0474916 0.191264
0.0476707 0.201802
0.0479676 0.190924
0.0491763 0.50641
0.049349 0.408522
0.0496273 0.0853096
0.0497925 0.862317
0.0498421 0.696271
0.0498717 0.19384
0.0502373 0.338143
0.0513892 0.697583
0.0524184 0.996809
0.0524212 0.0435721
0.0544121 0.504525
0.0546733 0.894383
0.0547458 0.112087
0.0557733 0.382685
0.056145 0.629067
0.057105 0.764059
0.0572155 0.621052
0.0578961 0.0593851
0.0582071 0.286085
0.0582536 0.0679783
0.0584463 0.307007
0.0593852 0.0874174
0.0600114 0.611904
0.0608859 0.309121
0.0620176 0.329562
0.0622454 0.157799
0.0637542 0.516347
0.0641926 0.885374
0.0659987 0.240112
0.0669067 0.501399
0.0678176 0.810787
0.0682646 0.324015
0.0685899 0.790382
0.0686187 0.274247
0.0688699 0.496464
0.0691698 0.536231
0.0696937 0.342485
0.0716319 0.918135
0.0722629 0.52285
0.0731121 0.794946
0.0737377 0.30918
0.0765311 0.258982
0.0769425 0.171748
0.0777826 0.292444
0.0780101 0.11514
0.078476 0.946768
0.0800128 0.774734
0.0800493 0.388306
0.0801414 0.937144
0.0819329 0.0454058
0.0829381 0.93986
0.0830342 0.555317
0.0841093 0.625738
0.0841897 0.97556
0.0846312 0.396797
0.085093 0.158435
0.0867777 0.472392
0.0869852 0.960385
0.087065 0.301222
0.0874157 0.194932
0.0881132 0.918904
0.0888621 0.505913
0.0903149 0.922479
0.0905131 0.253937
0.0910413 0.130934
0.0922845 0.0252736
0.0928689 0.848189
0.0934248 0.190933
0.0934894 0.275926
0.0936948 0.727769
0.0943581 0.877426
0.094543 0.984448
0.0946151 0.195618
0.095238 0.665132
0.0960049 0.554254
0.0962599 0.840295
0.0968632 0.979302
0.0976998 0.0398435
0.0978185 0.0352781
0.0989869 0.672476
0.0991265 0.0192598
0.0993932 0.501844
0.0998203 0.679846
0.100002 0.733992
0.100213 0.27519
0.100673 0.0117825
0.100957 0.783653
0.101216 0.131749
0.101762 0.320932
0.102447 0.825421
0.102919 0.755497
0.103759 0.876639
0.103956 0.188234
0.104062 0.969961
0.104361 0.997308
0.105347 0.567195
0.105849 0.99805
0.106003 0.598251
0.107457 0.0252264
0.107548 0.56501
0.107656 0.377714
0.107907 0.595955
0.10816 0.8508
0.109344 0.738434
0.109429 0.175825
0.111076 0.860729
0.111334 0.182779
0.111765 0.431735
0.111912 0.905227
0.113312 0.438541
0.113523 0.98344
0.113834 0.215978
0.114279 0.682373
0.114676 0.359691
0.115978 0.247385
0.119146 0.485565
0.119531 0.957025
0.119957 0.119077
0.121033 0.195227
0.121124 0.729548
0.12114 0.994768
0.121404 0.431701
0.121918 0.0832746
0.122198 0.790178
0.122585 0.291003
0.122783 0.613853
0.122971 0.777975
0.124525 0.8896
0.125336 0.516428
0.125499 0.263718
0.126306 0.816908
0.126429 0.900201
0.126628 0.235784
0.128288 0.142551
0.129166 0.898849
0.129292 0.0073985
0.129408 0.95888
0.129766 0.984895
0.129829 0.0324623
0.130493 0.195784
0.130859 0.351967
0.13128 0.419945
0.131418 0.744494
0.132052 0.39731
0.134146 0.593134
0.134805 0.675132
0.134899 0.244859
0.135098 0.598678
0.135228 0.777844
0.135696 0.635315
0.136467 0.604979
0.136665 0.933056
0.137487 0.746434
0.137912 0.894124
0.138477 0.381538
0.140562 0.419614
0.141542 0.888956
0.141624 0.266256
0.141972 0.127009
0.143208 0.895125
0.143863 0.906248
0.144155 0.805171
0.144412 0.138014
0.144477 0.22332
0.144505 0.693043
0.144936 0.946749
0.145033 0.56262
0.146414 0.786659
0.147011 0.80744
0.147063 0.691992
0.149424 0.374862
0.150813 0.717188
0.151179 0.866609
0.151575 0.523703
0.152863 0.176387
0.153993 0.159183
0.154998 0.0504209
0.155381 0.484111
0.155398 0.778524
0.155617 0.45381
0.155642 0.867551
0.15569 0.680319
0.15651 0.466586
0.157332 0.284871
0.159471 0.224028
0.160984 0.649906
0.163287 0.367526
0.163879 0.313135
0.163997 0.298568
0.164083 0.749123
0.164706 0.210873
0.164719 0.426928
0.164894 0.376475
0.164905 0.555973
0.165449 0.707401
0.165658 0.216769
0.165826 0.0354356
0.166383 0.396892
0.16668 0.389028
0.166968 0.234412
0.168158 0.23599
0.168581 0.344164
0.169411 0.284055
0.170731 0.472571
0.170806 0.732468
0.172984 0.344943
0.173434 0.909239
0.173959 0.726692
0.173974 0.973802
0.174601 0.518997
0.175131 0.433827
0.175325 0.689025
0.175897 0.299845
0.176341 0.759815
0.177116 0.784357
0.179726 0.657896
0.18038 0.644193
0.181157 0.703022
0.18177 0.0133557
0.182008 0.00215872
0.182545 0.0297348
0.182781 0.00802698
0.18283 0.819066
0.182896 0.925323
0.182932 0.544405
0.183965 0.89534
0.184816 0.204025
0.185143 0.702182
0.185209 0.805497
0.18536 0.344395
0.185984 0.826259
0.186308 0.273678
0.186525 0.933805
0.18709 0.41614
0.187316 0.216515
0.187751 0.530946
0.187998 0.681637
0.188041 0.40081
0.18919 0.723678
0.190572 0.939475
0.190724 0.49095
0.190745 0.850196
0.190925 0.884902
0.194823 0.395338
0.195607 0.573965
0.195918 0.795022
0.196031 0.694427
0.19605 0.00549414
0.19641 0.0556689
0.196595 0.179071
0.197004 0.0529086
0.199391 0.171386
0.199416 0.577199
0.199898 0.685928
0.19993 0.231794
0.200486 0.571673
0.201164 0.969536
0.201376 0.5245
0.20138 0.590546
0.201816 0.928809
0.202568 0.56715
0.204242 0.692022
0.204854 0.983972
0.204876 0.351913
0.204955 0.679461
0.205354 0.376955
0.205434 0.728882
0.205865 0.980294
0.207711 0.0050866
0.208075 0.120596
0.208394 0.483365
0.209131 0.862537
0.210113 0.3668
0.210742 0.932477
0.211632 0.906685
0.212299 0.114679
0.212351 0.987993
0.212544 0.220181
0.215813 0.166553
0.216137 0.610943
0.216704 0.146928
0.216764 0.159644
0.217383 0.556099
0.217624 0.606887
0.217664 0.272677
0.217714 0.123012
0.217925 0.657611
0.218005 0.0114245
0.218469 0.801033
0.220422 0.636839
0.220424 0.670493
0.22128 0.0483314
0.222426 0.320273
0.222464 0.954889
0.222485 0.299469
0.222536 0.157826
0.222835 0.187059
0.22425 0.968303
0.224664 0.929428
0.224717 0.818567
0.224718 0.836121
0.225447 0.0818219
0.22662 0.805783
0.227645 0.0361219
0.227749 0.777301
0.228015 0.246855
0.228213 0.576662
0.228296 0.966781
0.228447 0.510915
0.228762 0.810329
0.229226 0.594702
0.229582 0.580122
0.231566 0.932828
0.231585 0.24456
0.231613 0.720372
0.232375 0.525698
0.232552 0.500133
0.232822 0.0392549
0.233189 0.207866
0.233358 0.040057
0.233465 0.84542
0.23348 0.096232
0.233859 0.470058
0.23432 0.223032
0.234373 0.108914
0.234547 0.0330103
0.234696 0.543905
0.234889 0.781862
0.235495 0.97084
0.235735 0.995777
0.236127 0.588218
0.236418 0.473242
0.23657 0.0242859
0.237118 0.23993
0.237193 0.509555
0.237338 0.941106
0.237813 0.930655
0.238101 0.759047
0.238269 0.5827
0.238433 0.346856
0.238464 0.86925
0.238661 0.182458
0.239163 0.616521
0.239237 0.862362
0.239949 0.819332
0.240103 0.407927
0.242443 0.735652
0.243632 0.726641
0.243947 0.0122652
0.247388 0.849095
0.247892 0.316139
0.248329 0.66009
0.248639 0.882932
0.248804 0.641406
0.24887 0.751913
0.250425 0.897723
0.251033 0.112356
0.251216 0.181615
0.25162 0.972838
0.252066 0.481441
0.253377 0.51062
0.253415 0.153979
0.253866 0.720074
0.254304 0.0937115
0.254585 0.81183
0.255797 0.181694
0.25643 0.818833
0.258214 0.800832
0.258302 0.285385
0.258799 0.636888
0.258963 0.397874
0.259175 0.957839
0.2599 0.138323
0.260623 0.291375
0.261269 0.15508
0.262371 0.675995
0.262575 0.105463
0.262672 0.722657
0.26423 0.906699
0.264712 0.0182063
0.264738 0.454573
0.265856 0.238775
0.266171 0.5428
0.266914 0.0300066
0.26791 0.757767
0.270242 0.958509
0.270337 0.547051
0.27045 0.45364
0.270508 0.430786
0.271497 0.0431941
0.271728 0.940663
0.272005 0.590591
0.272848 0.760068
0.273639 0.0462849
0.273734 0.647544
0.273996 0.0433812
0.274525 0.944569
0.274704 0.956454
0.274795 0.480686
0.274838 0.204351
0.275477 0.937043
0.275862 0.404684
0.275969 0.215087
0.276272 0.301499
0.276971 0.0503824
0.277452 0.136071
0.277489 0.755614
0.277733 0.852585
0.278049 0.170446
0.278694 0.00948263
0.278804 0.857461
0.27888 0.138175
0.278984 0.87991
0.279439 0.536088
0.279892 0.14749
0.280309 0.159854
0.280821 0.764415
0.281639 0.50903
0.282208 0.0729783
0.282838 0.663574
0.283265 0.827621
0.283296 0.351855
0.284264 0.620098
0.286585 0.639942
0.287713 0.59342
0.289374 0.507191
0.289998 0.990527
0.291209 0.351734
0.291354 0.789758
0.293377 0.782113
0.293558 0.83241
0.295101 0.764208
0.295824 0.908095
0.296564 0.345832
0.298593 0.449713
0.299068 0.43884
0.299289 0.146332
0.299732 0.601637
0.300403 0.873777
0.301201 0.284706
0.301746 0.439211
0.302586 0.558482
0.302696 0.405286
0.303055 0.442649
0.303243 0.597121
0.303375 0.816422
0.303402 0.277356
0.303772 0.495789
0.303784 0.693358
0.304007 0.446306
0.304351 0.234
0.30448 0.394093
0.305156 0.753121
0.306023 0.32154
0.306199 0.282287
0.306221 0.649923
0.306935 0.649288
0.30721 0.280049
0.307244 0.850654
0.307333 0.34859
0.307399 0.461508
0.307615 0.0849757
0.307775 0.768027
0.308031 0.0691885
0.308728 0.788143
0.310095 0.762607
0.311137 0.281418
0.312184 0.876067
0.312275 0.404549
0.312946 0.691903
0.313125 0.688079
0.313566 0.0961136
0.314124 0.47471
0.314151 0.936208
0.314277 0.0508614
0.315342 0.945229
0.315688 0.771741
0.315999 0.988196
0.31677 0.955066
0.318125 0.722545
0.318153 0.190124
0.318448 0.159806
0.318702 0.428167
0.319023 0.818782
0.319619 0.830868
0.320151 0.770218
0.320599 0.308092
0.321626 0.575441
0.323814 0.339467
0.323999 0.447764
0.324098 0.107588
0.324552 0.753442
0.324628 0.0294769
0.326209 0.587431
0.326296 0.0577244
0.327866 0.451983
0.327914 0.258247
0.327921 0.365163
0.327926 0.450635
0.328054 0.5978
0.328885 0.576165
0.330604 0.463372
0.330716 0.351976
0.331413 0.0572039
0.332095 0.520362
0.332648 0.808063
0.333032 0.271368
0.333122 0.789441
0.333728 0.962782
0.334053 0.435762
0.335372 0.595767
0.335399 0.0516526
0.335532 0.289196
0.335681 0.790762
0.336493 0.445726
0.336918 0.573083
0.338253 0.0247056
0.338864 0.286547
0.340091 0.905657
0.340152 0.934699
0.34168 0.609479
0.342307 0.15156
0.342554 0.307636
0.343935 0.522032
0.346576 0.897914
0.348525 0.657647
0.3488 0.276277
0.349044 0.379776
0.349353 0.568596
0.349376 0.961323
0.349768 0.548473
0.350019 0.770768
0.350801 0.90862
0.351167 0.0560689
0.351412 0.17389
0.351421 0.335308
0.352468 0.924158
0.352486 0.225215
0.352826 0.938965
0.353485 0.0169873
0.354528 0.55772
0.355057 0.44007
0.355518 0.196378
0.356212 0.847431
0.357048 0.89992
0.35719 0.291361
0.35781 0.709557
0.357863 0.60084
0.358035 0.498248
0.358227 0.712835
0.360036 0.130786
0.360146 0.978459
0.361633 0.95868
0.361763 0.158907
0.362344 0.918249
0.362679 0.54947
0.364078 0.0585059
0.364349 0.60536
0.364869 0.357417
0.365242 0.623795
0.365689 0.128383
0.365931 0.205953
0.366968 0.625776
0.367005 0.249804
0.36798 0.637031
0.368226 0.776688
0.368474 0.935675
0.368828 0.888419
0.368871 0.608664
0.369209 0.296784
0.369211 0.327134
0.369427 0.961418
0.369469 0.666543
0.369516 0.447967
0.370097 0.22113
0.370809 0.190755
0.37119 0.593774
0.372739 0.631752
0.373212 0.575056
0.373754 0.685231
0.374103 0.55734
0.37454 0.894812
0.375363 0.718708
0.375612 0.908743
0.375808 0.204528
0.375976 0.0254102
0.37602 0.771302
0.376285 0.218316
0.377116 0.187274
0.377404 0.0299412
0.377706 0.0968579
0.378053 0.93997
0.378154 0.634904
0.379281 0.577762
0.38101 0.627797
0.381946 0.371086
0.382564 0.750245
0.383242 0.14583
0.383589 0.987369
0.383738 0.48791
0.385898 0.779747
0.386155 0.0999966
0.386894 0.532615
0.386917 0.915528
0.387143 0.711794
0.387516 0.984723
0.387849 0.581117
0.388099 0.774666
0.388195 0.399514
0.388307 0.27353
0.389382 0.351073
0.389698 0.6557
0.390549 0.963548
0.391391 0.103637
0.392276 0.974858
0.392641 0.117799
0.392809 0.947508
0.393328 0.664933
0.393823 0.990742
0.394138 0.269049
0.394357 0.96571
0.394372 0.211254
0.394518 0.663702
0.394924 0.482387
0.395525 0.594658
0.395722 0.901972
0.395745 0.294426
0.395823 0.595168
0.396037 0.186321
0.39638 0.965813
0.397017 0.666777
0.397679 0.788885
0.397974 0.749112
0.399906 0.214473
0.400394 0.428005
0.401392 0.19352
0.401477 0.615399
0.402249 0.599831
0.402445 0.900055
0.402879 0.195585
0.403005 0.309949
0.403173 0.122808
0.404727 0.24892
0.404866 0.575668
0.405121 0.866177
0.405207 0.32196
0.405507 0.363629
0.405941 0.644524
0.406578 0.361234
0.406852 0.961057
0.406961 0.79735
0.409954 0.0975352
0.410232 0.769784
0.410284 0.649491
0.410287 0.689656
0.411064 0.760288
0.411228 0.503148
0.411522 0.452059
0.411903 0.855782
0.412247 0.640025
0.413374 0.585043
0.413432 0.553822
0.414164 0.858518
0.41423 0.966575
0.414352 0.0084517
0.414789 0.355213
0.414886 0.994775
0.414911 0.417282
0.415117 0.874713
0.416135 0.980746
0.416342 0.464732
0.417602 0.641925
0.417691 0.131408
0.417947 0.431865
0.418322 0.745139
0.418336 0.967533
0.418511 0.914044
0.41959 0.0506214
0.420035 0.530306
0.420771 0.89262
0.421834 0.767875
0.422704 0.392737
0.423053 0.252841
0.423564 0.835339
0.424038 0.798952
0.424261 0.557933
0.424414 0.118666
0.42444 0.560622
0.424542 0.278353
0.424898 0.266183
0.425816 0.687144
0.42623 0.644668
0.426346 0.591251
0.427122 0.644954
0.427414 0.551524
0.428543 0.523441
0.429967 0.457942
0.430596 0.0273519
0.43137 0.0388864
0.432278 0.295
0.432342 0.373943
0.432906 0.846323
0.433231 0.316642
0.434739 0.656736
0.435165 0.813645
0.436563 0.319723
0.437381 0.0563311
0.438096 0.0782682
0.439233 0.191373
0.439942 0.0974645
0.44035 0.960055
0.440489 0.298144
0.441346 0.699587
0.441423 0.994311
0.44215 0.214882
0.442485 0.840734
0.442609 0.927855
0.442746 0.240398
0.443818 0.251355
0.443942 0.326133
0.444284 0.07961
0.445676 0.478576
0.446031 0.436665
0.446431 0.16847
0.446436 0.257065
0.447367 0.892084
0.447713 0.7053
0.448701 0.318389
0.4493 0.388187
0.44944 0.732255
0.449734 0.677526
0.449863 0.855761
0.449947 0.263436
0.450282 0.894258
0.451144 0.373714
0.451602 0.0766849
0.451649 0.872212
0.451778 0.0296366
0.452319 0.132706
0.453273 0.156735
0.453724 0.74631
0.453851 0.867796
0.454181 0.41414
0.454225 0.163648
0.454791 0.671364
0.454963 0.556023
0.455382 0.601845
0.456117 0.960246
0.456121 0.029008
0.45613 0.182248
0.45675 0.599091
0.45692 0.457265
0.457037 0.412879
0.457285 0.586713
0.45754 0.880127
0.458839 0.708575
0.458867 0.179073
0.458868 0.195884
0.458968 0.878209
0.460079 0.544467
0.460855 0.596895
0.461877 0.771267
0.462514 0.476942
0.465249 0.437851
0.465597 0.289604
0.465719 0.34149
0.466952 0.0586879
0.467332 0.453497
0.467581 0.630947
0.469459 0.189309
0.471282 0.844783
0.47149 0.330914
0.472776 0.947095
0.472954 0.944493
0.473222 0.447402
0.473334 0.321927
0.473347 0.541066
0.474707 0.39559
0.474849 0.783572
0.474926 0.0770516
0.475137 0.628415
0.475473 0.280095
0.475601 0.424724
0.475806 0.879197
0.476169 0.969638
0.476364 0.254553
0.476392 0.72754
0.477539 0.992649
0.478723 0.898166
0.479286 0.362539
0.479868 0.141987
0.481129 0.331788
0.481239 0.17622
0.481339 0.871036
0.482542 0.0807488
0.483568 0.331444
0.483685 0.297592
0.484276 0.231047
0.484476 0.581179
0.484511 0.183019
0.485197 0.700148
0.486191 0.411074
0.48649 0.438812
0.487473 0.966758
0.487651 0.95186
0.487657 0.0589248
0.488398 0.505239
0.488426 0.980777
0.489176 0.575323
0.489359 0.648652
0.490512 0.0355937
0.490538 0.48039
0.49101 0.409003
0.491435 0.553656
0.491922 0.733832
0.492184 0.132345
0.492458 0.735573
0.493084 0.25599
0.493486 0.0179026
0.494093 0.218284
0.494447 0.164242
0.494533 0.613318
0.494704 0.493164
0.495497 0.818457
0.49635 0.162721
0.496616 0.626397
0.497815 0.771362
0.497966 0.307951
0.498771 0.846075
0.499885 0.564918
0.500813 0.169173
0.500912 0.820771
0.501564 0.786884
0.501671 0.583623
0.502952 0.107993
0.503256 0.231972
0.503744 0.417259
0.504106 0.507035
0.504367 0.888064
0.504987 0.315292
0.505442 0.961506
0.505444 0.997109
0.5056 0.6196
0.505854 0.888806
0.506022 0.704295
0.50714 0.494328
0.507447 0.658745
0.50769 0.738663
0.508635 0.631272
0.508656 0.985806
0.508996 0.697287
0.509103 0.500037
0.50984 0.885509
0.511487 0.560043
0.512378 0.543142
0.512401 0.916335
0.512607 0.391149
0.512619 0.582472
0.5131 0.673193
0.5131 0.677348
0.513192 0.224363
0.513495 0.317827
0.514068 0.93379
0.514269 0.326309
0.514519 0.51553
0.514893 0.80617
0.51589 0.566833
0.51592 0.069638
0.516017 0.695237
0.516824 0.261677
0.516972 0.750267
0.517145 0.647151
0.517359 0.255623
0.517381 0.630452
0.517661 0.325045
0.518239 0.0369427
0.51833 0.56411
0.519319 0.187005
0.519776 0.872343
0.521966 0.676972
0.522044 0.987568
0.523429 0.263855
0.523728 0.291405
0.524087 0.323704
0.525784 0.858983
0.526816 0.198539
0.526824 0.330484
0.527634 0.940963
0.527762 0.0909055
0.528325 0.56244
0.52866 0.192237
0.528935 0.81129
0.529178 0.887795
0.529518 0.603995
0.529724 0.075937
0.530436 0.0447018
0.530879 0.484362
0.53153 0.429767
0.531663 0.653927
0.531945 0.392981
0.533012 0.331935
0.533283 0.891296
0.533494 0.440876
0.533847 0.368693
0.534078 0.251386
0.534571 0.542368
0.534626 0.451103
0.535524 0.55465
0.536513 0.177858
0.536615 0.89411
0.536983 0.0672295
0.537101 0.051222
0.5376 0.439055
0.53802 0.507753
0.538715 0.187373
0.539123 0.0469352
0.539215 0.580254
0.541462 0.353325
0.541604 0.74515
0.542045 0.146195
0.542104 0.14131
0.543002 0.232506
0.543048 0.0152451
0.54312 0.22222
0.543376 0.517097
0.543886 0.0898902
0.544186 0.131723
0.544591 0.949383
0.545688 0.384623
0.546437 0.965183
0.546454 0.247981
0.547273 0.0151514
0.547457 0.116366
0.549311 0.27783
0.549523 0.827386
0.549799 0.471217
0.550138 0.1698
0.551655 0.664573
0.55166 0.755633
0.551941 0.470387
0.553569 0.833518
0.553933 0.947963
0.555323 0.31434
0.555693 0.53502
0.55793 0.133156
0.558435 0.619178
0.55886 0.752859
0.560645 0.760106
0.561166 0.521366
0.562005 0.615084
0.562154 0.116157
0.562637 0.244225
0.563249 0.520037
0.563548 0.553652
0.563654 0.334652
0.563883 0.183989
0.564006 0.246143
0.56479 0.425194
0.565053 0.850144
0.565993 0.638177
0.566775 0.782486
0.567104 0.315275
0.56815 0.893677
0.568212 0.937722
0.568428 0.570848
0.569349 0.0428129
0.570438 0.349606
0.571298 0.799393
0.572191 0.811363
0.572738 0.000584757
0.57311 0.2516
0.574885 0.100605
0.575599 0.0876445
0.575713 0.00123875
0.5759 0.148723
0.576066 0.935051
0.576509 0.384455
0.57656 0.238586
0.576786 0.0489558
0.577232 0.531223
0.578748 0.0121048
0.579899 0.358655
0.580131 0.254668
0.580678 0.452726
0.581651 0.803882
0.582746 0.214351
0.583197 0.793321
0.583434 0.772357
0.584228 0.112177
0.584467 0.140683
0.584558 0.665291
0.584575 0.950679
0.585862 0.57554
0.58623 0.769352
0.586491 0.150264
0.586801 0.368519
0.586943 0.751109
0.587257 0.025393
0.588406 0.334228
0.589092 0.869889
0.589198 0.657753
0.590376 0.443065
0.590486 0.306218
0.591005 0.0264446
0.591037 0.565087
0.591237 0.917441
0.592947 0.662749
0.593889 0.486861
0.594362 0.442937
0.594403 0.136768
0.594614 0.681973
0.594748 0.933885
0.595185 0.27876
0.595306 0.309539
0.595344 0.950667
0.59539 0.72853
0.596303 0.0722366
0.596313 0.231417
0.59686 0.430719
0.597609 0.0155524
0.598002 0.621861
0.598581 0.355744
0.598655 0.601404
0.599169 0.229702
0.600051 0.0557963
0.600057 0.151763
0.600706 0.0614245
0.600869 0.80596
0.601067 0.125898
0.602908 0.0801981
0.603098 0.275517
0.604082 0.80855
0.604326 0.909716
0.604505 0.914611
0.604703 0.237437
0.604883 0.276424
0.605076 0.504606
0.605363 0.34286
0.60564 0.99832
0.606103 0.779845
0.606124 0.12026
0.606733 0.36281
0.606739 0.456194
0.606952 0.0386755
0.607011 0.0354028
0.607261 0.236206
0.607959 0.96521
0.608049 0.472773
0.608525 0.483437
0.608901 0.793001
0.609339 0.165433
0.610041 0.952392
0.610103 0.995874
0.610894 0.289298
0.61148 0.144388
0.612521 0.648501
0.612591 0.812446
0.612929 0.502702
0.613994 0.398368
0.614358 0.521125
0.614672 0.788412
0.615579 0.0418728
0.616395 0.744202
0.617447 0.425903
0.61776 0.699812
0.618131 0.930682
0.618264 0.156971
0.619906 0.759925
0.62051 0.908613
0.620585 0.177189
0.621389 0.680877
0.621575 0.818891
0.621876 0.873184
0.6231 0.445696
0.626748 0.75784
0.62685 0.470172
0.627215 0.59998
0.627551 0.258233
0.627955 0.0405807
0.628591 0.731699
0.629877 0.343106
0.629964 0.8076
0.632785 0.224073
0.633144 0.24817
0.63316 0.525709
0.633225 0.606796
0.633359 0.871967
0.634317 0.962637
0.634805 0.165502
0.634806 0.179316
0.634849 0.913562
0.637861 0.536326
0.63792 0.518058
0.63804 0.537473
0.638132 0.0771232
0.638508 0.406214
0.638636 0.551672
0.639766 0.555114
0.641313 0.552286
0.642709 0.0188872
0.642862 0.58207
0.642894 0.122387
0.643306 0.0481211
0.644035 0.297203
0.644085 0.14458
0.645435 0.818276
0.645439 0.897056
0.646096 0.929004
0.646293 0.247236
0.646449 0.865
0.647848 0.389595
0.647935 0.849299
0.647952 0.134132
0.648472 0.861199
0.648831 0.895697
0.648883 0.780108
0.649007 0.858244
0.649141 0.11594
0.649178 0.74248
0.649699 0.49287
0.649834 0.761006
0.650232 0.449985
0.650398 0.240626
0.650934 0.247587
0.652315 0.463228
0.653906 0.19467
0.654722 0.91946
0.655254 0.855327
0.655479 0.642867
0.656398 0.0834249
0.656965 0.604516
0.657068 0.342424
0.657086 0.65144
0.658796 0.386354
0.659026 0.247807
0.659901 0.956403
0.660637 0.329541
0.660747 0.18198
0.661682 0.89351
0.662521 0.983487
0.662779 0.321401
0.663792 0.348559
0.66386 0.502777
0.664396 0.501325
0.665946 0.553985
0.666384 0.919217
0.667659 0.349475
0.667735 0.613504
0.66834 0.788794
0.668472 0.00638017
0.66898 0.539862
0.670041 0.386973
0.672035 0.897084
0.672204 0.73988
0.672584 0.113714
0.672746 0.848639
0.673251 0.330451
0.674455 0.566655
0.674763 0.734806
0.675944 0.583504
0.676113 0.437593
0.676303 0.620687
0.677548 0.550269
0.677899 0.444581
0.678244 0.245682
0.6791 0.639001
0.679819 0.717585
0.679872 0.603804
0.680457 0.444712
0.680807 0.315045
0.681024 0.967071
0.681032 0.101802
0.682539 0.439665
0.684109 0.812111
0.684642 0.777327
0.684726 0.198329
0.685222 0.532716
0.685597 0.836919
0.685889 0.743669
0.686577 0.302997
0.686794 0.941054
0.687107 0.212333
0.688762 0.018726
0.688838 0.295371
0.689377 0.362635
0.689554 0.333376
0.690542 0.945776
0.691267 0.129594
0.691293 0.555818
0.691365 0.779643
0.691963 0.827535
0.692142 0.836343
0.692196 0.731743
0.692767 0.338885
0.693305 0.371102
0.693632 0.874159
0.693652 0.2152
0.694123 0.129209
0.695007 0.98401
0.695042 0.565752
0.696023 0.0589646
0.696849 0.947796
0.697554 0.787089
0.69802 0.614202
0.698773 0.285282
0.700489 0.110989
0.700689 0.480288
0.70137 0.917173
0.702495 0.8277
0.702773 0.507861
0.703231 0.204931
0.703696 0.0112412
0.705209 0.443592
0.705868 0.524392
0.706849 0.0143096
0.709681 0.613247
0.709682 0.619249
0.710638 0.692006
0.710658 0.0309187
0.711051 0.637885
0.711804 0.29224
0.712355 0.553401
0.713549 0.620588
0.714038 0.829205
0.715782 0.146455
0.716198 0.14683
0.717127 0.761086
0.717493 0.911219
0.718699 0.169658
0.719356 0.224162
0.719382 0.655544
0.719505 0.712877
0.72009 0.556235
0.720259 0.388802
0.720519 0.769158
0.720713 0.0207717
0.721202 0.238819
0.72276 0.425272
0.723169 0.30717
0.723258 0.792537
0.723473 0.41199
0.724426 0.429023
0.725409 0.944853
0.726389 0.416527
0.726882 0.712056
0.727156 0.309524
0.727374 0.969338
0.728409 0.365189
0.728896 0.561667
0.729077 0.592154
0.729159 0.981116
0.730653 0.0888832
0.73213 0.900462
0.732924 0.259315
0.73347 0.425942
0.733661 0.638111
0.733746 0.062557
0.733877 0.265101
0.734062 0.384019
0.734125 0.438747
0.734132 0.54985
0.735911 0.463478
0.736042 0.650596
0.736088 0.422237
0.736509 0.498973
0.736948 0.887308
0.737693 0.405601
0.73841 0.463462
0.738661 0.680004
0.738909 0.844853
0.743386 0.0935233
0.743804 0.115491
0.745208 0.718725
0.745416 0.211007
0.747609 0.0645268
0.748165 0.401448
0.750571 0.840916
0.750933 0.931138
0.751333 0.646727
0.751875 0.765104
0.752186 0.988681
0.752582 0.647286
0.753848 0.920438
0.754126 0.598251
0.754221 0.198587
0.754483 0.601624
0.754773 0.473601
0.755133 0.523721
0.755578 0.00339023
0.755863 0.790772
0.756124 0.177812
0.756237 0.0724591
0.756398 0.776837
0.756548 0.307165
0.756641 0.859784
0.757143 0.306142
0.757168 0.728657
0.757492 0.167201
0.759438 0.86934
0.759912 0.842775
0.759922 0.00225292
0.759946 0.403816
0.760226 0.120096
0.760458 0.0158276
0.760499 0.70706
0.760563 0.77626
0.760563 0.784117
0.760605 0.493484
0.761124 0.219588
0.762498 0.309146
0.76473 0.811237
0.765238 0.353399
0.765456 0.0165854
0.765868 0.94228
0.765914 0.716214
0.766744 0.662288
0.76775 0.57965
0.769048 0.386897
0.769897 0.665442
0.770567 0.923354
0.770815 0.0814254
0.772139 0.341748
0.772454 0.634135
0.773069 0.967893
0.773911 0.11375
0.774239 0.641006
0.774289 0.477887
0.775328 0.935207
0.776113 0.13873
0.776368 0.40983
0.777004 0.104047
0.777179 0.0419253
0.777688 0.609256
0.7782 0.202915
0.779977 0.0813003
0.780133 0.702124
0.782066 0.176329
0.782424 0.206069
0.782858 0.486369
0.783858 0.30328
0.78441 0.577175
0.784478 0.717
0.784804 0.194159
0.785248 0.665016
0.786089 0.802303
0.786247 0.451482
0.787512 0.707846
0.787637 0.811159
0.788936 0.645438
0.789277 0.381658
0.789379 0.0852944
0.79029 0.41136
0.790526 0.371315
0.791411 0.236917
0.79191 0.631371
0.792417 0.155124
0.793129 0.114646
0.793207 0.42939
0.794071 0.946781
0.794686 0.287958
0.795266 0.0402325
0.795927 0.143933
0.796597 0.412379
0.797359 0.204877
0.797369 0.374552
0.797602 0.304939
0.797707 0.0600025
0.797756 0.88498
0.799656 0.814673
0.800703 0.407012
0.800744 0.10183
0.801033 0.957849
0.801732 0.714261
0.801762 0.218131
0.802803 0.709776
0.80403 0.339788
0.804683 0.312452
0.805319 0.999547
0.805434 0.934116
0.80551 0.198638
0.805964 0.845345
0.806227 0.255371
0.806412 0.368497
0.806644 0.267837
0.806917 0.854371
0.806998 0.221943
0.807432 0.517481
0.808682 0.523472
0.809083 0.263846
0.8092 0.220885
0.809733 0.180872
0.809865 0.399765
0.811066 0.589294
0.811283 0.226622
0.811677 0.854493
0.811906 0.705966
0.812542 0.391809
0.812935 0.00015274
0.813432 0.344855
0.813848 0.34573
0.814153 0.463557
0.815242 0.764199
0.817605 0.490254
0.817697 0.0251463
0.818668 0.352925
0.818725 0.302999
0.819011 0.111552
0.819441 0.343539
0.819535 0.932707
0.819715 0.955556
0.819938 0.699433
0.820778 0.81501
0.82089 0.69632
0.821174 0.470844
0.821851 0.848781
0.822439 0.725682
0.822468 0.227204
0.822621 0.785057
0.822922 0.847489
0.823411 0.066961
0.823428 0.349368
0.824587 0.8395
0.824682 0.432088
0.826755 0.272415
0.827103 0.117672
0.827184 0.478318
0.827248 0.553818
0.827716 0.420845
0.827789 0.649913
0.827957 0.467876
0.828018 0.498225
0.828808 0.780106
0.830111 0.675415
0.830622 0.260394
0.831888 0.546937
0.832081 0.789456
0.83271 0.362568
0.833059 0.229606
0.833063 0.288992
0.833116 0.18213
0.833237 0.210639
0.833483 0.34837
0.833774 0.243255
0.834917 0.453822
0.835031 0.360826
0.836496 0.993337
0.837088 0.941936
0.837121 0.487779
0.837258 0.789561
0.837427 0.628334
0.837718 0.521974
0.837772 0.432627
0.839214 0.669891
0.839692 0.697852
0.839867 0.641138
0.841797 0.0764846
0.842553 0.787823
0.842678 0.892514
0.842866 0.0484111
0.842979 0.942682
0.843262 0.703353
0.843692 0.932116
0.844677 0.491657
0.844693 0.762997
0.844936 0.847274
0.846201 0.0948258
0.846593 0.690694
0.846609 0.956947
0.84699 0.366329
0.847896 0.58472
0.848083 0.733565
0.848173 0.24767
0.848371 0.576006
0.848655 0.344151
0.849071 0.337834
0.849152 0.691334
0.849308 0.317229
0.850199 0.289003
0.850818 0.694232
0.850867 0.51575
0.85154 0.82764
0.851804 0.265982
0.851871 0.387884
0.852224 0.332982
0.852622 0.0244493
0.852787 0.79446
0.854236 0.145002
0.85474 0.617431
0.854825 0.0445064
0.855118 0.967942
0.855351 0.879249
0.856021 0.13644
0.856815 0.486911
0.856897 0.863272
0.857957 0.689964
0.858192 0.635104
0.85842 0.460305
0.858868 0.000792415
0.859195 0.490975
0.859267 0.698075
0.860459 0.738292
0.860762 0.833955
0.86141 0.71141
0.861685 0.337616
0.862598 0.682536
0.86327 0.971721
0.863407 0.282191
0.863841 0.573417
0.864102 0.962695
0.864105 0.0208604
0.864828 0.156656
0.865114 0.978129
0.865329 0.580858
0.865339 0.751019
0.865678 0.456841
0.867458 0.368066
0.867738 0.0737331
0.867832 0.658792
0.871136 0.185857
0.871375 0.194969
0.87155 0.137692
0.872026 0.134292
0.872733 0.0198706
0.872932 0.375818
0.873202 0.905024
0.873281 0.228298
0.873658 0.565881
0.874515 0.977216
0.874866 0.874879
0.875218 0.789188
0.875251 0.349352
0.875449 0.663992
0.875494 0.434529
0.875887 0.0322446
0.875984 0.661663
0.8779 0.858321
0.879167 0.16594
0.879847 0.592298
0.880182 0.224467
0.880192 0.387631
0.880389 0.697528
0.881092 0.514203
0.881675 0.314335
0.881843 0.136195
0.881908 0.230549
0.882642 0.567505
0.883993 0.266159
0.884259 0.737693
0.88485 0.6715
0.885266 0.665324
0.88625 0.208233
0.886832 0.990044
0.887345 0.60766
0.887532 0.745713
0.887887 0.719909
0.888144 0.0298203
0.888165 0.392369
0.88889 0.567578
0.889188 0.582527
0.889246 0.553921
0.889466 0.254134
0.889488 0.625863
0.889658 0.476282
0.889855 0.790452
0.89007 0.401679
0.890288 0.0633635
0.890329 0.764465
0.890661 0.33911
0.890972 0.560895
0.891075 0.295547
0.891667 0.243316
0.89328 0.358954
0.893913 0.988478
0.894097 0.0943027
0.894289 0.310886
0.894724 0.631374
0.895379 0.630859
0.89647 0.97658
0.897477 0.893998
0.89754 0.952686
0.898514 0.325912
0.899015 0.744941
0.899436 0.818187
0.900015 0.553353
0.902813 0.580151
0.905094 0.920532
0.905315 0.625285
0.905517 0.0202387
0.906428 0.332601
0.906995 0.870268
0.907325 0.41925
0.907341 0.681645
0.908834 0.775207
0.909513 0.189059
0.909649 0.475102
0.90976 0.33111
0.910247 0.519551
0.910315 0.671772
0.910594 0.354774
0.910849 0.642889
0.911181 0.220046
0.912031 0.503569
0.912187 0.124972
0.912826 0.867666
0.914166 0.380882
0.915234 0.335606
0.91671 0.141589
0.916939 0.989689
0.918554 0.133033
0.918777 0.892633
0.919125 0.728341
0.919486 0.805368
0.919714 0.639092
0.920501 0.851725
0.920593 0.400462
0.920804 0.94558
0.920891 0.42035
0.921284 0.0167034
0.921933 0.924416
0.921997 0.00598104
0.922714 0.0492137
0.922746 0.585868
0.923294 0.799712
0.926513 0.902878
0.929662 0.832871
0.930078 0.815566
0.930384 0.964386
0.930526 0.353299
0.93053 0.419752
0.931965 0.532256
0.932168 0.949914
0.932606 0.316523
0.932861 0.60193
0.933239 0.939106
0.933424 0.0653409
0.933618 0.309872
0.934372 0.995579
0.934564 0.214964
0.934792 0.044555
0.934827 0.640956
0.936209 0.873118
0.937199 0.510132
0.93726 0.530291
0.937731 0.446429
0.937863 0.667193
0.938219 0.652988
0.938745 0.494061
0.94137 0.612362
0.94145 0.947251
0.942083 0.581533
0.942363 0.289713
0.942685 0.712479
0.943356 0.992186
0.94358 0.7436
0.943654 0.999803
0.943796 0.386806
0.945611 0.8845
0.945991 0.262506
0.94685 0.70312
0.947348 0.0841909
0.947447 0.746707
0.947574 0.874854
0.947877 0.96629
0.948724 0.211981
0.949911 0.153382
0.950195 0.935098
0.950244 0.744336
0.950336 0.299702
0.95171 0.390411
0.952193 0.511881
0.953862 0.56457
0.953998 0.840721
0.955811 0.319233
0.956356 0.474598
0.956888 0.417516
0.95749 0.537551
0.95799 0.944011
0.958042 0.813216
0.958224 0.862283
0.958341 0.842174
0.959569 0.480748
0.95973 0.175712
0.959909 0.184786
0.960477 0.729474
0.96073 0.987575
0.961724 0.68745
0.961734 0.869726
0.961845 0.734429
0.962703 0.156056
0.963431 0.379186
0.964119 0.950074
0.964173 0.852642
0.965639 0.49402
0.965655 0.764977
0.966059 0.555331
0.966229 0.410007
0.96714 0.718518
0.967779 0.453401
0.967908 0.631918
0.968255 0.468526
0.969007 0.103495
0.970933 0.476982
0.971418 0.622354
0.971509 0.154194
0.971644 0.420382
0.972184 0.50138
0.972467 0.251079
0.972525 0.233672
0.972572 0.0109709
0.972809 0.995391
0.973203 0.620366
0.973833 0.206775
0.974131 0.221395
0.975179 0.831634
0.975815 0.517367
0.976189 0.812719
0.976948 0.563659
0.977798 0.849631
0.978103 0.976475
0.979141 0.427102
0.979631 0.657367
0.979694 0.710014
0.980093 0.42766
0.980997 0.616123
0.981109 0.496463
0.982219 0.160382
0.982593 0.433631
0.982625 0.970778
0.984185 0.190602
0.984562 0.53868
0.984864 0.613924
0.985377 0.235914
0.986788 0.948436
0.986872 0.357472
0.987177 0.479032
0.987523 0.30711
0.988201 0.692904
0.989488 0.326406
0.990391 0.496421
0.992372 0.788434
0.992474 0.517522
0.992786 0.76245
0.993186 0.483188
0.993624 0.844819
0.993771 0.311886
0.993814 0.0305428
0.994554 0.463067
0.995517 0.652984
0.995749 0.546517
0.995924 0.500955
0.995948 0.894207
0.996022 0.133113
0.996865 0.315512
0.997005 0.66732
0.997159 0.253497
0.997864 0.0958032
0.998145 0.820058
