0.0166606 0.014469
0.027845 0.991102
0.0329309 0.469439
0.0560806 0.546813
0.0635274 0.705868
0.0838111 0.612816
0.0874606 0.949778
0.09086 0.0846605
0.0921341 0.497669
0.0928483 0.500956
0.0954877 0.861968
0.0959824 0.175458
0.10972 0.0622184
0.110128 0.915872
0.125274 0.487276
0.126698 0.417558
0.127929 0.110995
0.128442 0.728923
0.149853 0.574331
0.168194 0.838745
0.174617 0.785078
0.177601 0.943989
0.180883 0.100882
0.19626 0.534952
0.203223 0.574008
0.20728 0.760099
0.22856 0.40852
0.239512 0.472938
0.239675 0.21216
0.244401 0.64159
0.249387 0.450696
0.259576 0.698386
0.263003 0.29403
0.26801 0.45101
0.272525 0.325281
0.283648 0.275877
0.288451 0.994419
0.292853 0.980367
0.296327 0.368784
0.298862 0.97805
0.301055 0.828432
0.303192 0.749134
0.309981 0.849083
0.31646 0.737805
0.319509 0.990208
0.32901 0.673037
0.329185 0.606109
0.338549 0.989527
0.338733 0.0859129
0.343845 0.00391206
0.3499 0.765198
0.373031 0.537696
0.377918 0.668077
0.399013 0.216716
0.405474 0.798644
0.419622 0.586391
0.44284 0.819157
0.443754 0.177788
0.445487 0.303332
0.447531 0.650934
0.452228 0.601171
0.457128 0.94785
0.463358 0.659755
0.475492 0.588188
0.483748 0.357565
0.487784 0.18513
0.49641 0.169709
0.496625 0.769987
0.502671 0.386767
0.507012 0.343673
0.507305 0.267938
0.50765 0.069665
0.508025 0.378838
0.514136 0.085252
0.515792 0.90895
0.518765 0.883197
0.519037 0.448233
0.521621 0.890506
0.526402 0.229924
0.52691 0.778675
0.535034 0.320691
0.539558 0.358674
0.541271 0.134081
0.562408 0.391523
0.566065 0.860828
0.570242 0.0560196
0.57161 0.0444766
0.586681 0.341732
0.594962 0.523019
0.602776 0.851921
0.624197 0.872976
0.62528 0.073777
0.631325 0.684852
0.631432 0.474453
0.632737 0.409754
0.632773 0.0226766
0.64844 0.325953
0.657068 0.350368
0.670501 0.107076
0.673935 0.832153
0.688079 0.541058
0.701545 0.859661
0.705012 0.143298
0.715646 0.860036
0.723907 0.698223
0.729006 0.401748
0.742054 0.709199
0.743396 0.256468
0.749962 0.612752
0.763561 0.176293
0.765875 0.0590107
0.768248 0.939316
0.769203 0.99523
0.778888 0.770617
0.784127 0.814282
0.792024 0.552079
0.793451 0.535025
0.795577 0.268333
0.801343 0.1781
0.807968 0.521226
0.825969 0.0664659
0.831187 0.755784
0.832903 0.602341
0.842133 0.725026
0.852547 0.761727
0.858465 0.224284
0.859551 0.476308
0.863133 0.669704
0.86824 0.506748
0.876711 0.8834
0.882793 0.0971363
0.888348 0.466669
0.88867 0.88272
0.898846 0.90501
0.90328 0.428152
0.908329 0.277907
0.911083 0.567101
0.915878 0.155022
0.922475 0.0377142
0.93641 0.237807
0.93866 0.0516147
0.944422 0.908209
0.954903 0.0467227
0.963608 0.352666
0.969843 0.153777
0.985848 0.139968
0.986988 0.299554
0.992717 0.595741
0.99649 0.00565812
0.999937 0.949451
