0.0175173 0.412836
0.0204581 0.83916
0.0221688 0.591714
0.0278005 0.242478
0.0303791 0.582117
0.0416034 0.228601
0.0434911 0.954651
0.0504922 0.622814
0.0682637 0.307525
0.0868126 0.0591972
0.0940002 0.861429
0.0968765 0.203926
0.108905 0.362057
0.109521 0.725235
0.119997 0.787707
0.140848 0.237746
0.184594 0.47033
0.195229 0.215447
0.208753 0.50639
0.210034 0.034971
0.211603 0.403707
0.216739 0.732599
0.246792 0.828705
0.258829 0.145993
0.26289 0.396488
0.286591 0.738162
0.287851 0.906707
0.295857 0.47319
0.32833 0.236833
0.3299 0.631842
0.350968 0.725291
0.36835 0.853798
0.375769 0.54464
0.38709 0.823579
0.401016 0.867889
0.412815 0.181981
0.418673 0.636321
0.420198 0.270701
0.424933 0.841116
0.430353 0.945963
0.45146 0.680744
0.458524 0.4151
0.468107 0.473922
0.511974 0.750104
0.538175 0.102257
0.554443 0.530931
0.568109 0.211342
0.574306 0.368609
0.592706 0.60336
0.60237 0.0386598
0.625461 0.130178
0.633542 0.944811
0.633692 0.457732
0.640354 0.435772
0.641647 0.155059
0.647096 0.742002
0.667519 0.98743
0.676851 0.835845
0.677584 0.150371
0.690966 0.0737121
0.703849 0.59878
0.71546 0.740477
0.729884 0.165043
0.739097 0.00420215
0.752406 0.68391
0.755131 0.487712
0.760827 0.218624
0.762721 0.0482647
0.768851 0.0789411
0.771451 0.770618
0.775716 0.454478
0.780221 0.180408
0.781356 0.253661
0.782769 0.00518158
0.785623 0.958215
0.786713 0.278563
0.798559 0.377179
0.80156 0.8223
0.815297 0.703332
0.817065 0.416839
0.817441 0.724963
0.824232 0.869014
0.829492 0.272135
0.83848 0.338452
0.878878 0.310328
0.879646 0.202964
0.891786 0.250655
0.896096 0.677832
0.897771 0.835066
0.897892 0.870376
0.899207 0.965837
0.909973 0.923061
0.918436 0.148704
0.926769 0.214659
0.944596 0.829331
0.958706 0.973102
0.97199 0.235327
0.978602 0.355253
0.991853 0.077255
0.998299 0.417458
