0.00655631 0.191843
0.00696027 0.981289
0.0243423 0.121003
0.0310194 0.343297
0.0446624 0.641672
0.0775374 0.171586
0.0823492 0.0431582
0.088807 0.579576
0.10014 0.0591831
0.127778 0.559622
0.132749 0.104408
0.13907 0.351769
0.14194 0.586755
0.14413 0.397386
0.183774 0.693228
0.191895 0.183057
0.220417 0.543713
0.232948 0.154378
0.243357 0.0968658
0.256752 0.238461
0.265916 0.245458
0.272528 0.375871
0.274655 0.134113
0.285189 0.171681
0.296815 0.570678
0.311967 0.22577
0.322814 0.543225
0.323595 0.659696
0.328171 0.570929
0.345682 0.869281
0.351053 0.139837
0.360519 0.244023
0.380316 0.962922
0.384147 0.351096
0.396628 0.134091
0.400413 0.743142
0.40708 0.800032
0.408904 0.454629
0.413157 0.931294
0.417251 0.744114
0.433362 0.515876
0.433636 0.12045
0.443561 0.928788
0.453041 0.268008
0.473408 0.569928
0.48225 0.174194
0.485577 0.0971637
0.494929 0.279475
0.503808 0.506807
0.510074 0.817946
0.516082 0.795015
0.527021 0.643222
0.535274 0.351099
0.551341 0.383457
0.572303 0.701768
0.57643 0.0646321
0.577993 0.322907
0.578786 0.655652
0.58707 0.885485
0.589635 0.995334
0.592778 0.811845
0.597675 0.12307
0.603147 0.0842391
0.60756 0.263983
0.627369 0.191306
0.633641 0.600612
0.644666 0.893645
0.661178 0.421591
0.673604 0.257837
0.680462 0.516441
0.685043 0.515791
0.690319 0.195004
0.703856 0.713279
0.747109 0.66245
0.754757 0.19445
0.756102 0.801325
0.780114 0.380101
0.78046 0.187079
0.784966 0.917023
0.785494 0.794239
0.793832 0.933927
0.805742 0.109146
0.809086 0.307525
0.810435 0.982881
0.823268 0.658865
0.829065 0.0995498
0.851936 0.483427
0.86668 0.289279
0.868794 0.824259
0.872446 0.195916
0.898505 0.175787
0.906563 0.596621
0.918743 0.320744
0.91961 0.879341
0.931076 0.587647
0.934847 0.967667
0.954362 0.958915
0.956571 0.0960075
0.980445 0.34589
0.983912 0.612364
