0.00228867 0.465611
0.00255209 0.892949
0.00265487 0.620448
0.00309843 0.0753932
0.00320543 0.873752
0.00421995 0.924718
0.004495 0.547457
0.00494402 0.0940964
0.00523258 0.944043
0.00737777 0.998216
0.00750236 0.0921848
0.00789819 0.744857
0.00802016 0.794826
0.00883819 0.543479
0.0107239 0.236424
0.0123583 0.706518
0.0130585 0.474904
0.0148285 0.222355
0.0157506 0.721157
0.0158575 0.517011
0.0165914 0.8523
0.0171542 0.310718
0.017205 0.164919
0.0177901 0.998979
0.0188524 0.85218
0.0194255 0.484969
0.019977 0.754184
0.0206299 0.726746
0.0218813 0.758532
0.0223174 0.0891637
0.0227072 0.639256
0.025114 0.0904555
0.0252976 0.177598
0.0280606 0.61482
0.0289719 0.931307
0.0291999 0.762408
0.0292613 0.795192
0.0309304 0.846824
0.0313871 0.523076
0.0322017 0.214597
0.0343667 0.600781
0.0356647 0.416362
0.0357569 0.966171
0.0360748 0.308764
0.0362123 0.620039
0.0366449 0.891558
0.0368489 0.319539
0.0395529 0.76534
0.0411573 0.730571
0.0418281 0.00484747
0.0427535 0.557768
0.0438872 0.611651
0.0443719 0.758667
0.0450789 0.640692
0.0454537 0.939518
0.0455601 0.728955
0.045679 0.727739
0.0457062 0.183539
0.0460164 0.396911
0.047846 0.148234
0.0503268 0.842715
0.0509086 0.620183
0.0511312 0.361336
0.0519937 0.858824
0.0521518 0.516072
0.053563 0.233149
0.0539236 0.294742
0.0557067 0.262865
0.0562642 0.63239
0.0568799 0.980338
0.0602964 0.401157
0.0607264 0.62855
0.0607596 0.186704
0.0633159 0.150434
0.064379 0.0177457
0.06522 0.152951
0.0680079 0.00926745
0.0683435 0.6497
0.0688978 0.96607
0.0693703 0.9065
0.070465 0.305003
0.0718265 0.188407
0.0722991 0.13045
0.0741668 0.520639
0.0746675 0.93725
0.0754276 0.710933
0.0757052 0.37721
0.0757472 0.0836498
0.0779129 0.481996
0.0798078 0.330498
0.0804543 0.195783
0.080795 0.921258
0.0820856 0.613308
0.0829267 0.749187
0.0829762 0.58167
0.0829882 0.78352
0.0831944 0.247964
0.0858467 0.825992
0.0869945 0.116474
0.0873747 0.506971
0.0874812 0.296713
0.0876225 0.671633
0.0881448 0.44986
0.0884966 0.361814
0.0894103 0.718786
0.0898017 0.297233
0.0900273 0.0894217
0.0903514 0.536176
0.0906272 0.170787
0.0906484 0.527239
0.0919474 0.359655
0.0931425 0.446392
0.0949454 0.746736
0.0968623 0.965206
0.0984704 0.992445
0.0989234 0.604881
0.0998859 0.781587
0.100714 0.698085
0.101592 0.462671
0.10417 0.781962
0.104499 0.31011
0.105804 0.246405
0.107681 0.787354
0.108095 0.745004
0.108221 0.866287
0.10844 0.543741
0.109341 0.696281
0.109673 0.270292
0.110089 0.266307
0.110772 0.746995
0.111139 0.914855
0.111966 0.805463
0.112731 0.672421
0.113603 0.327619
0.11402 0.342112
0.114117 0.967281
0.114209 0.504967
0.114444 0.461799
0.116155 0.215449
0.116665 0.792837
0.117131 0.614354
0.11771 0.357111
0.117986 0.987606
0.122083 0.846742
0.122111 0.325285
0.122228 0.278966
0.123964 0.461955
0.124011 0.246839
0.124055 0.992292
0.12467 0.320353
0.124852 0.393236
0.124999 0.857947
0.125041 0.570538
0.125387 0.382095
0.125677 0.25318
0.125986 0.439206
0.126198 0.01383
0.127838 0.573975
0.131345 0.509587
0.132242 0.583002
0.133176 0.282245
0.133183 0.405824
0.133756 0.0388945
0.134504 0.612685
0.135621 0.382619
0.136813 0.41807
0.138272 0.939548
0.143825 0.269627
0.144201 0.578299
0.144231 0.0864342
0.145573 0.645372
0.145745 0.538319
0.146297 0.819892
0.147347 0.467611
0.147642 0.415153
0.149003 0.300638
0.149218 0.907968
0.149337 0.908639
0.149837 0.310442
0.151848 0.113532
0.152354 0.613196
0.152883 0.499561
0.154297 0.265654
0.156874 0.574324
0.157868 0.280187
0.15839 0.0567241
0.158593 0.477082
0.160472 0.0608024
0.161441 0.339001
0.161817 0.660985
0.162218 0.397509
0.162535 0.719589
0.162885 0.609621
0.163899 0.648041
0.164655 0.358088
0.165659 0.236092
0.166371 0.194909
0.166744 0.458846
0.167038 0.407944
0.168605 0.748788
0.169374 0.676103
0.170993 0.875123
0.171251 0.212716
0.172014 0.0456761
0.173079 0.943542
0.173142 0.989599
0.174496 0.750786
0.174579 0.156268
0.177741 0.285623
0.178318 0.986768
0.179143 0.85248
0.181489 0.292388
0.18178 0.170666
0.182116 0.827198
0.182186 0.0062636
0.18417 0.351269
0.184457 0.16883
0.184641 0.26934
0.184871 0.125791
0.18496 0.614766
0.185624 0.783222
0.185807 0.850235
0.185963 0.47858
0.186418 0.132714
0.186948 0.0356242
0.187129 0.0741417
0.188773 0.715602
0.189065 0.609493
0.189225 0.298172
0.193771 0.700981
0.195383 0.808957
0.195452 0.964654
0.195901 0.513069
0.19656 0.578155
0.197827 0.882596
0.198009 0.936594
0.198561 0.215851
0.198865 0.326939
0.200095 0.999722
0.200894 0.427635
0.200996 0.135498
0.203749 0.404649
0.206152 0.803655
0.206231 0.128557
0.206573 0.866381
0.206923 0.746638
0.207201 0.419231
0.207415 0.0276331
0.208217 0.503655
0.208716 0.893366
0.211901 0.422766
0.213318 0.242673
0.213692 0.51813
0.21489 0.65962
0.217456 0.788134
0.217715 0.144065
0.220524 0.338566
0.221023 0.732973
0.221111 0.210795
0.221335 0.977102
0.221476 0.350042
0.222405 0.968008
0.222545 0.31494
0.222768 0.0588014
0.223961 0.114976
0.224049 0.596852
0.224081 0.122604
0.224773 0.763108
0.226122 0.436741
0.230481 0.692035
0.230562 0.0496359
0.231316 0.726679
0.23291 0.519104
0.234091 0.373789
0.234751 0.455411
0.235146 0.0911392
0.235473 0.59238
0.236167 0.2554
0.236215 0.0728095
0.237624 0.741519
0.239042 0.581328
0.241243 0.568163
0.242143 0.704259
0.242666 0.486979
0.242762 0.0980843
0.243548 0.306413
0.243598 0.144343
0.245015 0.968609
0.246098 0.166765
0.250583 0.542175
0.251693 0.198087
0.25196 0.690157
0.252082 0.735759
0.252755 0.0520547
0.255951 0.761351
0.256067 0.71911
0.257659 0.469468
0.258493 0.485071
0.259559 0.400592
0.260969 0.107526
0.263838 0.330843
0.265699 0.602486
0.266775 0.685148
0.268146 0.721416
0.268429 0.480459
0.268994 0.989459
0.269733 0.40813
0.271469 0.580225
0.271628 0.251615
0.272391 0.0783225
0.273422 0.402625
0.273473 0.268041
0.275021 0.27545
0.275224 0.69515
0.275786 0.131294
0.275871 0.56172
0.276134 0.988205
0.277101 0.236303
0.277497 0.898249
0.278275 0.967903
0.279001 0.174018
0.279985 0.702456
0.280039 0.612084
0.280168 0.782884
0.280306 0.11108
0.280324 0.413241
0.280553 0.256865
0.280967 0.20949
0.282241 0.624111
0.282927 0.145982
0.283289 0.238005
0.28358 0.125901
0.283893 0.397509
0.28473 0.448816
0.286402 0.561744
0.287149 0.111171
0.287652 0.5639
0.288119 0.422021
0.288513 0.037471
0.290352 0.953046
0.29278 0.760565
0.292812 0.291545
0.294924 0.788051
0.295373 0.329024
0.295634 0.725604
0.295924 0.598943
0.298186 0.614452
0.298857 0.891436
0.301355 0.875352
0.302914 0.0771754
0.303236 0.481471
0.304364 0.44017
0.305498 0.503617
0.30587 0.753622
0.305925 0.682636
0.30596 0.262186
0.306766 0.814922
0.306776 0.989505
0.307236 0.70715
0.307512 0.356702
0.307745 0.264573
0.308539 0.612931
0.31155 0.229387
0.313585 0.427263
0.314388 0.916269
0.315039 0.861751
0.3153 0.24343
0.315696 0.90385
0.316043 0.736319
0.317341 0.555579
0.317909 0.0944676
0.319083 0.82721
0.320183 0.308116
0.320776 0.276023
0.321265 0.501107
0.321579 0.772479
0.321637 0.745947
0.323187 0.808085
0.325694 0.947229
0.32595 0.243272
0.326159 0.756263
0.326531 0.0101974
0.326927 0.662103
0.327089 0.39302
0.328288 0.536537
0.329473 0.458005
0.330144 0.724486
0.33175 0.714244
0.333311 0.964325
0.334323 0.962667
0.334357 0.536825
0.334511 0.128019
0.334969 0.831616
0.335399 0.0550649
0.335901 0.484292
0.336181 0.19334
0.336766 0.0309606
0.33758 0.706422
0.337861 0.435482
0.338035 0.360681
0.33804 0.439109
0.338176 0.731516
0.338536 0.781095
0.338883 0.60292
0.339368 0.763178
0.339639 0.314901
0.339902 0.738842
0.340015 0.636439
0.34147 0.0788789
0.34236 0.0471858
0.344706 0.466831
0.345844 0.608009
0.346057 0.181984
0.347249 0.214867
0.347652 0.979433
0.348527 0.696983
0.349257 0.955738
0.349305 0.76781
0.350484 0.585093
0.350506 0.959091
0.351615 0.585224
0.352516 0.730524
0.354525 0.498373
0.354888 0.601861
0.355077 0.771532
0.355396 0.14853
0.355506 0.982506
0.356151 0.824665
0.359183 0.784394
0.360569 0.0800515
0.361713 0.307148
0.362543 0.258786
0.363433 0.213569
0.365976 0.962051
0.366725 0.543276
0.367045 0.927379
0.367382 0.591519
0.368251 0.194999
0.368986 0.541011
0.369225 0.566433
0.369598 0.828718
0.370255 0.878534
0.370867 0.167353
0.371042 0.108221
0.371057 0.360739
0.371535 0.385193
0.372941 0.0197017
0.373594 0.992107
0.378259 0.398302
0.37841 0.945183
0.379 0.856285
0.380082 0.0405961
0.38049 0.90001
0.381396 0.116232
0.381633 0.11276
0.381929 0.085275
0.383379 0.444724
0.384646 0.751795
0.385087 0.155024
0.385801 0.165543
0.385839 0.793061
0.386349 0.363984
0.38679 0.783992
0.387057 0.271273
0.388369 0.318812
0.388567 0.641849
0.388628 0.67702
0.389624 0.410462
0.390452 0.327805
0.390497 0.0888963
0.391128 0.693815
0.391835 0.564022
0.392396 0.00562062
0.392927 0.924027
0.39312 0.172925
0.394288 0.796646
0.394321 0.349899
0.395149 0.265607
0.395719 0.847736
0.39669 0.166796
0.399113 0.894188
0.40146 0.339355
0.40213 0.602988
0.403966 0.453925
0.40438 0.411614
0.406211 0.182793
0.408164 0.00930124
0.41166 0.776264
0.412508 0.0169451
0.412818 0.22937
0.413155 0.89653
0.413164 0.0417793
0.413365 0.429048
0.414314 0.379462
0.414729 0.350315
0.415114 0.825916
0.415195 0.178109
0.415752 0.549959
0.416151 0.258308
0.416162 0.430089
0.416989 0.33588
0.418951 0.312303
0.419283 0.886329
0.419858 0.55663
0.420006 0.0413144
0.420805 0.475755
0.421357 0.744751
0.421866 0.304224
0.422129 0.724377
0.423868 0.952438
0.423979 0.810786
0.424192 0.396657
0.424597 0.203477
0.425171 0.845016
0.425738 0.37067
0.42612 0.793106
0.42642 0.842405
0.427308 0.772512
0.427749 0.184772
0.427854 0.948883
0.427941 0.411177
0.427993 0.272062
0.42801 0.557928
0.428433 0.671605
0.430346 0.829553
0.430433 0.289688
0.430923 0.515499
0.431322 0.235776
0.433007 0.546226
0.436958 0.948211
0.437495 0.97477
0.43885 0.756118
0.439451 0.848463
0.43984 0.388506
0.440669 0.329923
0.440968 0.345734
0.442932 0.35055
0.443138 0.827031
0.445568 0.66458
0.446362 0.006849
0.446405 0.733613
0.447869 0.335766
0.448 0.53802
0.448223 0.288769
0.448476 0.533768
0.450155 0.763552
0.451624 0.439437
0.453772 0.541038
0.454142 0.762955
0.4544 0.0933712
0.454816 0.0935655
0.454864 0.89929
0.455812 0.834733
0.455995 0.911365
0.456101 0.684162
0.457794 0.14394
0.458789 0.868273
0.459632 0.0426184
0.459985 0.971218
0.461351 0.929082
0.461737 0.420468
0.461928 0.627511
0.465765 0.113131
0.465819 0.0158323
0.46693 0.684493
0.467148 0.363059
0.467855 0.235841
0.467946 0.761569
0.468416 0.674967
0.469063 0.547187
0.469466 0.310485
0.469683 0.96331
0.470191 0.500118
0.470559 0.690893
0.471393 0.696204
0.47154 0.178416
0.471968 0.361317
0.471972 0.431996
0.473458 0.407608
0.474252 0.753383
0.47432 0.888152
0.474386 0.00632091
0.475811 0.960348
0.47618 0.148846
0.477407 0.781692
0.477517 0.630914
0.477761 0.727376
0.478111 0.610184
0.478122 0.804388
0.478706 0.619711
0.479037 0.182781
0.479336 0.200971
0.479409 0.434265
0.479522 0.329209
0.480498 0.736543
0.483943 0.626788
0.484103 0.31628
0.48413 0.769818
0.484406 0.403929
0.484716 0.615501
0.486922 0.703436
0.488237 0.804907
0.488575 0.482139
0.48897 0.110519
0.489958 0.717284
0.48999 0.262735
0.491054 0.138248
0.491158 0.891488
0.491161 0.944144
0.492231 0.927019
0.492359 0.0816265
0.492632 0.667527
0.49401 0.820572
0.494583 0.456633
0.494962 0.822038
0.497216 0.710173
0.49835 0.76397
0.501102 0.0284166
0.501486 0.46782
0.502835 0.143543
0.502905 0.326836
0.503106 0.708211
0.503118 0.895895
0.503226 0.717756
0.504532 0.661761
0.506291 0.225941
0.507156 0.777345
0.507535 0.146374
0.507691 0.75898
0.508689 0.531531
0.509358 0.774009
0.510407 0.416625
0.510711 0.51394
0.511639 0.121371
0.512519 0.914548
0.51306 0.994999
0.514345 0.600427
0.514931 0.439926
0.515508 0.135021
0.515746 0.147733
0.517042 0.924755
0.517512 0.823972
0.51789 0.178013
0.520602 0.755454
0.520999 0.430196
0.521121 0.481354
0.522034 0.827675
0.522599 0.312906
0.523425 0.196713
0.523439 0.438242
0.523635 0.738074
0.523945 0.947259
0.52467 0.133315
0.524882 0.689273
0.525039 0.323949
0.525091 0.207664
0.525234 0.61457
0.52767 0.551631
0.528428 0.284101
0.528974 0.460777
0.53022 0.406293
0.531001 0.537908
0.531021 0.871648
0.53132 0.897953
0.531495 0.842734
0.531498 0.88945
0.531805 0.0474654
0.532386 0.810305
0.532584 0.146616
0.532905 0.540182
0.532945 0.20144
0.534442 0.375129
0.53548 0.817938
0.535682 0.216069
0.536169 0.393568
0.537228 0.182984
0.537517 0.0462899
0.538103 0.8963
0.540742 0.244985
0.544027 0.468746
0.544308 0.181747
0.545592 0.758108
0.546435 0.926309
0.548886 0.129115
0.549879 0.815513
0.549894 0.0739788
0.550036 0.460935
0.550636 0.541589
0.550939 0.636539
0.552017 0.743698
0.552814 0.141628
0.554966 0.310614
0.555654 0.882919
0.557768 0.405799
0.560514 0.564348
0.560953 0.943526
0.561014 0.962104
0.563028 0.803497
0.564079 0.469217
0.565024 0.364471
0.565092 0.502926
0.565903 0.132329
0.566204 0.188195
0.566956 0.823031
0.569187 0.328808
0.56955 0.429768
0.57082 0.76402
0.572965 0.822099
0.573472 0.335952
0.573557 0.776881
0.574831 0.187401
0.575097 0.654833
0.575743 0.510798
0.575962 0.201127
0.575971 0.339247
0.576033 0.378972
0.577087 0.103851
0.577693 0.287108
0.578073 0.673793
0.578242 0.517129
0.578505 0.941328
0.578789 0.710139
0.578865 0.98345
0.579241 0.29645
0.579839 0.361004
0.580157 0.690762
0.580471 0.971377
0.58058 0.813697
0.581222 0.590709
0.581298 0.879368
0.581437 0.211751
0.581714 0.872119
0.582222 0.412848
0.582604 0.827911
0.585254 0.366511
0.585393 0.692093
0.585412 0.0228512
0.586805 0.433776
0.586983 0.425225
0.58741 0.604651
0.587578 0.415116
0.58864 0.273044
0.588853 0.860291
0.58936 0.377111
0.589573 0.95899
0.591119 0.937018
0.591544 0.0751441
0.592986 0.314028
0.593461 0.298842
0.594517 0.0512624
0.597246 0.911094
0.597285 0.566881
0.597704 0.608148
0.598888 0.510652
0.599731 0.675175
0.601393 0.611126
0.602707 0.694409
0.605001 0.250602
0.605129 0.403856
0.605275 0.851944
0.605529 0.121408
0.605825 0.101359
0.606233 0.951106
0.606784 0.225839
0.607558 0.229673
0.60857 0.244168
0.608918 0.0867797
0.609114 0.371843
0.609393 0.0638536
0.612806 0.42412
0.613322 0.095831
0.614703 0.319549
0.616006 0.216939
0.616761 0.909385
0.617671 0.198464
0.618067 0.852678
0.618713 0.713268
0.618843 0.893099
0.619159 0.199198
0.619469 0.410863
0.619666 0.724102
0.621908 0.411865
0.622259 0.309637
0.622558 0.334104
0.622572 0.561295
0.622838 0.0391916
0.625212 0.935885
0.625414 0.325142
0.626012 0.382089
0.627277 0.648392
0.629032 0.144867
0.629444 0.0721506
0.629797 0.999099
0.630078 0.72524
0.630369 0.613966
0.631109 0.052039
0.631948 0.149107
0.632358 0.0335958
0.632648 0.915583
0.632982 0.528992
0.634311 0.872227
0.634527 0.488425
0.634746 0.173431
0.634833 0.639052
0.634867 0.202966
0.635095 0.0353586
0.638253 0.115986
0.638697 0.588306
0.640281 0.20265
0.643414 0.857953
0.643626 0.426324
0.64432 0.0892654
0.646061 0.35015
0.64726 0.492807
0.647402 0.890047
0.647843 0.293996
0.64983 0.694052
0.65008 0.895317
0.651125 0.462574
0.651991 0.00700425
0.652671 0.440218
0.652872 0.824865
0.653646 0.82196
0.655258 0.922493
0.655684 0.087307
0.656132 0.603181
0.656247 0.542743
0.656746 0.923235
0.656882 0.216987
0.657016 0.467358
0.657033 0.748465
0.65846 0.733258
0.659084 0.229069
0.659423 0.916711
0.660201 0.00668896
0.660552 0.90115
0.660662 0.741231
0.661117 0.399608
0.661558 0.802664
0.661954 0.463914
0.662271 0.791191
0.662283 0.987852
0.662427 0.416327
0.662609 0.466388
0.662768 0.139962
0.663079 0.364862
0.663956 0.108396
0.664266 0.313056
0.664538 0.891529
0.666709 0.377484
0.669072 0.0960963
0.66994 0.676247
0.671652 0.452648
0.671861 0.964739
0.672518 0.0187734
0.672527 0.16209
0.674118 0.901374
0.675841 0.853563
0.675848 0.982369
0.676011 0.723117
0.676497 0.889448
0.677239 0.364219
0.677541 0.433757
0.677701 0.121051
0.678449 0.696876
0.678585 0.983811
0.68039 0.321096
0.681887 0.468684
0.682164 0.134139
0.68225 0.571789
0.682338 0.050401
0.682818 0.118143
0.683357 0.183529
0.683667 0.392298
0.683673 0.498682
0.684133 0.22921
0.684404 0.781417
0.685225 0.570815
0.685469 0.681607
0.690437 0.169354
0.693612 0.532475
0.694822 0.881411
0.695461 0.614447
0.696609 0.909828
0.698829 0.21183
0.699958 0.189061
0.700194 0.158525
0.701577 0.405229
0.703452 0.912016
0.703675 0.666357
0.703817 0.046332
0.705207 0.410408
0.705328 0.443127
0.708389 0.9012
0.708755 0.0490712
0.708781 0.479318
0.709432 0.420582
0.709896 0.218197
0.709994 0.869718
0.710683 0.449316
0.711097 0.413948
0.711497 0.12423
0.712356 0.570651
0.71284 0.701841
0.71402 0.53527
0.714608 0.421469
0.716465 0.629148
0.717049 0.434477
0.717108 0.428215
0.717187 0.756029
0.717494 0.913583
0.71905 0.0727366
0.719579 0.957348
0.72049 0.271111
0.72133 0.387627
0.721924 0.369637
0.723212 0.0322601
0.723305 0.580058
0.723596 0.484789
0.724491 0.524386
0.725288 0.916102
0.726703 0.696681
0.72745 0.251258
0.728279 0.186578
0.729185 0.406588
0.731072 0.122379
0.731452 0.505237
0.73286 0.177108
0.733106 0.318517
0.733712 0.491772
0.733814 0.213315
0.734969 0.61994
0.736517 0.638987
0.737024 0.159375
0.737138 0.074683
0.739098 0.0286909
0.740074 0.415269
0.740583 0.9768
0.742099 0.455467
0.742329 0.325145
0.742344 0.567512
0.743628 0.149797
0.744097 0.0374394
0.746374 0.312713
0.747182 0.895471
0.747319 0.196306
0.747432 0.0850124
0.748159 0.306483
0.750601 0.350882
0.751547 0.246904
0.752612 0.153543
0.756364 0.212721
0.756475 0.0828629
0.756581 0.8557
0.75694 0.884892
0.757214 0.492017
0.757983 0.414449
0.760549 0.554633
0.762094 0.517055
0.764354 0.494489
0.765666 0.543132
0.766198 0.487044
0.766396 0.814628
0.767244 0.0726374
0.767963 0.157522
0.767965 0.18169
0.769855 0.946309
0.769857 0.981105
0.769863 0.0904782
0.770545 0.55823
0.771193 0.444146
0.771795 0.562241
0.772258 0.340564
0.773849 0.0740169
0.773877 0.556027
0.774457 0.303809
0.774618 0.000212753
0.776167 0.0350449
0.776303 0.320055
0.777941 0.847251
0.780437 0.802311
0.780446 0.950386
0.780603 0.597303
0.784481 0.766157
0.784555 0.00885166
0.785032 0.0253156
0.785498 0.86895
0.786482 0.401552
0.788282 0.65281
0.789722 0.850378
0.790411 0.440761
0.790844 0.707561
0.792488 0.349452
0.794025 0.178294
0.794347 0.597006
0.794555 0.0798341
0.7951 0.242697
0.795433 0.835788
0.79609 0.89282
0.796545 0.531732
0.800227 0.419874
0.800491 0.860141
0.800955 0.644107
0.801189 0.587987
0.80131 0.625723
0.802081 0.581588
0.802649 0.126253
0.803072 0.238364
0.803508 0.554039
0.803632 0.639665
0.804851 0.126666
0.805242 0.701231
0.805888 0.556843
0.805901 0.781389
0.809925 0.414579
0.810055 0.597894
0.811173 0.38093
0.812463 0.0696615
0.812606 0.4668
0.812907 0.526031
0.813988 0.695871
0.814278 0.571887
0.81504 0.369871
0.815132 0.918287
0.815386 0.185998
0.816346 0.335132
0.816393 0.119467
0.817097 0.949189
0.819634 0.583288
0.819956 0.00175784
0.820455 0.388659
0.821639 0.281083
0.822282 0.095521
0.822793 0.679725
0.8238 0.605689
0.824088 0.445985
0.825495 0.0931331
0.826498 0.948886
0.829953 0.0205071
0.833987 0.817511
0.834192 0.261066
0.834756 0.746289
0.834769 0.962626
0.835022 0.215287
0.835203 0.253812
0.835462 0.606033
0.8357 0.609698
0.835734 0.18298
0.837653 0.435651
0.838706 0.126712
0.83963 0.661375
0.839983 0.595946
0.840265 0.328591
0.840498 0.242589
0.841599 0.75412
0.841684 0.18068
0.841797 0.0832466
0.843356 0.289836
0.844061 0.137237
0.844846 0.323222
0.845037 0.544094
0.845656 0.948148
0.845962 0.0910431
0.847547 0.7201
0.847573 0.154871
0.84901 0.31409
0.849238 0.138336
0.849434 0.443764
0.849958 0.238419
0.85283 0.519236
0.852974 0.926933
0.854488 0.383349
0.855719 0.0743833
0.856392 0.374518
0.858132 0.632499
0.858271 0.968428
0.85912 0.225247
0.859396 0.861956
0.860493 0.30863
0.862922 0.132107
0.865389 0.601009
0.865646 0.908189
0.8671 0.355168
0.867589 0.564043
0.867661 0.786397
0.867714 0.663694
0.867825 0.541976
0.868679 0.895122
0.868856 0.860385
0.869235 0.237436
0.869398 0.977189
0.869993 0.974288
0.870631 0.688697
0.871301 0.959663
0.871474 0.859027
0.871635 0.577431
0.871689 0.475827
0.872386 0.19767
0.872422 0.793139
0.872856 0.091941
0.87326 0.880612
0.873604 0.657748
0.874131 0.513324
0.875208 0.627323
0.876323 0.359096
0.876632 0.5497
0.877255 0.0328951
0.877551 0.00609882
0.877618 0.1266
0.877879 0.519901
0.879269 0.866626
0.881652 0.930381
0.881826 0.8522
0.882033 0.330004
0.883586 0.421859
0.885129 0.366046
0.885434 0.484617
0.887004 0.877709
0.887865 0.355474
0.888407 0.457174
0.888718 0.686769
0.888883 0.450033
0.888927 0.189649
0.889529 0.31413
0.889743 0.909345
0.890762 0.0373929
0.893086 0.103505
0.894079 0.780465
0.894906 0.684754
0.895217 0.905944
0.896491 0.329996
0.896494 0.375475
0.896969 0.365149
0.897431 0.130175
0.897464 0.675673
0.898405 0.491153
0.899669 0.73656
0.900048 0.113705
0.900837 0.364672
0.901078 0.424836
0.901148 0.599057
0.901527 0.959015
0.902053 0.810318
0.904773 0.517011
0.905282 0.0703014
0.907057 0.9068
0.907509 0.50388
0.908694 0.416786
0.908731 0.0360001
0.910511 0.966916
0.910986 0.939834
0.912901 0.123993
0.91364 0.549552
0.914592 0.54676
0.915303 0.495662
0.915499 0.788959
0.916621 0.649844
0.917363 0.11876
0.917932 0.681214
0.919836 0.687362
0.920915 0.814634
0.921056 0.189789
0.921693 0.88878
0.923944 0.727405
0.923982 0.363243
0.92414 0.023715
0.924976 0.0740122
0.925961 0.62359
0.927094 0.675806
0.927398 0.774318
0.927767 0.988103
0.927784 0.257752
0.928283 0.652997
0.928589 0.803617
0.92877 0.829479
0.929187 0.837593
0.929425 0.845446
0.930124 0.600848
0.931768 0.232987
0.931937 0.0638165
0.932222 0.84716
0.932346 0.940612
0.932435 0.427302
0.932518 0.8301
0.933901 0.0679131
0.934793 0.0575468
0.934984 0.271829
0.9365 0.74886
0.937365 0.294418
0.937398 0.850747
0.93802 0.306651
0.940295 0.541885
0.941011 0.570397
0.942321 0.589401
0.943651 0.93464
0.946224 0.188385
0.946926 0.987318
0.949229 0.689801
0.950292 0.553403
0.9507 0.416941
0.951591 0.38175
0.953064 0.144178
0.953259 0.432224
0.954326 0.358789
0.954439 0.255063
0.955758 0.419584
0.956443 0.932416
0.957238 0.30538
0.957678 0.689348
0.958168 0.934185
0.958335 0.728332
0.961329 0.047981
0.963172 0.0297359
0.964253 0.205359
0.967595 0.369123
0.968437 0.516764
0.968493 0.458754
0.968591 0.116473
0.973327 0.702775
0.973457 0.885095
0.974548 0.227311
0.974575 0.680191
0.974787 0.243616
0.975061 0.846617
0.975114 0.74229
0.975321 0.213824
0.975455 0.467741
0.978156 0.874519
0.978227 0.0578898
0.979186 0.182715
0.981338 0.345605
0.982026 0.906874
0.982402 0.229265
0.983044 0.025679
0.983744 0.790027
0.983803 0.781424
0.984524 0.898405
0.985257 0.216617
0.986682 0.168289
0.989332 0.710528
0.989517 0.806256
0.994172 0.040897
0.994707 0.0437417
0.996233 0.69073
0.996718 0.837409
0.997583 0.378216
0.998255 0.672786
0.999174 0.115238
0.999504 0.662162
0.999551 0.4579
