0.000859444 0.444691
0.00838107 0.860645
0.0154036 0.888852
0.0180988 0.186461
0.0208317 0.117935
0.0319722 0.357488
0.0404494 0.832729
0.0417774 0.152603
0.0442062 0.973176
0.0476047 0.0918034
0.0496333 0.186442
0.0532618 0.171194
0.062641 0.807615
0.0743425 0.473904
0.0751696 0.374765
0.0756003 0.614696
0.0923715 0.487819
0.0935755 0.723405
0.0995929 0.858386
0.104779 0.0128889
0.106585 0.370319
0.107957 0.427757
0.110842 0.926547
0.111191 0.795322
0.118735 0.57175
0.123029 0.740235
0.123956 0.336554
0.12524 0.904861
0.125593 0.836975
0.13453 0.0396991
0.135205 0.388803
0.135496 0.276293
0.135651 0.891223
0.136275 0.368415
0.138678 0.755799
0.139989 0.787936
0.142045 0.357549
0.157086 0.140542
0.160365 0.253467
0.160395 0.757
0.170905 0.404016
0.174767 0.311313
0.184999 0.280508
0.185792 0.606013
0.186107 0.892209
0.187752 0.551952
0.190077 0.626165
0.190987 0.913584
0.201404 0.000687294
0.201652 0.170444
0.204036 0.228917
0.206856 0.628258
0.20996 0.791705
0.210175 0.412098
0.211801 0.731041
0.213493 0.178868
0.222883 0.992447
0.224002 0.801975
0.228254 0.260553
0.232914 0.585151
0.233658 0.0941932
0.238757 0.793038
0.239528 0.751901
0.243843 0.269708
0.250863 0.256295
0.251561 0.982857
0.254737 0.362601
0.254966 0.208674
0.255455 0.440457
0.259815 0.711396
0.263749 0.827655
0.265799 0.290759
0.266891 0.631754
0.268885 0.151913
0.270029 0.384848
0.271691 0.31561
0.272656 0.523231
0.276122 0.778834
0.27712 0.556292
0.277647 0.405771
0.283358 0.3914
0.28558 0.735978
0.288055 0.345473
0.293316 0.768904
0.293812 0.0943998
0.30246 0.437614
0.315325 0.661327
0.317124 0.902465
0.320968 0.508447
0.32945 0.0581945
0.332723 0.0720449
0.335236 0.308307
0.340079 0.709794
0.340378 0.738526
0.352601 0.161748
0.354212 0.236587
0.357317 0.433
0.358599 0.969391
0.361846 0.538884
0.369392 0.374503
0.379382 0.278064
0.379598 0.905242
0.385159 0.370131
0.387308 0.487025
0.38921 0.454331
0.393704 0.983318
0.395913 0.109242
0.398838 0.271121
0.40049 0.0333107
0.40236 0.467939
0.403612 0.513898
0.40707 0.623524
0.409621 0.501689
0.414651 0.043789
0.416728 0.941241
0.419738 0.532848
0.421696 0.450917
0.422459 0.261103
0.422969 0.839367
0.425245 0.100937
0.427593 0.548053
0.427762 0.402212
0.434087 0.705845
0.439791 0.568217
0.440126 0.197348
0.445593 0.0800662
0.445648 0.00983887
0.448563 0.998309
0.449844 0.52757
0.451701 0.737104
0.455867 0.761915
0.456795 0.353381
0.458521 0.360065
0.460356 0.200468
0.461334 0.633018
0.463446 0.14261
0.470352 0.209677
0.474933 0.204387
0.479979 0.000992232
0.482135 0.235603
0.482179 0.988241
0.488021 0.168807
0.493932 0.519211
0.497135 0.354403
0.49823 0.743843
0.498742 0.361442
0.502468 0.987838
0.504748 0.305288
0.505197 0.850855
0.51129 0.246617
0.513935 0.699244
0.528766 0.97373
0.528819 0.863964
0.528901 0.236913
0.530052 0.57699
0.533875 0.844466
0.538171 0.045258
0.540397 0.45182
0.546275 0.23767
0.551353 0.593023
0.556861 0.16364
0.560547 0.110065
0.561715 0.742614
0.568084 0.783843
0.56876 0.152841
0.569364 0.306115
0.570204 0.419924
0.571402 0.559895
0.571527 0.656071
0.573304 0.523625
0.577988 0.247124
0.579526 0.0923314
0.579746 0.782989
0.579869 0.858683
0.581092 0.409844
0.583882 0.30847
0.589925 0.870129
0.5915 0.335654
0.594937 0.113794
0.596378 0.330834
0.597738 0.18701
0.598314 0.86095
0.602291 0.707074
0.605402 0.997488
0.609253 0.716976
0.610307 0.431157
0.616385 0.58182
0.618029 0.21266
0.618979 0.186734
0.620971 0.657407
0.623038 0.401353
0.627234 0.914318
0.629845 0.807853
0.635921 0.929042
0.642436 0.415456
0.642505 0.58243
0.648733 0.263398
0.649702 0.549478
0.650146 0.00590254
0.650643 0.362211
0.653547 0.164945
0.654715 0.802605
0.656352 0.31234
0.671512 0.110646
0.672614 0.626607
0.676459 0.245127
0.676703 0.348382
0.67889 0.0986881
0.680408 0.625573
0.688298 0.224734
0.691479 0.69427
0.694571 0.657832
0.699645 0.934327
0.708491 0.613649
0.710609 0.20526
0.714381 0.594946
0.724301 0.325623
0.726097 0.514622
0.743652 0.557935
0.752996 0.600358
0.760724 0.483268
0.762899 0.039503
0.765275 0.97421
0.76569 0.956873
0.77492 0.0774837
0.780569 0.0153421
0.783869 0.488397
0.784319 0.0425886
0.786506 0.804712
0.786693 0.949034
0.790528 0.401682
0.791009 0.489107
0.792189 0.325971
0.792401 0.888519
0.794963 0.946996
0.79535 0.444494
0.795491 0.810249
0.804337 0.490705
0.808362 0.14595
0.81443 0.122861
0.835296 0.82566
0.840831 0.854456
0.841397 0.352013
0.842954 0.535703
0.846387 0.227142
0.848772 0.317852
0.849536 0.152831
0.853283 0.127649
0.854871 0.824459
0.856408 0.654162
0.858031 0.931313
0.859311 0.431578
0.860629 0.589454
0.864084 0.655126
0.865474 0.0215892
0.873459 0.218895
0.874369 0.527719
0.875651 0.0648701
0.875761 0.916127
0.8815 0.364874
0.883667 0.790174
0.88781 0.430922
0.888712 0.575666
0.890388 0.757499
0.893511 0.244152
0.893617 0.0240716
0.904598 0.582224
0.908337 0.428392
0.918901 0.976591
0.919346 0.444364
0.923485 0.0160284
0.927222 0.824473
0.92946 0.429277
0.934901 0.886006
0.935346 0.365213
0.935932 0.207029
0.936548 0.558349
0.936779 0.448837
0.937374 0.448738
0.939339 0.47755
0.93939 0.323409
0.940382 0.993646
0.94211 0.0381628
0.944182 0.870452
0.945644 0.439429
0.946877 0.161033
0.949991 0.498328
0.95554 0.755763
0.958856 0.496268
0.961344 0.309601
0.967406 0.195506
0.968336 0.825525
0.971482 0.702487
0.974623 0.483842
0.974697 0.728211
0.981297 0.66716
0.983628 0.833826
0.987478 0.549752
0.98896 0.44537
0.990367 0.090812
