6.3756e-05 0.0715552
0.000253108 0.254
0.000682124 0.464465
0.00157201 0.42079
0.00261422 0.937143
0.00313598 0.706402
0.00319428 0.686318
0.00347658 0.430835
0.00481594 0.941508
0.00486328 0.737239
0.00605901 0.833852
0.00663846 0.572595
0.00668343 0.328458
0.00688895 0.782524
0.00697084 0.158893
0.00750806 0.187956
0.00849609 0.793774
0.00888984 0.411572
0.00910146 0.968226
0.0109939 0.773848
0.0116813 0.328284
0.0131561 0.113793
0.0140167 0.57881
0.0145346 0.283188
0.0158221 0.921941
0.0159553 0.160674
0.0163795 0.289486
0.0166607 0.0156743
0.0166649 0.0863934
0.0172656 0.182801
0.0174516 0.309866
0.0178502 0.00769628
0.0180654 0.625287
0.018609 0.762283
0.0186397 0.278002
0.0191316 0.545191
0.0199756 0.730415
0.0202228 0.884128
0.0204757 0.134793
0.0211941 0.208721
0.0214436 0.402262
0.0218297 0.891081
0.0224769 0.769593
0.022931 0.401368
0.0230856 0.998908
0.0231107 0.422292
0.0238112 0.194802
0.024097 0.997978
0.0247052 0.220429
0.0248459 0.584643
0.0248827 0.204342
0.0252392 0.195428
0.0254679 0.0387623
0.0257628 0.994701
0.0257934 0.509128
0.027483 0.906147
0.028095 0.192414
0.0291979 0.729467
0.0292295 0.259985
0.0292825 0.150877
0.0297589 0.157761
0.0309103 0.509265
0.0312006 0.388842
0.0316386 0.750638
0.0321182 0.810374
0.0322335 0.748418
0.033114 0.546775
0.0333205 0.0183646
0.0338509 0.932012
0.0340319 0.97341
0.0346737 0.760682
0.0346783 0.838844
0.0357348 0.594192
0.0360304 0.563091
0.0364029 0.823897
0.03698 0.523641
0.0372792 0.551879
0.0378991 0.970843
0.0382084 0.168405
0.0382953 0.629463
0.0390128 0.688928
0.0391843 0.570198
0.0409527 0.291719
0.0417577 0.82208
0.0418832 0.930762
0.0421225 0.952404
0.0424784 0.93427
0.0425317 0.830781
0.0426368 0.596645
0.0440386 0.15645
0.0442291 0.358233
0.0452604 0.692068
0.0454064 0.144938
0.0454533 0.933664
0.047136 0.215557
0.0503641 0.469913
0.0505141 0.990137
0.0509058 0.574101
0.0517335 0.485739
0.0518445 0.350168
0.0520805 0.316885
0.0526712 0.244626
0.0534199 0.829099
0.0537933 0.103421
0.0539113 0.0877267
0.0539887 0.388391
0.0542094 0.0971352
0.0546733 0.894148
0.0548739 0.266076
0.0548793 0.355939
0.0549156 0.966623
0.055508 0.923126
0.0555452 0.547764
0.0555624 0.836448
0.0559159 0.778172
0.0563075 0.360783
0.0566079 0.409261
0.0572342 0.93471
0.0572764 0.644288
0.0573647 0.128786
0.0584309 0.0484241
0.0584477 0.330784
0.0585874 0.678429
0.0586938 0.467263
0.0588417 0.952792
0.0591686 0.446332
0.0602293 0.274457
0.0602951 0.380307
0.0604883 0.626083
0.0606114 0.696149
0.0607193 0.509597
0.0619764 0.637515
0.063645 0.681423
0.0639516 0.834954
0.064569 0.211358
0.0668437 0.441294
0.0671395 0.412893
0.0673019 0.143349
0.0673275 0.573878
0.0676646 0.238674
0.0693737 0.964502
0.0695284 0.5632
0.0696211 0.121845
0.0698284 0.605582
0.069912 0.0105322
0.0702402 0.526714
0.0709359 0.220108
0.0710681 0.44127
0.0712977 0.300406
0.0717541 0.970639
0.0720529 0.992641
0.072107 0.902894
0.0745769 0.413464
0.0749008 0.857408
0.0755226 0.309094
0.0755537 0.830377
0.0772624 0.549004
0.0773658 0.286716
0.077961 0.29017
0.0780307 0.462122
0.0792113 0.304817
0.0796062 0.940647
0.0796807 0.193539
0.0803228 0.984944
0.0818958 0.422889
0.0825143 0.818005
0.0830243 0.389821
0.0830403 0.658093
0.083104 0.729351
0.0835798 0.725309
0.0839168 0.390278
0.0840447 0.539172
0.0841288 0.952646
0.0841685 0.619781
0.084306 0.930454
0.0843863 0.280518
0.0844675 0.645022
0.0844892 0.00989559
0.0847551 0.479425
0.0864063 0.229939
0.0870923 0.760544
0.0879368 0.95444
0.0881096 0.858782
0.0881167 0.977852
0.0885845 0.839252
0.0892876 0.656405
0.0897447 0.338933
0.0900579 0.603231
0.0903686 0.825282
0.0904749 0.611784
0.0913598 0.484374
0.0914887 0.650713
0.0921054 0.0153694
0.0937594 0.814656
0.0942218 0.585662
0.0943218 0.265647
0.0961586 0.13842
0.0963009 0.528695
0.0966568 0.510655
0.0970151 0.533414
0.0971523 0.838819
0.0973884 0.80736
0.0975953 0.284123
0.0978877 0.199208
0.098013 0.304188
0.0981144 0.00839573
0.0985337 0.0556969
0.0994179 0.916814
0.0994231 0.00440653
0.103134 0.373275
0.103289 0.977163
0.104398 0.62049
0.104637 0.628265
0.104715 0.936724
0.105179 0.735951
0.105234 0.660731
0.105263 0.15758
0.105895 0.773627
0.105944 0.59686
0.106032 0.0847228
0.106152 0.1006
0.10619 0.742754
0.106245 0.661914
0.106802 0.0140805
0.106944 0.404989
0.107007 0.47451
0.107035 0.93812
0.107231 0.237835
0.107574 0.99816
0.107941 0.158569
0.108163 0.889392
0.108609 0.389754
0.108775 0.178312
0.10914 0.32105
0.109671 0.244715
0.110022 0.131937
0.110307 0.93703
0.110393 0.376683
0.111687 0.116325
0.112301 0.449152
0.112973 0.745295
0.112975 0.764658
0.114299 0.0179369
0.117821 0.211483
0.119597 0.0663194
0.120754 0.506676
0.1208 0.291692
0.12135 0.527466
0.122337 0.124362
0.122352 0.374062
0.122443 0.893144
0.12297 0.759724
0.123802 0.73546
0.124876 0.789477
0.125569 0.438949
0.12581 0.481676
0.126004 0.755157
0.126411 0.595858
0.12662 0.099183
0.127665 0.668654
0.127943 0.344182
0.128693 0.951484
0.129641 0.882216
0.129973 0.457079
0.130018 0.210031
0.13002 0.244889
0.132095 0.126751
0.132193 0.771283
0.132774 0.53568
0.132919 0.971724
0.133404 0.113934
0.134573 0.774462
0.134653 0.104961
0.134815 0.830963
0.135003 0.987158
0.135397 0.609112
0.13622 0.44524
0.136749 0.33886
0.136989 0.37441
0.139093 0.736693
0.141173 0.691199
0.141604 0.946893
0.142214 0.18308
0.142534 0.568186
0.142717 0.64686
0.143039 0.058677
0.144138 0.524103
0.144947 0.123907
0.145141 0.389608
0.145285 0.811486
0.147083 0.0182423
0.147378 0.975308
0.147673 0.933399
0.148257 0.763483
0.148954 0.475817
0.149185 0.354065
0.149649 0.15672
0.150192 0.284231
0.150554 0.369178
0.152369 0.871036
0.152573 0.297154
0.152664 0.818773
0.152882 0.492987
0.153478 0.511233
0.153803 0.961086
0.153921 0.950048
0.154428 0.465404
0.155981 0.580996
0.156523 0.680653
0.157904 0.897045
0.158522 0.276079
0.158972 0.843685
0.159464 0.11089
0.159739 0.72747
0.160366 0.276398
0.160554 0.42886
0.161427 0.105188
0.161464 0.721483
0.161634 0.574375
0.161995 0.657013
0.162393 0.334534
0.162414 0.696927
0.162538 0.769701
0.163684 0.0401868
0.165168 0.975845
0.16687 0.588933
0.167017 0.0468044
0.16843 0.802731
0.169062 0.420101
0.169186 0.511119
0.16924 0.424519
0.169248 0.548543
0.170366 0.34432
0.172419 0.845421
0.172572 0.414544
0.172686 0.326033
0.172942 0.639279
0.17392 0.0731983
0.174293 0.341447
0.174422 0.511402
0.174541 0.51352
0.175076 0.500086
0.175309 0.425519
0.175599 0.295477
0.176902 0.197634
0.176939 0.821474
0.177399 0.541436
0.177596 0.853117
0.178554 0.952522
0.179176 0.409499
0.179731 0.742522
0.180127 0.39899
0.180426 0.413814
0.181774 0.0698151
0.182328 0.392093
0.182597 0.904199
0.182949 0.816809
0.183941 0.500578
0.184113 0.393736
0.184958 0.582975
0.185456 0.96619
0.186558 0.488514
0.186662 0.233552
0.186862 0.595533
0.187133 0.152578
0.18714 0.267868
0.187441 0.315774
0.187518 0.61762
0.190124 0.419751
0.191515 0.791363
0.191579 0.86428
0.191798 0.543636
0.193526 0.588639
0.193619 0.15612
0.193804 0.266405
0.194032 0.100121
0.194217 0.203887
0.194749 0.149434
0.195492 0.633863
0.195899 0.469062
0.196989 0.795703
0.198203 0.205974
0.199011 0.775004
0.199516 0.269057
0.200807 0.961216
0.20084 0.517241
0.201857 0.60269
0.201999 0.997191
0.202425 0.163273
0.203006 0.918318
0.203042 0.521403
0.203093 0.37558
0.203211 0.358861
0.203337 0.480895
0.20465 0.553283
0.204993 0.322929
0.205161 0.147161
0.205466 0.258954
0.206329 0.770068
0.206339 0.931768
0.207009 0.199423
0.207318 0.397369
0.207527 0.907582
0.207881 0.863731
0.208414 0.811634
0.208705 0.709916
0.209783 0.827828
0.210381 0.86708
0.210788 0.720983
0.211429 0.486827
0.211652 0.242718
0.21186 0.724043
0.212998 0.865574
0.213107 0.694651
0.213249 0.0724506
0.21342 0.948438
0.214843 0.866613
0.215825 0.366376
0.216234 0.250951
0.217154 0.713368
0.217195 0.395186
0.217628 0.673098
0.219193 0.968948
0.219377 0.0695988
0.219425 0.875754
0.219455 0.382511
0.219692 0.36582
0.21994 0.538762
0.220724 0.708186
0.220744 0.0364551
0.22215 0.677741
0.222408 0.0112015
0.222516 0.823695
0.222665 0.328978
0.222825 0.0163342
0.22547 0.48279
0.225524 0.386963
0.225557 0.931209
0.22666 0.470837
0.22824 0.0379244
0.228886 0.894155
0.229199 0.150908
0.230015 0.85726
0.231404 0.210261
0.232495 0.546075
0.232924 0.757683
0.233259 0.384177
0.233449 0.578432
0.233686 0.554767
0.234189 0.022437
0.234536 0.84135
0.234884 0.691209
0.235978 0.0809464
0.236113 0.349083
0.236592 0.402167
0.237428 0.451039
0.240226 0.479982
0.241225 0.263232
0.24156 0.899908
0.242289 0.156104
0.242831 0.260128
0.243185 0.213498
0.243366 0.245207
0.243372 0.358353
0.243597 0.133981
0.244132 0.131566
0.244446 0.400497
0.244536 0.910893
0.245286 0.528894
0.245359 0.746286
0.246421 0.594415
0.247485 0.487295
0.247996 0.0730489
0.248178 0.122531
0.248349 0.00890392
0.248991 0.79386
0.249329 0.480289
0.24937 0.16609
0.250675 0.097713
0.25103 0.0680588
0.251392 0.140578
0.251534 0.528521
0.252554 0.680932
0.254061 0.00757971
0.254331 0.539165
0.255188 0.938816
0.255281 0.515266
0.256657 0.630494
0.257466 0.225696
0.257649 0.301342
0.259132 0.237524
0.259232 0.911169
0.260421 0.89286
0.260466 0.64672
0.260499 0.211823
0.260692 0.455829
0.262634 0.0927439
0.26266 0.530528
0.262835 0.47091
0.263829 0.175278
0.264269 0.574367
0.266372 0.922062
0.266438 0.0175028
0.266641 0.427624
0.266641 0.441837
0.267048 0.275016
0.267326 0.95596
0.267419 0.510699
0.268306 0.416497
0.269031 0.607805
0.26934 0.792367
0.269896 0.141451
0.270034 0.465374
0.270711 0.843647
0.270962 0.0541316
0.27183 0.64264
0.272229 0.34476
0.272746 0.0375627
0.273127 0.447343
0.27362 0.736846
0.274408 0.982271
0.275703 0.746943
0.276373 0.00298346
0.277737 0.923414
0.27801 0.509995
0.278856 0.724341
0.279793 0.481491
0.280061 0.98098
0.280178 0.954391
0.282531 0.499806
0.282543 0.705781
0.283553 0.682827
0.284149 0.685537
0.287926 0.16903
0.288044 0.153617
0.288196 0.716205
0.288951 0.400597
0.290506 0.528908
0.290616 0.37536
0.290632 0.647936
0.2914 0.554856
0.291816 0.555418
0.292891 0.610907
0.293377 0.787647
0.29629 0.741383
0.296675 0.222235
0.296822 0.679253
0.298714 0.486721
0.299142 0.687005
0.299173 0.192799
0.299591 0.221544
0.299621 0.73115
0.299692 0.919631
0.299711 0.238736
0.300879 0.866824
0.301006 0.00620904
0.301497 0.255805
0.301808 0.490441
0.302293 0.63384
0.303556 0.868228
0.303994 0.227528
0.304038 0.966752
0.304376 0.654158
0.304489 0.549932
0.304765 0.177359
0.306359 0.976874
0.306619 0.347815
0.306955 0.989062
0.307472 0.690295
0.307934 0.453615
0.308846 0.782443
0.308918 0.980175
0.309337 0.0210351
0.309525 0.192851
0.310244 0.26339
0.310431 0.414451
0.310731 0.459258
0.311801 0.441351
0.311975 0.362559
0.312131 0.981301
0.312327 0.285023
0.312394 0.408436
0.312494 0.0950574
0.312816 0.495057
0.312933 0.46468
0.313094 0.165544
0.313807 0.149328
0.315105 0.973017
0.315498 0.569222
0.31554 0.278135
0.315807 0.770033
0.315818 0.948818
0.315923 0.711598
0.316164 0.769312
0.317307 0.974972
0.317863 0.327006
0.317945 0.709472
0.318456 0.284926
0.318741 0.0816687
0.318928 0.214995
0.319284 0.200672
0.322107 0.657897
0.323379 0.025028
0.324643 0.269833
0.324745 0.992604
0.32552 0.0132487
0.325723 0.433482
0.326021 0.426721
0.326635 0.762279
0.326679 0.5009
0.326856 0.466061
0.327116 0.837519
0.327759 0.65245
0.328013 0.919073
0.329249 0.682212
0.329568 0.0558048
0.329575 0.170555
0.329652 0.464755
0.329755 0.192606
0.329779 0.593543
0.330658 0.365142
0.331073 0.343743
0.332357 0.925982
0.334987 0.134817
0.336443 0.601832
0.336542 0.25581
0.33675 0.759691
0.336817 0.877625
0.337153 0.535605
0.337614 0.281261
0.337641 0.734908
0.338534 0.748139
0.340021 0.740381
0.34097 0.676528
0.341242 0.256879
0.343937 0.551334
0.344067 0.735439
0.344372 0.858267
0.345719 0.505463
0.345932 0.0826852
0.346243 0.299477
0.34691 0.524517
0.347007 0.149186
0.347984 0.569339
0.348682 0.292176
0.349156 0.26464
0.349421 0.726007
0.350714 0.44948
0.351398 0.945751
0.352023 0.448316
0.352052 0.934044
0.354214 0.275688
0.3543 0.724333
0.354407 0.519413
0.354651 0.616399
0.355282 0.217232
0.357118 0.0744305
0.357447 0.614623
0.359826 0.6037
0.361225 0.114363
0.361313 0.582559
0.36186 0.77733
0.362171 0.0138048
0.362321 0.525185
0.362337 0.792189
0.362809 0.729779
0.365933 0.232539
0.366056 0.306519
0.366278 0.0260324
0.366659 0.442379
0.367838 0.25445
0.36786 0.616599
0.368986 0.551795
0.369633 0.423123
0.369818 0.531483
0.369956 0.842242
0.370049 0.413605
0.370192 0.810094
0.370636 0.28142
0.370775 0.610101
0.371713 0.376706
0.371982 0.902593
0.372021 0.556972
0.372171 0.0743156
0.372374 0.491559
0.372509 0.752526
0.37308 0.363731
0.373266 0.474994
0.373485 0.157536
0.373567 0.537481
0.373756 0.721295
0.374122 0.87081
0.374425 0.969056
0.37455 0.0569508
0.374796 0.199769
0.376438 0.794232
0.377487 0.427582
0.377626 0.757531
0.377773 0.233646
0.377952 0.243957
0.378058 0.0184063
0.378063 0.101875
0.378631 0.647008
0.379096 0.461364
0.379156 0.468907
0.379394 0.46776
0.379412 0.777261
0.380436 0.994788
0.380476 0.666533
0.380554 0.979399
0.380707 0.536587
0.381033 0.0144427
0.38154 0.539456
0.381587 0.336024
0.382061 0.298032
0.382216 0.907265
0.382807 0.833379
0.382965 0.497906
0.383062 0.126104
0.383574 0.72139
0.38393 0.714151
0.38441 0.779498
0.384848 0.133773
0.385047 0.48691
0.385647 0.567063
0.385997 0.446404
0.386311 0.724335
0.386642 0.291372
0.387053 0.196507
0.387084 0.715341
0.387105 0.0711901
0.387774 0.323967
0.388517 0.807504
0.388942 0.95168
0.389907 0.159488
0.390093 0.297392
0.39022 0.431862
0.391205 0.98994
0.39128 0.237901
0.392184 0.433556
0.392223 0.086784
0.392511 0.93763
0.392545 0.507476
0.392974 0.721502
0.393857 0.546704
0.394388 0.48506
0.394813 0.622755
0.395238 0.757039
0.395264 0.209051
0.395328 0.275753
0.395839 0.86474
0.395955 0.81738
0.39643 0.80473
0.396551 0.831071
0.396575 0.238895
0.396962 0.740886
0.398019 0.499387
0.39807 0.360061
0.398166 0.979908
0.398198 0.522135
0.398506 0.69549
0.398642 0.975609
0.39984 0.103293
0.400095 0.403452
0.400478 0.828189
0.40097 0.094925
0.401935 0.329218
0.40199 0.245349
0.402936 0.14155
0.403361 0.284153
0.404262 0.434619
0.404468 0.899955
0.405103 0.558953
0.405761 0.618716
0.405832 0.817701
0.406043 0.357231
0.406547 0.842087
0.40808 0.604538
0.40865 0.174075
0.409288 0.901836
0.409907 0.308011
0.411284 0.450781
0.411998 0.451328
0.412541 0.570442
0.413636 0.9776
0.413724 0.465878
0.413923 0.802173
0.414186 0.221842
0.414461 0.843031
0.414626 0.620742
0.415547 0.0938971
0.415763 0.722664
0.416413 0.644965
0.416475 0.691311
0.416491 0.969953
0.417656 0.547968
0.418405 0.138201
0.418767 0.224722
0.419075 0.389828
0.41948 0.201282
0.419535 0.132713
0.419576 0.808974
0.419605 0.300948
0.420026 0.383303
0.420497 0.296897
0.420661 0.0573909
0.420801 0.396943
0.421123 0.812446
0.422479 0.608602
0.422494 0.849231
0.422986 0.119856
0.423066 0.473677
0.42315 0.890211
0.423158 0.0128582
0.423254 0.62167
0.4244 0.886732
0.424614 0.479176
0.425046 0.750022
0.425244 0.0769882
0.426442 0.202497
0.426632 0.408851
0.427486 0.753122
0.427975 0.980788
0.428198 0.731591
0.428259 0.740982
0.428382 0.81259
0.428456 0.0609197
0.428987 0.989218
0.429461 0.951829
0.43018 0.0393824
0.43049 0.24445
0.430902 0.164839
0.43109 0.327694
0.431617 0.190032
0.43164 0.578564
0.431671 0.0890703
0.432184 0.722761
0.432382 0.0447181
0.432678 0.0179453
0.432683 0.1078
0.433278 0.0990915
0.433522 0.20475
0.435122 0.0956853
0.435701 0.832808
0.435946 0.947686
0.435952 0.0406004
0.436165 0.626079
0.436657 0.890217
0.437272 0.237749
0.437702 0.464102
0.437987 0.243055
0.441187 0.0325483
0.441486 0.051912
0.441575 0.546702
0.441984 0.430416
0.442005 0.77084
0.44308 0.849878
0.443302 0.573735
0.443602 0.615983
0.443697 0.208531
0.443785 0.689625
0.444065 0.392607
0.444156 0.932555
0.446023 0.31063
0.44665 0.843342
0.446743 0.40824
0.446782 0.0629627
0.447264 0.17436
0.447638 0.458818
0.447657 0.776326
0.450346 0.965993
0.451311 0.182191
0.451413 0.895289
0.452691 0.384715
0.453715 0.579819
0.454043 0.0934574
0.454526 0.213809
0.454603 0.509088
0.45481 0.985491
0.454926 0.943085
0.455797 0.579797
0.456083 0.37967
0.456338 0.671275
0.456871 0.628077
0.457049 0.628989
0.457219 0.471996
0.457535 0.784731
0.457835 0.841395
0.457877 0.537347
0.458036 0.203862
0.4582 0.962461
0.459354 0.361495
0.459863 0.916366
0.46071 0.145637
0.46147 0.929267
0.462026 0.270203
0.463151 0.185113
0.464189 0.625277
0.464994 0.149533
0.465138 0.581382
0.465334 0.865334
0.465797 0.645778
0.46644 0.456796
0.466735 0.409095
0.467457 0.553852
0.467503 0.317181
0.467907 0.116879
0.468 0.667784
0.468742 0.147571
0.469236 0.454065
0.46954 0.551004
0.470281 0.0203273
0.470467 0.137484
0.471572 0.712057
0.471885 0.972582
0.472642 0.692475
0.473791 0.0136205
0.47387 0.326228
0.474474 0.487054
0.474506 0.0218927
0.475085 0.753224
0.476098 0.784875
0.476277 0.787626
0.476819 0.888386
0.477676 0.297194
0.478374 0.0263775
0.479073 0.778673
0.479545 0.709782
0.47964 0.306996
0.480131 0.559863
0.480304 0.472117
0.480983 0.881015
0.481756 0.869978
0.482337 0.63555
0.482439 0.349172
0.483758 0.512636
0.483826 0.663261
0.483917 0.2009
0.484232 0.487534
0.48473 0.85008
0.485295 0.352975
0.485428 0.596717
0.486307 0.365248
0.48731 0.225564
0.488067 0.949425
0.488489 0.0323828
0.489264 0.0639841
0.489539 0.678732
0.490116 0.379345
0.490591 0.368002
0.491748 0.80702
0.492051 0.904413
0.492527 0.907658
0.492981 0.539221
0.493844 0.0281864
0.4941 0.33413
0.494183 0.732694
0.494651 0.598422
0.494657 0.70119
0.494726 0.859954
0.494753 0.315402
0.495442 0.898538
0.497112 0.964008
0.497661 0.184551
0.497879 0.847323
0.498169 0.729819
0.498315 0.184842
0.498421 0.964088
0.49889 0.840531
0.499424 0.818699
0.499852 0.0140125
0.500379 0.869526
0.500953 0.525802
0.501699 0.0579792
0.501763 0.127867
0.502329 0.651737
0.502644 0.936391
0.503597 0.957744
0.503687 0.467114
0.504459 0.437443
0.50468 0.162654
0.50637 0.567827
0.507422 0.249489
0.50813 0.136445
0.509 0.768812
0.509179 0.77496
0.510184 0.656251
0.510382 0.988124
0.510412 0.497182
0.51084 0.693364
0.511175 0.318293
0.51382 0.769692
0.514047 0.594798
0.514431 0.0375594
0.51446 0.53379
0.515184 0.700038
0.515519 0.331752
0.516203 0.818029
0.516432 0.671311
0.516732 0.722277
0.516856 0.79675
0.517305 0.342161
0.517976 0.617181
0.51839 0.582728
0.518651 0.972624
0.519322 0.250774
0.519375 0.131789
0.519479 0.891524
0.51951 0.403713
0.520131 0.838251
0.520433 0.918716
0.521114 0.360836
0.521407 0.287997
0.522395 0.894716
0.523618 0.445282
0.524051 0.732861
0.524175 0.802896
0.52479 0.145302
0.525011 0.86235
0.525766 0.542188
0.525874 0.36725
0.525975 0.0597962
0.526323 0.903707
0.526435 0.792108
0.526646 0.332593
0.527535 0.287767
0.528031 0.611017
0.528189 0.266497
0.528787 0.319804
0.528981 0.588417
0.530096 0.317255
0.530699 0.453249
0.531211 0.0593825
0.53153 0.423412
0.531533 0.476741
0.531739 0.933476
0.534202 0.335869
0.534348 0.780709
0.535154 0.334181
0.536054 0.464705
0.536347 0.387632
0.537067 0.477886
0.537378 0.704836
0.537386 0.841116
0.539161 0.678946
0.539535 0.970705
0.540323 0.216084
0.540653 0.758006
0.540722 0.922022
0.541013 0.807156
0.541159 0.258155
0.541462 0.359078
0.541839 0.692864
0.542304 0.50218
0.542582 0.170625
0.54356 0.610219
0.544939 0.790312
0.545192 0.0484675
0.545242 0.881999
0.546018 0.924291
0.548119 0.232839
0.549506 0.548407
0.549865 0.573326
0.549996 0.7839
0.550904 0.0439736
0.552132 0.677578
0.552311 0.687701
0.552445 0.935834
0.553368 0.460094
0.55358 0.0174688
0.55449 0.307713
0.555399 0.588292
0.556005 0.776863
0.556271 0.240477
0.556409 0.561355
0.556488 0.900854
0.556797 0.0837025
0.557843 0.673374
0.558363 0.413597
0.558384 0.759859
0.558546 0.47438
0.559738 0.512953
0.560147 0.392637
0.560761 0.716557
0.561216 0.357809
0.561515 0.377228
0.562432 0.791184
0.562721 0.656086
0.563808 0.916015
0.563957 0.424101
0.564182 0.211539
0.565442 0.39054
0.566533 0.72377
0.566604 0.915601
0.566961 0.911344
0.568408 0.239057
0.569723 0.333187
0.570687 0.541621
0.571526 0.630283
0.573328 0.91643
0.573389 0.955357
0.573446 0.903373
0.573655 0.425936
0.574058 0.18615
0.574726 0.412936
0.575137 0.321053
0.576201 0.211711
0.576393 0.432035
0.57661 0.078833
0.576946 0.739082
0.577419 0.682558
0.57771 0.577678
0.577839 0.735885
0.578218 0.113601
0.578667 0.649057
0.578987 0.0329334
0.579269 0.766525
0.579303 0.342968
0.579441 0.66045
0.579918 0.683105
0.582244 0.77189
0.582618 0.0668192
0.582623 0.145286
0.582925 0.218519
0.583052 0.353106
0.583161 0.193383
0.583542 0.595377
0.584251 0.513794
0.584421 0.357662
0.585225 0.871673
0.585259 0.445174
0.585803 0.595068
0.586265 0.361777
0.586474 0.862794
0.587103 0.432767
0.587431 0.952862
0.587691 0.324969
0.587834 0.73445
0.588549 0.741392
0.588833 0.516784
0.589403 0.0958376
0.589561 0.754267
0.589581 0.0882185
0.589809 0.922545
0.589939 0.106697
0.590632 0.747192
0.591724 0.09786
0.591906 0.159943
0.59204 0.418218
0.592304 0.845564
0.592813 0.414773
0.59282 0.531683
0.593462 0.311912
0.593752 0.188163
0.594347 0.181802
0.59836 0.638171
0.598594 0.570092
0.598964 0.792048
0.599321 0.796579
0.599497 0.753953
0.600774 0.201687
0.60139 0.565201
0.601399 0.70822
0.602113 0.711445
0.602843 0.98604
0.603164 0.383527
0.60403 0.927113
0.604146 0.880473
0.604208 0.91929
0.604433 0.698957
0.60456 0.840502
0.605164 0.995537
0.605238 0.238638
0.60524 0.276197
0.605306 0.382713
0.605322 0.655423
0.606375 0.351837
0.606733 0.363045
0.606808 0.629789
0.608265 0.104959
0.608587 0.522263
0.608822 0.462988
0.608851 0.96001
0.60967 0.731672
0.609875 0.176402
0.610216 0.892962
0.61068 0.704845
0.611225 0.855522
0.611894 0.0979211
0.613058 0.65918
0.613422 0.786029
0.613458 0.39262
0.613981 0.183245
0.616678 0.499637
0.61733 0.460444
0.617743 0.40176
0.61783 0.864297
0.618823 0.555681
0.620298 0.34706
0.620646 0.204338
0.620835 0.372131
0.621263 0.569605
0.621463 0.926687
0.622489 0.173539
0.622538 0.99728
0.623205 0.211387
0.623721 0.873245
0.626044 0.926201
0.626823 0.017158
0.627747 0.544252
0.627801 0.458294
0.628032 0.326531
0.628681 0.243698
0.629044 0.346818
0.629252 0.838561
0.629342 0.354122
0.629405 0.403685
0.629642 0.38949
0.631757 0.934574
0.632222 0.753485
0.633502 0.264276
0.633751 0.456589
0.634271 0.199253
0.634341 0.361493
0.634366 0.781737
0.634605 0.812717
0.635437 0.79127
0.636243 0.332023
0.636727 0.469459
0.637245 0.177821
0.637326 0.541488
0.637613 0.359933
0.637854 0.416826
0.638319 0.220412
0.638768 0.77188
0.638894 0.889884
0.640933 0.166
0.641155 0.899178
0.641252 0.513758
0.641883 0.120492
0.642108 0.906255
0.642248 0.265491
0.642468 0.964687
0.642614 0.410607
0.642732 0.397378
0.643112 0.785981
0.644111 0.567391
0.644171 0.586909
0.644444 0.176949
0.645003 0.57231
0.645915 0.890143
0.646705 0.165348
0.646742 0.792834
0.647279 0.823197
0.647968 0.404854
0.648241 0.993219
0.648301 0.992576
0.648418 0.956995
0.648791 0.228241
0.64907 0.914256
0.649098 0.387352
0.650407 0.397795
0.65064 0.300398
0.651334 0.966768
0.651359 0.38731
0.651799 0.783542
0.652894 0.192297
0.653238 0.963094
0.654214 0.378974
0.654317 0.112343
0.655023 0.973041
0.655218 0.250513
0.655298 0.584917
0.65641 0.279609
0.656752 0.0248993
0.656946 0.29604
0.657733 0.514394
0.658604 0.149705
0.658769 0.934781
0.658992 0.672209
0.659369 0.0193862
0.659377 0.146643
0.661229 0.282147
0.661337 0.0883399
0.661958 0.520358
0.662469 0.113437
0.662866 0.796656
0.662987 0.829837
0.663414 0.999449
0.665022 0.030562
0.665256 0.955181
0.665601 0.75193
0.665938 0.415686
0.666469 0.340314
0.666847 0.693173
0.667503 0.729778
0.667673 0.580103
0.667727 0.492258
0.667766 0.139076
0.667766 0.145165
0.667843 0.435859
0.668742 0.545643
0.669657 0.922831
0.670818 0.437914
0.67143 0.730466
0.672848 0.557691
0.672919 0.744833
0.673135 0.376183
0.674005 0.998979
0.674073 0.149017
0.674074 0.169835
0.674225 0.694528
0.674643 0.727804
0.676073 0.757912
0.676222 0.269065
0.676515 0.183994
0.676696 0.236536
0.677394 0.961603
0.677982 0.846847
0.67799 0.985695
0.679223 0.703034
0.679432 0.216549
0.679968 0.225405
0.681861 0.0454418
0.682128 0.532785
0.683754 0.856119
0.683921 0.652762
0.685261 0.188166
0.685741 0.245946
0.685783 0.957762
0.68656 0.00848314
0.686669 0.85056
0.686782 0.748384
0.686784 0.774712
0.688077 0.508399
0.688084 0.623775
0.688162 0.938707
0.689096 0.629763
0.689948 0.961692
0.690064 0.91344
0.69008 0.182518
0.690181 0.8731
0.690201 0.202418
0.690452 0.42476
0.69155 0.879167
0.691622 0.0862824
0.691854 0.998082
0.692221 0.152324
0.692489 0.662762
0.69297 0.744881
0.69331 0.458147
0.693523 0.0407768
0.694062 0.0944225
0.69409 0.576989
0.69431 0.260281
0.694474 0.0242655
0.694551 0.325822
0.694936 0.787812
0.695123 0.938294
0.695257 0.18735
0.695508 0.4057
0.695587 0.730118
0.695634 0.518718
0.69577 0.799424
0.696925 0.215566
0.696945 0.557743
0.697007 0.600606
0.697684 0.9832
0.698095 0.874678
0.699425 0.239373
0.699589 0.990052
0.6996 0.175036
0.699717 0.146546
0.700059 0.888307
0.700624 0.395827
0.700979 0.359215
0.701497 0.0610031
0.702581 0.282646
0.703438 0.676834
0.70349 0.552737
0.703585 0.148338
0.703682 0.780841
0.704016 0.399008
0.704385 0.594049
0.7045 0.531224
0.705098 0.580744
0.705408 0.785584
0.706929 0.350388
0.70749 0.777383
0.708071 0.554138
0.708627 0.898941
0.709441 0.576061
0.709442 0.597497
0.710214 0.566644
0.710519 0.692736
0.710813 0.641185
0.71132 0.162872
0.711666 0.968778
0.712274 0.193945
0.712497 0.931256
0.714047 0.986914
0.714172 0.091409
0.714231 0.0845362
0.71465 0.122563
0.715107 0.808864
0.716131 0.0111921
0.717489 0.836657
0.717885 0.497617
0.718657 0.474239
0.71996 0.369164
0.720508 0.572559
0.720545 0.193222
0.720716 0.073944
0.721171 0.718405
0.721857 0.243125
0.722004 0.727559
0.72228 0.353288
0.722568 0.204314
0.723143 0.865208
0.724579 0.00183993
0.724652 0.220507
0.725707 0.955044
0.726078 0.18539
0.726936 0.615493
0.726956 0.950297
0.727167 0.503414
0.727733 0.00810147
0.727823 0.517182
0.727998 0.459717
0.728256 0.804604
0.728676 0.850277
0.728746 0.0328025
0.72891 0.79566
0.729137 0.606601
0.729185 0.411652
0.729837 0.377389
0.730333 0.699778
0.730379 0.473634
0.731 0.909025
0.731087 0.373785
0.731597 0.944231
0.731991 0.568924
0.732001 0.743217
0.732085 0.159023
0.732311 0.952722
0.733092 0.0692083
0.733589 0.425838
0.733836 0.587134
0.733954 0.558111
0.734181 0.387248
0.734878 0.0983063
0.73551 0.721162
0.736353 0.885318
0.738168 0.392677
0.738291 0.458361
0.738457 0.245151
0.738904 0.756102
0.739053 0.26659
0.739517 0.0647299
0.740885 0.0468241
0.741097 0.60938
0.741535 0.979033
0.74195 0.957243
0.742727 0.0157829
0.743489 0.819011
0.743593 0.56685
0.743625 0.0987069
0.744004 0.481902
0.744586 0.249187
0.746537 0.0466203
0.746939 0.80127
0.747137 0.137127
0.747408 0.691706
0.748026 0.0665211
0.748143 0.0315815
0.748402 0.389218
0.748543 0.765969
0.749238 0.450621
0.749889 0.387009
0.750123 0.322608
0.750171 0.122393
0.750276 0.894729
0.751779 0.145289
0.751831 0.0204958
0.751882 0.873609
0.752022 0.226834
0.752191 0.0793969
0.752544 0.0144536
0.752576 0.55225
0.752662 0.990064
0.752864 0.384102
0.753205 0.109976
0.754882 0.304713
0.755092 0.830321
0.755284 0.0649825
0.757202 0.291052
0.757796 0.27429
0.757845 0.102649
0.758078 0.015403
0.758281 0.431895
0.75847 0.601989
0.758506 0.218355
0.758785 0.893711
0.758865 0.23969
0.75949 0.745808
0.759757 0.230082
0.760141 0.682439
0.760388 0.835666
0.760511 0.910483
0.760848 0.569684
0.761015 0.376588
0.761864 0.648403
0.761999 0.915326
0.762105 0.693305
0.762826 0.814152
0.763968 0.0162897
0.764056 0.494002
0.764285 0.333885
0.765499 0.740258
0.765693 0.999722
0.765919 0.805279
0.766649 0.0649103
0.766969 0.450078
0.768154 0.361512
0.769565 0.0780956
0.771792 0.509679
0.773503 0.260042
0.774813 0.278225
0.776116 0.182284
0.77688 0.0212781
0.777162 0.758384
0.777523 0.836757
0.777781 0.168308
0.778266 0.313985
0.779942 0.487255
0.7801 0.140903
0.780814 0.149176
0.780825 0.322076
0.781236 0.224894
0.781856 0.65242
0.78219 0.273921
0.782574 0.724712
0.782683 0.545775
0.782889 0.0203934
0.783235 0.827927
0.783676 0.234889
0.784226 0.485556
0.784342 0.435097
0.785035 0.0900475
0.785156 0.111575
0.785291 0.384173
0.785852 0.822031
0.786184 0.401606
0.786391 0.869376
0.786438 0.671689
0.786568 0.848202
0.788192 0.149317
0.788326 0.401707
0.788377 0.258248
0.788544 0.0573101
0.788584 0.728327
0.788701 0.69547
0.789087 0.189501
0.789216 0.351591
0.789432 0.977313
0.789955 0.769628
0.790262 0.935212
0.790534 0.508379
0.790898 0.625923
0.792079 0.467749
0.792261 0.532218
0.792753 0.80714
0.793439 0.327853
0.793561 0.384161
0.7937 0.721444
0.793827 0.858004
0.794435 0.0648023
0.795082 0.936983
0.795142 0.958082
0.795608 0.783723
0.796161 0.0701877
0.796807 0.927483
0.796838 0.447811
0.797496 0.518657
0.797538 0.226395
0.797613 0.48486
0.798073 0.215332
0.798186 0.114769
0.798205 0.428551
0.798992 0.664828
0.799048 0.596941
0.799428 0.978711
0.800027 0.0523047
0.802034 0.780732
0.802192 0.43762
0.802258 0.543204
0.802417 0.222014
0.803292 0.935893
0.80378 0.138445
0.804319 0.195088
0.805004 0.702942
0.805228 0.468326
0.805617 0.00796936
0.807256 0.552266
0.807314 0.524285
0.807355 0.215713
0.807755 0.940286
0.807927 0.821783
0.808666 0.241018
0.809149 0.372905
0.809376 0.188425
0.810361 0.732086
0.810363 0.773135
0.810775 0.702963
0.812626 0.80936
0.81263 0.874092
0.812702 0.0742111
0.813597 0.123724
0.814 0.894943
0.814788 0.144759
0.815426 0.861383
0.815617 0.0802745
0.817744 0.819515
0.817754 0.993573
0.819289 0.792378
0.819618 0.322702
0.819736 0.301513
0.820589 0.645377
0.822164 0.108468
0.822254 0.630392
0.823312 0.401713
0.823571 0.751867
0.823599 0.228572
0.823699 0.914544
0.824316 0.278887
0.824575 0.635584
0.824724 0.140367
0.825024 0.181621
0.825267 0.258322
0.825381 0.178341
0.825714 0.767042
0.825995 0.502168
0.826219 0.260609
0.826247 0.730332
0.826802 0.0590359
0.827858 0.811198
0.828774 0.208225
0.82939 0.55676
0.82953 0.919094
0.830082 0.185868
0.831818 0.368552
0.832788 0.662693
0.833326 0.710523
0.833382 0.650423
0.834223 0.793134
0.834547 0.223061
0.834577 0.737309
0.835843 0.00576452
0.836806 0.205676
0.836991 0.310451
0.83711 0.300634
0.837234 0.391332
0.837822 0.282704
0.837936 0.190358
0.837958 0.555325
0.839386 0.561218
0.840246 0.0117479
0.840627 0.419815
0.840844 0.0679515
0.84092 0.346984
0.84126 0.0605228
0.841702 0.486832
0.842187 0.636226
0.843252 0.53158
0.843459 0.0222891
0.84369 0.901171
0.844084 0.515963
0.84476 0.888781
0.845624 0.396475
0.846444 0.191515
0.850729 0.207206
0.851781 0.886278
0.852112 0.447797
0.853541 0.467308
0.854939 0.967578
0.854987 0.771433
0.855795 0.338999
0.855936 0.707916
0.856493 0.0708834
0.856818 0.540185
0.857071 0.784269
0.857485 0.75862
0.857907 0.846415
0.858057 0.366083
0.858078 0.711711
0.858231 0.283167
0.858571 0.996682
0.858702 0.208641
0.86035 0.899064
0.860387 0.527239
0.860923 0.528495
0.86252 0.372801
0.862686 0.15603
0.863429 0.650312
0.863505 0.934447
0.863605 0.614549
0.864265 0.696751
0.864345 0.050564
0.864382 0.670538
0.864526 0.0870622
0.864869 0.860504
0.865163 0.799288
0.865267 0.546564
0.865376 0.37219
0.865852 0.367327
0.866736 0.233852
0.866769 0.790518
0.867131 0.867874
0.86739 0.230581
0.868207 0.953689
0.868589 0.372095
0.869073 0.512286
0.869164 0.043202
0.869308 0.457324
0.869456 0.941429
0.869704 0.111146
0.869842 0.437644
0.871775 0.923557
0.871788 0.134196
0.871978 0.333083
0.872079 0.0341526
0.872227 0.512545
0.873546 0.689055
0.87492 0.782589
0.875864 0.639001
0.875962 0.301588
0.876415 0.905586
0.877252 0.968476
0.878161 0.247474
0.878686 0.0717526
0.879349 0.215595
0.879961 0.512201
0.88026 0.523503
0.880302 0.242481
0.880352 0.0762549
0.881622 0.422974
0.881711 0.919908
0.882473 0.727832
0.882809 0.36569
0.882842 0.933775
0.882889 0.709509
0.883218 0.246071
0.883556 0.929737
0.883843 0.75528
0.883893 0.590229
0.884011 0.576021
0.884245 0.499333
0.884355 0.349275
0.885906 0.424288
0.886269 0.522603
0.88634 0.724201
0.886604 0.154998
0.88682 0.780212
0.886996 0.741123
0.887169 0.643047
0.888493 0.90639
0.88867 0.882704
0.889687 0.961383
0.890102 0.94857
0.890235 0.186325
0.891884 0.897291
0.892777 0.896403
0.893982 0.158709
0.894005 0.533756
0.894193 0.707466
0.894639 0.202655
0.89504 0.938412
0.895353 0.194327
0.895562 0.716225
0.897078 0.184506
0.897603 0.00797038
0.897677 0.248959
0.898032 0.224384
0.898355 0.644935
0.898817 0.41576
0.898889 0.620168
0.899065 0.581612
0.899613 0.789476
0.900185 0.405806
0.900547 0.487795
0.900687 0.839181
0.900779 0.398233
0.901129 0.271367
0.901363 0.215466
0.901444 0.564787
0.901719 0.196878
0.901937 0.847692
0.902037 0.532592
0.902696 0.610543
0.903229 0.574366
0.903257 0.0335937
0.903263 0.133685
0.903979 0.173811
0.905181 0.380713
0.905616 0.684305
0.905869 0.947962
0.90606 0.149636
0.90836 0.800286
0.909418 0.582767
0.91002 0.71131
0.910166 0.153364
0.910786 0.574824
0.910926 0.931947
0.912264 0.423515
0.91339 0.339294
0.914195 0.881926
0.914884 0.449175
0.915911 0.724382
0.917692 0.6442
0.917709 0.932407
0.917929 0.629255
0.918154 0.406088
0.918345 0.618962
0.918471 0.747171
0.918667 0.0376422
0.91902 0.960998
0.919109 0.472607
0.919303 0.726827
0.919322 0.0439436
0.920208 0.929095
0.920581 0.202126
0.921889 0.182085
0.921914 0.608129
0.922198 0.382371
0.923636 0.544008
0.923722 0.00234262
0.925352 0.389368
0.925457 0.152845
0.925858 0.896553
0.92648 0.357677
0.92654 0.355093
0.926785 0.468688
0.927337 0.759981
0.927905 0.295763
0.928493 0.179629
0.928746 0.430107
0.930258 0.849755
0.930914 0.866309
0.93199 0.956038
0.932274 0.728926
0.932659 0.201772
0.932961 0.279551
0.933052 0.804848
0.933098 0.570791
0.934049 0.562122
0.936175 0.295438
0.936196 0.644275
0.93627 0.896103
0.936296 0.33499
0.936902 0.504911
0.937095 0.758113
0.937336 0.800222
0.937833 0.161218
0.93877 0.911904
0.939304 0.876423
0.939942 0.599433
0.939961 0.92778
0.940488 0.788999
0.940906 0.809284
0.941117 0.360843
0.942032 0.724209
0.942299 0.212272
0.942732 0.499209
0.94332 0.387326
0.943324 0.453638
0.943817 0.738985
0.94442 0.872638
0.944817 0.531196
0.944924 0.335291
0.945751 0.232434
0.946167 0.229029
0.946237 0.401231
0.946298 0.432527
0.94664 0.173208
0.947027 0.676029
0.947225 0.0184833
0.947477 0.237475
0.947764 0.0685993
0.947874 0.917689
0.94821 0.557316
0.948843 0.19584
0.949197 0.154486
0.949989 0.465981
0.95073 0.916107
0.950987 0.234267
0.95128 0.164637
0.951633 0.0999833
0.951981 0.945577
0.953457 0.748945
0.954254 0.149427
0.954388 0.396628
0.954894 0.904071
0.955255 0.968459
0.956311 0.714994
0.956708 0.388351
0.956876 0.211189
0.957696 0.996454
0.958108 0.929381
0.958303 0.194401
0.958457 0.783497
0.959545 0.0791774
0.959794 0.264962
0.960441 0.136658
0.961131 0.727417
0.961363 0.626561
0.962221 0.047382
0.962698 0.0690505
0.964104 0.7037
0.96423 0.807279
0.9654 0.474835
0.96552 0.488537
0.965848 0.00501558
0.96738 0.758607
0.968254 0.444813
0.968333 0.772509
0.968642 0.967943
0.96901 0.157114
0.969446 0.480662
0.970132 0.00606314
0.970227 0.612926
0.970825 0.662924
0.970984 0.333265
0.971206 0.0608474
0.971676 0.950665
0.971837 0.662815
0.971912 0.919143
0.972073 0.630495
0.972077 0.699774
0.972139 0.739546
0.97296 0.536128
0.973345 0.00676664
0.973613 0.520148
0.973811 0.841424
0.974316 0.331751
0.974502 0.45862
0.974731 0.296398
0.976027 0.089745
0.976496 0.960725
0.976514 0.269913
0.97717 0.298066
0.977252 0.674779
0.977368 0.629
0.978213 0.829086
0.978798 0.665588
0.979175 0.996306
0.979349 0.926859
0.979674 0.381862
0.980512 0.464983
0.980638 0.589553
0.980743 0.341845
0.981443 0.117495
0.982275 0.0982936
0.983195 0.55189
0.983249 0.470401
0.985008 0.0279442
0.985092 0.437966
0.986055 0.626342
0.987511 0.0951329
0.98765 0.433668
0.988177 0.292515
0.988343 0.0729893
0.988567 0.845597
0.988612 0.595848
0.988701 0.105586
0.98942 0.181345
0.990027 0.388832
0.990144 0.342529
0.990678 0.329557
0.991028 0.212372
0.991242 0.802132
0.991718 0.802607
0.991786 0.951901
0.99268 0.977928
0.992863 0.0433366
0.993194 0.614303
0.993329 0.878831
0.99388 0.141723
0.994126 0.269984
0.994338 0.837791
0.994749 0.741353
0.99536 0.0077885
0.995426 0.132962
0.995996 0.704651
0.996325 0.227814
0.996427 0.951086
0.99662 0.190436
0.997441 0.983152
0.998532 0.331832
0.999095 0.792668
0.999579 0.92432
