0.00215891 0.284785
0.0124124 0.615269
0.0139196 0.946495
0.0170471 0.510387
0.0184362 0.857025
0.0197719 0.305839
0.0226707 0.0271161
0.0263975 0.662066
0.0270204 0.131627
0.0313235 0.453704
0.0379272 0.443274
0.043987 0.290181
0.0455302 0.225681
0.0468871 0.0318145
0.0555264 0.232189
0.0557446 0.898742
0.0662585 0.606655
0.0705676 0.0291131
0.071193 0.540725
0.0752336 0.450734
0.0758597 0.974704
0.0773346 0.763116
0.0781527 0.512537
0.0785683 0.497571
0.0791843 0.849807
0.0849794 0.248425
0.0887453 0.542973
0.089251 0.0423946
0.100935 0.411791
0.104739 0.356123
0.111939 0.364056
0.111955 0.622788
0.117562 0.87274
0.117936 0.147868
0.117953 0.436716
0.135344 0.733646
0.135685 0.453603
0.137856 0.94441
0.139176 0.127698
0.139862 0.662561
0.140965 0.200889
0.144116 0.160263
0.14646 0.553447
0.149806 0.79034
0.15023 0.918699
0.157322 0.108511
0.157668 0.9318
0.159931 0.952075
0.166086 0.405038
0.168851 0.882598
0.182669 0.116276
0.182685 0.388297
0.19618 0.196087
0.196672 0.465515
0.198616 0.140552
0.203691 0.436535
0.204149 0.134935
0.204737 0.00782925
0.205258 0.773222
0.210709 0.390399
0.212477 0.0931607
0.212509 0.630519
0.212691 0.693283
0.215942 0.345453
0.216944 0.185796
0.220061 0.566512
0.230189 0.793205
0.230868 0.191177
0.237379 0.633019
0.249275 0.562341
0.252306 0.511418
0.252604 0.519152
0.253052 0.0486045
0.253188 0.326735
0.253649 0.0759053
0.254055 0.905751
0.254136 0.262021
0.259086 0.451177
0.260157 0.461374
0.264163 0.77942
0.273072 0.517281
0.273601 0.411652
0.277785 0.738295
0.278 0.354164
0.278233 0.260986
0.280915 0.333782
0.293561 0.871291
0.294175 0.203233
0.30328 0.221439
0.304168 0.148595
0.305862 0.617287
0.310997 0.934689
0.317174 0.736662
0.319947 0.343192
0.320577 0.934202
0.321153 0.620939
0.330186 0.443455
0.335189 0.520661
0.339222 0.305549
0.340341 0.109967
0.344247 0.758045
0.345725 0.594504
0.346376 0.544549
0.35744 0.498183
0.357547 0.287619
0.358824 0.760821
0.363108 0.752759
0.363312 0.184692
0.365568 0.105063
0.366281 0.0887999
0.36647 0.26953
0.369119 0.785645
0.377967 0.483561
0.379662 0.974739
0.381263 0.89507
0.381928 0.0634473
0.382281 0.00474161
0.387221 0.0180777
0.387389 0.845573
0.387932 0.966979
0.388444 0.582199
0.390015 0.981193
0.396488 0.775051
0.396756 0.284675
0.406052 0.519761
0.40855 0.494372
0.409103 0.791073
0.417875 0.230384
0.42018 0.963023
0.42838 0.786505
0.429132 0.424104
0.429735 0.563447
0.432201 0.00521454
0.432985 0.183701
0.433539 0.491602
0.435926 0.609547
0.441505 0.369287
0.452113 0.659473
0.459496 0.746792
0.463478 0.675218
0.466108 0.877933
0.466516 0.73899
0.467137 0.175657
0.471685 0.606844
0.475071 0.520225
0.479227 0.370218
0.481575 0.834764
0.486626 0.730341
0.48696 0.336174
0.494359 0.698003
0.494471 0.573264
0.494734 0.986296
0.500272 0.0751742
0.504315 0.0249252
0.50563 0.129034
0.516185 0.516057
0.519014 0.0604594
0.525884 0.531416
0.52672 0.582355
0.528501 0.521089
0.531786 0.723814
0.535369 0.941261
0.540541 0.865864
0.540951 0.766562
0.541281 0.315731
0.541765 0.450718
0.543233 0.111412
0.547404 0.224481
0.547997 0.180953
0.548075 0.500893
0.562908 0.793905
0.56575 0.552609
0.568531 0.306267
0.574405 0.0195659
0.576409 0.702936
0.576707 0.712666
0.586241 0.955769
0.589111 0.195114
0.591401 0.682435
0.599117 0.366673
0.602682 0.270204
0.604617 0.79456
0.60925 0.666676
0.610405 0.0844614
0.611342 0.818884
0.611639 0.815942
0.613402 0.453683
0.614012 0.702485
0.62492 0.037588
0.635454 0.079734
0.637431 0.298946
0.640779 0.566918
0.642613 0.391801
0.650212 0.120847
0.653058 0.947531
0.654585 0.615612
0.655412 0.512215
0.664955 0.902375
0.665936 0.379183
0.667791 0.569057
0.668575 0.744296
0.670635 0.364334
0.671392 0.0829121
0.672287 0.126117
0.677734 0.672106
0.681176 0.523281
0.685405 0.598172
0.68623 0.471648
0.687482 0.506862
0.689745 0.539745
0.690878 0.584205
0.69224 0.473901
0.698284 0.0539525
0.70269 0.109641
0.703244 0.420156
0.704284 0.895382
0.705515 0.591409
0.707326 0.0312118
0.711989 0.395951
0.712393 0.185733
0.716687 0.363461
0.721788 0.0884773
0.728717 0.54594
0.733945 0.421079
0.737848 0.0120406
0.737929 0.369117
0.739344 0.153649
0.740337 0.846489
0.740746 0.726165
0.740834 0.203337
0.740906 0.400584
0.742223 0.545202
0.743888 0.517506
0.74761 0.0856345
0.751036 0.662723
0.751151 0.592181
0.752164 0.621758
0.75567 0.540458
0.758045 0.469099
0.75881 0.31779
0.763811 0.366939
0.767405 0.768704
0.771231 0.0821832
0.775679 0.84309
0.778967 0.103675
0.784023 0.0751216
0.785186 0.621635
0.787506 0.615268
0.790891 0.499229
0.791078 0.649758
0.795019 0.877019
0.79802 0.315394
0.798291 0.877447
0.808552 0.331541
0.817175 0.267071
0.818201 0.504156
0.818583 0.918844
0.820129 0.903463
0.824157 0.603419
0.824177 0.939585
0.825175 0.710555
0.830356 0.795818
0.831926 0.18697
0.832692 0.052331
0.836569 0.222696
0.843367 0.466477
0.845495 0.234801
0.845659 0.988916
0.848044 0.0675178
0.849982 0.647652
0.850339 0.642267
0.850588 0.838086
0.851125 0.850596
0.861411 0.727814
0.863793 0.765884
0.872247 0.854596
0.873857 0.922994
0.882091 0.311422
0.883776 0.621122
0.889616 0.776025
0.895981 0.749681
0.903441 0.129071
0.904886 0.414139
0.908144 0.170823
0.909322 0.974824
0.917129 0.185595
0.931116 0.26365
0.935999 0.329635
0.936212 0.917697
0.944824 0.656128
0.951447 0.963495
0.954022 0.252709
0.956815 0.193761
0.968027 0.629223
0.968359 0.213228
0.970499 0.168045
0.979414 0.0085494
0.984139 0.426076
0.994301 0.221057
0.995051 0.816996
