0.00042687 0.174417
0.00236022 0.668258
0.00254182 0.720409
0.00352727 0.282814
0.00354778 0.627573
0.00519061 0.238527
0.00715695 0.286803
0.00717179 0.536277
0.00743002 0.876382
0.00867847 0.859011
0.00995177 0.259357
0.0100888 0.563119
0.0112898 0.747607
0.0138284 0.413286
0.0155462 0.284668
0.0234027 0.328533
0.0243935 0.982358
0.0251406 0.53756
0.0287123 0.568387
0.0296252 0.91128
0.0299186 0.841572
0.0304666 0.0524805
0.0332864 0.444567
0.0339334 0.318414
0.0357466 0.793373
0.0384693 0.553645
0.0398143 0.158939
0.0403338 0.889457
0.0405185 0.993755
0.0410903 0.604998
0.0414446 0.558948
0.0419255 0.641357
0.0423187 0.24963
0.0444985 0.886719
0.0453282 0.831689
0.0455735 0.954355
0.04648 0.189721
0.0475509 0.188257
0.0480537 0.639037
0.0485677 0.277768
0.0508093 0.952071
0.0543326 0.16764
0.0554475 0.906794
0.056058 0.16624
0.059341 0.343944
0.0594178 0.635435
0.0601239 0.501917
0.0627771 0.0941589
0.063928 0.437524
0.0643879 0.167065
0.0673748 0.36845
0.0692899 0.555904
0.0717676 0.197565
0.0718758 0.0171802
0.0728083 0.68835
0.0732748 0.529683
0.0748394 0.826088
0.0760747 0.587513
0.0783456 0.754415
0.0783886 0.477563
0.0802566 0.872253
0.0807758 0.5986
0.0810091 0.520746
0.0814601 0.1006
0.0824651 0.990304
0.0826441 0.999167
0.0837868 0.205367
0.0838713 0.625133
0.0847103 0.72656
0.0855048 0.0784947
0.0869053 0.61767
0.0882268 0.828021
0.0893655 0.965889
0.0905207 0.382227
0.0906901 0.228803
0.0912014 0.821507
0.0922925 0.160811
0.0929264 0.814495
0.0935195 0.781791
0.0946666 0.0621456
0.0950137 0.895186
0.0952529 0.91592
0.0955953 0.669452
0.0956224 0.125448
0.0965769 0.168072
0.0976874 0.83268
0.0981694 0.9328
0.0987533 0.746425
0.0999645 0.103375
0.101049 0.331169
0.102147 0.784652
0.102539 0.378814
0.102864 0.839961
0.104601 0.027262
0.10557 0.309068
0.10638 0.931381
0.106983 0.0580921
0.107823 0.184775
0.10783 0.298085
0.108323 0.587431
0.10839 0.717848
0.109194 0.22847
0.109698 0.700883
0.111775 0.603657
0.112155 0.994513
0.113943 0.0430831
0.114013 0.219958
0.114408 0.85225
0.115792 0.116446
0.1173 0.457149
0.118093 0.786896
0.118132 0.448451
0.11871 0.153846
0.118786 0.428973
0.120165 0.604832
0.121867 0.224792
0.122187 0.595904
0.123567 0.785624
0.124633 0.710193
0.124947 0.97705
0.125996 0.613226
0.126268 0.186259
0.127849 0.752095
0.128566 0.810487
0.131347 0.552758
0.133102 0.0470954
0.133975 0.718924
0.134625 0.644379
0.137016 0.819637
0.138252 0.603484
0.138832 0.347932
0.139065 0.264419
0.140102 0.69689
0.141205 0.224019
0.141523 0.570243
0.142444 0.0586511
0.144291 0.100693
0.145449 0.557814
0.147467 0.474253
0.149774 0.245922
0.152132 0.886671
0.155496 0.422875
0.156271 0.448341
0.156513 0.513623
0.157061 0.719546
0.158724 0.678272
0.159775 0.330499
0.160498 0.490619
0.161577 0.619542
0.161775 0.959148
0.162249 0.92683
0.163333 0.1384
0.163686 0.0677435
0.166101 0.65783
0.168317 0.898168
0.168348 0.423005
0.169573 0.00716968
0.170447 0.699644
0.171607 0.191905
0.171875 0.710554
0.174692 0.0524334
0.175312 0.472023
0.17806 0.658073
0.179233 0.375758
0.180754 0.929143
0.184356 0.46427
0.184576 0.173922
0.1855 0.69967
0.187788 0.159873
0.18783 0.860967
0.189081 0.890022
0.189649 0.432557
0.192095 0.539818
0.193004 0.816226
0.193787 0.972627
0.194093 0.119091
0.197306 0.121923
0.197934 0.680438
0.19828 0.49691
0.199605 0.759933
0.200124 0.482875
0.201141 0.578554
0.203668 0.0556408
0.204901 0.778427
0.205026 0.876191
0.205978 0.865471
0.206019 0.566534
0.206229 0.0828589
0.207444 0.504189
0.208874 0.546255
0.209068 0.803089
0.210019 0.785623
0.210944 0.32808
0.212801 0.538459
0.212897 0.165522
0.215795 0.871937
0.216283 0.0637273
0.216626 0.838555
0.216641 0.0854766
0.217656 0.144919
0.219016 0.994614
0.220335 0.173974
0.222519 0.870473
0.225079 0.905932
0.228777 0.0523521
0.229587 0.674962
0.231633 0.0555054
0.231944 0.284185
0.232475 0.20245
0.232611 0.484941
0.233246 0.161407
0.233681 0.475392
0.234429 0.047163
0.234977 0.251576
0.235901 0.795144
0.236009 0.597056
0.236095 0.0559542
0.236557 0.810595
0.237489 0.47314
0.239087 0.329975
0.239677 0.248732
0.240722 0.815887
0.240776 0.726415
0.241035 0.075254
0.243164 0.863386
0.243958 0.200544
0.245484 0.854451
0.248153 0.71347
0.250137 0.0484736
0.250638 0.479946
0.251123 0.616616
0.253625 0.67723
0.255351 0.681113
0.255477 0.799124
0.256429 0.80131
0.257864 0.922501
0.258797 0.607922
0.25937 0.234646
0.260875 0.51889
0.261107 0.420641
0.261421 0.702908
0.262117 0.395871
0.262488 0.630631
0.263681 0.688793
0.267692 0.0956761
0.269378 0.44432
0.27054 0.968794
0.271508 0.236365
0.273103 0.0500378
0.273844 0.496195
0.275566 0.429782
0.276735 0.0844089
0.278266 0.816869
0.278597 0.37176
0.279036 0.754398
0.280246 0.0940905
0.280808 0.544619
0.280818 0.711806
0.282074 0.813396
0.282645 0.420131
0.28286 0.0255751
0.284326 0.675445
0.284746 0.727348
0.284857 0.598414
0.285969 0.280286
0.287778 0.690074
0.289406 0.0399399
0.293171 0.325543
0.293561 0.876879
0.293958 0.556114
0.294864 0.771413
0.295317 0.384475
0.295476 0.0627443
0.296075 0.1296
0.296888 0.800827
0.297438 0.0481515
0.299224 0.0588888
0.300781 0.226182
0.30107 0.0846827
0.302106 0.503512
0.302156 0.337787
0.303175 0.463761
0.305792 0.445781
0.306322 0.346124
0.306618 0.321636
0.308332 0.138547
0.309373 0.638168
0.309895 0.401228
0.310338 0.857559
0.310531 0.100478
0.312694 0.443163
0.315389 0.751032
0.3175 0.225475
0.317787 0.0522079
0.31923 0.305461
0.320464 0.0419663
0.32136 0.0891708
0.324886 0.353202
0.324887 0.379428
0.324954 0.497996
0.328058 0.674576
0.328577 0.396039
0.330105 0.0679003
0.331056 0.0550752
0.334531 0.461398
0.338684 0.255527
0.338807 0.332161
0.338937 0.513839
0.339848 0.830255
0.340903 0.548842
0.341306 0.322126
0.343567 0.325089
0.346716 0.258746
0.346906 0.447866
0.348482 0.935751
0.349377 0.977274
0.349445 0.127961
0.350036 0.0618855
0.350291 0.345015
0.351966 0.490517
0.352581 0.82055
0.353293 0.78814
0.353406 0.696162
0.353713 0.861409
0.359527 0.571078
0.360384 0.974705
0.360389 0.0529684
0.36064 0.284311
0.361356 0.313777
0.36185 0.620278
0.363269 0.46807
0.364493 0.0336245
0.36578 0.663533
0.366104 0.102672
0.367883 0.0138267
0.368291 0.8646
0.369206 0.248111
0.369268 0.289965
0.369353 0.720422
0.371112 0.27867
0.374837 0.888036
0.376504 0.90452
0.378013 0.267662
0.378634 0.696025
0.380492 0.937263
0.381444 0.928116
0.382468 0.13338
0.383061 0.101717
0.38326 0.44738
0.383994 0.788836
0.385894 0.714318
0.386265 0.948006
0.388362 0.207787
0.389014 0.158036
0.392517 0.0286666
0.394636 0.649846
0.396099 0.236338
0.396532 0.511935
0.396834 0.594003
0.3988 0.629515
0.399088 0.473701
0.405232 0.726067
0.405432 0.10176
0.405638 0.563974
0.405886 0.728197
0.40592 0.298004
0.407203 0.86574
0.407572 0.0701253
0.408957 0.344542
0.409177 0.0441531
0.409963 0.247011
0.410106 0.65963
0.412712 0.444848
0.412876 0.201913
0.413309 0.479795
0.414723 0.257103
0.414818 0.849347
0.418584 0.134386
0.419184 0.233603
0.419258 0.466155
0.421891 0.726668
0.423428 0.551831
0.424456 0.825145
0.427315 0.887646
0.428424 0.520642
0.430032 0.545267
0.430494 0.305363
0.431017 0.106201
0.431076 0.0913923
0.438131 0.673863
0.43917 0.137482
0.439176 0.222797
0.440735 0.427783
0.44076 0.857474
0.443365 0.640884
0.444332 0.882987
0.445137 0.425087
0.445552 0.387808
0.447125 0.823123
0.448189 0.705595
0.448258 0.86961
0.448949 0.482565
0.448999 0.323407
0.449325 0.812478
0.450889 0.0894577
0.452984 0.3025
0.453335 0.208967
0.454123 0.453727
0.457258 0.142035
0.457522 0.569623
0.458792 0.91095
0.458817 0.329575
0.458891 0.580025
0.458932 0.262289
0.459321 0.801025
0.459699 0.159465
0.4601 0.907024
0.462738 0.22989
0.462959 0.945419
0.467868 0.452233
0.470408 0.147808
0.470861 0.752958
0.471287 0.925058
0.471909 0.381541
0.473548 0.917941
0.474222 0.241022
0.478548 0.96028
0.479956 0.622611
0.48053 0.267116
0.48163 0.758447
0.482225 0.757675
0.482793 0.299608
0.484552 0.863608
0.485026 0.838076
0.486379 0.573389
0.486879 0.982917
0.48771 0.943492
0.488818 0.566706
0.489744 0.12383
0.489869 0.234054
0.490794 0.772613
0.491165 0.00471975
0.493559 0.238456
0.493687 0.395638
0.494416 0.643656
0.494978 0.0977455
0.495032 0.996354
0.495753 0.116809
0.497898 0.178762
0.498987 0.480304
0.500878 0.254189
0.501272 0.886286
0.502827 0.00921934
0.505916 0.937172
0.507807 0.706361
0.509315 0.060612
0.509875 0.47618
0.513602 0.115051
0.513626 0.505203
0.514058 0.780956
0.515011 0.786735
0.51562 0.0231951
0.515879 0.3826
0.517678 0.61293
0.521633 0.0938042
0.524509 0.416422
0.525005 0.763722
0.525532 0.613867
0.526944 0.353452
0.528515 0.75401
0.529091 0.425861
0.530699 0.456684
0.531674 0.843591
0.532636 0.00506716
0.532642 0.106419
0.532766 0.190135
0.533177 0.102822
0.534308 0.106734
0.535674 0.0725883
0.537383 0.801679
0.540328 0.300632
0.540765 0.644005
0.541008 0.724791
0.543095 0.800379
0.543454 0.836208
0.543848 0.448942
0.544564 0.485178
0.546085 0.0431179
0.546542 0.724245
0.549445 0.516461
0.550692 0.488
0.550833 0.849834
0.551506 0.155486
0.552054 0.366082
0.554313 0.341793
0.556556 0.0314277
0.556699 0.446027
0.55704 0.179062
0.558525 0.129222
0.558841 0.441714
0.558994 0.0165191
0.559747 0.659901
0.559978 0.551775
0.560986 0.488625
0.561344 0.505146
0.561406 0.554263
0.562476 0.528131
0.562695 0.211705
0.5631 0.0181263
0.564578 0.869643
0.565798 0.374284
0.567639 0.313049
0.572213 0.185909
0.574183 0.297094
0.576923 0.353039
0.578042 0.156666
0.57839 0.00661865
0.579526 0.0915488
0.581609 0.101802
0.582762 0.479329
0.584011 0.466309
0.584762 0.102233
0.587417 0.723064
0.58859 0.425401
0.591056 0.875355
0.591991 0.601208
0.592323 0.175868
0.593371 0.784463
0.5934 0.27293
0.59652 0.708297
0.597692 0.409186
0.602466 0.647855
0.60419 0.618202
0.605408 0.100773
0.605806 0.773316
0.606173 0.95434
0.607981 0.329504
0.609923 0.975842
0.610278 0.937234
0.610488 0.47736
0.610514 0.900844
0.611043 0.802925
0.613245 0.804629
0.615181 0.342235
0.615572 0.918983
0.615618 0.690217
0.618389 0.268533
0.62143 0.376305
0.622906 0.188095
0.624724 0.736942
0.624787 0.791436
0.625898 0.462022
0.625901 0.511047
0.626456 0.851161
0.629749 0.19238
0.631018 0.512044
0.631906 0.442213
0.63576 0.216955
0.636161 0.951671
0.642124 0.177079
0.642364 0.20546
0.644919 0.14723
0.645458 0.215785
0.6461 0.997861
0.646146 0.77127
0.646956 0.388754
0.647013 0.351288
0.64756 0.533489
0.6478 0.571324
0.648365 0.0774908
0.649173 0.653894
0.649539 0.795551
0.6519 0.491467
0.652595 0.162712
0.655311 0.809041
0.656184 0.479977
0.657506 0.707867
0.657792 0.514448
0.658625 0.509905
0.658634 0.661001
0.660527 0.485116
0.660551 0.885051
0.660651 0.562328
0.660748 0.19649
0.662088 0.715021
0.663057 0.00229759
0.66317 0.893501
0.663271 0.59241
0.663478 0.0699551
0.663769 0.960145
0.664656 0.871358
0.666206 0.926085
0.668067 0.207778
0.668743 0.556545
0.670473 0.642832
0.67467 0.175214
0.674786 0.133106
0.676514 0.163402
0.678773 0.144021
0.682145 0.80641
0.682646 0.230041
0.686348 0.4443
0.686586 0.451307
0.687114 0.320579
0.687503 0.855683
0.688023 0.602504
0.68817 0.0757856
0.690883 0.672471
0.694093 0.622992
0.694138 0.379583
0.69512 0.87674
0.695691 0.48097
0.69636 0.726179
0.699614 0.407057
0.700733 0.2125
0.703262 0.721143
0.703306 0.471519
0.705243 0.0256308
0.705487 0.117468
0.705717 0.984618
0.705905 0.138535
0.706543 0.866296
0.708065 0.452943
0.708507 0.874243
0.708921 0.836143
0.711464 0.567266
0.712277 0.235081
0.714334 0.806885
0.715193 0.246904
0.715231 0.879525
0.715383 0.438435
0.718794 0.76479
0.718856 0.815488
0.721638 0.573286
0.721864 0.374866
0.722571 0.248361
0.724554 0.583763
0.725314 0.354582
0.725879 0.849768
0.726528 0.758913
0.72805 0.328389
0.728151 0.0387559
0.728167 0.297934
0.73145 0.485162
0.733152 0.0897121
0.73387 0.148699
0.733916 0.928362
0.734367 0.510815
0.735737 0.527024
0.735919 0.594429
0.736872 0.601177
0.737595 0.76784
0.738796 0.946466
0.738843 0.739214
0.740977 0.598504
0.741336 0.627899
0.742623 0.271794
0.743512 0.212701
0.743556 0.952629
0.744312 0.653645
0.744484 0.540863
0.745488 0.412989
0.746889 0.967222
0.749225 0.21662
0.749779 0.53673
0.7517 0.822343
0.753304 0.779528
0.753516 0.347805
0.754919 0.917823
0.757454 0.5223
0.760814 0.997968
0.763078 0.0533674
0.763251 0.964174
0.765772 0.334376
0.76767 0.236951
0.76798 0.439882
0.775134 0.683961
0.777152 0.594194
0.777163 0.782591
0.777488 0.246477
0.777585 0.863561
0.779567 0.180415
0.779856 0.0322786
0.781061 0.299828
0.781387 0.764418
0.782353 0.00303857
0.783202 0.271214
0.783942 0.710829
0.784278 0.352647
0.785236 0.46434
0.786204 0.73778
0.787218 0.774439
0.790751 0.145355
0.791923 0.845829
0.793372 0.210991
0.79571 0.494732
0.799466 0.617789
0.800214 0.191172
0.80471 0.767954
0.804884 0.691996
0.805256 0.944458
0.805881 0.44203
0.805976 0.0412313
0.808839 0.15375
0.809434 0.155021
0.812091 0.804919
0.81722 0.020821
0.817606 0.511973
0.821784 0.725133
0.823216 0.790467
0.823973 0.508419
0.824024 0.376269
0.824072 0.170348
0.824304 0.0823513
0.824742 0.431922
0.82553 0.681731
0.826337 0.242043
0.826894 0.606606
0.82711 0.23344
0.829069 0.158991
0.829504 0.471794
0.829739 0.419172
0.835407 0.686294
0.83676 0.426436
0.837604 0.61155
0.838177 0.248792
0.839326 0.554426
0.840995 0.604916
0.843799 0.734247
0.844447 0.619991
0.847771 0.485226
0.848324 0.779634
0.850552 0.231487
0.853419 0.407322
0.854381 0.583096
0.854677 0.555494
0.856957 0.872553
0.85725 0.808284
0.858069 0.566008
0.859097 0.850803
0.859656 0.232459
0.860382 0.435389
0.86142 0.884099
0.862841 0.762665
0.863239 0.460511
0.86338 0.835016
0.86369 0.042447
0.865829 0.996028
0.868485 0.628356
0.869616 0.636815
0.872948 0.636772
0.874376 0.631849
0.875766 0.00622453
0.876333 0.536825
0.876654 0.920209
0.877243 0.817967
0.878915 0.921833
0.880116 0.112504
0.880236 0.133547
0.880898 0.244737
0.882266 0.236653
0.882272 0.34407
0.883407 0.427662
0.884321 0.785409
0.887702 0.601117
0.888154 0.197978
0.892177 0.824648
0.893309 0.848439
0.896991 0.722298
0.897432 0.136499
0.897804 0.393227
0.898931 0.326451
0.901302 0.186502
0.90362 0.146379
0.904565 0.0238051
0.906575 0.812143
0.906873 0.806243
0.910411 0.274519
0.911903 0.360216
0.915247 0.55285
0.915826 0.281317
0.915869 0.00652404
0.91671 0.147967
0.91922 0.33594
0.922157 0.698917
0.923651 0.793521
0.924095 0.270928
0.925709 0.386425
0.928224 0.656638
0.92827 0.433851
0.928544 0.0425414
0.935586 0.394024
0.937705 0.013404
0.938774 0.972159
0.941254 0.661929
0.942725 0.371725
0.945468 0.481429
0.945596 0.633602
0.948423 0.147584
0.949442 0.270851
0.949527 0.692471
0.950482 0.758333
0.951783 0.612005
0.953212 0.640469
0.954045 0.641061
0.956819 0.254095
0.956854 0.844814
0.957455 0.951826
0.957458 0.997822
0.959419 0.96252
0.959839 0.0155972
0.96302 0.479662
0.964086 0.388884
0.96684 0.678375
0.967601 0.463509
0.968403 0.953109
0.969949 0.927475
0.970433 0.0660848
0.970681 0.23347
0.971894 0.62585
0.971898 0.693634
0.973295 0.174057
0.973919 0.652869
0.974366 0.161988
0.975081 0.192065
0.976275 0.254242
0.976298 0.638877
0.976818 0.374216
0.978536 0.250498
0.979651 0.989244
0.979759 0.813039
0.980634 0.512666
0.981077 0.968629
0.982243 0.56207
0.982779 0.563952
0.985138 0.221621
0.985477 0.908996
0.986444 0.172262
0.987533 0.468059
0.987535 0.498081
0.98788 0.303909
0.989454 0.760199
0.990025 0.342469
0.991688 0.302807
0.992019 0.866432
0.99205 0.37578
0.992498 0.913059
0.993347 0.18784
0.994141 0.524427
0.997168 0.399553
