0.000162801 0.736208
0.000224992 0.781443
0.000265659 0.464944
0.000488035 0.202411
0.0015028 0.257509
0.00186694 0.377636
0.00202358 0.0103642
0.00228121 0.340334
0.00247439 0.587135
0.00299324 0.307424
0.00391754 0.84211
0.00406905 0.388521
0.00466406 0.388828
0.00466414 0.390135
0.00551987 0.772451
0.00582829 0.956137
0.0059369 0.781536
0.0060339 0.411729
0.00606491 0.93295
0.00886143 0.934101
0.00998181 0.764322
0.0101373 0.377046
0.010271 0.625335
0.0103173 0.402689
0.0107651 0.929433
0.0115166 0.559581
0.0144363 0.631096
0.0149514 0.288469
0.0155843 0.925789
0.0156661 0.299317
0.0164492 0.461352
0.0177469 0.272817
0.0178093 0.320823
0.0185558 0.867244
0.0190238 0.732855
0.0192343 0.271508
0.0193282 0.849391
0.019455 0.97965
0.019807 0.89608
0.0200358 0.741332
0.0201496 0.654769
0.020205 0.585309
0.0202175 0.795604
0.0202422 0.211035
0.022666 0.947804
0.0227871 0.9832
0.0233175 0.897622
0.0247203 0.474912
0.0247745 0.384696
0.0252964 0.157297
0.0270337 0.354851
0.0286551 0.606519
0.0307285 0.453264
0.0309538 0.24035
0.0314843 0.156009
0.0331961 0.926141
0.0336189 0.0324533
0.0342995 0.471717
0.0353725 0.505574
0.036815 0.750108
0.0370056 0.95233
0.0391263 0.595447
0.0396685 0.707931
0.0398436 0.651671
0.0402648 0.729957
0.0403401 0.995223
0.041045 0.843861
0.0416869 0.631008
0.0419101 0.383165
0.0427621 0.703456
0.043045 0.456755
0.0430954 0.304781
0.0431714 0.582217
0.0439477 0.628727
0.0442386 0.518635
0.0446601 0.60243
0.0451506 0.845945
0.0467026 0.931179
0.046745 0.642502
0.047024 0.332548
0.0471862 0.0591062
0.0474676 0.787337
0.0475011 0.350272
0.0483162 0.050566
0.0484862 0.906831
0.0503121 0.596028
0.0504456 0.838893
0.0514275 0.341709
0.0514596 0.881446
0.0516429 0.962453
0.0521192 0.967647
0.052479 0.0145349
0.0537447 0.286622
0.0540358 0.17916
0.054414 0.535838
0.0547735 0.578516
0.0551119 0.266071
0.0552833 0.146762
0.0555353 0.382628
0.0556028 0.517099
0.0571314 0.206624
0.0573425 0.754873
0.0575753 0.668879
0.0580468 0.593039
0.0582494 0.997635
0.0592336 0.538525
0.059335 0.243257
0.059488 0.815394
0.0600364 0.0313974
0.0604449 0.89679
0.0605363 0.432919
0.0611253 0.333683
0.0617255 0.420167
0.0618818 0.0472596
0.0620984 0.687531
0.0629012 0.181115
0.0629341 0.73278
0.0632571 0.161252
0.0635979 0.889543
0.0639804 0.319141
0.0643426 0.405497
0.0649394 0.437141
0.0665352 0.256262
0.0678785 0.833247
0.0685627 0.333893
0.0686622 0.00594237
0.0688255 0.750478
0.0688733 0.553166
0.0689594 0.000253818
0.0695821 0.467256
0.0696252 0.191461
0.0703459 0.303284
0.0704588 0.20031
0.0708263 0.37814
0.0714608 0.0413807
0.071468 0.163143
0.0723504 0.99344
0.0723769 0.439113
0.0724048 0.906707
0.0727133 0.0928974
0.0742716 0.28248
0.0745203 0.462059
0.0748971 0.79482
0.0758779 0.279228
0.0761432 0.739233
0.0764367 0.672045
0.0776954 0.826987
0.0777301 0.409301
0.0786101 0.199158
0.079287 0.577369
0.0798554 0.129695
0.0809642 0.765619
0.0822299 0.0379016
0.0823815 0.586347
0.0842905 0.669656
0.0853902 0.152441
0.0861171 0.370742
0.0865609 0.829029
0.086744 0.907187
0.0879619 0.375443
0.0881279 0.165967
0.0886078 0.231588
0.0886623 0.146976
0.0894121 0.748424
0.0895934 0.797124
0.0903091 0.825807
0.0903518 0.54293
0.090506 0.133654
0.0907279 0.863138
0.0907335 0.958267
0.0913061 0.582494
0.0916266 0.96814
0.091803 0.933755
0.0920311 0.766852
0.0923085 0.429568
0.092812 0.890875
0.092966 0.480284
0.0934449 0.528719
0.0935784 0.771373
0.0944847 0.00496225
0.0951111 0.532439
0.0954291 0.877293
0.0954464 0.167064
0.0980738 0.325991
0.0989013 0.233911
0.0990901 0.407199
0.0993439 0.673619
0.0998733 0.570471
0.100025 0.119597
0.100684 0.189551
0.10087 0.318964
0.1017 0.270766
0.10181 0.115926
0.101918 0.932709
0.102927 0.89782
0.103237 0.112209
0.104145 0.370083
0.104506 0.433931
0.105447 0.240927
0.10567 0.997694
0.106774 0.552098
0.106862 0.0248092
0.107262 0.760746
0.107427 0.517264
0.107934 0.0467227
0.108296 0.12616
0.109254 0.23844
0.110182 0.834836
0.110418 0.802719
0.111569 0.145732
0.111755 0.269885
0.112513 0.00665174
0.113749 0.780113
0.114126 0.115982
0.115164 0.569161
0.115659 0.877791
0.115721 0.927824
0.116415 0.58092
0.116529 0.504602
0.11712 0.429604
0.118792 0.536108
0.118821 0.0162399
0.119006 0.136543
0.119423 0.144869
0.12083 0.793793
0.123692 0.899652
0.124101 0.773208
0.124993 0.759437
0.125398 0.563792
0.125781 0.994391
0.126635 0.351325
0.126692 0.311942
0.127331 0.0604423
0.127965 0.715175
0.128545 0.450232
0.128939 0.0708
0.131096 0.335104
0.132162 0.25205
0.132171 0.399186
0.133277 0.982226
0.133851 0.629737
0.134738 0.544856
0.135287 0.764327
0.135588 0.832089
0.135611 0.220433
0.135779 0.0317589
0.13592 0.408486
0.136416 0.741284
0.136811 0.386224
0.137262 0.955865
0.139053 0.0650188
0.139281 0.889742
0.140621 0.40936
0.142612 0.871519
0.143678 0.792308
0.14415 0.723112
0.144302 0.280676
0.144806 0.75067
0.14576 0.795369
0.148354 0.384496
0.148838 0.52799
0.149055 0.164215
0.149628 0.800159
0.15127 0.399364
0.151614 0.181009
0.151624 0.337497
0.151827 0.753316
0.152046 0.437697
0.152731 0.954277
0.152911 0.983693
0.154115 0.21132
0.154188 0.433078
0.155615 0.414475
0.155946 0.984705
0.155967 0.33146
0.156776 0.936672
0.157107 0.504891
0.158005 0.58517
0.158163 0.24799
0.159003 0.371315
0.160339 0.815354
0.161021 0.284484
0.161655 0.939906
0.161715 0.948458
0.162513 0.360664
0.162984 0.273867
0.163437 0.877771
0.163604 0.700367
0.163796 0.922632
0.164095 0.940344
0.164336 0.000930886
0.164585 0.178944
0.164744 0.845748
0.165295 0.109101
0.165653 0.137918
0.166097 0.58762
0.166873 0.634373
0.168281 0.306291
0.168696 0.281261
0.169038 0.0191168
0.170021 0.549191
0.170502 0.618914
0.171132 0.218479
0.172185 0.913532
0.175178 0.221825
0.17598 0.69189
0.176102 0.742266
0.176537 0.0575892
0.176921 0.516441
0.177264 0.276093
0.178171 0.524216
0.178612 0.923955
0.178815 0.349932
0.179179 0.455439
0.1794 0.182943
0.181311 0.297557
0.181612 0.34724
0.182235 0.828447
0.182331 0.441407
0.182626 0.393785
0.182773 0.861337
0.185031 0.809876
0.186114 0.0212579
0.186249 0.285849
0.18627 0.643945
0.186412 0.0290228
0.187076 0.182812
0.188242 0.788509
0.189082 0.909337
0.189375 0.83239
0.189578 0.235898
0.190425 0.466906
0.190498 0.699003
0.190608 0.555395
0.190645 0.167417
0.190695 0.00896269
0.190894 0.351041
0.191076 0.42023
0.191752 0.78397
0.192503 0.397346
0.192784 0.125741
0.193004 0.821712
0.194205 0.00639598
0.195224 0.12895
0.196733 0.495559
0.196969 0.456453
0.19788 0.770928
0.198012 0.990526
0.198051 0.640693
0.198182 0.850297
0.19947 0.490904
0.199568 0.136602
0.199838 0.674871
0.200314 0.676222
0.200538 0.436409
0.2006 0.489877
0.201427 0.384383
0.201504 0.669942
0.203156 0.445703
0.204271 0.182446
0.204526 0.468424
0.204747 0.189104
0.204967 0.881248
0.205708 0.32768
0.206013 0.461332
0.206309 0.42955
0.2074 0.774567
0.20837 0.0819896
0.20884 0.972793
0.208952 0.850277
0.209439 0.038733
0.209797 0.0641295
0.209848 0.917986
0.210791 0.759912
0.210846 0.687665
0.212867 0.656221
0.213071 0.0918952
0.213458 0.587578
0.214041 0.392947
0.215548 0.71237
0.2158 0.95355
0.216383 0.752384
0.217056 0.0579577
0.219527 0.592218
0.220569 0.0998056
0.220588 0.414347
0.221402 0.099388
0.222986 0.721409
0.223702 0.759797
0.22372 0.0636561
0.224085 0.199146
0.224142 0.148313
0.224227 0.585797
0.224855 0.138428
0.226016 0.642828
0.228225 0.769683
0.228398 0.684129
0.229142 0.190221
0.229337 0.460274
0.230065 0.704026
0.231186 0.539898
0.231294 0.359685
0.232276 0.858345
0.232953 0.243121
0.234008 0.970803
0.234131 0.0337944
0.235452 0.247136
0.235504 0.118516
0.237134 0.504586
0.238333 0.665126
0.238362 0.158375
0.239123 0.939728
0.23944 0.26115
0.241283 0.236433
0.242183 0.371731
0.242813 0.965528
0.244382 0.320756
0.245378 0.0744454
0.246287 0.343747
0.246413 0.456655
0.246456 0.18428
0.246474 0.482684
0.246557 0.886907
0.247046 0.0947413
0.248366 0.288344
0.248936 0.866701
0.249381 0.354705
0.249416 0.931556
0.249649 0.843026
0.249847 0.179407
0.250275 0.366135
0.251054 0.456607
0.251105 0.329865
0.252175 0.313406
0.253113 0.0664317
0.253266 0.638638
0.254656 0.00678387
0.255192 0.00612239
0.25615 0.117204
0.25672 0.699827
0.257337 0.056461
0.258102 0.923818
0.258495 0.531997
0.259547 0.211766
0.260078 0.138499
0.260556 0.15796
0.260675 0.161464
0.260709 0.735379
0.261506 0.124826
0.262639 0.181769
0.262707 0.323918
0.262894 0.456837
0.263101 0.938483
0.264248 0.214917
0.26449 0.286241
0.264824 0.889139
0.265132 0.0777244
0.26517 0.707356
0.265935 0.565259
0.265951 0.835143
0.266907 0.913918
0.267323 0.898577
0.267529 0.353355
0.268041 0.973358
0.268347 0.102486
0.26837 0.501748
0.269806 0.631681
0.270766 0.761609
0.270931 0.536683
0.27103 0.208372
0.271163 0.438708
0.271923 0.207899
0.272174 0.432119
0.272343 0.271753
0.273661 0.417857
0.273784 0.484927
0.273807 0.86676
0.273919 0.763903
0.274188 0.272408
0.274332 0.698849
0.275295 0.886762
0.275296 0.90632
0.275375 0.233273
0.276146 0.185946
0.276523 0.525954
0.276527 0.597683
0.276726 0.930441
0.276743 0.218506
0.276906 0.967111
0.27697 0.0291886
0.278375 0.647981
0.278607 0.541874
0.279186 0.282432
0.280066 0.0664752
0.28059 0.873066
0.280734 0.300273
0.2808 0.412745
0.280861 0.424655
0.281817 0.503735
0.28191 0.0635776
0.28211 0.427414
0.282633 0.213875
0.28268 0.00624012
0.284781 0.310882
0.285164 0.749221
0.285904 0.194229
0.286447 0.309797
0.286695 0.475929
0.287782 0.756559
0.288114 0.325498
0.288299 0.434829
0.288879 0.189537
0.289192 0.456512
0.28974 0.663742
0.289913 0.569062
0.29001 0.190725
0.291631 0.435498
0.291747 0.399275
0.292409 0.517611
0.292799 0.0681961
0.292933 0.324906
0.293061 0.470685
0.293207 0.923305
0.29381 0.0601438
0.294253 0.503037
0.294651 0.191397
0.294812 0.910262
0.294872 0.920991
0.29553 0.969367
0.295765 0.92281
0.296222 0.606677
0.296583 0.674359
0.297134 0.935208
0.297459 0.392958
0.298213 0.0730144
0.298416 0.477148
0.298426 0.639436
0.29929 0.167322
0.299497 0.652553
0.301274 0.505878
0.301417 0.921417
0.30145 0.476103
0.301755 0.60401
0.3033 0.554834
0.303851 0.81915
0.303878 0.283872
0.304133 0.557899
0.304179 0.344708
0.304217 0.973901
0.304829 0.259034
0.305597 0.172754
0.306063 0.995797
0.306287 0.76889
0.306713 0.923905
0.306857 0.344703
0.30785 0.0306867
0.307924 0.282358
0.308136 0.836312
0.308172 0.446511
0.309514 0.00970641
0.309743 0.848274
0.310015 0.419524
0.310686 0.691765
0.310863 0.672485
0.310879 0.941203
0.310941 0.984638
0.311317 0.299102
0.311451 0.565258
0.312051 0.642217
0.314362 0.48585
0.314376 0.709535
0.314672 0.69073
0.314787 0.619867
0.314921 0.876937
0.314948 0.328777
0.315262 0.614206
0.315942 0.0409788
0.3162 0.379801
0.316538 0.0473832
0.316543 0.134225
0.316634 0.669171
0.316773 0.996452
0.316853 0.35565
0.31755 0.0606343
0.318117 0.596345
0.318173 0.538538
0.318582 0.411116
0.31941 0.321204
0.320956 0.311785
0.320973 0.59953
0.321134 0.30372
0.322358 0.864117
0.322955 0.899549
0.323585 0.489574
0.323709 0.580326
0.324076 0.743224
0.324127 0.598693
0.324544 0.617122
0.324976 0.869514
0.325218 0.940587
0.325555 0.605227
0.32626 0.456174
0.326294 0.01799
0.327327 0.383584
0.327684 0.386073
0.32905 0.34223
0.329078 0.808823
0.329352 0.422781
0.330377 0.652908
0.331375 0.425952
0.33156 0.528114
0.332185 0.0298179
0.33227 0.465518
0.332703 0.74376
0.333864 0.25565
0.334817 0.265897
0.335019 0.659199
0.335031 0.86166
0.335415 0.315033
0.335764 0.193357
0.337743 0.454119
0.338093 0.320554
0.338669 0.0128551
0.340996 0.118256
0.34214 0.343286
0.342514 0.638082
0.342933 0.681517
0.343135 0.0636588
0.34365 0.73382
0.344228 0.435536
0.344606 0.788756
0.346056 0.160015
0.346888 0.151607
0.348588 0.718543
0.348593 0.797809
0.350145 0.895346
0.350258 0.779114
0.35079 0.719386
0.352393 0.670694
0.352571 0.655883
0.352575 0.729685
0.353437 0.215278
0.353462 0.637635
0.355059 0.480016
0.355422 0.570191
0.355599 0.557915
0.356463 0.0790861
0.356692 0.92847
0.357251 0.310776
0.357387 0.6114
0.357837 0.167008
0.357904 0.300361
0.358001 0.918016
0.358154 0.496727
0.358352 0.826784
0.359657 0.751818
0.359748 0.2776
0.360342 0.270637
0.360594 0.508678
0.361905 0.531314
0.363055 0.86175
0.363406 0.761447
0.364338 0.433885
0.364556 0.0951697
0.364928 0.341419
0.365031 0.0703339
0.365411 0.467013
0.366407 0.210458
0.367895 0.214964
0.368464 0.768817
0.368632 0.593643
0.3702 0.958834
0.370675 0.926955
0.371161 0.105299
0.371859 0.839844
0.372454 0.829664
0.372928 0.796588
0.37371 0.948707
0.374046 0.593132
0.375249 0.810733
0.375284 0.404371
0.375496 0.958936
0.377509 0.80169
0.379004 0.924782
0.379347 0.688856
0.379352 0.761132
0.37969 0.448234
0.379958 0.959518
0.380669 0.90946
0.382548 0.477128
0.382691 0.895351
0.385981 0.177482
0.387264 0.750806
0.388158 0.767088
0.389056 0.862793
0.391285 0.333813
0.391518 0.248485
0.39358 0.901504
0.393674 0.479323
0.39437 0.170072
0.394596 0.969977
0.395211 0.31632
0.395455 0.414019
0.395717 0.809887
0.395731 0.0558859
0.396259 0.933047
0.398183 0.261736
0.398342 0.936937
0.398529 0.0847735
0.398714 0.17961
0.399065 0.0839868
0.399744 0.491452
0.400126 0.925753
0.400153 0.371817
0.400499 0.182528
0.400657 0.844926
0.400854 0.159464
0.40116 0.291034
0.401408 0.467193
0.401427 0.775536
0.403124 0.299208
0.403226 0.0244531
0.40429 0.893815
0.405229 0.683218
0.40601 0.803194
0.406123 0.71448
0.407872 0.0963214
0.40795 0.421302
0.408462 0.0290093
0.40995 0.0266283
0.41009 0.37619
0.410722 0.999641
0.411556 0.0218812
0.411571 0.269281
0.411587 0.537255
0.411848 0.924851
0.412432 0.749621
0.412726 0.681956
0.412747 0.0383293
0.413791 0.583914
0.414081 0.464164
0.414337 0.769074
0.4145 0.499123
0.414599 0.17046
0.415363 0.00644917
0.416236 0.677761
0.416852 0.036039
0.417572 0.128906
0.418888 0.258905
0.418962 0.499455
0.420007 0.0518408
0.420242 0.00151201
0.421419 0.783435
0.421755 0.438237
0.422545 0.713677
0.424446 0.668156
0.425594 0.958325
0.426883 0.622646
0.427325 0.0553412
0.427629 0.164325
0.427695 0.265636
0.42833 0.94787
0.428549 0.618352
0.429013 0.426642
0.429213 0.778903
0.429318 0.540908
0.429467 0.0604355
0.429753 0.86639
0.429942 0.0342692
0.430048 0.821632
0.43006 0.0197722
0.430651 0.94641
0.431313 0.0840772
0.431445 0.303369
0.431591 0.743428
0.43199 0.458969
0.432639 0.363293
0.433127 0.559411
0.433503 0.881286
0.434227 0.061136
0.434449 0.778403
0.435192 0.278641
0.440337 0.743782
0.441633 0.533982
0.442793 0.0183234
0.442978 0.123811
0.444039 0.966916
0.444616 0.663208
0.444817 0.0475413
0.44643 0.144216
0.446901 0.0680237
0.447627 0.259472
0.447889 0.678146
0.448556 0.881234
0.449021 0.70063
0.449169 0.184962
0.450522 0.926176
0.451049 0.773887
0.452264 0.199114
0.453433 0.848333
0.454092 0.916878
0.454209 0.88953
0.454449 0.930691
0.454545 0.532428
0.455348 0.0310522
0.455877 0.926464
0.456124 0.0836752
0.457521 0.563245
0.457754 0.470638
0.457799 0.223511
0.457821 0.592485
0.457944 0.663507
0.458423 0.718876
0.459227 0.225663
0.459446 0.912986
0.459471 0.320928
0.460599 0.293949
0.46178 0.140987
0.461994 0.736774
0.462229 0.675073
0.462656 0.860932
0.462871 0.466048
0.463177 0.609976
0.464105 0.205253
0.466157 0.700594
0.466208 0.557887
0.467751 0.496306
0.468384 0.127207
0.468705 0.517682
0.469467 0.325199
0.469478 0.523769
0.469709 0.39106
0.470923 0.799351
0.471372 0.352854
0.471376 0.414698
0.471464 0.900542
0.472354 0.856326
0.472938 0.676526
0.47617 0.982411
0.476708 0.0257336
0.477087 0.407942
0.480043 0.079599
0.480345 0.151485
0.482236 0.938957
0.483149 0.283658
0.483271 0.333603
0.483342 0.526396
0.484087 0.0448227
0.484676 0.955025
0.485512 0.00338951
0.485561 0.831443
0.485603 0.537734
0.486935 0.916618
0.487352 0.921493
0.487515 0.668376
0.487867 0.578654
0.488066 0.91963
0.489203 0.0268024
0.490114 0.348032
0.490311 0.650485
0.490425 0.570513
0.490932 0.0863306
0.491899 0.344775
0.492388 0.560804
0.495144 0.891102
0.495208 0.953297
0.496065 0.356986
0.496179 0.281639
0.496504 0.748428
0.49675 0.878505
0.49698 0.749834
0.497311 0.298425
0.500896 0.556757
0.502191 0.326491
0.5028 0.565668
0.503459 0.628201
0.503544 0.0567487
0.503631 0.52161
0.503858 0.346897
0.504324 0.177297
0.504872 0.387439
0.505018 0.833641
0.50507 0.715156
0.505594 0.526255
0.506653 0.322769
0.506865 0.885645
0.50699 0.989099
0.507127 0.278531
0.507222 0.884941
0.509537 0.789728
0.510044 0.310156
0.510504 0.0407693
0.511172 0.270967
0.511329 0.905159
0.512852 0.500893
0.513583 0.785123
0.514027 0.25295
0.514132 0.0200114
0.514199 0.146915
0.515152 0.159369
0.515876 0.329287
0.51656 0.817239
0.516772 0.387409
0.516867 0.977438
0.517088 0.700105
0.517238 0.225346
0.517662 0.337246
0.517884 0.0805591
0.517948 0.158649
0.518686 0.560471
0.519808 0.408935
0.519907 0.0854135
0.519924 0.356902
0.520204 0.074497
0.520365 0.768607
0.521138 0.761382
0.521225 0.226228
0.522993 0.945308
0.523307 0.225947
0.524725 0.0515358
0.525036 0.275841
0.525648 0.569246
0.526092 0.026101
0.52741 0.17626
0.528002 0.122401
0.528291 0.990669
0.529021 0.263786
0.529728 0.1389
0.530133 0.937691
0.530332 0.283174
0.531047 0.300736
0.531161 0.225749
0.531559 0.917514
0.532578 0.0395906
0.533627 0.665349
0.534173 0.842597
0.534511 0.519767
0.534708 0.8309
0.534883 0.774256
0.53592 0.21219
0.536042 0.254677
0.536393 0.158436
0.536641 0.328599
0.536689 0.135247
0.537151 0.902887
0.537175 0.305272
0.537552 0.63985
0.538304 0.272345
0.538381 0.570231
0.540594 0.758986
0.541122 0.643136
0.541453 0.208537
0.542435 0.696467
0.542657 0.428541
0.543686 0.734968
0.544402 0.76114
0.54506 0.823752
0.545113 0.719965
0.546115 0.550721
0.547118 0.40973
0.54901 0.216219
0.550015 0.101909
0.55008 0.193804
0.550391 0.416599
0.550923 0.367868
0.551175 0.604587
0.552045 0.223822
0.552161 0.171085
0.552629 0.0357802
0.552859 0.896779
0.553475 0.260989
0.553501 0.698319
0.554162 0.796408
0.555893 0.889409
0.556772 0.662182
0.556919 0.143337
0.557395 0.130452
0.558252 0.53382
0.558661 0.407243
0.558825 0.177574
0.559096 0.725782
0.559901 0.248606
0.560242 0.983081
0.56063 0.515923
0.560982 0.416747
0.56137 0.949316
0.562306 0.684662
0.562316 0.840845
0.562382 0.948487
0.564166 0.943032
0.56508 0.292968
0.565184 0.0511308
0.566709 0.681629
0.567004 0.637701
0.567783 0.734739
0.568393 0.978587
0.568801 0.833657
0.569325 0.641704
0.569471 0.0992931
0.569476 0.176399
0.569496 0.516454
0.569673 0.500641
0.570617 0.36052
0.570778 0.0692813
0.572674 0.924835
0.5738 0.860915
0.574226 0.0177776
0.574718 0.281923
0.576297 0.818809
0.576842 0.983119
0.577059 0.63351
0.578388 0.96852
0.579225 0.0363952
0.579809 0.857526
0.580681 0.512363
0.581588 0.742791
0.582718 0.74221
0.582721 0.790835
0.583276 0.123428
0.585266 0.560456
0.586783 0.0572021
0.586855 0.277521
0.588401 0.25832
0.589158 0.980013
0.589518 0.0372389
0.589634 0.982342
0.58971 0.25552
0.590667 0.332135
0.591058 0.905205
0.591882 0.752275
0.593361 0.625909
0.594147 0.831161
0.594472 0.286571
0.59478 0.467025
0.596626 0.494533
0.59668 0.400373
0.596901 0.121944
0.597054 0.685315
0.597422 0.878031
0.597461 0.523049
0.598057 0.551743
0.598939 0.371615
0.599149 0.896385
0.599316 0.704236
0.599842 0.537389
0.600166 0.984347
0.601437 0.359695
0.601595 0.00942199
0.602882 0.635762
0.603177 0.604231
0.603393 0.220765
0.603419 0.664074
0.604593 0.389905
0.604641 0.199003
0.606137 0.341747
0.607081 0.203621
0.608056 0.595107
0.608291 0.547799
0.609052 0.342159
0.609123 0.53363
0.610412 0.20253
0.611671 0.352722
0.611763 0.902632
0.611817 0.814029
0.612372 0.13914
0.612391 0.457689
0.612649 0.792832
0.612932 0.545215
0.614123 0.569865
0.615175 0.251754
0.615584 0.12585
0.615615 0.640942
0.616201 0.492987
0.616582 0.89005
0.618323 0.154723
0.619161 0.242876
0.619393 0.141473
0.620144 0.75967
0.620472 0.265309
0.620535 0.324506
0.621473 0.0939596
0.622834 0.966868
0.622909 0.223627
0.623481 0.850131
0.623546 0.93521
0.624668 0.791258
0.624995 0.286105
0.624996 0.314804
0.625167 0.178309
0.625252 0.617257
0.625404 0.167386
0.625492 0.645137
0.626007 0.30298
0.627017 0.268474
0.627355 0.948063
0.628186 0.918061
0.628307 0.952949
0.628339 0.496733
0.628736 0.158922
0.629944 0.47339
0.633351 0.725848
0.634169 0.476513
0.634926 0.19538
0.635236 0.40804
0.635867 0.00978049
0.635869 0.0500941
0.637042 0.773038
0.637417 0.0626915
0.638011 0.0588278
0.638509 0.421656
0.639222 0.397104
0.639277 0.329616
0.640392 0.0753199
0.640992 0.14846
0.641334 0.904676
0.641439 0.670626
0.641517 0.974162
0.641697 0.00378129
0.642203 0.508673
0.643812 0.555447
0.6443 0.75731
0.645172 0.410598
0.645405 0.325379
0.646811 0.944735
0.647129 0.298833
0.647271 0.67585
0.647751 0.744054
0.647773 0.118984
0.647909 0.400691
0.649003 0.796854
0.65017 0.400563
0.650676 0.907732
0.650777 0.603957
0.651492 0.619829
0.651693 0.00799698
0.651968 0.623442
0.652292 0.076621
0.653313 0.234456
0.653477 0.979939
0.655357 0.585197
0.655374 0.871627
0.65648 0.454049
0.656721 0.509118
0.657232 0.0907632
0.657233 0.11497
0.65731 0.408192
0.657765 0.0513221
0.657829 0.136503
0.659515 0.461996
0.66 0.61276
0.660734 0.957113
0.661561 0.858521
0.662794 0.574349
0.663611 0.311764
0.664045 0.601048
0.664915 0.229965
0.665425 0.793187
0.667618 0.648757
0.667705 0.115779
0.668616 0.437376
0.668659 0.154678
0.668756 0.77555
0.669053 0.766043
0.669387 0.383748
0.66959 0.802869
0.671474 0.461558
0.672136 0.584042
0.67233 0.852279
0.67372 0.220135
0.674527 0.774577
0.675057 0.674568
0.675253 0.980958
0.676194 0.789481
0.676603 0.659225
0.676675 0.881054
0.677057 0.302191
0.677646 0.195285
0.677647 0.213317
0.678057 0.10903
0.678674 0.466564
0.678722 0.275208
0.679253 0.20922
0.679557 0.306738
0.679696 0.650688
0.680288 0.599851
0.68076 0.536446
0.681187 0.717375
0.681842 0.719614
0.682214 0.973917
0.684064 0.0632997
0.684448 0.520665
0.687727 0.633699
0.688063 0.268286
0.688212 0.777827
0.688357 0.209096
0.689765 0.887267
0.690361 0.899808
0.690631 0.441278
0.69069 0.431212
0.693298 0.261853
0.693923 0.769795
0.693926 0.813967
0.694451 0.640922
0.695635 0.544506
0.695687 0.403779
0.695765 0.718218
0.695962 0.0354789
0.696392 0.267498
0.696827 0.578798
0.69705 0.316946
0.697335 0.114925
0.698485 0.43917
0.698783 0.441371
0.700989 0.516471
0.70199 0.345802
0.703049 0.148953
0.703765 0.173574
0.705091 0.47072
0.705236 0.909151
0.705541 0.0303748
0.706428 0.938051
0.706924 0.270778
0.707819 0.310141
0.708652 0.308416
0.708718 0.417076
0.709181 0.210238
0.709978 0.607464
0.71028 0.68407
0.711649 0.684235
0.71329 0.270856
0.713877 0.137497
0.714993 0.895035
0.715949 0.953602
0.716727 0.0351824
0.717272 0.193741
0.718173 0.339628
0.718449 0.969183
0.718484 0.556709
0.719181 0.268393
0.720035 0.629773
0.720112 0.923472
0.721175 0.781478
0.722121 0.69532
0.723477 0.484744
0.723683 0.932346
0.723729 0.720947
0.723834 0.471111
0.724357 0.274532
0.724491 0.514423
0.724933 0.954678
0.724955 0.327534
0.725279 0.770516
0.725337 0.737933
0.726618 0.260261
0.726939 0.669996
0.727547 0.87681
0.727781 0.820369
0.728149 0.996314
0.728849 0.758486
0.729021 0.651902
0.729808 0.87993
0.729823 0.131234
0.730507 0.623686
0.731113 0.81117
0.73117 0.774142
0.732592 0.667249
0.732674 0.0570632
0.732931 0.370074
0.733118 0.520712
0.735489 0.372075
0.736109 0.777546
0.736392 0.542154
0.737078 0.0657545
0.737313 0.0159344
0.738522 0.33747
0.738789 0.824077
0.739218 0.0365772
0.739987 0.967899
0.740106 0.966918
0.740377 0.513812
0.740705 0.0314101
0.74176 0.756712
0.74267 0.0551587
0.74418 0.44005
0.745124 0.291578
0.745675 0.552709
0.746751 0.642547
0.746892 0.0149939
0.746904 0.21243
0.74822 0.328442
0.748302 0.711487
0.74933 0.988667
0.750146 0.70142
0.750627 0.784197
0.750692 0.886792
0.750952 0.25382
0.751823 0.892511
0.752129 0.0276268
0.752209 0.372956
0.752752 0.498722
0.7529 0.987061
0.752965 0.0816807
0.753135 0.935042
0.75346 0.394568
0.753594 0.648578
0.754186 0.604276
0.755254 0.555924
0.755314 0.561213
0.755646 0.140358
0.756285 0.878027
0.757046 0.663622
0.757405 0.710549
0.758919 0.148668
0.759332 0.089178
0.759569 0.0751165
0.759831 0.481535
0.759959 0.638224
0.760595 0.327667
0.760703 0.130447
0.76173 0.398024
0.762197 0.249305
0.762453 0.548275
0.762537 0.96718
0.762644 0.765578
0.762969 0.225339
0.763488 0.936964
0.764005 0.628633
0.764068 0.688127
0.764121 0.589616
0.764558 0.918689
0.764907 0.795142
0.765075 0.607791
0.765159 0.0329726
0.765978 0.79324
0.765989 0.977794
0.766318 0.501309
0.76652 0.902336
0.766991 0.82277
0.767644 0.792593
0.767991 0.633083
0.768007 0.896073
0.768194 0.0316922
0.768437 0.116407
0.769209 0.0918936
0.769675 0.930222
0.770754 0.0698281
0.770797 0.780799
0.770981 0.869843
0.771559 0.596854
0.772072 0.210955
0.772121 0.0363008
0.772344 0.793749
0.77313 0.992114
0.774003 0.662643
0.774197 0.932078
0.774331 0.185454
0.77434 0.335024
0.77522 0.129898
0.775243 0.500798
0.776518 0.931846
0.776801 0.691805
0.777447 0.55666
0.777752 0.673384
0.777805 0.574849
0.777819 0.796421
0.778163 0.577416
0.778572 0.453562
0.780719 0.548151
0.781433 0.536262
0.784503 0.144398
0.785293 0.411855
0.7853 0.533242
0.785646 0.359199
0.786052 0.171059
0.786846 0.522994
0.7878 0.55636
0.789005 0.813133
0.790052 0.403586
0.790171 0.407442
0.790527 0.39092
0.790636 0.21675
0.791673 0.643077
0.791946 0.242125
0.792183 0.224957
0.792694 0.801491
0.793794 0.296352
0.794266 0.224049
0.795826 0.455496
0.796013 0.58368
0.796777 0.433592
0.796817 0.100719
0.797544 0.317549
0.797756 0.889426
0.797923 0.688018
0.797946 0.0780683
0.798337 0.642733
0.798426 0.150389
0.799628 0.352236
0.79963 0.387713
0.800481 0.682412
0.800567 0.136434
0.800829 0.534329
0.801004 0.482624
0.801444 0.86149
0.801595 0.406421
0.801711 0.358514
0.802719 0.302799
0.803052 0.893699
0.80308 0.370121
0.804654 0.821519
0.805394 0.249254
0.805588 0.524558
0.807162 0.973702
0.807575 0.918071
0.807626 0.768195
0.807967 0.499523
0.808771 0.0193728
0.808784 0.239544
0.809147 0.340559
0.809233 0.7822
0.809672 0.154358
0.809739 0.274984
0.811491 0.736757
0.811792 0.793836
0.812959 0.397357
0.81346 0.822459
0.813485 0.239197
0.813533 0.0509953
0.813921 0.56543
0.814568 0.449734
0.814786 0.103827
0.815233 0.628756
0.815783 0.872621
0.815994 0.409451
0.81948 0.996822
0.819519 0.656295
0.819807 0.503816
0.820117 0.711959
0.820437 0.083478
0.820494 0.0461763
0.82085 0.0196682
0.822 0.356694
0.823097 0.796426
0.823953 0.176542
0.823994 0.859721
0.824606 0.157854
0.825077 0.0740382
0.825393 0.37717
0.825416 0.765264
0.826009 0.735096
0.826011 0.763584
0.82618 0.603875
0.826326 0.0656128
0.826643 0.389774
0.826776 0.627764
0.826976 0.983312
0.827358 0.412275
0.828527 0.0522591
0.82881 0.805111
0.829204 0.437318
0.829451 0.578821
0.830684 0.300558
0.832402 0.17475
0.832644 0.252507
0.832883 0.257417
0.832933 0.100794
0.833149 0.7368
0.833297 0.230078
0.83408 0.381149
0.834341 0.763728
0.835919 0.292216
0.836099 0.310362
0.836259 0.010412
0.837089 0.962629
0.837192 0.692351
0.837292 0.37286
0.837471 0.379649
0.837792 0.775962
0.837985 0.012659
0.838476 0.263765
0.838926 0.835097
0.839145 0.503496
0.839288 0.919872
0.840087 0.334214
0.840201 0.258303
0.840412 0.812297
0.841 0.694551
0.841567 0.208615
0.841918 0.121914
0.842731 0.772182
0.84406 0.10918
0.845436 0.241517
0.847409 0.397578
0.848575 0.00599845
0.849496 0.483082
0.850243 0.0333851
0.850651 0.888103
0.851656 0.783176
0.852931 0.215672
0.853181 0.406083
0.853482 0.474995
0.853827 0.26834
0.854149 0.686081
0.854338 0.860707
0.854364 0.290085
0.854463 0.951263
0.854594 0.163872
0.856968 0.0677658
0.857037 0.224957
0.857835 0.634463
0.857974 0.972074
0.858667 0.624904
0.858729 0.657937
0.859202 0.61093
0.859395 0.855296
0.859884 0.0773432
0.86025 0.228212
0.860695 0.702489
0.860696 0.723784
0.860726 0.214153
0.861882 0.656067
0.862221 0.35152
0.862366 0.787712
0.863316 0.758945
0.863513 0.0561705
0.864 0.251968
0.865368 0.244659
0.866232 0.759608
0.866956 0.933204
0.86714 0.026428
0.867581 0.434822
0.867613 0.970177
0.867934 0.358891
0.868033 0.0273004
0.868109 0.313682
0.870638 0.811931
0.87064 0.853333
0.872614 0.0290771
0.873347 0.340559
0.874057 0.26908
0.874139 0.657862
0.874221 0.0253004
0.875369 0.324391
0.87581 0.732512
0.875875 0.83239
0.876025 0.345078
0.876089 0.42453
0.876858 0.350702
0.877314 0.0146427
0.877707 0.627666
0.878319 0.911171
0.878379 0.919145
0.878576 0.229809
0.87875 0.148528
0.879048 0.168017
0.879343 0.122656
0.879483 0.475568
0.880938 0.928222
0.882511 0.361909
0.883588 0.471736
0.884442 0.820539
0.884561 0.817257
0.885496 0.534743
0.885774 0.208901
0.8866 0.0923012
0.88697 0.310305
0.887435 0.112921
0.887454 0.438631
0.888504 0.0808168
0.890786 0.432288
0.890923 0.740848
0.891302 0.113031
0.891855 0.401773
0.892201 0.218847
0.892236 0.807985
0.892619 0.250714
0.89311 0.507628
0.893153 0.226871
0.893207 0.123969
0.89385 0.936074
0.893877 0.385433
0.894429 0.676007
0.89462 0.882775
0.895005 0.350847
0.895904 0.461351
0.89618 0.0958531
0.896221 0.791375
0.897124 0.966681
0.89763 0.459881
0.899053 0.375606
0.899237 0.469166
0.899945 0.380783
0.900128 0.44872
0.900262 0.708944
0.900701 0.0888185
0.901182 0.159222
0.901234 0.0425919
0.901921 0.585328
0.902788 0.162215
0.903628 0.274701
0.90401 0.699649
0.904977 0.956082
0.90533 0.88235
0.90583 0.291126
0.906519 0.865176
0.907049 0.771099
0.90739 0.499258
0.90789 0.910742
0.907914 0.313557
0.90811 0.61065
0.909221 0.280791
0.911113 0.0775992
0.911479 0.221988
0.911854 0.527122
0.912708 0.886577
0.913309 0.982256
0.913498 0.155489
0.913724 0.962024
0.914423 0.70409
0.914756 0.307011
0.914811 0.220615
0.914891 0.57633
0.91507 0.575872
0.915626 0.933024
0.915788 0.646716
0.915941 0.225911
0.916023 0.605466
0.917129 0.182723
0.917276 0.651324
0.917644 0.844706
0.917645 0.861548
0.918545 0.981115
0.918841 0.960478
0.919788 0.869835
0.920001 0.451581
0.920934 0.13334
0.921169 0.087112
0.922305 0.173302
0.922546 0.234366
0.922641 0.822908
0.923091 0.3834
0.92517 0.339119
0.926088 0.753646
0.926554 0.588656
0.928159 0.561517
0.92857 0.480466
0.929883 0.545654
0.930722 0.637001
0.930979 0.969851
0.931166 0.112584
0.931594 0.308195
0.931816 0.0324745
0.932503 0.576111
0.932673 0.443262
0.933551 0.198261
0.93413 0.919684
0.934259 0.0978723
0.934323 0.163793
0.934347 0.572196
0.935542 0.651427
0.935698 0.283842
0.935833 0.548026
0.935938 0.303731
0.937208 0.659185
0.937801 0.615188
0.937948 0.0984009
0.938022 0.333378
0.938285 0.758642
0.938479 0.0216515
0.939548 0.97661
0.940132 0.791691
0.940241 0.62559
0.940292 0.480652
0.942307 0.359157
0.943136 0.289429
0.944565 0.309191
0.945831 0.573843
0.946337 0.0789305
0.946755 0.114398
0.94678 0.523576
0.94704 0.904637
0.947634 0.878703
0.947909 0.501356
0.948411 0.940389
0.948537 0.0666725
0.948631 0.636854
0.948834 0.0596613
0.948866 0.589178
0.949972 0.171686
0.950207 0.132784
0.950469 0.539046
0.950794 0.98965
0.951981 0.946539
0.952098 0.906982
0.954008 0.0194676
0.954204 0.304641
0.954462 0.639307
0.954966 0.121424
0.955093 0.246925
0.95537 0.906064
0.956354 0.449319
0.956658 0.557551
0.956786 0.697797
0.957108 0.110717
0.957344 0.0854247
0.95744 0.693446
0.957564 0.770017
0.957662 0.42779
0.958185 0.214565
0.959105 0.675158
0.959105 0.68642
0.960298 0.723616
0.960314 0.000348657
0.960509 0.280028
0.96068 0.146545
0.961132 0.747656
0.961894 0.546235
0.962388 0.849574
0.962421 0.404707
0.963254 0.404594
0.96326 0.508865
0.963375 0.445821
0.964048 0.750667
0.965752 0.390185
0.966052 0.44292
0.966419 0.608151
0.967053 0.259503
0.967437 0.721493
0.967471 0.281039
0.967636 0.0628833
0.970224 0.549963
0.970962 0.95468
0.971004 0.659938
0.971672 0.883022
0.971935 0.314414
0.972468 0.265534
0.973168 0.0355873
0.97376 0.984781
0.97398 0.681363
0.974674 0.345353
0.974929 0.637021
0.975457 0.505839
0.975562 0.266452
0.975612 0.112654
0.977037 0.0559439
0.977337 0.111442
0.977725 0.621995
0.978373 0.522789
0.978576 0.92751
0.979452 0.649607
0.98008 0.196383
0.98096 0.998396
0.981641 0.432885
0.982028 0.941474
0.982438 0.828671
0.982508 0.01122
0.983221 0.988649
0.983812 0.933577
0.983965 0.498059
0.984035 0.679316
0.984131 0.293364
0.985242 0.957791
0.985414 0.858071
0.985507 0.411848
0.986461 0.453683
0.987066 0.615855
0.987777 0.56957
0.988382 0.741745
0.988573 0.951276
0.988578 0.0322634
0.988765 0.169886
0.98885 0.60716
0.989159 0.802077
0.989282 0.859637
0.989477 0.147667
0.990333 0.51919
0.990655 0.943388
0.990668 0.16039
0.99094 0.723468
0.99154 0.816088
0.991569 0.29647
0.99177 0.678362
0.993315 0.650254
0.99345 0.91454
0.99397 0.646272
0.995036 0.563132
0.996218 0.436569
0.996727 0.993397
0.997156 0.206515
0.997407 0.426971
0.997474 0.552434
0.997502 0.0125542
0.997766 0.452649
0.99805 0.22232
0.998062 0.430721
0.998492 0.657614
0.998778 0.45312
0.998822 0.208043
0.999769 0.116657
0.999866 0.754192
