0.000289076 0.858508
0.00123185 0.703713
0.00177699 0.86591
0.00249329 0.904729
0.0048336 0.238378
0.0049284 0.831663
0.00555348 0.337397
0.0060343 0.418483
0.00711712 0.617445
0.0083827 0.888014
0.0085881 0.34021
0.00873646 0.833668
0.00893809 0.222407
0.0101306 0.264776
0.0115221 0.651697
0.0115239 0.68294
0.0120488 0.504151
0.0123294 0.219421
0.0125792 0.41873
0.0152852 0.898677
0.0162682 0.419931
0.0164031 0.686166
0.0167494 0.507466
0.0174057 0.538389
0.0183888 0.0605515
0.0184866 0.703862
0.0192291 0.182984
0.0194387 0.706463
0.0198336 0.343764
0.0219097 0.236512
0.0227782 0.833293
0.023072 0.77113
0.0240053 0.456496
0.0251605 0.873288
0.0260628 0.0376299
0.0265881 0.865915
0.0278795 0.570175
0.0297494 0.999003
0.0299093 0.68495
0.0304058 0.0308341
0.0310989 0.679641
0.0313289 0.544842
0.0313354 0.654419
0.0315323 0.964113
0.0319985 0.798606
0.0320493 0.652056
0.0322429 0.9068
0.0323477 0.668101
0.0329678 0.0894203
0.0329838 0.358906
0.0333694 0.839797
0.0338331 0.633131
0.0346273 0.980933
0.0349163 0.838448
0.0361083 0.872036
0.0374598 0.586977
0.0386591 0.743274
0.0392534 0.732562
0.0394464 0.975011
0.0399985 0.255403
0.0400364 0.892375
0.0405639 0.757922
0.0418697 0.70483
0.0428585 0.323648
0.0434532 0.317561
0.043496 0.0380882
0.0441772 0.486775
0.0459411 0.131857
0.0460826 0.51011
0.0462272 0.940527
0.0464117 0.040661
0.0472469 0.0782169
0.049436 0.870456
0.0496852 0.0598334
0.0497092 0.462093
0.050053 0.241139
0.0508009 0.81129
0.0514446 0.629625
0.0549307 0.220189
0.0549386 0.353558
0.0550162 0.657306
0.0550924 0.938631
0.0553985 0.0821761
0.058774 0.81458
0.0593259 0.0908467
0.0593819 0.0315606
0.0593889 0.149504
0.0595399 0.686516
0.0599852 0.171632
0.0602897 0.288175
0.0614041 0.0181013
0.0631486 0.338248
0.0636547 0.844564
0.0638601 0.297018
0.0647894 0.915782
0.0651683 0.283356
0.0672975 0.0697576
0.0697748 0.705768
0.0715109 0.883224
0.0717634 0.127347
0.0728302 0.0567526
0.0735567 0.266836
0.0740099 0.885016
0.0742974 0.715952
0.0768644 0.860377
0.0770803 0.489285
0.0779427 0.983095
0.0787975 0.348998
0.0796264 0.280616
0.0809634 0.752689
0.0829879 0.778025
0.083074 0.225215
0.0834556 0.637524
0.0842369 0.769428
0.0862589 0.754035
0.0872136 0.798726
0.0876753 0.559597
0.0879129 0.552125
0.0887492 0.607736
0.0896661 0.0187184
0.0906338 0.282203
0.0907367 0.0114709
0.09209 0.756434
0.0921563 0.871715
0.0923941 0.867914
0.092457 0.924701
0.0930193 0.375464
0.094442 0.28665
0.0962469 0.621861
0.0962574 0.79779
0.0991582 0.551343
0.0992303 0.763695
0.0994198 0.949442
0.0995341 0.869563
0.101061 0.532181
0.101393 0.117055
0.101983 0.0271245
0.102367 0.47448
0.104488 0.122527
0.106362 0.620212
0.106461 0.297403
0.106888 0.462288
0.108433 0.430204
0.108829 0.0840034
0.108868 0.741677
0.111051 0.442504
0.11166 0.6653
0.111814 0.260954
0.112387 0.888844
0.113577 0.886102
0.114126 0.107756
0.115634 0.454314
0.116034 0.178018
0.117442 0.84294
0.117476 0.418687
0.118304 0.337446
0.11875 0.837385
0.119534 0.00439844
0.120937 0.590328
0.122347 0.280944
0.122527 0.317223
0.12259 0.362661
0.123244 0.359462
0.123381 0.667974
0.123721 0.38185
0.124763 0.889853
0.125805 0.397957
0.128088 0.769151
0.130372 0.155958
0.130648 0.806473
0.13089 0.873548
0.132866 0.0823976
0.133792 0.638848
0.133903 0.503575
0.13412 0.15928
0.136673 0.055633
0.137523 0.352484
0.139057 0.12356
0.139424 0.306173
0.139557 0.542777
0.1417 0.545641
0.142205 0.0426202
0.142411 0.49509
0.143481 0.479257
0.146828 0.739472
0.147254 0.904803
0.148592 0.377354
0.150018 0.349108
0.152248 0.831875
0.152826 0.546935
0.153955 0.526022
0.154844 0.464236
0.155077 0.375668
0.155507 0.613651
0.157399 0.410694
0.157434 0.99865
0.160657 0.168074
0.161613 0.232621
0.161779 0.0136586
0.162623 0.19835
0.162925 0.276333
0.163987 0.122647
0.16469 0.952353
0.16501 0.316663
0.165523 0.943725
0.166646 0.81505
0.166813 0.620389
0.167735 0.116819
0.169154 0.973346
0.169404 0.177115
0.169662 0.514677
0.169809 0.977956
0.171356 0.988597
0.172087 0.267137
0.172736 0.173504
0.173851 0.912391
0.174978 0.851954
0.175931 0.865731
0.176042 0.729698
0.176148 0.527423
0.178078 0.958943
0.178092 0.195745
0.179307 0.609405
0.179738 0.856083
0.180787 0.487022
0.181031 0.581622
0.181967 0.316952
0.182569 0.438929
0.183029 0.166412
0.185318 0.64604
0.186413 0.0495514
0.187243 0.00119726
0.188718 0.791746
0.18913 0.705866
0.189275 0.152233
0.189365 0.650247
0.190646 0.194324
0.191789 0.397855
0.191963 0.323946
0.192371 0.181356
0.192756 0.653584
0.193811 0.381367
0.19438 0.94159
0.194874 0.244209
0.195324 0.803715
0.195422 0.46267
0.196212 0.729157
0.196856 0.56212
0.19833 0.339059
0.198792 0.104179
0.200743 0.882508
0.20075 0.00340192
0.202152 0.567481
0.202554 0.31889
0.203566 0.337596
0.204647 0.501238
0.204687 0.170752
0.205669 0.672018
0.207963 0.236538
0.208944 0.719005
0.212261 0.466656
0.2127 0.856807
0.213499 0.269756
0.214967 0.950219
0.216154 0.907836
0.216676 0.667485
0.217548 0.327793
0.217911 0.423509
0.218048 0.728273
0.218451 0.503068
0.218994 0.630313
0.219172 0.617559
0.220133 0.775224
0.220583 0.334698
0.220839 0.639053
0.221232 0.253063
0.221574 0.996099
0.224571 0.358081
0.225394 0.203077
0.226233 0.296764
0.226869 0.992765
0.227714 0.193485
0.227775 0.20639
0.228491 0.241585
0.228637 0.705913
0.22891 0.288847
0.229192 0.0306012
0.230458 0.312871
0.231274 0.0185415
0.231963 0.609277
0.233094 0.603108
0.233537 0.0570675
0.233702 0.837917
0.234304 0.949422
0.234464 0.642006
0.235549 0.879442
0.239298 0.877129
0.239378 0.221824
0.239711 0.815103
0.239867 0.438228
0.240347 0.505438
0.241594 0.472923
0.244161 0.61648
0.244934 0.601022
0.245549 0.943115
0.245745 0.234635
0.245989 0.331043
0.246083 0.925384
0.246252 0.762146
0.246311 0.744676
0.247084 0.738335
0.247425 0.480151
0.248034 0.715641
0.248844 0.317025
0.250276 0.385694
0.251267 0.0482685
0.252764 0.198275
0.252951 0.347559
0.253664 0.328971
0.254259 0.339234
0.254486 0.14119
0.254836 0.0337104
0.255217 0.425131
0.25561 0.0339437
0.257199 0.742626
0.257693 0.0398925
0.257797 0.794948
0.257897 0.472123
0.258476 0.202852
0.259249 0.204384
0.262019 0.752099
0.262556 0.775081
0.262778 0.511961
0.263526 0.0822603
0.265792 0.173904
0.266003 0.717778
0.267045 0.233677
0.267316 0.774826
0.26841 0.164681
0.26871 0.204792
0.270725 0.0799717
0.270775 0.918489
0.271449 0.236859
0.271861 0.165982
0.272139 0.835358
0.273447 0.829342
0.273794 0.660895
0.273983 0.834315
0.274933 0.801212
0.275247 0.0835497
0.275406 0.748389
0.275893 0.941612
0.276547 0.927072
0.277138 0.863821
0.27775 0.142239
0.28006 0.966423
0.280536 0.96678
0.282157 0.217353
0.282402 0.332614
0.282434 0.861027
0.282831 0.535582
0.28299 0.213828
0.284545 0.3534
0.286683 0.276099
0.28767 0.864965
0.28785 0.894247
0.291445 0.319156
0.2925 0.0464219
0.292779 0.739622
0.293576 0.128685
0.294425 0.394637
0.296748 0.440511
0.29718 0.699742
0.297456 0.341304
0.297838 0.762855
0.298166 0.280109
0.298399 0.19525
0.298948 0.420035
0.299241 0.34488
0.299281 0.00909613
0.299837 0.356387
0.30062 0.527619
0.301299 0.93625
0.302209 0.231152
0.30246 0.451623
0.303045 0.285432
0.303082 0.906118
0.303096 0.142443
0.303108 0.337703
0.303152 0.0832825
0.304125 0.421212
0.30434 0.0502054
0.307519 0.472337
0.307603 0.883455
0.307656 0.781014
0.307705 0.604802
0.30792 0.209761
0.308233 0.464573
0.308501 0.984426
0.308972 0.887823
0.31065 0.0943078
0.311129 0.141263
0.311823 0.806756
0.311828 0.894286
0.311841 0.107516
0.313304 0.7003
0.313892 0.575386
0.314927 0.984315
0.315352 0.126542
0.315778 0.277089
0.316094 0.599176
0.316127 0.150395
0.31622 0.705033
0.317079 0.145984
0.317186 0.950071
0.317244 0.913951
0.318275 0.241353
0.319378 0.789566
0.319468 0.299414
0.319615 0.763397
0.32091 0.527505
0.321119 0.0481894
0.322185 0.960111
0.322226 0.657895
0.32242 0.916967
0.322722 0.990747
0.322922 0.347626
0.323966 0.898423
0.324972 0.801722
0.327516 0.562843
0.328022 0.0666317
0.32971 0.427766
0.331062 0.161169
0.331276 0.75244
0.333538 0.776792
0.333869 0.338273
0.334558 0.924547
0.335175 0.286652
0.335309 0.535074
0.335856 0.738024
0.336196 0.444065
0.33701 0.132862
0.338279 0.458326
0.339226 0.365828
0.339728 0.809534
0.340769 0.298667
0.341019 0.513535
0.341771 0.137844
0.342406 0.821488
0.342723 0.150815
0.342805 0.515874
0.34313 0.98257
0.343242 0.872834
0.343851 0.104551
0.344391 0.182138
0.347266 0.494871
0.34751 0.605805
0.347743 0.517925
0.347945 0.91118
0.348891 0.806513
0.349664 0.809704
0.349881 0.443401
0.350944 0.316528
0.35102 0.59556
0.352302 0.13923
0.352704 0.902387
0.353071 0.0648861
0.353093 0.437883
0.353147 0.342463
0.353161 0.569795
0.353528 0.745771
0.353661 0.984097
0.354627 0.209553
0.354756 0.385308
0.354897 0.757026
0.355543 0.60914
0.355947 0.399619
0.356383 0.726619
0.356443 0.730202
0.356992 0.967877
0.358066 0.018897
0.359486 0.881246
0.361543 0.454045
0.361733 0.649731
0.361745 0.840984
0.361897 0.400943
0.363099 0.599252
0.363832 0.918263
0.364202 0.143615
0.364404 0.535023
0.366701 0.145681
0.366939 0.141832
0.367809 0.771641
0.369149 0.285992
0.369763 0.607565
0.37082 0.371012
0.373291 0.908098
0.374645 0.656723
0.375664 0.782909
0.376912 0.753697
0.378084 0.452582
0.378531 0.975046
0.379145 0.292947
0.380295 0.624635
0.380938 0.420235
0.382184 0.367645
0.382684 0.772493
0.383273 0.671073
0.383915 0.454933
0.384994 0.588905
0.385095 0.292972
0.389243 0.999156
0.389382 0.346957
0.389584 0.739664
0.390175 0.676383
0.390849 0.992741
0.390991 0.37789
0.391992 0.208239
0.392346 0.153039
0.392593 0.318053
0.394133 0.190379
0.39496 0.0918261
0.395182 0.829888
0.396362 0.663222
0.396522 0.350109
0.398166 0.983328
0.39843 0.418837
0.39865 0.107092
0.399141 0.370798
0.400201 0.183897
0.40043 0.0302206
0.400858 0.227999
0.401321 0.00035887
0.401358 0.619276
0.401511 0.190489
0.402869 0.0116806
0.403842 0.379569
0.404081 0.396093
0.404566 0.54332
0.404939 0.802749
0.406123 0.70447
0.406202 0.0424895
0.410526 0.708974
0.411397 0.344003
0.411956 0.742338
0.413421 0.363101
0.414556 0.448204
0.414916 0.487907
0.415606 0.098662
0.416271 0.272182
0.416695 0.394107
0.416759 0.465318
0.416819 0.470779
0.416838 0.803776
0.417091 0.0482741
0.418892 0.313728
0.419156 0.756907
0.419161 0.834646
0.419448 0.666756
0.41969 0.723868
0.420531 0.869005
0.420803 0.444113
0.421323 0.182731
0.421638 0.470837
0.422024 0.964595
0.422227 0.375076
0.422535 0.542937
0.4229 0.674764
0.423077 0.656736
0.423241 0.413723
0.423465 0.180117
0.423845 0.565706
0.426333 0.37104
0.426838 0.868716
0.427338 0.261738
0.428128 0.545239
0.429387 0.699931
0.42983 0.15256
0.431681 0.270118
0.432359 0.653681
0.435924 0.580097
0.438522 0.238293
0.43871 0.394699
0.439056 0.206419
0.439056 0.213119
0.439446 0.773338
0.439871 0.905031
0.441876 0.606285
0.442425 0.833199
0.443046 0.276721
0.443266 0.967668
0.443561 0.922136
0.444528 0.182216
0.445816 0.833961
0.445904 0.316001
0.445993 0.809515
0.446144 0.337166
0.448029 0.0242335
0.448429 0.751147
0.449005 0.422989
0.450257 0.468425
0.450643 0.952869
0.451218 0.621746
0.451397 0.632519
0.451458 0.659589
0.451644 0.779555
0.452309 0.953709
0.452463 0.546976
0.453083 0.958646
0.454192 0.601848
0.454351 0.276463
0.45461 0.636423
0.455151 0.722118
0.45553 0.0970558
0.45781 0.411023
0.458069 0.769622
0.458447 0.111759
0.458752 0.245513
0.462196 0.121851
0.462323 0.25726
0.462573 0.464137
0.462992 0.50376
0.463278 0.321485
0.464533 0.404315
0.464594 0.432779
0.465005 0.342938
0.465844 0.446776
0.466194 0.316427
0.466857 0.467086
0.467154 0.455254
0.470075 0.554686
0.470245 0.401488
0.470352 0.204457
0.470853 0.630584
0.470979 0.743117
0.47112 0.109655
0.473158 0.372787
0.473163 0.457836
0.478094 0.322252
0.479151 0.0909357
0.479459 0.269942
0.481533 0.119793
0.482415 0.944197
0.482937 0.713847
0.483517 0.471271
0.485997 0.154279
0.487874 0.703853
0.488266 0.279756
0.488468 0.682912
0.488469 0.698713
0.490543 0.549849
0.490567 0.962627
0.490639 0.166072
0.491341 0.974788
0.492058 0.0199614
0.492174 0.965456
0.49315 0.365847
0.493624 0.337748
0.49438 0.0363609
0.496803 0.775775
0.496874 0.954739
0.497171 0.959452
0.497215 0.689488
0.497384 0.528675
0.499852 0.0051687
0.499982 0.192694
0.500278 0.175469
0.500303 0.58752
0.501138 0.626876
0.501438 0.667511
0.502371 0.350835
0.502445 0.596793
0.503185 0.0238624
0.504708 0.619424
0.504729 0.982967
0.505424 0.666648
0.505504 0.00360319
0.507185 0.263996
0.507564 0.625121
0.507681 0.602249
0.508732 0.261466
0.508766 0.828549
0.508794 0.302169
0.512339 0.876891
0.51307 0.170458
0.513576 0.679576
0.514751 0.425459
0.516968 0.68404
0.517806 0.766073
0.518985 0.573659
0.519272 0.412398
0.519376 0.144334
0.519443 0.284472
0.520341 0.363413
0.52045 0.196943
0.520452 0.238321
0.520906 0.870549
0.522555 0.581172
0.523155 0.666904
0.523789 0.315939
0.524097 0.491846
0.524368 0.053876
0.525916 0.068923
0.527108 0.108655
0.52728 0.993673
0.529659 0.972912
0.529936 0.63447
0.531592 0.472255
0.532841 0.452207
0.532949 0.280877
0.534986 0.511468
0.535051 0.608639
0.535253 0.00378031
0.535506 0.257686
0.535647 0.626352
0.535703 0.552165
0.539592 0.925788
0.540301 0.838798
0.540537 0.798643
0.542345 0.193577
0.543025 0.621735
0.543971 0.516309
0.544493 0.295914
0.544986 0.577254
0.545192 0.0434195
0.545651 0.758396
0.546536 0.627089
0.546571 0.215389
0.546822 0.435461
0.54712 0.441818
0.547205 0.879232
0.548181 0.275304
0.54859 0.155668
0.548618 0.618121
0.548943 0.0903727
0.552516 0.143145
0.553064 0.348387
0.553825 0.131455
0.555486 0.050626
0.556802 0.173878
0.557059 0.48386
0.557486 0.662049
0.557954 0.529374
0.558635 0.976965
0.558896 0.36017
0.559494 0.420584
0.559553 0.411027
0.561399 0.434527
0.561726 0.927019
0.562081 0.889687
0.562767 0.428291
0.563814 0.0213036
0.563905 0.55762
0.564073 0.38236
0.565521 0.70346
0.565732 0.259488
0.566373 0.0304741
0.566567 0.289014
0.56787 0.189003
0.568689 0.949341
0.569428 0.37587
0.570526 0.822239
0.571391 0.375764
0.571788 0.0431892
0.572175 0.547066
0.573159 0.0863995
0.573883 0.256333
0.57436 0.275411
0.57452 0.963182
0.574858 0.630303
0.575192 0.244095
0.577219 0.323081
0.578586 0.29684
0.578776 0.493591
0.578988 0.0522958
0.579418 0.280339
0.579499 0.646268
0.5802 0.417127
0.580965 0.282285
0.582021 0.026151
0.582401 0.416366
0.582931 0.328119
0.586834 0.911466
0.587055 0.638383
0.587641 0.478853
0.587951 0.699299
0.588349 0.38269
0.589278 0.989182
0.591112 0.811225
0.591425 0.083967
0.592671 0.0287086
0.594819 0.125481
0.594962 0.527151
0.596151 0.503779
0.597042 0.48647
0.598669 0.831812
0.598995 0.305035
0.600244 0.292751
0.60054 0.270393
0.601579 0.745047
0.601593 0.982202
0.602312 0.050745
0.60298 0.279221
0.603302 0.694858
0.603725 0.813269
0.603961 0.772825
0.605349 0.094928
0.606001 0.0619801
0.606693 0.686901
0.607502 0.283613
0.610556 0.619751
0.610561 0.702781
0.61197 0.381109
0.61401 0.668042
0.614023 0.885615
0.617591 0.845018
0.618749 0.309864
0.619906 0.768448
0.620141 0.710778
0.624399 0.266427
0.625998 0.154224
0.627577 0.689294
0.627807 0.559763
0.62811 0.637581
0.629073 0.827944
0.629476 0.598943
0.631836 0.259696
0.631992 0.891845
0.634321 0.0380445
0.634462 0.406578
0.636589 0.152447
0.636898 0.341972
0.638161 0.568807
0.638367 0.0350198
0.639222 0.406738
0.640793 0.813401
0.641463 0.0633765
0.641794 0.627557
0.642105 0.850868
0.643056 0.848836
0.644177 0.69107
0.644298 0.711627
0.644723 0.854254
0.645051 0.369778
0.64512 0.532964
0.645462 0.280955
0.646237 0.303267
0.646763 0.143362
0.64832 0.31917
0.651328 0.868156
0.651562 0.802104
0.652612 0.448422
0.654613 0.0815471
0.65544 0.984075
0.656276 0.0379016
0.656449 0.940522
0.656513 0.017219
0.657418 0.230076
0.657426 0.356558
0.65878 0.114185
0.659084 0.219169
0.659568 0.356245
0.659965 0.0309951
0.660783 0.773325
0.661322 0.838209
0.661374 0.712782
0.664064 0.921538
0.664572 0.465891
0.66493 0.473365
0.665913 0.00798658
0.666345 0.252097
0.66639 0.0234879
0.666752 0.10734
0.667037 0.884469
0.669202 0.27736
0.669282 0.629906
0.669731 0.175472
0.66985 0.164544
0.671737 0.878033
0.672094 0.885453
0.67252 0.0473084
0.673342 0.852155
0.67341 0.997638
0.673978 0.545425
0.673994 0.814018
0.675405 0.534108
0.676304 0.633467
0.677528 0.215089
0.679437 0.29529
0.680091 0.283857
0.683051 0.0396865
0.683179 0.186796
0.683906 0.408134
0.684227 0.802138
0.687876 0.126789
0.687906 0.643728
0.688025 0.637926
0.688258 0.559548
0.688419 0.263073
0.689071 0.216789
0.689397 0.689198
0.689635 0.687572
0.690399 0.54006
0.690612 0.110684
0.691321 0.0388925
0.6924 0.174852
0.694399 0.76865
0.695037 0.4787
0.696236 0.631467
0.696469 0.560641
0.697284 0.245995
0.698092 0.835781
0.698577 0.975299
0.698705 0.135056
0.699187 0.236428
0.700612 0.181244
0.700725 0.0775887
0.703603 0.453927
0.704454 0.755552
0.705394 0.555763
0.705687 0.48557
0.707006 0.64674
0.707438 0.904672
0.707704 0.386318
0.708349 0.218936
0.708762 0.162021
0.709503 0.623628
0.711763 0.60517
0.712188 0.744807
0.713041 0.0881314
0.713523 0.185324
0.713966 0.635277
0.714193 0.446601
0.714369 0.392525
0.717069 0.784441
0.717503 0.0772633
0.717552 0.904417
0.719215 0.852898
0.719684 0.721553
0.719764 0.0813767
0.720549 0.259824
0.725059 0.0609341
0.725294 0.0141819
0.726248 0.0474698
0.727469 0.563569
0.727809 0.287188
0.729605 0.470059
0.730753 0.770183
0.730765 0.970452
0.732391 0.298991
0.733013 0.755302
0.7335 0.941559
0.735345 0.950542
0.735939 0.924952
0.737167 0.560129
0.737783 0.913688
0.741348 0.84001
0.741841 0.126483
0.742201 0.173887
0.743652 0.564047
0.743749 0.193849
0.745174 0.147165
0.745383 0.650662
0.746102 0.738599
0.746335 0.646846
0.747419 0.868566
0.747583 0.632245
0.747593 0.794196
0.748359 0.666445
0.749047 0.239861
0.749151 0.980813
0.749415 0.415742
0.750462 0.0169808
0.75094 0.0493401
0.751234 0.996959
0.751305 0.179884
0.751668 0.289719
0.75227 0.402147
0.752491 0.113279
0.752504 0.337402
0.75301 0.846724
0.753468 0.5307
0.753792 0.981962
0.75383 0.614583
0.754598 0.525118
0.755869 0.895051
0.756544 0.240516
0.757291 0.79553
0.757409 0.767416
0.758856 0.0933756
0.76079 0.593282
0.761477 0.13929
0.762006 0.0417142
0.762661 0.035963
0.763278 0.419739
0.764993 0.232181
0.765166 0.137181
0.766399 0.867988
0.767585 0.805273
0.767745 0.486501
0.769073 0.811438
0.77256 0.410243
0.773586 0.663889
0.773809 0.408556
0.773876 0.54032
0.775222 0.156422
0.775429 0.639641
0.775596 0.450795
0.776757 0.94981
0.777066 0.140595
0.777676 0.403109
0.778188 0.00423453
0.778472 0.786827
0.778785 0.045208
0.778937 0.592049
0.778996 0.591657
0.779055 0.576629
0.779179 0.660901
0.780137 0.756392
0.780289 0.313619
0.780364 0.576091
0.780708 0.357759
0.78205 0.913872
0.782137 0.376761
0.782217 0.72904
0.782295 0.0316922
0.782905 0.278374
0.784915 0.0712982
0.786035 0.889044
0.786696 0.998207
0.78684 0.41913
0.787091 0.637645
0.790411 0.434735
0.791345 0.12803
0.79173 0.601048
0.792102 0.865626
0.792688 0.70759
0.794119 0.757718
0.795367 0.730188
0.796216 0.00239433
0.796339 0.0678749
0.796342 0.125454
0.796732 0.677306
0.797831 0.148344
0.798279 0.669093
0.798991 0.64444
0.799324 0.244552
0.799835 0.822691
0.800232 0.497652
0.801475 0.382906
0.801614 0.72544
0.801893 0.410915
0.802283 0.963104
0.802649 0.119851
0.802765 0.0753943
0.803169 0.858884
0.80656 0.853002
0.806958 0.541065
0.808132 0.267248
0.810311 0.894304
0.810464 0.475754
0.81125 0.671357
0.816709 0.430747
0.816848 0.765048
0.818011 0.318511
0.818195 0.397522
0.819473 0.885735
0.820607 0.949737
0.821225 0.33529
0.821474 0.519588
0.821528 0.416881
0.821681 0.984885
0.822277 0.00946227
0.822671 0.629945
0.823685 0.667716
0.82524 0.806717
0.827157 0.0289512
0.829059 0.993753
0.829673 0.315568
0.829805 0.53173
0.82987 0.627687
0.830282 0.543529
0.830498 0.172241
0.830573 0.432928
0.83274 0.863025
0.832776 0.470078
0.833762 0.0371632
0.833785 0.422314
0.835857 0.245627
0.837346 0.266984
0.837673 0.776505
0.838835 0.291823
0.839209 0.594163
0.84143 0.915872
0.842198 0.821336
0.842356 0.48508
0.842445 0.979869
0.842985 0.0452231
0.843877 0.0492887
0.843901 0.439496
0.844286 0.912115
0.844535 0.0992064
0.844666 0.30517
0.844756 0.819956
0.845815 0.61377
0.845918 0.338671
0.848267 0.82063
0.848319 0.689357
0.848768 0.240152
0.848857 0.736334
0.849182 0.20105
0.851787 0.986181
0.853119 0.373401
0.853503 0.816718
0.855082 0.369162
0.856154 0.37594
0.856262 0.202489
0.856448 0.322025
0.856842 0.949739
0.857711 0.549064
0.859997 0.964602
0.860387 0.518834
0.861118 0.807783
0.861395 0.460419
0.862506 0.132923
0.864126 0.359492
0.865054 0.970492
0.865334 0.661485
0.866217 0.508287
0.866739 0.275183
0.866994 0.57488
0.867781 0.79552
0.868505 0.959654
0.868516 0.155157
0.868651 0.40948
0.869489 0.508246
0.869868 0.877705
0.870323 0.524819
0.870429 0.302431
0.871447 0.414583
0.871672 0.183497
0.872003 0.752475
0.872015 0.952282
0.872045 0.451941
0.872082 0.0880137
0.872965 0.922975
0.873245 0.628039
0.873541 0.60824
0.875055 0.0440496
0.875386 0.608175
0.877093 0.295129
0.87771 0.675446
0.878148 0.025902
0.878621 0.982032
0.878708 0.451418
0.879322 0.764553
0.880253 0.405458
0.881056 0.915814
0.881165 0.737449
0.881235 0.909064
0.881641 0.732413
0.882487 0.964901
0.882501 0.191192
0.884853 0.724954
0.886222 0.729275
0.886822 0.812049
0.887429 0.011092
0.887467 0.650921
0.887993 0.50512
0.888847 0.844578
0.889049 0.253447
0.889833 0.430979
0.890386 0.717177
0.89061 0.488384
0.893595 0.648343
0.893993 0.347332
0.894091 0.980445
0.894725 0.643795
0.895334 0.877477
0.897393 0.487732
0.89775 0.48032
0.898919 0.139722
0.899371 0.72237
0.900158 0.96274
0.900249 0.478081
0.900714 0.29743
0.902707 0.795927
0.903843 0.887556
0.904464 0.32643
0.904614 0.847053
0.904783 0.680473
0.908113 0.649038
0.908316 0.0647791
0.908394 0.36981
0.908832 0.73228
0.909233 0.481318
0.911346 0.993234
0.912873 0.651977
0.914457 0.280698
0.914519 0.3182
0.916778 0.288034
0.917248 0.195203
0.918052 0.704714
0.918818 0.571969
0.919524 0.439179
0.92462 0.0955427
0.925434 0.763913
0.926432 0.541121
0.927326 0.565152
0.927416 0.081401
0.92762 0.507418
0.928886 0.78208
0.930334 0.122597
0.931172 0.203941
0.931367 0.484317
0.931938 0.0837268
0.932484 0.264895
0.933688 0.50193
0.933923 0.451585
0.934971 0.0639448
0.935328 0.0609316
0.93728 0.869439
0.937698 0.884011
0.938148 0.450552
0.939133 0.0112983
0.939255 0.0585043
0.940507 0.102328
0.941188 0.539854
0.942573 0.831231
0.9427 0.952302
0.945843 0.784764
0.947088 0.700485
0.947093 0.796585
0.947966 0.461816
0.948888 0.96115
0.950821 0.455812
0.953074 0.31682
0.953407 0.903142
0.95349 0.300736
0.957862 0.785749
0.958371 0.342248
0.959336 0.5517
0.95962 0.336452
0.96036 0.778071
0.961019 0.846286
0.962573 0.96785
0.962672 0.627119
0.963342 0.890955
0.963888 0.0639761
0.964436 0.271574
0.96509 0.268875
0.965524 0.57062
0.965616 0.115099
0.965807 0.313196
0.966157 0.200692
0.966487 0.744571
0.966634 0.21761
0.968062 0.214831
0.969966 0.218373
0.971235 0.54879
0.972543 0.528937
0.973866 0.763456
0.975011 0.0166926
0.975535 0.82002
0.975718 0.895908
0.975877 0.571016
0.976107 0.422662
0.976176 0.588579
0.97766 0.540093
0.977886 0.337041
0.979576 0.736963
0.979794 0.404845
0.980243 0.942547
0.981472 0.595052
0.982596 0.486193
0.983077 0.569768
0.985085 0.316313
0.985665 0.0742462
0.986142 0.0832907
0.987038 0.150171
0.987247 0.657683
0.987278 0.181048
0.988356 0.295289
0.988858 0.73019
0.988888 0.237394
0.99009 0.450745
0.990903 0.109669
0.99358 0.105462
0.99392 0.812693
0.994761 0.946326
0.994866 0.710522
0.99537 0.191215
0.995825 0.828304
0.996016 0.0482833
0.996991 0.434392
0.997476 0.583873
0.998402 0.134884
0.999037 0.807399
0.999707 0.0753589
0.999971 0.507103
