0.00796849 0.926451
0.016701 0.694228
0.0182842 0.303164
0.0189626 0.705206
0.0189924 0.205952
0.0220224 0.129875
0.0238867 0.464552
0.0252704 0.719583
0.0320478 0.626784
0.0386487 0.56884
0.0388616 0.146054
0.0410835 0.490131
0.0412214 0.807307
0.0437011 0.48504
0.0476192 0.336291
0.0483535 0.678069
0.0486957 0.429378
0.0565899 0.107304
0.0635861 0.691607
0.0735478 0.118197
0.0745701 0.29995
0.0749573 0.806934
0.0787009 0.726341
0.0788976 0.0325127
0.0803029 0.651681
0.0863324 0.988129
0.0905849 0.460701
0.0937133 0.039345
0.0958206 0.456609
0.0965276 0.339651
0.0968497 0.752752
0.100024 0.103334
0.106162 0.271332
0.10657 0.129243
0.107903 0.521213
0.108736 0.530939
0.108963 0.345848
0.111773 0.56544
0.113143 0.592599
0.122343 0.224977
0.12288 0.240853
0.127641 0.263812
0.128132 0.513079
0.135148 0.432898
0.135326 0.421037
0.140664 0.1369
0.142241 0.646745
0.145418 0.0456011
0.151539 0.91777
0.153777 0.535613
0.156018 0.190858
0.156458 0.585149
0.158045 0.258707
0.159984 0.855238
0.162095 0.338548
0.163766 0.417276
0.166412 0.886604
0.169586 0.224203
0.170655 0.205599
0.173199 0.953165
0.175103 0.96217
0.175281 0.945379
0.177269 0.368186
0.178413 0.586728
0.180228 0.0971479
0.183079 0.0011097
0.187156 0.528689
0.190352 0.241406
0.194751 0.185929
0.197027 0.436549
0.198927 0.365459
0.199011 0.784724
0.202173 0.919863
0.203257 0.14642
0.204403 0.401926
0.204761 0.414519
0.205261 0.816486
0.20805 0.689629
0.208904 0.0512123
0.210428 0.65874
0.2111 0.954289
0.212892 0.0712532
0.214056 0.632574
0.221025 0.771205
0.223765 0.820552
0.224418 0.792472
0.227409 0.0586123
0.227983 0.7088
0.228 0.994305
0.235827 0.543215
0.238803 0.554035
0.239261 0.258071
0.251525 0.372314
0.255008 0.911326
0.256038 0.235628
0.257892 0.388804
0.260676 0.179832
0.263948 0.16802
0.271469 0.580671
0.273145 0.746287
0.273682 0.780915
0.276033 0.285664
0.277689 0.113087
0.277694 0.203583
0.279531 0.0758787
0.279992 0.817708
0.282459 0.287337
0.286601 0.899511
0.287508 0.150717
0.28839 0.976389
0.291964 0.0433581
0.292714 0.638326
0.293472 0.385236
0.296843 0.0440637
0.299929 0.910728
0.30029 0.979693
0.303652 0.475827
0.30981 0.979247
0.310662 0.303436
0.315442 0.625519
0.316312 0.247376
0.316769 0.934937
0.317025 0.231238
0.327355 0.85841
0.331051 0.981899
0.334688 0.10243
0.338738 0.161234
0.341612 0.47133
0.3425 0.392725
0.347341 0.752044
0.349829 0.576772
0.352903 0.23718
0.355627 0.0270436
0.356291 0.188252
0.359333 0.315058
0.364016 0.019978
0.366172 0.261202
0.366189 0.540087
0.370072 0.796166
0.375629 0.19932
0.376143 0.837808
0.378877 0.777876
0.384185 0.999323
0.388784 0.284688
0.389881 0.738085
0.392744 0.852701
0.396264 0.00419647
0.397628 0.933314
0.409893 0.065331
0.4165 0.118333
0.418255 0.609032
0.439544 0.424412
0.441093 0.452428
0.442871 0.338037
0.447429 0.942031
0.448567 0.0736139
0.45266 0.851442
0.455578 0.898476
0.463364 0.762414
0.469705 0.333646
0.472144 0.31941
0.478016 0.0125014
0.478142 0.136461
0.48137 0.389338
0.485856 0.77907
0.493741 0.305117
0.494408 0.515804
0.495079 0.787357
0.496679 0.687966
0.500789 0.768509
0.502397 0.790599
0.505051 0.397335
0.506846 0.568184
0.508951 0.939922
0.509948 0.689956
0.513495 0.306135
0.517048 0.0224746
0.518558 0.402232
0.521685 0.965959
0.530144 0.131456
0.531624 0.00958194
0.53238 0.711889
0.536337 0.222997
0.536654 0.537023
0.541333 0.190461
0.543273 0.782538
0.54522 0.504377
0.545777 0.866554
0.553051 0.120319
0.553899 0.373578
0.558374 0.584853
0.560047 0.711032
0.561017 0.0169751
0.564043 0.867205
0.567642 0.357096
0.574787 0.446377
0.5788 0.894614
0.582352 0.584509
0.583511 0.067856
0.58361 0.72833
0.58372 0.577975
0.583846 0.703108
0.586024 0.312281
0.586252 0.144995
0.595276 0.80527
0.596784 0.145966
0.597159 0.45679
0.598589 0.487751
0.599173 0.306495
0.599585 0.219793
0.604858 0.847782
0.606703 0.849463
0.607568 0.400608
0.607833 0.846088
0.610721 0.386529
0.615471 0.21375
0.615521 0.0556955
0.61787 0.54012
0.622378 0.312914
0.624243 0.64576
0.625508 0.90862
0.625935 0.0954337
0.625973 0.730857
0.628336 0.440586
0.628951 0.783775
0.630092 0.955351
0.635482 0.552501
0.635489 0.66013
0.635602 0.568019
0.636402 0.000134342
0.641903 0.462496
0.644083 0.106301
0.648412 0.85184
0.650668 0.783724
0.654491 0.0310931
0.655369 0.7879
0.658761 0.803259
0.659922 0.304137
0.665494 0.96164
0.668527 0.933202
0.668566 0.589725
0.671768 0.397297
0.679189 0.129877
0.6805 0.167204
0.682121 0.406389
0.682174 0.301952
0.687054 0.312785
0.687462 0.176112
0.693126 0.365956
0.696411 0.579136
0.704635 0.793764
0.708527 0.209196
0.709898 0.251655
0.710271 0.517384
0.715387 0.501437
0.718908 0.687369
0.720422 0.139583
0.722479 0.703373
0.724963 0.461631
0.728985 0.0557676
0.731307 0.0731454
0.732632 0.338235
0.733643 0.340944
0.738955 0.610053
0.739373 0.646961
0.741317 0.308975
0.746958 0.114951
0.747283 0.58995
0.754923 0.984214
0.756145 0.532903
0.756988 0.69374
0.763952 0.747814
0.770392 0.984309
0.770854 0.744131
0.778559 0.248402
0.792642 0.93069
0.793453 0.561204
0.797953 0.200747
0.800082 0.977483
0.801911 0.724259
0.805779 0.731859
0.806487 0.628488
0.812483 0.408653
0.812571 0.885997
0.815864 0.230731
0.828402 0.952139
0.829718 0.0703507
0.834719 0.129133
0.836337 0.320945
0.840423 0.984743
0.848792 0.642881
0.849847 0.382294
0.850484 0.0764092
0.851587 0.622322
0.853235 0.32842
0.858333 0.997235
0.859028 0.683703
0.864686 0.777212
0.868659 0.553971
0.872209 0.21562
0.874995 0.0445361
0.875674 0.458943
0.877951 0.726493
0.879457 0.0259199
0.882916 0.169739
0.884088 0.8614
0.885605 0.368775
0.886132 0.221572
0.888817 0.344676
0.892419 0.893092
0.895472 0.201141
0.898137 0.986929
0.899993 0.180254
0.904186 0.657234
0.905948 0.269617
0.907893 0.957857
0.912663 0.123584
0.914227 0.41581
0.915432 0.665859
0.918816 0.546714
0.920998 0.210898
0.923323 0.295684
0.925497 0.82459
0.934763 0.564939
0.937763 0.987983
0.937997 0.923081
0.949314 0.118388
0.953827 0.972075
0.954372 0.122463
0.95597 0.982757
0.958562 0.547444
0.959488 0.122646
0.961558 0.912376
0.961961 0.675729
0.964031 0.470452
0.971416 0.587644
0.97172 0.705135
0.973332 0.784161
0.976716 0.658488
0.979765 0.914641
0.980716 0.890342
0.980841 0.993702
0.982453 0.0841161
0.983869 0.887807
0.989519 0.843282
0.992903 0.715528
0.995433 0.24142
0.998051 0.249415
0.998526 0.219289
0.99866 0.478809
