0.00061199 0.28572
0.000653975 0.991369
0.000965936 0.234488
0.001097 0.437353
0.00123768 0.801715
0.00127182 0.375419
0.00147725 0.828225
0.00151135 0.401319
0.00190446 0.00833195
0.00347937 0.4777
0.00384836 0.679323
0.00543875 0.409058
0.00566892 0.277515
0.00627209 0.415003
0.00629566 0.811119
0.00696655 0.086773
0.00702893 0.13524
0.00789189 0.638919
0.00871329 0.444345
0.0092258 0.0579374
0.00973395 0.598502
0.00997407 0.634248
0.0109203 0.537297
0.011298 0.886071
0.0118874 0.79132
0.0120109 0.867875
0.0127441 0.189303
0.0129845 0.230942
0.0131713 0.369809
0.0136901 0.0901847
0.0142663 0.773086
0.0146272 0.839704
0.0156062 0.293307
0.0159675 0.365779
0.0159681 0.376603
0.0166037 0.057758
0.0168288 0.841557
0.0169482 0.848849
0.0182603 0.901076
0.0186162 0.881878
0.0202261 0.940196
0.0211088 0.774773
0.0218438 0.12865
0.0221494 0.264807
0.0225247 0.572634
0.0225835 0.560259
0.0229129 0.0968986
0.0230772 0.858723
0.0235822 0.346138
0.0235986 0.622378
0.0237664 0.441514
0.0239758 0.961455
0.0249176 0.789551
0.0249653 0.591112
0.0256523 0.137942
0.0260083 0.121632
0.0260977 0.624882
0.0263564 0.972312
0.0277665 0.672139
0.0277761 0.833519
0.0283782 0.952404
0.028687 0.141929
0.0289033 0.777895
0.0295526 0.690335
0.0305603 0.627756
0.0312815 0.748736
0.0313032 0.113594
0.0332599 0.999473
0.0334932 0.919741
0.0345961 0.455917
0.0351746 0.180345
0.0351755 0.194394
0.0360697 0.223785
0.037059 0.850257
0.0372917 0.761775
0.0385843 0.485584
0.0388416 0.811242
0.0392532 0.728195
0.0393369 0.134648
0.0399154 0.858748
0.0404485 0.817303
0.0408106 0.90308
0.0409169 0.689965
0.0416523 0.0494069
0.0421694 0.74192
0.0421993 0.242941
0.0424559 0.556312
0.043123 0.768118
0.0431546 0.299199
0.0442665 0.986926
0.0443014 0.573136
0.044388 0.0286689
0.0452779 0.985737
0.0464175 0.138553
0.0468649 0.65852
0.0468943 0.152841
0.0469388 0.900252
0.0490343 0.119641
0.0494949 0.861376
0.0497291 0.797015
0.0499428 0.388997
0.0500146 0.594603
0.0509192 0.799039
0.0509631 0.536752
0.0511182 0.142933
0.0520347 0.547733
0.0541841 0.67221
0.0544402 0.97572
0.0558602 0.843054
0.0564992 0.582273
0.0571232 0.0692165
0.0575811 0.766279
0.0582843 0.584636
0.0606239 0.905481
0.0611218 0.274046
0.0614413 0.644172
0.0637116 0.800555
0.0652628 0.872351
0.0653192 0.819874
0.0658626 0.951854
0.0660249 0.680541
0.0663939 0.881804
0.0664032 0.038245
0.0666526 0.230001
0.0666835 0.749351
0.0668805 0.0609309
0.0671651 0.844541
0.068245 0.993226
0.0689123 0.208844
0.0701636 0.238877
0.0713722 0.552109
0.0717752 0.325417
0.0721501 0.626841
0.0723601 0.155579
0.0740058 0.8154
0.0744698 0.614221
0.0752292 0.377949
0.0752364 0.498897
0.0761836 0.417709
0.0765505 0.583863
0.0769224 0.834307
0.0771208 0.169858
0.077294 0.0795848
0.0777709 0.0952661
0.0778387 0.234692
0.0778653 0.682227
0.0787217 0.0751156
0.0799591 0.872808
0.0803507 0.453665
0.0840326 0.335937
0.0843248 0.24707
0.0852572 0.917073
0.0853716 0.839879
0.0858417 0.74153
0.085978 0.0319173
0.0862287 0.245361
0.0867886 0.65538
0.0869203 0.87025
0.0871499 0.729183
0.0881555 0.628951
0.0884021 0.773851
0.0888381 0.102025
0.089365 0.958141
0.0897736 0.82445
0.0900152 0.886257
0.0900677 0.767412
0.0904127 0.566556
0.090534 0.604934
0.0911515 0.983036
0.0915366 0.455686
0.0915938 0.417571
0.0934676 0.910599
0.0938483 0.308867
0.0956518 0.620465
0.0963099 0.680229
0.0969334 0.1598
0.0969791 0.928561
0.0973778 0.629279
0.0975896 0.188508
0.0984904 0.32876
0.100364 0.823964
0.100643 0.509713
0.101039 0.168122
0.101195 0.778764
0.101202 0.902147
0.101283 0.262558
0.101641 0.274978
0.101664 0.659683
0.101787 0.731988
0.102369 0.5215
0.102567 0.850462
0.104132 0.148949
0.104308 0.107473
0.105166 0.528498
0.105811 0.371893
0.106022 0.909287
0.106644 0.368204
0.107131 0.558406
0.107298 0.35022
0.107971 0.667463
0.108274 0.760058
0.109945 0.850995
0.109981 0.452483
0.110585 0.599504
0.110604 0.926904
0.111646 0.435752
0.111828 0.495323
0.111914 0.942097
0.112348 0.229919
0.112551 0.64238
0.11317 0.0500266
0.113558 0.567123
0.113626 0.703934
0.113903 0.362878
0.114744 0.498788
0.115421 0.877577
0.115894 0.828206
0.116527 0.466316
0.116933 0.295793
0.117029 0.912917
0.117046 0.187661
0.117422 0.511125
0.118659 0.297477
0.119072 0.241165
0.120151 0.373712
0.120362 0.91811
0.121599 0.719918
0.12199 0.281719
0.123011 0.439812
0.123613 0.558267
0.124993 0.751892
0.125084 0.287238
0.125426 0.0344227
0.126273 0.269305
0.126436 0.00204604
0.12707 0.673347
0.127526 0.33307
0.127757 0.220107
0.12791 0.775659
0.128121 0.3284
0.128359 0.336338
0.128997 0.0477657
0.130357 0.910492
0.130664 0.0746045
0.13175 0.322974
0.132006 0.622241
0.132238 0.524226
0.13245 0.0879949
0.132977 0.942475
0.133069 0.492378
0.133751 0.945534
0.13414 0.492151
0.13562 0.36627
0.135894 0.965561
0.136161 0.458312
0.138181 0.411262
0.139101 0.873052
0.140563 0.440589
0.14064 0.730766
0.141169 0.62718
0.141465 0.59514
0.143394 0.0214782
0.143472 0.334759
0.143882 0.217244
0.143907 0.645581
0.144189 0.388893
0.145591 0.95161
0.146587 0.689428
0.147302 0.712148
0.147532 0.570031
0.147642 0.411944
0.147801 0.0858854
0.148272 0.0144749
0.149221 0.961532
0.149655 0.259848
0.151262 0.25219
0.153333 0.0621661
0.153779 0.563671
0.154794 0.630751
0.156094 0.467715
0.156146 0.342405
0.157119 0.707054
0.15719 0.893125
0.157521 0.46251
0.157845 0.903018
0.15794 0.500372
0.157941 0.517183
0.158028 0.97407
0.159232 0.210658
0.159648 0.207816
0.160199 0.459899
0.160646 0.982527
0.162424 0.868473
0.162574 0.373756
0.162745 0.247732
0.162807 0.303126
0.163895 0.575436
0.164971 0.674079
0.165087 0.60972
0.16512 0.174111
0.165738 0.563984
0.165749 0.747763
0.166082 0.336691
0.166883 0.797529
0.167621 0.214377
0.167746 0.300715
0.167931 0.416948
0.168 0.575658
0.168077 0.875751
0.168791 0.866993
0.169398 0.0702933
0.171079 0.330804
0.171443 0.450586
0.171771 0.955725
0.171776 0.0354366
0.172266 0.281291
0.172623 0.276572
0.173432 0.873065
0.174397 0.0956885
0.17464 0.1739
0.17502 0.553792
0.175344 0.00198575
0.17537 0.441335
0.175621 0.667731
0.176143 0.434579
0.176543 0.161484
0.177293 0.755725
0.179029 0.938127
0.179052 0.32212
0.17955 0.694605
0.179596 0.472468
0.179875 0.155454
0.181069 0.218806
0.182165 0.645679
0.182215 0.485746
0.182814 0.555262
0.185197 0.600845
0.185295 0.258588
0.185704 0.130664
0.185759 0.0478598
0.186251 0.316035
0.186617 0.475654
0.187021 0.258048
0.187364 0.0279373
0.189249 0.701465
0.189615 0.861506
0.189744 0.0236348
0.189836 0.572528
0.190316 0.645091
0.190733 0.642241
0.192312 0.19557
0.192493 0.231795
0.192768 0.850738
0.192823 0.776175
0.193053 0.646792
0.194201 0.934339
0.194454 0.187923
0.194982 0.0583224
0.196466 0.0109321
0.19664 0.929808
0.196775 0.195792
0.196833 0.172844
0.196914 0.527988
0.197751 0.594258
0.197957 0.0695499
0.198146 0.247878
0.198181 0.824791
0.19828 0.498757
0.198734 0.123112
0.199379 0.95775
0.199385 0.0613709
0.19985 0.875022
0.200344 0.183003
0.200893 0.407193
0.20495 0.593879
0.205698 0.169939
0.205871 0.078445
0.206366 0.398642
0.206791 0.529099
0.208372 0.107817
0.209253 0.919267
0.209829 0.59637
0.210706 0.343628
0.211162 0.991987
0.211382 0.695182
0.211645 0.125995
0.214052 0.576138
0.214447 0.217948
0.214525 0.525859
0.214624 0.19189
0.215756 0.209897
0.216004 0.380318
0.216946 0.216867
0.216975 0.697289
0.217761 0.910423
0.218189 0.10403
0.218572 0.53873
0.218755 0.614305
0.219978 0.168339
0.220065 0.631283
0.221115 0.278822
0.222299 0.180653
0.222575 0.821588
0.222817 0.87708
0.223287 0.78896
0.224015 0.0170982
0.224421 0.837278
0.224935 0.490253
0.225022 0.939571
0.225068 0.715775
0.225752 0.210731
0.226594 0.368289
0.22716 0.871356
0.22727 0.733954
0.227725 0.379463
0.227822 0.00643247
0.228183 0.0642458
0.228207 0.471123
0.228333 0.584399
0.228392 0.581213
0.229735 0.161618
0.229966 0.0311867
0.230433 0.8853
0.231161 0.114816
0.232871 0.868443
0.233259 0.379051
0.234598 0.892127
0.234965 0.0483407
0.235002 0.685791
0.235069 0.80072
0.235588 0.52169
0.235677 0.0250962
0.236874 0.135445
0.236894 0.474303
0.236949 0.394317
0.237297 0.248456
0.238907 0.305506
0.240896 0.732023
0.241042 0.185614
0.241422 0.578544
0.244393 0.506984
0.244397 0.573814
0.244512 0.520318
0.244558 0.284743
0.245111 0.580787
0.2454 0.434662
0.247143 0.733247
0.247945 0.219489
0.249414 0.900211
0.249731 0.231424
0.249883 0.777968
0.250164 0.511247
0.251174 0.484388
0.251471 0.469934
0.251683 0.0386797
0.251814 0.241482
0.252191 0.574682
0.253142 0.564009
0.25341 0.0655094
0.253833 0.172158
0.254235 0.924139
0.254286 0.785986
0.254376 0.298299
0.254459 0.6999
0.255374 0.0752566
0.256433 0.865087
0.256484 0.723467
0.256548 0.801432
0.256567 0.118933
0.2575 0.803837
0.257558 0.77916
0.25798 0.870875
0.25948 0.0789847
0.26004 0.488261
0.260603 0.9614
0.260793 0.140056
0.261194 0.880211
0.261289 0.485517
0.262295 0.39593
0.262338 0.109569
0.262973 0.791804
0.263092 0.787051
0.264339 0.74343
0.266825 0.521873
0.267772 0.449121
0.26783 0.422972
0.268378 0.624427
0.268794 0.617554
0.269659 0.162493
0.270237 0.874798
0.270394 0.518976
0.270828 0.799949
0.271119 0.69478
0.271914 0.0588767
0.272096 0.121844
0.273392 0.895077
0.274507 0.632532
0.275167 0.732045
0.275287 0.756735
0.275456 0.583995
0.275529 0.809565
0.275844 0.117346
0.276081 0.0960299
0.276133 0.96334
0.278039 0.00464481
0.278464 0.141574
0.278961 0.502038
0.279261 0.546125
0.279386 0.635484
0.279643 0.953292
0.281531 0.698196
0.281598 0.820168
0.28202 0.904387
0.282388 0.10248
0.282401 0.313925
0.282632 0.201235
0.282876 0.293464
0.284148 0.676365
0.28457 0.769176
0.28484 0.313307
0.285032 0.536496
0.285446 0.487321
0.28576 0.768477
0.286419 0.849207
0.286626 0.315662
0.287054 0.52
0.287309 0.797682
0.287566 0.116562
0.287951 0.600873
0.288114 0.335986
0.288141 0.783756
0.288311 0.643503
0.288369 0.614341
0.28879 0.691734
0.289897 0.306809
0.28995 0.192652
0.290893 0.0471385
0.291393 0.450288
0.292393 0.255381
0.292669 0.887527
0.292862 0.127448
0.292989 0.273407
0.294736 0.624397
0.294823 0.097007
0.295121 0.0935725
0.296601 0.976715
0.297097 0.308637
0.298311 0.70907
0.29871 0.426873
0.298825 0.346204
0.299 0.298498
0.299328 0.809515
0.300631 0.698609
0.301967 0.164406
0.303107 0.325393
0.303235 0.465404
0.303965 0.733527
0.306799 0.378687
0.307432 0.0107779
0.309169 0.206148
0.310093 0.724743
0.311491 0.236612
0.311586 0.828175
0.311636 0.661456
0.311793 0.299052
0.312743 0.273916
0.313233 0.505715
0.313554 0.899108
0.313847 0.828132
0.314035 0.978645
0.314425 0.540938
0.314559 0.797586
0.314593 0.363323
0.3169 0.133074
0.317161 0.523589
0.318085 0.060779
0.318144 0.0505329
0.318753 0.284019
0.319611 0.708988
0.319823 0.267059
0.320265 0.701547
0.320737 0.623327
0.320816 0.958115
0.320954 0.272325
0.32134 0.759109
0.321543 0.181275
0.32156 0.461045
0.322646 0.714893
0.3243 0.502816
0.324315 0.765437
0.324343 0.231811
0.324671 0.74242
0.325138 0.59039
0.32655 0.330844
0.327257 0.208134
0.329113 0.409724
0.329276 0.137973
0.329878 0.257938
0.330365 0.437268
0.331516 0.787285
0.332306 0.0700037
0.335765 0.20069
0.336138 0.463813
0.336705 0.00156609
0.336706 0.018698
0.33694 0.945641
0.337107 0.749579
0.337307 0.124098
0.337707 0.83431
0.338116 0.71325
0.338248 0.938678
0.338911 0.0812679
0.339484 0.714644
0.339892 0.564838
0.340314 0.655521
0.340563 0.847825
0.341422 0.273992
0.341591 0.12358
0.342524 0.797607
0.343573 0.426175
0.343657 0.840525
0.343716 0.830248
0.344735 0.968556
0.346487 0.401512
0.348111 0.706751
0.348726 0.0453383
0.348785 0.0297625
0.348859 0.273967
0.349726 0.846064
0.350012 0.646689
0.35019 0.644955
0.350999 0.23633
0.351903 0.433941
0.352623 0.541061
0.354309 0.863392
0.354517 0.37229
0.355956 0.55743
0.356084 0.697731
0.35822 0.609457
0.358271 0.457091
0.358615 0.246343
0.35886 0.3528
0.359844 0.905015
0.360327 0.010997
0.361387 0.827265
0.361393 0.936263
0.362133 0.37457
0.362398 0.814971
0.363129 0.102785
0.363163 0.686296
0.363843 0.114493
0.363896 0.997441
0.364067 0.869554
0.364278 0.42242
0.3645 0.155285
0.364549 0.976342
0.364852 0.0679821
0.364978 0.180131
0.365743 0.0423623
0.365806 0.0938741
0.367838 0.245763
0.369536 0.795708
0.370192 0.812598
0.371221 0.113641
0.371957 0.473239
0.372056 0.1375
0.373516 0.684094
0.373946 0.913718
0.374151 0.353251
0.374186 0.9525
0.37444 0.21341
0.374495 0.139935
0.374513 0.436132
0.374871 0.463321
0.375276 0.259826
0.375569 0.195768
0.375709 0.54796
0.375826 0.505742
0.376018 0.739715
0.376479 0.487774
0.377328 0.756544
0.379001 0.869739
0.379145 0.281732
0.379338 0.527515
0.379378 0.206633
0.379539 0.908139
0.379693 0.500021
0.381616 0.82284
0.382 0.267636
0.382272 0.850273
0.382607 0.480805
0.38278 0.376077
0.382894 0.297231
0.383163 0.826038
0.383448 0.609491
0.38375 0.679312
0.384223 0.631404
0.384567 0.419176
0.38524 0.722136
0.385843 0.856008
0.386553 0.803838
0.38714 0.657096
0.387759 0.0666519
0.387814 0.995055
0.387865 0.851839
0.388187 0.263085
0.388279 0.801882
0.388561 0.541508
0.389478 0.95994
0.38967 0.176116
0.389691 0.541318
0.389728 0.158686
0.390631 0.334861
0.390696 0.42077
0.390865 0.264716
0.390976 0.132533
0.391148 0.0231012
0.391765 0.394011
0.392414 0.307257
0.392475 0.323769
0.392699 0.092338
0.392783 0.497758
0.392945 0.232652
0.39333 0.691754
0.393532 0.0844071
0.394078 0.263971
0.395061 0.794414
0.39539 0.315017
0.397232 0.283952
0.397287 0.211041
0.39736 0.430671
0.397496 0.714538
0.397547 0.56982
0.398041 0.872071
0.399291 0.886319
0.402504 0.884142
0.402811 0.0381898
0.403485 0.368315
0.403755 0.912344
0.405312 0.082369
0.405529 0.733965
0.406832 0.63206
0.408246 0.384825
0.408699 0.00617446
0.410119 0.87311
0.410206 0.340061
0.410298 0.880518
0.410307 0.0266439
0.410352 0.780793
0.410529 0.769347
0.413098 0.9441
0.413586 0.140758
0.414823 0.938348
0.415723 0.0502924
0.416711 0.660493
0.417102 0.239018
0.418169 0.166194
0.418255 0.606731
0.418644 0.141467
0.419341 0.871786
0.419726 0.334614
0.420911 0.244624
0.421914 0.11419
0.422746 0.0845413
0.423431 0.608314
0.424495 0.491028
0.424601 0.26723
0.424634 0.828851
0.425333 0.569289
0.425738 0.385963
0.426573 0.410503
0.426609 0.0194888
0.427247 0.744956
0.427508 0.128975
0.427524 0.399204
0.428031 0.92378
0.428381 0.799152
0.428895 0.440223
0.429439 0.577392
0.429821 0.00241857
0.430967 0.26561
0.431249 0.00163554
0.432023 0.0151345
0.432099 0.282185
0.432698 0.360623
0.433492 0.705169
0.433703 0.239636
0.433923 0.935741
0.435023 0.430163
0.435536 0.0487882
0.436014 0.0808814
0.436557 0.221204
0.436644 0.684023
0.4376 0.745118
0.438329 0.98707
0.438742 0.942075
0.439343 0.040173
0.439507 0.796323
0.440599 0.150677
0.441363 0.989421
0.441605 0.0507119
0.44298 0.167013
0.443269 0.0234235
0.444214 0.91237
0.444614 0.630588
0.445314 0.3848
0.446236 0.890207
0.447756 0.43597
0.448281 0.252218
0.448334 0.153894
0.448607 0.745985
0.448804 0.0572045
0.450352 0.0745604
0.45133 0.509208
0.451608 0.17129
0.452326 0.240671
0.452489 0.986857
0.452739 0.19256
0.453946 0.473563
0.454079 0.713361
0.455212 0.744594
0.455559 0.573658
0.455643 0.989034
0.455984 0.72588
0.456257 0.319583
0.456332 0.568828
0.45637 0.214652
0.457349 0.657588
0.457575 0.46694
0.457764 0.644008
0.458021 0.960415
0.458902 0.7595
0.459035 0.00817211
0.45918 0.440459
0.459264 0.851115
0.459664 0.568856
0.46005 0.0594202
0.460428 0.407881
0.460786 0.422744
0.461681 0.478909
0.462306 0.974978
0.462423 0.944187
0.462726 0.0380496
0.462994 0.547854
0.463026 0.0722912
0.463226 0.437982
0.463408 0.505261
0.463951 0.619335
0.464053 0.33788
0.465337 0.915697
0.465733 0.57362
0.467459 0.580876
0.467635 0.544159
0.467861 0.335698
0.467987 0.452958
0.469006 0.586265
0.469276 0.118148
0.471206 0.567418
0.472044 0.636631
0.472995 0.633714
0.473191 0.915898
0.473219 0.394981
0.474232 0.425098
0.474342 0.263974
0.47503 0.822958
0.475157 0.959659
0.476145 0.56201
0.476192 0.352176
0.477203 0.357788
0.477621 0.381876
0.47763 0.533622
0.478335 0.376585
0.478773 0.744118
0.47882 0.520212
0.478999 0.533889
0.479743 0.0465235
0.480004 0.420446
0.480066 0.46612
0.480645 0.198312
0.481008 0.30954
0.481969 0.458329
0.482425 0.114874
0.48272 0.0741315
0.48303 0.279966
0.483757 0.50085
0.483876 0.505934
0.483933 0.456932
0.484504 0.0528042
0.484755 0.269057
0.485184 0.479702
0.48565 0.314555
0.485992 0.074278
0.486438 0.571517
0.486593 0.162703
0.486632 0.82911
0.488525 0.647144
0.488696 0.516745
0.489134 0.877328
0.491549 0.468862
0.491721 0.347519
0.491853 0.572751
0.492709 0.956381
0.493268 0.361501
0.495709 0.380833
0.495949 0.41229
0.496232 0.164383
0.496587 0.145568
0.497016 0.348747
0.497167 0.885015
0.499253 0.950147
0.499875 0.402764
0.500023 0.88629
0.500303 0.594462
0.500634 0.155402
0.500999 0.2864
0.501712 0.276836
0.502824 0.960203
0.503458 0.618074
0.50432 0.103705
0.506234 0.277761
0.507337 0.806995
0.508479 0.0107452
0.508528 0.831074
0.509118 0.749541
0.509691 0.376883
0.510049 0.394915
0.510365 0.712276
0.511308 0.555907
0.511377 0.718929
0.51196 0.507221
0.511987 0.969462
0.512159 0.855122
0.513326 0.467182
0.513736 0.366306
0.513743 0.485048
0.51459 0.721347
0.514744 0.303242
0.514753 0.451802
0.514765 0.660391
0.515422 0.698624
0.515752 0.245195
0.515776 0.638877
0.516508 0.947565
0.516616 0.770005
0.51685 0.704086
0.518823 0.857236
0.519061 0.853044
0.519289 0.682298
0.520534 0.612303
0.521133 0.684942
0.52146 0.185103
0.522135 0.525128
0.522206 0.708718
0.52269 0.858332
0.522713 0.242262
0.523173 0.960816
0.523915 0.437214
0.524533 0.819441
0.524875 0.575109
0.525848 0.926234
0.526205 0.929928
0.526223 0.228645
0.526917 0.901385
0.52723 0.152652
0.527231 0.179152
0.529363 0.0112444
0.529774 0.9185
0.530441 0.119209
0.530805 0.2431
0.530915 0.0916573
0.531551 0.780944
0.531918 0.950948
0.532353 0.261419
0.532679 0.742624
0.532822 0.1388
0.533101 0.824776
0.533276 0.776812
0.53356 0.542656
0.534048 0.748221
0.534853 0.276632
0.535016 0.0142808
0.536282 0.286986
0.536869 0.155201
0.538174 0.0981094
0.53857 0.749005
0.538955 0.209681
0.539174 0.890469
0.539223 0.716761
0.539808 0.551385
0.5406 0.856557
0.540664 0.945056
0.541686 0.122567
0.541896 0.647212
0.542355 0.367299
0.542578 0.101995
0.542798 0.805316
0.543254 0.471299
0.544849 0.275205
0.545262 0.222626
0.545337 0.47994
0.545399 0.513342
0.545535 0.803134
0.545746 0.349239
0.546287 0.439316
0.547066 0.54526
0.547228 0.268461
0.547343 0.202075
0.547484 0.571054
0.547491 0.683543
0.547548 0.645654
0.547661 0.541999
0.548948 0.164074
0.549456 0.709812
0.549828 0.95858
0.550686 0.378024
0.550724 0.0237542
0.551779 0.751154
0.552445 0.946102
0.552887 0.378578
0.553013 0.493795
0.553021 0.631226
0.553436 0.597626
0.554275 0.701917
0.554524 0.87961
0.556857 0.103572
0.55688 0.481547
0.557493 0.786011
0.559175 0.0595054
0.559268 0.622956
0.560622 0.366369
0.560892 0.907487
0.561266 0.189987
0.561818 0.475372
0.563069 0.496765
0.563366 0.485293
0.563408 0.206375
0.563578 0.0555414
0.56366 0.426596
0.563728 0.570052
0.564418 0.172864
0.565237 0.931691
0.565807 0.520989
0.566308 0.946851
0.567821 0.361106
0.56915 0.697541
0.56968 0.618522
0.569901 0.331406
0.56998 0.650431
0.571701 0.585324
0.57206 0.613781
0.572445 0.0846309
0.57292 0.0609221
0.573624 0.890683
0.574012 0.414478
0.574252 0.446091
0.574987 0.800485
0.575522 0.802226
0.575807 0.590109
0.576649 0.732186
0.57724 0.670799
0.577456 0.298571
0.577469 0.517545
0.577596 0.660929
0.577785 0.824293
0.579228 0.0783836
0.579335 0.890493
0.579422 0.34018
0.579671 0.525557
0.582031 0.201869
0.582481 0.751928
0.583152 0.0397359
0.58324 0.519921
0.583359 0.511059
0.584077 0.581872
0.584726 0.484936
0.584866 0.837801
0.585046 0.87037
0.585683 0.573173
0.586076 0.179114
0.586249 0.0866177
0.58706 0.71217
0.588324 0.957421
0.58884 0.627324
0.589565 0.810649
0.58977 0.262422
0.591909 0.20885
0.592279 0.431048
0.592474 0.708129
0.593584 0.372071
0.594 0.353662
0.59422 0.0490541
0.59432 0.730362
0.595419 0.214313
0.596045 0.732961
0.596064 0.0503985
0.59738 0.163633
0.598643 0.390288
0.59877 0.530823
0.599701 0.177919
0.599835 0.421637
0.60031 0.412439
0.60102 0.33754
0.602301 0.874346
0.603982 0.119854
0.604171 0.301711
0.604219 0.108344
0.604611 0.70379
0.604642 0.22123
0.605081 0.592786
0.606817 0.767228
0.6072 0.204871
0.607723 0.00163961
0.60867 0.911388
0.608716 0.69714
0.609161 0.177419
0.609653 0.431578
0.61007 0.440319
0.610154 0.865829
0.610449 0.81528
0.610909 0.545033
0.611004 0.137785
0.611185 0.195023
0.611372 0.324358
0.611666 0.274458
0.611952 0.0740102
0.613192 0.916359
0.613976 0.0975305
0.614106 0.281494
0.616322 0.51619
0.616722 0.248166
0.617352 0.829598
0.617481 0.00804413
0.617752 0.556519
0.618368 0.91201
0.618488 0.929437
0.618513 0.340048
0.619213 0.120166
0.620582 0.125003
0.621525 0.97355
0.621546 0.328937
0.622121 0.980283
0.623868 0.357616
0.625182 0.430795
0.626028 0.645462
0.626124 0.260441
0.626472 0.114792
0.626532 0.117718
0.626737 0.560452
0.627087 0.446914
0.628737 0.186408
0.629629 0.17925
0.629837 0.675665
0.631146 0.672701
0.631861 0.692846
0.633415 0.806005
0.633986 0.401102
0.634107 0.43138
0.634133 0.873577
0.637465 0.86887
0.639288 0.511133
0.640572 0.0983098
0.640776 0.518621
0.642081 0.452905
0.642434 0.381896
0.643224 0.673498
0.644174 0.633656
0.644181 0.753853
0.644289 0.573085
0.644454 0.342242
0.644914 0.0679566
0.645062 0.551835
0.645127 0.649593
0.645453 0.129116
0.64678 0.42717
0.648847 0.173267
0.649454 0.3771
0.651715 0.367908
0.651884 0.213193
0.651996 0.101711
0.652389 0.69538
0.652395 0.811461
0.652949 0.108069
0.653327 0.468011
0.653378 0.31988
0.654491 0.0388256
0.65539 0.139007
0.656372 0.650736
0.65669 0.988234
0.659497 0.172334
0.660653 0.589564
0.661868 0.019722
0.662328 0.745358
0.662425 0.379066
0.662736 0.612183
0.66279 0.508764
0.663377 0.370303
0.663897 0.110526
0.664499 0.241205
0.664666 0.0340057
0.665409 0.522919
0.666589 0.362874
0.666737 0.847003
0.668393 0.688044
0.669941 0.690467
0.670734 0.028189
0.671186 0.62584
0.672074 0.544231
0.67221 0.834226
0.672625 0.801386
0.672775 0.327323
0.672831 0.269704
0.672844 0.481736
0.672882 0.134525
0.673264 0.546748
0.673364 0.233464
0.673405 0.918545
0.673566 0.619088
0.674404 0.702194
0.674468 0.786608
0.674573 0.547063
0.67489 0.882284
0.675394 0.349585
0.675452 0.315962
0.675954 0.765999
0.678138 0.466271
0.678505 0.627173
0.678642 0.937979
0.680009 0.91724
0.680391 0.337265
0.681017 0.858841
0.681021 0.919644
0.681994 0.267238
0.68576 0.573753
0.686183 0.678852
0.686463 0.382117
0.687332 0.993651
0.687576 0.0926568
0.687855 0.774688
0.687995 0.134793
0.688167 0.0280369
0.688605 0.380801
0.689105 0.794532
0.689739 0.440069
0.690031 0.35434
0.690336 0.477857
0.691149 0.148669
0.691282 0.383215
0.692292 0.348357
0.69356 0.659553
0.693575 0.920805
0.694041 0.748066
0.694256 0.358926
0.695524 0.665645
0.69578 0.975118
0.695914 0.224338
0.697875 0.181719
0.700009 0.0504079
0.70103 0.208181
0.701932 0.37217
0.702081 0.869369
0.702146 0.963942
0.702311 0.74584
0.702569 0.071138
0.703035 0.916212
0.70344 0.721796
0.704011 0.311243
0.704539 0.181994
0.70508 0.277926
0.706055 0.664981
0.707593 0.507519
0.708588 0.231923
0.709031 0.687322
0.709034 0.740103
0.709485 0.312366
0.709585 0.996835
0.711336 0.418231
0.713505 0.884588
0.71437 0.421216
0.714681 0.643126
0.714759 0.948878
0.715031 0.519916
0.716336 0.455468
0.716701 0.600506
0.717108 0.433944
0.718071 0.615573
0.7183 0.472697
0.719007 0.357242
0.719195 0.50655
0.719198 0.553101
0.719224 0.992536
0.71932 0.613502
0.719446 0.733736
0.719647 0.105892
0.719793 0.55805
0.719821 0.0339006
0.719953 0.255251
0.720913 0.38125
0.721526 0.690066
0.721565 0.337392
0.72211 0.498862
0.723211 0.0146273
0.724449 0.810629
0.72661 0.132808
0.728054 0.407185
0.729035 0.893197
0.731516 0.584626
0.731865 0.448478
0.731882 0.73742
0.732476 0.71871
0.733965 0.751164
0.734922 0.840285
0.735022 0.518791
0.73561 0.394033
0.735729 0.405418
0.735938 0.905049
0.736006 0.0494759
0.736123 0.0209305
0.736524 0.751436
0.736821 0.749238
0.737142 0.147695
0.738585 0.395086
0.739305 0.491804
0.739425 0.523428
0.740603 0.322327
0.740756 0.887951
0.740792 0.498056
0.741681 0.440145
0.742009 0.952773
0.743176 0.563267
0.743322 0.00701979
0.745088 0.69002
0.746006 0.120435
0.747078 0.136377
0.747183 0.906232
0.747433 0.102097
0.747615 0.169298
0.747634 0.484357
0.747992 0.506701
0.748605 0.797249
0.749324 0.884271
0.749765 0.306784
0.749905 0.656675
0.750415 0.225805
0.750867 0.81455
0.751157 0.689721
0.751303 0.150011
0.752099 0.523836
0.753011 0.854096
0.753445 0.14252
0.753488 0.880868
0.753913 0.0110266
0.754225 0.263162
0.754327 0.974586
0.754692 0.11449
0.754845 0.679606
0.755781 0.404409
0.755836 0.328633
0.756805 0.616114
0.756989 0.710159
0.757171 0.779082
0.757339 0.597569
0.757455 0.543236
0.757689 0.485065
0.758757 0.425803
0.758798 0.124174
0.759336 0.154794
0.760147 0.787085
0.760625 0.828053
0.762062 0.970657
0.762071 0.133485
0.762659 0.0135404
0.764132 0.773966
0.764309 0.737953
0.764838 0.627925
0.766514 0.796296
0.76655 0.401924
0.766629 0.730396
0.766663 0.31202
0.768158 0.432247
0.768313 0.0280424
0.768938 0.549344
0.769702 0.385818
0.770763 0.214005
0.770917 0.803141
0.771196 0.498273
0.771592 0.147525
0.771623 0.668769
0.773176 0.774141
0.773449 0.350062
0.77415 0.141849
0.774325 0.0850885
0.775016 0.69892
0.775765 0.284621
0.776207 0.717974
0.776362 0.32212
0.776644 0.0570186
0.777093 0.598571
0.777618 0.424156
0.77859 0.764621
0.778832 0.82466
0.779192 0.872267
0.779757 0.376219
0.779778 0.735105
0.780496 0.789631
0.780506 0.963971
0.780578 0.173591
0.781991 0.916166
0.782206 0.536644
0.782905 0.286819
0.782962 0.235586
0.784004 0.754444
0.784057 0.643253
0.784349 0.546169
0.78514 0.845126
0.785147 0.964839
0.785241 0.550351
0.786723 0.456762
0.788712 0.88198
0.788733 0.233752
0.789299 0.745592
0.789373 0.997733
0.791024 0.741969
0.791503 0.796485
0.791644 0.160362
0.792224 0.907447
0.794063 0.822975
0.795549 0.797295
0.796071 0.564958
0.797173 0.0785629
0.797912 0.509412
0.797927 0.760396
0.79843 0.211192
0.798747 0.537342
0.799196 0.0809129
0.799369 0.994068
0.799665 0.967209
0.799896 0.856429
0.800382 0.0155676
0.801554 0.720104
0.803093 0.578748
0.803645 0.870018
0.803797 0.415005
0.803874 0.71628
0.804179 0.839546
0.804679 0.23393
0.805182 0.688256
0.805835 0.674162
0.805863 0.135166
0.805871 0.272112
0.805916 0.0272156
0.806583 0.242191
0.806885 0.319259
0.807568 0.79425
0.808238 0.0536407
0.808261 0.443339
0.809647 0.733769
0.810103 0.402507
0.810277 0.331048
0.810499 0.0625126
0.812759 0.0459488
0.812986 0.860803
0.814622 0.344124
0.814823 0.727988
0.815108 0.518007
0.816538 0.553539
0.81699 0.158015
0.817675 0.671199
0.818174 0.058836
0.819282 0.664988
0.820015 0.989258
0.820249 0.925076
0.821134 0.793573
0.82198 0.0240181
0.822755 0.0387145
0.823377 0.498305
0.823886 0.0589206
0.825296 0.757707
0.825571 0.373582
0.825574 0.415328
0.82576 0.545711
0.827056 0.333478
0.827603 0.528773
0.827644 0.206959
0.829033 0.554208
0.8291 0.67651
0.830386 0.294577
0.83103 0.123259
0.83105 0.459042
0.831714 0.60927
0.832193 0.659833
0.83281 0.0386478
0.833122 0.290142
0.833232 0.12685
0.833423 0.334276
0.833436 0.553054
0.833778 0.30974
0.835056 0.78896
0.8354 0.571786
0.835695 0.520039
0.836675 0.997474
0.836963 0.829584
0.837264 0.90302
0.837286 0.269521
0.83742 0.523859
0.838774 0.277854
0.839462 0.842215
0.839738 0.480974
0.839788 0.311986
0.840301 0.932481
0.840327 0.381464
0.840815 0.585863
0.841555 0.021674
0.841941 0.499951
0.842368 0.672106
0.842965 0.720828
0.843283 0.0602979
0.843434 0.600683
0.844343 0.878233
0.845351 0.815912
0.846533 0.672311
0.848689 0.911281
0.849875 0.852306
0.851033 0.304591
0.853119 0.363931
0.853322 0.780869
0.853928 0.967624
0.854472 0.10988
0.854582 0.961889
0.855593 0.958509
0.855634 0.644404
0.855974 0.349514
0.856462 0.553482
0.856693 0.432692
0.856868 0.386818
0.857295 0.55535
0.858044 0.139142
0.858238 0.412881
0.858531 0.323043
0.85953 0.124873
0.859621 0.651829
0.859941 0.0274957
0.860052 0.899477
0.860211 0.563753
0.860221 0.741764
0.860381 0.41605
0.860456 0.682638
0.860527 0.871871
0.861375 0.135664
0.861387 0.326783
0.861683 0.305591
0.861832 0.809309
0.862478 0.675252
0.862752 0.2675
0.863409 0.322066
0.86355 0.681208
0.863813 0.106574
0.865843 0.219956
0.866177 0.842608
0.866971 0.179328
0.867072 0.876507
0.870164 0.854157
0.870524 0.897484
0.870916 0.492397
0.870987 0.670853
0.871461 0.649648
0.872792 0.0179518
0.873277 0.161868
0.873774 0.51597
0.874069 0.473364
0.874178 0.306652
0.874272 0.896563
0.87563 0.720205
0.875733 0.439752
0.876304 0.0411417
0.876378 0.28969
0.876949 0.881853
0.87707 0.920105
0.877215 0.356392
0.877413 0.678177
0.878956 0.608026
0.879574 0.993626
0.880975 0.548876
0.881066 0.0831733
0.881185 0.0709928
0.881983 0.48132
0.882753 0.425235
0.883019 0.896893
0.88415 0.91465
0.884805 0.918071
0.885377 0.5267
0.885444 0.662917
0.886624 0.483408
0.886702 0.807442
0.887044 0.548186
0.887052 0.679004
0.888363 0.716995
0.888723 0.766465
0.888873 0.295651
0.889036 0.033518
0.889351 0.330381
0.889782 0.56982
0.890241 0.280296
0.890729 0.481329
0.891692 0.663788
0.891816 0.751558
0.892811 0.471946
0.893377 0.984209
0.893926 0.213307
0.894244 0.567608
0.894529 0.340848
0.894621 0.900627
0.89466 0.543454
0.895262 0.661533
0.895474 0.233378
0.896572 0.686806
0.898035 0.273291
0.898283 0.445207
0.898347 0.509875
0.8985 0.082935
0.899178 0.480547
0.900002 0.342096
0.900258 0.642114
0.900384 0.746296
0.900471 0.208278
0.901005 0.192723
0.901026 0.545418
0.901291 0.991508
0.902746 0.447605
0.905194 0.603569
0.905604 0.482455
0.905738 0.746303
0.906187 0.288457
0.906463 0.926458
0.906567 0.675244
0.906758 0.88865
0.907497 0.30009
0.909309 0.750575
0.910162 0.0915591
0.910512 0.976997
0.910551 0.631727
0.910858 0.791551
0.911437 0.524165
0.911549 0.406587
0.911786 0.381279
0.912604 0.134573
0.913061 0.816538
0.917642 0.807546
0.917778 0.0917579
0.917948 0.955606
0.919592 0.583504
0.920555 0.765954
0.922699 0.806886
0.922747 0.601333
0.922911 0.360637
0.92303 0.359335
0.923441 0.269455
0.924317 0.995896
0.924816 0.382133
0.925071 0.672572
0.925327 0.964952
0.92596 0.610395
0.927827 0.987992
0.927877 0.828489
0.927993 0.780135
0.928126 0.0199481
0.928141 0.257956
0.928395 0.528015
0.929516 0.379438
0.930096 0.120145
0.930192 0.740109
0.931286 0.115978
0.93155 0.561458
0.931757 0.0363812
0.931878 0.074313
0.932529 0.00780563
0.932744 0.625701
0.933036 0.537773
0.933049 0.75998
0.934096 0.345111
0.934982 0.238387
0.935219 0.223926
0.936771 0.307806
0.936943 0.20919
0.937223 0.899345
0.937351 0.0660208
0.937878 0.916071
0.9392 0.133795
0.939235 0.715655
0.943231 0.875842
0.943408 0.866376
0.943869 0.599721
0.94387 0.626073
0.946 0.425748
0.947108 0.048054
0.947813 0.900519
0.949146 0.290407
0.949641 0.612671
0.949757 0.573991
0.950682 0.108034
0.951174 0.3855
0.952028 0.739718
0.954229 0.727515
0.954319 0.231336
0.955376 0.998016
0.955388 0.198356
0.957307 0.456427
0.957675 0.641607
0.958186 0.238326
0.959338 0.598188
0.959578 0.619807
0.959635 0.59149
0.959731 0.199684
0.959898 0.00615724
0.960367 0.890606
0.96074 0.150175
0.961316 0.841334
0.96147 0.424591
0.961748 0.0933725
0.962424 0.466324
0.962483 0.446631
0.963749 0.734512
0.963775 0.170042
0.963971 0.46582
0.964161 0.661389
0.964918 0.371342
0.965274 0.364024
0.965288 0.587898
0.96533 0.307978
0.965962 0.922953
0.966099 0.23095
0.966242 0.633645
0.966643 0.375115
0.967069 0.522657
0.96729 0.235267
0.967455 0.0151855
0.96873 0.444552
0.968986 0.755668
0.969842 0.142405
0.970037 0.419666
0.97011 0.647216
0.970175 0.725494
0.970784 0.975181
0.970834 0.812986
0.970887 0.699025
0.971515 0.24685
0.972705 0.25674
0.972875 0.10805
0.973206 0.681004
0.973348 0.0561745
0.975242 0.900583
0.975664 0.984934
0.976504 0.108768
0.976533 0.595373
0.976748 0.195432
0.976965 0.844038
0.977393 0.0512715
0.978036 0.846707
0.978448 0.777121
0.978571 0.845388
0.979887 0.96763
0.980805 0.387206
0.981632 0.292488
0.981688 0.232866
0.981713 0.649487
0.981737 0.061052
0.981744 0.16825
0.981769 0.588635
0.982251 0.693615
0.982265 0.935896
0.982483 0.599709
0.983739 0.704125
0.983918 0.704089
0.98407 0.272438
0.9841 0.774045
0.984215 0.699481
0.984656 0.114347
0.985056 0.832847
0.985083 0.286557
0.985228 0.726624
0.9853 0.941527
0.985954 0.923316
0.986753 0.358773
0.986897 0.782577
0.987148 0.990299
0.987594 0.491725
0.98811 0.171818
0.988777 0.380595
0.988787 0.542077
0.990493 0.219741
0.992236 0.516369
0.992365 0.685799
0.99385 0.642651
0.994942 0.99605
0.995469 0.853066
0.995833 0.972661
0.996736 0.145432
0.997636 0.273201
0.9978 0.0171808
0.998431 0.631256
0.998675 0.72321
