4.91571e-05 0.826191
0.000152528 0.563543
0.000706617 0.876124
0.00111531 0.745094
0.00141983 0.863171
0.00159954 0.883484
0.00333474 0.0469547
0.00349355 0.716075
0.00370037 0.192048
0.00388503 0.295727
0.00448408 0.363952
0.00505696 0.992312
0.00610223 0.560124
0.00791709 0.0626231
0.00812236 0.512534
0.00818324 0.535698
0.00962241 0.723836
0.0100093 0.227095
0.0120843 0.10131
0.0122012 0.0651577
0.0140232 0.687659
0.0148354 0.338443
0.0152272 0.923691
0.0162055 0.365406
0.0163508 0.808212
0.0166178 0.296165
0.0168996 0.0317757
0.0189885 0.140031
0.0192427 0.41218
0.019792 0.64411
0.0199264 0.902456
0.0200593 0.135828
0.0212045 0.384008
0.0226438 0.575128
0.0226514 0.701962
0.0232486 0.739633
0.0237527 0.211544
0.0242844 0.148248
0.024292 0.275943
0.024403 0.141593
0.0245413 0.465289
0.0256858 0.700494
0.0259181 0.60582
0.0259767 0.589689
0.0263257 0.455764
0.0263274 0.485019
0.0264411 0.394841
0.0265684 0.534774
0.0274749 0.770602
0.0278632 0.296174
0.0306573 0.257347
0.031062 0.0587128
0.0310713 0.215804
0.031695 0.697347
0.0350116 0.440568
0.0357024 0.0507443
0.0363979 0.738988
0.0368639 0.571611
0.0381853 0.78028
0.0382825 0.413393
0.0387243 0.839185
0.0388107 0.290969
0.0396985 0.212333
0.0406734 0.597792
0.0407034 0.102381
0.0407237 0.443987
0.0412449 0.203423
0.0422525 0.137002
0.0422652 0.351374
0.0428546 0.257523
0.0429975 0.658966
0.0442533 0.765893
0.0445309 0.431184
0.0458497 0.596026
0.0465754 0.792506
0.0476802 0.361389
0.048374 0.0223428
0.0488065 0.291224
0.0496868 0.0865996
0.0511195 0.16563
0.0536293 0.347412
0.0536881 0.335186
0.0553011 0.445808
0.0555327 0.338581
0.0556812 0.833244
0.0558885 0.318209
0.0560161 0.462924
0.0563548 0.155543
0.0572525 0.242795
0.0588289 0.736839
0.05915 0.134819
0.0594007 0.347206
0.0594855 0.77299
0.0602052 0.869309
0.0609907 0.0702107
0.061401 0.966549
0.0625982 0.0881287
0.0628059 0.578658
0.0642019 0.0420897
0.0644673 0.50197
0.065827 0.354483
0.0662966 0.24639
0.0668064 0.814386
0.0681191 0.877484
0.0683901 0.431923
0.0690518 0.552951
0.0692649 0.135174
0.0719212 0.779993
0.0720869 0.563754
0.0723249 0.564406
0.0735481 0.12348
0.0739028 0.0837533
0.0749151 0.0972392
0.0758708 0.160322
0.077503 0.593241
0.0779602 0.277311
0.0780356 0.544541
0.0783849 0.414498
0.0786599 0.0371669
0.0788558 0.330033
0.0790945 0.341087
0.0794142 0.714523
0.0794828 0.867754
0.0795462 0.933142
0.0797229 0.90224
0.079758 0.493436
0.0803664 0.717234
0.0807962 0.941638
0.0818286 0.29359
0.0824762 0.177918
0.0826363 0.868913
0.0837881 0.226193
0.0848095 0.39378
0.0859387 0.371959
0.0865135 0.0324924
0.0865963 0.423152
0.0877133 0.19815
0.0877727 0.195464
0.087936 0.939585
0.0887098 0.946393
0.0891712 0.699609
0.0892768 0.474935
0.0900138 0.861338
0.090042 0.335514
0.091907 0.680679
0.0959722 0.00435791
0.0960328 0.0230068
0.09631 0.681434
0.096394 0.0934597
0.0964852 0.627311
0.0976754 0.630407
0.0992765 0.539531
0.100278 0.378755
0.100424 0.832423
0.100962 0.876427
0.101969 0.800136
0.103092 0.668816
0.103265 0.579709
0.103594 0.100727
0.103766 0.989996
0.10381 0.73631
0.103972 0.465671
0.104534 0.89607
0.104817 0.656146
0.105814 0.421223
0.106303 0.639732
0.106831 0.513426
0.106846 0.767032
0.107567 0.882878
0.107665 0.525719
0.107753 0.999424
0.109033 0.519607
0.109276 0.598218
0.109714 0.963786
0.111359 0.602578
0.111799 0.00407706
0.111973 0.93211
0.113217 0.834276
0.113365 0.328594
0.113831 0.157139
0.11436 0.0407181
0.115015 0.0564268
0.115061 0.837342
0.115301 0.865543
0.116108 0.423507
0.116569 0.176105
0.117377 0.756585
0.117536 0.424993
0.117598 0.476137
0.117645 0.254947
0.118406 0.0486738
0.119312 0.27043
0.119372 0.293117
0.119943 0.883801
0.120776 0.874766
0.123696 0.958029
0.12377 0.2003
0.124475 0.0465982
0.125127 0.0062622
0.125383 0.308128
0.126668 0.904563
0.126706 0.549433
0.126729 0.941017
0.127097 0.122166
0.127225 0.27243
0.12748 0.554487
0.128101 0.998808
0.128406 0.120165
0.129009 0.249224
0.129241 0.146341
0.12978 0.215389
0.129896 0.15546
0.130819 0.669155
0.132459 0.231906
0.133013 0.556728
0.134229 0.983121
0.134383 0.582626
0.134395 0.779365
0.134989 0.751858
0.135409 0.81255
0.135698 0.677061
0.136246 0.88646
0.136503 0.209128
0.136829 0.678594
0.137172 0.446604
0.137174 0.476188
0.138146 0.825325
0.138337 0.0334709
0.13834 0.0830275
0.139525 0.000127621
0.141954 0.825898
0.143499 0.787952
0.143812 0.0559128
0.144382 0.627899
0.144926 0.77237
0.146514 0.463419
0.146703 0.632488
0.14893 0.0686345
0.150224 0.817551
0.150915 0.427179
0.15107 0.039645
0.151404 0.646659
0.15249 0.906667
0.15344 0.861527
0.156066 0.00249189
0.156137 0.195324
0.156365 0.034683
0.156856 0.273682
0.158854 0.865836
0.158916 0.895035
0.159076 0.593544
0.159953 0.327646
0.16012 0.145147
0.161127 0.0647402
0.161428 0.116818
0.163369 0.740412
0.163928 0.137917
0.163947 0.465482
0.164652 0.312234
0.165893 0.156954
0.165947 0.0636158
0.166741 0.409133
0.167228 0.60151
0.167616 0.127019
0.168087 0.0435484
0.168299 0.600563
0.1689 0.709923
0.169385 0.85888
0.169659 0.456731
0.169996 0.127921
0.170683 0.667065
0.171185 0.110364
0.171368 0.175851
0.172051 0.660336
0.173495 0.934062
0.175625 0.726131
0.17567 0.481039
0.175933 0.898289
0.176298 0.0443131
0.177257 0.159355
0.177527 0.692161
0.178036 0.255336
0.178616 0.0015218
0.179461 0.195542
0.179467 0.305808
0.179925 0.00714338
0.180168 0.0867088
0.181064 0.144221
0.181105 0.83388
0.181361 0.138595
0.181374 0.359314
0.181875 0.779525
0.182332 0.449703
0.182448 0.411077
0.183167 0.490084
0.18419 0.679343
0.186171 0.981005
0.18666 0.198638
0.187102 0.622513
0.18721 0.43168
0.188366 0.862121
0.188548 0.929447
0.188767 0.613515
0.189396 0.180914
0.189455 0.168046
0.189959 0.634917
0.189978 0.96753
0.190515 0.993635
0.190612 0.612566
0.192211 0.482746
0.192742 0.406897
0.19308 0.102983
0.193545 0.904175
0.193893 0.752147
0.194152 0.114894
0.194872 0.207777
0.195503 0.811835
0.197371 0.212754
0.197795 0.337364
0.199472 0.524198
0.200078 0.713559
0.202627 0.549336
0.203131 0.0202306
0.203897 0.905142
0.204461 0.373578
0.20521 0.964609
0.205617 0.812111
0.206071 0.443408
0.207202 0.43803
0.207403 0.817871
0.207906 0.279945
0.208472 0.7859
0.20883 0.811711
0.209169 0.501865
0.209625 0.174673
0.210461 0.212198
0.210647 0.337259
0.21083 0.413124
0.21181 0.883491
0.212401 0.81704
0.213668 0.123281
0.214336 0.348322
0.214523 0.487189
0.214675 0.0454179
0.215229 0.348748
0.215912 0.835299
0.217022 0.489755
0.217533 0.0766913
0.217997 0.88135
0.218221 0.643893
0.219991 0.384918
0.22038 0.918989
0.221753 0.00809332
0.223378 0.317418
0.224011 0.958541
0.224821 0.570758
0.224836 0.823698
0.225561 0.997701
0.226154 0.975735
0.227152 0.746134
0.227303 0.279201
0.22735 0.0787039
0.227499 0.579534
0.229833 0.80183
0.230195 0.895214
0.230885 0.48393
0.232114 0.148276
0.232775 0.251922
0.233309 0.217091
0.233863 0.531863
0.233956 0.0988433
0.234161 0.541334
0.235341 0.372438
0.235698 0.379764
0.235699 0.385853
0.236178 0.440212
0.23811 0.917304
0.238612 0.350773
0.239689 0.44951
0.241085 0.918068
0.241102 0.205421
0.242648 0.178753
0.243351 0.99416
0.24366 0.18633
0.244132 0.12788
0.244419 0.953627
0.245111 0.580865
0.246887 0.424893
0.247257 0.645377
0.247284 0.0943447
0.247447 0.839287
0.247641 0.0952133
0.247998 0.103126
0.248711 0.0839117
0.248834 0.14958
0.249041 0.637253
0.249581 0.699625
0.249645 0.790934
0.25024 0.791508
0.250312 0.000439169
0.250575 0.421532
0.250793 0.0835368
0.25166 0.650351
0.252371 0.606703
0.252741 0.822953
0.2529 0.486056
0.253884 0.0317672
0.254021 0.32361
0.255417 0.788943
0.255713 0.773159
0.256406 0.408184
0.256689 0.17528
0.257174 0.32696
0.257414 0.349166
0.257446 0.902897
0.257921 0.878296
0.258098 0.851143
0.258364 0.327967
0.25864 0.97096
0.258785 0.39222
0.260809 0.408947
0.26182 0.415952
0.262954 0.474907
0.263203 0.653742
0.263927 0.816726
0.264173 0.963841
0.264612 0.331037
0.265302 0.929732
0.265758 0.600012
0.265821 0.646483
0.266149 0.173145
0.266436 0.984679
0.266629 0.240229
0.267467 0.31111
0.26781 0.0794103
0.268671 0.553748
0.268833 0.269545
0.269081 0.450572
0.26918 0.107203
0.269887 0.986708
0.270407 0.734084
0.271361 0.760234
0.2718 0.142512
0.271925 0.250678
0.272012 0.698454
0.272309 0.69394
0.27259 0.417099
0.273112 0.189793
0.274029 0.61091
0.27538 0.306395
0.276132 0.956563
0.276365 0.863721
0.276698 0.464482
0.276765 0.596034
0.277336 0.182562
0.27763 0.128882
0.278088 0.818
0.278444 0.808671
0.27846 0.0760512
0.278874 0.0333256
0.279192 0.385592
0.279802 0.63524
0.279898 0.241156
0.280081 0.321701
0.281917 0.187281
0.282311 0.801244
0.283039 0.0300478
0.28313 0.560933
0.283237 0.370984
0.283769 0.312431
0.285195 0.280428
0.285355 0.962502
0.285643 0.808253
0.286326 0.282
0.287112 0.487683
0.290713 0.0105855
0.290883 0.877705
0.291066 0.938497
0.291121 0.877097
0.292409 0.524334
0.292562 0.0903579
0.293566 0.956724
0.29457 0.83245
0.294648 0.147491
0.294763 0.0747189
0.298546 0.664955
0.298623 0.956228
0.29879 0.754984
0.303861 0.993498
0.304314 0.600651
0.304767 0.223229
0.304996 0.0754074
0.305422 0.221172
0.307491 0.00228495
0.307951 0.729205
0.308584 0.365906
0.308661 0.665357
0.308804 0.0663147
0.309375 0.665584
0.309524 0.170257
0.3097 0.122347
0.309729 0.61317
0.310024 0.580489
0.310326 0.65063
0.31034 0.880858
0.31035 0.0489606
0.310524 0.98471
0.31135 0.859595
0.311731 0.268296
0.312196 0.0758659
0.312395 0.427485
0.313599 0.664731
0.313943 0.437954
0.314005 0.483635
0.314022 0.772185
0.314739 0.811481
0.314971 0.724642
0.31501 0.377831
0.315037 0.818738
0.315653 0.171803
0.317072 0.030936
0.317506 0.317755
0.317876 0.541159
0.318307 0.786561
0.318754 0.30634
0.319837 0.494768
0.320154 0.830442
0.320566 0.746683
0.321163 0.786318
0.322025 0.279094
0.322152 0.403015
0.322474 0.821374
0.323058 0.632871
0.323417 0.66852
0.32382 0.442336
0.324497 0.815076
0.324721 0.590024
0.326958 0.181719
0.32842 0.746524
0.32934 0.224054
0.329571 0.0942479
0.330225 0.0858513
0.331208 0.618313
0.331725 0.308494
0.332045 0.685257
0.332253 0.170566
0.333117 0.690469
0.3338 0.176433
0.334721 0.65732
0.335216 0.982518
0.335269 0.870623
0.336543 0.279054
0.337121 0.991805
0.337382 0.374486
0.337588 0.841834
0.33775 0.556331
0.338633 0.410162
0.338837 0.834966
0.340165 0.154158
0.340263 0.79491
0.340486 0.55116
0.340544 0.531295
0.343808 0.386732
0.343833 0.801835
0.343842 0.946897
0.344035 0.1961
0.344442 0.0412541
0.346676 0.58106
0.347077 0.323384
0.347306 0.175436
0.347574 0.67113
0.348031 0.349776
0.348193 0.0811637
0.348574 0.490287
0.348697 0.548724
0.348921 0.316565
0.349436 0.962433
0.349444 0.107307
0.349531 0.575409
0.349638 0.373314
0.35127 0.802852
0.352766 0.943514
0.353367 0.0313278
0.35376 0.644234
0.354161 0.386784
0.354251 0.89516
0.354497 0.0385891
0.357095 0.702138
0.357727 0.323053
0.357787 0.319209
0.357869 0.705283
0.359185 0.824911
0.359689 0.286719
0.360716 0.545734
0.360976 0.91824
0.361275 0.951206
0.361691 0.939191
0.362627 0.673965
0.364709 0.665561
0.36515 0.0787055
0.36597 0.860934
0.366647 0.235122
0.367056 0.106181
0.367654 0.153948
0.368619 0.374685
0.369579 0.507587
0.369726 0.980273
0.369966 0.0232348
0.370171 0.463315
0.370391 0.15589
0.370728 0.821055
0.372216 0.832949
0.373795 0.364458
0.374248 0.981777
0.374331 0.379223
0.374887 0.718022
0.375647 0.492566
0.377799 0.673034
0.377913 0.587262
0.380985 0.222602
0.381127 0.603376
0.38133 0.0172615
0.381592 0.408669
0.382468 0.14256
0.383466 0.907973
0.383549 0.304581
0.384818 0.642848
0.384981 0.379581
0.385063 0.760129
0.385685 0.210422
0.38614 0.852456
0.387918 0.736407
0.389921 0.405651
0.392535 0.333347
0.394634 0.605784
0.395697 0.48107
0.398128 0.33716
0.398251 0.409207
0.398546 0.35584
0.400361 0.866416
0.400631 0.396984
0.401068 0.746211
0.401107 0.408885
0.401398 0.301712
0.402157 0.0543736
0.402641 0.189869
0.402875 0.125711
0.403211 0.77264
0.405118 0.825441
0.405431 0.0707442
0.406332 0.215184
0.408231 0.137856
0.408454 0.88527
0.408646 0.111628
0.409093 0.620411
0.411968 0.946019
0.412004 0.54634
0.412274 0.0810562
0.412288 0.316755
0.412392 0.0682809
0.414443 0.536738
0.415321 0.295236
0.415365 0.0433896
0.417014 0.760093
0.418766 0.198989
0.419582 0.911445
0.420212 0.49938
0.420818 0.690072
0.421799 0.182126
0.423237 0.336242
0.423408 0.211713
0.424045 0.925222
0.424148 0.655163
0.426027 0.236222
0.426583 0.585626
0.426908 0.0509833
0.427716 0.626603
0.427766 0.468729
0.428131 0.605455
0.428744 0.897483
0.429205 0.65167
0.429648 0.098186
0.431373 0.0785348
0.431622 0.277022
0.43164 0.577586
0.433392 0.0187043
0.433927 0.0155931
0.434477 0.251523
0.43583 0.000766868
0.436023 0.23809
0.436505 0.336292
0.436684 0.350931
0.437042 0.358476
0.437736 0.0321397
0.438921 0.939371
0.439107 0.0673279
0.439566 0.786828
0.441704 0.725539
0.441873 0.566676
0.442338 0.371945
0.442476 0.70047
0.442542 0.804739
0.444272 0.883332
0.446147 0.390159
0.446812 0.569837
0.447736 0.0990759
0.448441 0.94168
0.44912 0.358098
0.449562 0.796757
0.451032 0.499424
0.451164 0.717268
0.451234 0.892585
0.451695 0.63605
0.45235 0.654991
0.453022 0.936146
0.453027 0.0316516
0.453533 0.531081
0.454495 0.693746
0.456108 0.799429
0.456329 0.518144
0.45647 0.883422
0.457275 0.420309
0.457527 0.658265
0.457924 0.322575
0.458167 0.404316
0.459036 0.0131027
0.460107 0.0128833
0.460375 0.523846
0.460379 0.590096
0.460666 0.407547
0.460883 0.0601687
0.461263 0.455345
0.461835 0.055123
0.463335 0.27894
0.463458 0.336751
0.463939 0.421335
0.465143 0.661641
0.465513 0.884645
0.465548 0.468446
0.465582 0.0344956
0.467269 0.395724
0.467786 0.0770926
0.470571 0.886764
0.473484 0.844155
0.473718 0.783957
0.474142 0.896287
0.475237 0.311453
0.477028 0.412686
0.479142 0.93865
0.479621 0.991835
0.480084 0.766175
0.480621 0.800341
0.480635 0.0311092
0.481385 0.635485
0.481428 0.365442
0.481507 0.694055
0.481767 0.0559563
0.482492 0.241887
0.482825 0.838062
0.482849 0.236182
0.482929 0.582302
0.483097 0.412113
0.483219 0.465275
0.484257 0.907012
0.484937 0.336313
0.484961 0.747307
0.486064 0.283687
0.48612 0.218453
0.487285 0.799786
0.487505 0.500688
0.487529 0.900326
0.487569 0.565787
0.487781 0.139542
0.488834 0.83598
0.48959 0.531368
0.48966 0.720256
0.489861 0.0982035
0.492263 0.46556
0.492295 0.00298069
0.492885 0.920407
0.492966 0.286617
0.492974 0.411158
0.494458 0.359041
0.494483 0.771326
0.495514 0.0991737
0.49574 0.896325
0.496277 0.922938
0.496755 0.960784
0.496794 0.610083
0.497175 0.0279794
0.497547 0.280583
0.498032 0.427661
0.499757 0.415797
0.500976 0.90657
0.50148 0.370382
0.501797 0.708013
0.502515 0.777847
0.503018 0.215589
0.503648 0.805676
0.50413 0.916182
0.5043 0.771891
0.505226 0.33393
0.505445 0.00948212
0.505746 0.0668585
0.505917 0.942032
0.506696 0.0446965
0.506828 0.257086
0.507199 0.501871
0.507343 0.908542
0.507669 0.397543
0.507965 0.369033
0.508696 0.649467
0.50905 0.61118
0.509717 0.820842
0.510058 0.54886
0.510209 0.0824121
0.510563 0.0368313
0.511854 0.737702
0.513443 0.442863
0.513901 0.134634
0.514087 0.260556
0.514114 0.708436
0.51479 0.0827487
0.514814 0.475413
0.515799 0.0370751
0.516053 0.302212
0.516546 0.592473
0.518489 0.244313
0.5194 0.55813
0.519766 0.708428
0.521786 0.665119
0.522458 0.956104
0.523072 0.276636
0.523166 0.84414
0.523664 0.225031
0.52505 0.508409
0.5261 0.164612
0.5263 0.531164
0.526358 0.501188
0.526411 0.395726
0.526526 0.329144
0.526647 0.35871
0.526927 0.068071
0.527061 0.312791
0.527316 0.592868
0.527451 0.872486
0.527922 0.783341
0.528127 0.235122
0.528869 0.697848
0.528989 0.721465
0.529568 0.445549
0.530744 0.218511
0.531799 0.952884
0.53203 0.833839
0.532846 0.542023
0.53343 0.351304
0.5338 0.571092
0.534181 0.98099
0.535005 0.836168
0.535438 0.0996807
0.535915 0.126389
0.536566 0.0728816
0.539804 0.482685
0.539922 0.468955
0.541067 0.719781
0.54157 0.161506
0.543135 0.469095
0.544097 0.64087
0.544829 0.946607
0.545202 0.20757
0.545617 0.18495
0.545787 0.0495343
0.545951 0.79396
0.546207 0.10049
0.54661 0.874103
0.548838 0.316174
0.551704 0.496524
0.552352 0.38748
0.55243 0.692848
0.553255 0.55651
0.553291 0.153803
0.553344 0.0504231
0.555072 0.101679
0.555296 0.865356
0.555542 0.991293
0.556184 0.78028
0.55629 0.563236
0.557147 0.964413
0.557258 0.831393
0.557593 0.465957
0.558376 0.632868
0.559124 0.200366
0.559405 0.917725
0.559637 0.817574
0.559947 0.0341229
0.560161 0.62735
0.5608 0.363462
0.562172 0.417652
0.562182 0.601548
0.56318 0.364825
0.564491 0.404241
0.564662 0.27612
0.566306 0.906365
0.566369 0.960201
0.566551 0.0289831
0.567026 0.99917
0.568924 0.899067
0.569149 0.692055
0.569343 0.9455
0.570011 0.181787
0.570159 0.666565
0.570868 0.570739
0.571381 0.20385
0.571565 0.29381
0.571619 0.205551
0.571869 0.402763
0.572435 0.918649
0.57312 0.42605
0.573745 0.936691
0.574063 0.280239
0.574956 0.283897
0.575142 0.413764
0.575787 0.245819
0.57618 0.860197
0.576849 0.0954745
0.579106 0.0354117
0.579321 0.644158
0.579456 0.92225
0.580213 0.641697
0.580733 0.387469
0.581187 0.0108454
0.581343 0.624884
0.582333 0.269482
0.582721 0.798834
0.583094 0.0675522
0.583326 0.954511
0.583678 0.868374
0.584986 0.852723
0.586981 0.382806
0.587009 0.852146
0.587836 0.76106
0.587988 0.31957
0.589303 0.412847
0.589379 0.695034
0.590799 0.552366
0.590913 0.47799
0.591046 0.707135
0.591096 0.557149
0.592134 0.999779
0.592704 0.570442
0.593614 0.862448
0.593913 0.890639
0.593973 0.898167
0.594611 0.622312
0.594652 0.31511
0.594991 0.0193124
0.596078 0.285933
0.596578 0.68027
0.597289 0.629375
0.597973 0.140007
0.598254 0.849517
0.599142 0.778363
0.600298 0.203467
0.604005 0.516933
0.604255 0.705879
0.604471 0.346096
0.604516 0.103305
0.605727 0.448821
0.607651 0.78316
0.608226 0.450972
0.608396 0.313662
0.609092 0.0165733
0.61007 0.442698
0.610212 0.828347
0.610214 0.865609
0.612666 0.079238
0.612885 0.765693
0.613454 0.328452
0.614762 0.297571
0.614837 0.558203
0.615159 0.978958
0.615692 0.938218
0.61571 0.245825
0.616566 0.627522
0.61667 0.367708
0.617294 0.852875
0.617332 0.494504
0.617556 0.259027
0.617777 0.973774
0.617905 0.124515
0.618315 0.0161494
0.618647 0.596492
0.618661 0.834413
0.619861 0.00247372
0.624509 0.115368
0.624804 0.0784442
0.62497 0.864632
0.625783 0.540562
0.627487 0.168764
0.627946 0.889031
0.628228 0.620102
0.629739 0.0161933
0.630136 0.702902
0.630138 0.734294
0.631336 0.861102
0.631958 0.321537
0.632518 0.731917
0.633073 0.0563312
0.63529 0.313942
0.635331 0.00972976
0.635547 0.642582
0.637958 0.159852
0.63912 0.68388
0.639998 0.446049
0.641099 0.95488
0.641892 0.28004
0.642018 0.39561
0.642687 0.644411
0.642937 0.843931
0.643024 0.305725
0.643429 0.106128
0.643871 0.537594
0.644228 0.54099
0.644301 0.774661
0.644446 0.196868
0.644648 0.594748
0.644752 0.338902
0.646417 0.33557
0.647041 0.810774
0.648797 0.338194
0.648926 0.495838
0.64922 0.44215
0.650245 0.663629
0.650711 0.496839
0.651182 0.410715
0.652133 0.406992
0.652721 0.2816
0.653082 0.355551
0.653358 0.995211
0.653772 0.949151
0.654001 0.802965
0.654007 0.897703
0.656642 0.185202
0.657084 0.610313
0.658127 0.132975
0.659314 0.0858647
0.659481 0.889239
0.659558 0.187195
0.660104 0.365883
0.660493 0.906661
0.660525 0.438181
0.660955 0.674928
0.661835 0.46736
0.662941 0.0494932
0.663322 0.446658
0.664718 0.911764
0.665492 0.931806
0.66741 0.152827
0.66754 0.344227
0.667585 0.103447
0.668749 0.659008
0.670029 0.177454
0.670847 0.92977
0.670992 0.364741
0.672266 0.767873
0.672771 0.265479
0.674232 0.817269
0.674617 0.288236
0.675704 0.560476
0.676599 0.600692
0.676702 0.334522
0.67676 0.30568
0.677393 0.941975
0.678443 0.593208
0.67863 0.731535
0.679508 0.497287
0.680266 0.236973
0.680842 0.9182
0.680923 0.279918
0.681301 0.626336
0.683036 0.783068
0.683124 0.260522
0.684856 0.371352
0.685834 0.806062
0.685903 0.972387
0.685934 0.489232
0.686617 0.9709
0.686626 0.124602
0.687224 0.176094
0.687332 0.989816
0.687405 0.213077
0.687821 0.208951
0.688185 0.321526
0.688347 0.0524982
0.689063 0.0901741
0.689204 0.443297
0.689705 0.880569
0.690031 0.347891
0.690055 0.75332
0.690169 0.673833
0.692658 0.508712
0.693123 0.309598
0.693841 0.392025
0.694048 0.866612
0.695617 0.236398
0.696183 0.744364
0.69664 0.42366
0.696763 0.503792
0.69677 0.614394
0.69756 0.892737
0.69813 0.478615
0.698254 0.561369
0.698317 0.621129
0.699355 0.067304
0.700177 0.866633
0.700811 0.536933
0.70169 0.309854
0.702065 0.604133
0.702723 0.663396
0.703015 0.565106
0.703378 0.669478
0.704078 0.437794
0.705221 0.642694
0.705404 0.723787
0.707317 0.88003
0.708187 0.503523
0.708392 0.950146
0.709282 0.896335
0.709451 0.741729
0.709839 0.271434
0.710273 0.565367
0.710482 0.0667518
0.710618 0.361529
0.710823 0.800796
0.71094 0.775929
0.712132 0.796995
0.713026 0.832444
0.713049 0.208751
0.714693 0.847535
0.715809 0.610089
0.716119 0.812621
0.716234 0.748067
0.716596 0.825039
0.718389 0.965272
0.719282 0.980098
0.720256 0.340419
0.720378 0.388345
0.720577 0.729532
0.721135 0.109521
0.722411 0.56509
0.722471 0.575944
0.72262 0.070779
0.723249 0.64454
0.723818 0.214476
0.724115 0.207614
0.724319 0.634929
0.72445 0.833153
0.724503 0.724608
0.724605 0.433668
0.724828 0.183007
0.725859 0.5144
0.725897 0.151717
0.726586 0.723466
0.726651 0.830334
0.727008 0.824417
0.727285 0.480535
0.727572 0.30316
0.728431 0.744791
0.729484 0.443679
0.729852 0.623764
0.730066 0.216912
0.730271 0.671221
0.7303 0.152793
0.730756 0.818299
0.731404 0.706532
0.731527 0.76914
0.733694 0.198878
0.73466 0.437139
0.734945 0.227487
0.735484 0.276046
0.735643 0.959895
0.735715 0.164859
0.737794 0.0955962
0.738354 0.516338
0.738552 0.843664
0.740567 0.712308
0.740618 0.559012
0.740681 0.618006
0.741184 0.0756029
0.741195 0.256955
0.74193 0.613689
0.742755 0.478353
0.745035 0.80269
0.747274 0.440208
0.748262 0.0332381
0.750978 0.679942
0.75113 0.242444
0.75207 0.04404
0.752238 0.861142
0.752398 0.549406
0.753323 0.091941
0.753847 0.906522
0.754391 0.0486609
0.755058 0.264513
0.755136 0.568269
0.755479 0.332335
0.756047 0.886602
0.756906 0.322904
0.757581 0.669715
0.757892 0.894779
0.758019 0.0204524
0.758323 0.139931
0.758904 0.89147
0.759158 0.171547
0.75976 0.293406
0.761417 0.128647
0.761595 0.125606
0.761645 0.962543
0.762186 0.0628023
0.763376 0.067323
0.764174 0.468963
0.765149 0.850751
0.765682 0.813666
0.766215 0.771689
0.76651 0.74184
0.767204 0.400078
0.767494 0.277706
0.768012 0.974149
0.768187 0.918852
0.768234 0.71045
0.768811 0.414185
0.769543 0.704128
0.770337 0.0616587
0.771479 0.251447
0.771672 0.490209
0.772084 0.42316
0.772199 0.351953
0.772767 0.893119
0.773206 0.269792
0.774043 0.339382
0.775479 0.477321
0.776537 0.261039
0.776547 0.432781
0.777237 0.0281887
0.778883 0.678297
0.779644 0.47301
0.780882 0.288953
0.782331 0.640052
0.782947 0.986707
0.78366 0.968628
0.784454 0.310295
0.784796 0.0748383
0.784836 0.74447
0.784991 0.347615
0.785718 0.555131
0.786199 0.640498
0.786605 0.475838
0.786671 0.583824
0.787137 0.419296
0.788406 0.7395
0.788469 0.798791
0.788964 0.1125
0.789227 0.533655
0.789631 0.334222
0.79029 0.399159
0.791045 0.0992275
0.791232 0.235825
0.791874 0.0344302
0.792122 0.193324
0.792303 0.238885
0.793672 0.252958
0.794289 0.619344
0.794961 0.907355
0.79533 0.109941
0.797144 0.597515
0.797418 0.201651
0.799935 0.50788
0.802628 0.767562
0.802852 0.531287
0.803198 0.345277
0.803974 0.395005
0.806978 0.871917
0.807076 0.532915
0.807704 0.0805127
0.80786 0.703591
0.808359 0.0821183
0.809244 0.960038
0.809693 0.511577
0.811527 0.332649
0.811796 0.86126
0.812074 0.522152
0.812627 0.815895
0.812818 0.0297469
0.813171 0.968646
0.813482 0.197506
0.813793 0.418978
0.813956 0.164813
0.814705 0.752612
0.815185 0.814453
0.815203 0.115338
0.816685 0.0286671
0.818608 0.352519
0.819188 0.0989707
0.819246 0.0712875
0.819572 0.538938
0.820006 0.83979
0.820176 0.696462
0.821351 0.446633
0.822377 0.688657
0.823067 0.291476
0.823354 0.114367
0.823764 0.996899
0.823899 0.278403
0.825038 0.417374
0.826651 0.525155
0.827175 0.333507
0.827282 0.136209
0.827717 0.436184
0.829226 0.80367
0.830305 0.935254
0.831882 0.438205
0.832196 0.714516
0.832257 0.739066
0.832826 0.30141
0.833109 0.0690545
0.83321 0.759856
0.834447 0.547162
0.834882 0.867228
0.834906 0.268759
0.835357 0.849639
0.835624 0.337897
0.835792 0.162426
0.837823 0.288519
0.838175 0.208823
0.838461 0.0168668
0.838539 0.316913
0.839539 0.126318
0.841517 0.379106
0.842626 0.0220885
0.843142 0.685496
0.843399 0.000431402
0.843496 0.635078
0.845098 0.562625
0.84515 0.444344
0.845383 0.358389
0.8464 0.451876
0.847585 0.368648
0.84804 0.0154255
0.848533 0.286356
0.850812 0.597255
0.851565 0.254005
0.85174 0.195601
0.852053 0.45665
0.852792 0.872778
0.852868 0.150879
0.853948 0.31236
0.854325 0.641897
0.854342 0.926488
0.854379 0.542947
0.854427 0.355802
0.855421 0.0658592
0.856056 0.726532
0.856839 0.889147
0.857618 0.98199
0.857684 0.0869167
0.857719 0.688811
0.858819 0.169804
0.858925 0.948002
0.858985 0.960742
0.85968 0.640855
0.860019 0.33482
0.860315 0.313229
0.861038 0.471564
0.861432 0.0880701
0.861677 0.212598
0.862234 0.562785
0.862316 0.947215
0.864971 0.562982
0.865195 0.326292
0.86546 0.783229
0.866424 0.995178
0.867845 0.86317
0.868064 0.550892
0.868168 0.301221
0.870111 0.956426
0.870165 0.869184
0.870347 0.920497
0.87053 0.00486156
0.870547 0.279771
0.871347 0.737236
0.871391 0.467773
0.871504 0.36105
0.871869 0.505877
0.872141 0.0763824
0.872305 0.829918
0.872416 0.691193
0.874088 0.798197
0.875659 0.20796
0.876104 0.67664
0.876679 0.347794
0.877714 0.73549
0.877944 0.597076
0.88001 0.326394
0.880315 0.449699
0.881003 0.0148269
0.881242 0.0341527
0.881494 0.2716
0.881721 0.0816169
0.881878 0.725576
0.882162 0.504349
0.88268 0.2085
0.883046 0.352435
0.883059 0.579901
0.883112 0.46284
0.884144 0.814097
0.884482 0.490374
0.884798 0.795706
0.885023 0.576875
0.885032 0.732205
0.885459 0.914801
0.887941 0.629592
0.887986 0.379139
0.888762 0.42795
0.889472 0.362271
0.889963 0.604894
0.890695 0.916289
0.891034 0.60908
0.891355 0.996565
0.891829 0.963606
0.891925 0.577951
0.892246 0.984352
0.894101 0.15826
0.895261 0.656837
0.896402 0.828045
0.896979 0.525292
0.897 0.878676
0.897055 0.800834
0.898352 0.603393
0.898456 0.342177
0.898855 0.0606454
0.899435 0.797729
0.899617 0.865368
0.900058 0.272518
0.900468 0.162556
0.90061 0.558403
0.901952 0.105852
0.90236 0.956985
0.902707 0.804512
0.902725 0.0994488
0.902954 0.946219
0.903419 0.75915
0.904998 0.301593
0.905609 0.568279
0.905877 0.0788033
0.906673 0.458091
0.907041 0.640218
0.907593 0.920735
0.909547 0.753786
0.910145 0.809974
0.910214 0.961006
0.910265 0.817634
0.910536 0.377503
0.910816 0.0845008
0.910837 0.435247
0.911043 0.903573
0.911645 0.0111023
0.912729 0.229919
0.913287 0.613916
0.913489 0.0122901
0.914365 0.732845
0.914749 0.181922
0.914823 0.426785
0.916085 0.648697
0.916542 0.329191
0.916725 0.388612
0.916826 0.0985567
0.917256 0.314485
0.917314 0.293626
0.917661 0.127723
0.917834 0.0303196
0.917989 0.637925
0.918189 0.999585
0.920519 0.164913
0.920577 0.136298
0.920627 0.982485
0.920933 0.116411
0.920959 0.556793
0.921407 0.0878659
0.921692 0.873777
0.921911 0.557007
0.922119 0.0603012
0.92241 0.946116
0.923177 0.839167
0.925097 0.111208
0.925513 0.0961333
0.927023 0.483811
0.927804 0.60925
0.928067 0.0222817
0.930148 0.996346
0.93042 0.567853
0.930836 0.56314
0.931816 0.0251569
0.933363 0.039797
0.934441 0.142706
0.935263 0.956615
0.935415 0.525918
0.935842 0.69528
0.936931 0.00431909
0.938571 0.570506
0.939387 0.282586
0.941085 0.817153
0.941475 0.364067
0.941629 0.964433
0.94178 0.490324
0.942317 0.526861
0.943168 0.821505
0.943463 0.775127
0.943506 0.513162
0.94454 0.884845
0.946947 0.33671
0.947085 0.649629
0.947399 0.940372
0.94839 0.598353
0.948985 0.59301
0.94904 0.519856
0.949662 0.972574
0.949878 0.607571
0.950549 0.877848
0.95106 0.462326
0.951657 0.497962
0.951977 0.880555
0.952882 0.09029
0.953657 0.119551
0.954548 0.095708
0.954557 0.232881
0.955872 0.341333
0.957028 0.775679
0.957713 0.275488
0.957939 0.0806374
0.95841 0.000234389
0.960403 0.499631
0.962009 0.480092
0.962765 0.185099
0.96451 0.522752
0.964912 0.275594
0.966125 0.670502
0.96624 0.592533
0.966617 0.929701
0.966674 0.886991
0.966775 0.584664
0.966802 0.0411288
0.967383 0.799797
0.967702 0.173899
0.968613 0.478325
0.970593 0.764335
0.970804 0.303349
0.972811 0.0310716
0.97358 0.95614
0.974112 0.904341
0.975142 0.217898
0.975216 0.455599
0.975701 0.598944
0.97581 0.435464
0.97655 0.867676
0.976743 0.11439
0.978227 0.0538357
0.978716 0.284492
0.979325 0.513298
0.981903 0.847271
0.982206 0.942456
0.982622 0.933658
0.982752 0.113028
0.984331 0.655478
0.984781 0.219782
0.985196 0.188576
0.985196 0.193585
0.985828 0.812912
0.987116 0.464422
0.987442 0.937308
0.987503 0.97006
0.987694 0.174645
0.987748 0.0791071
0.988643 0.121976
0.989677 0.499536
0.989682 0.585071
0.989929 0.729838
0.990097 0.552574
0.990573 0.561321
0.990799 0.360539
0.991318 0.0770791
0.992538 0.593288
0.992959 0.666291
0.993956 0.425154
0.995091 0.4913
0.995881 0.766098
0.996855 0.141219
0.997672 0.866855
0.997819 0.349504
0.998409 0.255434
0.998608 0.599727
