0.000235707 0.961528
0.000880487 0.798357
0.000974924 0.385553
0.00122071 0.516498
0.00125022 0.0124318
0.00185576 0.189733
0.00187917 0.583219
0.00251853 0.328879
0.00266786 0.838733
0.00326043 0.798093
0.0039138 0.779248
0.00402246 0.605516
0.00418584 0.351343
0.00433284 0.822096
0.00710317 0.382998
0.0076932 0.299619
0.00818492 0.564014
0.00840872 0.325281
0.00869088 0.067607
0.00897728 0.881239
0.00977011 0.206306
0.00983498 0.296566
0.0104226 0.172739
0.0111108 0.739511
0.011933 0.557333
0.0121073 0.486634
0.0125478 0.891545
0.0127182 0.755081
0.0132364 0.464593
0.0132762 0.133239
0.0143192 0.663414
0.0144447 0.771407
0.0144772 0.31887
0.0149318 0.958635
0.0156031 0.24127
0.015673 0.415695
0.0159414 0.927362
0.016578 0.625719
0.016768 0.819167
0.0169145 0.282446
0.0178561 0.107279
0.0182415 0.585642
0.0184355 0.846264
0.0185998 0.606914
0.019148 0.819686
0.0193528 0.261707
0.0196944 0.00427435
0.0197666 0.217878
0.0203159 0.448963
0.0208477 0.386544
0.0213249 0.407351
0.0220953 0.35622
0.0223272 0.252547
0.0224664 0.592029
0.0227274 0.978677
0.02351 0.133074
0.0236557 0.58056
0.0247361 0.740312
0.0247557 0.0682914
0.025154 0.763735
0.0263776 0.328389
0.0272663 0.265413
0.0277394 0.21684
0.0280447 0.347198
0.0286357 0.280081
0.0288458 0.811668
0.0291498 0.920541
0.0310197 0.347585
0.0317561 0.724034
0.0323319 0.401997
0.0324632 0.609401
0.0337282 0.870421
0.0340838 0.84688
0.0341873 0.586509
0.0348255 0.311539
0.0371814 0.908068
0.0377297 0.123719
0.0379477 0.787118
0.0382143 0.267871
0.0394582 0.174529
0.0395455 0.641496
0.0399711 0.793529
0.0401887 0.450862
0.0403481 0.129719
0.0409957 0.0147037
0.0410291 0.575385
0.041662 0.212915
0.0420963 0.512703
0.0427742 0.906496
0.0430049 0.782889
0.0430942 0.284448
0.043152 0.25527
0.0438065 0.255944
0.0438236 0.54318
0.0439818 0.201946
0.0452687 0.83155
0.0459886 0.931078
0.0465876 0.998395
0.0467852 0.319287
0.0473993 0.640093
0.0502301 0.217241
0.0504358 0.674289
0.0509278 0.943185
0.0513358 0.801385
0.0525374 0.995836
0.0528146 0.655054
0.0539623 0.943681
0.0540913 0.112501
0.0542197 0.270865
0.0547618 0.381784
0.0575318 0.936652
0.0585191 0.530511
0.0585598 0.214834
0.059776 0.65472
0.0598993 0.726727
0.0600275 0.882915
0.0609847 0.970323
0.0611373 0.535376
0.061554 0.537355
0.0616712 0.508379
0.0619312 0.877864
0.0629705 0.345671
0.0652879 0.293582
0.0654992 0.845204
0.0658732 0.13006
0.0666456 0.113177
0.0666469 0.134308
0.0667884 0.512445
0.0671107 0.929638
0.0676221 0.524213
0.0677088 0.980966
0.068496 0.212469
0.0685445 0.0269666
0.0693498 0.562015
0.0697248 0.865427
0.0701309 0.689763
0.0705608 0.914997
0.0712842 0.0737154
0.0718929 0.303453
0.0726679 0.328746
0.0730167 0.191613
0.0735302 0.821257
0.0737037 0.737926
0.0745925 0.675639
0.0748952 0.764102
0.0757171 0.57719
0.0765734 0.968709
0.0771055 0.9123
0.077107 0.93664
0.0774936 0.435634
0.0775045 0.618051
0.0789467 0.857122
0.0793108 0.975997
0.0797333 0.0771437
0.0813644 0.491694
0.0813828 0.801172
0.0815339 0.340015
0.0821721 0.0665474
0.0844539 0.417009
0.0849435 0.645262
0.0853148 0.885915
0.0856438 0.41512
0.0856866 0.135036
0.0859237 0.120349
0.0861965 0.704496
0.0862187 0.0775632
0.0866218 0.852546
0.0869272 0.98583
0.0873325 0.796931
0.0873815 0.620336
0.087465 0.0237761
0.0875716 0.815608
0.0877028 0.0207968
0.0877835 0.377114
0.08805 0.857093
0.0886199 0.434346
0.0887654 0.880329
0.0896178 0.207061
0.0899074 0.0741238
0.0903399 0.341894
0.0903622 0.716886
0.0918792 0.213914
0.0928217 0.055041
0.0940282 0.331246
0.0940637 0.928594
0.094544 0.00107122
0.0950599 0.672579
0.09507 0.842012
0.0967809 0.595834
0.0974333 0.561728
0.0977755 0.313718
0.0978172 0.0131921
0.0984725 0.0273433
0.0987264 0.29435
0.0989736 0.448728
0.100391 0.279412
0.101038 0.145112
0.101156 0.131789
0.101397 0.171816
0.102137 0.62335
0.103208 0.619296
0.103575 0.79337
0.103627 0.652455
0.104058 0.902702
0.104126 0.0437549
0.104399 0.638491
0.104682 0.385004
0.105523 0.526525
0.106076 0.82293
0.106496 0.881235
0.106597 0.576395
0.106773 0.53956
0.107194 0.605237
0.108325 0.61163
0.108956 0.226871
0.109218 0.629032
0.109235 0.912252
0.109333 0.565526
0.109487 0.149449
0.109771 0.916921
0.110703 0.586517
0.111367 0.74422
0.111851 0.878619
0.113298 0.195743
0.11404 0.663415
0.114506 0.501681
0.115129 0.976063
0.115185 0.909381
0.115438 0.162715
0.115728 0.0375963
0.116379 0.988894
0.116706 0.474271
0.116871 0.254831
0.117134 0.668974
0.117439 0.7917
0.117694 0.0851214
0.118003 0.278974
0.118281 0.94763
0.118617 0.59189
0.119707 0.909148
0.119806 0.584585
0.119829 0.958764
0.119965 0.245347
0.120467 0.686611
0.120939 0.62381
0.121223 0.388127
0.122777 0.505716
0.123099 0.918527
0.123392 0.848482
0.123528 0.142461
0.123841 0.403636
0.123895 0.301047
0.124109 0.902272
0.124301 0.133584
0.125028 0.352887
0.125131 0.0684349
0.125329 0.41258
0.125441 0.28345
0.125915 0.253989
0.126687 0.220224
0.126763 0.501456
0.127224 0.255752
0.127504 0.956003
0.128318 0.641826
0.128359 0.327878
0.128603 0.432605
0.129272 0.682455
0.129553 0.396481
0.129634 0.760038
0.13077 0.856027
0.130828 0.827632
0.131078 0.0313937
0.13258 0.270652
0.132662 0.647615
0.132966 0.766554
0.133609 0.570528
0.134466 0.962446
0.135153 0.520577
0.135591 0.88494
0.136035 0.334665
0.136044 0.49419
0.136104 0.498697
0.137059 0.544335
0.137176 0.508801
0.138205 0.811338
0.139163 0.908129
0.13939 0.725409
0.139887 0.0820383
0.140737 0.367087
0.141284 0.564339
0.142605 0.764877
0.142763 0.418016
0.14432 0.589316
0.144428 0.405003
0.144473 0.160959
0.145905 0.220455
0.146557 0.181935
0.146883 0.66894
0.147652 0.58972
0.147676 0.983629
0.147827 0.521932
0.148718 0.499865
0.149331 0.798068
0.149946 0.148605
0.150678 0.45046
0.151754 0.526313
0.152438 0.0244002
0.152483 0.782016
0.152552 0.944044
0.153177 0.446132
0.153234 0.402091
0.154972 0.62073
0.155167 0.896057
0.157019 0.0262238
0.157585 0.52879
0.158725 0.690528
0.159254 0.583506
0.160598 0.162527
0.160617 0.494028
0.16077 0.0596061
0.16167 0.180042
0.161933 0.601721
0.161958 0.0218097
0.162562 0.174309
0.162746 0.266594
0.164632 0.968054
0.165598 0.210454
0.165692 0.785409
0.166534 0.941237
0.166953 0.976517
0.167799 0.195856
0.168572 0.196442
0.168917 0.984198
0.169543 0.510735
0.169577 0.0886109
0.169607 0.589052
0.169846 0.606093
0.170635 0.867422
0.17081 0.799571
0.170853 0.531227
0.170945 0.0790323
0.171217 0.643394
0.171574 0.639004
0.171971 0.320461
0.17251 0.383686
0.173181 0.653885
0.173703 0.424428
0.173753 0.269292
0.174502 0.859737
0.175267 0.7203
0.175275 0.853662
0.175354 0.166848
0.175371 0.459194
0.177008 0.965173
0.177743 0.330648
0.178221 0.365684
0.178456 0.31606
0.178478 0.67774
0.178729 0.896035
0.178736 0.0226269
0.181105 0.830648
0.183793 0.0149857
0.18439 0.0425526
0.184444 0.956899
0.184911 0.790978
0.185023 0.67826
0.185131 0.498164
0.185541 0.385878
0.185667 0.511904
0.185677 0.672461
0.185979 0.743902
0.186135 0.362472
0.186223 0.842423
0.186348 0.946072
0.186847 0.336911
0.18722 0.605175
0.18762 0.336698
0.189255 0.809273
0.189491 0.769408
0.189556 0.861476
0.189753 0.178613
0.189886 0.41272
0.190086 0.778881
0.190853 0.673364
0.191332 0.713777
0.191374 0.422603
0.192045 0.696183
0.192596 0.964459
0.193716 0.780843
0.194588 0.439022
0.194757 0.287993
0.196094 0.75094
0.197531 0.902638
0.198758 0.529731
0.200308 0.575896
0.200328 0.914441
0.200598 0.448147
0.20098 0.86692
0.201424 0.336963
0.203318 0.164482
0.20332 0.204405
0.203889 0.754289
0.204095 0.216417
0.204148 0.109969
0.20474 0.0692741
0.204875 0.329013
0.205312 0.672386
0.205973 0.781369
0.206299 0.273367
0.207298 0.0554037
0.207936 0.773421
0.208074 0.102548
0.208674 0.178435
0.209053 0.561692
0.209988 0.272393
0.210482 0.563656
0.211265 0.726083
0.211624 0.761185
0.212094 0.670701
0.212221 0.794731
0.212263 0.500301
0.212737 0.471552
0.212778 0.158888
0.212922 0.580249
0.213069 0.0557609
0.213199 0.235092
0.214182 0.762325
0.214272 0.267986
0.215883 0.346237
0.216485 0.463314
0.216509 0.86386
0.217202 0.518036
0.217656 0.14164
0.218002 0.966047
0.218018 0.224333
0.219064 0.811844
0.219704 0.572914
0.220049 0.37007
0.220251 0.761705
0.22044 0.933576
0.221749 0.940661
0.222236 0.115437
0.222483 0.271396
0.223385 0.427801
0.223563 0.420589
0.22375 0.568206
0.223943 0.807846
0.223954 0.997025
0.223959 0.0729955
0.225013 0.788319
0.225191 0.782187
0.226668 0.603313
0.226743 0.877055
0.227228 0.0260664
0.227852 0.512509
0.228185 0.112081
0.228237 0.978788
0.228916 0.390754
0.228924 0.530063
0.229175 0.745001
0.229594 0.787591
0.231227 0.236805
0.231445 0.893441
0.232211 0.77631
0.232429 0.42897
0.232949 0.180855
0.232958 0.331418
0.233646 0.896217
0.233688 0.599589
0.233833 0.0284868
0.233866 0.593316
0.234498 0.214677
0.234937 0.59211
0.235157 0.289256
0.236212 0.00947856
0.236728 0.686347
0.237012 0.467578
0.237962 0.434897
0.238991 0.728411
0.239436 0.201412
0.239591 0.80454
0.239664 0.0387743
0.239683 0.359248
0.240768 0.591136
0.241967 0.742917
0.242816 0.0143174
0.242969 0.578283
0.243577 0.797666
0.243625 0.603837
0.244229 0.757628
0.24464 0.668054
0.244795 0.26129
0.245477 0.728619
0.245768 0.62334
0.247253 0.5807
0.247495 0.64034
0.248098 0.779315
0.248719 0.218877
0.248882 0.955297
0.249157 0.576557
0.249766 0.811796
0.250275 0.378658
0.250967 0.995878
0.252177 0.342011
0.252208 0.855539
0.252636 0.0513373
0.253635 0.851719
0.254662 0.106202
0.255066 0.895311
0.255162 0.512811
0.255364 0.896322
0.25555 0.0259074
0.255593 0.757078
0.256264 0.0303369
0.256654 0.584139
0.256913 0.942143
0.256939 0.369846
0.257747 0.954756
0.258404 0.998632
0.258586 0.0498357
0.260014 0.0495926
0.261299 0.65884
0.261429 0.829483
0.261549 0.849391
0.261614 0.939323
0.261664 0.788139
0.261962 0.80258
0.262127 0.572833
0.262338 0.111589
0.262983 0.947111
0.263342 0.984341
0.264403 0.812833
0.264507 0.576521
0.264536 0.0505488
0.264643 0.850465
0.265309 0.0521987
0.266327 0.15485
0.266731 0.953962
0.267383 0.897863
0.267735 0.827442
0.268233 0.19664
0.268727 0.499964
0.269625 0.588319
0.270566 0.406828
0.271247 0.844253
0.271304 0.798499
0.273114 0.220246
0.273989 0.938179
0.27432 0.494244
0.274694 0.77395
0.274786 0.335976
0.274809 0.712871
0.274857 0.524794
0.275183 0.00903618
0.275973 0.27708
0.276059 0.721233
0.276488 0.938202
0.278483 0.459817
0.278969 0.637778
0.279434 0.44923
0.280134 0.215637
0.280222 0.691745
0.280737 0.349047
0.280811 0.596868
0.280945 0.842128
0.282794 0.924538
0.282853 0.910574
0.283101 0.0831719
0.283419 0.424794
0.283481 0.46178
0.283572 0.992282
0.284083 0.582058
0.285163 0.732575
0.286119 0.797959
0.286215 0.409009
0.286233 0.723903
0.286649 0.703968
0.288171 0.297682
0.288201 0.790219
0.288986 0.982175
0.289071 0.420575
0.289416 0.213153
0.289507 0.75091
0.289696 0.921106
0.289872 0.880694
0.289966 0.45579
0.290243 0.118623
0.290586 0.871584
0.292469 0.526086
0.293796 0.83638
0.293958 0.558094
0.294163 0.00289383
0.294371 0.484861
0.29561 0.325559
0.296501 0.297834
0.296682 0.327922
0.29868 0.906451
0.299992 0.962709
0.301058 0.883976
0.301594 0.895069
0.30175 0.508638
0.303358 0.538272
0.304163 0.074925
0.30546 0.872498
0.305984 0.669916
0.306114 0.85993
0.306158 0.602191
0.307692 0.375685
0.308198 0.888896
0.308496 0.889884
0.308794 0.899503
0.309236 0.332645
0.309283 0.122873
0.30949 0.595558
0.309538 0.408139
0.310095 0.76436
0.310238 0.164293
0.310673 0.485532
0.310731 0.459876
0.310844 0.348348
0.312447 0.290444
0.313265 0.0402478
0.313817 0.327644
0.314027 0.857328
0.315265 0.666877
0.316679 0.425981
0.316696 0.715565
0.317406 0.649776
0.318165 0.395261
0.318737 0.0177742
0.319681 0.882607
0.319692 0.060352
0.320013 0.45996
0.320175 0.175937
0.320386 0.730862
0.320747 0.794928
0.32131 0.250286
0.321571 0.645105
0.321779 0.140573
0.321876 0.76989
0.321912 0.374908
0.323203 0.0702605
0.323598 0.706912
0.323848 0.916442
0.324494 0.767883
0.324593 0.436653
0.32575 0.887873
0.326279 0.765284
0.326624 0.573538
0.326675 0.426472
0.327175 0.825183
0.328393 0.295522
0.328702 0.490908
0.330784 0.49022
0.330946 0.208913
0.331216 0.744474
0.331256 0.420062
0.33131 0.319421
0.33143 0.348439
0.332775 0.952238
0.334239 0.561168
0.334308 0.710259
0.334573 0.169583
0.335496 0.686902
0.335627 0.885447
0.335719 0.430881
0.33579 0.615441
0.336985 0.70145
0.337073 0.190041
0.337133 0.188271
0.337168 0.786683
0.33953 0.479899
0.339747 0.132426
0.340319 0.749797
0.340441 0.798185
0.340788 0.622812
0.342553 0.282489
0.342631 0.595269
0.34278 0.0998636
0.342952 0.997452
0.343107 0.593075
0.34512 0.436596
0.345446 0.905663
0.346052 0.0968248
0.34608 0.570884
0.346569 0.790598
0.346938 0.988652
0.348126 0.957727
0.348261 0.22199
0.348364 0.961901
0.34974 0.0814346
0.35006 0.452625
0.351679 0.667392
0.351899 0.358714
0.352058 0.041312
0.353473 0.823066
0.353647 0.745894
0.353742 0.347482
0.353962 0.0328956
0.354811 0.311676
0.356225 0.0736834
0.356584 0.099886
0.356607 0.49601
0.357366 0.243428
0.357394 0.717095
0.358049 0.736122
0.358335 0.542351
0.360375 0.831091
0.360624 0.00469012
0.360653 0.494261
0.360857 0.925772
0.360911 0.833435
0.361196 0.613703
0.361536 0.339021
0.364175 0.689271
0.364342 0.492042
0.36453 0.660744
0.364895 0.798519
0.365056 0.49122
0.366978 0.798739
0.367451 0.748827
0.367834 0.18744
0.368048 0.779728
0.368279 0.669684
0.368806 0.523554
0.368824 0.824893
0.369725 0.968221
0.37133 0.946498
0.371807 0.955417
0.371836 0.453597
0.372177 0.182656
0.372297 0.197179
0.373364 0.130608
0.373448 0.541593
0.373784 0.183387
0.373926 0.577575
0.374143 0.218496
0.374685 0.334033
0.375026 0.0659875
0.377457 0.920473
0.377675 0.578964
0.379078 0.161826
0.381188 0.627464
0.382193 0.516839
0.382442 0.704526
0.382887 0.189235
0.383726 0.28102
0.384303 0.976764
0.384419 0.936581
0.384743 0.370688
0.386442 0.929031
0.386453 0.110548
0.386815 0.192169
0.387254 0.583502
0.388089 0.618373
0.388417 0.116828
0.388673 0.433611
0.389129 0.0902415
0.38915 0.450372
0.389425 0.0675463
0.389553 0.225323
0.389985 0.482927
0.390221 0.439736
0.390557 0.0940995
0.391528 0.417542
0.393241 0.203194
0.396392 0.158444
0.396485 0.717613
0.396631 0.176032
0.397109 0.208024
0.397416 0.378413
0.397908 0.633573
0.398638 0.91598
0.399173 0.892614
0.399787 0.22818
0.400221 0.512847
0.400302 0.880262
0.400623 0.263223
0.4015 0.0132215
0.401637 0.315857
0.40272 0.519545
0.402955 0.464756
0.402989 0.0351727
0.403231 0.0961035
0.406784 0.826476
0.407338 0.128844
0.408152 0.808195
0.408295 0.207087
0.408928 0.854745
0.41047 0.763877
0.410525 0.697735
0.410634 0.532244
0.413219 0.978776
0.413228 0.129817
0.413957 0.378476
0.414784 0.277176
0.416078 0.027181
0.417196 0.817026
0.417851 0.825166
0.418545 0.494197
0.418934 0.0266324
0.419428 0.323899
0.420224 0.697755
0.421719 0.833963
0.42224 0.583156
0.422372 0.803645
0.422725 0.744126
0.422826 0.428822
0.424158 0.820511
0.424945 0.0544626
0.425713 0.958314
0.425894 0.00120655
0.426039 0.445601
0.426056 0.715446
0.426859 0.214485
0.427409 0.460237
0.427953 0.60452
0.428259 0.751923
0.428272 0.965591
0.428497 0.748756
0.428624 0.881074
0.42944 0.60433
0.430301 0.063485
0.430599 0.0839522
0.430846 0.236592
0.431086 0.268057
0.431425 0.951872
0.431758 0.562423
0.431808 0.390195
0.433008 0.562106
0.43307 0.607866
0.43349 0.674506
0.433813 0.0881775
0.434009 0.383282
0.434046 0.00458662
0.434302 0.309974
0.436183 0.928694
0.436973 0.200612
0.437089 0.159888
0.437233 0.568093
0.437999 0.441532
0.438412 0.386613
0.438974 0.833651
0.439131 0.476874
0.439575 0.938949
0.440098 0.729339
0.44098 0.557108
0.442123 0.754793
0.442562 0.144458
0.444035 0.902215
0.444655 0.310527
0.445008 0.243001
0.445155 0.720094
0.446695 0.601803
0.447699 0.477662
0.447964 0.933089
0.449013 0.568881
0.449057 0.302016
0.449176 0.29691
0.449747 0.903943
0.451275 0.586894
0.451502 0.401224
0.452348 0.617049
0.452932 0.429829
0.452951 0.745075
0.45302 0.910319
0.453152 0.117489
0.453638 0.301429
0.453692 0.209562
0.455745 0.705576
0.455873 0.857686
0.456164 0.748737
0.45617 0.843029
0.456796 0.3684
0.456962 0.155839
0.457256 0.100117
0.458066 0.714485
0.4588 0.0445935
0.4596 0.503804
0.460671 0.505878
0.460744 0.726604
0.461553 0.326313
0.462017 0.116227
0.462546 0.0102151
0.462691 0.44269
0.462793 0.155679
0.462861 0.311164
0.463936 0.380583
0.463995 0.358715
0.464329 0.971756
0.464867 0.0257851
0.465614 0.579712
0.46583 0.19731
0.466094 0.638681
0.466311 0.283961
0.466488 0.260791
0.466546 0.234266
0.467144 0.283168
0.467952 0.86375
0.468847 0.918076
0.468867 0.24111
0.469009 0.641621
0.46912 0.502114
0.469483 0.607065
0.469571 0.0849733
0.46972 0.57984
0.470077 0.587197
0.47071 0.214983
0.471829 0.0249966
0.472754 0.577972
0.473147 0.175171
0.473473 0.659022
0.473479 0.757736
0.473639 0.4577
0.473858 0.137659
0.474184 0.607454
0.47451 0.0849889
0.47452 0.263892
0.475493 0.612262
0.476111 0.997674
0.476348 0.977868
0.477656 0.966373
0.478207 0.231589
0.478542 0.850132
0.478687 0.290636
0.479224 0.318823
0.479762 0.36321
0.480203 0.771643
0.480921 0.84082
0.481539 0.229316
0.481605 0.337107
0.481789 0.424093
0.482837 0.0415712
0.482978 0.41005
0.483557 0.137397
0.486762 0.00907502
0.487588 0.899691
0.488836 0.865039
0.488954 0.85469
0.490014 0.656972
0.490398 0.120857
0.490871 0.0606066
0.491139 0.5662
0.491942 0.0767756
0.492273 0.633717
0.492329 0.566597
0.49238 0.422621
0.492504 0.519165
0.49253 0.949036
0.492978 0.479772
0.493169 0.695987
0.493598 0.906507
0.495075 0.727446
0.495191 0.667627
0.495286 0.268941
0.495521 0.22413
0.495615 0.804453
0.495701 0.244826
0.495707 0.347007
0.49601 0.436487
0.497426 0.242182
0.497459 0.79409
0.502178 0.109654
0.502473 0.0565846
0.502816 0.825613
0.502925 0.654158
0.503162 0.646444
0.503615 0.251499
0.504175 0.674792
0.504208 0.224868
0.504271 0.286797
0.504541 0.81864
0.504758 0.470502
0.505333 0.13358
0.505794 0.872106
0.506874 0.0379149
0.507069 0.30202
0.508031 0.472543
0.508396 0.611226
0.508494 0.257542
0.51003 0.0669121
0.510175 0.513302
0.510299 0.602332
0.510505 0.0607891
0.510604 0.728087
0.510657 0.619934
0.510729 0.81495
0.510735 0.915495
0.511594 0.36644
0.512261 0.570193
0.512664 0.339979
0.513112 0.86533
0.513429 0.196723
0.51386 0.438408
0.51396 0.133928
0.515346 0.417502
0.515563 0.066711
0.517185 0.323678
0.517744 0.717606
0.519704 0.66943
0.520543 0.76091
0.52281 0.869505
0.523872 0.713181
0.523916 0.448868
0.5244 0.593238
0.525846 0.888973
0.526226 0.288313
0.526439 0.858397
0.527313 0.543585
0.527481 0.371957
0.52779 0.573785
0.52891 0.383665
0.528979 0.542069
0.52916 0.588554
0.530888 0.632155
0.531056 0.461474
0.531157 0.150796
0.531499 0.909063
0.531737 0.910998
0.532523 0.108652
0.532731 0.611296
0.534326 0.420235
0.534428 0.139461
0.535239 0.765311
0.535341 0.47232
0.535633 0.381911
0.536484 0.682652
0.537542 0.4717
0.538157 0.805184
0.538262 0.564082
0.538638 0.88249
0.538882 0.994371
0.539233 0.890296
0.540181 0.819657
0.540218 0.450674
0.541848 0.845565
0.544274 0.617356
0.545515 0.464753
0.5459 0.935611
0.5461 0.294751
0.547205 0.875499
0.547463 0.215158
0.547494 0.739627
0.547718 0.490641
0.548133 0.467129
0.548727 0.457998
0.550159 0.516234
0.550476 0.853599
0.550893 0.854975
0.551078 0.971857
0.551202 0.0464166
0.551224 0.430151
0.551357 0.662232
0.551524 0.467015
0.551908 0.916976
0.552949 0.420878
0.55324 0.311913
0.553436 0.604451
0.553592 0.218137
0.553609 0.503901
0.554673 0.384032
0.555014 0.116566
0.555039 0.545592
0.555283 0.637828
0.555327 0.382288
0.555608 0.103483
0.555636 0.56714
0.556423 0.793587
0.557906 0.722029
0.55823 0.167632
0.558384 0.767208
0.558389 0.844634
0.558713 0.297641
0.560404 0.711118
0.560997 0.678234
0.561303 0.813538
0.562304 0.639731
0.562357 0.526521
0.562919 0.971876
0.56347 0.238
0.565099 0.625072
0.566451 0.346079
0.566796 0.136457
0.566885 0.63347
0.56721 0.101316
0.56943 0.416896
0.569771 0.149414
0.569796 0.561645
0.570049 0.807951
0.570276 0.624652
0.57068 0.411171
0.570992 0.669998
0.571333 0.397695
0.57179 0.0708084
0.572185 0.710512
0.573165 0.186068
0.574245 0.328743
0.574352 0.129512
0.574568 0.757919
0.575427 0.198055
0.576492 0.101657
0.577341 0.363979
0.577622 0.0927337
0.578289 0.2959
0.57861 0.698427
0.578794 0.785804
0.579143 0.653538
0.579243 0.332185
0.579661 0.357463
0.579841 0.396356
0.579861 0.724054
0.580272 0.626559
0.580434 0.350151
0.580577 0.759358
0.581802 0.350692
0.582 0.682292
0.582564 0.149224
0.582603 0.801044
0.582788 0.921816
0.582894 0.693831
0.582903 0.856925
0.584096 0.906933
0.585065 0.19237
0.585387 0.606895
0.585839 0.189051
0.586093 0.46368
0.586482 0.997877
0.587046 0.485847
0.587314 0.985242
0.587566 0.227369
0.587829 0.640855
0.588226 0.312154
0.589061 0.345945
0.590403 0.895969
0.590547 0.330697
0.590558 0.513928
0.591191 0.145785
0.591246 0.0691087
0.59132 0.322729
0.591637 0.648581
0.591651 0.886275
0.592146 0.200948
0.592462 0.507578
0.592868 0.331781
0.593458 0.246327
0.593599 0.626357
0.595028 0.6338
0.596058 0.938638
0.596768 0.878876
0.597041 0.466271
0.59795 0.748798
0.598611 0.848727
0.598646 0.436925
0.598904 0.781398
0.599035 0.986532
0.600138 0.517989
0.600148 0.685458
0.601632 0.63003
0.601655 0.0150635
0.601868 0.599447
0.602051 0.679256
0.603408 0.47563
0.604381 0.836335
0.604409 0.298012
0.604624 0.918984
0.604838 0.520812
0.605664 0.403343
0.60636 0.0937003
0.60719 0.0500419
0.607754 0.527603
0.608603 0.784908
0.609301 0.521315
0.609356 0.444835
0.609797 0.866667
0.609974 0.835201
0.610205 0.70707
0.610211 0.824841
0.610499 0.662774
0.610884 0.125962
0.611605 0.237965
0.612502 0.325037
0.612728 0.114862
0.61305 0.522938
0.614503 0.957567
0.615241 0.347273
0.615274 0.906577
0.615671 0.581038
0.615853 0.641086
0.61588 0.0923776
0.616256 0.408398
0.616541 0.199631
0.616741 0.572616
0.617046 0.698286
0.617552 0.194365
0.617899 0.0340497
0.618643 0.524763
0.619193 0.772761
0.619679 0.938474
0.620708 0.238632
0.620964 0.545999
0.621715 0.162028
0.621722 0.279596
0.623051 0.618245
0.624283 0.326771
0.62435 0.454762
0.625773 0.36533
0.625776 0.421938
0.625845 0.582064
0.625978 0.813417
0.629181 0.642833
0.629633 0.242002
0.629772 0.570738
0.630771 0.363982
0.631134 0.464575
0.631606 0.394714
0.63165 0.138806
0.631929 0.838415
0.631975 0.610964
0.632542 0.141447
0.632587 0.885836
0.633256 0.126843
0.635026 0.885039
0.635643 0.251691
0.635741 0.906992
0.635861 0.921397
0.636475 0.228233
0.636486 0.419024
0.636533 0.2183
0.637139 0.401173
0.637216 0.681528
0.638575 0.537336
0.638791 0.167081
0.638826 0.743751
0.639318 0.0201912
0.639438 0.0381892
0.640025 0.903351
0.64102 0.624561
0.641037 0.905575
0.641528 0.158027
0.641741 0.733755
0.641963 0.479064
0.642189 0.262565
0.642239 0.107179
0.643632 0.519066
0.643704 0.730338
0.644802 0.183852
0.645607 0.711724
0.646522 0.0927306
0.646851 0.62498
0.647811 0.755487
0.647969 0.416601
0.647978 0.572111
0.64855 0.17977
0.65017 0.411684
0.65117 0.217169
0.654357 0.7731
0.654426 0.942703
0.654585 0.609218
0.655022 0.956872
0.655871 0.227317
0.656952 0.389518
0.656952 0.397845
0.656986 0.955177
0.657065 0.29599
0.657648 0.0843129
0.65783 0.145237
0.658931 0.651838
0.659433 0.0985955
0.660356 0.599432
0.660862 0.104348
0.660864 0.145819
0.660891 0.587219
0.661107 0.232491
0.66229 0.115429
0.66284 0.353652
0.663571 0.634744
0.663579 0.771744
0.664283 0.602507
0.664316 0.162116
0.66446 0.571573
0.666149 0.964608
0.667928 0.863396
0.668955 0.126168
0.669081 0.243107
0.669583 0.67908
0.66992 0.348932
0.669964 0.0918346
0.670533 0.653208
0.671614 0.823079
0.673174 0.0304828
0.67372 0.211784
0.673924 0.637011
0.674524 0.727572
0.675488 0.934676
0.675652 0.67997
0.67597 0.0279241
0.677219 0.025118
0.67725 0.537573
0.677708 0.237468
0.678242 0.217546
0.67908 0.294492
0.679651 0.898112
0.680089 0.259008
0.680095 0.349872
0.680135 0.0278552
0.680465 0.579936
0.680541 0.847252
0.680881 0.571287
0.682015 0.623863
0.682333 0.976943
0.682614 0.688691
0.68295 0.342546
0.683396 0.829306
0.68378 0.289324
0.685023 0.181018
0.68519 0.992986
0.685928 0.385517
0.686805 0.12754
0.68725 0.614519
0.687394 0.0301359
0.688931 0.870827
0.689301 0.0843225
0.68997 0.320641
0.690034 0.409085
0.690309 0.027778
0.6904 0.557896
0.691118 0.621735
0.691745 0.151301
0.691826 0.518748
0.692243 0.525407
0.692578 0.160526
0.692707 0.322224
0.692707 0.330355
0.692942 0.277898
0.693216 0.888584
0.693332 0.823654
0.694355 0.0328458
0.69482 0.846137
0.69533 0.410009
0.695677 0.248997
0.695907 0.107084
0.696028 0.136954
0.697536 0.484389
0.697766 0.349175
0.698296 0.259481
0.699635 0.759322
0.700084 0.317137
0.70087 0.524691
0.701366 0.865339
0.701388 0.226424
0.7038 0.759574
0.704555 0.454986
0.70516 0.62824
0.70579 0.216817
0.706234 0.668757
0.70697 0.0427245
0.707088 0.0342693
0.707103 0.288079
0.707186 0.682503
0.707281 0.269816
0.707391 0.12796
0.708221 0.076898
0.70841 0.251211
0.708884 0.220302
0.710346 0.781374
0.710635 0.6351
0.710672 0.269106
0.711142 0.156334
0.711332 0.363963
0.711344 0.565625
0.711452 0.368429
0.711881 0.586181
0.713521 0.143845
0.713975 0.782224
0.714844 0.381299
0.715776 0.0449865
0.71606 0.819432
0.718716 0.466669
0.718918 0.85425
0.719139 0.574413
0.719497 0.588078
0.720612 0.325752
0.721138 0.160252
0.721819 0.619935
0.721842 0.994677
0.723143 0.86077
0.723878 0.219883
0.724014 0.50847
0.72489 0.220659
0.725091 0.601728
0.725715 0.0864101
0.726137 0.190672
0.726332 0.466821
0.72707 0.861004
0.72739 0.236232
0.727837 0.759987
0.728992 0.168953
0.729055 0.226741
0.729366 0.462582
0.730619 0.510937
0.730738 0.514347
0.731572 0.528971
0.732645 0.567461
0.733448 0.0572808
0.73419 0.530839
0.734451 0.923584
0.73463 0.930945
0.734825 0.20257
0.735398 0.83428
0.735768 0.0541222
0.73605 0.78582
0.737373 0.024589
0.737551 0.0243503
0.737754 0.423734
0.73806 0.579628
0.73858 0.306453
0.740225 0.97014
0.742527 0.643338
0.7433 0.637631
0.743816 0.318655
0.74387 0.217569
0.744823 0.238999
0.746594 0.0046462
0.746713 0.00439312
0.747143 0.231466
0.747227 0.636307
0.747943 0.675165
0.748251 0.857458
0.749237 0.422845
0.750902 0.418104
0.751825 0.920044
0.753429 0.887741
0.753591 0.599891
0.754441 0.887413
0.754485 0.624751
0.754634 0.128602
0.75471 0.417175
0.754809 0.0821328
0.755579 0.00887652
0.75572 0.380298
0.75607 0.265657
0.756717 0.137807
0.756859 0.527784
0.757226 0.691363
0.757518 0.598066
0.75762 0.31197
0.758804 0.213073
0.758878 0.464259
0.760147 0.794677
0.760328 0.831629
0.760802 0.793347
0.760962 0.487943
0.761974 0.504536
0.762049 0.755197
0.762106 0.717309
0.762138 0.248046
0.762328 0.448053
0.762365 0.0735987
0.763104 0.494336
0.763873 0.410342
0.763952 0.747446
0.764625 0.0591715
0.764664 0.709183
0.766407 0.997116
0.768775 0.801959
0.768801 0.246333
0.769947 0.495233
0.770589 0.282584
0.771407 0.0300243
0.771839 0.299062
0.772931 0.654997
0.773022 0.17887
0.773802 0.285651
0.776285 0.0283351
0.776695 0.917043
0.776718 0.301443
0.776797 0.627574
0.776871 0.863592
0.777497 0.388729
0.77846 0.582708
0.779422 0.738384
0.779475 0.635732
0.77992 0.115104
0.780164 0.216278
0.780938 0.228008
0.782246 0.206096
0.782317 0.404321
0.782444 0.529282
0.782945 0.948616
0.783364 0.992834
0.783656 0.912678
0.784339 0.384335
0.784994 0.399183
0.786091 0.835354
0.786223 0.0555929
0.786532 0.237933
0.78703 0.616711
0.787184 0.207998
0.787541 0.198935
0.787623 0.579734
0.787958 0.210681
0.787987 0.704572
0.788328 0.433099
0.788975 0.300881
0.789235 0.674397
0.790207 0.0107376
0.791152 0.883561
0.791243 0.415636
0.791416 0.328837
0.792243 0.220619
0.792461 0.898528
0.794336 0.410089
0.795815 0.263045
0.796487 0.564839
0.797877 0.917864
0.798429 0.18866
0.799001 0.813764
0.79961 0.0449884
0.799683 0.267452
0.800243 0.683529
0.800527 0.457802
0.80056 0.0124566
0.801907 0.650903
0.802567 0.745454
0.803271 0.583448
0.803842 0.170336
0.80393 0.650709
0.804895 0.873818
0.805027 0.0885316
0.805036 0.240629
0.805201 0.0131597
0.807751 0.871493
0.808444 0.524229
0.808583 0.849764
0.808846 0.269205
0.808942 0.890038
0.80919 0.0609373
0.80942 0.922084
0.810474 0.633189
0.810919 0.114032
0.811224 0.244499
0.811904 0.666013
0.812333 0.888484
0.813016 0.363358
0.813624 0.575572
0.813962 0.265014
0.814637 0.603231
0.814704 0.73008
0.815911 0.0150194
0.816477 0.536518
0.81648 0.580369
0.816698 0.24138
0.817391 0.883981
0.817781 0.446274
0.818137 0.429205
0.820207 0.213401
0.820999 0.53223
0.821585 0.382389
0.821649 0.458374
0.822514 0.000988854
0.823111 0.0345351
0.824101 0.660099
0.824573 0.592015
0.825138 0.0935715
0.825238 0.774918
0.825673 0.0777034
0.826105 0.339744
0.826146 0.033419
0.8265 0.988503
0.826862 0.0775909
0.827155 0.990907
0.82818 0.227405
0.828532 0.136228
0.828633 0.828015
0.829034 0.580904
0.829685 0.519069
0.830277 0.473381
0.831137 0.923888
0.831254 0.888893
0.831615 0.949516
0.832012 0.621942
0.832249 0.605846
0.833013 0.448722
0.833352 0.142844
0.835165 0.618624
0.83527 0.386977
0.835572 0.453479
0.836494 0.953446
0.837049 0.288888
0.838925 0.812212
0.83901 0.248069
0.839545 0.237946
0.840224 0.64167
0.840421 0.960246
0.840964 0.0861295
0.841171 0.566391
0.841477 0.695159
0.842337 0.16081
0.842769 0.414844
0.843571 0.889763
0.84368 0.736355
0.844894 0.135552
0.845604 0.067251
0.84606 0.722802
0.846238 0.73039
0.846483 0.842802
0.846529 0.620994
0.846568 0.274801
0.84673 0.991858
0.846886 0.618716
0.847152 0.0880348
0.847208 0.0203824
0.847527 0.381359
0.847843 0.69537
0.848084 0.746815
0.848762 0.146204
0.849505 0.634389
0.849628 0.699831
0.84978 0.257731
0.849949 0.0950556
0.850035 0.539929
0.851248 0.919622
0.852162 0.284358
0.852853 0.892155
0.852986 0.133807
0.853981 0.867367
0.854173 0.0787143
0.854231 0.0685935
0.854344 0.965197
0.85471 0.116973
0.854859 0.611723
0.856578 0.497959
0.85765 0.530493
0.858184 0.495912
0.860368 0.205247
0.860631 0.61881
0.860809 0.609923
0.86151 0.401718
0.861594 0.818322
0.862369 0.83568
0.862504 0.107589
0.862719 0.726635
0.863895 0.489164
0.864258 0.587479
0.864472 0.183085
0.865312 0.298561
0.865417 0.0708888
0.865443 0.496956
0.866113 0.768932
0.867674 0.98874
0.868468 0.338969
0.869137 0.590814
0.870333 0.695419
0.870386 0.584933
0.870613 0.394934
0.870726 0.28429
0.871048 0.698119
0.871442 0.333001
0.872062 0.74428
0.872217 0.349576
0.873404 0.300643
0.875688 0.682026
0.875738 0.533394
0.876606 0.114993
0.876624 0.4109
0.876633 0.577359
0.877667 0.942961
0.878593 0.518359
0.878705 0.389065
0.879173 0.267057
0.879273 0.949664
0.880474 0.123148
0.881519 0.69636
0.882102 0.481278
0.882613 0.0784979
0.883227 0.398184
0.883287 0.400836
0.883741 0.0392392
0.884469 0.268919
0.884828 0.30395
0.884946 0.288616
0.885293 0.117281
0.885466 0.0248395
0.88561 0.45236
0.886864 0.531449
0.887891 0.783718
0.888027 0.0660277
0.889265 0.884976
0.889296 0.395928
0.889414 0.375405
0.889438 0.785742
0.889775 0.444786
0.889796 0.793615
0.892526 0.680025
0.893523 0.43949
0.894246 0.597191
0.8945 0.866585
0.89465 0.379742
0.895592 0.220861
0.895684 0.756191
0.896164 0.826548
0.896369 0.268961
0.896423 0.173587
0.897082 0.259256
0.89852 0.430997
0.899431 0.735556
0.900234 0.232678
0.900313 0.565743
0.900487 0.490763
0.900741 0.756517
0.902169 0.74819
0.902729 0.164282
0.903612 0.00189678
0.903754 0.401266
0.904532 0.464752
0.905375 0.635145
0.905407 0.173669
0.906864 0.65899
0.906907 0.39308
0.906926 0.697761
0.906942 0.981631
0.907408 0.805425
0.907823 0.788487
0.908383 0.192802
0.908592 0.707851
0.910078 0.674407
0.910641 0.137466
0.910969 0.649077
0.911816 0.895612
0.913015 0.0457819
0.913276 0.424127
0.91367 0.0462761
0.916567 0.740678
0.917358 0.0293753
0.918349 0.686354
0.919184 0.730649
0.919776 0.675053
0.91981 0.250166
0.919862 0.123205
0.920059 0.434424
0.920368 0.619637
0.921745 0.76664
0.922019 0.375378
0.922173 0.966704
0.92219 0.254957
0.922405 0.865348
0.923048 0.661292
0.923088 0.33652
0.923529 0.747324
0.923574 0.50656
0.923654 0.84991
0.924261 0.0504707
0.924428 0.858556
0.925553 0.769318
0.925571 0.0786166
0.926342 0.0289959
0.926934 0.983433
0.927016 0.35459
0.927438 0.452997
0.928657 0.931804
0.929495 0.0177499
0.931278 0.988784
0.934637 0.442937
0.934751 0.36053
0.935896 0.60054
0.937688 0.724001
0.938077 0.257634
0.938528 0.841902
0.939367 0.942468
0.940687 0.123385
0.940972 0.91576
0.94098 0.0589434
0.941016 0.658209
0.942051 0.0591623
0.94257 0.774693
0.943037 0.61688
0.943236 0.973046
0.943914 0.354332
0.944093 0.370497
0.944471 0.720156
0.944497 0.152398
0.944952 0.810469
0.945257 0.939708
0.94714 0.577727
0.947563 0.686176
0.948231 0.91185
0.948338 0.710678
0.948463 0.816809
0.948802 0.517928
0.949878 0.596684
0.949929 0.462664
0.949989 0.462491
0.950182 0.709941
0.950226 0.449658
0.95058 0.405901
0.950715 0.661875
0.951803 0.958471
0.952377 0.605958
0.9532 0.42922
0.953259 0.426605
0.953313 0.339731
0.95487 0.498399
0.954895 0.913565
0.955038 0.317199
0.9552 0.0437107
0.955288 0.524687
0.955608 0.911999
0.956603 0.626948
0.95804 0.777238
0.959087 0.377302
0.960492 0.990812
0.960552 0.000429465
0.960883 0.560431
0.961018 0.826689
0.961608 0.744703
0.961634 0.182001
0.96222 0.0382721
0.962654 0.32931
0.963215 0.754951
0.963466 0.9728
0.963723 0.285959
0.964019 0.274417
0.964641 0.719348
0.964718 0.0114348
0.964929 0.553681
0.965254 0.0316854
0.965477 0.764277
0.965724 0.916463
0.966159 0.229266
0.966173 0.476039
0.966849 0.82411
0.967638 0.0858458
0.969085 0.405654
0.970324 0.236029
0.971356 0.576712
0.971634 0.254376
0.971827 0.497992
0.972714 0.397481
0.973254 0.478198
0.973546 0.384001
0.97405 0.856156
0.97524 0.866538
0.975491 0.0794574
0.975608 0.0516868
0.975693 0.465716
0.975911 0.132143
0.97636 0.687814
0.976939 0.417141
0.977212 0.00405897
0.977371 0.672123
0.977654 0.434492
0.977954 0.473257
0.978791 0.541344
0.978874 0.940198
0.979876 0.768066
0.980495 0.181598
0.980782 0.00629634
0.98086 0.316298
0.980889 0.799951
0.981083 0.0629683
0.98175 0.276105
0.982381 0.884576
0.982382 0.890978
0.982514 0.118731
0.983144 0.701054
0.983668 0.512552
0.984057 0.0455512
0.984528 0.965164
0.985541 0.993128
0.986409 0.575948
0.986419 0.745756
0.989175 0.0566998
0.989241 0.173202
0.989343 0.884844
0.990017 0.215815
0.990568 0.478182
0.990987 0.512249
0.991032 0.28065
0.99114 0.0873669
0.991478 0.777787
0.992181 0.587864
0.992367 0.709482
0.993335 0.977749
0.993403 0.119538
0.993926 0.916033
0.993927 0.922693
0.994469 0.036805
0.994494 0.462865
0.994747 0.706353
0.99569 0.561263
0.997071 0.777131
0.997861 0.0577435
0.997961 0.726114
0.998199 0.731032
0.998259 0.740438
0.998658 0.444052
0.998861 0.854063
0.999662 0.314714
0.999741 0.649846
0.999922 0.685139
