0.00034833 0.854398
0.000415097 0.976535
0.00139621 0.46603
0.00155898 0.201729
0.0016877 0.365243
0.00334818 0.272894
0.00443783 0.586614
0.00523472 0.979958
0.00582621 0.921169
0.00676907 0.767782
0.0068998 0.964957
0.00788752 0.565523
0.00807868 0.77842
0.0116785 0.280778
0.0117008 0.655497
0.012971 0.00428271
0.0136033 0.630254
0.0152167 0.747434
0.0165443 0.0593089
0.0166937 0.571401
0.0171141 0.636797
0.0177068 0.598208
0.0191768 0.30431
0.0207231 0.292787
0.020801 0.602475
0.0214413 0.363529
0.022133 0.989608
0.0248861 0.260207
0.0258906 0.143039
0.0270266 0.235671
0.0292739 0.00713749
0.0298528 0.736081
0.030788 0.454335
0.0336332 0.272566
0.0368652 0.593736
0.0379712 0.181614
0.0387389 0.0847138
0.0387592 0.425388
0.0401001 0.962749
0.0401144 0.201938
0.0404262 0.442788
0.0443983 0.202821
0.0462345 0.0633849
0.0464124 0.0535041
0.0487061 0.603522
0.0489351 0.452687
0.0495402 0.622428
0.0534983 0.145949
0.0578811 0.807689
0.0589681 0.0773306
0.0600379 0.0568409
0.0633337 0.449942
0.0654024 0.217703
0.0666942 0.929522
0.0672247 0.845056
0.0699496 0.643294
0.0714284 0.497526
0.0737121 0.879301
0.0756379 0.246417
0.0766188 0.732148
0.0767423 0.808585
0.0776549 0.146281
0.0808353 0.598497
0.0836124 0.274149
0.08608 0.746784
0.086117 0.368613
0.0889597 0.146367
0.0898724 0.484673
0.0908466 0.858909
0.0914019 0.191862
0.0915301 0.346274
0.0931236 0.128923
0.0938505 0.345361
0.0969871 0.0619845
0.09981 0.506656
0.101547 0.698731
0.102334 0.932754
0.103482 0.221491
0.10528 0.433428
0.106315 0.842435
0.108087 0.622584
0.110773 0.76228
0.111209 0.0979284
0.111271 0.136096
0.11197 0.881676
0.112054 0.298069
0.11237 0.59822
0.112556 0.73279
0.115011 0.992869
0.11584 0.930889
0.11601 0.777269
0.117165 0.197669
0.117511 0.0125358
0.118094 0.81288
0.11925 0.226557
0.119614 0.347192
0.120834 0.858603
0.122555 0.783236
0.123007 0.371793
0.123784 0.442127
0.126198 0.00835938
0.12893 0.926177
0.129888 0.0246816
0.131918 0.152019
0.132914 0.892012
0.132917 0.940168
0.133986 0.895299
0.134945 0.01949
0.135491 0.198358
0.135817 0.680776
0.143928 0.00396656
0.144508 0.743382
0.146332 0.394739
0.147192 0.848979
0.147655 0.63314
0.148698 0.174171
0.148856 0.82493
0.150496 0.383932
0.15158 0.606138
0.151998 0.633514
0.155068 0.232743
0.155456 0.754785
0.155493 0.372364
0.156837 0.956479
0.156907 0.130638
0.159798 0.717897
0.161406 0.744557
0.164264 0.780964
0.165077 0.448466
0.168142 0.957058
0.168952 0.576467
0.171446 0.495244
0.178005 0.73338
0.179074 0.701041
0.180421 0.343127
0.183559 0.0705269
0.185808 0.872008
0.188023 0.10045
0.188311 0.935628
0.188427 0.894106
0.190736 0.69269
0.190796 0.701532
0.191076 0.422226
0.191794 0.483217
0.192516 0.618871
0.19385 0.0339371
0.194002 0.599343
0.198998 0.564616
0.204614 0.944203
0.205105 0.20316
0.206527 0.106488
0.208248 0.0318096
0.212228 0.923208
0.213663 0.0306016
0.214404 0.495715
0.216336 0.951684
0.217109 0.955627
0.217357 0.126424
0.218486 0.0956021
0.219353 0.662213
0.221829 0.273398
0.225286 0.379549
0.227921 0.660927
0.22797 0.49172
0.228205 0.44215
0.228415 0.966833
0.233598 0.0861803
0.236065 0.542341
0.236757 0.175926
0.237381 0.667189
0.23751 0.829466
0.238118 0.0414227
0.239733 0.194549
0.241004 0.55664
0.241057 0.444369
0.241493 0.776793
0.242753 0.947489
0.245252 0.957819
0.247148 0.813115
0.249046 0.717278
0.25058 0.492579
0.25185 0.839823
0.254712 0.945134
0.257546 0.567488
0.259109 0.843677
0.261953 0.64491
0.262048 0.23454
0.262655 0.434537
0.26306 0.247595
0.263489 0.451525
0.263817 0.979853
0.265421 0.932758
0.265871 0.489321
0.266392 0.242763
0.270963 0.078902
0.274552 0.401567
0.276495 0.0538679
0.276776 0.770468
0.277668 0.762881
0.279142 0.543028
0.282611 0.843179
0.283908 0.644908
0.284121 0.229518
0.285274 0.599187
0.286785 0.996828
0.287363 0.715934
0.287376 0.933546
0.287758 0.350629
0.287911 0.91274
0.291449 0.391166
0.295603 0.192072
0.296069 0.0263385
0.298272 0.0502462
0.298737 0.865627
0.301752 0.542714
0.305905 0.343754
0.306589 0.846959
0.307084 0.166186
0.309293 0.279831
0.310028 0.644907
0.310087 0.631946
0.312599 0.846638
0.314554 0.711636
0.31599 0.842141
0.316187 0.157164
0.316247 0.16819
0.317015 0.0643011
0.318369 0.835248
0.320312 0.482313
0.320928 0.828578
0.321237 0.037856
0.321603 0.188373
0.321924 0.581657
0.324011 0.645497
0.325036 0.876681
0.325696 0.975404
0.326436 0.402786
0.326611 0.354502
0.326723 0.226827
0.329823 0.336383
0.329982 0.011467
0.331977 0.529662
0.333142 0.120904
0.333281 0.453404
0.335812 0.992366
0.336718 0.223694
0.33711 0.809005
0.3397 0.342198
0.34271 0.931668
0.344822 0.429199
0.346749 0.80523
0.347307 0.195981
0.347941 0.845079
0.349994 0.342079
0.351433 0.540438
0.35145 0.816059
0.351824 0.112256
0.352538 0.0989818
0.353432 0.129743
0.354648 0.566592
0.355596 0.501816
0.356844 0.470968
0.357105 0.864167
0.357346 0.922148
0.359781 0.846295
0.36401 0.923056
0.364112 0.628806
0.364429 0.952819
0.364899 0.848936
0.364992 0.420698
0.365157 0.186921
0.365326 0.0316729
0.365503 0.00322004
0.367473 0.121722
0.367518 0.875551
0.367715 0.17849
0.370798 0.00961405
0.371154 0.992779
0.371956 0.460537
0.372441 0.609305
0.376488 0.638783
0.376625 0.929812
0.377655 0.239988
0.377888 0.170884
0.379673 0.162219
0.380423 0.764951
0.380551 0.9121
0.380664 0.811763
0.381022 0.830719
0.381773 0.462745
0.382442 0.698774
0.383212 0.644027
0.385279 0.382509
0.390775 0.757474
0.391215 0.144839
0.392751 0.972914
0.393508 0.69294
0.396783 0.729432
0.398423 0.293052
0.398925 0.734879
0.400522 0.566607
0.401223 0.347602
0.403819 0.989151
0.411183 0.745744
0.413519 0.0203428
0.415301 0.970105
0.415608 0.122251
0.415696 0.595925
0.415961 0.0483383
0.417635 0.195805
0.419916 0.530708
0.422647 0.433037
0.423106 0.150752
0.426114 0.703009
0.426308 0.951296
0.430213 0.591642
0.432279 0.314206
0.438176 0.432113
0.441841 0.0243161
0.442997 0.454225
0.443927 0.0876948
0.446884 0.779591
0.447519 0.453976
0.449974 0.714305
0.450925 0.691063
0.450982 0.661611
0.451651 0.904637
0.45239 0.326086
0.452913 0.104729
0.452998 0.538285
0.457285 0.592873
0.457757 0.514489
0.459416 0.412052
0.462369 0.0360696
0.463066 0.753342
0.467093 0.43486
0.467875 0.576281
0.468434 0.976768
0.470038 0.921939
0.470182 0.355596
0.472036 0.501368
0.472729 0.154229
0.473854 0.0710021
0.476252 0.36821
0.47634 0.846846
0.477804 0.458555
0.479576 0.232819
0.480235 0.313643
0.481611 0.435077
0.482308 0.14803
0.486132 0.42204
0.48711 0.857228
0.490819 0.19321
0.491868 0.831029
0.491968 0.504737
0.493231 0.732832
0.493783 0.00888006
0.494569 0.216348
0.494803 0.159116
0.495932 0.133131
0.496054 0.177613
0.496391 0.843693
0.497125 0.180204
0.50123 0.172122
0.501315 0.602305
0.503035 0.517397
0.503544 0.0647003
0.503729 0.169311
0.504722 0.862002
0.509778 0.837339
0.510075 0.824802
0.510603 0.704561
0.511432 0.6365
0.51155 0.613136
0.512214 0.779502
0.512422 0.284323
0.512722 0.326312
0.513883 0.829789
0.517555 0.543395
0.517859 0.650688
0.522721 0.375381
0.523215 0.670565
0.526809 0.0834055
0.526881 0.292893
0.528439 0.479306
0.528808 0.671255
0.530466 0.537153
0.530667 0.919639
0.531258 0.854823
0.531906 0.743354
0.532022 0.697066
0.532201 0.698111
0.533988 0.743213
0.534728 0.172004
0.535807 0.307087
0.536323 0.98059
0.537298 0.365235
0.537982 0.869623
0.539879 0.7486
0.541425 0.731215
0.541505 0.0727407
0.542384 0.844668
0.543322 0.608565
0.543404 0.988166
0.545013 0.040739
0.545119 0.806501
0.545875 0.529086
0.548728 0.477462
0.54919 0.233927
0.551742 0.135383
0.551993 0.343864
0.552243 0.543189
0.552854 0.814101
0.553795 0.628297
0.556279 0.381821
0.557301 0.556326
0.558806 0.854517
0.560632 0.546297
0.561586 0.570741
0.5624 0.254538
0.562701 0.32039
0.564257 0.474512
0.564786 0.350092
0.564793 0.48051
0.564948 0.0813381
0.565282 0.693768
0.566121 0.798537
0.567001 0.594046
0.567484 0.70117
0.567571 0.166149
0.568483 0.48694
0.568746 0.906311
0.569094 0.758682
0.569796 0.56231
0.570497 0.336112
0.572757 0.321114
0.575849 0.286077
0.579406 0.0706942
0.580162 0.788216
0.583282 0.226306
0.583386 0.973684
0.584451 0.876355
0.585871 0.733531
0.587364 0.830326
0.588256 0.822018
0.590815 0.824552
0.592551 0.00855051
0.592811 0.370546
0.593169 0.395027
0.593395 0.188867
0.596199 0.30955
0.599382 0.817193
0.600642 0.996091
0.603591 0.547551
0.60388 0.416578
0.604689 0.00608972
0.60487 0.0520422
0.606814 0.729724
0.611682 0.541024
0.612349 0.748581
0.613253 0.93522
0.616663 0.248645
0.618986 0.298049
0.619026 0.962679
0.623863 0.257666
0.623982 0.270334
0.624748 0.133473
0.62528 0.0735578
0.62588 0.162679
0.626475 0.167057
0.626842 0.337413
0.626843 0.349364
0.628519 0.524004
0.630777 0.46315
0.631289 0.0753184
0.632335 0.660544
0.633322 0.250569
0.636877 0.991836
0.64171 0.214522
0.642806 0.635643
0.643283 0.652263
0.643864 0.42786
0.644886 0.601012
0.645133 0.754012
0.64575 0.112603
0.645912 0.850737
0.645997 0.264422
0.647167 0.930061
0.647352 0.0367222
0.650491 0.804514
0.651395 0.9934
0.654568 0.328408
0.655619 0.994785
0.656459 0.109196
0.65797 0.497507
0.661227 0.243203
0.662645 0.0816271
0.663808 0.62494
0.663989 0.6655
0.665425 0.789524
0.66596 0.795476
0.666527 0.32336
0.667154 0.861097
0.669128 0.0261664
0.671162 0.217038
0.671177 0.472522
0.672201 0.682559
0.673299 0.133029
0.675729 0.978138
0.675922 0.223483
0.676167 0.340552
0.67634 0.243877
0.678184 0.23709
0.678709 0.0635281
0.678724 0.319748
0.678852 0.471154
0.679794 0.293302
0.680355 0.731771
0.680849 0.0311499
0.681231 0.446605
0.681287 0.388187
0.681755 0.264309
0.682729 0.626163
0.683224 0.95119
0.684706 0.861193
0.686364 0.713253
0.687217 0.0599583
0.687431 0.65605
0.688737 0.595922
0.689343 0.79113
0.689708 0.920343
0.693391 0.827847
0.693429 0.456328
0.693857 0.648707
0.694964 0.264712
0.695872 0.525608
0.697452 0.0678862
0.700065 0.00021612
0.702759 0.273547
0.703072 0.530113
0.705681 0.375758
0.705764 0.781968
0.70651 0.320845
0.708473 0.309672
0.708872 0.00380863
0.710971 0.292094
0.711262 0.179364
0.711625 0.274047
0.713737 0.772541
0.714507 0.717089
0.717451 0.194691
0.718289 0.284473
0.719158 0.886286
0.719512 0.829897
0.723834 0.478115
0.724801 0.726652
0.724933 0.944731
0.725525 0.895231
0.731043 0.64454
0.731334 0.526511
0.732667 0.939762
0.733085 0.959741
0.733314 0.800915
0.735715 0.158449
0.738683 0.0446111
0.739903 0.547648
0.740203 0.591062
0.742478 0.823972
0.74342 0.659472
0.746189 0.191072
0.746388 0.549609
0.747163 0.572531
0.751741 0.506375
0.753048 0.474227
0.753797 0.0578857
0.756173 0.998
0.759043 0.236062
0.764111 0.405978
0.765119 0.362268
0.765822 0.178583
0.766938 0.932818
0.767663 0.113216
0.767766 0.849793
0.768544 0.913576
0.771695 0.884479
0.772638 0.725144
0.773373 0.0831217
0.774431 0.859021
0.774552 0.888125
0.775669 0.669126
0.777442 0.466242
0.778019 0.161455
0.778215 0.462085
0.778893 0.853021
0.779651 0.601691
0.78181 0.87343
0.783077 0.168183
0.78357 0.459023
0.784274 0.293589
0.784566 0.201036
0.784851 0.988763
0.785329 0.0284474
0.786029 0.786174
0.786225 0.0795338
0.786297 0.286783
0.787548 0.312582
0.789672 0.0218551
0.790035 0.118511
0.791719 0.427701
0.793113 0.843204
0.793402 0.711073
0.793666 0.152733
0.79597 0.866111
0.796408 0.23168
0.79688 0.157076
0.801028 0.869419
0.803621 0.454
0.805262 0.0461074
0.806075 0.700155
0.806142 0.832263
0.806229 0.293509
0.806424 0.567999
0.808242 0.117567
0.808417 0.0695791
0.810453 0.277434
0.810616 0.0251156
0.811782 0.625396
0.811872 0.13965
0.815012 0.901893
0.815993 0.400498
0.816317 0.839199
0.817636 0.00748346
0.819741 0.382086
0.820917 0.144145
0.823132 0.374004
0.826943 0.434495
0.829365 0.129636
0.83085 0.0960196
0.832117 0.383353
0.832259 0.773682
0.834621 0.469481
0.834771 0.99894
0.835678 0.245608
0.837587 0.318546
0.840459 0.589659
0.8413 0.721186
0.842588 0.380107
0.843297 0.298658
0.844706 0.973487
0.846855 0.0913207
0.849551 0.40646
0.850131 0.145665
0.850179 0.95074
0.857579 0.327541
0.859929 0.824159
0.860782 0.163116
0.861213 0.406194
0.861997 0.579476
0.865321 0.449641
0.866824 0.710429
0.869354 0.227188
0.8703 0.126974
0.870429 0.306187
0.870533 0.045003
0.871096 0.517062
0.873248 0.680617
0.874711 0.274466
0.876005 0.0181936
0.876587 0.797766
0.877088 0.222047
0.877176 0.695431
0.883201 0.963625
0.883319 0.943274
0.885428 0.394214
0.885745 0.71645
0.889476 0.431652
0.891713 0.0213355
0.893024 0.0570338
0.893864 0.173863
0.894599 0.533751
0.896924 0.599988
0.898949 0.643317
0.89915 0.00634729
0.900841 0.426735
0.901233 0.0314159
0.904238 0.521734
0.90431 0.740793
0.904947 0.441569
0.906424 0.267094
0.907663 0.0948156
0.908912 0.0823048
0.909253 0.819159
0.911271 0.728101
0.911705 0.0230284
0.915613 0.710998
0.917491 0.279175
0.919569 0.201992
0.923624 0.342636
0.92376 0.640732
0.924663 0.817604
0.926395 0.916976
0.926459 0.997876
0.928198 0.217508
0.928852 0.214762
0.92946 0.438567
0.930047 0.299589
0.932022 0.486032
0.933715 0.944237
0.934046 0.511713
0.937102 0.865272
0.937859 0.58997
0.937947 0.0688094
0.938286 0.778795
0.939512 0.379325
0.940461 0.335657
0.941769 0.313197
0.946676 0.781223
0.946736 0.797845
0.946757 0.150564
0.953806 0.621485
0.95475 0.485066
0.956588 0.370768
0.957076 0.569993
0.958131 0.314196
0.959546 0.0858611
0.959872 0.573046
0.963893 0.146278
0.969411 0.887157
0.969611 0.243457
0.969705 0.829909
0.969913 0.330855
0.973363 0.314883
0.973494 0.520855
0.977522 0.206544
0.978358 0.267978
0.9793 0.101279
0.979431 0.299064
0.979781 0.185464
0.980096 0.478203
0.980905 0.0765041
0.981113 0.56294
0.981598 0.721069
0.982931 0.128004
0.984612 0.376509
0.98484 0.198352
0.991111 0.598829
0.9914 0.458183
0.991686 0.261398
0.996246 0.909055
0.999438 0.558644
