0.000255832 0.299784
0.000609268 0.239982
0.00127141 0.368673
0.00150083 0.224513
0.00176034 0.586125
0.00324227 0.492873
0.0049041 0.423142
0.00516685 0.83921
0.00565036 0.965634
0.00605778 0.813089
0.00652835 0.721933
0.0065682 0.391776
0.00665079 0.779767
0.00690759 0.0959468
0.00702798 0.119322
0.00727246 0.228298
0.00771379 0.645615
0.00796128 0.805322
0.00893872 0.233059
0.0089621 0.626045
0.00901608 0.533309
0.00917788 0.252627
0.00926963 0.794704
0.00944731 0.780973
0.0105089 0.622363
0.0110075 0.00263579
0.0110751 0.138751
0.0117125 0.852565
0.0125458 0.856616
0.0128501 0.971438
0.0129747 0.0662284
0.0130914 0.0273679
0.0162018 0.304376
0.0182631 0.948199
0.018894 0.551145
0.0196228 0.800375
0.0197189 0.415253
0.0202974 0.139031
0.0208865 0.0390753
0.0214471 0.461429
0.0216746 0.285362
0.0221549 0.356775
0.0228433 0.927749
0.0229003 0.885947
0.0234857 0.723755
0.0237919 0.870423
0.0238204 0.349655
0.0245241 0.176942
0.0246692 0.614622
0.0249316 0.0251015
0.0266561 0.00872174
0.027875 0.494862
0.0285292 0.490738
0.0308753 0.921599
0.0309609 0.35935
0.0309935 0.908307
0.0316243 0.510275
0.0321907 0.0289005
0.0369265 0.624305
0.0369963 0.797587
0.0371437 0.274461
0.0375746 0.515488
0.0377796 0.961712
0.0385446 0.819521
0.0392047 0.913008
0.0392182 0.139715
0.0396208 0.906761
0.0403848 0.748026
0.0406577 0.333965
0.0413913 0.663017
0.0418227 0.914555
0.0418835 0.936068
0.0426831 0.375196
0.0430146 0.945654
0.0431244 0.792121
0.0433403 0.419784
0.0440002 0.512129
0.0445495 0.742838
0.04514 0.668067
0.0458812 0.125652
0.0467794 0.22152
0.0486809 0.180131
0.0493581 0.561551
0.0499622 0.714997
0.0508224 0.171553
0.0529794 0.424681
0.0559938 0.0881423
0.0560363 0.801845
0.0560851 0.622792
0.0561549 0.7958
0.0561619 0.913563
0.0564928 0.475044
0.0565352 0.187862
0.0566391 0.933596
0.0584094 0.686243
0.0586782 0.204672
0.0588476 0.0520306
0.0591673 0.425107
0.0593641 0.731983
0.0595819 0.393495
0.0603521 0.337973
0.0612799 0.931983
0.0631023 0.56105
0.0633416 0.582747
0.063411 0.748211
0.0634668 0.687328
0.0640682 0.793824
0.0646061 0.835292
0.0646272 0.189161
0.0654176 0.473148
0.0660546 0.179621
0.0662268 0.0732563
0.0663177 0.601762
0.0666423 0.0569135
0.0672103 0.604137
0.0673732 0.341308
0.0675995 0.144172
0.0677845 0.253988
0.0686287 0.441912
0.0690845 0.102941
0.0731128 0.806044
0.0731273 0.0512206
0.0733799 0.296134
0.073858 0.331577
0.0748184 0.473283
0.0748592 0.1582
0.0754441 0.988331
0.0761855 0.449414
0.0761887 0.503494
0.0761983 0.664357
0.0766988 0.0764753
0.0769792 0.789828
0.0783037 0.0495248
0.0791284 0.911136
0.0793814 0.163578
0.0797364 0.130222
0.0802322 0.461971
0.0807201 0.663599
0.0820397 0.840916
0.0822689 0.69408
0.0826527 0.143227
0.0843395 0.494125
0.0843696 0.00049093
0.0844588 0.49838
0.0856145 0.922043
0.0858946 0.630723
0.0865221 0.176098
0.0868913 0.382621
0.0871281 0.36283
0.0873582 0.228509
0.0875094 0.769817
0.0889776 0.446273
0.0894445 0.293961
0.0896195 0.235088
0.0896711 0.101373
0.0897693 0.751766
0.090012 0.831441
0.0900795 0.966859
0.090714 0.630475
0.0910317 0.970368
0.0927703 0.190165
0.0934597 0.777668
0.094353 0.791148
0.0944316 0.111128
0.0945648 0.349783
0.0946519 0.814801
0.0967003 0.242694
0.0970173 0.569775
0.0974179 0.30262
0.0976718 0.569213
0.0977023 0.0827398
0.0986682 0.315952
0.0987892 0.350174
0.0998281 0.811376
0.101024 0.915189
0.101056 0.440816
0.101445 0.989632
0.102296 0.292995
0.103174 0.0521972
0.103693 0.77431
0.103728 0.362399
0.10394 0.916776
0.104134 0.184645
0.104284 0.699524
0.10447 0.828624
0.104596 0.940632
0.105052 0.606154
0.105104 0.488812
0.105505 0.217658
0.105571 0.333581
0.105665 0.914202
0.106117 0.505796
0.108698 0.884809
0.109396 0.610644
0.109507 0.476653
0.111065 0.661721
0.111304 0.687675
0.111578 0.297031
0.112084 0.802487
0.112422 0.478459
0.112917 0.801067
0.113456 0.85631
0.113528 0.0639183
0.113999 0.9862
0.114097 0.632594
0.11429 0.876593
0.114419 0.0338374
0.114764 0.845449
0.11489 0.95248
0.11583 0.759844
0.11613 0.798656
0.11703 0.931481
0.117295 0.379347
0.11762 0.834162
0.117767 0.301864
0.11864 0.974897
0.119017 0.312668
0.119534 0.000962666
0.120509 0.387744
0.121297 0.637873
0.121732 0.943758
0.12228 0.162258
0.122318 0.804138
0.123012 0.467353
0.123811 0.898804
0.124129 0.239526
0.124381 0.477411
0.124399 0.766838
0.125241 0.919708
0.125939 0.662635
0.126884 0.53848
0.126997 0.440287
0.127342 0.241278
0.128483 0.417433
0.128576 0.977862
0.128862 0.780357
0.1294 0.821105
0.130892 0.897622
0.131012 0.920425
0.131483 0.827022
0.131831 0.68099
0.132357 0.521743
0.132904 0.719785
0.132929 0.133636
0.134722 0.265024
0.136211 0.296547
0.136669 0.999408
0.13704 0.224025
0.137274 0.165369
0.138109 0.205695
0.138297 0.351105
0.138533 0.329085
0.139159 0.851294
0.139656 0.197569
0.140473 0.929325
0.141383 0.217519
0.141914 0.147398
0.142891 0.563693
0.143766 0.281462
0.144359 0.241472
0.144668 0.430488
0.144807 0.776544
0.147298 0.641131
0.148216 0.0641423
0.148276 0.0704099
0.150813 0.712156
0.151341 0.594748
0.15186 0.310882
0.15268 0.0942531
0.153334 0.0861383
0.153654 0.468223
0.153829 0.404536
0.154237 0.263589
0.15618 0.909864
0.15638 0.283734
0.156468 0.763465
0.156786 0.105862
0.157997 0.463838
0.158072 0.723155
0.158228 0.344073
0.158539 0.569184
0.158704 0.331783
0.159946 0.204999
0.160137 0.429863
0.160523 0.907835
0.16147 0.828752
0.162041 0.419161
0.162331 0.293017
0.162466 0.560817
0.162558 0.118765
0.162565 0.226519
0.162775 0.760657
0.162809 0.323952
0.164005 0.427617
0.164886 0.239568
0.165064 0.232247
0.165102 0.874017
0.165352 0.0687239
0.166242 0.0268722
0.166416 0.956368
0.166722 0.102363
0.167417 0.769789
0.167561 0.190939
0.168368 0.762293
0.170507 0.708424
0.171321 0.396971
0.172002 0.841173
0.173922 0.109419
0.174456 0.0762074
0.174801 0.876361
0.17571 0.160344
0.176694 0.696359
0.177146 0.297298
0.179531 0.384806
0.179595 0.456205
0.180027 0.718669
0.180311 0.492378
0.180485 0.40475
0.180621 0.704685
0.180631 0.871778
0.180855 0.624436
0.181353 0.995137
0.181523 0.850072
0.181623 0.538877
0.182224 0.64621
0.18259 0.790325
0.183496 0.016174
0.184322 0.901593
0.184795 0.856111
0.186344 0.889793
0.186399 0.809235
0.186566 0.616241
0.187033 0.459147
0.18795 0.871663
0.188488 0.911346
0.189069 0.677779
0.189419 0.569211
0.190065 0.419619
0.190432 0.594076
0.190704 0.156458
0.190987 0.92332
0.194841 0.687903
0.195178 0.356973
0.195746 0.896346
0.196274 0.772647
0.197154 0.571763
0.198322 0.203271
0.201227 0.0209146
0.202896 0.0716238
0.20331 0.0368968
0.203401 0.556621
0.203782 0.955602
0.203866 0.381699
0.203959 0.934811
0.20406 0.632147
0.205253 0.692438
0.205289 0.28844
0.205582 0.21276
0.205781 0.554768
0.206363 0.346206
0.207108 0.866894
0.208031 0.376199
0.208143 0.267636
0.208699 0.59821
0.208712 0.81835
0.209067 0.791529
0.209718 0.738671
0.210056 0.419418
0.210569 0.0251135
0.210811 0.101173
0.211224 0.0487581
0.214233 0.619884
0.21461 0.953929
0.214971 0.0227696
0.216239 0.328307
0.218607 0.13434
0.218839 0.0349633
0.219054 0.632941
0.219117 0.700552
0.219767 0.624794
0.220136 0.830557
0.221127 0.482253
0.221164 0.0983133
0.22123 0.204383
0.22234 0.87396
0.222374 0.431667
0.223238 0.963442
0.223306 0.105959
0.223843 0.121467
0.224263 0.181095
0.224535 0.761344
0.224689 0.34918
0.22508 0.921671
0.225095 0.164155
0.225569 0.142661
0.226202 0.776146
0.226776 0.42793
0.227058 0.162484
0.229036 0.411562
0.229076 0.0864528
0.22966 0.898763
0.230195 0.881471
0.230713 0.58624
0.232869 0.82377
0.234236 0.80451
0.234566 0.353539
0.234685 0.35025
0.235313 0.907959
0.235351 0.54886
0.236587 0.325836
0.237163 0.00219456
0.238046 0.835113
0.238308 0.250328
0.238411 0.970509
0.238485 0.218072
0.23857 0.652371
0.238853 0.407477
0.238855 0.43944
0.240415 0.657832
0.2436 0.181518
0.245355 0.673242
0.24809 0.654359
0.249144 0.36051
0.249163 0.678073
0.249458 0.643325
0.249936 0.67642
0.251075 0.817755
0.251911 0.866479
0.252603 0.502584
0.25275 0.970707
0.253217 0.819444
0.253231 0.0539616
0.253377 0.511199
0.254278 0.653001
0.254575 0.644143
0.255125 0.877521
0.255264 0.229157
0.255826 0.669433
0.257095 0.00112604
0.2572 0.752472
0.257298 0.410887
0.258018 0.507058
0.258404 0.00102655
0.258545 0.374256
0.260001 0.832262
0.260074 0.0600787
0.260755 0.501777
0.260991 0.471123
0.262388 0.950896
0.262698 0.172752
0.262767 0.325787
0.263966 0.482538
0.26422 0.740138
0.264822 0.861856
0.26516 0.539488
0.265575 0.517228
0.267684 0.957807
0.267818 0.223009
0.268348 0.120369
0.268758 0.00881097
0.269963 0.273519
0.270247 0.0467202
0.270515 0.550357
0.270814 0.578487
0.271263 0.111312
0.271302 0.77545
0.271759 0.452257
0.271976 0.0971228
0.27326 0.677405
0.273319 0.672684
0.273893 0.313308
0.273912 0.636803
0.274417 0.131192
0.275111 0.786612
0.276049 0.554492
0.276375 0.0414735
0.276413 0.669618
0.277109 0.369445
0.277837 0.605966
0.278193 0.58312
0.27894 0.140373
0.279092 0.702218
0.279465 0.97157
0.279946 0.0529617
0.280151 0.505705
0.280575 0.620227
0.282061 0.598335
0.282804 0.0819028
0.282816 0.2874
0.283391 0.957286
0.283831 0.342788
0.286275 0.420857
0.289036 0.836306
0.289348 0.0756373
0.28977 0.167596
0.290084 0.442725
0.292944 0.514657
0.293273 0.0342661
0.293702 0.242477
0.293903 0.621982
0.29473 0.519062
0.295039 0.724224
0.296113 0.766635
0.296224 0.641183
0.298107 0.27986
0.298145 0.923023
0.298875 0.198613
0.299381 0.695726
0.299723 0.446831
0.300425 0.237812
0.300677 0.478507
0.302203 0.130583
0.303544 0.669916
0.303627 0.0550501
0.304645 0.162546
0.305032 0.679705
0.305389 0.66791
0.30743 0.970323
0.308072 0.762871
0.308213 0.142095
0.3086 0.637872
0.3088 0.993835
0.309385 0.837717
0.309875 0.0700241
0.310256 0.473387
0.310607 0.370627
0.311734 0.313164
0.313106 0.372419
0.313781 0.725076
0.314138 0.716772
0.314484 0.525229
0.314699 0.15398
0.314841 0.530481
0.315252 0.448592
0.316409 0.88736
0.317331 0.382155
0.317503 0.281183
0.318181 0.672291
0.318206 0.082698
0.319251 0.655112
0.320442 0.665283
0.320859 0.677076
0.324159 0.133547
0.324198 0.798006
0.324319 0.82412
0.324427 0.640268
0.32443 0.688572
0.324951 0.446866
0.324969 0.758137
0.327682 0.349093
0.328355 0.666532
0.329826 0.392224
0.332413 0.857382
0.333058 0.699752
0.333083 0.122048
0.334324 0.987727
0.335333 0.941631
0.335558 0.72939
0.337074 0.199722
0.337278 0.639701
0.337371 0.197226
0.338335 0.392833
0.338753 0.416843
0.339379 0.936117
0.340137 0.690446
0.340821 0.181536
0.342132 0.215489
0.342593 0.965004
0.343575 0.458599
0.343915 0.179214
0.345018 0.724774
0.346239 0.234565
0.346392 0.817987
0.346863 0.73173
0.347457 0.711477
0.347527 0.883171
0.348391 0.402495
0.34953 0.545919
0.349704 0.469303
0.349799 0.0716424
0.350905 0.660209
0.35199 0.900016
0.354125 0.776695
0.354705 0.534307
0.35592 0.954134
0.35608 0.629422
0.356086 0.729287
0.356453 0.898258
0.357671 0.384053
0.359129 0.877404
0.359517 0.397654
0.360273 0.116513
0.36041 0.408278
0.360962 0.687362
0.361258 0.667476
0.362035 0.718386
0.362126 0.259492
0.362278 0.799798
0.362373 0.408461
0.362475 0.119266
0.362988 0.734127
0.363125 0.0388594
0.364145 0.182075
0.364804 0.255949
0.365755 0.244103
0.366308 0.536179
0.366736 0.735515
0.36696 0.499905
0.368983 0.503734
0.371054 0.309727
0.371926 0.955618
0.37256 0.621347
0.373 0.0134862
0.373579 0.738423
0.374326 0.29606
0.374875 0.52626
0.374903 0.00240875
0.37636 0.481257
0.37697 0.73283
0.377301 0.301527
0.377329 0.777033
0.378838 0.136661
0.379958 0.946721
0.380038 0.29724
0.380248 0.835635
0.380374 0.949201
0.380562 0.0993146
0.381167 0.280912
0.383452 0.68277
0.383492 0.356964
0.384318 0.225533
0.384714 0.882424
0.387769 0.238089
0.388227 0.93609
0.389848 0.170149
0.389917 0.329069
0.390018 0.0330814
0.390449 0.274868
0.390753 0.381018
0.391691 0.155832
0.391708 0.431125
0.393227 0.973123
0.393309 0.33819
0.393378 0.51202
0.393873 0.818725
0.39579 0.0431197
0.397511 0.974468
0.397876 0.109488
0.397938 0.141395
0.39804 0.851441
0.398498 0.56054
0.398502 0.615262
0.398864 0.71396
0.399358 0.0151239
0.400049 0.618092
0.400058 0.775418
0.40028 0.50534
0.40132 0.987234
0.401546 0.784901
0.40218 0.435353
0.40275 0.0210044
0.402957 0.502346
0.403419 0.256047
0.405705 0.683638
0.406034 0.219221
0.406208 0.137032
0.406655 0.655269
0.406681 0.0843109
0.406765 0.504656
0.406942 0.477675
0.407035 0.030074
0.408081 0.612905
0.408288 0.0940425
0.409235 0.00503558
0.409633 0.706685
0.411561 0.105201
0.413596 0.315834
0.413769 0.216545
0.414315 0.390419
0.416478 0.74284
0.417157 0.150736
0.418815 0.0276681
0.419386 0.617624
0.420783 0.101419
0.420937 0.694976
0.421051 0.599617
0.421193 0.994283
0.421949 0.690235
0.422952 0.557164
0.423655 0.367648
0.423783 0.5181
0.423928 0.964114
0.424415 0.148454
0.42518 0.00152763
0.42538 0.361255
0.425713 0.957657
0.425847 0.202784
0.426805 0.31882
0.427419 0.627964
0.427856 0.980353
0.430608 0.221008
0.430818 0.757908
0.431343 0.586679
0.431707 0.691583
0.431945 0.707622
0.435601 0.152596
0.435673 0.350414
0.43575 0.649169
0.43604 0.531117
0.436795 0.213122
0.438109 0.299199
0.438627 0.00422667
0.438743 0.946301
0.439016 0.536388
0.439901 0.422761
0.440301 0.143554
0.440743 0.574911
0.440822 0.898021
0.441381 0.291347
0.441483 0.0129679
0.442318 0.0376103
0.442662 0.813987
0.44367 0.757725
0.443865 0.0418257
0.443919 0.953637
0.444045 0.0703724
0.444701 0.0964901
0.446259 0.268049
0.449395 0.977824
0.449749 0.935366
0.451026 0.397603
0.451134 0.212013
0.454042 0.0900138
0.454343 0.135158
0.454864 0.894493
0.455756 0.893135
0.455972 0.516532
0.456495 0.310765
0.457519 0.528707
0.457799 0.221954
0.459173 0.320082
0.459386 0.903972
0.460253 0.4734
0.461761 0.824309
0.463275 0.269495
0.4633 0.679111
0.463437 0.989956
0.463741 0.100458
0.464238 0.449073
0.464292 0.360423
0.464489 0.660028
0.4648 0.892175
0.465384 0.705135
0.465997 0.00582622
0.466192 0.297198
0.466766 0.944388
0.46693 0.688548
0.468613 0.973171
0.46902 0.813348
0.469952 0.489041
0.46996 0.610882
0.470825 0.16184
0.471617 0.460375
0.472195 0.184709
0.472951 0.890867
0.473803 0.205953
0.474228 0.356218
0.475711 0.267098
0.475977 0.75354
0.477075 0.197828
0.477235 0.885278
0.477583 0.735316
0.477841 0.0805557
0.478594 0.735936
0.479913 0.895971
0.480389 0.899107
0.480783 0.522063
0.48085 0.651251
0.481845 0.371953
0.481962 0.33544
0.482013 0.198164
0.483555 0.113276
0.483938 0.540533
0.484467 0.434474
0.485425 0.530976
0.485449 0.944419
0.485523 0.193328
0.486252 0.442269
0.486802 0.680124
0.488145 0.25066
0.488755 0.511641
0.489126 0.740233
0.489978 0.0610725
0.490411 0.330721
0.492313 0.310119
0.492794 0.386658
0.492982 0.541538
0.493183 0.933071
0.493325 0.31181
0.494069 0.812799
0.495115 0.395466
0.495719 0.545007
0.497488 0.287378
0.498277 0.544692
0.498506 0.388699
0.498998 0.661985
0.499273 0.284372
0.499915 0.0669096
0.500049 0.326116
0.501097 0.934899
0.502039 0.761454
0.503464 0.714472
0.504175 0.672655
0.504945 0.601801
0.50557 0.120207
0.505872 0.19477
0.506707 0.218544
0.506971 0.664939
0.508561 0.389212
0.509707 0.641352
0.511585 0.200677
0.512881 0.994298
0.51434 0.505688
0.514568 0.351504
0.514859 0.23893
0.516978 0.845475
0.518165 0.797363
0.519545 0.985541
0.520091 0.171014
0.520674 0.975757
0.52222 0.958661
0.522392 0.837153
0.522507 0.771745
0.52268 0.680767
0.524092 0.411947
0.524152 0.418629
0.524266 0.336606
0.525015 0.919389
0.525034 0.242712
0.525732 0.97253
0.526347 0.310741
0.526967 0.741569
0.527648 0.186601
0.528044 0.827988
0.528292 0.00740973
0.529012 0.104605
0.532508 0.861965
0.535068 0.893307
0.535309 0.931675
0.535701 0.519936
0.535854 0.101104
0.535943 0.602045
0.536224 0.31827
0.536363 0.661281
0.536592 0.495521
0.537376 0.682327
0.537432 0.627721
0.539358 0.989594
0.539954 0.0120111
0.540652 0.737587
0.540999 0.572138
0.542533 0.343957
0.543681 0.645497
0.543697 0.909833
0.543857 0.596539
0.544384 0.464074
0.547056 0.365301
0.54748 0.487931
0.549844 0.23165
0.55168 0.0898972
0.553172 0.158462
0.55341 0.168952
0.554004 0.148888
0.554079 0.413825
0.554807 0.646604
0.554956 0.142355
0.555613 0.192265
0.556014 0.931692
0.556387 0.190675
0.558155 0.915773
0.558397 0.975866
0.558893 0.315043
0.559488 0.315358
0.560482 0.0203914
0.561173 0.628854
0.561823 0.559443
0.561954 0.7592
0.563102 0.0617505
0.564162 0.877118
0.564856 0.542118
0.564983 0.666766
0.565802 0.440777
0.566173 0.666763
0.567364 0.69488
0.570369 0.198073
0.570399 0.691119
0.57085 0.283707
0.571854 0.149767
0.571925 0.341849
0.572073 0.8237
0.572277 0.254436
0.572583 0.406472
0.572729 0.855366
0.572729 0.856885
0.573907 0.656198
0.573971 0.738538
0.574062 0.258928
0.575826 0.900018
0.575836 0.0693412
0.576303 0.91933
0.577462 0.403797
0.577813 0.302359
0.57944 0.656561
0.580458 0.760574
0.580662 0.188688
0.581153 0.440147
0.582178 0.665453
0.582788 0.912644
0.585946 0.99821
0.586347 0.727439
0.586459 0.615903
0.586737 0.279934
0.586796 0.278829
0.587087 0.173315
0.587763 0.53963
0.588235 0.461989
0.588694 0.182742
0.589304 0.436029
0.589473 0.270779
0.589751 0.940453
0.589859 0.752195
0.591165 0.704706
0.592127 0.872764
0.592525 0.567996
0.592799 0.171028
0.593075 0.818475
0.593824 0.392484
0.594041 0.0547479
0.594803 0.846448
0.595137 0.466689
0.5965 0.369134
0.596942 0.809107
0.597022 0.147683
0.597083 0.166582
0.59711 0.62959
0.597949 0.735227
0.598194 0.841191
0.600998 0.975453
0.601011 0.190616
0.601364 0.127973
0.601675 0.352388
0.60176 0.782704
0.601803 0.496625
0.603166 0.405511
0.605014 0.473998
0.605309 0.430101
0.605637 0.943771
0.606717 0.0868756
0.608301 0.723133
0.608316 0.965641
0.609291 0.357361
0.609325 0.929672
0.609959 0.585391
0.611111 0.941959
0.611344 0.857515
0.611403 0.855087
0.611597 0.113612
0.611955 0.126611
0.612863 0.39675
0.614139 0.838857
0.61793 0.555075
0.620129 0.507637
0.620307 0.498946
0.621351 0.0410482
0.622742 0.432618
0.623601 0.866728
0.624533 0.520469
0.624748 0.142528
0.625134 0.620868
0.625651 0.310063
0.625666 0.566001
0.626989 0.79991
0.628911 0.107013
0.629315 0.889032
0.629628 0.155404
0.630412 0.327801
0.632048 0.8381
0.632522 0.800014
0.632948 0.964178
0.633494 0.139375
0.63385 0.118792
0.63387 0.453072
0.634595 0.63923
0.636378 0.608018
0.636381 0.655923
0.636395 0.894729
0.6372 0.424463
0.637481 0.144147
0.63839 0.426315
0.638825 0.728239
0.639372 0.921515
0.639777 0.727146
0.639943 0.518702
0.640477 0.491368
0.640603 0.617699
0.642716 0.119746
0.642768 0.00868813
0.643424 0.025109
0.643882 0.719189
0.645795 0.872254
0.646197 0.630762
0.646881 0.123316
0.647539 0.183142
0.648263 0.358241
0.648488 0.134104
0.648559 0.337667
0.649629 0.316332
0.649658 0.806959
0.65175 0.9665
0.655129 0.753164
0.655469 0.471767
0.65576 0.357456
0.65581 0.193352
0.655963 0.767977
0.657097 0.828645
0.657955 0.24992
0.657966 0.433284
0.659463 0.598458
0.661523 0.209386
0.661624 0.910792
0.662478 0.261387
0.66269 0.828904
0.663105 0.797934
0.663195 0.32399
0.663835 0.07523
0.664084 0.268098
0.664176 0.803491
0.66539 0.203791
0.665761 0.442088
0.666441 0.879129
0.666998 0.24014
0.667283 0.0253621
0.668094 0.649568
0.668188 0.236192
0.669005 0.960396
0.669992 0.557817
0.670058 0.659934
0.670864 0.203419
0.670977 0.112372
0.671019 0.810007
0.672959 0.423317
0.673278 0.783003
0.674803 0.422431
0.675495 0.0443935
0.676495 0.856272
0.676794 0.879878
0.677173 0.245072
0.677206 0.807991
0.679097 0.580264
0.679816 0.66014
0.679824 0.808144
0.68028 0.465386
0.68092 0.218387
0.68108 0.90759
0.681621 0.00145511
0.681677 0.938569
0.682296 0.347147
0.683854 0.529052
0.684085 0.425113
0.684298 0.00199048
0.686151 0.141588
0.686174 0.529212
0.686617 0.97774
0.686753 0.259181
0.686847 0.831867
0.687451 0.984092
0.688029 0.695857
0.688834 0.238129
0.689283 0.786952
0.689476 0.0304888
0.689632 0.652589
0.691079 0.966199
0.69118 0.666039
0.69164 0.389327
0.692445 0.917355
0.692565 0.936746
0.693486 0.425922
0.694248 0.232116
0.695212 0.425367
0.695352 0.781346
0.696033 0.23289
0.696448 0.204236
0.697118 0.458164
0.697256 0.773822
0.697766 0.360046
0.698044 0.0289603
0.698332 0.863833
0.698467 0.135437
0.699418 0.113056
0.7003 0.938179
0.70144 0.10484
0.701515 0.361708
0.702369 0.710957
0.702855 0.886273
0.702967 0.769641
0.703572 0.930617
0.703669 0.563432
0.703923 0.839095
0.704512 0.740485
0.70502 0.274358
0.705533 0.889062
0.705557 0.294249
0.70647 0.633447
0.706961 0.896324
0.707983 0.0720744
0.708201 0.742329
0.708541 0.449904
0.708752 0.99287
0.709025 0.578191
0.709492 0.426779
0.710131 0.173237
0.710258 0.303567
0.711183 0.859885
0.7114 0.492471
0.711531 0.696462
0.712219 0.261175
0.71351 0.955331
0.713591 0.330455
0.713617 0.762267
0.713862 0.871158
0.715172 0.89118
0.715321 0.399234
0.717799 0.0477434
0.718208 0.917363
0.71839 0.980267
0.718627 0.969547
0.719964 0.427142
0.719974 0.601012
0.720584 0.86323
0.721428 0.0407052
0.72166 0.945445
0.722908 0.91628
0.723934 0.158671
0.72444 0.656762
0.724962 0.438864
0.725568 0.614076
0.725816 0.792684
0.727129 0.862208
0.727569 0.245119
0.72851 0.0628532
0.728946 0.394752
0.729564 0.774764
0.729589 0.206349
0.729846 0.528908
0.730582 0.900026
0.73118 0.939098
0.73262 0.13766
0.73279 0.00989103
0.734183 0.419313
0.735319 0.502599
0.736054 0.864944
0.736631 0.550609
0.737325 0.213245
0.737532 0.702475
0.737591 0.692472
0.737828 0.675953
0.738256 0.86841
0.738748 0.130105
0.739045 0.129449
0.740214 0.779372
0.740453 0.797642
0.740776 0.216416
0.742043 0.515058
0.742055 0.721463
0.742262 0.195479
0.742618 0.186502
0.743025 0.0201121
0.743545 0.760116
0.744426 0.576411
0.745013 0.434271
0.745358 0.230801
0.745426 0.372301
0.745645 0.0558127
0.748229 0.479538
0.748495 0.963109
0.750793 0.585623
0.751697 0.763144
0.751791 0.345479
0.751844 0.247249
0.752057 0.828361
0.753718 0.736521
0.75426 0.854217
0.754862 0.962592
0.756182 0.153409
0.756347 0.922425
0.758612 0.989196
0.758984 0.251215
0.759313 0.77131
0.759327 0.00509145
0.759493 0.805906
0.759604 0.662893
0.763162 0.472499
0.763718 0.802596
0.767222 0.707897
0.767811 0.595591
0.768161 0.484355
0.769078 0.893975
0.769104 0.331086
0.769759 0.348023
0.769937 0.323327
0.770325 0.846332
0.770824 0.240559
0.771152 0.755371
0.771617 0.560719
0.771728 0.434508
0.772744 0.506684
0.773977 0.235809
0.774001 0.64332
0.774317 0.947908
0.774426 0.778081
0.774452 0.21329
0.774972 0.952887
0.776331 0.787915
0.777951 0.0165663
0.778801 0.315327
0.778949 0.791755
0.779222 0.389207
0.779814 0.339105
0.780874 0.148564
0.781126 0.392906
0.781767 0.155807
0.782458 0.772534
0.782761 0.86444
0.783084 0.292473
0.783278 0.558738
0.784006 0.792284
0.784132 0.904027
0.784968 0.950536
0.786451 0.878375
0.786475 0.280658
0.78705 0.946749
0.787893 0.109761
0.788773 0.913918
0.789232 0.624379
0.790466 0.365314
0.790497 0.881478
0.790535 0.519022
0.793916 0.341062
0.795097 0.193312
0.795332 0.148932
0.795375 0.86463
0.796565 0.868258
0.796715 0.391049
0.797237 0.167978
0.797624 0.671033
0.797644 0.00456185
0.797712 0.148816
0.798136 0.263385
0.799452 0.386692
0.801435 0.716522
0.801711 0.356252
0.801901 0.546342
0.801955 0.464743
0.802089 0.71261
0.80328 0.72678
0.803743 0.516514
0.805413 0.569697
0.805546 0.817829
0.805884 0.485216
0.807437 0.585524
0.808149 0.563735
0.808232 0.957596
0.811142 0.858731
0.811276 0.109516
0.812087 0.742425
0.812145 0.725582
0.812217 0.931187
0.812582 0.059688
0.813807 0.661909
0.814817 0.625126
0.815573 0.340784
0.81631 0.715292
0.816505 0.00797031
0.817198 0.651502
0.818522 0.893997
0.821367 0.710053
0.822795 0.722794
0.824856 0.353844
0.826035 0.169037
0.826306 0.732249
0.82654 0.651311
0.827152 0.939472
0.828735 0.55085
0.829572 0.617567
0.829869 0.604466
0.830011 0.00290427
0.830558 0.179948
0.830584 0.625316
0.830692 0.444399
0.830776 0.847307
0.831208 0.107282
0.831541 0.703183
0.832446 0.924923
0.832456 0.0924073
0.832518 0.12746
0.832748 0.000706924
0.833197 0.537336
0.836102 0.366923
0.836806 0.205472
0.836947 0.560403
0.837079 0.791404
0.838004 0.330989
0.83803 0.764765
0.83804 0.937548
0.838129 0.434474
0.838191 0.480054
0.838565 0.763759
0.83898 0.740529
0.839693 0.723248
0.839997 0.821557
0.840267 0.363958
0.841306 0.836147
0.842488 0.698025
0.844302 0.184754
0.845821 0.70699
0.847081 0.888675
0.847269 0.0535649
0.84748 0.600381
0.848013 0.54953
0.849147 0.613939
0.850038 0.585752
0.850067 0.0766767
0.850821 0.745455
0.85184 0.868917
0.852349 0.43772
0.852399 0.276558
0.85259 0.472213
0.852673 0.880153
0.852989 0.192458
0.85351 0.938222
0.854252 0.414308
0.855011 0.169701
0.855242 0.0607838
0.855561 0.416
0.856445 0.268336
0.856616 0.137882
0.857162 0.325171
0.858784 0.58818
0.858956 0.469285
0.859036 0.825032
0.859346 0.0325882
0.859862 0.69497
0.859963 0.401197
0.860116 0.973286
0.861045 0.581587
0.861437 0.179146
0.862277 0.289761
0.864084 0.665668
0.864132 0.47108
0.864323 0.67579
0.864774 0.252679
0.864852 0.567524
0.865163 0.788855
0.865323 0.475585
0.867149 0.179347
0.867853 0.000655613
0.86801 0.637986
0.86863 0.0628972
0.868817 0.206006
0.868821 0.277555
0.869379 0.656621
0.869882 0.10341
0.869941 0.0938136
0.870265 0.545216
0.870535 0.0841035
0.870573 0.727048
0.872167 0.508288
0.872308 0.875476
0.872378 0.0590965
0.872624 0.189604
0.873 0.50665
0.873574 0.152838
0.873621 0.952528
0.873948 0.451296
0.874261 0.700567
0.878131 0.744747
0.878652 0.511643
0.879285 0.146372
0.879663 0.491874
0.880041 0.856998
0.880052 0.0412151
0.880627 0.692381
0.88092 0.6252
0.881021 0.31435
0.881274 0.568482
0.881727 0.17983
0.881731 0.255073
0.882245 0.892027
0.882493 0.0670584
0.883917 0.999516
0.884245 0.500382
0.885971 0.517045
0.886693 0.657677
0.887112 0.691329
0.888331 0.174354
0.889892 0.414018
0.891568 0.586302
0.892466 0.6682
0.892685 0.349263
0.893537 0.684064
0.894237 0.445
0.894718 0.518487
0.894886 0.344346
0.894906 0.680128
0.895223 0.0207332
0.895356 0.241528
0.895553 0.554211
0.895709 0.179254
0.896028 0.537984
0.896302 0.148827
0.896806 0.617694
0.898894 0.719704
0.899133 0.731282
0.899427 0.677218
0.900436 0.624266
0.900473 0.244725
0.900548 0.516557
0.900659 0.370319
0.901508 0.63988
0.901789 0.366498
0.902188 0.0717162
0.902225 0.703022
0.903045 0.477174
0.903333 0.319826
0.903906 0.94338
0.904198 0.852369
0.904456 0.195824
0.904621 0.971766
0.904913 0.875394
0.904921 0.00228252
0.904954 0.558103
0.905869 0.932074
0.906102 0.855355
0.906329 0.670076
0.907211 0.503777
0.907216 0.573589
0.908402 0.519991
0.908465 0.566627
0.909577 0.255777
0.909847 0.790728
0.910126 0.490189
0.910128 0.52698
0.910784 0.541288
0.910916 0.766215
0.911 0.178445
0.911547 0.368097
0.911661 0.288023
0.911695 0.866454
0.911926 0.745993
0.912319 0.340727
0.914701 0.373216
0.915189 0.578092
0.915556 0.748785
0.915585 0.234004
0.91639 0.765757
0.91641 0.0996146
0.916695 0.89905
0.917997 0.772241
0.9182 0.18572
0.918919 0.26367
0.919221 0.35391
0.919657 0.669671
0.919931 0.277602
0.921263 0.659289
0.922434 0.356116
0.922947 0.965732
0.923403 0.630526
0.923544 0.00396664
0.923672 0.155991
0.923704 0.689656
0.923949 0.808298
0.924406 0.485528
0.924766 0.541909
0.925374 0.760087
0.926235 0.226223
0.926405 0.0878098
0.926663 0.430036
0.926667 0.489102
0.927327 0.580053
0.927679 0.505178
0.92794 0.895356
0.928982 0.394523
0.929856 0.09599
0.93034 0.225005
0.93129 0.189867
0.93198 0.791551
0.932554 0.440314
0.932766 0.00291669
0.932779 0.215825
0.933437 0.268482
0.934144 0.155759
0.934188 0.903067
0.936928 0.951835
0.937477 0.181809
0.938312 0.20995
0.940304 0.684255
0.940905 0.78276
0.94135 0.274153
0.941795 0.750574
0.942723 0.343934
0.942996 0.933011
0.943052 0.875298
0.943865 0.54154
0.944252 0.0463251
0.945249 0.801478
0.945259 0.969596
0.946489 0.64551
0.947758 0.967741
0.948222 0.7742
0.949256 0.150148
0.949387 0.340045
0.95163 0.0509511
0.952198 0.595451
0.953808 0.652399
0.953983 0.592117
0.954071 0.0650392
0.954178 0.87322
0.954826 0.753752
0.955552 0.9591
0.955713 0.663337
0.95629 0.364239
0.956645 0.326101
0.956997 0.251015
0.95797 0.602437
0.958591 0.0321933
0.959725 0.105861
0.960324 0.162409
0.960342 0.460242
0.960817 0.453007
0.960882 0.550773
0.96175 0.136824
0.961954 0.563021
0.96273 0.602097
0.964272 0.514485
0.964964 0.154824
0.965154 0.343561
0.967075 0.621394
0.967567 0.892872
0.969672 0.269815
0.969681 0.422632
0.97077 0.738426
0.971057 0.558953
0.971337 0.263759
0.97147 0.494932
0.971515 0.25243
0.973962 0.38562
0.974663 0.166959
0.975044 0.568092
0.975052 0.694769
0.975441 0.238647
0.976554 0.935984
0.977017 0.723112
0.977377 0.772308
0.977928 0.0362252
0.97795 0.403243
0.977974 0.804391
0.979356 0.0292671
0.982739 0.893428
0.982989 0.0946307
0.98391 0.569765
0.983933 0.961843
0.985434 0.189283
0.985673 0.198396
0.986082 0.0741821
0.986557 0.0555761
0.987029 0.993502
0.988535 0.305922
0.98876 0.0887267
0.988976 0.713079
0.989016 0.390631
0.989142 0.51488
0.989305 0.257976
0.989447 0.639313
0.99002 0.26588
0.990316 0.245079
0.9904 0.651102
0.992177 0.512136
0.993035 0.931846
0.993209 0.867548
0.993342 0.101836
0.993679 0.761874
0.993766 0.223542
0.9944 0.885397
0.996328 0.28911
0.997045 0.33415
0.997189 0.751841
0.998021 0.74146
0.998142 0.778202
0.998708 0.29351
0.998976 0.792358
