2.07038e-05 0.347976
0.000207298 0.484065
0.000238438 0.00742977
0.000563195 0.465618
0.000668322 0.232499
0.000675236 0.348697
0.000808757 0.592783
0.0010824 0.19191
0.00109693 0.436116
0.00143279 0.0808382
0.00155562 0.145247
0.00201324 0.836517
0.00435959 0.271651
0.00511343 0.941423
0.00557598 0.715544
0.00967855 0.667399
0.00987793 0.0183371
0.010409 0.943396
0.0105331 0.0296238
0.0109245 0.608188
0.0109997 0.871591
0.0119156 0.266302
0.0128052 0.216561
0.0128996 0.802943
0.0129606 0.828894
0.0136537 0.476934
0.0137982 0.906184
0.0149699 0.598362
0.0152749 0.725448
0.0153563 0.0933566
0.0169289 0.524109
0.0190834 0.734473
0.0191609 0.0368361
0.0198233 0.170762
0.0208671 0.713874
0.0216946 0.620878
0.0219236 0.470442
0.0222784 0.432602
0.022323 0.181883
0.0229432 0.605714
0.0229842 0.295515
0.0235643 0.0457622
0.0243961 0.0246438
0.0245485 0.586113
0.0253372 0.842503
0.0260389 0.635464
0.0272252 0.573993
0.0280823 0.97949
0.0287544 0.275664
0.0287929 0.922475
0.0293329 0.997838
0.0294388 0.778361
0.0296803 0.836686
0.03005 0.050408
0.030107 0.00840253
0.0304253 0.358274
0.0304463 0.711267
0.0306741 0.540208
0.0310992 0.683734
0.0313821 0.438849
0.0321256 0.93522
0.0325619 0.267229
0.0329835 0.353333
0.0338492 0.90397
0.0343606 0.498686
0.0348621 0.92659
0.0350895 0.748793
0.0351559 0.864575
0.0351837 0.332075
0.0354604 0.982989
0.0358405 0.37113
0.0379121 0.188369
0.0380438 0.401698
0.0389754 0.0594372
0.0394187 0.510477
0.041364 0.204313
0.042745 0.415141
0.0429278 0.487812
0.0432287 0.54443
0.0437112 0.65492
0.0438563 0.0920588
0.0438821 0.52715
0.0439392 0.485786
0.0451002 0.999617
0.047275 0.551446
0.047444 0.39054
0.0484725 0.677729
0.0497077 0.437072
0.050817 0.0805325
0.0510328 0.707476
0.0524419 0.391485
0.0529602 0.102078
0.0530613 0.800901
0.0530976 0.411655
0.0531501 0.293624
0.0540271 0.0335343
0.0540369 0.198553
0.0542757 0.211336
0.0542979 0.58521
0.0554143 0.347905
0.0565435 0.326717
0.0568417 0.337722
0.0569175 0.612348
0.0570215 0.360415
0.0574067 0.8342
0.0575443 0.146391
0.0579185 0.436154
0.0598528 0.946556
0.0604889 0.637713
0.060615 0.755747
0.0609777 0.8518
0.0624882 0.239799
0.0628186 0.792561
0.0629696 0.330582
0.0637691 0.767198
0.0639092 0.121057
0.0666364 0.957386
0.0674282 0.265477
0.0674286 0.272286
0.0674485 0.607536
0.0708762 0.216274
0.0724279 0.295904
0.0736543 0.908604
0.0738769 0.64982
0.0743368 0.377976
0.0749653 0.941704
0.0754824 0.633067
0.0758756 0.241521
0.0759636 0.720869
0.0763333 0.934474
0.0764306 0.569332
0.0765292 0.226057
0.0765521 0.611396
0.0779674 0.398064
0.0780666 0.0659889
0.0788198 0.72367
0.0791728 0.657271
0.0793278 0.262849
0.0796124 0.0462321
0.0800831 0.956062
0.0801231 0.629051
0.0802599 0.928799
0.0811785 0.367642
0.0820954 0.777341
0.082908 0.434778
0.0837387 0.396152
0.084888 0.71304
0.0853772 0.934844
0.0859187 0.0357692
0.0861507 0.934843
0.0861554 0.0130987
0.086504 0.873077
0.0869704 0.711687
0.0885217 0.784414
0.0891041 0.573167
0.0896059 0.00654972
0.0898383 0.912104
0.0900019 0.661914
0.0929632 0.431729
0.0933067 0.206087
0.093564 0.530501
0.0935976 0.0945314
0.0940806 0.212902
0.0954888 0.879812
0.0969461 0.373287
0.0979484 0.218146
0.0983031 0.180188
0.0990054 0.982995
0.0994359 0.218669
0.0996016 0.00397212
0.100019 0.0274498
0.100422 0.788494
0.1008 0.137479
0.102956 0.389605
0.103188 0.285838
0.104432 0.181109
0.104447 0.433689
0.104777 0.985473
0.106174 0.463063
0.107187 0.486903
0.108117 0.127463
0.108237 0.142605
0.11002 0.110751
0.110242 0.844892
0.110647 0.647251
0.110828 0.686614
0.112001 0.39583
0.11264 0.145332
0.11473 0.265609
0.114746 0.541731
0.114756 0.711227
0.114798 0.406842
0.114934 0.688565
0.115182 0.864481
0.115816 0.523448
0.115967 0.0596301
0.118482 0.333983
0.1199 0.155651
0.120827 0.733256
0.122104 0.201128
0.123171 0.134275
0.123271 0.812882
0.123278 0.936007
0.123489 0.471772
0.123583 0.0669196
0.123773 0.251743
0.124691 0.688255
0.125028 0.347675
0.12503 0.386446
0.127228 0.32554
0.127307 0.651295
0.130227 0.718036
0.13085 0.201779
0.130949 0.85416
0.131674 0.0406077
0.132123 0.586308
0.133468 0.191296
0.134433 0.407259
0.135559 0.332226
0.136746 0.287817
0.137944 0.416628
0.138984 0.89799
0.14021 0.515871
0.140709 0.900002
0.141778 0.861856
0.142076 0.87146
0.14367 0.663501
0.143959 0.522197
0.144929 0.825409
0.145178 0.0112173
0.145772 0.98893
0.14679 0.107548
0.146924 0.353716
0.14796 0.761306
0.149188 0.398362
0.150273 0.64094
0.150826 0.926739
0.151105 0.628618
0.151258 0.185822
0.151399 0.570368
0.152889 0.598001
0.153057 0.427187
0.154735 0.638485
0.154892 0.266478
0.155323 0.515379
0.155434 0.379769
0.155924 0.618322
0.156019 0.215574
0.158876 0.231249
0.158984 0.0424591
0.161935 0.636627
0.162585 0.571826
0.163065 0.62696
0.163252 0.769826
0.165191 0.363265
0.165972 0.494082
0.167473 0.713602
0.167869 0.380933
0.169956 0.456779
0.17003 0.699786
0.170125 0.294229
0.170637 0.903055
0.17249 0.0386218
0.172826 0.689143
0.173138 0.932341
0.174269 0.947428
0.17449 0.654044
0.174553 0.712169
0.175055 0.148009
0.175072 0.430063
0.175349 0.0921064
0.177688 0.40608
0.177805 0.362281
0.17898 0.113658
0.179788 0.69363
0.179973 0.809448
0.182405 0.67532
0.184389 0.025945
0.184435 0.791223
0.184499 0.873375
0.18454 0.564553
0.1849 0.613554
0.185338 0.971992
0.18652 0.83675
0.188094 0.294636
0.188413 0.659386
0.189261 0.914546
0.189386 0.00651861
0.190269 0.850707
0.191084 0.556949
0.191176 0.103041
0.191368 0.31708
0.191629 0.706468
0.192381 0.354624
0.193184 0.836657
0.193244 0.853967
0.193763 0.581089
0.194584 0.381076
0.194733 0.877288
0.195404 0.151995
0.195978 0.794825
0.196518 0.88189
0.197054 0.892553
0.197903 0.152378
0.199543 0.711004
0.200298 0.412685
0.203148 0.316279
0.203347 0.646094
0.204431 0.875296
0.20474 0.0632869
0.206008 0.380986
0.206103 0.975953
0.206836 0.29091
0.207112 0.927979
0.20753 0.956802
0.209382 0.0834542
0.21087 0.0882579
0.212149 0.581698
0.21241 0.978513
0.212618 0.462422
0.212626 0.611882
0.213116 0.835079
0.213401 0.623495
0.214637 0.408414
0.214843 0.873328
0.214981 0.181778
0.217599 0.183794
0.218125 0.0334296
0.218703 0.74723
0.219938 0.504224
0.219939 0.522225
0.221016 0.610804
0.22132 0.721493
0.221331 0.915978
0.222187 0.296658
0.222749 0.735596
0.223187 0.108944
0.223498 0.325375
0.223582 0.746417
0.223925 0.515617
0.224094 0.348011
0.224641 0.534275
0.224877 0.504326
0.224927 0.356578
0.225333 0.172203
0.22613 0.569249
0.227528 0.0708344
0.228311 0.225114
0.229961 0.957196
0.231543 0.540258
0.232734 0.556189
0.232777 0.287321
0.235741 0.0990071
0.236025 0.873961
0.236486 0.619836
0.236641 0.226784
0.236937 0.197131
0.237132 0.476826
0.237398 0.94724
0.240232 0.58329
0.241013 0.710263
0.242578 0.0103547
0.243145 0.535883
0.244761 0.700616
0.245035 0.298874
0.245431 0.957526
0.246051 0.384559
0.247355 0.290237
0.248641 0.917133
0.24886 0.598141
0.248862 0.621064
0.248884 0.996636
0.251823 0.392899
0.252559 0.760972
0.253614 0.484709
0.254929 0.588497
0.256031 0.112918
0.256698 0.314981
0.257097 0.0255052
0.257654 0.396948
0.257996 0.132026
0.259586 0.85795
0.260633 0.457975
0.260777 0.879399
0.262146 0.892548
0.262636 0.115863
0.263735 0.588982
0.264527 0.909893
0.264777 0.111409
0.265259 0.200322
0.265454 0.480267
0.265557 0.222824
0.266008 0.7905
0.267083 0.869038
0.267468 0.333157
0.26788 0.257631
0.26796 0.603164
0.268275 0.896216
0.268324 0.729881
0.268618 0.657676
0.26907 0.252126
0.269574 0.725846
0.270078 0.198924
0.272234 0.43704
0.27265 0.433267
0.273915 0.686743
0.274177 0.0845048
0.274455 0.764752
0.274701 0.893717
0.275398 0.609362
0.275891 0.901204
0.276755 0.426664
0.277144 0.958356
0.277351 0.438328
0.278098 0.990838
0.27841 0.238614
0.279165 0.925206
0.279228 0.991079
0.279422 0.238059
0.281953 0.780786
0.282107 0.379548
0.282518 0.272106
0.282957 0.663963
0.284086 0.626559
0.284744 0.697279
0.286165 0.57597
0.286467 0.651112
0.287064 0.678797
0.287417 0.61682
0.287957 0.69133
0.288337 0.0794947
0.288779 0.500818
0.289012 0.420052
0.289502 0.655169
0.289546 0.396632
0.289549 0.457967
0.290735 0.381219
0.291365 0.970085
0.291628 0.397439
0.291689 0.417575
0.293424 0.571943
0.29376 0.230815
0.294387 0.757203
0.294655 0.263681
0.294867 0.835941
0.295426 0.233173
0.29572 0.166258
0.295826 0.954811
0.295882 0.881359
0.296838 0.956001
0.297693 0.326906
0.299085 0.713811
0.299686 0.819376
0.301958 0.0149065
0.303094 0.105315
0.303331 0.076814
0.303831 0.489057
0.304169 0.168168
0.304404 0.117018
0.305389 0.67587
0.305878 0.896383
0.306801 0.405828
0.307073 0.973642
0.307309 0.942973
0.307329 0.274615
0.307747 0.301662
0.307894 0.780156
0.308155 0.156348
0.308222 0.281428
0.309734 0.702461
0.309763 0.195249
0.311639 0.721891
0.311678 0.363841
0.312811 0.421723
0.313088 0.0714555
0.313506 0.0913565
0.314043 0.123566
0.31523 0.0783578
0.315539 0.269369
0.315659 0.273429
0.317977 0.246274
0.318269 0.140972
0.319147 0.899994
0.319314 0.703642
0.319355 0.400823
0.32042 0.293053
0.320443 0.680638
0.321184 0.141032
0.326701 0.864513
0.328418 0.728688
0.330109 0.143949
0.330567 0.841058
0.331618 0.498318
0.332704 0.756955
0.33284 0.0447987
0.333317 0.0530684
0.333371 0.958423
0.333823 0.56214
0.333868 0.321532
0.333892 0.725365
0.334038 0.173039
0.334639 0.276709
0.334794 0.880112
0.335545 0.49989
0.33621 0.684765
0.336271 0.699579
0.336995 0.871423
0.337009 0.113383
0.337653 0.929495
0.33785 0.237999
0.338187 0.904486
0.338552 0.0415805
0.338574 0.408567
0.341719 0.268945
0.34172 0.294373
0.343631 0.41369
0.3443 0.648686
0.345119 0.407709
0.345201 0.797125
0.345282 0.16148
0.345573 0.0456901
0.345993 0.106805
0.347271 0.576524
0.347894 0.0460455
0.347923 0.540703
0.348979 0.297757
0.349201 0.0139362
0.350087 0.916736
0.351152 0.8136
0.352811 0.699791
0.353477 0.884401
0.354367 0.845367
0.354463 0.460925
0.354535 0.666687
0.354877 0.420125
0.355634 0.14631
0.356355 0.265575
0.356412 0.214484
0.356465 0.11378
0.357853 0.434584
0.360021 0.868838
0.361916 0.720509
0.363121 0.970966
0.363343 0.697726
0.365315 0.844169
0.365412 0.47246
0.366157 0.00288463
0.366832 0.349077
0.367208 0.672752
0.367989 0.786327
0.3686 0.0653475
0.370647 0.471656
0.372619 0.602531
0.373527 0.86086
0.373656 0.0358473
0.376264 0.875231
0.376943 0.280529
0.383228 0.912675
0.383372 0.328941
0.383403 0.861369
0.385064 0.778818
0.385113 0.586539
0.385679 0.10889
0.385804 0.20206
0.386344 0.284257
0.38637 0.716397
0.387049 0.125546
0.387242 0.369615
0.388156 0.740768
0.390257 0.0548334
0.390751 0.346598
0.391209 0.0538653
0.391397 0.20167
0.391502 0.975031
0.391858 0.952562
0.391974 0.900021
0.392105 0.105233
0.393689 0.731168
0.39388 0.938594
0.394594 0.949511
0.394826 0.846707
0.397077 0.666173
0.397085 0.801185
0.400465 0.608276
0.40272 0.519851
0.403707 0.106346
0.40425 0.22304
0.405744 0.332357
0.406363 0.748167
0.4083 0.302944
0.408637 0.955782
0.408721 0.372989
0.408762 0.0670388
0.410508 0.411275
0.414358 0.114648
0.414848 0.352152
0.416027 0.164926
0.41619 0.905306
0.41706 0.523923
0.41754 0.589857
0.418654 0.315127
0.420546 0.124755
0.420932 0.598125
0.420947 0.854079
0.421198 0.0802007
0.421694 0.417115
0.421903 0.92192
0.423053 0.250109
0.423285 0.149355
0.424129 0.343212
0.425099 0.631756
0.425645 0.814929
0.42594 0.768175
0.426436 0.107046
0.428693 0.037631
0.428813 0.0577734
0.429167 0.0042175
0.429481 0.289427
0.430642 0.800902
0.432442 0.0495378
0.433136 0.723835
0.433196 0.723912
0.43368 0.864573
0.433871 0.0620048
0.435916 0.432938
0.437127 0.793934
0.437685 0.168234
0.438052 0.345548
0.439406 0.091724
0.439954 0.306194
0.440186 0.210433
0.440823 0.919536
0.440948 0.0121111
0.442874 0.37882
0.44397 0.808973
0.444107 0.112093
0.444289 0.17308
0.44529 0.992613
0.446313 0.181104
0.446533 0.885278
0.448191 0.754251
0.448931 0.186032
0.450629 0.72196
0.450805 0.681517
0.452374 0.0421065
0.453404 0.355123
0.453953 0.586834
0.454886 0.267521
0.454948 0.307434
0.457053 0.693455
0.457847 0.0287506
0.458674 0.938932
0.459245 0.525444
0.460198 0.546108
0.460305 0.34478
0.460569 0.783638
0.461745 0.542865
0.46226 0.200097
0.463871 0.27521
0.464416 0.440953
0.464459 0.156972
0.464484 0.578759
0.465083 0.644769
0.466345 0.861813
0.466444 0.516073
0.466557 0.421919
0.466807 0.624656
0.469772 0.450508
0.470123 0.362179
0.470966 0.530013
0.473182 0.778162
0.475682 0.780329
0.475849 0.5871
0.477851 0.24678
0.479406 0.378706
0.480787 0.581105
0.481015 0.419438
0.481017 0.448028
0.481352 0.0836475
0.482049 0.793899
0.483053 0.679706
0.483638 0.504194
0.48475 0.194354
0.484863 0.0841643
0.48489 0.538454
0.484988 0.196478
0.488204 0.242582
0.489209 0.137522
0.489748 0.202258
0.489929 0.239288
0.490178 0.420855
0.490328 0.938394
0.491455 0.888061
0.492435 0.350602
0.492469 0.933745
0.492787 0.274357
0.493086 0.300405
0.493128 0.0062571
0.493434 0.149684
0.494352 0.573846
0.497719 0.171088
0.498166 0.66796
0.498243 0.972334
0.500308 0.673766
0.501959 0.430274
0.502115 0.0388815
0.502166 0.89691
0.502867 0.689894
0.503902 0.0878662
0.503979 0.372479
0.504576 0.404546
0.504737 0.114794
0.504832 0.706607
0.506063 0.405773
0.506992 0.0105122
0.507024 0.554734
0.507172 0.0460712
0.50735 0.0380296
0.507927 0.730151
0.508669 0.194575
0.510253 0.829165
0.511634 0.0303821
0.512017 0.463211
0.512325 0.639963
0.51273 0.444647
0.513475 0.982209
0.514427 0.968664
0.514456 0.458047
0.514484 0.925931
0.514935 0.515317
0.515172 0.503651
0.515608 0.823529
0.516606 0.592386
0.516686 0.939116
0.517339 0.916781
0.517416 0.208406
0.519287 0.655908
0.519513 0.447463
0.519876 0.547812
0.521708 0.341461
0.522988 0.866629
0.523026 0.504236
0.523795 0.419874
0.524458 0.561916
0.525016 0.951766
0.525141 0.0442871
0.525807 0.239775
0.527121 0.322174
0.528411 0.00912106
0.529228 0.742951
0.529996 0.643915
0.53068 0.143113
0.532647 0.204726
0.533248 0.302886
0.534155 0.541696
0.534419 0.97524
0.535707 0.633089
0.536193 0.801346
0.537648 0.252434
0.53913 0.157217
0.539234 0.904226
0.539502 0.403818
0.539837 0.0357824
0.539936 0.710336
0.540131 0.985194
0.540927 0.365037
0.541261 0.981209
0.542038 0.0364614
0.54471 0.946743
0.544902 0.163404
0.545857 0.211281
0.550025 0.265652
0.551127 0.789697
0.551264 0.0937648
0.552816 0.180869
0.55332 0.6422
0.553537 0.297897
0.553762 0.0799741
0.554388 0.606073
0.555501 0.300733
0.555883 0.724672
0.557734 0.830929
0.558053 0.190004
0.558228 0.144176
0.559246 0.247611
0.55989 0.0674333
0.560035 0.505034
0.560508 0.464741
0.561628 0.276539
0.562371 0.769451
0.562814 0.211155
0.563633 0.98695
0.564172 0.0330587
0.564863 0.659506
0.565233 0.876007
0.565939 0.732721
0.566116 0.706147
0.567233 0.488103
0.568627 0.908755
0.57214 0.95749
0.574512 0.827457
0.576742 0.307008
0.577023 0.0233114
0.577027 0.0934826
0.577223 0.390662
0.578448 0.98108
0.57937 0.472627
0.580351 0.965534
0.581735 0.218131
0.582028 0.150794
0.58294 0.468227
0.583789 0.747453
0.584732 0.590678
0.585245 0.210485
0.585299 0.120425
0.585986 0.674267
0.586353 0.843129
0.586709 0.825637
0.587629 0.274311
0.587684 0.20341
0.587845 0.907061
0.587883 0.55222
0.588231 0.397571
0.588704 0.348152
0.589794 0.663226
0.589974 0.689769
0.590988 0.732267
0.591856 0.330355
0.591863 0.436324
0.592098 0.39401
0.593674 0.877989
0.593813 0.210615
0.595112 0.053378
0.595187 0.300956
0.596086 0.40948
0.596495 0.293265
0.596545 0.138035
0.59679 0.254142
0.597166 0.577128
0.597444 0.24789
0.597516 0.458848
0.597582 0.568142
0.599099 0.0612098
0.599559 0.793514
0.599774 0.40633
0.600019 0.525051
0.600854 0.55028
0.601041 0.699471
0.601391 0.582881
0.601776 0.0511482
0.602661 0.918714
0.603864 0.143633
0.604579 0.159027
0.604598 0.479001
0.606252 0.276363
0.606263 0.465698
0.608301 0.716614
0.608362 0.732101
0.609445 0.938184
0.610188 0.436325
0.610649 0.17597
0.611114 0.996626
0.611997 0.825678
0.612258 0.216608
0.612393 0.491639
0.612556 0.223089
0.613276 0.329019
0.614246 0.634046
0.614359 0.531064
0.614624 0.981827
0.615148 0.791399
0.615605 0.467807
0.615679 0.71346
0.615786 0.523378
0.617558 0.298252
0.620849 0.609497
0.621018 0.451119
0.621335 0.781158
0.622279 0.642117
0.622471 0.875261
0.62397 0.0622308
0.625823 0.20517
0.626462 0.954461
0.626803 0.669652
0.626965 0.394112
0.627396 0.650472
0.627534 0.959415
0.627819 0.747752
0.627865 0.521029
0.628105 0.562761
0.62812 0.819302
0.628733 0.123124
0.628776 0.835214
0.630043 0.139922
0.63051 0.978656
0.63067 0.664486
0.630923 0.930069
0.631204 0.646654
0.634781 0.756175
0.634802 0.122794
0.635067 0.57131
0.635153 0.0177558
0.635159 0.120743
0.63555 0.696451
0.636027 0.708837
0.636614 0.56492
0.636893 0.263497
0.63749 0.296135
0.638648 0.764362
0.639324 0.111595
0.639647 0.55374
0.640937 0.229996
0.640945 0.368139
0.641651 0.220847
0.643039 0.549634
0.643175 0.850038
0.643199 0.237592
0.643267 0.381588
0.644542 0.810923
0.644685 0.217712
0.645332 0.0978989
0.645946 0.407239
0.646432 0.575644
0.647081 0.491832
0.647271 0.681782
0.647388 0.642092
0.648321 0.334267
0.648612 0.227024
0.648775 0.962395
0.649045 0.495976
0.649085 0.170609
0.649668 0.973958
0.649978 0.183221
0.650275 0.165785
0.651439 0.727036
0.655656 0.605594
0.657071 0.397757
0.658226 0.810604
0.658719 0.0910746
0.65872 0.104583
0.659348 0.663991
0.661573 0.0594553
0.662845 0.444485
0.663008 0.175082
0.663392 0.626444
0.66387 0.659633
0.663919 0.492734
0.664361 0.921673
0.665133 0.886593
0.665218 0.316612
0.665584 0.470666
0.668198 0.405375
0.669001 0.907654
0.669165 0.662771
0.669876 0.607571
0.670784 0.872756
0.671168 0.314836
0.671916 0.887945
0.672019 0.628233
0.672904 0.497387
0.675088 0.207371
0.676157 0.165187
0.677148 0.821282
0.67754 0.412595
0.678024 0.552911
0.679915 0.333832
0.681161 0.279717
0.681254 0.839958
0.681861 0.0384686
0.683041 0.876796
0.683263 0.604238
0.683903 0.360612
0.685619 0.202136
0.685655 0.801996
0.686521 0.359677
0.687978 0.842932
0.688327 0.704021
0.688327 0.715432
0.688473 0.163223
0.688484 0.357309
0.690527 0.688093
0.691471 0.556088
0.692035 0.036247
0.692146 0.903047
0.692265 0.895062
0.692352 0.364032
0.692683 0.925114
0.693043 0.981025
0.695139 0.206214
0.695214 0.469359
0.696522 0.450734
0.697763 0.310685
0.697877 0.223935
0.698252 0.525845
0.698653 0.254926
0.698787 0.520456
0.699361 0.164711
0.700134 0.158198
0.700153 0.464295
0.700867 0.465508
0.701327 0.199189
0.701766 0.58837
0.703899 0.436499
0.705659 0.00791835
0.705718 0.00489605
0.705905 0.1401
0.706784 0.912498
0.707135 0.818871
0.707766 0.427428
0.707838 0.626647
0.707877 0.284626
0.709339 0.86884
0.709616 0.517578
0.711163 0.521285
0.712102 0.300646
0.714022 0.574856
0.714831 0.168218
0.715338 0.67941
0.715428 0.198008
0.716249 0.989769
0.716441 0.222318
0.717501 0.0325512
0.717516 0.286908
0.717626 0.138752
0.717804 0.125178
0.718645 0.270182
0.719093 0.796371
0.720279 0.734782
0.721333 0.443273
0.723062 0.495906
0.723814 0.133927
0.723918 0.890814
0.723961 0.612256
0.724749 0.862879
0.725907 0.313551
0.726231 0.764539
0.72745 0.25604
0.728079 0.819548
0.728185 0.611004
0.728277 0.154044
0.728417 0.49657
0.731339 0.60951
0.73219 0.913139
0.733327 0.0258528
0.734351 0.228565
0.735744 0.656222
0.736512 0.565137
0.736972 0.290797
0.737948 0.683839
0.738226 0.368258
0.738768 0.469143
0.742415 0.775888
0.743495 0.921779
0.743636 0.285061
0.744283 0.156592
0.74513 0.399864
0.745446 0.70572
0.746396 0.672922
0.748538 0.670127
0.750369 0.451754
0.750863 0.749419
0.751647 0.927515
0.752416 0.850392
0.753155 0.274753
0.753363 0.768992
0.755662 0.41072
0.757115 0.834252
0.757915 0.277058
0.758373 0.97232
0.758542 0.816399
0.759446 0.0143552
0.759728 0.742836
0.760322 0.727616
0.76097 0.616867
0.761112 0.00998244
0.762883 0.770339
0.764242 0.61695
0.765252 0.583588
0.765812 0.00816414
0.766215 0.782302
0.767852 0.296161
0.768327 0.273923
0.768963 0.966247
0.7691 0.257518
0.77048 0.460824
0.770533 0.352764
0.77137 0.42305
0.772262 0.412261
0.772933 0.685943
0.773579 0.550094
0.774303 0.708014
0.774864 0.138186
0.774911 0.925863
0.774935 0.331418
0.776937 0.981855
0.777567 0.572561
0.778332 0.431192
0.778614 0.15932
0.778615 0.178284
0.779018 0.958244
0.780954 0.492015
0.781393 0.880374
0.782007 0.193971
0.7821 0.760129
0.783722 0.0142234
0.78464 0.445413
0.785005 0.58358
0.788026 0.353214
0.788804 0.436132
0.789408 0.575992
0.790846 0.754715
0.791237 0.324506
0.791449 0.884197
0.791502 0.766291
0.791793 0.660777
0.792475 0.132184
0.794126 0.879308
0.794664 0.916644
0.79488 0.54732
0.795348 0.411796
0.796481 0.458471
0.798175 0.933721
0.801077 0.696478
0.802402 0.969652
0.80335 0.902058
0.805591 0.567627
0.80607 0.614723
0.806372 0.697621
0.806615 0.78675
0.806799 0.876781
0.807516 0.929116
0.807956 0.323133
0.809732 0.165767
0.810121 0.706397
0.811131 0.685791
0.811799 0.906934
0.813109 0.915084
0.815681 0.15759
0.815822 0.518383
0.815885 0.583669
0.816047 0.300703
0.816298 0.517527
0.816692 0.149201
0.81684 0.633893
0.81685 0.795195
0.817396 0.97976
0.817657 0.358355
0.818743 0.607695
0.821666 0.740647
0.822188 0.508521
0.822951 0.335338
0.822993 0.0359622
0.823638 0.886323
0.824199 0.315118
0.824528 0.840347
0.82479 0.246288
0.824951 0.943137
0.825035 0.36835
0.825859 0.217157
0.826244 0.689463
0.82755 0.630314
0.827746 0.934669
0.828078 0.504712
0.828389 0.740874
0.828457 0.874054
0.830965 0.0255718
0.830998 0.591317
0.831859 0.0585558
0.831931 0.268411
0.832428 0.620931
0.832848 0.68023
0.833296 0.197419
0.833681 0.669435
0.834084 0.447125
0.834558 0.412804
0.835342 0.584889
0.835799 0.265899
0.837311 0.691683
0.837515 0.117723
0.839161 0.786631
0.839785 0.273942
0.841718 0.755949
0.842037 0.115783
0.84263 0.0815845
0.843343 0.0670351
0.843677 0.670966
0.843702 0.0920324
0.84437 0.328265
0.845354 0.865211
0.845995 0.638983
0.846166 0.515909
0.846759 0.487025
0.847612 0.815643
0.847724 0.70496
0.848239 0.35842
0.848323 0.758534
0.848351 0.230542
0.848468 0.199516
0.848483 0.450868
0.848597 0.367858
0.84881 0.942967
0.84924 0.185004
0.849243 0.22704
0.849827 0.0446408
0.850259 0.309452
0.850776 0.991166
0.851728 0.997726
0.856669 0.0289379
0.857642 0.390761
0.858629 0.983282
0.858804 0.923172
0.858856 0.787931
0.860002 0.0525544
0.860466 0.856908
0.862692 0.268511
0.863585 0.276482
0.863614 0.754571
0.863892 0.437816
0.864356 0.238342
0.864997 0.998872
0.865371 0.292361
0.865947 0.979089
0.868089 0.973884
0.868384 0.929072
0.868532 0.409725
0.869433 0.566343
0.870372 0.343927
0.870854 0.446215
0.872099 0.367744
0.872116 0.660387
0.872466 0.542522
0.872833 0.700583
0.872896 0.771051
0.87581 0.732856
0.875812 0.777388
0.876288 0.770983
0.87667 0.185929
0.877394 0.357843
0.877585 0.577283
0.877987 0.33252
0.880329 0.681743
0.882235 0.718266
0.883614 0.90412
0.883918 0.0104185
0.885477 0.218088
0.886327 0.503145
0.886459 0.715535
0.886759 0.761625
0.886849 0.266863
0.887029 0.304097
0.888044 0.347714
0.889488 0.627178
0.891445 0.51528
0.892477 0.866951
0.893981 0.131653
0.89402 0.8022
0.89414 0.817271
0.894256 0.76088
0.894417 0.469007
0.894436 0.784738
0.897892 0.873546
0.898712 0.650945
0.89982 0.274996
0.900698 0.0282033
0.90149 0.338556
0.901733 0.433133
0.903675 0.0703136
0.903689 0.293475
0.90393 0.343323
0.904256 0.824576
0.905551 0.598873
0.905724 0.504616
0.906061 0.169969
0.906303 0.236237
0.907934 0.63951
0.908087 0.21732
0.909683 0.0343511
0.909736 0.92687
0.91033 0.919555
0.9105 0.765559
0.910627 0.914962
0.91067 0.630527
0.910914 0.730613
0.911286 0.98778
0.911527 0.0370181
0.912071 0.169647
0.9122 0.350371
0.91244 0.377328
0.912692 0.61814
0.913757 0.519183
0.914202 0.993898
0.914976 0.997598
0.916097 0.846149
0.916199 0.563434
0.916324 0.649928
0.916381 0.617315
0.916451 0.793328
0.91652 0.94375
0.917776 0.0570714
0.918882 0.644354
0.91898 0.29078
0.919393 0.244039
0.921294 0.18821
0.921475 0.23176
0.92268 0.480158
0.924868 0.254053
0.92546 0.197948
0.926177 0.250173
0.926995 0.998552
0.927212 0.646697
0.929341 0.429272
0.929397 0.367286
0.92961 0.96297
0.930358 0.532863
0.931123 0.37894
0.931879 0.0871169
0.932023 0.518379
0.932376 0.437665
0.932838 0.213672
0.932918 0.551605
0.938048 0.764964
0.938716 0.999881
0.939527 0.624713
0.939565 0.261396
0.942519 0.912791
0.94328 0.713452
0.943368 0.183095
0.943494 0.298093
0.943987 0.591031
0.944748 0.37899
0.944932 0.47464
0.945684 0.112395
0.946828 0.339765
0.947463 0.00509494
0.948954 0.0648632
0.950162 0.376005
0.950746 0.18859
0.951495 0.779496
0.952389 0.805554
0.952403 0.0324481
0.952513 0.881764
0.953982 0.570344
0.95656 0.908409
0.957445 0.772328
0.958079 0.427554
0.95823 0.964871
0.958461 0.852268
0.958918 0.527956
0.959553 0.200142
0.960551 0.974509
0.960718 0.781185
0.96099 0.353186
0.961221 0.248073
0.961378 0.879118
0.962186 0.456859
0.96423 0.808508
0.965232 0.658469
0.965241 0.800737
0.966514 0.197209
0.966866 0.119955
0.967595 0.365757
0.967817 0.0962431
0.968972 0.519053
0.969819 0.743354
0.969896 0.0491917
0.970382 0.212799
0.971989 0.212865
0.972257 0.731717
0.972579 0.141695
0.973157 0.850799
0.973293 0.142681
0.975459 0.546536
0.977074 0.687141
0.980257 0.172243
0.98177 0.602198
0.984484 0.228749
0.984971 0.409019
0.985744 0.39774
0.986722 0.842437
0.987206 0.972305
0.987315 0.810007
0.987893 0.5252
0.988151 0.84984
0.988301 0.376935
0.988317 0.650342
0.988709 0.237648
0.989544 0.270453
0.990019 0.255408
0.990699 0.683755
0.991533 0.689778
0.991542 0.853365
0.992344 0.330662
0.993708 0.249112
0.993818 0.102678
0.99533 0.509734
0.996911 0.0904554
0.997017 0.864795
0.997986 0.157754
0.998334 0.00273707
0.998738 0.789725
