0.00329604 0.396607
0.00365522 0.433273
0.00438744 0.739691
0.00442979 0.451515
0.00634705 0.674947
0.00677076 0.796137
0.00855015 0.702423
0.00865116 0.400026
0.0090215 0.624384
0.0101488 0.571633
0.0103077 0.241325
0.0103079 0.245465
0.0131982 0.821829
0.0137722 0.469011
0.0149282 0.898834
0.0184329 0.801098
0.0188114 0.16324
0.0200825 0.526277
0.0216497 0.866494
0.0218167 0.6726
0.0228501 0.0414735
0.0235548 0.885956
0.0243476 0.210756
0.0249367 0.111098
0.0257492 0.767329
0.0261109 0.845538
0.0276372 0.498569
0.0282007 0.969822
0.0306328 0.845806
0.0310936 0.589372
0.0320555 0.757586
0.032425 0.967435
0.033733 0.950649
0.0337504 0.24226
0.0357469 0.797771
0.0359509 0.226402
0.0360363 0.661586
0.0360849 0.47815
0.0372539 0.127017
0.0374316 0.112926
0.0395495 0.708051
0.0398719 0.127882
0.0405934 0.253989
0.0413578 0.101388
0.0416031 0.223874
0.0416728 0.394659
0.0417197 0.183393
0.0422243 0.664524
0.0422932 0.821262
0.0436544 0.699179
0.0455916 0.258753
0.0458865 0.215013
0.046828 0.0376699
0.0489561 0.805437
0.0495358 0.548719
0.0497375 0.938414
0.0501797 0.371023
0.0506444 0.180158
0.0528446 0.159737
0.0542983 0.592277
0.0543891 0.117989
0.0545221 0.353207
0.0547582 0.321091
0.0550116 0.579567
0.0561704 0.0555806
0.0565582 0.573866
0.0568183 0.945324
0.0578139 0.679025
0.0579863 0.575995
0.0590608 0.634653
0.0633915 0.421437
0.0638928 0.846727
0.066096 0.874876
0.0662267 0.0721919
0.0732112 0.461376
0.0742598 0.0844576
0.0743756 0.0305313
0.0746573 0.765962
0.0790391 0.410665
0.0813408 0.0949365
0.0820621 0.216879
0.083042 0.687661
0.0842426 0.86559
0.0848716 0.437677
0.0853217 0.00130722
0.0859533 0.617159
0.0869416 0.22754
0.0881184 0.00548705
0.0883879 0.535037
0.0895395 0.890423
0.0906178 0.0139154
0.0912467 0.5832
0.092292 0.152311
0.0946941 0.524019
0.095936 0.396852
0.0974209 0.352576
0.101165 0.276585
0.101632 0.123929
0.102161 0.0212116
0.102304 0.428822
0.103091 0.646159
0.103618 0.51446
0.104025 0.356139
0.104267 0.409972
0.104281 0.643088
0.105504 0.197912
0.105673 0.042711
0.106324 0.980265
0.107522 0.118977
0.107584 0.161966
0.110882 0.599747
0.112673 0.696191
0.112736 0.75571
0.113458 0.894369
0.115076 0.0838803
0.116043 0.330586
0.117684 0.91543
0.117976 0.825358
0.118306 0.364956
0.120816 0.550416
0.120817 0.575218
0.121242 0.71163
0.121797 0.0445601
0.122343 0.226824
0.122458 0.15489
0.122612 0.733068
0.126354 0.630193
0.129996 0.843185
0.130765 0.75909
0.132252 0.765279
0.132395 0.1547
0.134556 0.488158
0.135296 0.917434
0.135858 0.35753
0.136763 0.572485
0.137863 0.0627286
0.138906 0.590117
0.140863 0.488746
0.142629 0.159967
0.142894 0.613038
0.143102 0.122703
0.143249 0.588432
0.144768 0.120451
0.147379 0.0026847
0.1484 0.153649
0.14845 0.00585409
0.14859 0.355557
0.149998 0.0163384
0.150716 0.0869712
0.152394 0.281474
0.152487 0.853808
0.153968 0.741779
0.155204 0.507086
0.157376 0.0118545
0.15796 0.829698
0.159322 0.718072
0.161784 0.103169
0.16206 0.740066
0.16306 0.550668
0.163128 0.692943
0.163205 0.988129
0.163937 0.281515
0.164471 0.266665
0.164502 0.779754
0.167787 0.99446
0.167966 0.999864
0.169325 0.853105
0.171296 0.980177
0.171487 0.188167
0.171729 0.244058
0.172839 0.904149
0.173023 0.991487
0.173714 0.612472
0.175404 0.0185215
0.176381 0.430042
0.17913 0.640057
0.17915 0.971363
0.179211 0.995114
0.179973 0.808157
0.180894 0.279316
0.183097 0.315205
0.183765 0.531426
0.184553 0.78654
0.184871 0.128632
0.184951 0.474642
0.188848 0.968698
0.189113 0.428664
0.189598 0.576932
0.190047 0.123148
0.19137 0.352948
0.193542 0.868306
0.194093 0.113761
0.194174 0.482921
0.196963 0.354358
0.198368 0.96426
0.198944 0.647663
0.199468 0.465539
0.200163 0.133341
0.201569 0.763153
0.201829 0.134094
0.201917 0.615023
0.2053 0.47686
0.206271 0.790042
0.207399 0.759079
0.209062 0.703013
0.209714 0.667584
0.209903 0.8349
0.210239 0.485985
0.210943 0.317381
0.21148 0.336763
0.213036 0.49029
0.215899 0.615175
0.216687 0.861665
0.218058 0.906292
0.218136 0.216481
0.2187 0.697149
0.220126 0.658666
0.220197 0.852211
0.220525 0.357185
0.220778 0.612077
0.222858 0.577015
0.224336 0.415383
0.226461 0.125251
0.22735 0.0712297
0.227692 0.814157
0.228177 0.976982
0.229166 0.593827
0.229467 0.657934
0.229513 0.420121
0.22994 0.606637
0.230276 0.24898
0.231632 0.0372152
0.23312 0.0425275
0.233277 0.678543
0.233353 0.961997
0.235636 0.342457
0.236775 0.485646
0.237669 0.508785
0.238285 0.854862
0.238467 0.92193
0.23852 0.799532
0.238937 0.819793
0.240128 0.828375
0.240312 0.92109
0.242754 0.958885
0.242919 0.731352
0.244318 0.252785
0.245005 0.800906
0.248847 0.371246
0.24943 0.16504
0.254328 0.488646
0.254378 0.335803
0.25463 0.569853
0.254932 0.642601
0.256048 0.404889
0.25605 0.439693
0.25614 0.948656
0.258351 0.100525
0.259998 0.784044
0.260201 0.202806
0.261579 0.363967
0.26316 0.935946
0.263327 0.742647
0.265598 0.902372
0.265834 0.874372
0.265981 0.340437
0.266024 0.0612301
0.266103 0.399171
0.267498 0.831595
0.269526 0.92686
0.270827 0.781135
0.271183 0.775821
0.271367 0.870023
0.271968 0.963879
0.272372 0.750304
0.272783 0.662005
0.273407 0.148949
0.27351 0.88976
0.274052 0.99884
0.275574 0.564959
0.275637 0.636271
0.277556 0.880333
0.27854 0.427477
0.279439 0.533622
0.279481 0.233996
0.280533 0.914774
0.281182 0.833882
0.282056 0.5195
0.287345 0.402754
0.28752 0.351159
0.288127 0.545662
0.288689 0.997858
0.289022 0.589681
0.28954 0.298372
0.290585 0.860118
0.290669 0.275102
0.291646 0.692814
0.292135 0.9055
0.292222 0.378713
0.299782 0.439794
0.300553 0.387505
0.300698 0.839232
0.30164 0.659173
0.304616 0.683979
0.304667 0.532773
0.304912 0.658146
0.308475 0.542377
0.310653 0.143771
0.311541 0.0676158
0.312735 0.145172
0.312896 0.847993
0.313045 0.351625
0.313302 0.672783
0.31409 0.902141
0.314166 0.185587
0.314172 0.288629
0.319317 0.761307
0.319543 0.558927
0.320188 0.392359
0.320926 0.795472
0.321042 0.759977
0.321922 0.550696
0.322603 0.990445
0.322622 0.304932
0.325828 0.187934
0.325967 0.534006
0.327235 0.845523
0.327255 0.176985
0.328401 0.433227
0.328774 0.712166
0.329978 0.938228
0.330389 0.855228
0.33384 0.856169
0.336154 0.742658
0.336157 0.784013
0.337033 0.516965
0.337689 0.530623
0.337786 0.168127
0.339158 0.222036
0.339158 0.228289
0.339446 0.0647659
0.340456 0.0466645
0.342165 0.774026
0.342363 0.101133
0.342434 0.293582
0.342638 0.717368
0.343441 0.219632
0.34345 0.356217
0.344388 0.12434
0.344877 0.355294
0.344886 0.501662
0.345674 0.737039
0.345876 0.131961
0.346833 0.228408
0.347552 0.304801
0.34879 0.117214
0.349848 0.894812
0.349964 0.840588
0.35082 0.224242
0.352273 0.645363
0.352853 0.398702
0.3542 0.0317868
0.355591 0.412251
0.356551 0.556587
0.357327 0.599521
0.357582 0.877884
0.357585 0.938828
0.360504 0.989009
0.363024 0.350508
0.363781 0.0598508
0.365054 0.463531
0.36801 0.136009
0.368062 0.019043
0.370174 0.509374
0.370323 0.0193058
0.371481 0.482594
0.372103 0.9323
0.372543 0.323938
0.372552 0.481733
0.373059 0.995829
0.373355 0.970324
0.373704 0.83679
0.375191 0.837422
0.37624 0.468683
0.377037 0.868006
0.380179 0.667268
0.380265 0.111452
0.38027 0.190788
0.380389 0.1979
0.381444 0.936005
0.381461 0.209921
0.38193 0.101452
0.382508 0.80428
0.383236 0.0407687
0.385764 0.539582
0.385811 0.330687
0.3865 0.910395
0.387228 0.138181
0.388103 0.844046
0.389241 0.980858
0.389272 0.501734
0.389694 0.590522
0.390753 0.393196
0.39248 0.407879
0.392498 0.717733
0.393911 0.466999
0.394915 0.333373
0.397323 0.814939
0.399641 0.762725
0.399667 0.206629
0.404985 0.576354
0.406225 0.425864
0.407568 0.996448
0.408523 0.0417649
0.408764 0.100935
0.409575 0.720085
0.409606 0.256379
0.409633 0.698647
0.410823 0.706244
0.411493 0.969923
0.412252 0.724017
0.41255 0.728714
0.412631 0.0873485
0.413181 0.337561
0.416037 0.3363
0.417433 0.804248
0.417947 0.431435
0.418283 0.0781601
0.419325 0.591876
0.422619 0.96462
0.423247 0.518174
0.423358 0.384951
0.424428 0.354334
0.42614 0.142866
0.426266 0.244513
0.426463 0.562917
0.426571 0.386109
0.426736 0.159962
0.427965 0.813805
0.42929 0.0721086
0.429855 0.571263
0.430479 0.0643498
0.43217 0.477365
0.432254 0.899244
0.432778 0.697062
0.435629 0.621959
0.435881 0.84877
0.437439 0.0313167
0.437605 0.830903
0.438169 0.309184
0.439039 0.922612
0.439656 0.304158
0.441372 0.133504
0.44205 0.5423
0.442277 0.346518
0.442296 0.663776
0.443296 0.472344
0.443509 0.0574864
0.44379 0.782203
0.443951 0.477252
0.444453 0.917091
0.444807 0.872035
0.445077 0.403605
0.445447 0.62153
0.445835 0.1461
0.450473 0.106857
0.450867 0.725203
0.453516 0.250599
0.45392 0.0294169
0.45395 0.535157
0.454047 0.162494
0.455543 0.311475
0.45556 0.600511
0.455838 0.264753
0.456396 0.650252
0.456433 0.275665
0.457237 0.776363
0.457496 0.137647
0.459302 0.485865
0.46023 0.0882721
0.460352 0.138296
0.460813 0.880844
0.464786 0.656797
0.469681 0.933014
0.469686 0.0157934
0.470456 0.959426
0.471892 0.0850314
0.471984 0.638605
0.473091 0.239427
0.47456 0.932459
0.474853 0.848648
0.475104 0.0721953
0.476687 0.670432
0.477685 0.455075
0.478657 0.793122
0.479934 0.25485
0.481227 0.976147
0.481377 0.508917
0.481701 0.945919
0.481732 0.463125
0.482831 0.945941
0.483884 0.640289
0.484073 0.81947
0.484114 0.500638
0.484977 0.00985815
0.487157 0.646987
0.488251 0.0397918
0.491793 0.558978
0.497266 0.550036
0.497315 0.377761
0.497861 0.543222
0.499394 0.311222
0.499489 0.917036
0.499688 0.259647
0.500102 0.220029
0.500225 0.287982
0.500688 0.0577591
0.503548 0.131929
0.503704 0.7474
0.503869 0.520087
0.504412 0.659744
0.504667 0.943179
0.505076 0.817924
0.513028 0.4625
0.514467 0.65038
0.515327 0.10559
0.516297 0.400678
0.516436 0.739267
0.51654 0.486144
0.517401 0.957054
0.517501 0.633619
0.518496 0.368658
0.519022 0.208863
0.519149 0.333284
0.520285 0.423239
0.521537 0.478974
0.52246 0.982409
0.522735 0.599153
0.523605 0.226676
0.52443 0.0939926
0.524538 0.90197
0.524813 0.527425
0.525947 0.595959
0.52609 0.990115
0.526289 0.336553
0.526495 0.804308
0.527184 0.384603
0.527795 0.644684
0.527904 0.480061
0.530853 0.0499206
0.532481 0.409076
0.533189 0.303678
0.534155 0.54467
0.534565 0.436164
0.534597 0.970282
0.53499 0.577201
0.535863 0.241626
0.536293 0.472127
0.536849 0.826908
0.53873 0.434694
0.54082 0.566139
0.542182 0.457345
0.542198 0.718433
0.543728 0.43319
0.543878 0.96286
0.546042 0.321331
0.547083 0.821429
0.552306 0.61339
0.554423 0.189881
0.556386 0.174505
0.556817 0.416738
0.557455 0.144796
0.559642 0.898373
0.560286 0.727314
0.561649 0.626973
0.561888 0.647731
0.564287 0.966618
0.564638 0.873852
0.56492 0.613806
0.565051 0.814848
0.56508 0.298149
0.56544 0.349162
0.567874 0.252467
0.569255 0.464579
0.570843 0.15962
0.57177 0.736208
0.572629 0.179326
0.572733 0.931548
0.572884 0.454065
0.573905 0.618397
0.573963 0.589673
0.575688 0.581949
0.576293 0.76159
0.57654 0.914066
0.577662 0.767828
0.578569 0.0150437
0.582667 0.878969
0.585337 0.755073
0.586901 0.041038
0.586915 0.282388
0.588478 0.556049
0.58862 0.935586
0.58869 0.109283
0.589551 0.584717
0.591442 0.370827
0.591875 0.649382
0.592381 0.150697
0.59244 0.134832
0.593931 0.200579
0.595842 0.315052
0.596787 0.206174
0.596932 0.629688
0.596982 0.484398
0.597036 0.376526
0.597237 0.761861
0.597693 0.430263
0.597974 0.148147
0.599396 0.053729
0.599754 0.0592386
0.60046 0.938775
0.601152 0.558304
0.605392 0.816652
0.6071 0.536383
0.60817 0.516402
0.608923 0.165427
0.610134 0.529201
0.611108 0.89504
0.611316 0.387361
0.612428 0.0779989
0.61263 0.473469
0.614054 0.403141
0.614408 0.354915
0.614809 0.0984746
0.615714 0.301502
0.617838 0.00204904
0.618527 0.583158
0.619967 0.777784
0.620239 0.349777
0.621679 0.557363
0.622195 0.234607
0.623741 0.219546
0.623817 0.496223
0.62425 0.769753
0.624604 0.712354
0.62488 0.358948
0.625033 0.922295
0.62535 0.251348
0.625397 0.0546154
0.625466 0.202744
0.625652 0.339748
0.62597 0.674217
0.626629 0.747731
0.627917 0.399938
0.628033 0.354299
0.629566 0.117392
0.630962 0.580894
0.631151 0.746707
0.6314 0.941767
0.632818 0.763536
0.633419 0.872396
0.634561 0.0664568
0.6353 0.489456
0.636757 0.973032
0.638735 0.218619
0.639668 0.897395
0.64004 0.153365
0.641035 0.878425
0.642623 0.564137
0.642915 0.479762
0.645047 0.311088
0.645176 0.475815
0.646504 0.799821
0.647084 0.544872
0.6486 0.0174886
0.649062 0.782648
0.649654 0.73109
0.649942 0.577859
0.650669 0.788388
0.651598 0.403435
0.655082 0.960549
0.655684 0.08528
0.65672 0.492119
0.657953 0.213966
0.658382 0.421809
0.660678 0.0161718
0.661243 0.506787
0.662664 0.394079
0.662921 0.717749
0.663426 0.203466
0.663989 0.661454
0.664614 0.170194
0.667824 0.119134
0.668163 0.816832
0.670117 0.658727
0.670713 0.674382
0.671263 0.91543
0.671729 0.744429
0.67239 0.860057
0.672509 0.851125
0.672616 0.656011
0.675069 0.885629
0.676147 0.00583415
0.676925 0.0815606
0.678444 0.609361
0.678771 0.110109
0.679287 0.771427
0.680502 0.196498
0.68157 0.151605
0.682122 0.423881
0.683042 0.887941
0.684444 0.453898
0.684696 0.6923
0.685873 0.466389
0.686033 0.148454
0.68837 0.430355
0.688445 0.689321
0.688574 0.871532
0.691521 0.393494
0.691591 0.563997
0.692484 0.582268
0.693243 0.327628
0.693528 0.133269
0.693875 0.954608
0.69414 0.409988
0.695038 0.496199
0.695544 0.0146622
0.696046 0.448068
0.698294 0.232801
0.698497 0.644432
0.698677 0.662202
0.6997 0.852932
0.701661 0.822287
0.701764 0.551852
0.702276 0.145479
0.70364 0.0773831
0.703693 0.970333
0.704168 0.958348
0.705958 0.041526
0.707246 0.688974
0.710089 0.466493
0.711364 0.888729
0.713788 0.630757
0.714743 0.679518
0.717118 0.595042
0.717713 0.607911
0.717825 0.479767
0.719568 0.784401
0.719621 0.662215
0.720443 0.477979
0.720659 0.108781
0.724663 0.408966
0.724771 0.233817
0.725604 0.224407
0.725808 0.648561
0.726404 0.668012
0.727142 0.0699821
0.727482 0.785055
0.728248 0.663432
0.728443 0.937695
0.728544 0.64076
0.728546 0.675274
0.729073 0.537691
0.72934 0.0105859
0.729716 0.336491
0.731137 0.211011
0.733656 0.557562
0.73379 0.81237
0.733917 0.94846
0.735451 0.729804
0.737386 0.240526
0.737986 0.337779
0.738831 0.532708
0.740293 0.107343
0.740624 0.666053
0.740896 0.236175
0.741105 0.748822
0.741441 0.399719
0.745721 0.331722
0.747365 0.959385
0.747616 0.17617
0.748768 0.550386
0.74964 0.198767
0.751323 0.483461
0.751577 0.762419
0.751668 0.279091
0.752604 0.0126366
0.753271 0.23306
0.754913 0.830004
0.755069 0.451728
0.755376 0.598286
0.755939 0.0644436
0.755955 0.340918
0.756703 0.905066
0.757339 0.590807
0.760524 0.121451
0.760547 0.520658
0.762408 0.791872
0.764338 0.232939
0.764368 0.737036
0.765063 0.411145
0.765293 0.28015
0.768714 0.776196
0.769396 0.24596
0.770253 0.635835
0.770434 0.679628
0.770541 0.485257
0.771283 0.956537
0.771646 0.051025
0.771686 0.730401
0.772035 0.591561
0.772362 0.093428
0.773327 0.306683
0.773602 0.920727
0.775334 0.0422871
0.777074 0.287864
0.779001 0.676886
0.779412 0.573537
0.779574 0.293866
0.779712 0.628128
0.779823 0.485262
0.780384 0.906959
0.780996 0.192999
0.784974 0.0591112
0.785224 0.25255
0.785296 0.478121
0.785575 0.160512
0.785944 0.358323
0.786709 0.21481
0.786902 0.469257
0.787015 0.363434
0.788693 0.566342
0.790809 0.126656
0.791017 0.618657
0.792606 0.321063
0.793581 0.711859
0.794638 0.487015
0.794903 0.940626
0.798457 0.659111
0.7991 0.472743
0.799129 0.964669
0.802532 0.154814
0.803752 0.658782
0.805264 0.0726388
0.806223 0.191618
0.808185 0.1567
0.810065 0.755352
0.810208 0.166516
0.810476 0.674826
0.811709 0.398496
0.811909 0.752142
0.812145 0.720988
0.812829 0.21362
0.814253 0.156025
0.815559 0.0942459
0.817624 0.807121
0.822208 0.845204
0.822837 0.414661
0.827558 0.775485
0.829845 0.201056
0.831023 0.00812549
0.833798 0.640161
0.835073 0.0661543
0.835646 0.709329
0.835959 0.962012
0.836061 0.677467
0.83705 0.302491
0.838724 0.429155
0.838854 0.618206
0.839288 0.912163
0.839497 0.419018
0.840044 0.612584
0.840726 0.077424
0.841064 0.755611
0.841681 0.1307
0.84211 0.347787
0.842435 0.806546
0.842684 0.988528
0.843691 0.906939
0.843817 0.0342947
0.844214 0.696914
0.844503 0.559328
0.845778 0.989664
0.846608 0.943008
0.846779 0.821453
0.848291 0.2208
0.848568 0.878515
0.848703 0.156466
0.849992 0.814362
0.85027 0.491071
0.852341 0.295945
0.852767 0.454028
0.852977 0.977288
0.853247 0.518695
0.853938 0.137903
0.854079 0.502343
0.855395 0.623904
0.856455 0.43874
0.863785 0.639418
0.864725 0.427091
0.868592 0.420337
0.868807 0.0334661
0.870211 0.628075
0.872548 0.918687
0.872957 0.780926
0.873591 0.445685
0.873702 0.311077
0.874191 0.520664
0.874291 0.205376
0.875526 0.959225
0.876835 0.967695
0.88451 0.957883
0.885622 0.642236
0.885632 0.820387
0.886833 0.994216
0.887811 0.440728
0.888197 0.932983
0.888219 0.293544
0.88826 0.980073
0.88852 0.354254
0.889463 0.205352
0.891032 0.574613
0.891688 0.608135
0.893494 0.957542
0.894446 0.953483
0.895929 0.885086
0.898928 0.283782
0.900629 0.875457
0.901269 0.629671
0.902128 0.0572622
0.902759 0.668144
0.904316 0.836071
0.904321 0.918554
0.908465 0.570376
0.909451 0.142274
0.911096 0.784298
0.91111 0.028434
0.912081 0.350828
0.912668 0.202489
0.912731 0.277989
0.912919 0.421497
0.913315 0.0897203
0.913775 0.823809
0.913793 0.122823
0.91581 0.0116125
0.916808 0.79494
0.917314 0.298588
0.91921 0.159855
0.91977 0.573913
0.920466 0.266313
0.920718 0.510122
0.920947 0.349614
0.921345 0.0528129
0.922344 0.831336
0.923255 0.153754
0.924464 0.463887
0.927184 0.189481
0.927249 0.278778
0.927561 0.515175
0.927597 0.115363
0.929535 0.697955
0.929872 0.361077
0.929926 0.259317
0.930563 0.977232
0.930875 0.213003
0.930896 0.572719
0.931133 0.558751
0.931919 0.76272
0.932353 0.0546582
0.932415 0.0949079
0.93424 0.776389
0.935429 0.747326
0.935724 0.714715
0.938928 0.560668
0.939483 0.88646
0.940391 0.150103
0.940729 0.829206
0.94148 0.445626
0.941486 0.55676
0.941849 0.657673
0.942161 0.902178
0.942303 0.292062
0.942457 0.880743
0.9427 0.958219
0.94306 0.00275084
0.943469 0.88843
0.945025 0.0379494
0.947327 0.718895
0.947954 0.266391
0.948883 0.882338
0.950019 0.965233
0.951818 0.20688
0.952127 0.398799
0.953578 0.777055
0.954967 0.123748
0.955024 0.0953061
0.956275 0.112676
0.956365 0.624293
0.956895 0.536719
0.957177 0.278654
0.957713 0.27451
0.958 0.10093
0.958124 0.184943
0.95833 0.646805
0.958756 0.812934
0.960149 0.215766
0.960635 0.392099
0.961998 0.305689
0.964134 0.197285
0.964771 0.912853
0.966786 0.767268
0.967379 0.737703
0.968558 0.548286
0.970489 0.00884923
0.971203 0.01097
0.971322 0.0160388
0.972018 0.699634
0.975171 0.691941
0.975406 0.644618
0.97542 0.890522
0.976012 0.827914
0.976215 0.24122
0.977079 0.774569
0.977518 0.145224
0.978007 0.371419
0.978612 0.53115
0.979056 0.996466
0.979059 0.0415142
0.980955 0.90401
0.981567 0.203355
0.983086 0.73035
0.98443 0.313049
0.986094 0.290206
0.986779 0.796651
0.987374 0.800246
0.987926 0.0650156
0.988112 0.205839
0.988511 0.896908
0.988846 0.534445
0.989147 0.587877
0.989149 0.62182
0.989579 0.85034
0.99009 0.435946
0.990911 0.236308
0.992781 0.667617
0.993372 0.60749
0.993861 0.815731
0.994958 0.251026
0.995125 0.0617723
0.99566 0.0554288
0.997482 0.68675
