0.000861601 0.480943
0.00427991 0.932434
0.00435285 0.158411
0.00478474 0.417189
0.00561739 0.411519
0.00593696 0.782475
0.00649468 0.156117
0.00674505 0.36409
0.00730318 0.744518
0.00767895 0.0600692
0.0124181 0.711307
0.0126897 0.275027
0.0137786 0.577046
0.0138896 0.442962
0.0164502 0.479282
0.0216636 0.0998064
0.0217679 0.852757
0.0218778 0.70021
0.0219749 0.331304
0.023005 0.645854
0.0296561 0.429652
0.0308844 0.0744008
0.0363503 0.93868
0.0411994 0.438247
0.0417152 0.107931
0.0432048 0.143367
0.0472565 0.239925
0.0552496 0.579906
0.0553004 0.434248
0.0557267 0.598616
0.0575486 0.21927
0.0616152 0.567101
0.0635903 0.762326
0.0642069 0.124783
0.0667529 0.91577
0.0671355 0.346839
0.0672801 0.776934
0.0689603 0.0164231
0.0696525 0.648795
0.069854 0.0366423
0.0716849 0.808478
0.0727906 0.391394
0.0729407 0.913613
0.0741453 0.159703
0.0744587 0.427476
0.0770839 0.549438
0.078427 0.123051
0.0785394 0.0114912
0.0833056 0.11676
0.0854052 0.40564
0.0873311 0.774595
0.0873796 0.589289
0.0874082 0.0701252
0.0903136 0.90033
0.0928682 0.836606
0.0939574 0.14271
0.0952669 0.15158
0.0952796 0.363596
0.0965293 0.367419
0.0968667 0.0377723
0.102432 0.5678
0.103337 0.787732
0.106653 0.516162
0.112681 0.824012
0.116253 0.868527
0.120022 0.204579
0.120844 0.016782
0.121962 0.823039
0.124348 0.911862
0.125758 0.611
0.127064 0.567942
0.127344 0.265024
0.127377 0.822965
0.128327 0.784955
0.13013 0.103441
0.13223 0.38793
0.133701 0.109607
0.136324 0.190959
0.142274 0.191547
0.143646 0.262705
0.143888 0.320521
0.150696 0.755282
0.151472 0.785654
0.153041 0.161372
0.154772 0.254037
0.156371 0.129406
0.15701 0.863521
0.157267 0.190572
0.15852 0.245603
0.158819 0.271768
0.159497 0.66902
0.162582 0.507814
0.162812 0.383362
0.163416 0.526195
0.164722 0.488326
0.166069 0.124314
0.166112 0.839566
0.16738 0.153548
0.167878 0.518872
0.168304 0.689556
0.169367 0.558003
0.169607 0.579716
0.174285 0.200909
0.174939 0.200135
0.176014 0.259443
0.176775 0.0589378
0.178014 0.876877
0.180094 0.835609
0.180424 0.383065
0.180692 0.885097
0.181627 0.598506
0.182151 0.416453
0.183486 0.849378
0.184069 0.64739
0.184209 0.000959382
0.192869 0.557504
0.192968 0.215912
0.193048 0.562979
0.194359 0.595375
0.195298 0.367598
0.196679 0.57708
0.202157 0.65786
0.202815 0.719431
0.203993 0.502778
0.204222 0.358588
0.204783 0.794246
0.205355 0.394493
0.212494 0.39313
0.21312 0.910158
0.213375 0.195705
0.214095 0.29971
0.215661 0.615336
0.216649 0.217734
0.218437 0.267901
0.219155 0.331889
0.220423 0.650841
0.220931 0.182421
0.22282 0.941342
0.223326 0.438752
0.224402 0.521062
0.225096 0.190178
0.226756 0.0850643
0.229337 0.472045
0.230974 0.978156
0.231151 0.960958
0.231651 0.358112
0.23625 0.661595
0.237554 0.575327
0.241764 0.330323
0.246874 0.21355
0.248279 0.819593
0.249632 0.572422
0.250566 0.265176
0.250713 0.738794
0.250747 0.296752
0.251784 0.736251
0.25244 0.75678
0.253811 0.799912
0.256203 0.995714
0.260134 0.0696646
0.260559 0.219804
0.261206 0.0825309
0.26486 0.494399
0.271741 0.149322
0.272671 0.775686
0.27278 0.609201
0.274813 0.784553
0.276756 0.43737
0.276918 0.157879
0.277671 0.815028
0.277854 0.896833
0.279307 0.31714
0.279401 0.89701
0.279813 0.821813
0.284676 0.557658
0.285915 0.378352
0.287048 0.407762
0.291064 0.911026
0.291634 0.494407
0.295211 0.61426
0.298406 0.317741
0.298903 0.665636
0.301779 0.998264
0.303237 0.511376
0.310736 0.535542
0.31354 0.659637
0.315719 0.289503
0.318575 0.296115
0.319782 0.582769
0.320868 0.829956
0.321601 0.150031
0.323469 0.550106
0.323899 0.764508
0.327454 0.518492
0.330854 0.664676
0.331495 0.43297
0.331777 0.171617
0.333997 0.495291
0.336429 0.366031
0.337168 0.781548
0.344511 0.203251
0.347522 0.795359
0.347682 0.484492
0.34889 0.798538
0.349618 0.0221759
0.350727 0.677039
0.351399 0.969707
0.351972 0.601252
0.352139 0.394742
0.352652 0.0274618
0.3582 0.261989
0.358606 0.0951609
0.358838 0.994211
0.360194 0.783871
0.362018 0.437896
0.363511 0.528649
0.364308 0.929866
0.364605 0.912618
0.365953 0.568314
0.367032 0.706465
0.369117 0.741167
0.371609 0.632052
0.37277 0.142047
0.373002 0.0414185
0.374316 0.121093
0.375105 0.389951
0.376134 0.690038
0.377114 0.159811
0.381363 0.564614
0.383127 0.209062
0.385469 0.571011
0.388321 0.506505
0.390968 0.999078
0.39494 0.749352
0.400244 0.893021
0.405911 0.147033
0.406658 0.703417
0.406808 0.225339
0.410173 0.778825
0.410758 0.618206
0.410836 0.926509
0.412197 0.801969
0.414546 0.269387
0.414646 0.962481
0.415263 0.325909
0.415452 0.495001
0.416346 0.520973
0.418693 0.9782
0.418946 0.23292
0.418954 0.35743
0.424209 0.688017
0.425204 0.401134
0.429236 0.162191
0.432393 0.236143
0.437525 0.47914
0.439315 0.560972
0.43972 0.378851
0.445536 0.11952
0.446025 0.341747
0.450565 0.645083
0.450778 0.21973
0.45129 0.834379
0.451387 0.459243
0.453748 0.145392
0.454032 0.911698
0.460498 0.590986
0.460704 0.0502175
0.462887 0.747656
0.46363 0.233032
0.47072 0.384315
0.471318 0.438969
0.471506 0.603694
0.472744 0.400877
0.47391 0.011403
0.476243 0.223219
0.477882 0.758851
0.481281 0.888616
0.481348 0.0147128
0.481508 0.710952
0.482471 0.897817
0.483511 0.371289
0.483977 0.199279
0.485013 0.60856
0.487271 0.567625
0.489194 0.887798
0.489572 0.232378
0.492013 0.254566
0.493867 0.427347
0.494187 0.801284
0.494305 0.785504
0.494352 0.580099
0.494602 0.776293
0.495102 0.172258
0.495784 0.634265
0.498545 0.0453314
0.500212 0.0676387
0.503738 0.330777
0.505771 0.500361
0.50635 0.224695
0.506771 0.295374
0.509493 0.0439144
0.512001 0.20599
0.51334 0.700047
0.514198 0.122121
0.519502 0.262267
0.519693 0.484971
0.525071 0.862591
0.526045 0.241468
0.528849 0.368851
0.529184 0.994735
0.530649 0.621298
0.533793 0.451098
0.537238 0.352683
0.538582 0.940008
0.54476 0.779484
0.545113 0.714189
0.545209 0.321428
0.545312 0.0537476
0.545703 0.626841
0.547015 0.686731
0.550002 0.89163
0.550665 0.0265574
0.554923 0.597773
0.556572 0.310563
0.55889 0.257425
0.560407 0.751721
0.560881 0.731362
0.561849 0.994847
0.561886 0.625997
0.56814 0.732117
0.568437 0.714274
0.569197 0.489906
0.574358 0.230378
0.574734 0.557505
0.574798 0.633372
0.57963 0.842214
0.580467 0.907788
0.581787 0.0952866
0.582478 0.715347
0.583125 0.5836
0.583549 0.709391
0.583568 0.0268836
0.583894 0.508058
0.585042 0.805443
0.585878 0.84998
0.586221 0.624384
0.587867 0.278876
0.591111 0.797857
0.592017 0.0379113
0.59249 0.985135
0.592994 0.455302
0.594641 0.139228
0.599442 0.82807
0.599616 0.753293
0.601686 0.542021
0.601773 0.00141948
0.602348 0.66038
0.603106 0.403251
0.603595 0.629321
0.603955 0.668672
0.606667 0.2553
0.608035 0.244462
0.608201 0.026376
0.608272 0.226182
0.610022 0.646709
0.611255 0.365707
0.611931 0.720783
0.612295 0.849292
0.616306 0.263273
0.617687 0.466423
0.618419 0.767824
0.619226 0.32805
0.620562 0.79376
0.620711 0.294942
0.624539 0.620443
0.624552 0.847814
0.626194 0.450339
0.626985 0.741462
0.631653 0.197848
0.63596 0.585236
0.636138 0.579386
0.64153 0.202489
0.642504 0.557081
0.643359 0.940124
0.64345 0.464286
0.644614 0.0335272
0.644726 0.906143
0.647244 0.236743
0.647671 0.411591
0.649524 0.553966
0.649873 0.420675
0.657866 0.755162
0.659476 0.820179
0.660005 0.70274
0.664915 0.225574
0.6655 0.0621465
0.668142 0.462806
0.668832 0.0640682
0.668916 0.467281
0.670877 0.430211
0.672047 0.0880474
0.674083 0.306577
0.675364 0.834603
0.675649 0.640369
0.680075 0.0198031
0.680456 0.425209
0.681139 0.908708
0.683904 0.371044
0.684139 0.330084
0.686084 0.0125556
0.68634 0.315861
0.687679 0.8268
0.687728 0.650698
0.690525 0.657186
0.690805 0.356522
0.69091 0.122057
0.692107 0.245538
0.692883 0.284411
0.69602 0.0149725
0.697018 0.776003
0.698191 0.496881
0.698259 0.641393
0.701612 0.996918
0.704204 0.556087
0.705943 0.779053
0.706637 0.449273
0.70885 0.634146
0.710793 0.292043
0.716246 0.944227
0.719589 0.126038
0.721275 0.473406
0.721717 0.905075
0.722165 0.418961
0.722781 0.780292
0.727103 0.41738
0.727469 0.563866
0.738154 0.161252
0.739213 0.944437
0.73961 0.622342
0.740077 0.475305
0.742785 0.98241
0.743646 0.455746
0.746267 0.513595
0.746269 0.550442
0.747599 0.897113
0.749149 0.951292
0.753508 0.216016
0.756906 0.317386
0.756919 0.544523
0.757838 0.98037
0.76301 0.915194
0.764572 0.168437
0.764682 0.0024525
0.76919 0.776616
0.770911 0.700944
0.775232 0.316377
0.7768 0.674203
0.776845 0.430176
0.778274 0.453889
0.78237 0.285837
0.783515 0.534393
0.785206 0.953857
0.787493 0.401616
0.794404 0.548019
0.794967 0.00826054
0.798031 0.508729
0.800743 0.0854961
0.800936 0.338409
0.803227 0.837298
0.803418 0.0527146
0.807222 0.985527
0.80848 0.118931
0.810201 0.0547946
0.81077 0.619181
0.812028 0.760388
0.814755 0.590621
0.815432 0.971969
0.816365 0.65264
0.816923 0.0276679
0.817007 0.443278
0.81896 0.253868
0.821104 0.299941
0.825858 0.195948
0.828872 0.85073
0.829971 0.316665
0.831481 0.703333
0.83273 0.68993
0.833016 0.501863
0.833061 0.263447
0.833094 0.803482
0.834891 0.0190044
0.835393 0.450595
0.835586 0.690868
0.837302 0.529724
0.839848 0.322589
0.840661 0.997557
0.84119 0.886888
0.844774 0.112185
0.845285 0.696922
0.846791 0.02371
0.847046 0.309414
0.847223 0.274293
0.849965 0.368157
0.850301 0.0036592
0.85365 0.296816
0.853702 0.176586
0.854241 0.23452
0.854575 0.846771
0.857215 0.21805
0.859681 0.650622
0.859707 0.089658
0.862728 0.874577
0.864159 0.928641
0.865674 0.382287
0.870792 0.401919
0.87203 0.216062
0.873282 0.256974
0.87331 0.715787
0.875139 0.46607
0.875352 0.0418203
0.877206 0.194323
0.877871 0.376757
0.882047 0.555849
0.883259 0.929477
0.884036 0.993589
0.88451 0.952201
0.885871 0.838625
0.888079 0.940726
0.889644 0.249223
0.896003 0.124721
0.897807 0.445359
0.901056 0.0475422
0.902279 0.600558
0.90288 0.697248
0.905312 0.5781
0.905544 0.481376
0.907001 0.958221
0.9092 0.917404
0.910987 0.958837
0.911134 0.427141
0.911432 0.43075
0.916957 0.291897
0.9175 0.429285
0.918328 0.345618
0.918574 0.479827
0.921423 0.362853
0.922731 0.340511
0.927442 0.524311
0.928343 0.665995
0.928374 0.184031
0.930475 0.49765
0.930554 0.828727
0.932355 0.0890708
0.932635 0.800482
0.932956 0.184398
0.93371 0.855228
0.934016 0.00432119
0.935107 0.345911
0.937149 0.656964
0.938706 0.837445
0.939923 0.28522
0.94163 0.96754
0.944759 0.55967
0.944902 0.963226
0.946378 0.780244
0.948068 0.184728
0.950542 0.762886
0.951672 0.756381
0.951806 0.00961609
0.954866 0.424354
0.958473 0.0618501
0.958661 0.215736
0.958914 0.466715
0.95985 0.197865
0.962636 0.0168499
0.963207 0.625049
0.966262 0.968919
0.966634 0.219566
0.966738 0.966435
0.967424 0.492603
0.971083 0.987501
0.971374 0.874952
0.974306 0.16206
0.974662 0.146023
0.978086 0.682822
0.980492 0.128692
0.982257 0.792463
0.984649 0.994753
0.984837 0.159971
0.98795 0.483045
0.988038 0.947046
0.988275 0.94294
0.98977 0.0565535
0.992764 0.385829
0.994242 0.220456
0.995489 0.190195
0.995675 0.311312
0.997073 0.80511
0.998771 0.337579
0.999991 0.856237
