0.000105371 0.770974
0.000859444 0.444691
0.00838107 0.860645
0.0114583 0.579399
0.0128592 0.124733
0.0154036 0.888852
0.0180988 0.186461
0.0196945 0.0062466
0.0208317 0.117935
0.0245785 0.0913753
0.0286619 0.720197
0.0319722 0.357488
0.0330361 0.2374
0.0368874 0.96642
0.0404494 0.832729
0.0417774 0.152603
0.0425962 0.915015
0.0442062 0.973176
0.0454088 0.185283
0.0476047 0.0918034
0.0496333 0.186442
0.0501101 0.199713
0.0510332 0.715623
0.0532618 0.171194
0.0532868 0.591047
0.0587412 0.26293
0.0612762 0.86873
0.062641 0.807615
0.0652888 0.308601
0.0693693 0.889431
0.0710185 0.607848
0.0717627 0.114887
0.0743425 0.473904
0.0744562 0.384564
0.0751696 0.374765
0.0756003 0.614696
0.0783259 0.42429
0.0808865 0.459163
0.0849417 0.614661
0.0880115 0.209022
0.0901331 0.866641
0.0911773 0.417408
0.0923715 0.487819
0.0935755 0.723405
0.0949207 0.331414
0.0954853 0.821169
0.0995929 0.858386
0.104779 0.0128889
0.105156 0.36279
0.106585 0.370319
0.106933 0.214597
0.10722 0.0495247
0.107957 0.427757
0.109218 0.626762
0.110842 0.926547
0.111191 0.795322
0.112572 0.000600637
0.113164 0.954795
0.116339 0.314629
0.116996 0.359178
0.118735 0.57175
0.119264 0.469589
0.123029 0.740235
0.123956 0.336554
0.12524 0.904861
0.125593 0.836975
0.132541 0.624663
0.133476 0.332069
0.13453 0.0396991
0.135205 0.388803
0.135496 0.276293
0.135651 0.891223
0.136275 0.368415
0.137374 0.844211
0.138678 0.755799
0.139989 0.787936
0.140426 0.136381
0.142045 0.357549
0.142649 0.495069
0.14286 0.0426369
0.144034 0.773454
0.146978 0.263398
0.147959 0.754732
0.148848 0.696077
0.153912 0.803468
0.154087 0.73179
0.155546 0.256665
0.157086 0.140542
0.160365 0.253467
0.160395 0.757
0.161986 0.503531
0.163326 0.0147512
0.165886 0.0531141
0.166282 0.698132
0.16866 0.676353
0.170365 0.325506
0.170905 0.404016
0.174767 0.311313
0.174967 0.665835
0.179939 0.227283
0.181979 0.518246
0.183175 0.629409
0.184999 0.280508
0.185792 0.606013
0.186107 0.892209
0.187752 0.551952
0.188412 0.639835
0.190077 0.626165
0.190987 0.913584
0.194607 0.766892
0.195453 0.982153
0.201062 0.25135
0.201404 0.000687294
0.201652 0.170444
0.202445 0.4976
0.202998 0.780723
0.204021 0.988123
0.204036 0.228917
0.206856 0.628258
0.20996 0.791705
0.210175 0.412098
0.210588 0.350651
0.211801 0.731041
0.212006 0.1851
0.213493 0.178868
0.216227 0.121675
0.216274 0.917108
0.216514 0.947571
0.216583 0.111477
0.222883 0.992447
0.224002 0.801975
0.228254 0.260553
0.230817 0.348175
0.232914 0.585151
0.233658 0.0941932
0.238757 0.793038
0.239528 0.751901
0.242786 0.500735
0.243053 0.983813
0.243843 0.269708
0.245366 0.873002
0.249638 0.674305
0.250863 0.256295
0.251561 0.982857
0.254737 0.362601
0.254966 0.208674
0.255455 0.440457
0.257269 0.917255
0.259815 0.711396
0.262032 0.978758
0.263186 0.359799
0.263749 0.827655
0.265799 0.290759
0.266891 0.631754
0.268885 0.151913
0.270029 0.384848
0.271691 0.31561
0.271903 0.869267
0.272656 0.523231
0.276122 0.778834
0.27712 0.556292
0.277647 0.405771
0.280856 0.350407
0.282315 0.869866
0.283358 0.3914
0.28558 0.735978
0.288055 0.345473
0.289105 0.992824
0.293316 0.768904
0.293744 0.9632
0.293769 0.376213
0.293812 0.0943998
0.29482 0.0464409
0.296201 0.247235
0.298172 0.372038
0.299849 0.569953
0.30246 0.437614
0.303213 0.0929937
0.30536 0.182417
0.311652 0.937774
0.314469 0.285641
0.315325 0.661327
0.317124 0.902465
0.320968 0.508447
0.328694 0.361147
0.32945 0.0581945
0.329478 0.542083
0.332723 0.0720449
0.335236 0.308307
0.340079 0.709794
0.340378 0.738526
0.348826 0.715579
0.350175 0.383727
0.352224 0.829487
0.352601 0.161748
0.354212 0.236587
0.357317 0.433
0.35749 0.336864
0.358599 0.969391
0.360095 0.111305
0.361846 0.538884
0.36217 0.991249
0.369392 0.374503
0.369509 0.332316
0.377362 0.324363
0.37865 0.970519
0.379382 0.278064
0.379598 0.905242
0.38437 0.114116
0.385159 0.370131
0.387308 0.487025
0.38921 0.454331
0.390382 0.147307
0.392496 0.674985
0.393704 0.983318
0.395913 0.109242
0.39695 0.546604
0.398838 0.271121
0.40049 0.0333107
0.401228 0.44497
0.40236 0.467939
0.403244 0.327232
0.403612 0.513898
0.40707 0.623524
0.409621 0.501689
0.412555 0.81709
0.412835 0.5127
0.413415 0.273935
0.414651 0.043789
0.416728 0.941241
0.417694 0.178265
0.419738 0.532848
0.421696 0.450917
0.422459 0.261103
0.422906 0.783371
0.422969 0.839367
0.425245 0.100937
0.426415 0.763469
0.427593 0.548053
0.427762 0.402212
0.429761 0.992848
0.434087 0.705845
0.434544 0.381635
0.437033 0.21181
0.439095 0.869587
0.439791 0.568217
0.440126 0.197348
0.441846 0.105554
0.44334 0.207937
0.445268 0.61168
0.445593 0.0800662
0.445648 0.00983887
0.448563 0.998309
0.449844 0.52757
0.450382 0.566174
0.451701 0.737104
0.455867 0.761915
0.456795 0.353381
0.458521 0.360065
0.459014 0.650765
0.460356 0.200468
0.461334 0.633018
0.463446 0.14261
0.468431 0.923517
0.469659 0.553521
0.470352 0.209677
0.472099 0.566349
0.474459 0.228135
0.474933 0.204387
0.47603 0.631056
0.479979 0.000992232
0.482105 0.737822
0.482135 0.235603
0.482179 0.988241
0.485109 0.22087
0.486179 0.217473
0.488021 0.168807
0.488431 0.0556832
0.491737 0.628884
0.493932 0.519211
0.497135 0.354403
0.49823 0.743843
0.498742 0.361442
0.500703 0.32067
0.500854 0.852634
0.502468 0.987838
0.502702 0.913404
0.504748 0.305288
0.505154 0.130578
0.505197 0.850855
0.50562 0.954654
0.510047 0.36512
0.511283 0.128486
0.51129 0.246617
0.512225 0.970466
0.513935 0.699244
0.516045 0.166972
0.51754 0.296943
0.518168 0.848117
0.522499 0.647713
0.525162 0.396873
0.526208 0.977528
0.527519 0.0166385
0.527829 0.217574
0.528766 0.97373
0.528819 0.863964
0.528901 0.236913
0.529593 0.870443
0.530052 0.57699
0.530327 0.199674
0.531711 0.464684
0.532401 0.0708374
0.533875 0.844466
0.536013 0.762914
0.537765 0.220116
0.538171 0.045258
0.540397 0.45182
0.544727 0.228602
0.546275 0.23767
0.54909 0.559498
0.551353 0.593023
0.552027 0.920315
0.556861 0.16364
0.560547 0.110065
0.561715 0.742614
0.564502 0.583935
0.564674 0.478055
0.567168 0.387645
0.568084 0.783843
0.568656 0.399148
0.56876 0.152841
0.569364 0.306115
0.570204 0.419924
0.570963 0.169807
0.571402 0.559895
0.571527 0.656071
0.573304 0.523625
0.575533 0.975377
0.575989 0.650337
0.576777 0.898846
0.576981 0.312176
0.577988 0.247124
0.579526 0.0923314
0.579651 0.198916
0.579746 0.782989
0.579809 0.849136
0.579869 0.858683
0.581092 0.409844
0.583882 0.30847
0.589925 0.870129
0.5915 0.335654
0.594937 0.113794
0.596378 0.330834
0.596533 0.935364
0.597738 0.18701
0.598314 0.86095
0.598385 0.0636361
0.599079 0.715566
0.602291 0.707074
0.605402 0.997488
0.60613 0.229196
0.608688 0.216351
0.609253 0.716976
0.610307 0.431157
0.610777 0.330515
0.616385 0.58182
0.618029 0.21266
0.618408 0.577651
0.618979 0.186734
0.619018 0.831846
0.620971 0.657407
0.621557 0.512473
0.623038 0.401353
0.624318 0.9127
0.627234 0.914318
0.629606 0.792315
0.629842 0.758703
0.629845 0.807853
0.631173 0.124306
0.635921 0.929042
0.642436 0.415456
0.642505 0.58243
0.643455 0.552004
0.643828 0.814312
0.648733 0.263398
0.649702 0.549478
0.650146 0.00590254
0.650396 0.212279
0.650643 0.362211
0.65246 0.900054
0.653547 0.164945
0.654715 0.802605
0.655193 0.834354
0.656352 0.31234
0.658343 0.773958
0.658428 0.197762
0.658925 0.551527
0.667023 0.661332
0.671512 0.110646
0.672614 0.626607
0.675759 0.476537
0.676459 0.245127
0.676703 0.348382
0.677257 0.655188
0.67773 0.615693
0.678627 0.687535
0.67889 0.0986881
0.680408 0.625573
0.682025 0.801279
0.682056 0.313875
0.682535 0.374088
0.688298 0.224734
0.688443 0.653742
0.690515 0.490798
0.691479 0.69427
0.694571 0.657832
0.696592 0.627139
0.69774 0.921354
0.699645 0.934327
0.702835 0.548189
0.706169 0.574326
0.708491 0.613649
0.710294 0.91548
0.710609 0.20526
0.714381 0.594946
0.71551 0.578063
0.717205 0.0670956
0.724301 0.325623
0.726097 0.514622
0.727802 0.168783
0.73092 0.565715
0.731025 0.337034
0.736638 0.668935
0.738335 0.194314
0.739796 0.755503
0.739897 0.452597
0.74156 0.396891
0.742804 0.305068
0.743409 0.477508
0.743652 0.557935
0.744544 0.557312
0.744546 0.582466
0.745896 0.277059
0.748832 0.61298
0.749496 0.772193
0.751141 0.4325
0.752996 0.600358
0.760724 0.483268
0.762704 0.758877
0.762899 0.039503
0.765275 0.97421
0.765314 0.639122
0.765561 0.775124
0.76569 0.956873
0.766727 0.376594
0.770672 0.687496
0.774606 0.806416
0.77492 0.0774837
0.774944 0.476707
0.775476 0.416682
0.780569 0.0153421
0.782165 0.847987
0.782713 0.0562813
0.783869 0.488397
0.784319 0.0425886
0.786222 0.0366766
0.786506 0.804712
0.786693 0.949034
0.790528 0.401682
0.791009 0.489107
0.791202 0.737082
0.791358 0.360637
0.792189 0.325971
0.792401 0.888519
0.792708 0.0397649
0.793095 0.550075
0.793595 0.950626
0.794491 0.00193957
0.794963 0.946996
0.79535 0.444494
0.795491 0.810249
0.795637 0.268285
0.796051 0.224284
0.798947 0.908002
0.800328 0.109125
0.804337 0.490705
0.808362 0.14595
0.81443 0.122861
0.822832 0.334268
0.825391 0.353057
0.827033 0.95098
0.833385 0.696325
0.833993 0.912711
0.835005 0.927418
0.835296 0.82566
0.83534 0.563022
0.836592 0.603715
0.837478 0.495527
0.837681 0.901015
0.839198 0.407989
0.840831 0.854456
0.841397 0.352013
0.842954 0.535703
0.846387 0.227142
0.848772 0.317852
0.849536 0.152831
0.853283 0.127649
0.854871 0.824459
0.856408 0.654162
0.858031 0.931313
0.859242 0.278511
0.859311 0.431578
0.860629 0.589454
0.861111 0.684549
0.864084 0.655126
0.864624 0.734466
0.865474 0.0215892
0.867657 0.703907
0.873459 0.218895
0.874369 0.527719
0.875651 0.0648701
0.875761 0.916127
0.877177 0.72215
0.8815 0.364874
0.881583 0.765982
0.883667 0.790174
0.884315 0.6897
0.885104 0.939196
0.886757 0.733122
0.887459 0.524541
0.88781 0.430922
0.888712 0.575666
0.890388 0.757499
0.893511 0.244152
0.893617 0.0240716
0.904598 0.582224
0.905926 0.896933
0.908337 0.428392
0.909028 0.0263984
0.912525 0.80744
0.918901 0.976591
0.919227 0.447513
0.919346 0.444364
0.923485 0.0160284
0.923851 0.157404
0.925546 0.655327
0.927189 0.265968
0.927222 0.824473
0.92946 0.429277
0.930428 0.70015
0.932427 0.301618
0.934901 0.886006
0.935346 0.365213
0.935932 0.207029
0.936548 0.558349
0.936779 0.448837
0.937374 0.448738
0.939339 0.47755
0.93939 0.323409
0.940382 0.993646
0.940433 0.852355
0.94211 0.0381628
0.943886 0.893359
0.944182 0.870452
0.94521 0.15106
0.945644 0.439429
0.945804 0.135097
0.946757 0.145031
0.946877 0.161033
0.949991 0.498328
0.953189 0.248486
0.953734 0.403342
0.954191 0.0944089
0.95554 0.755763
0.958118 0.0957384
0.958856 0.496268
0.959126 0.0300996
0.961336 0.182485
0.961344 0.309601
0.965726 0.957489
0.967406 0.195506
0.968163 0.919649
0.968336 0.825525
0.96867 0.4437
0.971482 0.702487
0.971575 0.261633
0.973231 0.0917715
0.974623 0.483842
0.974697 0.728211
0.981297 0.66716
0.981731 0.955357
0.982162 0.195124
0.983628 0.833826
0.986533 0.660611
0.987478 0.549752
0.988507 0.836903
0.98896 0.44537
0.989671 0.401676
0.990367 0.090812
0.991907 0.980496
