0.00156863 0.363962
0.00374514 0.944608
0.00449691 0.579616
0.0053558 0.0149782
0.00543965 0.424171
0.00885079 0.755229
0.00948057 0.339901
0.0120842 0.0989703
0.0133369 0.152522
0.0138748 0.193098
0.0140755 0.566646
0.0176068 0.916822
0.017936 0.450519
0.0182688 0.0435162
0.0188122 0.176881
0.0197162 0.370501
0.0208024 0.626572
0.0208274 0.0461751
0.0220305 0.266038
0.0225265 0.602045
0.0233844 0.0214183
0.0239949 0.282015
0.0241294 0.543656
0.0272039 0.216555
0.0278543 0.147629
0.0280287 0.0779313
0.0290903 0.919885
0.030346 0.0260614
0.0321165 0.782747
0.033275 0.25311
0.0336378 0.35112
0.0336674 0.848329
0.0352864 0.0578833
0.0374841 0.99466
0.0381292 0.837969
0.0383105 0.885119
0.039707 0.355289
0.0400084 0.42104
0.0400447 0.0315828
0.0417666 0.970491
0.0426983 0.630007
0.0429345 0.599831
0.0431708 0.571808
0.0436973 0.419972
0.0439454 0.590808
0.0449483 0.445317
0.0451647 0.0836242
0.0454431 0.761523
0.0459543 0.354611
0.0469809 0.608804
0.0489819 0.239425
0.0500966 0.973507
0.0505722 0.967713
0.0506727 0.655516
0.0519834 0.684844
0.0533289 0.299036
0.0534117 0.690361
0.053642 0.56083
0.0537434 0.264732
0.0549804 0.05502
0.0554184 0.417145
0.0569441 0.0594766
0.0585873 0.676527
0.0598275 0.520598
0.06022 0.11764
0.0603265 0.907163
0.0637838 0.0150432
0.064771 0.606218
0.0652254 0.243604
0.0665004 0.673087
0.0676248 0.570404
0.0683631 0.978643
0.0691141 0.600369
0.07198 0.768424
0.0720987 0.762074
0.0737393 0.336901
0.0738401 0.0313336
0.0746949 0.39737
0.0750245 0.936107
0.0756467 0.394484
0.0767655 0.197344
0.0820773 0.472754
0.083676 0.342856
0.0848273 0.693115
0.0854998 0.994518
0.0860251 0.82321
0.0870402 0.884061
0.0870678 0.347907
0.0877203 0.315765
0.089652 0.780969
0.0904144 0.595013
0.0905688 0.190527
0.0906903 0.232058
0.0931892 0.231244
0.094182 0.916226
0.0946595 0.942003
0.0955561 0.0110665
0.0981262 0.206716
0.0989696 0.382298
0.100041 0.384426
0.100288 0.538647
0.100712 0.662326
0.102107 0.111279
0.106594 0.524146
0.107351 0.247936
0.108043 0.881435
0.108376 0.476029
0.111134 0.829008
0.111781 0.708256
0.113874 0.880515
0.113904 0.377583
0.113909 0.474349
0.116392 0.197099
0.118341 0.964197
0.119314 0.316191
0.125138 0.199033
0.125183 0.952376
0.12862 0.719144
0.12863 0.890957
0.130215 0.518261
0.132101 0.225927
0.133117 0.302102
0.134341 0.87686
0.134434 0.440428
0.135216 0.573529
0.135458 0.650316
0.135574 0.592046
0.136475 0.742066
0.136979 0.199772
0.137078 0.867298
0.13708 0.899151
0.138062 0.412962
0.138292 0.27317
0.139548 0.386907
0.141047 0.576319
0.141286 0.588671
0.141325 0.257004
0.143096 0.00851651
0.14428 0.912226
0.144546 0.378727
0.14572 0.119483
0.14588 0.803529
0.152232 0.569473
0.152835 0.702594
0.152932 0.333539
0.153111 0.34108
0.153452 0.0698803
0.153806 0.0197053
0.154285 0.074448
0.15437 0.491443
0.154416 0.270277
0.154603 0.410028
0.155535 0.0730428
0.156094 0.464271
0.156781 0.0196001
0.158656 0.535794
0.160507 0.640173
0.163958 0.645042
0.166732 0.270332
0.167417 0.77929
0.16803 0.0834955
0.169828 0.301358
0.170244 0.28316
0.173462 0.378758
0.173779 0.707709
0.174102 0.132839
0.175071 0.41272
0.175213 0.797016
0.175235 0.17294
0.175525 0.0509279
0.176151 0.576025
0.177677 0.22292
0.177974 0.216488
0.177978 0.274481
0.178754 0.323379
0.179448 0.990092
0.179945 0.329895
0.180125 0.355006
0.18054 0.33025
0.181107 0.863691
0.181812 0.708846
0.182139 0.217233
0.182181 0.922052
0.182477 0.887907
0.182685 0.394785
0.183522 0.451305
0.183549 0.90233
0.183612 0.968759
0.183902 0.847076
0.184774 0.502954
0.185152 0.856354
0.186057 0.0546308
0.186807 0.661346
0.187044 0.640977
0.187344 0.684986
0.187667 0.124633
0.189052 0.400905
0.189957 0.600599
0.190365 0.463346
0.191226 0.940642
0.19123 0.99797
0.193157 0.395093
0.195678 0.759331
0.19801 0.957616
0.199071 0.77908
0.199145 0.0311586
0.20032 0.786002
0.200471 0.318796
0.201009 0.35898
0.20125 0.409776
0.201362 0.283925
0.203271 0.383144
0.203559 0.21959
0.206099 0.905203
0.206521 0.00537911
0.20979 0.933226
0.212074 0.331045
0.212528 0.961723
0.213087 0.346503
0.213578 0.60657
0.215614 0.817352
0.215807 0.065037
0.215863 0.0118164
0.216352 0.224722
0.217425 0.254016
0.219309 0.919232
0.221934 0.0372739
0.222533 0.120369
0.224856 0.152695
0.226667 0.586917
0.227812 0.832163
0.228703 0.805056
0.228745 0.512904
0.229201 0.17596
0.232417 0.240598
0.233606 0.223228
0.234041 0.524244
0.23518 0.66673
0.235433 0.923609
0.237088 0.741484
0.238226 0.856491
0.23838 0.454595
0.239906 0.107031
0.240319 0.0449035
0.240457 0.354622
0.240771 0.634322
0.242161 0.000189643
0.243944 0.969815
0.245447 0.235331
0.24624 0.548141
0.246606 0.709967
0.247786 0.533331
0.247845 0.526474
0.248335 0.773283
0.248778 0.20572
0.249266 0.407998
0.250478 0.775654
0.251017 0.836015
0.251175 0.49954
0.253325 0.639021
0.254136 0.263532
0.255372 0.0438337
0.256805 0.116485
0.257043 0.127046
0.258123 0.274197
0.258232 0.100926
0.258766 0.0775449
0.259043 0.735283
0.260428 0.0180744
0.260793 0.152876
0.261529 0.513718
0.262528 0.300263
0.26261 0.679144
0.262685 0.951015
0.262722 0.566441
0.263522 0.00887239
0.264301 0.10753
0.264496 0.387295
0.264717 0.102895
0.265103 0.578488
0.266416 0.648818
0.266913 0.000227245
0.266992 0.330327
0.268146 0.723796
0.270517 0.586132
0.271136 0.977617
0.272458 0.193431
0.272958 0.600877
0.274152 0.671468
0.274231 0.00115267
0.274587 0.976985
0.275048 0.728612
0.277195 0.819844
0.277201 0.917258
0.277431 0.790615
0.280162 0.675929
0.28032 0.331471
0.282784 0.748523
0.283142 0.775375
0.283815 0.0851831
0.284263 0.60544
0.284457 0.86657
0.284711 0.140222
0.285533 0.947628
0.286913 0.154519
0.28888 0.19907
0.290557 0.386576
0.290917 0.435898
0.290961 0.186822
0.291104 0.59095
0.29255 0.895106
0.293127 0.588987
0.29379 0.733393
0.293833 0.455328
0.29655 0.115799
0.298236 0.457688
0.299025 0.712936
0.299595 0.287959
0.299731 0.573149
0.301998 0.68115
0.302537 0.735061
0.302798 0.13424
0.303277 0.180076
0.304426 0.480545
0.307009 0.907393
0.30712 0.758619
0.307463 0.535285
0.308322 0.965216
0.30844 0.943558
0.311346 0.799786
0.311528 0.851264
0.311657 0.0220793
0.311769 0.903272
0.314512 0.999484
0.314828 0.306067
0.315433 0.481913
0.315656 0.224944
0.315744 0.709066
0.31763 0.402778
0.318177 0.596876
0.31887 0.250043
0.319154 0.0135074
0.319842 0.591525
0.32003 0.747978
0.32087 0.862037
0.321888 0.96641
0.323886 0.550652
0.323922 0.163754
0.323962 0.825043
0.324137 0.763649
0.324337 0.136979
0.32436 0.520314
0.324599 0.537324
0.326158 0.745345
0.326466 0.910945
0.327823 0.715412
0.328624 0.185571
0.32916 0.197166
0.330043 0.0308985
0.332174 0.85331
0.334314 0.813332
0.335216 0.978879
0.336254 0.42838
0.336809 0.744827
0.337529 0.851007
0.339818 0.318215
0.340738 0.789843
0.340799 0.804164
0.343194 0.0576233
0.344258 0.940157
0.344312 0.845339
0.344343 0.364955
0.345515 0.0748289
0.345536 0.415573
0.345685 0.921248
0.346247 0.365281
0.346782 0.365762
0.348354 0.783679
0.348592 0.782868
0.348613 0.140862
0.348747 0.384103
0.349162 0.372847
0.350282 0.187509
0.35253 0.97819
0.354895 0.72277
0.356012 0.495694
0.357019 0.420132
0.360531 0.448824
0.360563 0.989485
0.360934 0.22264
0.361583 0.121971
0.361983 0.848453
0.363522 0.713085
0.363754 0.605421
0.363851 0.246344
0.36403 0.250011
0.364316 0.0524743
0.365881 0.362388
0.366267 0.841964
0.366556 0.711468
0.366751 0.991813
0.369647 0.662665
0.36969 0.373698
0.373011 0.195418
0.373515 0.66441
0.373842 0.163421
0.374291 0.716024
0.374713 0.795765
0.374889 0.755369
0.375126 0.737238
0.376023 0.818746
0.376169 0.271757
0.376463 0.208638
0.377149 0.736027
0.377485 0.383958
0.377655 0.250749
0.378161 0.749521
0.381465 0.281602
0.382002 0.307856
0.382338 0.950973
0.382712 0.236009
0.383133 0.318443
0.383319 0.443919
0.384302 0.957245
0.384662 0.0210929
0.386289 0.351901
0.387078 0.616259
0.389328 0.433173
0.389901 0.0627068
0.39025 0.926771
0.392584 0.160704
0.39345 0.718549
0.393945 0.0326655
0.39514 0.118831
0.397068 0.515351
0.397198 0.711907
0.397367 0.548825
0.399071 0.194198
0.401044 0.340445
0.402014 0.653776
0.402023 0.807955
0.403577 0.919306
0.405258 0.168241
0.405839 0.929023
0.406735 0.994314
0.407601 0.543425
0.407971 0.760748
0.408374 0.543228
0.408699 0.00212823
0.411081 0.0403933
0.41156 0.0877401
0.411656 0.697726
0.413676 0.645017
0.416868 0.308154
0.416902 0.869696
0.416961 0.855607
0.41747 0.411183
0.417727 0.739415
0.418265 0.774184
0.418479 0.377116
0.419575 0.804592
0.42398 0.839149
0.42409 0.686634
0.424286 0.968426
0.42549 0.217678
0.426766 0.661108
0.427629 0.152358
0.427827 0.486149
0.428387 0.89328
0.430991 0.660255
0.433142 0.817783
0.435041 0.728074
0.435999 0.827401
0.436717 0.900585
0.437296 0.627776
0.437629 0.224671
0.438955 0.517841
0.441695 0.571696
0.441932 0.54368
0.444215 0.918881
0.444759 0.0647685
0.445272 0.686493
0.446162 0.638098
0.44776 0.498682
0.447779 0.823492
0.448235 0.485641
0.450018 0.444466
0.450629 0.71721
0.450654 0.149092
0.451535 0.945297
0.453962 0.734017
0.455709 0.0952049
0.457051 0.659324
0.458406 0.434974
0.462228 0.670338
0.463199 0.980852
0.463942 0.479618
0.464061 0.47978
0.464507 0.967275
0.464823 0.286765
0.465491 0.512846
0.466217 0.71522
0.468377 0.0155485
0.469303 0.578777
0.47003 0.793266
0.471656 0.114464
0.47209 0.41433
0.473057 0.672141
0.474624 0.0139385
0.474878 0.273706
0.477439 0.318095
0.481774 0.183197
0.483699 0.523203
0.484015 0.846574
0.485242 0.465277
0.493655 0.858538
0.494618 0.0395722
0.496068 0.41667
0.496253 0.522322
0.49946 0.416391
0.499845 0.891506
0.500071 0.686231
0.500198 0.834632
0.500696 0.202296
0.501023 0.689051
0.501398 0.00376475
0.501458 0.00291819
0.502411 0.0144801
0.50274 0.549969
0.505994 0.2465
0.505996 0.279989
0.506351 0.248487
0.506839 0.437288
0.50762 0.57597
0.509485 0.912197
0.50961 0.0157525
0.511659 0.45281
0.511762 0.182391
0.514719 0.882465
0.514886 0.696765
0.515476 0.603509
0.515956 0.674217
0.515981 0.0945793
0.516237 0.398519
0.518418 0.0577255
0.51957 0.405035
0.521219 0.120298
0.524915 0.242409
0.52651 0.0451177
0.529032 0.440043
0.530463 0.487048
0.530709 0.628606
0.531329 0.0489317
0.532242 0.386988
0.532992 0.994838
0.533428 0.317713
0.533611 0.397382
0.53378 0.241351
0.534146 0.393684
0.536614 0.869802
0.536706 0.423297
0.538626 0.681149
0.541645 0.422663
0.541988 0.200511
0.542293 0.322439
0.542348 0.23976
0.543393 0.803064
0.544365 0.150691
0.544578 0.71435
0.54478 0.121833
0.545587 0.675602
0.545674 0.144721
0.547132 0.646336
0.547463 0.202879
0.550765 0.704633
0.550843 0.0190479
0.552724 0.636852
0.553557 0.63184
0.556701 0.476777
0.557014 0.741935
0.557565 0.997932
0.55765 0.431386
0.560876 0.637571
0.561957 0.818039
0.563676 0.701043
0.563901 0.483332
0.566442 0.188025
0.567717 0.621712
0.569376 0.503543
0.571231 0.674454
0.571592 0.739389
0.572841 0.736959
0.573438 0.768267
0.575002 0.0562661
0.576009 0.989485
0.577199 0.985404
0.577892 0.633327
0.578073 0.679733
0.578308 0.629272
0.578919 0.899855
0.580688 0.625994
0.581031 0.394592
0.581489 0.0820275
0.583849 0.758699
0.585259 0.448453
0.587024 0.114251
0.588595 0.51308
0.588967 0.76577
0.590668 0.352796
0.590696 0.825321
0.592249 0.930184
0.593856 0.939172
0.595228 0.995272
0.596678 0.365819
0.597611 0.0399864
0.597626 0.3008
0.598672 0.872549
0.598793 0.909322
0.598829 0.525038
0.600041 0.883812
0.600563 0.66132
0.600686 0.731034
0.601749 0.588187
0.602375 0.109888
0.608461 0.396683
0.608486 0.831532
0.609853 0.806293
0.610048 0.0786074
0.611091 0.612578
0.611541 0.167607
0.611659 0.148305
0.613523 0.481221
0.614126 0.610859
0.614911 0.802236
0.61576 0.0830199
0.61681 0.719586
0.61837 0.943527
0.622291 0.845297
0.6223 0.990813
0.622909 0.234419
0.623601 0.85592
0.623983 0.276759
0.625103 0.111637
0.625146 0.827124
0.626269 0.703012
0.626863 0.681672
0.629302 0.67718
0.630148 0.901191
0.630633 0.0485042
0.631087 0.675426
0.634836 0.695042
0.635626 0.967476
0.635935 0.165767
0.636215 0.85942
0.636787 0.47928
0.637319 0.41539
0.637858 0.483076
0.639451 0.255708
0.639845 0.880925
0.640566 0.991198
0.643818 0.643259
0.645811 0.141794
0.646677 0.697605
0.647892 0.129335
0.648675 0.287411
0.648676 0.297163
0.649787 0.974605
0.650073 0.777922
0.650704 0.382832
0.651004 0.424462
0.651871 0.991628
0.652026 0.597402
0.652517 0.85124
0.653473 0.925499
0.654843 0.938421
0.655427 0.758253
0.655527 0.441016
0.657849 0.474172
0.659356 0.797493
0.659376 0.13992
0.659561 0.235077
0.66039 0.171062
0.660451 0.204268
0.6606 0.71071
0.661402 0.18688
0.661999 0.21368
0.662001 0.257038
0.662556 0.581132
0.662947 0.146055
0.66383 0.985235
0.664442 0.268841
0.665175 0.599372
0.665609 0.883984
0.665962 0.816169
0.669688 0.439168
0.670473 0.635999
0.672274 0.903191
0.673056 0.0529549
0.67385 0.399255
0.67484 0.0374583
0.676229 0.381522
0.677458 0.0333696
0.678764 0.982062
0.680905 0.96698
0.681009 0.723742
0.681019 0.885051
0.681802 0.0495833
0.682168 0.195263
0.683341 0.915233
0.685397 0.474664
0.685455 0.434717
0.686464 0.394928
0.687117 0.369001
0.690031 0.359231
0.690539 0.892478
0.69123 0.49511
0.693101 0.956347
0.693311 0.471342
0.693844 0.427995
0.693897 0.330415
0.696714 0.675018
0.70188 0.493073
0.702337 0.176893
0.702869 0.113402
0.70578 0.043017
0.706164 0.497768
0.706542 0.846628
0.707136 0.83918
0.707629 0.119432
0.70768 0.969125
0.707861 0.0194995
0.708152 0.918541
0.708562 0.794906
0.709065 0.262317
0.711425 0.918828
0.71251 0.15552
0.713067 0.514152
0.713278 0.0598651
0.714115 0.129071
0.714185 0.302948
0.717972 0.959458
0.721827 0.741377
0.722137 0.963741
0.722198 0.974422
0.722932 0.313476
0.722949 0.605102
0.725324 0.51316
0.727655 0.702475
0.729178 0.288974
0.730006 0.20814
0.732873 0.389429
0.734272 0.90918
0.734724 0.511535
0.735318 0.483534
0.738791 0.857621
0.739218 0.0315448
0.74012 0.200465
0.740698 0.911174
0.740729 0.437239
0.742093 0.350328
0.742416 0.787393
0.743077 0.895671
0.745315 0.514274
0.745828 0.137907
0.746056 0.959876
0.746707 0.909037
0.746878 0.778755
0.748289 0.501255
0.748843 0.800226
0.749752 0.081212
0.751884 0.920231
0.752501 0.286359
0.753285 0.464908
0.755646 0.137689
0.755905 0.494418
0.756359 0.123954
0.758866 0.253761
0.76108 0.466324
0.76129 0.000852931
0.761387 0.626124
0.762436 0.256781
0.763355 0.711943
0.765071 0.551104
0.768264 0.204505
0.769114 0.493898
0.769772 0.556674
0.769857 0.988391
0.770287 0.207841
0.771221 0.905738
0.771811 0.832767
0.771993 0.884675
0.775597 0.465751
0.777111 0.896301
0.778126 0.968227
0.778148 0.337404
0.778372 0.0984914
0.779168 0.477059
0.77917 0.513248
0.780376 0.787184
0.780643 0.269087
0.783025 0.3034
0.784952 0.686153
0.787208 0.59909
0.787724 0.275074
0.789535 0.711832
0.790487 0.719003
0.79066 0.62088
0.790668 0.765089
0.79081 0.144814
0.791172 0.220236
0.792477 0.158488
0.793324 0.39557
0.793932 0.617685
0.796189 0.555978
0.796241 0.428963
0.797876 0.90387
0.797948 0.109953
0.798252 0.21986
0.800392 0.189696
0.800611 0.876777
0.805178 0.623743
0.807797 0.650248
0.808151 0.596112
0.808366 0.207622
0.808479 0.0990832
0.809212 0.430459
0.809428 0.0554848
0.80978 0.965192
0.812144 0.697399
0.812656 0.300974
0.814423 0.0136359
0.814817 0.621964
0.816948 0.440094
0.818745 0.643955
0.818841 0.255459
0.819315 0.229841
0.819483 0.0578287
0.823264 0.59825
0.824291 0.851059
0.825133 0.00654225
0.828495 0.509939
0.830229 0.663642
0.830303 0.906782
0.831783 0.778631
0.832408 0.272971
0.833144 0.652166
0.833149 0.734805
0.837727 0.675418
0.842309 0.689474
0.843248 0.474142
0.843647 0.170681
0.843904 0.502811
0.845279 0.605361
0.845679 0.333448
0.846883 0.569629
0.853528 0.238042
0.854018 0.488014
0.854936 0.912684
0.857226 0.390528
0.860251 0.234066
0.860445 0.498515
0.86064 0.775533
0.86109 0.345096
0.861884 0.682168
0.861905 0.0332906
0.862099 0.292746
0.862196 0.932433
0.862593 0.606346
0.862793 0.968993
0.862909 0.905417
0.863348 0.284556
0.863895 0.48396
0.864486 0.421633
0.866053 0.748514
0.86734 0.382993
0.868793 0.809319
0.877479 0.790319
0.87833 0.0913343
0.879764 0.196395
0.880541 0.251749
0.881072 0.182975
0.881247 0.114396
0.881456 0.635104
0.881541 0.0660699
0.882137 0.0718482
0.882917 0.183083
0.883923 0.097346
0.8878 0.261661
0.888513 0.241116
0.88859 0.525009
0.88894 0.40939
0.889158 0.0773039
0.889196 0.710535
0.889938 0.179452
0.890301 0.290868
0.896673 0.390372
0.897572 0.497159
0.898093 0.245161
0.898711 0.636224
0.898989 0.307659
0.899159 0.158281
0.899384 0.94557
0.899507 0.0156527
0.900346 0.117526
0.900465 0.108366
0.90106 0.114919
0.901454 0.730111
0.902311 0.134371
0.904865 0.0683697
0.90544 0.725327
0.905572 0.953439
0.906559 0.533618
0.906607 0.349251
0.906614 0.462796
0.908441 0.162684
0.910748 0.943588
0.911747 0.724373
0.912114 0.893148
0.91252 0.731024
0.912979 0.441563
0.913133 0.0255168
0.913895 0.840836
0.914806 0.150029
0.917552 0.293582
0.919662 0.753217
0.920814 0.121556
0.921872 0.907661
0.923007 0.971593
0.923889 0.80549
0.925338 0.147776
0.925791 0.765056
0.926102 0.990801
0.926326 0.76106
0.926769 0.199007
0.927978 0.51774
0.928821 0.692023
0.929061 0.735939
0.930421 0.585784
0.930863 0.0162794
0.932228 0.953615
0.933068 0.0710308
0.933226 0.726033
0.935849 0.807377
0.936768 0.252028
0.937791 0.455765
0.937954 0.193961
0.938166 0.760891
0.939004 0.833384
0.940937 0.334699
0.941136 0.676253
0.942103 0.924782
0.9435 0.401503
0.94433 0.358909
0.945235 0.572119
0.948727 0.261154
0.949091 0.370355
0.951453 0.0670696
0.951465 0.279908
0.951758 0.190837
0.952042 0.967395
0.95251 0.83353
0.953585 0.908499
0.953651 0.00412017
0.955667 0.896134
0.958203 0.517641
0.960102 0.431485
0.968094 0.763483
0.968678 0.57476
0.969394 0.597707
0.970802 0.272396
0.971143 0.997244
0.973064 0.27834
0.973591 0.146994
0.974955 0.0772231
0.976219 0.309419
0.976882 0.452925
0.977556 0.783019
0.978001 0.268135
0.979434 0.341045
0.98033 0.407714
0.980579 0.594093
0.984478 0.113749
0.98557 0.479858
0.986327 0.203688
0.986491 0.952888
0.986641 0.479036
0.987872 0.159536
0.991244 0.844175
0.991344 0.515105
0.992145 0.981947
0.993833 0.345484
0.994857 0.55423
0.995066 0.0804864
0.995209 0.470495
0.996075 0.0283951
0.996084 0.185063
0.996574 0.424156
0.996806 0.318808
0.998684 0.876325
0.999526 0.035644
