0.00180387 0.317695
0.00392884 0.0320088
0.00526118 0.424738
0.00707849 0.968115
0.00758738 0.521162
0.00917281 0.167383
0.00930025 0.309327
0.0106013 0.176805
0.0120774 0.984079
0.012153 0.255144
0.012246 0.818054
0.0133596 0.535443
0.0141021 0.0134145
0.0144182 0.326447
0.0144692 0.183724
0.0157745 0.121765
0.0185563 0.87601
0.0191348 0.598771
0.0222212 0.471414
0.0223118 0.994535
0.0229088 0.0279404
0.0236626 0.696484
0.026896 0.0402959
0.0277932 0.120982
0.0280051 0.681134
0.0297105 0.344546
0.0314439 0.476954
0.032314 0.101613
0.0348315 0.412632
0.035 0.24469
0.0357663 0.124436
0.0368735 0.733155
0.0379692 0.148226
0.0386173 0.0407479
0.0387361 0.0383817
0.0391675 0.288143
0.0409411 0.0967254
0.0410337 0.653218
0.0418014 0.555739
0.0438593 0.142758
0.0473396 0.636017
0.0492392 0.563048
0.0496428 0.347289
0.0539545 0.81291
0.0545026 0.0246878
0.0545536 0.881699
0.0550591 0.378756
0.0560975 0.830957
0.0580741 0.0520087
0.059067 0.739315
0.0594252 0.759836
0.0595125 0.226028
0.0598043 0.131205
0.0602461 0.555995
0.0639299 0.47016
0.0642623 0.0560428
0.0668561 0.65086
0.0689258 0.436145
0.0691385 0.0111285
0.069411 0.589946
0.0698717 0.333943
0.0702219 0.219505
0.0710541 0.205986
0.0729403 0.908268
0.0732438 0.00886948
0.074426 0.878636
0.0753261 0.00644405
0.0763183 0.682034
0.0770453 0.89985
0.0771793 0.152263
0.0782512 0.167117
0.0811451 0.805255
0.0833503 0.868725
0.0835021 0.419715
0.0857123 0.567193
0.0867725 0.385284
0.088365 0.149753
0.088957 0.100262
0.0915842 0.256332
0.0933033 0.147804
0.0934354 0.368943
0.0942439 0.957532
0.0943427 0.618115
0.0943867 0.357183
0.0944341 0.153954
0.0944546 0.498745
0.0957296 0.927399
0.0993651 0.0286461
0.0993887 0.425513
0.0996809 0.336341
0.100138 0.0240036
0.101258 0.841147
0.101272 0.0776752
0.102599 0.388705
0.104532 0.87713
0.104629 0.501532
0.105685 0.240092
0.106627 0.0817904
0.107658 0.402266
0.109448 0.493082
0.110786 0.978413
0.111838 0.668567
0.112998 0.149746
0.117445 0.897998
0.118082 0.598296
0.118223 0.967088
0.11823 0.087794
0.121531 0.576869
0.121726 0.843682
0.12244 0.843815
0.123981 0.745755
0.128032 0.828132
0.129466 0.930837
0.130762 0.723918
0.132883 0.360797
0.134234 0.0707529
0.136968 0.0235774
0.137233 0.47675
0.137782 0.695845
0.141318 0.13694
0.141367 0.946907
0.142154 0.184044
0.142555 0.923135
0.143342 0.150693
0.143868 0.98142
0.144266 0.684596
0.144774 0.22138
0.145205 0.461586
0.145597 0.0404318
0.145968 0.291791
0.148975 0.820349
0.14979 0.51641
0.150161 0.75293
0.150975 0.433651
0.151098 0.497582
0.151977 0.270973
0.154343 0.0475162
0.156036 0.493324
0.156889 0.834754
0.158444 0.963409
0.158444 0.973622
0.160871 0.759
0.16348 0.612151
0.166134 0.217541
0.166181 0.996265
0.16646 0.686615
0.166931 0.607496
0.171129 0.161565
0.171288 0.833214
0.171508 0.526783
0.172236 0.768171
0.1726 0.886263
0.176305 0.153491
0.182664 0.04209
0.182738 0.276379
0.184296 0.460405
0.184331 0.0500203
0.184401 0.229673
0.184954 0.523714
0.185771 0.254875
0.189736 0.893654
0.191507 0.664529
0.191939 0.919573
0.193368 0.938842
0.19347 0.647315
0.193792 0.0625907
0.195049 0.192082
0.195642 0.151504
0.198038 0.431346
0.199265 0.0407667
0.199955 0.638585
0.200538 0.437019
0.202555 0.334989
0.203193 0.0567314
0.203927 0.405028
0.205408 0.300677
0.20597 0.735882
0.207817 0.781586
0.208589 0.756893
0.209805 0.199487
0.211097 0.90456
0.21295 0.0439379
0.215586 0.356465
0.215776 0.543989
0.217315 0.405952
0.217837 0.180955
0.218101 0.630669
0.218509 0.486451
0.218903 0.0978234
0.219354 0.686553
0.219766 0.603498
0.219827 0.626905
0.224321 0.17016
0.225576 0.250665
0.225732 0.881257
0.226708 0.273165
0.226954 0.414942
0.227106 0.975323
0.227107 0.988925
0.228647 0.86928
0.229861 0.269221
0.231318 0.760857
0.23161 0.676748
0.23276 0.00212793
0.234303 0.933331
0.236748 0.0303318
0.237067 0.381228
0.237359 0.288237
0.238106 0.848002
0.238747 0.623339
0.238997 0.818109
0.239469 0.749915
0.24119 0.673342
0.242627 0.824665
0.243301 0.152974
0.245626 0.233347
0.246383 0.952778
0.246995 0.237981
0.247408 0.185464
0.249211 0.492688
0.251148 0.0511434
0.251428 0.743146
0.252491 0.610958
0.252539 0.430246
0.253736 0.54259
0.255922 0.278965
0.256269 0.118791
0.259571 0.614871
0.260593 0.781972
0.261747 0.188238
0.262122 0.489365
0.262505 0.9279
0.262893 0.437897
0.265181 0.896386
0.265785 0.0468662
0.266274 0.272599
0.270873 0.566613
0.271061 0.723058
0.271294 0.643701
0.271781 0.818187
0.271854 0.0528126
0.272417 0.504445
0.273134 0.560325
0.273244 0.406002
0.280792 0.278022
0.282236 0.533529
0.282569 0.135315
0.28282 0.3552
0.285241 0.0448456
0.285895 0.0369186
0.286982 0.298961
0.288971 0.742915
0.289519 0.939384
0.289604 0.381627
0.291121 0.866047
0.293518 0.155585
0.294635 0.938144
0.295152 0.620459
0.295821 0.863101
0.298597 0.517341
0.300074 0.347749
0.301816 0.621681
0.301937 0.653007
0.302337 0.372031
0.303388 0.0476047
0.305078 0.445077
0.305387 0.638311
0.306958 0.0403956
0.30819 0.746605
0.308625 0.0623272
0.308655 0.55877
0.313111 0.463611
0.315209 0.725169
0.31597 0.514975
0.31655 0.250814
0.317017 0.104779
0.317523 0.601719
0.317592 0.769492
0.31989 0.385925
0.32174 0.492182
0.323668 0.882456
0.323939 0.442075
0.325334 0.890817
0.325384 0.72348
0.327383 0.328509
0.329285 0.298202
0.330134 0.559842
0.332898 0.0111127
0.333334 0.351535
0.33399 0.372338
0.335797 0.732382
0.337051 0.815064
0.337277 0.614821
0.340376 0.695731
0.34183 0.132544
0.342013 0.219014
0.342596 0.0083069
0.345523 0.208574
0.348469 0.714578
0.35138 0.649038
0.351684 0.745272
0.352148 0.54349
0.354915 0.0605407
0.357885 0.977695
0.359195 0.991214
0.359917 0.117406
0.360888 0.452165
0.363399 0.639763
0.363629 0.512767
0.364298 0.753037
0.365049 0.37125
0.365282 0.293255
0.365899 0.6716
0.369592 0.729449
0.369661 0.895366
0.36996 0.918886
0.37109 0.914963
0.373542 0.12471
0.37409 0.326173
0.374662 0.942691
0.375468 0.490238
0.375489 0.840108
0.377243 0.33108
0.378385 0.521737
0.380463 0.444233
0.381041 0.161492
0.383009 0.229382
0.385012 0.892764
0.385898 0.789913
0.386352 0.423081
0.387521 0.0723783
0.391724 0.700235
0.391949 0.494936
0.393476 0.148092
0.393552 0.429667
0.396603 0.699289
0.397463 0.168093
0.397687 0.926739
0.398681 0.626723
0.399638 0.722685
0.401119 0.612316
0.402567 0.946368
0.404824 0.874683
0.405905 0.0535704
0.406358 0.665755
0.406818 0.384661
0.413494 0.600098
0.415307 0.072505
0.415324 0.353433
0.416184 0.800292
0.41872 0.432419
0.418938 0.0885233
0.419153 0.708039
0.421754 0.415173
0.421904 0.940523
0.42314 0.709031
0.425454 0.608489
0.4255 0.38387
0.425659 0.0575226
0.426987 0.370713
0.427428 0.78806
0.427961 0.749081
0.42863 0.977878
0.429126 0.316577
0.431411 0.72277
0.431928 0.407974
0.431929 0.438051
0.432472 0.549017
0.433311 0.652917
0.434421 0.312961
0.435705 0.889729
0.438674 0.793759
0.439192 0.502027
0.439985 0.823971
0.441677 0.259925
0.444058 0.281152
0.444225 0.0950684
0.444274 0.909089
0.444444 0.777555
0.445921 0.600357
0.450879 0.920079
0.452141 0.132279
0.452578 0.474877
0.455337 0.846999
0.456927 0.575115
0.458299 0.636122
0.458992 0.283669
0.459089 0.909269
0.460694 0.879681
0.461077 0.323593
0.46166 0.126464
0.462401 0.565774
0.463269 0.168034
0.463627 0.171524
0.463974 0.0165776
0.465186 0.387231
0.466786 0.280241
0.467886 0.767917
0.468488 0.869756
0.470908 0.551576
0.474891 0.489283
0.478651 0.695002
0.479507 0.0723793
0.47971 0.483674
0.480841 0.491069
0.484902 0.75551
0.485276 0.0257469
0.486017 0.494617
0.486122 0.254086
0.486553 0.497665
0.48701 0.17502
0.487741 0.457301
0.490593 0.402954
0.491115 0.17795
0.491987 0.822613
0.49208 0.389703
0.493564 0.325932
0.496005 0.359468
0.496209 0.789492
0.497012 0.277504
0.497255 0.366578
0.499039 0.353179
0.499335 0.317273
0.500184 0.599027
0.500362 0.586955
0.501652 0.269754
0.502074 0.353174
0.502279 0.800541
0.505256 0.829855
0.50535 0.414914
0.50669 0.939534
0.506745 0.868891
0.507567 0.682214
0.508133 0.1886
0.508461 0.702637
0.511326 0.852769
0.512143 0.595631
0.512568 0.728787
0.513148 0.471881
0.516809 0.00789157
0.517671 0.497686
0.519206 0.30139
0.520197 0.956569
0.520266 0.105645
0.520313 0.899285
0.521261 0.826197
0.521264 0.885302
0.522778 0.333556
0.5248 0.313757
0.528603 0.233194
0.530466 0.545323
0.53058 0.450254
0.534019 0.261311
0.534565 0.429214
0.536445 0.0286887
0.536728 0.786018
0.537738 0.763346
0.538586 0.0126754
0.539816 0.68441
0.542315 0.682922
0.542655 0.402824
0.543154 0.79151
0.545163 0.548652
0.545523 0.610778
0.54636 0.676399
0.548822 0.0520184
0.55115 0.173221
0.551808 0.235465
0.552638 0.18996
0.553358 0.284987
0.553443 0.709113
0.556394 0.31077
0.558469 0.191169
0.558593 0.270572
0.560273 0.504865
0.560422 0.00835579
0.560516 0.597891
0.561905 0.932712
0.561925 0.274247
0.562393 0.139451
0.563364 0.463817
0.563664 0.501581
0.565492 0.220236
0.566151 0.305553
0.566794 0.105128
0.566874 0.45657
0.566932 0.420208
0.567167 0.379701
0.568098 0.0158553
0.56866 0.468325
0.569254 0.454483
0.569763 0.998796
0.570818 0.730946
0.571212 0.356805
0.57168 0.233584
0.572171 0.479313
0.57275 0.203084
0.575389 0.561372
0.575618 0.412204
0.576259 0.18528
0.577345 0.44315
0.577824 0.494606
0.578494 0.747892
0.578878 0.205938
0.579017 0.545576
0.581896 0.919574
0.582303 0.766833
0.583062 0.52376
0.584584 0.101736
0.584683 0.767461
0.586729 0.147989
0.587367 0.87982
0.589414 0.280102
0.592413 0.6839
0.593012 0.751412
0.594399 0.0709562
0.59456 0.775984
0.594883 0.200104
0.595607 0.367549
0.595992 0.83865
0.596621 0.400836
0.598226 0.38496
0.598864 0.105027
0.599009 0.550407
0.599492 0.657109
0.60412 0.447393
0.605036 0.837283
0.607039 0.505024
0.60753 0.758416
0.607845 0.0537136
0.607961 0.00438921
0.608804 0.16586
0.608953 0.671081
0.609359 0.495855
0.610069 0.427045
0.612376 0.200906
0.612775 0.909583
0.612817 0.618277
0.614155 0.105032
0.615385 0.772243
0.619217 0.18251
0.619241 0.584981
0.619607 0.727053
0.619757 0.25742
0.621009 0.303599
0.624431 0.817427
0.624872 0.225352
0.625046 0.154981
0.62733 0.542086
0.630943 0.267339
0.630992 0.0775634
0.631794 0.555667
0.632602 0.149452
0.633652 0.789494
0.633937 0.581345
0.634431 0.881154
0.635576 0.128646
0.63583 0.387686
0.636676 0.619023
0.641765 0.143864
0.646442 0.758319
0.65015 0.0684274
0.651351 0.252454
0.652331 0.725208
0.653122 0.0300748
0.653405 0.77118
0.654735 0.125865
0.654925 0.325269
0.655969 0.863435
0.656009 0.548407
0.656131 0.598524
0.657593 0.158023
0.660103 0.34663
0.663346 0.853379
0.66356 0.449392
0.663585 0.879576
0.665949 0.605013
0.667634 0.928949
0.670471 0.607879
0.670906 0.915376
0.671283 0.248669
0.673965 0.336156
0.675008 0.86392
0.675015 0.981973
0.677081 0.692907
0.67847 0.0507764
0.67872 0.255493
0.680097 0.397316
0.680801 0.229996
0.680872 0.424104
0.682894 0.405886
0.685412 0.72301
0.687085 0.838146
0.687896 0.465021
0.68823 0.081654
0.688273 0.797931
0.688689 0.793993
0.689438 0.391325
0.68984 0.142014
0.69035 0.719293
0.692064 0.524871
0.692659 0.515051
0.694112 0.939991
0.694166 0.84706
0.694407 0.8969
0.695293 0.784517
0.697671 0.76241
0.697793 0.798996
0.699052 0.967172
0.699404 0.884541
0.700723 0.054587
0.701136 0.991364
0.70118 0.735996
0.707514 0.19474
0.707529 0.437138
0.709549 0.38396
0.709802 0.638476
0.710472 0.909301
0.710928 0.559005
0.711193 0.0253109
0.711508 0.317408
0.713367 0.558936
0.715704 0.835758
0.71847 0.322826
0.719245 0.357479
0.719557 0.602579
0.719892 0.231061
0.719922 0.73324
0.719971 0.54777
0.720911 0.355525
0.722126 0.777089
0.722482 0.755903
0.722895 0.698472
0.723707 0.342894
0.725554 0.38294
0.727788 0.93771
0.728039 0.146449
0.728143 0.894962
0.728493 0.787475
0.730364 0.228309
0.730484 0.248099
0.731218 0.579467
0.732423 0.837946
0.73303 0.0383502
0.733171 0.405874
0.735099 0.810682
0.735385 0.613255
0.737657 0.802306
0.73771 0.688838
0.737888 0.678378
0.738052 0.446197
0.739202 0.772062
0.740587 0.0499925
0.741087 0.452774
0.741264 0.418475
0.741686 0.510026
0.742404 0.581348
0.743648 0.485423
0.750429 0.453991
0.751116 0.000538737
0.751425 0.192106
0.75585 0.562939
0.758244 0.814754
0.7591 0.19606
0.760238 0.314362
0.760254 0.594569
0.760477 0.330667
0.763177 0.723663
0.763341 0.478123
0.763375 0.0500111
0.764097 0.178176
0.764131 0.750698
0.764909 0.819052
0.769377 0.911977
0.770039 0.0537685
0.770388 0.911712
0.770418 0.42099
0.770561 0.824334
0.771043 0.920643
0.772249 0.195956
0.774213 0.192884
0.77442 0.684767
0.774809 0.212812
0.780883 0.302235
0.781045 0.030319
0.781651 0.204779
0.782451 0.650583
0.782469 0.958238
0.782896 0.135973
0.784692 0.312919
0.785832 0.485309
0.786097 0.933215
0.786718 0.369475
0.789474 0.693355
0.789524 0.536091
0.790523 0.311717
0.793163 0.697132
0.793291 0.836657
0.796843 0.535185
0.797405 0.982567
0.797533 0.142504
0.797707 0.0591338
0.798288 0.829831
0.799006 0.893546
0.800901 0.744795
0.801019 0.727144
0.801545 0.558857
0.803569 0.581039
0.803766 0.903153
0.804378 0.185812
0.804484 0.96257
0.805383 0.0677055
0.806372 0.69262
0.80719 0.436585
0.807859 0.680988
0.808029 0.549376
0.808625 0.560273
0.809576 0.544255
0.811713 0.45285
0.812228 0.111021
0.813486 0.262168
0.814901 0.0464334
0.815765 0.563808
0.816408 0.374294
0.816522 0.284366
0.816982 0.017414
0.817113 0.209439
0.817872 0.978239
0.818438 0.480022
0.818453 0.745673
0.819085 0.365657
0.821379 0.92239
0.821861 0.0206397
0.822747 0.905338
0.823147 0.624088
0.823701 0.950279
0.824478 0.998871
0.824801 0.431045
0.829104 0.745906
0.831049 0.443389
0.831974 0.979366
0.833319 0.593441
0.833442 0.65565
0.834079 0.358421
0.836503 0.109215
0.83672 0.74677
0.836959 0.770244
0.837025 0.885971
0.839363 0.174916
0.840214 0.475438
0.84084 0.993437
0.840954 0.905786
0.841366 0.838627
0.842401 0.237788
0.842723 0.652243
0.842841 0.62351
0.844353 0.0389004
0.844416 0.0984655
0.845625 0.41183
0.846136 0.00822833
0.846182 0.783133
0.846816 0.428443
0.848161 0.0480353
0.849099 0.811133
0.84918 0.160376
0.849948 0.0803968
0.85305 0.206466
0.853082 0.750798
0.855344 0.759489
0.855781 0.104803
0.85701 0.768414
0.857624 0.0914965
0.85806 0.417174
0.85819 0.596731
0.861492 0.0901897
0.86182 0.604751
0.863553 0.731633
0.863824 0.293193
0.864064 0.329416
0.866745 0.383625
0.866751 0.487379
0.867212 0.232479
0.867643 0.47292
0.869813 0.940709
0.870428 0.288171
0.872015 0.952181
0.874058 0.292966
0.875274 0.735654
0.877379 0.113817
0.877756 0.439723
0.877988 0.346161
0.87874 0.990216
0.880241 0.206183
0.883083 0.973833
0.884038 0.020011
0.884293 0.32003
0.884624 0.874271
0.887613 0.11078
0.889505 0.909506
0.891409 0.902984
0.89187 0.651379
0.892141 0.205066
0.892748 0.410096
0.892974 0.209986
0.893208 0.145546
0.893523 0.437494
0.897685 0.391665
0.899387 0.00124704
0.899582 0.275917
0.905708 0.227101
0.906875 0.841196
0.906912 0.47726
0.908208 0.251425
0.90912 0.586186
0.909576 0.246887
0.910198 0.700772
0.910748 0.949333
0.910778 0.452514
0.91123 0.0479111
0.91217 0.847331
0.913362 0.873359
0.91432 0.981804
0.914617 0.964469
0.915711 0.350262
0.916612 0.494709
0.917511 0.609729
0.919042 0.34226
0.919856 0.0197639
0.921108 0.0590871
0.921614 0.570976
0.924 0.663094
0.924133 0.909967
0.924835 0.70958
0.92581 0.0804975
0.926299 0.305331
0.926833 0.281198
0.927387 0.58888
0.927426 0.256547
0.927436 0.417833
0.927716 0.120565
0.92827 0.428419
0.928768 0.810492
0.928924 0.429853
0.931728 0.549385
0.933007 0.0499088
0.933836 0.976072
0.934682 0.203065
0.937674 0.489843
0.937879 0.93955
0.939124 0.865086
0.940792 0.888771
0.941478 0.417561
0.945771 0.578274
0.945942 0.443836
0.946481 0.511648
0.94782 0.0123108
0.948959 0.161535
0.94951 0.415841
0.953228 0.908577
0.954566 0.398346
0.955914 0.0432644
0.95897 0.407421
0.958974 0.478265
0.960247 0.871755
0.962406 0.152815
0.962436 0.65382
0.962461 0.077203
0.964906 0.167583
0.966011 0.751656
0.966138 0.875866
0.968039 0.833945
0.968097 0.802873
0.970125 0.899335
0.971223 0.339944
0.971368 0.785144
0.971561 0.0203928
0.972007 0.520395
0.974807 0.580924
0.976852 0.95923
0.977285 0.223955
0.979079 0.37383
0.979808 0.634784
0.98028 0.560681
0.980848 0.119863
0.984438 0.451638
0.985267 0.382082
0.98682 0.486632
0.988417 0.32308
0.989677 0.506854
0.990135 0.193742
0.990616 0.286106
0.991905 0.952642
0.993828 0.265373
0.994119 0.155414
0.994155 0.754554
0.994723 0.306708
0.997002 0.613193
0.997098 0.226075
0.998824 0.235929
0.999392 0.778323
