0.00143445 0.108825
0.0019644 0.0156796
0.00411022 0.08045
0.00780681 0.209135
0.00848552 0.616147
0.00967014 0.526055
0.0129228 0.193126
0.0140897 0.80593
0.0148274 0.203783
0.0155395 0.171749
0.0171325 0.946338
0.0174173 0.732256
0.017935 0.433262
0.0181092 0.36131
0.0186996 0.284692
0.018733 0.845224
0.0199134 0.684296
0.0211587 0.614089
0.0218693 0.557113
0.0221804 0.785683
0.0222277 0.581688
0.022586 0.602388
0.0230752 0.824193
0.0236328 0.196098
0.0253977 0.858968
0.0256277 0.724686
0.0259572 0.262234
0.0259605 0.318591
0.0263631 0.0844406
0.0264013 0.726414
0.0264948 0.298701
0.0276739 0.115357
0.0284153 0.57608
0.0310995 0.689956
0.0315522 0.298393
0.0316684 0.251541
0.0317664 0.897333
0.0318735 0.698728
0.032844 0.00915572
0.0329096 0.111406
0.0331479 0.11648
0.0333882 0.156107
0.0334781 0.666127
0.0343134 0.704607
0.034318 0.783089
0.0381675 0.481751
0.0392531 0.726966
0.040839 0.380692
0.0410704 0.269443
0.0410937 0.661372
0.0415 0.490951
0.0422765 0.5415
0.0431492 0.208484
0.0436816 0.156082
0.0439621 0.870625
0.0444805 0.584207
0.0452209 0.0281339
0.0462798 0.824155
0.0463628 0.219127
0.0466123 0.41363
0.0478398 0.0431337
0.0480754 0.00362876
0.0480911 0.266595
0.0483517 0.647483
0.0486275 0.283175
0.0490016 0.569471
0.0496624 0.675825
0.049844 0.728414
0.0514472 0.67231
0.0527946 0.319303
0.0532039 0.197515
0.0534931 0.0579332
0.0555239 0.190185
0.0558002 0.833867
0.0560696 0.361524
0.0575772 0.700271
0.0581391 0.144038
0.0586171 0.17804
0.0596067 0.810233
0.0629346 0.74225
0.0632336 0.767272
0.0634048 0.644707
0.0642251 0.431272
0.0657626 0.27165
0.0670015 0.0944095
0.0671949 0.344082
0.0682994 0.908559
0.0705581 0.869745
0.070751 0.112311
0.0725812 0.872862
0.0729785 0.549639
0.0730513 0.773589
0.0769135 0.684565
0.0769976 0.09886
0.077075 0.400354
0.0788474 0.188658
0.0802733 0.15376
0.0842016 0.176119
0.0844526 0.394391
0.0861202 0.421582
0.0874043 0.00395327
0.0902079 0.123924
0.0913841 0.891916
0.0914857 0.600155
0.091849 0.70574
0.0933534 0.991025
0.0935434 0.18344
0.0948928 0.863554
0.0952086 0.170498
0.0960038 0.536621
0.0965099 0.0426248
0.0966392 0.215225
0.0966806 0.91023
0.097558 0.657998
0.0980397 0.753617
0.0984104 0.98282
0.09871 0.0191046
0.100036 0.308315
0.100866 0.258614
0.101826 0.381671
0.102034 0.892924
0.102335 0.937536
0.102593 0.285217
0.103278 0.787898
0.104744 0.42959
0.105603 0.877709
0.108061 0.18545
0.108214 0.757062
0.109139 0.305256
0.1093 0.002669
0.110236 0.743321
0.111688 0.13669
0.111691 0.197422
0.113268 0.687796
0.113634 0.844331
0.117389 0.955382
0.119072 0.250564
0.120438 0.197526
0.120741 0.294887
0.1221 0.139245
0.123595 0.260012
0.123883 0.0938357
0.124332 0.654586
0.124625 0.577403
0.124951 0.0530052
0.125799 0.308565
0.126392 0.274115
0.12665 0.611669
0.128251 0.518265
0.129545 0.263699
0.131226 0.514239
0.131317 0.0384165
0.131845 0.922606
0.132207 0.00842165
0.132235 0.466867
0.132639 0.268256
0.133092 0.872168
0.133104 0.0796609
0.133378 0.687631
0.133582 0.115816
0.134161 0.838045
0.134783 0.304217
0.134991 0.792774
0.13525 0.138695
0.136228 0.587821
0.137016 0.832581
0.137269 0.0725248
0.138055 0.292515
0.13981 0.79338
0.140596 0.00473706
0.140899 0.0860621
0.141581 0.55131
0.142503 0.0473798
0.144095 0.809196
0.144734 0.550574
0.144884 0.0658755
0.14531 0.225516
0.145484 0.147061
0.145717 0.0688154
0.149862 0.733011
0.149978 0.677926
0.150285 0.834932
0.151022 0.223856
0.151725 0.0338312
0.151865 0.401832
0.15371 0.395734
0.15393 0.0930905
0.154219 0.959003
0.155148 0.564235
0.157354 0.642833
0.158276 0.142105
0.158801 0.96481
0.15964 0.0707995
0.160618 0.504735
0.161637 0.628197
0.162909 0.0192841
0.163405 0.341759
0.163993 0.221995
0.164428 0.537357
0.166468 0.831928
0.169239 0.40824
0.169349 0.241716
0.170424 0.31551
0.171727 0.216712
0.17278 0.905011
0.17345 0.177393
0.175239 0.236913
0.175359 0.256452
0.175382 0.646213
0.177366 0.994694
0.178288 0.486506
0.180125 0.359616
0.182132 0.0979978
0.182997 0.635291
0.183277 0.337037
0.184098 0.13952
0.185759 0.0549505
0.185815 0.992456
0.18592 0.760104
0.185978 0.731458
0.186061 0.126594
0.186804 0.622285
0.19077 0.279409
0.192007 0.061926
0.192972 0.285402
0.193887 0.659162
0.193903 0.932443
0.194139 0.891381
0.195326 0.850094
0.195407 0.213416
0.196741 0.626502
0.197297 0.963721
0.198311 0.0191088
0.199351 0.499258
0.199492 0.8571
0.200702 0.20415
0.200757 0.122723
0.20085 0.690047
0.20118 0.23539
0.201499 0.590951
0.201873 0.875236
0.202078 0.322164
0.202638 0.74253
0.203443 0.266308
0.203516 0.501771
0.204706 0.491813
0.204735 0.97913
0.204885 0.509106
0.20548 0.495169
0.20551 0.00673204
0.208415 0.835098
0.208594 0.835665
0.209238 0.659878
0.210978 0.912436
0.211004 0.348889
0.212947 0.992104
0.213891 0.86402
0.213955 0.940349
0.215799 0.941905
0.216966 0.549926
0.219083 0.123873
0.219512 0.33102
0.220619 0.937172
0.220683 0.0257342
0.22133 0.886919
0.224198 0.0954049
0.224362 0.855444
0.225808 0.157346
0.226107 0.183128
0.22759 0.107922
0.227858 0.613148
0.228698 0.723474
0.228996 0.727568
0.23045 0.17508
0.230523 0.397754
0.231828 0.337501
0.232013 0.446252
0.232533 0.188902
0.233838 0.121464
0.234075 0.105509
0.234437 0.177566
0.234606 0.0260592
0.234772 0.81454
0.235039 0.298204
0.235101 0.346155
0.235551 0.909597
0.236065 0.542537
0.237172 0.151052
0.238357 0.069741
0.238587 0.929174
0.24016 0.365656
0.240389 0.214554
0.240754 0.354106
0.24128 0.19561
0.2418 0.934065
0.242057 0.252311
0.243571 0.693521
0.244635 0.588412
0.247148 0.81151
0.247951 0.308765
0.248625 0.645042
0.249639 0.688565
0.250375 0.0495483
0.250614 0.0740944
0.251422 0.642358
0.251531 0.479895
0.252557 0.727186
0.252679 0.784222
0.25332 0.546513
0.254403 0.745584
0.254603 0.106446
0.258471 0.12026
0.258553 0.492943
0.258626 0.722418
0.259203 0.426067
0.259522 0.783734
0.26168 0.0504322
0.261981 0.114899
0.262103 0.169697
0.262308 0.607484
0.262981 0.925807
0.263255 0.522915
0.263392 0.835333
0.26364 0.00516005
0.2638 0.693354
0.264843 0.210905
0.265678 0.244868
0.266064 0.731402
0.266988 0.272286
0.26879 0.560304
0.269033 0.636567
0.269176 0.0432143
0.270567 0.41849
0.27062 0.316558
0.273287 0.129902
0.277237 0.515295
0.279313 0.406603
0.279753 0.815811
0.28001 0.127812
0.280124 0.0414999
0.280362 0.0365875
0.280696 0.653698
0.280872 0.612324
0.282471 0.494642
0.283803 0.882699
0.283877 0.114507
0.284589 0.0856199
0.284901 0.326728
0.287065 0.694293
0.288005 0.495928
0.288068 0.561363
0.289203 0.642529
0.289344 0.00548958
0.289997 0.97687
0.290186 0.16131
0.290194 0.282736
0.291505 0.320148
0.292168 0.471519
0.292905 0.855261
0.293054 0.351169
0.293304 0.563618
0.29388 0.249588
0.293892 0.43836
0.294412 0.182488
0.295795 0.42423
0.297874 0.364054
0.298987 0.0791174
0.300169 0.945698
0.30218 0.739155
0.302248 0.879778
0.302262 0.121002
0.302639 0.453756
0.303784 0.690337
0.303811 0.154832
0.304698 0.053868
0.305438 0.504111
0.305966 0.366019
0.306036 0.549984
0.308362 0.648044
0.309192 0.588858
0.309285 0.160839
0.3095 0.760781
0.312614 0.103789
0.313611 0.863732
0.313711 0.540884
0.314034 0.965356
0.315063 0.269951
0.315622 0.659888
0.315827 0.106465
0.315851 0.504013
0.316805 0.549753
0.316963 0.190096
0.317864 0.335067
0.318122 0.676057
0.318608 0.840611
0.318674 0.951721
0.318698 0.357792
0.319516 0.100701
0.319668 0.653991
0.321484 0.177637
0.321576 0.728581
0.325697 0.992521
0.325766 0.146292
0.325933 0.957578
0.327716 0.915754
0.328667 0.899853
0.329102 0.213947
0.329337 0.16437
0.330133 0.540331
0.331572 0.730191
0.331737 0.496343
0.332489 0.14327
0.333251 0.941716
0.333571 0.320921
0.334986 0.105703
0.335528 0.211316
0.336108 0.97036
0.336435 0.470411
0.337534 0.936135
0.338308 0.942426
0.339351 0.471262
0.339615 0.912062
0.341137 0.495821
0.341453 0.792598
0.343249 0.984265
0.343839 0.903054
0.347167 0.842544
0.348683 0.316202
0.350244 0.548212
0.350906 0.679626
0.351369 0.452424
0.351835 0.287942
0.352235 0.00620681
0.35251 0.637703
0.352766 0.942011
0.353598 0.915391
0.354747 0.2286
0.354826 0.562386
0.357437 0.436597
0.359663 0.857333
0.359901 0.847803
0.360793 0.846727
0.361652 0.277831
0.362235 0.075084
0.362264 0.572293
0.364349 0.614235
0.367948 0.0991798
0.370144 0.0173767
0.370515 0.246877
0.370546 0.758346
0.372086 0.646363
0.372486 0.376078
0.373279 0.702303
0.375286 0.425588
0.375526 0.4715
0.376308 0.604641
0.376486 0.60441
0.376703 0.245315
0.377049 0.0555492
0.379185 0.969678
0.379192 0.0771964
0.379847 0.0933903
0.380516 0.331822
0.380659 0.732067
0.381032 0.0117661
0.381058 0.443437
0.381699 0.21393
0.38191 0.769301
0.382026 0.717363
0.382073 0.499084
0.382296 0.243955
0.382516 0.938752
0.384325 0.352712
0.384426 0.0450468
0.385363 0.800475
0.386462 0.26216
0.387461 0.0594661
0.38809 0.620924
0.388459 0.836369
0.390497 0.0895772
0.392491 0.596205
0.39366 0.250754
0.393894 0.173745
0.394054 0.86312
0.394475 0.943629
0.394912 0.289287
0.395027 0.218635
0.395373 0.0401393
0.395475 0.748432
0.396617 0.9496
0.397442 0.812847
0.397817 0.108331
0.398026 0.61755
0.399271 0.547609
0.399484 0.122922
0.399804 0.499598
0.400313 0.0561833
0.400823 0.636866
0.401773 0.591327
0.402347 0.24124
0.405385 0.301436
0.406115 0.574286
0.406363 0.751047
0.407113 0.352206
0.408295 0.211328
0.408362 0.338866
0.409515 0.7231
0.410888 0.788099
0.410918 0.297196
0.411451 0.261926
0.41214 0.828737
0.413324 0.728259
0.414014 0.325764
0.414423 0.204258
0.414471 0.0202512
0.415277 0.557037
0.416588 0.589769
0.416654 0.707883
0.418546 0.503862
0.418684 0.818472
0.419595 0.13769
0.420038 0.571496
0.42075 0.547884
0.420769 0.860148
0.420925 0.488039
0.421424 0.866606
0.422358 0.571163
0.422494 0.857746
0.423292 0.266806
0.423534 0.32794
0.423534 0.338388
0.42384 0.476853
0.426084 0.189427
0.426125 0.887061
0.426212 0.350099
0.426232 0.677625
0.426959 0.893875
0.428381 0.805343
0.429516 0.879089
0.429625 0.707768
0.429709 0.118619
0.431502 0.254508
0.432284 0.392086
0.433492 0.700121
0.433591 0.361785
0.434057 0.193484
0.43466 0.326057
0.438185 0.58144
0.43825 0.66918
0.438366 0.611434
0.438993 0.14802
0.439017 0.5595
0.439413 0.208219
0.440172 0.963777
0.440646 0.932938
0.442643 0.496229
0.442743 0.185997
0.443136 0.789512
0.443428 0.689507
0.443818 0.254117
0.444031 0.828952
0.444722 0.437555
0.445369 0.323925
0.445493 0.394384
0.446506 0.41885
0.446708 0.82678
0.447099 0.391507
0.447365 0.857335
0.447383 0.173935
0.44866 0.636955
0.449165 0.122101
0.449248 0.511993
0.450501 0.569967
0.450621 0.586861
0.451973 0.305739
0.452662 0.896819
0.453654 0.571165
0.454143 0.781973
0.455206 0.646193
0.455542 0.293271
0.457748 0.366218
0.458046 0.385199
0.459285 0.203513
0.461084 0.44127
0.461985 0.579471
0.462025 0.258769
0.46284 0.95119
0.462918 0.269831
0.463547 0.831164
0.464204 0.878852
0.466671 0.345194
0.470713 0.275951
0.471192 0.319439
0.472902 0.070311
0.473255 0.990592
0.473654 0.708113
0.473683 0.19071
0.473709 0.631546
0.474065 0.616011
0.475176 0.280493
0.475236 0.291292
0.475293 0.257019
0.477335 0.575898
0.477956 0.0128471
0.478936 0.475419
0.479674 0.884378
0.480006 0.461018
0.480446 0.857125
0.480604 0.509513
0.482691 0.580233
0.482733 0.29874
0.485275 0.0150483
0.485793 0.718362
0.486509 0.749996
0.486712 0.17523
0.487773 0.00484981
0.488326 0.292473
0.48833 0.354199
0.488975 0.202134
0.489089 0.110594
0.489138 0.939501
0.490045 0.178733
0.491814 0.914475
0.4926 0.122858
0.493067 0.981613
0.49334 0.563898
0.49517 0.318727
0.496997 0.0230136
0.498168 0.703006
0.498991 0.538696
0.499262 0.0964139
0.500077 0.800355
0.501439 0.69081
0.502693 0.758426
0.50358 0.664357
0.50427 0.257941
0.505465 0.356269
0.505804 0.0489817
0.505854 0.890402
0.506427 0.512783
0.508088 0.436532
0.508579 0.685252
0.508598 0.00122574
0.50868 0.391392
0.510044 0.304262
0.510162 0.298601
0.51047 0.466095
0.510798 0.988968
0.510992 0.240769
0.511211 0.928617
0.512168 0.999417
0.51294 0.982675
0.512957 0.270309
0.513291 0.881034
0.51339 0.546133
0.513463 0.780406
0.513841 0.133399
0.514579 0.523504
0.515357 0.598229
0.51542 0.658764
0.515485 0.750183
0.517216 0.846041
0.518059 0.020973
0.518148 0.513931
0.518662 0.154846
0.518864 0.551693
0.519177 0.802984
0.519199 0.181952
0.519621 0.270616
0.519839 0.9265
0.519926 0.401669
0.521867 0.0114499
0.52217 0.115166
0.522997 0.0078951
0.523122 0.118534
0.523264 0.489415
0.523408 0.915339
0.524242 0.933446
0.524245 0.990689
0.524659 0.949019
0.525757 0.392453
0.525952 0.667601
0.526124 0.572084
0.526401 0.2249
0.526441 0.901262
0.526619 0.882295
0.526962 0.652576
0.527507 0.809052
0.528373 0.365128
0.528878 0.854446
0.529041 0.589175
0.530559 0.0979419
0.531533 0.470511
0.531806 0.0556362
0.531818 0.264491
0.532244 0.418817
0.532965 0.547029
0.534261 0.331383
0.534497 0.296355
0.535657 0.795347
0.536271 0.104898
0.537181 0.394321
0.539493 0.258067
0.539704 0.807325
0.54051 0.344729
0.541074 0.834523
0.541174 0.50568
0.542502 0.835024
0.542745 0.909862
0.543426 0.365592
0.543691 0.812786
0.544555 0.344248
0.545348 0.655681
0.546205 0.068277
0.546453 0.238135
0.546484 0.760178
0.547061 0.460086
0.548737 0.627392
0.548994 0.943854
0.549132 0.259348
0.551968 0.926953
0.552187 0.6026
0.552456 0.136619
0.552614 0.785055
0.552904 0.65981
0.552984 0.00790258
0.554073 0.299669
0.554774 0.0899303
0.555871 0.521413
0.556022 0.0584171
0.556291 0.578231
0.557488 0.702081
0.558098 0.945679
0.558633 0.94256
0.558988 0.917938
0.559583 0.91229
0.560368 0.0980395
0.56254 0.616473
0.565264 0.391757
0.565341 0.688547
0.565988 0.561988
0.566248 0.926323
0.56738 0.958856
0.568089 0.866622
0.569269 0.702085
0.570845 0.192913
0.572263 0.0158567
0.572492 0.869749
0.57286 0.0527683
0.573211 0.965598
0.57348 0.473994
0.574002 0.246595
0.576091 0.35359
0.576191 0.0339659
0.577451 0.226342
0.577902 0.79545
0.579041 0.937583
0.579063 0.317569
0.579894 0.284187
0.580379 0.423251
0.580562 0.507467
0.580581 0.828989
0.580892 0.0484186
0.581247 0.0139668
0.581575 0.526603
0.581928 0.465244
0.58336 0.538272
0.584918 0.722924
0.585393 0.696124
0.585639 0.834747
0.58579 0.36819
0.586793 0.237709
0.587828 0.625264
0.587832 0.6938
0.588512 0.116542
0.590042 0.837169
0.591376 0.260797
0.59148 0.00340888
0.592744 0.245568
0.592745 0.25881
0.593163 0.285544
0.593806 0.093118
0.594315 0.651323
0.595101 0.865162
0.595295 0.117065
0.595342 0.909939
0.597413 0.716026
0.597578 0.500679
0.597934 0.482342
0.598163 0.317388
0.599806 0.940096
0.60037 0.415803
0.601078 0.315907
0.60116 0.688441
0.601638 0.722936
0.601938 0.766437
0.60281 0.419795
0.60382 0.400613
0.604203 0.842161
0.604511 0.0115017
0.604865 0.965326
0.605495 0.559373
0.605698 0.972774
0.606345 0.840259
0.606885 0.912218
0.607353 0.785233
0.607805 0.375426
0.608366 0.800761
0.608602 0.766437
0.608766 0.526047
0.609043 0.187941
0.61002 0.614003
0.610529 0.163497
0.611101 0.770553
0.612115 0.811478
0.612434 0.185604
0.61307 0.874749
0.614371 0.726614
0.615705 0.152285
0.615776 0.349711
0.615807 0.865273
0.616463 0.895609
0.616536 0.113596
0.617066 0.0355474
0.617399 0.631542
0.617768 0.833486
0.617795 0.284927
0.619429 0.735134
0.619948 0.461677
0.620288 0.178112
0.621525 0.977392
0.621689 0.721474
0.622082 0.33755
0.622318 0.294695
0.622486 0.126964
0.623791 0.04839
0.624234 0.500573
0.624789 0.837181
0.628934 0.490278
0.629811 0.236269
0.630055 0.339212
0.630754 0.0759017
0.631245 0.327595
0.631382 0.63124
0.631761 0.00282005
0.634779 0.72782
0.635605 0.611588
0.637884 0.911523
0.638514 0.504466
0.638735 0.212577
0.640726 0.680902
0.641806 0.83516
0.642595 0.0903916
0.64384 0.0196995
0.643924 0.433697
0.6441 0.387659
0.644189 0.878809
0.644734 0.0373047
0.648489 0.159947
0.649207 0.216625
0.650095 0.140791
0.650396 0.210526
0.651945 0.235262
0.652244 0.262679
0.6526 0.249272
0.653305 0.0963836
0.653753 0.622291
0.654699 0.521098
0.654862 0.258598
0.65606 0.406709
0.658323 0.438942
0.660869 0.222933
0.661533 0.386841
0.662706 0.100135
0.662908 0.492404
0.662984 0.775029
0.663289 0.906764
0.663421 0.109464
0.663673 0.359652
0.665407 0.495753
0.666972 0.799594
0.667449 0.817881
0.667862 0.761146
0.669986 0.45825
0.670087 0.145943
0.670359 0.725191
0.672098 0.957533
0.672248 0.464586
0.67228 0.012815
0.672653 0.276728
0.672849 0.577914
0.674998 0.685753
0.675391 0.304967
0.675493 0.00775831
0.675756 0.428225
0.678513 0.770795
0.679195 0.225124
0.679847 0.196974
0.680064 0.838404
0.680341 0.490311
0.681756 0.275641
0.682264 0.817294
0.682266 0.851033
0.682622 0.833314
0.685005 0.879602
0.685121 0.828258
0.688074 0.456205
0.688596 0.228571
0.690486 0.00542979
0.690817 0.554748
0.69109 0.144178
0.692039 0.0997971
0.692173 0.347037
0.692521 0.195065
0.692992 0.109003
0.695701 0.644314
0.696707 0.559767
0.69709 0.991477
0.698095 0.883678
0.698246 0.428508
0.698814 0.972703
0.701268 0.210813
0.70281 0.134362
0.703543 0.451611
0.705565 0.427735
0.705917 0.353776
0.70645 0.311056
0.707032 0.0944398
0.709651 0.0959235
0.70979 0.438238
0.710796 0.342969
0.71214 0.937478
0.712442 0.0131445
0.712781 0.712189
0.712883 0.42852
0.713311 0.615694
0.713441 0.811139
0.714853 0.535885
0.715473 0.950646
0.715582 0.791369
0.716014 0.0400976
0.71668 0.234733
0.717167 0.428253
0.717312 0.859905
0.717585 0.445649
0.717827 0.511964
0.718556 0.773702
0.719336 0.878284
0.719412 0.156886
0.720215 0.649405
0.721019 0.167948
0.721189 0.0248778
0.722316 0.967258
0.724434 0.563722
0.724493 0.547474
0.724894 0.294336
0.725035 0.668919
0.725039 0.72494
0.725197 0.388982
0.726739 0.302466
0.729258 0.639617
0.73035 0.998926
0.731223 0.667905
0.73193 0.555119
0.732459 0.435473
0.732648 0.612745
0.734093 0.899236
0.735535 0.138746
0.736015 0.199648
0.737692 0.388391
0.739745 0.896692
0.740291 0.0777749
0.740574 0.830948
0.741092 0.534419
0.741092 0.537651
0.741752 0.628242
0.742625 0.306418
0.742856 0.176056
0.744165 0.181835
0.744224 0.173498
0.74461 0.656722
0.744626 0.937461
0.744707 0.288402
0.744887 0.315258
0.745187 0.359205
0.746434 0.319935
0.74751 0.400727
0.749169 0.28079
0.749415 0.412283
0.751763 0.886784
0.751911 0.373002
0.752685 0.373165
0.752979 0.314554
0.75313 0.84957
0.755702 0.0892194
0.758552 0.985605
0.759414 0.47025
0.760869 0.931262
0.760923 0.834574
0.76099 0.954402
0.761079 0.459006
0.762103 0.662915
0.762179 0.949116
0.76256 0.345561
0.763394 0.369272
0.764162 0.265493
0.764759 0.30656
0.765637 0.0581864
0.765676 0.714083
0.768866 0.335763
0.771011 0.383613
0.771553 0.496974
0.7737 0.575378
0.774568 0.164004
0.774637 0.324553
0.77475 0.223387
0.776792 0.546845
0.777117 0.00284173
0.777953 0.0608871
0.778993 0.527543
0.779424 0.772593
0.77972 0.760675
0.780789 0.714374
0.78084 0.571369
0.781517 0.948343
0.783861 0.345519
0.786181 0.347033
0.787261 0.502824
0.788673 0.227226
0.78917 0.576608
0.789333 0.315101
0.789493 0.00335751
0.789672 0.013747
0.789927 0.307739
0.790529 0.425936
0.791594 0.322737
0.791943 0.180359
0.794507 0.280198
0.794527 0.608037
0.796645 0.213259
0.797422 0.266359
0.798022 0.356725
0.799351 0.695437
0.799651 0.732112
0.800102 0.310558
0.800188 0.757419
0.800578 0.321402
0.801077 0.698826
0.801267 0.892102
0.804989 0.448655
0.805363 0.73276
0.805999 0.416928
0.807767 0.135969
0.808078 0.368703
0.8095 0.266819
0.810885 0.536657
0.811553 0.763522
0.812205 0.729141
0.812473 0.230055
0.812667 0.494175
0.812704 0.114861
0.81276 0.0617815
0.814022 0.27269
0.814696 0.593353
0.815341 0.441953
0.815417 0.720477
0.815853 0.0497229
0.816586 0.368436
0.818594 0.103891
0.818667 0.342805
0.819497 0.294075
0.820297 0.723961
0.820671 0.0197896
0.821635 0.219834
0.822742 0.81614
0.823518 0.874672
0.825211 0.316684
0.825738 0.177559
0.825787 0.00504072
0.826027 0.0407863
0.826207 0.0670163
0.82728 0.0909882
0.82797 0.699583
0.828485 0.342204
0.828879 0.960957
0.829367 0.178175
0.831742 0.0826871
0.831829 0.545592
0.833215 0.847793
0.834676 0.403198
0.836324 0.0968059
0.837221 0.180834
0.838249 0.444074
0.839059 0.0611509
0.839708 0.976713
0.840103 0.614899
0.840797 0.278905
0.841528 0.558971
0.842598 0.54713
0.842963 0.675592
0.843833 0.303397
0.844035 0.696926
0.845583 0.705955
0.845601 0.0176006
0.846029 0.208688
0.846542 0.831562
0.846922 0.216001
0.846996 0.466373
0.847605 0.700509
0.848808 0.916099
0.849866 0.698385
0.849942 0.977965
0.850196 0.235839
0.851372 0.0167211
0.851392 0.345405
0.853922 0.86596
0.855594 0.975429
0.855822 0.794831
0.857018 0.899529
0.857103 0.326127
0.857293 0.517963
0.857814 0.274966
0.859091 0.748066
0.859771 0.166739
0.860366 0.17553
0.860522 0.794805
0.861372 0.0788128
0.862045 0.384512
0.862812 0.279355
0.864718 0.323282
0.865497 0.402256
0.866696 0.55403
0.867621 0.108485
0.867706 0.527977
0.868058 0.453118
0.870656 0.108253
0.871185 0.00339915
0.871305 0.0235416
0.871416 0.887305
0.871621 0.341043
0.871813 0.553447
0.874587 0.18722
0.876917 0.341051
0.877009 0.888598
0.877598 0.792179
0.880264 0.605242
0.881255 0.249949
0.881669 0.208241
0.883175 0.523204
0.883436 0.910392
0.884177 0.362052
0.884976 0.788549
0.885584 0.01388
0.88596 0.335481
0.887488 0.0028886
0.888285 0.405984
0.888354 0.569139
0.888434 0.918554
0.891473 0.987296
0.891541 0.137561
0.894439 0.840556
0.896489 0.297861
0.8967 0.833947
0.898964 0.887226
0.898993 0.36861
0.900665 0.468696
0.900695 0.973489
0.902489 0.132904
0.90456 0.947647
0.905256 0.63006
0.905437 0.679597
0.905829 0.262364
0.906039 0.789818
0.9065 0.543042
0.907526 0.792032
0.907785 0.144534
0.907934 0.655249
0.908186 0.878264
0.90897 0.0559442
0.909389 0.102463
0.909965 0.779659
0.910163 0.103518
0.91142 0.233134
0.911619 0.589128
0.911938 0.937199
0.91289 0.941882
0.912999 0.774864
0.913005 0.870111
0.91323 0.648369
0.9135 0.199442
0.91374 0.230821
0.914044 0.33575
0.914816 0.304795
0.914911 0.910273
0.915955 0.452399
0.915986 0.982487
0.91623 0.0714358
0.919688 0.194703
0.919879 0.400634
0.919903 0.80395
0.920898 0.537331
0.921227 0.0653769
0.921631 0.853242
0.922083 0.455206
0.922659 0.126101
0.923672 0.152321
0.926113 0.181388
0.9267 0.0434276
0.92766 0.188515
0.929434 0.00482202
0.931377 0.645157
0.933028 0.397274
0.933098 0.571871
0.93357 0.505673
0.934623 0.216316
0.936137 0.658372
0.936628 0.904352
0.937099 0.824191
0.937936 0.889319
0.938985 0.515837
0.939228 0.60553
0.940751 0.205286
0.94094 0.37441
0.941032 0.921386
0.941875 0.0887421
0.941965 0.604679
0.943298 0.013632
0.943669 0.241614
0.943853 0.342938
0.944466 0.638723
0.945057 0.573414
0.945721 0.734153
0.946624 0.903574
0.948509 0.58719
0.948641 0.804847
0.948744 0.54288
0.949663 0.990356
0.956127 0.633533
0.958316 0.418588
0.958329 0.630941
0.958336 0.753157
0.958977 0.525967
0.959298 0.915408
0.961243 0.6098
0.962394 0.95894
0.962545 0.50114
0.962989 0.956884
0.96317 0.997296
0.963772 0.112557
0.965055 0.683267
0.965407 0.591534
0.966003 0.615798
0.966145 0.993035
0.966549 0.792576
0.969023 0.366485
0.969397 0.65019
0.96943 0.208156
0.971097 0.232514
0.972765 0.266968
0.972767 0.299056
0.973198 0.542947
0.973576 0.895901
0.974399 0.729541
0.974792 0.336202
0.976279 0.321095
0.976548 0.835752
0.977138 0.751636
0.977665 0.622779
0.977749 0.0261253
0.977897 0.522181
0.978815 0.936177
0.979783 0.20964
0.979802 0.532063
0.97986 0.512582
0.980373 0.129602
0.980528 0.72564
0.980528 0.731627
0.980807 0.429969
0.983603 0.422605
0.98418 0.107533
0.988612 0.596067
0.988642 0.100117
0.988817 0.0519414
0.989099 0.790565
0.989711 0.0709867
0.990615 0.26294
0.990951 0.907826
0.991146 0.186128
0.992222 0.275262
0.993244 0.446457
0.993694 0.0205825
0.993844 0.537973
0.994021 0.517206
0.994584 0.975287
0.994692 0.793392
0.996784 0.956518
0.996822 0.592801
0.998074 0.63394
0.999786 0.395511
0.999797 0.584752
