0.000186292 0.131009
0.000513467 0.629848
0.000906242 0.23121
0.00139425 0.433222
0.00198159 0.304543
0.00216259 0.346715
0.00272147 0.739673
0.00295896 0.731317
0.00309636 0.0404719
0.00330918 0.617475
0.00353352 0.387922
0.00496377 0.426021
0.00529617 0.012749
0.00540947 0.916959
0.00618675 0.980649
0.00672031 0.948236
0.00885625 0.846978
0.00978196 0.405401
0.0106442 0.897716
0.0114326 0.148095
0.0116021 0.996706
0.0124128 0.621765
0.0127546 0.366735
0.0132796 0.190105
0.0135521 0.770136
0.0136112 0.763991
0.0137334 0.81702
0.0149149 0.674491
0.0163608 0.976267
0.0163907 0.479182
0.0168133 0.581291
0.0175563 0.0690225
0.0176285 0.282211
0.0187394 0.952391
0.0194119 0.255359
0.0203184 0.490881
0.0207978 0.548723
0.0232718 0.129534
0.0234499 0.122815
0.0239302 0.194346
0.0252339 0.105456
0.0253456 0.983307
0.025697 0.88889
0.0273471 0.622522
0.027616 0.142164
0.0276455 0.638097
0.0315504 0.267815
0.0316224 0.47756
0.0319727 0.365909
0.0327625 0.639197
0.0331391 0.96961
0.0337498 0.233166
0.0360447 0.803454
0.0368016 0.525225
0.0372223 0.594785
0.0373188 0.217066
0.037721 0.976928
0.0377411 0.314792
0.0378274 0.764259
0.0378345 0.883713
0.0382653 0.125375
0.0393119 0.715546
0.0404553 0.932171
0.0409283 0.881422
0.041114 0.00246845
0.0417512 0.712589
0.0430991 0.36693
0.0431066 0.492755
0.0435499 0.943834
0.0443743 0.798879
0.045385 0.786053
0.0461719 0.0107226
0.0465205 0.869738
0.0471963 0.228758
0.0473342 0.54581
0.048204 0.164896
0.0491507 0.0765937
0.0492923 0.455677
0.0502399 0.382636
0.0503026 0.436104
0.0506864 0.886465
0.0511993 0.506686
0.0513447 0.950274
0.0515719 0.768282
0.0521386 0.29349
0.0522124 0.533359
0.0522476 0.124665
0.0530078 0.901549
0.0533137 0.0429809
0.0538549 0.13946
0.0541144 0.500548
0.0542699 0.114062
0.0546173 0.953731
0.0549783 0.0196605
0.0561378 0.50775
0.0562714 0.752831
0.0563391 0.891098
0.0573228 0.424538
0.0573559 0.98064
0.0577685 0.915476
0.0581708 0.676254
0.058794 0.150965
0.0593077 0.783724
0.0594074 0.459882
0.0600582 0.398603
0.0606883 0.988385
0.060946 0.319286
0.0616452 0.0717067
0.0619359 0.957396
0.06249 0.26885
0.0625697 0.609499
0.0626653 0.215916
0.0627836 0.203673
0.0634724 0.781049
0.0642329 0.563154
0.0642908 0.535846
0.0667062 0.131208
0.068749 0.464433
0.0694539 0.312445
0.0707109 0.43803
0.0717449 0.817321
0.0722773 0.765389
0.0738071 0.47545
0.0738486 0.173468
0.0743921 0.307186
0.0745582 0.0997124
0.0746227 0.183453
0.0746829 0.194761
0.0749991 0.509734
0.0757882 0.773051
0.0760008 0.346141
0.0762017 0.722077
0.0767036 0.15675
0.0769857 0.897988
0.0771559 0.759012
0.0777043 0.97572
0.0786084 0.171907
0.0787351 0.300585
0.0791386 0.0828701
0.0798152 0.453559
0.0803889 0.0960924
0.0849525 0.797274
0.0852918 0.49869
0.0858027 0.0858449
0.0859312 0.246032
0.0859998 0.398324
0.0865362 0.413621
0.0870396 0.874216
0.0871033 0.945614
0.0879826 0.722731
0.0882887 0.867802
0.0884589 0.729514
0.08905 0.663774
0.0895436 0.960156
0.0896913 0.441499
0.0898719 0.47723
0.0899153 0.207102
0.0899186 0.261135
0.090001 0.646629
0.090335 0.260077
0.0905893 0.533619
0.0910543 0.349642
0.091865 0.974184
0.0925855 0.0852326
0.0929535 0.26909
0.0935509 0.310024
0.0938538 0.40085
0.0941901 0.052561
0.0948124 0.512613
0.0959119 0.991876
0.0975673 0.813742
0.0975911 0.213005
0.0979821 0.784494
0.0980852 0.517761
0.0982876 0.919109
0.0984588 0.796544
0.0988748 0.789389
0.0989411 0.902424
0.0993682 0.0806915
0.0996928 0.536375
0.100555 0.0359765
0.101388 0.0225201
0.101695 0.185999
0.10183 0.452288
0.102162 0.0291867
0.103731 0.41536
0.103816 0.827989
0.104381 0.331674
0.106202 0.937466
0.106325 0.00629602
0.107256 0.647929
0.10757 0.934978
0.107655 0.361334
0.107874 0.040596
0.10811 0.996669
0.109185 0.0662296
0.109601 0.0714875
0.10997 0.268047
0.110395 0.414437
0.111259 0.93787
0.111383 0.0191521
0.111453 0.18543
0.113016 0.463654
0.113127 0.328232
0.114924 0.520979
0.116151 0.155859
0.117425 0.555469
0.117766 0.295352
0.118219 0.908915
0.118483 0.347765
0.120451 0.427488
0.120582 0.628122
0.120812 0.4866
0.122226 0.244194
0.122913 0.793121
0.123976 0.662358
0.124379 0.441535
0.124755 0.760499
0.125585 0.708294
0.125647 0.746689
0.125745 0.390289
0.125757 0.593868
0.127255 0.781707
0.127607 0.696932
0.128099 0.967096
0.128934 0.998367
0.129059 0.0901676
0.129366 0.250586
0.130314 0.188322
0.13042 0.974119
0.132085 0.960073
0.132578 0.233578
0.13266 0.612718
0.132751 0.146068
0.133531 0.263689
0.133626 0.857341
0.134009 0.293888
0.134636 0.826154
0.13507 0.123218
0.135129 0.110546
0.135489 0.157559
0.136208 0.247163
0.136785 0.939284
0.136807 0.320076
0.137833 0.565551
0.137852 0.871546
0.138564 0.844592
0.14063 0.564197
0.141195 0.0703636
0.141422 0.879747
0.141477 0.809567
0.141957 0.872214
0.141995 0.507887
0.143042 0.108382
0.145156 0.631036
0.146192 0.0413812
0.147056 0.56911
0.147087 0.0967095
0.147433 0.914605
0.147554 0.943365
0.147954 0.656284
0.148104 0.19213
0.148885 0.310228
0.149567 0.768964
0.150647 0.930813
0.151166 0.652683
0.151964 0.0651861
0.152749 0.260421
0.152885 0.543639
0.154469 0.160965
0.154682 0.742131
0.154941 0.0867992
0.15538 0.465688
0.155855 0.448342
0.155876 0.809952
0.156802 0.373289
0.156818 0.639965
0.157676 0.0593696
0.158275 0.129895
0.158277 0.154971
0.158378 0.852581
0.158944 0.364406
0.159865 0.848604
0.159894 0.339599
0.160214 0.710734
0.161448 0.453634
0.161482 0.0313293
0.162179 0.738505
0.164412 0.279329
0.164668 0.580835
0.165349 0.0215074
0.166138 0.286702
0.166314 0.244397
0.16653 0.875809
0.167182 0.826426
0.16719 0.970282
0.167523 0.557159
0.167683 0.24756
0.168057 0.530076
0.168371 0.814808
0.168876 0.296933
0.169302 0.455189
0.169687 0.932143
0.169847 0.623029
0.169942 0.218896
0.17079 0.473078
0.170832 0.178461
0.170901 0.33325
0.171212 0.552499
0.172213 0.380022
0.172424 0.934978
0.173372 0.85714
0.173467 0.460356
0.173704 0.437701
0.174766 0.300105
0.175021 0.56982
0.175133 0.455193
0.176807 0.602518
0.177758 0.58589
0.17788 0.627116
0.179609 0.682035
0.181086 0.504922
0.181203 0.485252
0.181628 0.622392
0.181733 0.381087
0.182225 0.65676
0.182398 0.558582
0.183234 0.619515
0.183953 0.699203
0.184028 0.963467
0.184325 0.948207
0.18463 0.0798399
0.184968 0.757761
0.185056 0.243464
0.185559 0.682192
0.186377 0.442123
0.186635 0.770129
0.187246 0.0451815
0.187391 0.482712
0.187412 0.836073
0.187778 0.987043
0.188469 0.590356
0.188504 0.185254
0.188881 0.514971
0.188995 0.436978
0.189432 0.781947
0.190518 0.0412739
0.19074 0.763894
0.190787 0.548989
0.193274 0.357649
0.193939 0.530519
0.194393 0.1654
0.195431 0.602363
0.195734 0.706455
0.196063 0.237632
0.196145 0.611528
0.196188 0.329151
0.196959 0.296537
0.198188 0.946827
0.200646 0.256822
0.200703 0.216163
0.201459 0.918595
0.201973 0.557099
0.202093 0.574776
0.20339 0.371074
0.203682 0.280391
0.204191 0.844427
0.206127 0.384106
0.20617 0.106746
0.207154 0.641861
0.207375 0.344822
0.207817 0.779129
0.207933 0.733538
0.208602 0.97452
0.20963 0.259746
0.209951 0.650298
0.210411 0.38423
0.210661 0.578914
0.210702 0.26646
0.211572 0.894876
0.212087 0.545033
0.213133 0.130001
0.214447 0.217862
0.214448 0.228912
0.21496 0.8283
0.215074 0.74144
0.215684 0.00201388
0.215875 0.208563
0.217399 0.826234
0.218104 0.673816
0.218651 0.870269
0.220154 0.128929
0.220966 0.77638
0.22286 0.604235
0.223611 0.237122
0.223633 0.595648
0.223765 0.824356
0.223781 0.0905697
0.224265 0.217018
0.224919 0.209678
0.22572 0.680362
0.226322 0.787945
0.226678 0.778828
0.226929 0.995957
0.229144 0.225291
0.229665 0.986786
0.230881 0.4094
0.232506 0.733086
0.232731 0.517425
0.233097 0.656555
0.233099 0.689926
0.233546 0.213845
0.233803 0.531622
0.235738 0.0447391
0.236049 0.276878
0.236342 0.20764
0.23667 0.71018
0.237783 0.423678
0.237875 0.957083
0.239116 0.817856
0.239125 0.981192
0.239285 0.658632
0.240078 0.989052
0.240381 0.0813183
0.240618 0.0586009
0.240712 0.654155
0.241122 0.543739
0.242108 0.108516
0.24245 0.855873
0.242844 0.477646
0.243365 0.239259
0.244725 0.0988234
0.245074 0.951281
0.245298 0.721986
0.245509 0.2664
0.245632 0.331802
0.245738 0.122992
0.245936 0.447657
0.245978 0.148266
0.249608 0.156724
0.250256 0.0557729
0.251402 0.316851
0.252182 0.427929
0.253973 0.527613
0.254508 0.51072
0.256679 0.00566675
0.258537 0.228403
0.258623 0.674889
0.25909 0.517764
0.259642 0.810427
0.260106 0.598642
0.260617 0.189116
0.26077 0.761322
0.261651 0.568594
0.262277 0.0878291
0.263414 0.194141
0.263669 0.478875
0.264182 0.110835
0.265193 0.0958412
0.265684 0.347503
0.266031 0.187751
0.267355 0.440342
0.269125 0.183902
0.26997 0.383981
0.271559 0.0922563
0.272475 0.480221
0.272717 0.551271
0.272994 0.213612
0.274986 0.696244
0.276985 0.287146
0.277507 0.0568586
0.278481 0.431149
0.278753 0.00905086
0.278906 0.577689
0.281179 0.7815
0.282541 0.659989
0.282619 0.975961
0.28307 0.553194
0.283201 0.767211
0.284426 0.353348
0.285422 0.0803577
0.285778 0.0647596
0.286322 0.211743
0.286546 0.974606
0.287673 0.915163
0.28864 0.172387
0.289256 0.532982
0.289928 0.818231
0.290867 0.608564
0.291945 0.725067
0.292748 0.209565
0.293561 0.881551
0.293589 0.34553
0.294096 0.874183
0.294684 0.760593
0.294957 0.336789
0.296137 0.170021
0.296241 0.91999
0.296478 0.903948
0.296675 0.211067
0.297242 0.745486
0.298504 0.953444
0.300712 0.0706893
0.301674 0.238826
0.302062 0.760367
0.30246 0.45023
0.302826 0.592224
0.303534 0.501978
0.304314 0.611467
0.305054 0.0394596
0.305141 0.503499
0.305257 0.457619
0.306655 0.956621
0.307037 0.367623
0.308742 0.0284364
0.3088 0.00890831
0.309996 0.101624
0.310533 0.134342
0.311222 0.709871
0.312925 0.327468
0.313298 0.606133
0.314633 0.0383
0.314891 0.37857
0.315121 0.234543
0.315861 0.677586
0.316452 0.608404
0.316713 0.995647
0.317168 0.649891
0.317358 0.834722
0.317369 0.0124435
0.317457 0.496754
0.318394 0.243941
0.318833 0.624363
0.319099 0.101579
0.319252 0.666656
0.319779 0.519766
0.320533 0.189656
0.32121 0.571639
0.323017 0.939775
0.323376 0.986045
0.323774 0.677904
0.323804 0.174628
0.324734 0.807425
0.325974 0.648482
0.326067 0.202181
0.327629 0.459266
0.32811 0.545315
0.328472 0.636061
0.328771 0.661201
0.32908 0.852205
0.329132 0.717104
0.329645 0.351445
0.330047 0.0979236
0.330375 0.607946
0.33074 0.739131
0.330859 0.74161
0.331506 0.619809
0.333352 0.653351
0.333364 0.849151
0.33341 0.622835
0.333507 0.246188
0.335015 0.595047
0.335787 0.576864
0.337337 0.615399
0.337845 0.165042
0.338755 0.456625
0.339393 0.184338
0.339713 0.555991
0.33984 0.68924
0.340567 0.901498
0.340591 0.312054
0.341817 0.926155
0.341951 0.16391
0.343025 0.22076
0.343603 0.943709
0.343829 0.741173
0.344779 0.696197
0.345118 0.406324
0.345656 0.433971
0.346477 0.237393
0.346561 0.657261
0.347366 0.18046
0.347778 0.107963
0.347831 0.00175742
0.347867 0.598463
0.348412 0.761968
0.348444 0.296892
0.350926 0.0153849
0.351343 0.0180288
0.35195 0.219091
0.352124 0.154331
0.352332 0.637199
0.352899 0.167963
0.353676 0.229532
0.354512 0.291162
0.355777 0.550108
0.356841 0.425865
0.358684 0.409216
0.358906 0.129348
0.360201 0.893236
0.361 0.331089
0.361408 0.188694
0.361587 0.186992
0.361985 0.888344
0.362278 0.811029
0.363078 0.259103
0.363332 0.519942
0.364101 0.449065
0.364716 0.782854
0.365133 0.793012
0.365162 0.277597
0.365762 0.357421
0.365802 0.0293613
0.365803 0.0538344
0.366472 0.291248
0.367173 0.0766414
0.367528 0.0455628
0.367741 0.631417
0.368156 0.600212
0.3683 0.0233187
0.368404 0.759575
0.368583 0.770865
0.36953 0.69762
0.369734 0.122314
0.369923 0.289364
0.371369 0.591047
0.371725 0.574588
0.371837 0.456571
0.372256 0.509233
0.372463 0.991326
0.372916 0.605319
0.3739 0.132983
0.374738 0.225989
0.375389 0.157
0.375485 0.774171
0.376432 0.695839
0.376521 0.187263
0.377065 0.337072
0.377661 0.342474
0.37839 0.602709
0.378495 0.367938
0.379529 0.748223
0.380496 0.995045
0.382122 0.316861
0.383408 0.946105
0.383829 0.0113284
0.383995 0.797508
0.384026 0.326242
0.384357 0.880397
0.385742 0.174075
0.386095 0.0951064
0.386333 0.0903584
0.387067 0.434609
0.387111 0.166883
0.387746 0.840728
0.388095 0.713495
0.388265 0.574338
0.388351 0.0190074
0.38891 0.406792
0.38977 0.860625
0.390799 0.165166
0.391711 0.482818
0.391828 0.445992
0.391873 0.21372
0.392184 0.432132
0.392237 0.32145
0.392766 0.224328
0.392817 0.0762209
0.393646 0.0072286
0.394627 0.502562
0.39561 0.0201768
0.396123 0.645657
0.396224 0.337132
0.396953 0.590181
0.397253 0.639403
0.397336 0.0251161
0.397539 0.434439
0.398299 0.217397
0.39871 0.124481
0.399862 0.472995
0.399951 0.974813
0.400572 0.417819
0.401058 0.584275
0.401757 0.324447
0.402325 0.873933
0.402613 0.716655
0.403862 0.715109
0.404405 0.839881
0.407722 0.584198
0.407979 0.895126
0.411414 0.639644
0.411913 0.0210515
0.412103 0.217435
0.412174 0.408467
0.413858 0.715717
0.414013 0.312365
0.414208 0.585885
0.414893 0.111529
0.41508 0.257048
0.415419 0.948415
0.415682 0.362308
0.41602 0.0432186
0.416047 0.508089
0.419508 0.673626
0.421063 0.801185
0.421626 0.260848
0.421975 0.141996
0.42269 0.15271
0.423895 0.405836
0.424168 0.986304
0.425084 0.392606
0.42525 0.175483
0.425355 0.949596
0.42592 0.43838
0.427038 0.22529
0.427276 0.219336
0.427652 0.551785
0.427762 0.392038
0.428157 0.0268895
0.428192 0.628166
0.428303 0.488643
0.428982 0.896014
0.429009 0.358811
0.429297 0.192572
0.429612 0.484004
0.430885 0.881477
0.432357 0.622032
0.433485 0.585739
0.433782 0.578571
0.4341 0.916531
0.434678 0.638713
0.435216 0.671462
0.435633 0.686949
0.436098 0.502604
0.436343 0.614132
0.437855 0.0260951
0.437859 0.0974794
0.438593 0.431673
0.43897 0.760537
0.439039 0.92658
0.439589 0.178757
0.44133 0.436042
0.441562 0.329692
0.441739 0.313229
0.442066 0.808679
0.442196 0.984574
0.443662 0.622015
0.444056 0.249901
0.444063 0.366209
0.444279 0.00388207
0.4453 0.160215
0.445979 0.565512
0.446161 0.620395
0.446718 0.984857
0.447394 0.342953
0.447468 0.588865
0.450554 0.46359
0.451384 0.418624
0.451923 0.468999
0.453376 0.898024
0.45394 0.369911
0.455185 0.289412
0.455201 0.563328
0.455281 0.9022
0.456239 0.0168588
0.456278 0.670916
0.457361 0.869103
0.45782 0.588643
0.457944 0.670269
0.459809 0.0173588
0.459868 0.00324649
0.460611 0.49104
0.461127 0.153485
0.462149 0.337054
0.462434 0.129265
0.462774 0.844839
0.463024 0.0405631
0.463495 0.965764
0.463656 0.664601
0.464022 0.814812
0.465293 0.1727
0.465554 0.563763
0.468403 0.445514
0.468819 0.433546
0.468884 0.527116
0.468974 0.0440155
0.471136 0.381324
0.471141 0.463477
0.474422 0.603653
0.474681 0.965648
0.475539 0.378745
0.475966 0.560354
0.476022 0.498102
0.476342 0.883936
0.476649 0.0363866
0.477453 0.560321
0.477966 0.167825
0.478288 0.594543
0.478792 0.0646705
0.480112 0.243662
0.480202 0.759504
0.481753 0.825016
0.482197 0.279453
0.482239 0.985759
0.482726 0.177878
0.482881 0.787502
0.483383 0.225252
0.484084 0.00684132
0.484448 0.112959
0.48499 0.225044
0.485373 0.668658
0.485545 0.546892
0.485818 0.137652
0.48676 0.974428
0.487176 0.974982
0.487281 0.729826
0.487881 0.811387
0.488149 0.315917
0.488295 0.768583
0.488319 0.172502
0.488542 0.922061
0.489071 0.808911
0.490145 0.862334
0.490325 0.890238
0.490622 0.891868
0.490784 0.5985
0.491109 0.072834
0.491185 0.349174
0.491514 0.879952
0.491826 0.112067
0.49242 0.108744
0.492771 0.99487
0.493644 0.68005
0.49392 0.313801
0.495826 0.34198
0.496224 0.0289475
0.498365 0.0210736
0.498996 0.631744
0.499034 0.262792
0.500038 0.1307
0.50014 0.848776
0.501379 0.670197
0.501447 0.817105
0.502066 0.219954
0.503712 0.885097
0.50389 0.884553
0.503952 0.920866
0.504624 0.210036
0.50495 0.695248
0.505102 0.251708
0.505204 0.96094
0.505475 0.519934
0.506533 0.301045
0.507468 0.00969549
0.509012 0.966256
0.509639 0.510011
0.509938 0.522394
0.510219 0.24297
0.510633 0.202123
0.510921 0.0521004
0.511016 0.640086
0.511193 0.618075
0.513897 0.070622
0.515264 0.0496561
0.515603 0.731882
0.515863 0.116206
0.516112 0.294173
0.516258 0.749602
0.516478 0.45142
0.516536 0.419205
0.518232 0.917708
0.518272 0.604894
0.518428 0.222064
0.518753 0.680565
0.519742 0.312022
0.520084 0.049917
0.520782 0.786544
0.521059 0.438146
0.521479 0.499519
0.521653 0.419663
0.521701 0.224652
0.522545 0.40817
0.522644 0.0786612
0.523544 0.210664
0.523588 0.951258
0.523595 0.0679415
0.525205 0.115819
0.525343 0.435304
0.525512 0.281927
0.525655 0.67689
0.525822 0.489499
0.525853 0.00578903
0.525934 0.369816
0.526158 0.140913
0.526863 0.980135
0.528395 0.741702
0.529746 0.449333
0.529944 0.764489
0.530341 0.443755
0.530417 0.720307
0.53091 0.00109053
0.53093 0.34711
0.53153 0.431348
0.532313 0.582223
0.532768 0.237954
0.533005 0.216207
0.534577 0.639657
0.53525 0.939236
0.536882 0.374746
0.536956 0.620986
0.538856 0.545442
0.538964 0.365934
0.539193 0.224373
0.539213 0.548776
0.540554 0.0937521
0.540796 0.15768
0.542031 0.921249
0.542497 0.744817
0.543055 0.12584
0.543362 0.288441
0.543643 0.00777338
0.54412 0.0168492
0.54588 0.607537
0.546057 0.582646
0.546797 0.0167037
0.547923 0.946586
0.548052 0.102351
0.54844 0.634216
0.548524 0.0504675
0.549449 0.597307
0.54968 0.471415
0.550902 0.0046539
0.551234 0.589465
0.55126 0.027632
0.551614 0.980408
0.552153 0.0322533
0.55312 0.289242
0.553233 0.18068
0.553393 0.870799
0.553604 0.420769
0.553699 0.0265213
0.553747 0.81992
0.553809 0.872378
0.554513 0.700002
0.554525 0.894128
0.554839 0.17915
0.555463 0.661444
0.556554 0.00921644
0.556999 0.475854
0.557205 0.941817
0.557546 0.671009
0.55917 0.975074
0.559218 0.768434
0.55957 0.689872
0.560252 0.161944
0.560561 0.340332
0.561987 0.306999
0.562417 0.550163
0.562924 0.0706374
0.563547 0.526526
0.563795 0.704461
0.563831 0.30119
0.565016 0.218697
0.565041 0.651535
0.565321 0.349203
0.565364 0.0665291
0.565385 0.42277
0.565557 0.311882
0.56592 0.412216
0.566017 0.054642
0.566659 0.833462
0.56708 0.916843
0.567391 0.137446
0.567518 0.267588
0.56887 0.00561686
0.568911 0.69123
0.569696 0.88357
0.570093 0.559885
0.570224 0.747418
0.570666 0.178681
0.571788 0.0462101
0.571867 0.36122
0.572069 0.768156
0.572459 0.314241
0.572662 0.72934
0.572784 0.774464
0.573253 0.658764
0.573841 0.543367
0.574002 0.256792
0.574458 0.910919
0.576466 0.671019
0.577034 0.205353
0.577621 0.0771436
0.578017 0.737368
0.578259 0.794253
0.578924 0.972382
0.579622 0.700721
0.579644 0.0728724
0.579659 0.325985
0.579691 0.870857
0.579827 0.160602
0.58145 0.432376
0.581548 0.0774321
0.581974 0.233481
0.583374 0.759789
0.583505 0.96166
0.584265 0.743013
0.584948 0.215852
0.585372 0.348234
0.586051 0.767157
0.586142 0.291069
0.587335 0.344676
0.588554 0.83487
0.588669 0.758513
0.588707 0.398867
0.590159 0.796853
0.590475 0.110089
0.590775 0.155428
0.592114 0.657625
0.592765 0.601527
0.593035 0.133731
0.593123 0.622118
0.593314 0.832166
0.594077 0.657386
0.594085 0.781473
0.594408 0.218186
0.596446 0.467129
0.597489 0.00424597
0.59777 0.727342
0.597816 0.492503
0.598071 0.780923
0.59833 0.128565
0.598686 0.119612
0.599502 0.826895
0.599705 0.242166
0.599832 0.382232
0.599959 0.503092
0.601249 0.199877
0.601707 0.890224
0.602032 0.355737
0.602097 0.443931
0.602337 0.474919
0.602907 0.0603113
0.602999 0.60645
0.603267 0.105062
0.603492 0.898472
0.603518 0.332217
0.604534 0.406765
0.605001 0.248411
0.605071 0.426193
0.605889 0.182665
0.606359 0.0754961
0.606555 0.364473
0.608023 0.0411249
0.608308 0.836506
0.608574 0.305441
0.608681 0.106155
0.609135 0.733093
0.609368 0.643069
0.61009 0.786706
0.610576 0.958782
0.61101 0.24863
0.611108 0.883934
0.611743 0.561551
0.611889 0.0151181
0.612655 0.897298
0.613909 0.97033
0.614284 0.272115
0.614345 0.295718
0.616407 0.957439
0.616736 0.490338
0.617016 0.180744
0.618203 0.139355
0.618569 0.283908
0.618745 0.250086
0.618801 0.187442
0.619143 0.928804
0.619331 0.0898592
0.619629 0.110945
0.620255 0.618902
0.621053 0.0347624
0.62207 0.130355
0.623167 0.569821
0.623175 0.704411
0.62322 0.462136
0.623407 0.599767
0.623503 0.21862
0.623803 0.262629
0.623817 0.499173
0.627297 0.976278
0.628279 0.488696
0.629871 0.239884
0.630813 0.0682775
0.632912 0.349832
0.633189 0.00281184
0.633534 0.811347
0.63395 0.790011
0.634789 0.899155
0.635199 0.797536
0.635208 0.934396
0.635298 0.459567
0.635863 0.943342
0.6368 0.696462
0.637322 0.472397
0.63833 0.414005
0.639624 0.154696
0.639789 0.931148
0.640069 0.647443
0.641307 0.444501
0.641483 0.408332
0.641647 0.153689
0.642089 0.589264
0.64397 0.209103
0.64623 0.191365
0.646772 0.295906
0.646775 0.344648
0.647091 0.655286
0.647249 0.315023
0.649145 0.182997
0.649307 0.906557
0.649718 0.806449
0.65109 0.872614
0.651455 0.998783
0.651559 0.744987
0.651838 0.434218
0.651968 0.632739
0.652318 0.511994
0.652347 0.00022652
0.653258 0.308417
0.653672 0.261449
0.653839 0.0691125
0.654148 0.26129
0.656946 0.292659
0.657671 0.474207
0.657857 0.607979
0.659241 0.866962
0.659256 0.118815
0.659415 0.783929
0.659495 0.138188
0.660413 0.569119
0.661049 0.25695
0.661412 0.343666
0.661526 0.265181
0.661637 0.136246
0.662067 0.362904
0.665026 0.0899015
0.665419 0.705289
0.6665 0.871145
0.667321 0.671992
0.669677 0.255944
0.669823 0.707414
0.669964 0.0882971
0.670646 0.546297
0.670671 0.965032
0.671618 0.891803
0.671858 0.91901
0.673005 0.198574
0.673525 0.928161
0.673827 0.0097284
0.675672 0.0240254
0.67635 0.419282
0.676539 0.592765
0.677729 0.596198
0.678507 0.663479
0.678761 0.941232
0.67909 0.473293
0.679192 0.181101
0.67932 0.324438
0.67985 0.232294
0.681167 0.381639
0.681952 0.563061
0.682028 0.850373
0.682425 0.510348
0.684617 0.351877
0.684825 0.850679
0.684932 0.644553
0.685409 0.676733
0.685908 0.0496879
0.686059 0.593274
0.688523 0.00654558
0.689634 0.676835
0.689858 0.45132
0.690443 0.272052
0.690443 0.282093
0.691096 0.25219
0.691317 0.966726
0.69144 0.0245911
0.69172 0.735338
0.692674 0.769244
0.692994 0.147016
0.693652 0.208118
0.695284 0.630369
0.696835 0.707644
0.697061 0.50589
0.697245 0.592877
0.698014 0.522837
0.699628 0.646873
0.700846 0.12265
0.702726 0.712475
0.702824 0.364238
0.702879 0.28044
0.703091 0.842487
0.703129 0.497483
0.70384 0.43873
0.704091 0.65773
0.704619 0.52802
0.705026 0.373041
0.705967 0.188349
0.707102 0.257689
0.707398 0.240378
0.707532 0.48466
0.70835 0.243926
0.708703 0.164261
0.709422 0.255195
0.709789 0.431257
0.709901 0.298762
0.710765 0.825732
0.710785 0.156443
0.711426 0.933776
0.711813 0.436245
0.712918 0.0196377
0.712966 0.821841
0.713296 0.362292
0.713685 0.89886
0.71472 0.301809
0.715458 0.707051
0.716234 0.746744
0.716392 0.406927
0.716403 0.578497
0.716502 0.255696
0.717165 0.384754
0.717467 0.472606
0.717515 0.271365
0.717678 0.00808204
0.71791 0.918989
0.718776 0.473539
0.719274 0.840836
0.719381 0.644415
0.720417 0.0420034
0.72061 0.29573
0.720996 0.788189
0.72113 0.0303654
0.721267 0.330316
0.721654 0.840509
0.722028 0.131486
0.722268 0.154529
0.722647 0.521938
0.723185 0.569448
0.723398 0.148313
0.724068 0.415217
0.724166 0.0634897
0.725099 0.735896
0.725724 0.237263
0.726202 0.281519
0.726483 0.00751092
0.727264 0.119606
0.72861 0.746853
0.728677 0.881825
0.728687 0.045506
0.72879 0.774132
0.728915 0.869165
0.729394 0.925982
0.729831 0.276547
0.730543 0.230942
0.731434 0.206473
0.731918 0.350554
0.732284 0.499348
0.732339 0.417139
0.732979 0.179258
0.734257 0.662328
0.73446 0.0689901
0.73455 0.587947
0.735228 0.985293
0.736487 0.141183
0.736559 0.352188
0.73661 0.210983
0.738567 0.0935599
0.739164 0.133125
0.73934 0.0792831
0.739776 0.413123
0.740043 0.908621
0.740101 0.873252
0.741451 0.574184
0.742105 0.567345
0.742976 0.193507
0.743199 0.944873
0.74321 0.131329
0.743242 0.668218
0.743443 0.0492248
0.743509 0.14926
0.743794 0.945071
0.744875 0.10786
0.746041 0.707843
0.747142 0.20884
0.747464 0.627951
0.747654 0.823888
0.748113 0.53456
0.748623 0.102024
0.749243 0.526443
0.749978 0.873221
0.750585 0.0815927
0.751577 0.761644
0.751736 0.427978
0.752479 0.908901
0.752758 0.606898
0.752994 0.572011
0.753094 0.247668
0.75341 0.562547
0.753648 0.557228
0.755591 0.217856
0.755733 0.600884
0.756386 0.57588
0.756446 0.586812
0.756611 0.35503
0.756841 0.222509
0.75754 0.972675
0.75756 0.303793
0.757776 0.949989
0.757777 0.951922
0.758396 0.357072
0.758436 0.0292713
0.758475 0.696681
0.758951 0.692937
0.75947 0.409626
0.759996 0.246215
0.76061 0.571732
0.760648 0.216938
0.760798 0.734008
0.760919 0.758236
0.76108 0.468077
0.761155 0.727089
0.761477 0.145339
0.762076 0.208462
0.763615 0.0797147
0.764045 0.308713
0.765106 0.141823
0.765351 0.246691
0.765618 0.73531
0.765888 0.278415
0.766389 0.707548
0.766464 0.960988
0.766856 0.543708
0.767097 0.605695
0.767729 0.225507
0.768113 0.679883
0.768192 0.999745
0.770115 0.323425
0.770605 0.559121
0.770911 0.699159
0.772395 0.637181
0.772842 0.163761
0.773173 0.725875
0.77326 0.185298
0.773334 0.421097
0.776046 0.000501939
0.776199 0.573053
0.776776 0.279809
0.777219 0.712614
0.777437 0.381804
0.777719 0.115787
0.778014 0.0885128
0.77946 0.383402
0.780086 0.907255
0.780474 0.429688
0.781172 0.149348
0.781195 0.552539
0.781331 0.830106
0.7817 0.0380135
0.781932 0.928564
0.781988 0.869497
0.782007 0.197774
0.782927 0.6553
0.78301 0.0486518
0.783405 0.692574
0.785331 0.0660296
0.785608 0.709986
0.785713 0.471287
0.787589 0.0129636
0.788198 0.24303
0.788499 0.296728
0.789453 0.339556
0.792087 0.613758
0.792962 0.316563
0.793929 0.564536
0.794369 0.953708
0.794685 0.275945
0.795098 0.219139
0.795138 0.892825
0.79565 0.483808
0.797112 0.0602349
0.797447 0.6967
0.797978 0.608007
0.798451 0.569037
0.798519 0.704354
0.798972 0.316868
0.799291 0.688551
0.799846 0.0120733
0.800184 0.688883
0.800191 0.80523
0.800571 0.201643
0.801115 0.335564
0.801275 0.0260586
0.801299 0.43807
0.801728 0.649834
0.802456 0.875883
0.802519 0.937413
0.804283 0.593295
0.80431 0.0436241
0.805427 0.809113
0.805513 0.254933
0.805884 0.490264
0.806067 0.571153
0.806513 0.0626559
0.80713 0.425504
0.807846 0.46059
0.808521 0.819907
0.81047 0.569553
0.811443 0.922212
0.81157 0.0487066
0.811829 0.407118
0.812112 0.166325
0.812764 0.124987
0.813393 0.700768
0.813596 0.112227
0.81377 0.0282466
0.814012 0.102631
0.815839 0.809211
0.815968 0.969985
0.816516 0.190082
0.816517 0.203105
0.816761 0.306236
0.816967 0.762337
0.817091 0.849794
0.817286 0.133746
0.817425 0.453709
0.817908 0.582896
0.818618 0.505415
0.818666 0.316798
0.818861 0.604179
0.820001 0.751164
0.820353 0.676234
0.820949 0.682216
0.821886 0.44137
0.822599 0.425419
0.822676 0.72001
0.823 0.162569
0.823167 0.960778
0.824065 0.0594175
0.82456 0.387927
0.824757 0.684542
0.825169 0.616154
0.825962 0.951927
0.826727 0.794255
0.827417 0.392809
0.827686 0.924285
0.828609 0.429528
0.829213 0.574858
0.829298 0.00763159
0.829535 0.991676
0.830704 0.63742
0.831582 0.405482
0.832243 0.509323
0.832589 0.325216
0.832863 0.923427
0.833348 0.0877934
0.833399 0.930044
0.833814 0.908856
0.834343 0.809888
0.834809 0.638675
0.834848 0.283318
0.835529 0.732247
0.83712 0.46894
0.837904 0.648139
0.838699 0.0214556
0.838834 0.284153
0.839336 0.722184
0.839678 0.474605
0.840122 0.935983
0.840245 0.991634
0.840801 0.335881
0.841057 0.650253
0.841075 0.946911
0.841982 0.199856
0.844358 0.122807
0.845935 0.628669
0.845988 0.517471
0.846248 0.8855
0.846433 0.00372939
0.846898 0.820879
0.847349 0.390019
0.847655 0.541594
0.847791 0.81751
0.848002 0.373068
0.849288 0.988342
0.851326 0.231564
0.852087 0.0313875
0.852591 0.49145
0.853178 0.357496
0.853279 0.0599117
0.853318 0.714744
0.854496 0.506724
0.854992 0.857617
0.855097 0.617047
0.855165 0.755518
0.855556 0.327719
0.855671 0.256645
0.858365 0.536441
0.85933 0.751942
0.859835 0.252272
0.860955 0.0642102
0.863311 0.675422
0.864788 0.499154
0.865481 0.134618
0.866207 0.347667
0.866366 0.017664
0.866409 0.738762
0.866679 0.282337
0.867993 0.350985
0.868179 0.482652
0.868529 0.374155
0.869645 0.116423
0.869883 0.12534
0.870801 0.558329
0.871235 0.84723
0.871506 0.396355
0.871776 0.94666
0.872325 0.168174
0.87272 0.803166
0.872725 0.889906
0.873621 0.944592
0.873949 0.459804
0.875297 0.120312
0.875323 0.560185
0.875987 0.709592
0.876099 0.600819
0.87662 0.360717
0.877162 0.458566
0.878716 0.573133
0.878856 0.936736
0.879061 0.374821
0.879091 0.876632
0.879246 0.488268
0.879926 0.919142
0.880474 0.124361
0.880734 0.494293
0.880829 0.085456
0.881175 0.904706
0.882096 0.38373
0.882425 0.915119
0.882501 0.199551
0.883965 0.808254
0.884958 0.496414
0.885371 0.434834
0.886907 0.242037
0.88746 0.539928
0.888777 0.672555
0.889272 0.994076
0.889338 0.100231
0.889504 0.89754
0.890208 0.722401
0.891359 0.0696634
0.892022 0.212574
0.892176 0.802163
0.892412 0.766618
0.892741 0.297717
0.893266 0.129947
0.89389 0.616061
0.89399 0.295928
0.894245 0.574557
0.894362 0.535016
0.894449 0.00293758
0.894876 0.18648
0.896586 0.921989
0.897146 0.33636
0.897498 0.250082
0.897507 0.402219
0.897546 0.0575204
0.897891 0.861595
0.89917 0.355458
0.899701 0.268065
0.899954 0.529359
0.900659 0.370522
0.900801 0.759905
0.900852 0.617831
0.902924 0.439101
0.904242 0.590286
0.904791 0.815431
0.904859 0.960781
0.904909 0.798617
0.905509 0.88514
0.905771 0.29328
0.906276 0.788342
0.906447 0.64654
0.906514 0.773474
0.906588 0.0332458
0.90781 0.559684
0.908436 0.079537
0.908661 0.865293
0.908694 0.414641
0.90878 0.86673
0.909095 0.151963
0.909444 0.021255
0.909637 0.267586
0.910126 0.482558
0.911103 0.907822
0.911376 0.488345
0.913315 0.0889768
0.913808 0.371827
0.915285 0.201563
0.916042 0.917417
0.916245 0.334582
0.917176 0.983775
0.917202 0.406556
0.917399 0.731009
0.917995 0.737171
0.918444 0.284804
0.918504 0.294821
0.91854 0.905677
0.919042 0.331577
0.919942 0.46052
0.920335 0.0762519
0.920362 0.531989
0.920586 0.28676
0.920663 0.581132
0.92173 0.521464
0.923527 0.719901
0.923764 0.694061
0.923927 0.437352
0.924442 0.0979102
0.924696 0.359071
0.924748 0.246683
0.925254 0.735719
0.925674 0.810287
0.925935 0.197546
0.926122 0.336476
0.926168 0.102145
0.92788 0.880714
0.929131 0.911077
0.929154 0.284058
0.929817 0.440899
0.929877 0.435639
0.930685 0.0194531
0.931005 0.407932
0.931206 0.774718
0.931298 0.325764
0.932127 0.265302
0.933437 0.276669
0.933657 0.965808
0.935111 0.411676
0.935356 0.530326
0.936357 0.345179
0.936421 0.429725
0.93676 0.119418
0.937062 0.198927
0.937848 0.404735
0.93941 0.664388
0.93961 0.0258996
0.939766 0.640823
0.939976 0.173129
0.939999 0.569425
0.940345 0.37699
0.940371 0.816057
0.941225 0.175003
0.941511 0.976207
0.942073 0.413728
0.942364 0.318201
0.943873 0.675261
0.944061 0.831362
0.944305 0.9385
0.944787 0.0311301
0.94585 0.893597
0.946149 0.93104
0.946328 0.929392
0.94652 0.162614
0.946681 0.862516
0.946735 0.774984
0.946787 0.650231
0.947217 0.879182
0.947772 0.203393
0.947852 0.54034
0.947878 0.977122
0.948995 0.76609
0.949081 0.211112
0.949336 0.482118
0.9501 0.339129
0.950889 0.583294
0.950949 0.598375
0.951017 0.741737
0.952067 0.396226
0.953148 0.558098
0.95333 0.616135
0.954657 0.926327
0.955126 0.807215
0.955266 0.159751
0.955463 0.461853
0.955625 0.188356
0.956556 0.84313
0.956713 0.480749
0.958036 0.714298
0.95855 0.341986
0.9587 0.87924
0.959294 0.850668
0.959793 0.244238
0.960021 0.0663237
0.960507 0.249239
0.96114 0.881369
0.961211 0.0739515
0.961626 0.042989
0.962011 0.512986
0.962707 0.216977
0.962799 0.769634
0.963676 0.49854
0.964105 0.721301
0.965343 0.524902
0.965992 0.435479
0.966304 0.676532
0.966388 0.0892154
0.966636 0.244704
0.96677 0.502682
0.966875 0.270072
0.967653 0.342958
0.968564 0.660407
0.968812 0.819879
0.970214 0.384819
0.970297 0.786663
0.970393 0.391233
0.970442 0.223223
0.971409 0.4701
0.971498 0.966337
0.971629 0.163888
0.972267 0.885975
0.97232 0.790014
0.972699 0.15686
0.972789 0.669478
0.972973 0.763891
0.973285 0.00315218
0.973524 0.011028
0.973543 0.335681
0.973626 0.734269
0.973724 0.372978
0.974167 0.818814
0.974807 0.58447
0.975388 0.35037
0.976208 0.123089
0.976265 0.0870318
0.97682 0.41327
0.977669 0.68874
0.977904 0.629966
0.977905 0.643404
0.978336 0.898683
0.978352 0.167128
0.978674 0.567001
0.979677 0.427224
0.980201 0.231842
0.980721 0.983789
0.98128 0.379635
0.981611 0.935989
0.981613 0.970104
0.982145 0.909031
0.982173 0.380241
0.98227 0.0101843
0.982949 0.415732
0.983822 0.0986741
0.984593 0.0480594
0.985201 0.277374
0.985225 0.6848
0.986051 0.560506
0.986692 0.330835
0.986831 0.667272
0.986845 0.907792
0.987336 0.159845
0.987508 0.0479399
0.988108 0.124022
0.988992 0.995752
0.989166 0.905956
0.989223 0.878242
0.989741 0.571467
0.9905 0.33003
0.990517 0.6188
0.990712 0.893094
0.991009 0.884651
0.991025 0.153573
0.991993 0.427467
0.99229 0.420643
0.992333 0.148629
0.993108 0.172991
0.993391 0.930265
0.99417 0.0189284
0.994603 0.286581
0.995667 0.178741
0.995839 0.0696063
0.996315 0.0652286
0.99669 0.365831
0.996812 0.418179
0.997897 0.655936
0.997991 0.236323
0.998713 0.372909
0.998892 0.372482
0.999408 0.0566918
0.999855 0.566328
