0.00113826 0.130785
0.00392234 0.922792
0.00410921 0.063459
0.00421233 0.796718
0.00464389 0.049884
0.00799015 0.29051
0.0104774 0.0944197
0.011994 0.582431
0.0123926 0.283196
0.0125622 0.132175
0.0127078 0.580279
0.013373 0.760012
0.0137071 0.375182
0.0137826 0.643516
0.0154438 0.563994
0.0156339 0.759774
0.0188735 0.20662
0.0198181 0.0820189
0.0201107 0.000688455
0.0205571 0.503821
0.0213588 0.977009
0.0229508 0.734568
0.0233433 0.330444
0.0243229 0.794706
0.0245029 0.820913
0.0261484 0.476469
0.0262381 0.982998
0.0265731 0.614266
0.0266072 0.187931
0.0268248 0.844356
0.0295044 0.880353
0.0321315 0.0348812
0.0325248 0.644673
0.0347521 0.0785568
0.0367329 0.370171
0.0368633 0.561272
0.0374698 0.755596
0.0380239 0.0684038
0.044078 0.818819
0.0441569 0.145702
0.0442084 0.00994439
0.0444191 0.551056
0.0462082 0.620851
0.0464863 0.295189
0.0466336 0.770669
0.047186 0.0545669
0.0475069 0.447914
0.0524977 0.328584
0.0537699 0.710749
0.0540196 0.906919
0.0588046 0.328475
0.0653887 0.988132
0.0660286 0.743348
0.066547 0.455889
0.0678166 0.794305
0.068197 0.186922
0.0682104 0.412721
0.0702485 0.667033
0.0705865 0.347983
0.0708163 0.208872
0.0732871 0.73644
0.0763745 0.626935
0.0768239 0.178669
0.0783782 0.302597
0.0790108 0.933929
0.0792615 0.148664
0.0819663 0.60759
0.0838588 0.414909
0.0841841 0.881644
0.0846792 0.203508
0.084959 0.906475
0.0873846 0.672546
0.0879767 0.623876
0.0883426 0.774518
0.0887492 0.607924
0.0896976 0.5471
0.0904598 0.357763
0.0908631 0.136291
0.0928512 0.549628
0.0942516 0.0861035
0.0946711 0.136567
0.0947167 0.903105
0.0959419 0.496309
0.0965461 0.650006
0.0965963 0.494722
0.0979067 0.517491
0.0986097 0.333579
0.0990187 0.20758
0.100875 0.405179
0.101545 0.674164
0.101912 0.836272
0.102595 0.307561
0.102749 0.8996
0.103522 0.897431
0.103568 0.666951
0.10424 0.957404
0.104284 0.694147
0.106425 0.685851
0.106891 0.525274
0.10851 0.733068
0.110229 0.625221
0.110934 0.474869
0.112558 0.762507
0.112561 0.818661
0.115 0.800669
0.116259 0.971076
0.116273 0.199982
0.116906 0.831846
0.117132 0.632988
0.11727 0.950274
0.117518 0.12
0.117544 0.553729
0.118596 0.250128
0.120006 0.938952
0.122139 0.794523
0.122414 0.405679
0.122463 0.233826
0.123368 0.440258
0.12385 0.552149
0.124744 0.572658
0.125045 0.625769
0.127284 0.256158
0.128654 0.284607
0.128746 0.830558
0.128792 0.600477
0.130647 0.789725
0.130648 0.803413
0.131028 0.191569
0.13136 0.759131
0.133946 0.235098
0.135434 0.237819
0.135748 0.517692
0.138367 0.535634
0.140291 0.868001
0.141531 0.707572
0.142274 0.194176
0.142681 0.0323884
0.142845 0.798814
0.143821 0.199887
0.14418 0.230527
0.146484 0.963424
0.146792 0.127012
0.147248 0.79593
0.147639 0.374698
0.147893 0.645736
0.148538 0.479653
0.149064 0.320844
0.149465 0.0524064
0.150934 0.748256
0.153332 0.0592312
0.1545 0.689925
0.155252 0.327798
0.155468 0.950186
0.155938 0.841772
0.156794 0.242644
0.157766 0.565695
0.161385 0.393521
0.162052 0.609835
0.163389 0.075506
0.163595 0.535779
0.165078 0.458625
0.165362 0.243886
0.165444 0.623769
0.165742 0.620718
0.167152 0.317633
0.167756 0.468763
0.169395 0.0275066
0.169948 0.311561
0.170691 0.800364
0.171515 0.647614
0.172465 0.617328
0.174481 0.505155
0.174846 0.635667
0.17515 0.752501
0.177107 0.639851
0.177269 0.362637
0.179876 0.175662
0.182161 0.5813
0.184309 0.686892
0.185312 0.545025
0.185506 0.806116
0.185794 0.637201
0.185953 0.313718
0.186424 0.230278
0.186678 0.490124
0.186937 0.854953
0.18706 0.912333
0.187071 0.100408
0.187763 0.735652
0.1929 0.0773163
0.193947 0.661736
0.195533 0.329972
0.199029 0.0720383
0.199047 0.374801
0.200901 0.545493
0.20179 0.479551
0.204083 0.0188477
0.205015 0.679115
0.205243 0.516861
0.205575 0.102322
0.206675 0.582258
0.207189 0.220238
0.207208 0.545008
0.20859 0.772624
0.20917 0.51668
0.210858 0.88208
0.211111 0.140415
0.21206 0.0990005
0.215137 0.801272
0.215853 0.83444
0.216846 0.528054
0.216846 0.528523
0.217972 0.448732
0.218174 0.84655
0.219154 0.321042
0.220743 0.0230172
0.222354 0.101112
0.222859 0.587229
0.223064 0.033093
0.224376 0.0898834
0.224954 0.797367
0.22658 0.130039
0.228815 0.686546
0.230477 0.625839
0.23086 0.0709327
0.231859 0.852852
0.232233 0.133451
0.234498 0.212987
0.234753 0.492446
0.235241 0.701532
0.235506 0.142777
0.23596 0.774489
0.236629 0.0207628
0.236798 0.863136
0.237465 0.0668181
0.237821 0.0638283
0.238602 0.18393
0.23874 0.507384
0.238993 0.754277
0.239597 0.905101
0.240595 0.679132
0.241288 0.32491
0.241303 0.57749
0.241994 0.193341
0.242177 0.266897
0.242292 0.197458
0.24282 0.0776249
0.245073 0.949418
0.245468 0.58531
0.248246 0.262731
0.248546 0.316046
0.249481 0.0248603
0.249531 0.861718
0.25335 0.0468996
0.253358 0.192141
0.253817 0.908127
0.253904 0.35959
0.256878 0.345852
0.258096 0.816425
0.258887 0.105592
0.261019 0.950089
0.26317 0.0914016
0.263483 0.359855
0.263667 0.447593
0.265423 0.972367
0.266572 0.278956
0.266613 0.962339
0.26762 0.895244
0.268435 0.59222
0.268999 0.0588944
0.26903 0.583887
0.269594 0.0594604
0.271226 0.498695
0.271278 0.368033
0.273357 0.318125
0.273388 0.834751
0.27376 0.0841071
0.274095 0.712002
0.275005 0.0144247
0.275507 0.450828
0.277174 0.468956
0.279471 0.0769757
0.279813 0.81455
0.281068 0.913854
0.282871 0.218973
0.282893 0.587008
0.283809 0.97217
0.284184 0.280545
0.28572 0.0909871
0.286213 0.388621
0.287761 0.396085
0.287848 0.867051
0.288267 0.905367
0.289345 0.0198823
0.289776 0.268885
0.290782 0.177356
0.29316 0.138798
0.293531 0.372548
0.294684 0.762237
0.295166 0.84661
0.295536 0.0788888
0.295788 0.307985
0.297069 0.8345
0.29774 0.115843
0.298383 0.926798
0.299693 0.94023
0.300154 0.689424
0.300272 0.675099
0.300999 0.891482
0.301469 0.797007
0.3016 0.987624
0.302638 0.440318
0.302722 0.849651
0.302732 0.0227392
0.303985 0.0751011
0.304178 0.313238
0.304772 0.294762
0.3048 0.773916
0.304878 0.0917593
0.304976 0.731932
0.308194 0.823617
0.308555 0.889608
0.309065 0.447274
0.309168 0.19095
0.310082 0.541942
0.310164 0.919845
0.311139 0.309452
0.311321 0.380277
0.311845 0.171723
0.312099 0.445242
0.313044 0.331034
0.313198 0.923214
0.314539 0.453922
0.316353 0.945112
0.316383 0.447448
0.319181 0.473361
0.319575 0.10106
0.32033 0.778745
0.321373 0.321747
0.321489 0.264103
0.321876 0.768802
0.32221 0.379777
0.327258 0.227121
0.327836 0.932124
0.328398 0.390455
0.337549 0.184082
0.339872 0.224
0.340715 0.389611
0.343606 0.983185
0.344196 0.901825
0.344669 0.845879
0.345219 0.0962015
0.348348 0.683118
0.349625 0.141724
0.350797 0.843239
0.351163 0.996095
0.351606 0.436335
0.352679 0.471804
0.352926 0.632748
0.354736 0.0457136
0.359751 0.334967
0.360213 0.0960174
0.360628 0.0724117
0.361727 0.548122
0.361859 0.769582
0.362021 0.483109
0.362887 0.0427857
0.364029 0.243045
0.364281 0.47895
0.365459 0.2629
0.366267 0.847576
0.366983 0.887278
0.367203 0.577552
0.368154 0.557253
0.371547 0.592381
0.372264 0.647831
0.372997 0.954593
0.375852 0.945756
0.375949 0.567184
0.376717 0.490069
0.376987 0.0156047
0.380123 0.734114
0.381767 0.354788
0.38314 0.431292
0.384507 0.416446
0.385903 0.875236
0.387447 0.819604
0.388592 0.0733171
0.389172 0.806174
0.38935 0.805662
0.389605 0.095232
0.389917 0.327559
0.390255 0.0233088
0.391728 0.780815
0.392135 0.610386
0.393785 0.345129
0.394641 0.723727
0.395144 0.178922
0.395528 0.647604
0.395901 0.905796
0.396108 0.380054
0.397422 0.478504
0.398436 0.520588
0.400597 0.840153
0.401577 0.29763
0.402014 0.652563
0.402019 0.726264
0.404302 0.111858
0.407738 0.849183
0.409682 0.521168
0.409935 0.770769
0.410053 0.762298
0.410412 0.790747
0.410419 0.910506
0.412171 0.366353
0.412939 0.272741
0.414513 0.719639
0.416287 0.531438
0.417508 0.0552851
0.417818 0.265698
0.417894 0.54171
0.418802 0.799201
0.420185 0.0441514
0.421783 0.911592
0.421978 0.1885
0.422125 0.657227
0.42518 0.000964127
0.425475 0.965715
0.426209 0.301075
0.432173 0.537464
0.432174 0.553735
0.433624 0.916494
0.434203 0.641838
0.435053 0.935982
0.435633 0.678082
0.435897 0.118693
0.436831 0.825136
0.437901 0.798605
0.438595 0.472049
0.439025 0.691429
0.440058 0.0517558
0.44041 0.965259
0.441468 0.750847
0.441782 0.0373013
0.44367 0.755353
0.444966 0.536562
0.448587 0.409592
0.450082 0.522439
0.450269 0.670189
0.450766 0.029706
0.452225 0.539429
0.45233 0.306303
0.45234 0.485292
0.452444 0.223387
0.452888 0.68828
0.453879 0.347623
0.454027 0.824849
0.454073 0.600121
0.454898 0.477111
0.455216 0.810226
0.456106 0.765525
0.45628 0.705963
0.459559 0.803336
0.462258 0.178199
0.46265 0.760332
0.464607 0.649279
0.464851 0.746078
0.465861 0.717787
0.465998 0.0308941
0.467246 0.996986
0.467833 0.87467
0.46859 0.59857
0.469677 0.858053
0.470854 0.649149
0.470869 0.891891
0.475004 0.388861
0.475004 0.392234
0.476385 0.601535
0.477501 0.366437
0.478826 0.623583
0.478942 0.570197
0.481449 0.705005
0.481893 0.17619
0.482619 0.378901
0.483781 0.900535
0.484238 0.589598
0.485297 0.384813
0.488598 0.862
0.489718 0.682555
0.490504 0.899
0.491007 0.349006
0.493262 0.246939
0.493356 0.8353
0.493519 0.578138
0.494688 0.227764
0.494776 0.691843
0.49516 0.162442
0.495802 0.945841
0.495959 0.577035
0.496874 0.958222
0.498276 0.525079
0.498459 0.598643
0.49852 0.619358
0.498539 0.944215
0.498901 0.0215861
0.499488 0.897588
0.500972 0.831985
0.501748 0.881752
0.502288 0.957945
0.502801 0.57423
0.502822 0.92356
0.503575 0.583534
0.503885 0.800725
0.504708 0.62012
0.505123 0.609593
0.505376 0.850639
0.506841 0.482571
0.508217 0.601056
0.509928 0.357093
0.512242 0.253225
0.513876 0.711219
0.5148 0.244121
0.514839 0.894054
0.515129 0.777833
0.517392 0.799509
0.520196 0.939547
0.520806 0.188412
0.521869 0.0593942
0.523161 0.763395
0.523774 0.0759439
0.524151 0.401881
0.527383 0.719623
0.527393 0.89916
0.528327 0.591413
0.529355 0.869908
0.529567 0.437128
0.529694 0.568788
0.530258 0.0465919
0.531204 0.948874
0.531759 0.271121
0.532557 0.685596
0.533655 0.139956
0.539064 0.0477896
0.539308 0.142929
0.542746 0.932957
0.543002 0.227576
0.545776 0.865724
0.546254 0.888441
0.54651 0.189415
0.546723 0.765455
0.54827 0.776237
0.549836 0.0989619
0.549975 0.42276
0.550236 0.823277
0.550325 0.311539
0.550472 0.78547
0.550516 0.521744
0.551452 0.261104
0.552145 0.893038
0.552743 0.950032
0.555344 0.674681
0.555362 0.975386
0.556799 0.119688
0.556804 0.205035
0.55745 0.0561627
0.558367 0.472052
0.559744 0.620871
0.560239 0.939002
0.560815 0.619274
0.561936 0.457509
0.564162 0.864181
0.564383 0.586786
0.565256 0.252314
0.565586 0.798197
0.565886 0.851003
0.567185 0.674043
0.567469 0.44495
0.567931 0.216942
0.569249 0.364198
0.570872 0.648267
0.571676 0.162411
0.572951 0.591644
0.573308 0.582174
0.573528 0.281652
0.574489 0.428484
0.574785 0.415862
0.575993 0.71672
0.5767 0.590504
0.577349 0.506012
0.577841 0.767026
0.578978 0.880366
0.580601 0.168857
0.580635 0.727144
0.583267 0.969813
0.583358 0.501989
0.58504 0.774059
0.58573 0.369161
0.587189 0.880262
0.588054 0.42996
0.590185 0.23261
0.590721 0.250285
0.590834 0.148516
0.591263 0.361494
0.591519 0.666295
0.591771 0.899617
0.592778 0.813723
0.594418 0.377507
0.595338 0.851171
0.595908 0.426029
0.595912 0.500912
0.597208 0.275139
0.597569 0.344473
0.59812 0.597151
0.598478 0.622782
0.599187 0.531761
0.599294 0.330582
0.599323 0.827752
0.600056 0.143553
0.601087 0.470916
0.601317 0.338496
0.602319 0.176476
0.602344 0.599616
0.602588 0.702942
0.605114 0.153975
0.606574 0.681699
0.607242 0.92251
0.607615 0.182361
0.608587 0.518725
0.612364 0.997123
0.615034 0.867779
0.615607 0.505405
0.615967 0.550908
0.619883 0.371213
0.620394 0.962696
0.620494 0.636404
0.622281 0.683519
0.623501 0.178768
0.624201 0.952234
0.624308 0.751892
0.624967 0.821407
0.628336 0.441565
0.629787 0.832037
0.630257 0.726144
0.630393 0.0161866
0.633868 0.417634
0.634405 0.446822
0.635427 0.615497
0.636468 0.116229
0.637335 0.697569
0.638289 0.731131
0.638398 0.553924
0.63895 0.839668
0.639765 0.529694
0.639771 0.623666
0.641144 0.702415
0.641383 0.717687
0.642829 0.0325259
0.643137 0.194979
0.643786 0.107161
0.644085 0.135313
0.644452 0.301819
0.648037 0.551526
0.648768 0.848623
0.64928 0.449177
0.649825 0.606021
0.650405 0.360166
0.650862 0.0414575
0.651455 0.995926
0.651905 0.559885
0.652068 0.299013
0.652972 0.494558
0.653371 0.203244
0.660993 0.312573
0.662153 0.80665
0.662272 0.801498
0.662393 0.839312
0.662632 0.854373
0.66281 0.850957
0.663354 0.994073
0.663372 0.290067
0.664087 0.30305
0.664222 0.580187
0.664308 0.03057
0.664331 0.412802
0.664648 0.733199
0.665616 0.00559049
0.669202 0.280945
0.669555 0.20679
0.669986 0.450697
0.670827 0.587358
0.671018 0.80578
0.672083 0.695468
0.673513 0.727947
0.673977 0.528512
0.674014 0.147155
0.674166 0.711724
0.674351 0.823848
0.678543 0.268293
0.67941 0.847896
0.680754 0.433937
0.68086 0.208519
0.682005 0.461998
0.682289 0.225588
0.683478 0.208093
0.68356 0.592617
0.683592 0.122939
0.68444 0.390403
0.68774 0.849409
0.688418 0.235336
0.68998 0.49117
0.690656 0.861522
0.691281 0.364956
0.69228 0.153277
0.693656 0.279369
0.697186 0.612146
0.697218 0.136482
0.697384 0.924923
0.697493 0.760183
0.697621 0.919064
0.697877 0.222119
0.699953 0.106767
0.700969 0.182128
0.701586 0.559495
0.706175 0.688598
0.706264 0.187575
0.707169 0.397138
0.707823 0.386534
0.707962 0.722525
0.709917 0.58131
0.7119 0.905685
0.713388 0.919825
0.713422 0.480452
0.714666 0.391141
0.715196 0.293761
0.715259 0.360166
0.715756 0.707286
0.716827 0.71505
0.717107 0.410042
0.717242 0.678664
0.718612 0.705533
0.719137 0.528199
0.719261 0.623795
0.721572 0.463154
0.722133 0.895549
0.722621 0.09652
0.722842 0.800654
0.723289 0.317264
0.725833 0.069299
0.726178 0.867363
0.727573 0.316777
0.72891 0.787121
0.729114 0.221363
0.730958 0.211148
0.731056 0.864789
0.73133 0.466428
0.732088 0.203156
0.73332 0.907925
0.73445 0.90819
0.738773 0.554826
0.742573 0.42862
0.744039 0.0703193
0.744841 0.546192
0.745465 0.0341924
0.74594 0.0199926
0.746847 0.251391
0.748292 0.540348
0.748426 0.804195
0.74905 0.278711
0.750241 0.298125
0.750702 0.0443209
0.751034 0.632247
0.752873 0.531864
0.753629 0.243069
0.754969 0.760802
0.755004 0.354533
0.756391 0.655646
0.758093 0.276819
0.758267 0.199867
0.759146 0.97206
0.760032 0.856101
0.762923 0.4498
0.763081 0.107088
0.764046 0.313221
0.764291 0.436559
0.764762 0.356125
0.765144 0.76866
0.766766 0.0342909
0.767408 0.822377
0.768317 0.102604
0.769316 0.900333
0.772523 0.78969
0.772936 0.737745
0.773084 0.224246
0.773993 0.495417
0.774195 0.901078
0.776009 0.377194
0.776936 0.9611
0.777943 0.892495
0.778445 0.322246
0.78056 0.87183
0.78215 0.600587
0.782388 0.58741
0.783859 0.310144
0.784586 0.545161
0.78463 0.278797
0.784811 0.318833
0.785903 0.664704
0.789651 0.6621
0.790107 0.323318
0.790686 0.060174
0.79138 0.728484
0.79323 0.815261
0.793441 0.360309
0.793747 0.497953
0.795479 0.620319
0.795766 0.433489
0.796304 0.481257
0.797016 0.440912
0.797225 0.954255
0.799547 0.991426
0.800176 0.564092
0.804992 0.508785
0.805154 0.219472
0.805423 0.742879
0.807627 0.794038
0.809148 0.355406
0.81094 0.462102
0.811041 0.169722
0.812103 0.00890546
0.813369 0.299659
0.813672 0.387362
0.814413 0.838865
0.815421 0.783831
0.815916 0.0935883
0.816209 0.0195521
0.819377 0.274199
0.820823 0.568869
0.820974 0.108534
0.823151 0.691183
0.826677 0.962618
0.826689 0.157111
0.831776 0.661455
0.832715 0.439619
0.833472 0.161609
0.834712 0.00780882
0.835309 0.0315173
0.835765 0.708309
0.835799 0.268779
0.836482 0.747441
0.836978 0.0959462
0.837652 0.418495
0.838553 0.555484
0.83868 0.689351
0.838732 0.567979
0.838956 0.340117
0.840622 0.331338
0.841124 0.767898
0.84127 0.219195
0.84133 0.239237
0.842756 0.202171
0.842965 0.705011
0.843995 0.0309723
0.844608 0.329332
0.84586 0.365814
0.846131 0.9235
0.846279 0.40507
0.84645 0.289666
0.847572 0.135179
0.848899 0.443345
0.849677 0.513969
0.84985 0.435991
0.850724 0.113947
0.85119 0.944386
0.853315 0.66003
0.854195 0.447587
0.855991 0.645539
0.859213 0.786287
0.859467 0.0631554
0.860019 0.341019
0.86043 0.247203
0.863652 0.390941
0.864207 0.727682
0.866136 0.151422
0.866431 0.100912
0.866435 0.165698
0.867105 0.432125
0.870245 0.206569
0.873635 0.191827
0.876143 0.326566
0.876256 0.232529
0.87632 0.315973
0.877958 0.847778
0.877966 0.966112
0.878133 0.782126
0.878376 0.869315
0.878673 0.852098
0.879069 0.506664
0.881216 0.60155
0.881471 0.881823
0.882184 0.868557
0.883557 0.943128
0.884109 0.221554
0.88506 0.200817
0.886479 0.0562712
0.888161 0.326401
0.889493 0.707797
0.892831 0.805475
0.893406 0.467104
0.894313 0.72177
0.894376 0.775239
0.895501 0.682581
0.895514 0.907902
0.895863 0.761071
0.896905 0.289039
0.89804 0.364953
0.898149 0.193326
0.898754 0.36579
0.899299 0.523002
0.899985 0.0402483
0.900772 0.270436
0.901286 0.913205
0.901411 0.0130669
0.901727 0.322664
0.902033 0.464933
0.902172 0.806316
0.903037 0.336456
0.904038 0.169951
0.904867 0.0947759
0.907625 0.451277
0.908608 0.983308
0.911587 0.045344
0.912863 0.495348
0.914642 0.394536
0.915525 0.229443
0.919575 0.292441
0.919599 0.693214
0.920862 0.925402
0.921628 0.808451
0.923177 0.828327
0.923273 0.4492
0.923297 0.846951
0.923741 0.322167
0.924507 0.192866
0.925992 0.140553
0.930032 0.0505226
0.934304 0.849986
0.935672 0.846591
0.939209 0.28569
0.93928 0.473701
0.940315 0.868402
0.940787 0.799981
0.941141 0.752255
0.943485 0.157164
0.943598 0.050018
0.944068 0.951575
0.945898 0.715514
0.948828 0.947893
0.949179 0.850275
0.950507 0.163339
0.951012 0.662667
0.953781 0.203518
0.956152 0.0396512
0.959335 0.547873
0.959609 0.150106
0.959768 0.815181
0.959773 0.91024
0.960663 0.86154
0.961318 0.876372
0.961437 0.863926
0.961958 0.635227
0.964142 0.331648
0.964378 0.297739
0.968182 0.234018
0.969275 0.606115
0.969418 0.00553114
0.969955 0.0383039
0.971305 0.728404
0.971708 0.50406
0.972482 0.504763
0.973535 0.200332
0.973626 0.7307
0.975332 0.399943
0.97573 0.102595
0.978675 0.590575
0.98089 0.811855
0.981321 0.0690832
0.984464 0.878425
0.986015 0.957508
0.98751 0.0799498
0.987569 0.0764735
0.988849 0.580221
0.989797 0.515468
0.990251 0.14837
0.992452 0.148383
0.992915 0.91924
0.992923 0.0596219
0.994154 0.754131
0.997597 0.605612
0.9986 0.464088
0.998825 0.253076
