0.000286955 0.822867
0.000588572 0.892139
0.00112907 0.976261
0.00128209 0.548061
0.00188817 0.734409
0.00230893 0.80616
0.00532048 0.421379
0.00652982 0.746687
0.00758563 0.491618
0.00811368 0.366619
0.00849404 0.759362
0.008685 0.968729
0.00883022 0.409523
0.00885605 0.843558
0.00894651 0.364002
0.0107271 0.290794
0.011201 0.256003
0.011976 0.280779
0.0131522 0.0492491
0.014078 0.609738
0.0142694 0.825116
0.0169304 0.54848
0.0172221 0.451638
0.0174068 0.555975
0.0175111 0.309779
0.0178164 0.439909
0.0182413 0.580727
0.0183599 0.57563
0.0187858 0.733697
0.0188566 0.92322
0.0189489 0.474343
0.019778 0.408528
0.0213454 0.752314
0.0216618 0.0700975
0.0216643 0.11207
0.021864 0.468456
0.0224783 0.792094
0.0228304 0.709917
0.0233199 0.936973
0.0235367 0.580649
0.0243565 0.359919
0.024999 0.157867
0.025067 0.301573
0.0257153 0.1971
0.0257351 0.529783
0.0270805 0.142449
0.0296781 0.800058
0.0296787 0.80963
0.0316637 0.171438
0.0337183 0.703446
0.0338601 0.0862621
0.033892 0.622987
0.0349625 0.615442
0.035505 0.732966
0.0366867 0.592597
0.0368702 0.676657
0.0369998 0.85504
0.0386949 0.344433
0.0393084 0.65677
0.0406554 0.294896
0.0408576 0.692988
0.0418172 0.820975
0.0418371 0.156241
0.0432639 0.137199
0.0445798 0.252241
0.0446304 0.103945
0.0449227 0.0150235
0.0453594 0.356095
0.0456645 0.48279
0.0461883 0.286798
0.0466842 0.620957
0.0469091 0.400671
0.0479136 0.283903
0.0507672 0.244911
0.051759 0.9128
0.051845 0.359176
0.0534258 0.926663
0.0544919 0.845417
0.0553623 0.474795
0.0570441 0.739422
0.0588857 0.692157
0.0599178 0.0377942
0.0601211 0.456117
0.0603203 0.802978
0.0604976 0.782665
0.06066 0.512518
0.0607173 0.476093
0.0609143 0.786639
0.0613894 0.771258
0.062621 0.470674
0.0633755 0.152804
0.0634374 0.192858
0.063769 0.765249
0.0643777 0.995448
0.0648903 0.61117
0.0651065 0.244468
0.0667087 0.172688
0.0668949 0.303415
0.0676253 0.578489
0.0683018 0.949037
0.068322 0.287175
0.0691795 0.700686
0.0695687 0.240964
0.0697216 0.810439
0.0701656 0.272843
0.0702809 0.210551
0.0714886 0.509703
0.0719274 0.884123
0.0719948 0.0168566
0.074612 0.00345457
0.0762849 0.120531
0.0764818 0.429943
0.0779313 0.790934
0.0779415 0.962183
0.0781874 0.0950691
0.0787441 0.452589
0.0798214 0.558652
0.0799811 0.242541
0.08023 0.424765
0.0812639 0.801926
0.0813829 0.802612
0.0814702 0.270245
0.0817931 0.696744
0.0822112 0.723947
0.0822192 0.858732
0.082382 0.595074
0.0824171 0.183609
0.0826742 0.506019
0.0829406 0.983352
0.0847694 0.719632
0.0849381 0.55533
0.0858244 0.450843
0.0860174 0.694529
0.0863421 0.151543
0.0867629 0.224531
0.0874683 0.0795703
0.0878078 0.785487
0.0883358 0.659752
0.0898406 0.951235
0.0903744 0.923362
0.0911158 0.382769
0.0921624 0.973004
0.0924481 0.775241
0.092676 0.606162
0.0936844 0.554454
0.0940636 0.927263
0.0953039 0.773064
0.0959213 0.14921
0.0966541 0.465794
0.0972123 0.847419
0.0981566 0.718647
0.0992565 0.204046
0.100298 0.713927
0.101809 0.104743
0.10296 0.455347
0.102989 0.9412
0.104328 0.446981
0.105824 0.580912
0.106761 0.333985
0.107628 0.90256
0.107778 0.432754
0.10798 0.827113
0.108005 0.233568
0.109163 0.695721
0.109518 0.660902
0.109629 0.538808
0.109739 0.376455
0.110101 0.462576
0.111592 0.52488
0.112133 0.62532
0.112872 0.0360788
0.113143 0.590407
0.113719 0.269396
0.11389 0.147433
0.114716 0.0253157
0.115184 0.904012
0.115537 0.829325
0.117073 0.651069
0.117116 0.366947
0.118895 0.265321
0.119989 0.649486
0.121072 0.852713
0.12176 0.415751
0.122462 0.211772
0.122598 0.504765
0.122954 0.48703
0.123294 0.20179
0.123711 0.216354
0.123741 0.71134
0.123743 0.741323
0.124936 0.795095
0.126621 0.111001
0.1272 0.851097
0.127272 0.0569139
0.128581 0.0639442
0.129021 0.45728
0.130271 0.470957
0.131126 0.836054
0.131364 0.83111
0.131565 0.212744
0.134597 0.17662
0.134896 0.197346
0.135417 0.95679
0.136388 0.274911
0.136744 0.252543
0.138186 0.48861
0.138661 0.468243
0.13896 0.50826
0.141544 0.927673
0.143232 0.295311
0.143615 0.732461
0.144865 0.739328
0.145117 0.985133
0.14601 0.995961
0.147319 0.995149
0.147672 0.915672
0.148318 0.783079
0.148701 0.223015
0.149264 0.677958
0.149906 0.463775
0.150008 0.177241
0.150118 0.0397366
0.150783 0.2082
0.152509 0.220856
0.153296 0.447209
0.153347 0.299602
0.154262 0.687794
0.154296 0.244765
0.154927 0.861368
0.157508 0.24345
0.157824 0.552577
0.157915 0.0769502
0.158052 0.381675
0.160236 0.0940071
0.160634 0.781827
0.161092 0.47154
0.16128 0.627054
0.161287 0.744348
0.162821 0.530278
0.16293 0.356436
0.163664 0.693964
0.164061 0.366413
0.164262 0.74987
0.164633 0.988606
0.165413 0.0940331
0.166617 0.327013
0.166949 0.910963
0.166983 0.47746
0.168273 0.170582
0.168468 0.442662
0.169532 0.331997
0.171075 0.260523
0.171625 0.500546
0.17175 0.609471
0.17203 0.307507
0.17224 0.836824
0.172315 0.100141
0.172417 0.814351
0.172506 0.311152
0.173962 0.778284
0.174237 0.39509
0.174261 0.805004
0.174538 0.458422
0.175178 0.220447
0.175693 0.875872
0.17664 0.796765
0.176765 0.896509
0.177577 0.541651
0.177677 0.22317
0.177729 0.0915057
0.179791 0.755654
0.180523 0.0573129
0.181061 0.0927544
0.182281 0.604228
0.183414 0.643335
0.184474 0.460894
0.184505 0.973427
0.185903 0.475373
0.187324 0.346988
0.187368 0.092724
0.188269 0.241123
0.189371 0.752584
0.189766 0.398487
0.189862 0.00768982
0.190147 0.805865
0.19069 0.925103
0.191107 0.935628
0.191794 0.476862
0.192666 0.1322
0.192705 0.787385
0.192941 0.762664
0.193354 0.696302
0.19351 0.326111
0.195143 0.773
0.196173 0.0744966
0.196381 0.570966
0.196474 0.145843
0.196949 0.115662
0.197463 0.766077
0.197545 0.138674
0.198211 0.33694
0.198411 0.691393
0.199676 0.947984
0.201199 0.558548
0.202133 0.248619
0.203168 0.637301
0.203401 0.567907
0.204953 0.638936
0.205454 0.0643276
0.206336 0.889255
0.206451 0.815661
0.206809 0.844447
0.207511 0.641258
0.20807 0.0319075
0.208391 0.432157
0.208467 0.698753
0.208699 0.611875
0.209924 0.195602
0.210946 0.367361
0.211457 0.962334
0.211631 0.876522
0.21226 0.461342
0.21259 0.994068
0.212719 0.166402
0.213489 0.107093
0.214926 0.265764
0.214963 0.880588
0.215843 0.67756
0.217216 0.744359
0.217882 0.948777
0.218008 0.0588131
0.218761 0.714279
0.21904 0.405217
0.219981 0.223624
0.220454 0.167436
0.220613 0.848914
0.221626 0.869522
0.222806 0.69424
0.223603 0.0905345
0.223839 0.0634265
0.223844 0.142207
0.224702 0.574806
0.225281 0.290117
0.225333 0.17225
0.2271 0.873917
0.228463 0.772081
0.228463 0.77392
0.228492 0.272569
0.22892 0.451166
0.22932 0.188159
0.229614 0.127381
0.229621 0.234641
0.229767 0.699705
0.231634 0.0664858
0.231822 0.228339
0.232075 0.491652
0.234543 0.966713
0.235443 0.0842062
0.235974 0.0143205
0.23612 0.475487
0.236246 0.594445
0.23836 0.112097
0.239063 0.926111
0.239269 0.398507
0.239545 0.0380961
0.239908 0.136004
0.240487 0.863484
0.240626 0.202238
0.240759 0.441926
0.242851 0.590823
0.24287 0.911243
0.243427 0.274171
0.243868 0.68539
0.244015 0.163008
0.246112 0.397416
0.247215 0.937302
0.247437 0.67898
0.247467 0.178732
0.248299 0.160768
0.2505 0.154176
0.251677 0.934511
0.251971 0.869647
0.252919 0.811562
0.254382 0.403509
0.255762 0.58444
0.25669 0.19015
0.256734 0.931808
0.25711 0.247704
0.257171 0.266493
0.257448 0.932614
0.257641 0.166368
0.257703 0.212167
0.257776 0.445211
0.258693 0.859574
0.258789 0.461921
0.259975 0.392522
0.260535 0.810509
0.260777 0.878734
0.2617 0.383953
0.262118 0.425126
0.262681 0.878832
0.262838 0.518463
0.263361 0.306192
0.263486 0.409983
0.264434 0.339939
0.265476 0.854673
0.265763 0.672719
0.266332 0.246075
0.266379 0.0284454
0.267034 0.038519
0.267936 0.19775
0.268903 0.448431
0.26983 0.0358351
0.270055 0.814297
0.270373 0.155105
0.272792 0.819887
0.273059 0.309045
0.273361 0.379358
0.273955 0.358903
0.273962 0.471806
0.274243 0.209812
0.276573 0.36228
0.276696 0.426235
0.277173 0.450329
0.277186 0.663684
0.277259 0.899906
0.277275 0.167591
0.277652 0.495649
0.278066 0.453096
0.279815 0.848657
0.279902 0.316344
0.279916 0.542502
0.280044 0.700679
0.280245 0.0722314
0.280268 0.458971
0.28051 0.523722
0.280645 0.796022
0.280693 0.60368
0.28097 0.261708
0.281502 0.201159
0.281503 0.224395
0.281621 0.199419
0.281671 0.0521486
0.281804 0.276058
0.282638 0.301507
0.283535 0.364834
0.284008 0.326294
0.286212 0.358325
0.286557 0.167323
0.287109 0.438894
0.287493 0.901119
0.28765 0.533933
0.289258 0.563129
0.289668 0.453762
0.290198 0.349706
0.290814 0.711083
0.29159 0.759331
0.291926 0.39384
0.292582 0.433826
0.292847 0.876715
0.293615 0.792995
0.294933 0.941995
0.29584 0.17524
0.295949 0.0126372
0.297011 0.862277
0.298414 0.446954
0.299449 0.831762
0.299749 0.876695
0.300447 0.612641
0.301303 0.99692
0.301384 0.365032
0.30145 0.463878
0.301823 0.740728
0.301981 0.388913
0.303686 0.0511904
0.304118 0.31626
0.30482 0.102162
0.30522 0.837629
0.305252 0.36234
0.305744 0.634147
0.305756 0.833148
0.306306 0.0802542
0.306824 0.790862
0.308014 0.788551
0.309449 0.905069
0.309999 0.154163
0.310167 0.982973
0.31112 0.985973
0.311816 0.692037
0.312 0.786224
0.312571 0.382824
0.312931 0.426174
0.314578 0.105459
0.316613 0.321743
0.316971 0.325672
0.318042 0.33702
0.318234 0.559582
0.318726 0.834418
0.319436 0.753431
0.321753 0.701944
0.322453 0.459718
0.322586 0.70004
0.322827 0.748276
0.323475 0.649219
0.324565 0.971876
0.324992 0.134444
0.326239 0.10398
0.326626 0.603521
0.328972 0.0330041
0.32916 0.187759
0.330719 0.400617
0.330868 0.903788
0.331223 0.865681
0.332075 0.190159
0.33225 0.129885
0.333782 0.877552
0.334236 0.50456
0.334893 0.540687
0.335374 0.633803
0.335389 0.879746
0.335411 0.251342
0.335932 0.00630256
0.336869 0.753881
0.337491 0.203508
0.338556 0.113685
0.339533 0.532359
0.339715 0.589284
0.339785 0.773108
0.340562 0.832415
0.341222 0.916706
0.342448 0.519717
0.343337 0.468536
0.345408 0.280673
0.34608 0.573396
0.346746 0.753012
0.346765 0.0821658
0.347328 0.546735
0.351117 0.221966
0.351709 0.168209
0.352658 0.128109
0.354301 0.731846
0.354357 0.682241
0.354504 0.146476
0.354779 0.777651
0.356052 0.158189
0.356362 0.378886
0.356451 0.873339
0.356908 0.55629
0.359997 0.47424
0.360689 0.092438
0.361981 0.812108
0.362618 0.524818
0.363636 0.63413
0.365308 0.727352
0.36542 0.619275
0.3656 0.638125
0.365637 0.256205
0.366477 0.387411
0.367296 0.15095
0.368242 0.04694
0.368414 0.929979
0.368985 0.52942
0.369176 0.740438
0.369251 0.00928837
0.369287 0.613468
0.369788 0.0277389
0.370486 0.7511
0.371644 0.226589
0.372022 0.578252
0.372323 0.636043
0.372736 0.566254
0.373145 0.452081
0.373497 0.356701
0.373613 0.312268
0.373844 0.191142
0.374021 0.171486
0.375309 0.816015
0.375866 0.180085
0.376164 0.180188
0.376274 0.0401093
0.377429 0.445686
0.37743 0.472726
0.377977 0.654568
0.380201 0.0465024
0.381891 0.43589
0.381963 0.648601
0.382762 0.0758962
0.383276 0.716654
0.384191 0.10076
0.384269 0.402661
0.384597 0.929283
0.385336 0.347774
0.385966 0.937431
0.386018 0.796735
0.386178 0.494876
0.387031 0.835813
0.38744 0.710762
0.388281 0.842008
0.389287 0.748327
0.389321 0.324348
0.389914 0.291401
0.390555 0.0529641
0.392553 0.634498
0.392901 0.489937
0.393027 0.611243
0.393098 0.80021
0.394774 0.970553
0.394969 0.242108
0.395288 0.603742
0.395406 0.593049
0.398225 0.972699
0.399327 0.497073
0.401274 0.219835
0.401836 0.658389
0.40266 0.512245
0.403045 0.974861
0.403535 0.218329
0.404043 0.748923
0.404486 0.203978
0.405339 0.531344
0.405715 0.858659
0.405719 0.920824
0.406513 0.271819
0.406956 0.704608
0.407997 0.19893
0.408619 0.653379
0.40872 0.360834
0.410697 0.580453
0.410912 0.203107
0.411312 0.926945
0.41145 0.237399
0.41165 0.598848
0.411906 0.898984
0.412181 0.531592
0.412292 0.399542
0.412388 0.00285246
0.412484 0.624281
0.41306 0.296069
0.414026 0.532099
0.414307 0.263968
0.414558 0.480542
0.414847 0.340162
0.415501 0.331116
0.415896 0.959972
0.415977 0.322637
0.418988 0.927847
0.419101 0.833615
0.419709 0.0555572
0.420076 0.213783
0.421497 0.106412
0.421606 0.928125
0.422805 0.086567
0.422877 0.289253
0.422888 0.480858
0.423537 0.379148
0.424831 0.130498
0.424839 0.273338
0.424955 0.218832
0.426036 0.390824
0.426432 0.0361003
0.42813 0.577969
0.428918 0.822526
0.429038 0.841126
0.429194 0.456644
0.429321 0.599363
0.429333 0.803561
0.431862 0.304041
0.43239 0.178815
0.432838 0.702312
0.432847 0.859974
0.432913 0.975842
0.43409 0.755566
0.43426 0.61356
0.434635 0.916237
0.43486 0.684814
0.435863 0.547
0.436773 0.851278
0.437148 0.145807
0.438109 0.293822
0.438906 0.692989
0.439528 0.15315
0.439532 0.20961
0.439707 0.15724
0.439857 0.678012
0.440076 0.365202
0.440891 0.0592819
0.441941 0.699699
0.442894 0.721701
0.4433 0.540034
0.44356 0.918645
0.443894 0.53167
0.44416 0.99429
0.444545 0.47151
0.445186 0.248217
0.446654 0.910437
0.447284 0.500164
0.44735 0.603432
0.448419 0.58457
0.44858 0.291375
0.44952 0.0766059
0.449725 0.526172
0.449772 0.322544
0.450204 0.5823
0.450757 0.879972
0.451024 0.359856
0.451215 0.571368
0.451355 0.91506
0.451729 0.21355
0.453901 0.719234
0.454019 0.703399
0.454291 0.266391
0.454387 0.880596
0.455354 0.130815
0.45846 0.338388
0.460023 0.611102
0.460053 0.117907
0.460746 0.75193
0.461068 0.170023
0.461071 0.217655
0.461084 0.441512
0.461765 0.887249
0.461875 0.729576
0.461894 0.0553409
0.462417 0.845488
0.462663 0.973616
0.463061 0.665428
0.463559 0.0426643
0.463725 0.825659
0.464488 0.651027
0.465408 0.117303
0.466691 0.68122
0.46713 0.0565943
0.467296 0.84142
0.467992 0.541474
0.468533 0.638611
0.468764 0.521163
0.470204 0.724437
0.470279 0.980812
0.470391 0.857082
0.472003 0.94694
0.472214 0.50156
0.472901 0.0495398
0.473103 0.437802
0.473265 0.172883
0.473451 0.285665
0.473859 0.140985
0.474403 0.291561
0.47491 0.812779
0.475049 0.153959
0.475387 0.823748
0.475579 0.0496604
0.475858 0.750647
0.476793 0.456276
0.477348 0.794974
0.478372 0.993976
0.478415 0.722752
0.481441 0.584635
0.481697 0.886407
0.482073 0.197928
0.482905 0.191194
0.483544 0.915699
0.485149 0.894
0.485692 0.021981
0.486074 0.447649
0.487769 0.9355
0.492559 0.445236
0.493949 0.796766
0.49471 0.598648
0.495436 0.786152
0.496118 0.254991
0.496272 0.840159
0.497579 0.818443
0.497986 0.658799
0.498 0.881655
0.498785 0.0729062
0.499095 0.290371
0.499651 0.6372
0.500187 0.642878
0.500802 0.970594
0.501315 0.600239
0.501362 0.391195
0.501871 0.95113
0.502882 0.941066
0.504246 0.86753
0.504397 0.401959
0.504503 0.186747
0.505025 0.949964
0.506727 0.552479
0.506863 0.847906
0.507116 0.106304
0.507647 0.0170248
0.507895 0.187462
0.508891 0.936284
0.509209 0.268131
0.509795 0.127642
0.510728 0.803484
0.511939 0.159988
0.512692 0.80888
0.513835 0.032055
0.514919 0.24368
0.514965 0.0181224
0.515574 0.245528
0.515631 0.218471
0.517169 0.0654544
0.517755 0.916098
0.518679 0.44684
0.518755 0.721724
0.518929 0.642157
0.520171 0.512415
0.520936 0.379522
0.522137 0.549453
0.522606 0.437071
0.524775 0.890413
0.524826 0.74816
0.525165 0.450358
0.525901 0.823269
0.525913 0.023217
0.525929 0.285807
0.526799 0.914051
0.527296 0.27104
0.53035 0.590406
0.530586 0.550627
0.530667 0.915374
0.530954 0.748564
0.531819 0.274837
0.531843 0.688155
0.533005 0.221239
0.533672 0.43123
0.534116 0.891294
0.535181 0.780973
0.535325 0.20854
0.536065 0.644672
0.536706 0.417842
0.537647 0.236014
0.537815 0.053241
0.537918 0.792393
0.538719 0.251714
0.539249 0.154702
0.539814 0.660868
0.540009 0.938998
0.540368 0.957601
0.540433 0.0564778
0.540558 0.15263
0.541232 0.486246
0.541613 0.88892
0.541878 0.341702
0.542449 0.943209
0.542878 0.152453
0.544061 0.0337946
0.544195 0.29135
0.545382 0.233221
0.545727 0.0259469
0.546885 0.494761
0.547427 0.607104
0.547944 0.290836
0.549076 0.31613
0.549272 0.615711
0.549801 0.508877
0.551195 0.930265
0.551584 0.478839
0.551791 0.951736
0.553862 0.753604
0.55496 0.205811
0.555793 0.21826
0.557094 0.0857151
0.55831 0.519919
0.559046 0.888369
0.559366 0.264004
0.559406 0.932439
0.559866 0.665956
0.559876 0.837902
0.560972 0.254162
0.561577 0.422573
0.562068 0.684675
0.562188 0.699574
0.562689 0.120082
0.563499 0.723149
0.563798 0.758471
0.563818 0.0852685
0.564547 0.345769
0.564567 0.681645
0.565496 0.29112
0.565739 0.375287
0.566489 0.981024
0.56704 0.240316
0.567347 0.404366
0.568811 0.999615
0.569815 0.878198
0.570613 0.29445
0.570839 0.0926964
0.572586 0.445847
0.574047 0.00803771
0.574115 0.150648
0.574203 0.63463
0.575163 0.762492
0.575266 0.498318
0.575938 0.796323
0.576129 0.998545
0.577704 0.479261
0.578346 0.257181
0.57871 0.37795
0.579329 0.782043
0.579544 0.394328
0.579603 0.383956
0.579799 0.677238
0.580586 0.901477
0.580856 0.439637
0.58101 0.0404644
0.581082 0.252738
0.58143 0.10172
0.581895 0.911529
0.582471 0.59749
0.582721 0.791618
0.582867 0.248127
0.583233 0.38955
0.583717 0.533732
0.583915 0.863805
0.584589 0.195645
0.584762 0.0973493
0.584868 0.869028
0.5849 0.422524
0.584955 0.338413
0.585124 0.187619
0.586102 0.624301
0.586664 0.0650233
0.587007 0.831586
0.587301 0.763936
0.587783 0.863759
0.590314 0.408849
0.590566 0.65078
0.592859 0.183682
0.593357 0.551965
0.595353 0.0898435
0.596538 0.0197242
0.596583 0.777512
0.596811 0.60521
0.598663 0.733818
0.598726 0.786723
0.598786 0.788107
0.59927 0.933941
0.60169 0.601227
0.602076 0.0830654
0.602309 0.000977145
0.60308 0.97363
0.604011 0.607046
0.605384 0.680833
0.606348 0.883296
0.606615 0.377049
0.607206 0.309924
0.607344 0.635718
0.607919 0.30245
0.608043 0.383435
0.608692 0.283078
0.610342 0.018056
0.610901 0.420711
0.611103 0.801554
0.612461 0.638062
0.612771 0.838105
0.613089 0.189901
0.613417 0.702921
0.613865 0.235144
0.614195 0.769929
0.614244 0.597435
0.614315 0.797647
0.615014 0.538352
0.615757 0.0318433
0.615877 0.0517275
0.615897 0.376921
0.617624 0.399775
0.619518 0.241749
0.620942 0.179342
0.621154 0.7434
0.621399 0.859843
0.621959 0.271208
0.622004 0.0213503
0.622678 0.345011
0.624437 0.907125
0.625148 0.868557
0.625333 0.976103
0.625358 0.399087
0.625881 0.190627
0.626129 0.344754
0.626431 0.428615
0.627132 0.200328
0.627473 0.944977
0.627503 0.449018
0.627852 0.317363
0.62843 0.023673
0.629839 0.708027
0.631436 0.543904
0.633182 0.881417
0.635332 0.0221893
0.635635 0.109995
0.635926 0.0129645
0.636579 0.981629
0.63749 0.290031
0.63893 0.496114
0.639571 0.261794
0.640417 0.482909
0.64127 0.830593
0.641759 0.0427083
0.641915 0.660175
0.642445 0.578127
0.642528 0.962205
0.644729 0.965279
0.648624 0.417001
0.649783 0.900208
0.650117 0.517881
0.650583 0.352852
0.651214 0.951689
0.651638 0.0811749
0.652527 0.021839
0.654003 0.820433
0.654362 0.856615
0.654426 0.940246
0.656052 0.269747
0.65616 0.0797205
0.65652 0.132306
0.656683 0.877702
0.656997 0.145631
0.657342 0.954535
0.657388 0.71334
0.657408 0.0481525
0.657729 0.449889
0.659136 0.0923332
0.66012 0.645222
0.661423 0.539403
0.661473 0.375651
0.661865 0.970244
0.662087 0.693326
0.662409 0.100118
0.662522 0.00936886
0.662903 0.410799
0.663389 0.580073
0.663605 0.206483
0.663783 0.198755
0.664477 0.867425
0.664789 0.103282
0.664791 0.148464
0.665581 0.428153
0.666921 0.935993
0.667324 0.715937
0.667413 0.212425
0.668141 0.44504
0.668703 0.88545
0.668771 0.0329519
0.669114 0.799953
0.670244 0.788368
0.671157 0.132889
0.671533 0.456595
0.672456 0.961439
0.672993 0.9967
0.673816 0.818632
0.675057 0.685673
0.67657 0.111778
0.676614 0.855722
0.677052 0.219725
0.677556 0.682949
0.677619 0.747648
0.677797 0.742103
0.679203 0.368691
0.679291 0.844674
0.679989 0.570649
0.681288 0.407104
0.681968 0.843675
0.683154 0.773893
0.683861 0.655636
0.684022 0.355663
0.684147 0.460385
0.68474 0.418258
0.685178 0.779217
0.68525 0.988688
0.685982 0.297485
0.686005 0.679326
0.687462 0.171534
0.688036 0.81787
0.688071 0.408417
0.688881 0.0172363
0.689376 0.345628
0.689893 0.0346667
0.690515 0.493208
0.690585 0.662178
0.691733 0.956558
0.692841 0.586267
0.694288 0.900699
0.695203 0.2791
0.696276 0.31334
0.698645 0.123114
0.698746 0.817664
0.698913 0.627996
0.700229 0.754104
0.7013 0.746387
0.701319 0.0627993
0.704433 0.400305
0.704622 0.579557
0.704813 0.783774
0.704996 0.863114
0.705228 0.774357
0.705962 0.107455
0.706161 0.455967
0.706251 0.954482
0.706332 0.326789
0.706815 0.434603
0.707017 0.842759
0.707479 0.599122
0.710366 0.129162
0.710371 0.208873
0.711995 0.507429
0.712295 0.540881
0.712812 0.227446
0.713902 0.559096
0.715621 0.446045
0.715641 0.775512
0.715949 0.947889
0.716267 0.297329
0.716486 0.98434
0.716933 0.48694
0.717687 0.162661
0.717899 0.725647
0.718178 0.411763
0.719242 0.303368
0.720511 0.630287
0.720739 0.452905
0.721357 0.843779
0.722234 0.586781
0.722695 0.343167
0.723275 0.0769865
0.72415 0.79701
0.724528 0.137723
0.725691 0.682476
0.725696 0.771782
0.726055 0.801843
0.72626 0.245876
0.726385 0.354425
0.727146 0.142165
0.727182 0.744271
0.727288 0.523932
0.727877 0.430825
0.727963 0.880949
0.728975 0.883744
0.7295 0.713775
0.73048 0.175517
0.731236 0.884015
0.731453 0.537896
0.73146 0.648796
0.731533 0.870101
0.73172 0.0105957
0.731982 0.417765
0.732581 0.495405
0.733152 0.0808448
0.73354 0.613484
0.734517 0.0281195
0.734716 0.363648
0.735633 0.780358
0.736289 0.808636
0.736588 0.831913
0.7366 0.028308
0.737258 0.0890496
0.738042 0.277139
0.738141 0.934764
0.738791 0.866112
0.73924 0.398398
0.74006 0.186966
0.740082 0.553506
0.740489 0.397744
0.742466 0.630034
0.743013 0.811727
0.743105 0.369073
0.744071 0.59694
0.744795 0.775029
0.745077 0.51359
0.746518 0.735702
0.747031 0.345788
0.748281 0.356639
0.749082 0.81927
0.749856 0.828746
0.750101 0.954401
0.750217 0.892281
0.750273 0.833175
0.752168 0.680103
0.752419 0.910326
0.752688 0.432504
0.752969 0.144198
0.753491 0.91892
0.753723 0.820842
0.754684 0.975689
0.754731 0.769479
0.754959 0.601136
0.756144 0.511615
0.757395 0.537015
0.758437 0.0445248
0.75916 0.203392
0.759347 0.352058
0.759676 0.869758
0.759813 0.179077
0.759828 0.426022
0.75996 0.642794
0.760193 0.556245
0.761791 0.423466
0.761871 0.762605
0.762002 0.961619
0.762918 0.3559
0.766873 0.83794
0.766896 0.225526
0.766929 0.778631
0.767785 0.157698
0.767921 0.44533
0.769145 0.0147191
0.77068 0.816459
0.7709 0.512
0.771428 0.391751
0.771474 0.155581
0.771899 0.30623
0.772101 0.698022
0.772941 0.824376
0.77319 0.00949522
0.773235 0.758972
0.773299 0.834354
0.774533 0.575493
0.774734 0.960288
0.775768 0.330484
0.775965 0.646258
0.776144 0.653462
0.776279 0.913475
0.776899 0.337088
0.777908 0.30097
0.77865 0.762358
0.779827 0.557273
0.780355 0.42372
0.780818 0.206089
0.781634 0.918592
0.782007 0.193501
0.782139 0.410547
0.783039 0.542277
0.783586 0.736335
0.78456 0.104975
0.785693 0.14776
0.785824 0.339519
0.786275 0.924766
0.786914 0.659054
0.787843 0.270438
0.787901 0.246746
0.789613 0.0201659
0.790377 0.867362
0.791306 0.474684
0.79469 0.34693
0.795689 0.142185
0.795843 0.729027
0.795991 0.21894
0.796333 0.976291
0.798045 0.735967
0.798458 0.688655
0.798924 0.510791
0.80233 0.762153
0.80302 0.358375
0.803423 0.135432
0.803492 0.283349
0.803547 0.208965
0.804378 0.180295
0.807842 0.39585
0.808552 0.339602
0.808564 0.532342
0.809321 0.263865
0.80979 0.145222
0.809917 0.270324
0.810074 0.920732
0.811553 0.772584
0.812038 0.927145
0.81231 0.488259
0.812312 0.531523
0.812369 0.478114
0.812864 0.799455
0.814222 0.628958
0.815321 0.103251
0.815435 0.0185362
0.815913 0.0543704
0.816169 0.359374
0.816664 0.672098
0.816787 0.734863
0.816877 0.244647
0.818326 0.606875
0.818701 0.915249
0.819063 0.985663
0.819066 0.0484306
0.820071 0.936585
0.820589 0.631908
0.820823 0.571037
0.82126 0.919935
0.821408 0.406866
0.821451 0.131024
0.822917 0.762667
0.822997 0.10838
0.823693 0.804466
0.824049 0.78454
0.824437 0.320724
0.825477 0.794917
0.825905 0.988564
0.826152 0.136672
0.827185 0.503746
0.827535 0.377718
0.828387 0.697829
0.829498 0.365394
0.830354 0.753353
0.830984 0.349904
0.831069 0.769905
0.831955 0.669387
0.832489 0.64934
0.832843 0.586142
0.833191 0.432392
0.8336 0.30796
0.834245 0.149727
0.834902 0.197461
0.835013 0.068527
0.835117 0.81747
0.836344 0.432471
0.837035 0.0400333
0.83735 0.337773
0.837663 0.599394
0.837841 0.594358
0.838678 0.66282
0.839031 0.588454
0.84107 0.862058
0.841908 0.949836
0.842484 0.623737
0.843125 0.407487
0.843817 0.0306319
0.844047 0.899887
0.84428 0.807985
0.844768 0.0199122
0.84572 0.0117829
0.846373 0.987937
0.848536 0.347449
0.848639 0.0719186
0.849038 0.778342
0.849448 0.666596
0.849801 0.60148
0.849864 0.672394
0.850895 0.989285
0.851361 0.826642
0.851848 0.0136974
0.851986 0.333754
0.852992 0.231308
0.853042 0.0850631
0.85336 0.426208
0.854511 0.770621
0.854996 0.922192
0.856318 0.135893
0.856439 0.169067
0.857424 0.726353
0.858275 0.0313676
0.858799 0.834014
0.859808 0.793138
0.861278 0.498458
0.861669 0.078634
0.862178 0.632597
0.862842 0.785721
0.864851 0.557467
0.865028 0.522933
0.866419 0.902811
0.866622 0.322065
0.867433 0.938649
0.867587 0.533121
0.868691 0.0845828
0.86883 0.422742
0.869353 0.208201
0.869974 0.645862
0.87014 0.440776
0.870623 0.566872
0.872398 0.387092
0.874943 0.173305
0.875368 0.314546
0.875619 0.534743
0.875636 0.812697
0.876269 0.444984
0.876383 0.376712
0.876695 0.607747
0.877054 0.650769
0.877788 0.985651
0.879192 0.584377
0.879287 0.169107
0.880996 0.89704
0.8816 0.0498915
0.882951 0.757139
0.883267 0.0620871
0.883556 0.932789
0.884783 0.543548
0.88597 0.502707
0.88609 0.516111
0.886651 0.946299
0.886676 0.365252
0.886736 0.364742
0.887253 0.0637752
0.887384 0.267164
0.887514 0.439882
0.888173 0.531702
0.888546 0.792547
0.889149 0.924854
0.89004 0.894883
0.890237 0.220104
0.890795 0.584894
0.891097 0.661383
0.893163 0.390254
0.894354 0.399659
0.896656 0.0901136
0.89682 0.855146
0.896958 0.174491
0.897819 0.645526
0.898555 0.0121129
0.899198 0.827193
0.900015 0.555059
0.900385 0.772217
0.901398 0.800526
0.901863 0.60261
0.902977 0.33166
0.903254 0.987825
0.905503 0.793681
0.905702 0.136628
0.906415 0.120201
0.907134 0.206189
0.909778 0.63277
0.909911 0.873397
0.910274 0.96887
0.910525 0.186751
0.911716 0.207903
0.912414 0.940366
0.913212 0.359608
0.913891 0.759661
0.91547 0.295968
0.916027 0.672984
0.917536 0.0205589
0.917559 0.409788
0.918316 0.132874
0.92064 0.189039
0.922812 0.69337
0.92335 0.737342
0.923591 0.788098
0.92377 0.804483
0.923845 0.0580168
0.924085 0.093731
0.925801 0.934512
0.926935 0.00426703
0.927169 0.924292
0.927181 0.134375
0.927676 0.45548
0.928403 0.665665
0.929205 0.156181
0.931218 0.976028
0.931468 0.187312
0.933013 0.146604
0.933392 0.527356
0.933426 0.0922245
0.933779 0.0222802
0.936286 0.158795
0.936603 0.48723
0.936657 0.396161
0.938364 0.0908314
0.938366 0.125557
0.940561 0.0147102
0.94138 0.768881
0.941512 0.99254
0.941749 0.972077
0.941866 0.944745
0.942608 0.41572
0.943196 0.292293
0.943356 0.992241
0.944506 0.308511
0.944632 0.43733
0.946232 0.325112
0.946409 0.300204
0.946465 0.232552
0.948196 0.326641
0.948434 0.334173
0.948439 0.421742
0.948816 0.756585
0.948998 0.808634
0.949221 0.550249
0.950765 0.514237
0.951262 0.861678
0.951665 0.631496
0.952559 0.653084
0.952734 0.592606
0.954458 0.570208
0.954961 0.0285798
0.955604 0.842666
0.956564 0.979402
0.957069 0.462568
0.957869 0.896641
0.958735 0.461545
0.958777 0.170912
0.958932 0.763146
0.959273 0.509071
0.961024 0.938019
0.961662 0.65307
0.964043 0.674399
0.964621 0.386696
0.965222 0.485741
0.965299 0.780332
0.965346 0.563243
0.965746 0.298319
0.965817 0.478982
0.965894 0.788122
0.966178 0.552237
0.967903 0.547792
0.968237 0.160128
0.968401 0.92369
0.968526 0.0102076
0.968579 0.911547
0.968929 0.790833
0.969592 0.928641
0.969788 0.231596
0.970121 0.826417
0.970149 0.287765
0.970645 0.625142
0.971431 0.837391
0.971988 0.194998
0.972046 0.176573
0.973165 0.981382
0.973716 0.24958
0.975485 0.970679
0.975905 0.0342508
0.975906 0.0550455
0.976182 0.69537
0.976188 0.797348
0.977361 0.512747
0.977488 0.644806
0.978234 0.184293
0.978534 0.223951
0.979636 0.734097
0.981579 0.401033
0.983821 0.0866684
0.984841 0.222551
0.984996 0.831502
0.985578 0.604853
0.986191 0.911892
0.986563 0.170154
0.987159 0.175588
0.988178 0.307213
0.989088 0.606067
0.989667 0.338658
0.990154 0.516564
0.990737 0.318411
0.993584 0.164144
0.993591 0.29036
0.994437 0.506568
0.994694 0.82991
0.996388 0.297271
0.997435 0.898009
0.998246 0.514091
0.9993 0.238744
0.999844 0.374277
