0.00135015 0.691986
0.0021287 0.777026
0.00234952 0.488314
0.00307517 0.684419
0.00415949 0.908535
0.00425338 0.48655
0.00445619 0.895239
0.00638114 0.247751
0.00750994 0.219614
0.00755172 0.92178
0.0097896 0.533863
0.010027 0.524591
0.010236 0.0358915
0.0103716 0.316269
0.011047 0.666453
0.0116241 0.366126
0.0126527 0.654333
0.0144685 0.171828
0.0149496 0.258776
0.0159915 0.768438
0.0173516 0.627697
0.0177749 0.742892
0.0185531 0.822642
0.0210894 0.449948
0.0219569 0.0303564
0.0228879 0.676333
0.023429 0.770723
0.0246952 0.0527808
0.0257577 0.910466
0.0257988 0.601096
0.0264763 0.987219
0.0275587 0.178589
0.0275666 0.31206
0.0278646 0.320279
0.0295406 0.488164
0.0299836 0.935119
0.0302798 0.911759
0.030529 0.100079
0.0311504 0.544158
0.0312708 0.567658
0.0314385 0.386348
0.0323381 0.506752
0.0323738 0.106362
0.0325409 0.914823
0.0331949 0.906192
0.033585 0.463664
0.0340732 0.668736
0.0346814 0.890764
0.0347615 0.235687
0.035226 0.0436094
0.0353485 0.102438
0.0355176 0.944897
0.0367208 0.166145
0.0382453 0.788481
0.038654 0.657012
0.0388916 0.650464
0.0389283 0.267792
0.0393491 0.340341
0.0411265 0.213765
0.0417968 0.478235
0.0424612 0.645227
0.0449504 0.481264
0.045643 0.12237
0.0468692 0.731415
0.0474481 0.460179
0.0475231 0.721594
0.0477127 0.908139
0.0487811 0.864499
0.0505876 0.226398
0.0515424 0.273515
0.0530484 0.584588
0.053859 0.207518
0.0539759 0.172994
0.0545352 0.573747
0.0546761 0.941043
0.0554179 0.408974
0.0562484 0.367335
0.0564326 0.462014
0.0573472 0.834584
0.0591776 0.597428
0.0598959 0.669728
0.0605327 0.373454
0.0646645 0.815905
0.0650275 0.916818
0.0653101 0.667526
0.0659005 0.589468
0.0660546 0.179558
0.0675197 0.804078
0.0678711 0.70909
0.0679626 0.247292
0.0682079 0.370004
0.0687934 0.210224
0.0691932 0.930328
0.0696826 0.155521
0.0709141 0.854139
0.0718379 0.379049
0.0719287 0.905497
0.0720795 0.440004
0.07295 0.0700783
0.0735315 0.843226
0.0735658 0.421023
0.0737241 0.080525
0.0737658 0.782441
0.0744399 0.111267
0.0748807 0.519356
0.0752539 0.791463
0.0754384 0.893303
0.0759271 0.106397
0.077123 0.206908
0.0772603 0.513457
0.0774874 0.3304
0.0777691 0.0653772
0.0788807 0.748314
0.0790467 0.537804
0.0791097 0.596735
0.0794985 0.130885
0.0804766 0.569438
0.0813935 0.980138
0.0817561 0.0746178
0.0822161 0.806218
0.0834755 0.972234
0.0841947 0.0597483
0.0852377 0.590338
0.0855636 0.0680922
0.0873214 0.610288
0.0887147 0.0287025
0.0899126 0.1603
0.0914167 0.440874
0.0923524 0.166585
0.0926848 0.753071
0.0935733 0.685838
0.0937705 0.00102578
0.0946711 0.137169
0.0967474 0.0331887
0.0977242 0.450978
0.0980186 0.398574
0.0983742 0.375228
0.0999007 0.0315456
0.100228 0.535315
0.100697 0.417188
0.100866 0.252447
0.101308 0.677879
0.101621 0.939336
0.101665 0.676674
0.102989 0.938781
0.104146 0.382879
0.10443 0.152934
0.104863 0.434009
0.104906 0.154489
0.105132 0.946521
0.105354 0.686743
0.105424 0.864839
0.106157 0.173401
0.106206 0.0102979
0.106962 0.715735
0.107029 0.843367
0.107528 0.217347
0.109481 0.0467197
0.110198 0.0982326
0.110761 0.55575
0.111151 0.117715
0.111307 0.740863
0.111925 0.123513
0.112841 0.515523
0.113207 0.669335
0.114095 0.58969
0.115771 0.763649
0.115812 0.452964
0.116458 0.3113
0.117246 0.545479
0.117326 0.905232
0.118081 0.583324
0.118332 0.802019
0.118442 0.653355
0.11881 0.841775
0.118825 0.0922262
0.119983 0.547179
0.120155 0.452351
0.120587 0.711817
0.120884 0.696635
0.122754 0.121511
0.123224 0.0188345
0.123537 0.283484
0.124002 0.104821
0.125205 0.321656
0.125234 0.815781
0.127539 0.552607
0.127611 0.751693
0.12789 0.451279
0.128519 0.0160482
0.128838 0.375679
0.130099 0.580029
0.130839 0.0160593
0.131766 0.588452
0.13297 0.827193
0.134418 0.159711
0.137126 0.675112
0.137615 0.892299
0.138066 0.481208
0.138414 0.329361
0.138466 0.200812
0.138766 0.232909
0.140051 0.833602
0.140845 0.176857
0.142189 0.765081
0.142397 0.27387
0.143904 0.589732
0.143999 0.199202
0.14628 0.527844
0.147345 0.42682
0.147446 0.130222
0.148023 0.825661
0.149224 0.0127946
0.150107 0.840962
0.150268 0.549043
0.150512 0.657574
0.150682 0.507405
0.151032 0.39566
0.151632 0.474114
0.15212 0.680062
0.152198 0.000120252
0.152272 0.243887
0.152286 0.463111
0.155062 0.128981
0.157741 0.149395
0.159627 0.85199
0.159689 0.899714
0.160086 0.571521
0.161165 0.696078
0.161336 0.575477
0.161586 0.783966
0.162476 0.727464
0.162721 0.859184
0.165714 0.151942
0.16704 0.437919
0.167235 0.723727
0.167486 0.932826
0.16752 0.511884
0.167868 0.360709
0.168993 0.270337
0.169489 0.600388
0.169579 0.121184
0.171173 0.911973
0.172023 0.182348
0.172249 0.982888
0.172307 0.961278
0.173187 0.749265
0.173398 0.302554
0.174107 0.216573
0.174902 0.578784
0.176738 0.430457
0.177566 0.344974
0.177687 0.377647
0.178343 0.4054
0.178765 0.501828
0.179003 0.498371
0.179823 0.284192
0.18021 0.789227
0.180959 0.376823
0.181743 0.54638
0.182571 0.47475
0.18314 0.0281407
0.183486 0.854583
0.183509 0.234851
0.184055 0.416583
0.185299 0.313756
0.187092 0.447516
0.187634 0.561675
0.187864 0.422877
0.1882 0.0744622
0.188202 0.106464
0.188973 0.0619699
0.1892 0.887178
0.190183 0.407791
0.190256 0.62915
0.190312 0.570561
0.192261 0.324887
0.192956 0.0166997
0.193186 0.871531
0.193543 0.872744
0.194085 0.990503
0.194594 0.535732
0.195604 0.510493
0.195926 0.931671
0.197996 0.715163
0.199027 0.0445443
0.199076 0.864873
0.199081 0.96084
0.199275 0.208916
0.199947 0.510859
0.200253 0.649888
0.200697 0.121879
0.20182 0.981175
0.203024 0.232672
0.203057 0.777121
0.203547 0.00876352
0.203743 0.302632
0.204371 0.868794
0.204581 0.392358
0.206765 0.10678
0.207578 0.767966
0.208556 0.192314
0.209453 0.27732
0.210302 0.547882
0.210847 0.70493
0.211064 0.3532
0.211108 0.0987947
0.212052 0.95206
0.213046 0.658064
0.21369 0.479499
0.214463 0.472516
0.214875 0.400942
0.214948 0.628289
0.21529 0.380185
0.215851 0.808667
0.21641 0.200303
0.216708 0.215761
0.217102 0.838967
0.217436 0.453823
0.219376 0.0448049
0.219755 0.420674
0.219908 0.987817
0.220427 0.718195
0.221382 0.761383
0.221402 0.101783
0.223303 0.0510101
0.226589 0.278215
0.226772 0.34958
0.227196 0.488544
0.228117 0.964218
0.228302 0.0683441
0.228515 0.650434
0.228916 0.393031
0.229162 0.528563
0.229245 0.912884
0.229252 0.037808
0.231108 0.229474
0.231862 0.911722
0.232243 0.300207
0.232864 0.742329
0.233475 0.015143
0.233733 0.343368
0.235288 0.487527
0.236875 0.152992
0.237564 0.730751
0.238745 0.583096
0.238929 0.68028
0.23912 0.896832
0.239221 0.579963
0.240263 0.0958467
0.240263 0.106522
0.240368 0.866359
0.240687 0.233605
0.240841 0.821543
0.241317 0.810059
0.241361 0.551005
0.241796 0.866625
0.242269 0.809936
0.246073 0.747866
0.246505 0.0123806
0.247007 0.446405
0.247396 0.978449
0.247494 0.636912
0.24856 0.546642
0.24907 0.121408
0.249189 0.111974
0.250053 0.637958
0.25017 0.609781
0.250461 0.492441
0.250551 0.0118447
0.251486 0.71947
0.251996 0.304644
0.254498 0.341389
0.254986 0.551156
0.255319 0.144991
0.255559 0.176612
0.257453 0.00835751
0.257555 0.72101
0.257765 0.249145
0.258549 0.427029
0.259006 0.107867
0.259655 0.0248379
0.259825 0.884922
0.26019 0.00655931
0.260871 0.454988
0.261546 0.805196
0.262146 0.889895
0.262524 0.246198
0.26354 0.321207
0.266129 0.826476
0.267404 0.253415
0.267717 0.526792
0.270077 0.192459
0.270092 0.435225
0.271244 0.792638
0.271811 0.328451
0.272566 0.00860905
0.273136 0.590292
0.274009 0.268718
0.27421 0.643613
0.274613 0.417468
0.278125 0.443163
0.279401 0.894912
0.2802 0.316392
0.28049 0.202488
0.283684 0.87511
0.286473 0.745295
0.287555 0.937925
0.287954 0.639637
0.288093 0.987305
0.288536 0.429329
0.28953 0.124
0.289773 0.212496
0.290219 0.715581
0.293155 0.0623967
0.293169 0.293948
0.295101 0.767236
0.295966 0.305007
0.296882 0.697691
0.297651 0.615724
0.297727 0.898254
0.298529 0.381015
0.299182 0.346681
0.301452 0.499778
0.301766 0.785754
0.302179 0.726507
0.302589 0.607858
0.303139 0.859268
0.30338 0.906253
0.303996 0.263271
0.304453 0.946793
0.304738 0.725449
0.305002 0.166866
0.306116 0.890876
0.306585 0.773016
0.307295 0.703447
0.307891 0.722123
0.309427 0.53179
0.31071 0.108112
0.31104 0.6426
0.311789 0.231205
0.312303 0.878216
0.312844 0.969961
0.313403 0.367184
0.31526 0.581155
0.315746 0.744481
0.316594 0.990547
0.31774 0.258317
0.318013 0.842464
0.321384 0.49892
0.321945 0.936395
0.322828 0.777171
0.32284 0.968573
0.324617 0.838834
0.325407 0.114392
0.326699 0.833255
0.326763 0.908895
0.328267 0.183419
0.328952 0.690021
0.330188 0.466363
0.330946 0.217029
0.331307 0.270553
0.332522 0.702973
0.333459 0.453095
0.334357 0.530071
0.335955 0.39633
0.336454 0.775695
0.33781 0.570144
0.337968 0.234373
0.33798 0.433233
0.338048 0.569645
0.338089 0.260737
0.341428 0.381275
0.341624 0.673845
0.341801 0.641299
0.344089 0.103959
0.344157 0.239237
0.344336 0.248311
0.34481 0.220885
0.345081 0.780668
0.347185 0.14303
0.347188 0.186482
0.347327 0.525573
0.348089 0.328566
0.348292 0.747429
0.348923 0.343464
0.350283 0.204657
0.350507 0.969336
0.354157 0.313725
0.3548 0.119891
0.355036 0.0962263
0.355583 0.287123
0.35651 0.864854
0.358629 0.475937
0.360869 0.12262
0.361855 0.694386
0.362216 0.772477
0.362872 0.796889
0.364054 0.653969
0.364288 0.588926
0.365087 0.015955
0.365487 0.748323
0.365983 0.082021
0.366211 0.906838
0.367435 0.47996
0.367488 0.370225
0.368078 0.292927
0.370597 0.622205
0.370827 0.481896
0.371708 0.28952
0.372936 0.933142
0.374773 0.8091
0.375002 0.663454
0.375108 0.43226
0.375349 0.485733
0.376804 0.951119
0.377358 0.26057
0.377521 0.00204542
0.3778 0.68871
0.377934 0.928727
0.378048 0.857653
0.378161 0.745733
0.378212 0.612918
0.378661 0.152608
0.378939 0.824175
0.380438 0.0282695
0.382295 0.233366
0.382969 0.560196
0.383372 0.338544
0.386147 0.971362
0.387593 0.268607
0.387801 0.767707
0.388454 0.74635
0.388901 0.263335
0.389289 0.782004
0.389813 0.589048
0.390196 0.0250554
0.391061 0.564023
0.391996 0.269496
0.392478 0.373529
0.392606 0.527909
0.392622 0.803194
0.392822 0.159775
0.393219 0.82983
0.393538 0.194915
0.394378 0.309154
0.395113 0.667907
0.395962 0.932944
0.396468 0.440059
0.397143 0.783183
0.397337 0.0447759
0.397818 0.130754
0.398302 0.25566
0.398462 0.954677
0.398481 0.272044
0.399413 0.932985
0.400163 0.539074
0.40096 0.928192
0.401266 0.0847598
0.401767 0.499735
0.401839 0.703164
0.402977 0.837001
0.403371 0.463314
0.405204 0.255968
0.405226 0.627603
0.406337 0.313843
0.407488 0.647495
0.408364 0.37536
0.408511 0.8377
0.409383 0.491974
0.41154 0.7558
0.411547 0.86724
0.414057 0.0635403
0.415682 0.359615
0.416762 0.51345
0.416771 0.666534
0.417274 0.124233
0.417478 0.557818
0.417715 0.53744
0.419615 0.472658
0.420611 0.204426
0.421634 0.403976
0.42337 0.579444
0.423431 0.603947
0.423607 0.564694
0.42369 0.953507
0.425191 0.18
0.426166 0.579202
0.426374 0.0667105
0.426657 0.828047
0.4285 0.807086
0.430005 0.0918152
0.430069 0.172817
0.431979 0.269407
0.432628 0.185165
0.432925 0.175047
0.432965 0.849836
0.434064 0.308125
0.434571 0.831142
0.434744 0.744524
0.435528 0.917869
0.436298 0.868381
0.437257 0.974454
0.437568 0.212894
0.438074 0.709239
0.438586 0.309049
0.439035 0.855649
0.44 0.0851836
0.440233 8.99914e-05
0.440801 0.544105
0.44101 0.058888
0.441138 0.198453
0.442706 0.552437
0.442869 0.302106
0.443365 0.62923
0.44378 0.616065
0.444388 0.831097
0.445637 0.818007
0.44565 0.0331067
0.44578 0.218025
0.446618 0.306461
0.447824 0.571654
0.44869 0.129061
0.449708 0.236213
0.450569 0.713971
0.451226 0.763262
0.453461 0.311756
0.455134 0.441457
0.457459 0.506114
0.458412 0.535246
0.458567 0.137083
0.459788 0.649621
0.460341 0.959353
0.463437 0.984415
0.463969 0.932483
0.464242 0.519534
0.464654 0.448007
0.465233 0.176513
0.466022 0.432645
0.466077 0.35114
0.467224 0.628442
0.467384 0.317379
0.467993 0.550201
0.469583 0.286706
0.470338 0.971576
0.471509 0.649917
0.472579 0.636275
0.475722 0.463665
0.476707 0.0125696
0.478602 0.855984
0.478656 0.770668
0.479493 0.839568
0.479724 0.723694
0.48144 0.55747
0.481671 0.440735
0.481875 0.879954
0.482024 0.382068
0.482066 0.0754296
0.482356 0.955022
0.482386 0.462366
0.484162 0.307169
0.484487 0.773958
0.485478 0.423667
0.485918 0.826183
0.486242 0.273892
0.486427 0.377541
0.487066 0.110506
0.487506 0.517499
0.488137 0.11481
0.488144 0.242537
0.488455 0.469917
0.488653 0.790012
0.490638 0.15283
0.491148 0.718314
0.491785 0.427135
0.491848 0.486113
0.494549 0.881919
0.495221 0.181889
0.496695 0.954281
0.498826 0.76543
0.499079 0.0288528
0.499896 0.75405
0.500505 0.993258
0.500675 0.83693
0.503607 0.12641
0.505157 0.169029
0.505174 0.455999
0.505306 0.674892
0.505805 0.0628109
0.507143 0.552783
0.508 0.958233
0.508167 0.767031
0.510028 0.0417268
0.510731 0.847601
0.510784 0.74862
0.511041 0.0719846
0.511365 0.508431
0.512203 0.589009
0.512493 0.466785
0.513886 0.883314
0.514066 0.898751
0.514237 0.781218
0.515468 0.470186
0.519218 0.496862
0.519726 0.0300772
0.52088 0.424024
0.52134 0.156891
0.52175 0.059436
0.521957 0.53479
0.522582 0.0292156
0.522808 0.836744
0.524337 0.539331
0.52449 0.095267
0.524791 0.163945
0.52481 0.487315
0.526121 0.516141
0.52619 0.678576
0.527211 0.842814
0.527226 0.085752
0.527289 0.140449
0.527368 0.47695
0.528391 0.661395
0.528477 0.117687
0.528667 0.314141
0.528881 0.899573
0.529573 0.538198
0.530748 0.281482
0.531775 0.536529
0.532326 0.803279
0.532966 0.554346
0.533631 0.737563
0.533721 0.24464
0.536491 0.806137
0.536931 0.192171
0.537953 0.379543
0.538255 0.454044
0.53923 0.833914
0.539812 0.624389
0.540115 0.707632
0.541149 0.0878848
0.541216 0.212018
0.541268 0.0939398
0.541841 0.715248
0.542564 0.86891
0.542867 0.960011
0.54418 0.0346607
0.544557 0.364182
0.544962 0.171409
0.545144 0.240082
0.545378 0.164732
0.545793 0.143881
0.545874 0.510076
0.546454 0.24856
0.547949 0.378351
0.548668 0.470858
0.549422 0.139214
0.550951 0.829311
0.551091 0.191051
0.554185 0.187507
0.556392 0.277767
0.557235 0.453074
0.559016 0.383771
0.559679 0.530767
0.560214 0.521481
0.560343 0.686419
0.560431 0.169712
0.560986 0.496835
0.561286 0.526318
0.561746 0.272561
0.563846 0.558357
0.564724 0.322356
0.565302 0.0268743
0.565839 0.0570017
0.566784 0.933582
0.567001 0.592371
0.568482 0.483082
0.568856 0.768462
0.569071 0.375252
0.570843 0.151754
0.570887 0.89587
0.570899 0.102603
0.571346 0.604953
0.571722 0.927039
0.572163 0.336819
0.573296 0.38178
0.573524 0.213507
0.573658 0.472581
0.574348 0.0600452
0.575611 0.296061
0.576052 0.712868
0.576332 0.418261
0.576782 0.977196
0.578045 0.207827
0.578163 0.178295
0.579563 0.710889
0.580519 0.777376
0.580613 0.36267
0.580985 0.619985
0.585285 0.890447
0.587614 0.0332271
0.587674 0.0349319
0.588526 0.362987
0.590861 0.592874
0.591031 0.466498
0.592526 0.579032
0.592786 0.951655
0.593319 0.920213
0.593496 0.883691
0.594244 0.45057
0.596163 0.716053
0.598466 0.415978
0.599305 0.521897
0.600164 0.950764
0.60084 0.318737
0.602885 0.682799
0.603343 0.384525
0.603816 0.33639
0.604256 0.738038
0.604351 0.334563
0.6046 0.518109
0.605014 0.47716
0.605137 0.541842
0.60666 0.13378
0.60853 0.568948
0.608535 0.649591
0.609355 0.436147
0.609842 0.616143
0.609975 0.854618
0.61008 0.608163
0.610719 0.351999
0.612596 0.896572
0.612934 0.578837
0.613043 0.419356
0.613495 0.00981528
0.613718 0.75089
0.614061 0.516991
0.614211 0.043218
0.615086 0.752347
0.615744 0.802061
0.616315 0.414165
0.617264 0.35003
0.619206 0.993871
0.619852 0.844968
0.61995 0.506608
0.620851 0.645483
0.621122 0.198176
0.621494 0.445731
0.622369 0.151213
0.623898 0.852141
0.62397 0.0703077
0.624068 0.703483
0.62562 0.797076
0.626002 0.215113
0.627303 0.073286
0.628255 0.0890585
0.628407 0.631627
0.629327 0.0942158
0.629658 0.667913
0.630022 0.776191
0.630125 0.511375
0.630671 0.681251
0.632976 0.421614
0.63391 0.116983
0.635215 0.066051
0.63602 0.590651
0.638013 0.0765467
0.63811 0.721509
0.6385 0.273886
0.638774 0.878976
0.639149 0.169632
0.639397 0.347723
0.640228 0.316259
0.641067 0.406259
0.641919 0.726214
0.642125 0.2021
0.643947 0.821737
0.644247 0.860596
0.645281 0.23613
0.645369 0.720674
0.648957 0.017152
0.649968 0.0150086
0.650311 0.774958
0.650985 0.105968
0.651607 0.563938
0.652176 0.117266
0.652507 0.690064
0.653074 0.207805
0.654351 0.679723
0.655019 0.90089
0.655981 0.0744182
0.656177 0.362699
0.65774 0.633496
0.657907 0.445283
0.657942 0.026352
0.658161 0.707469
0.659102 0.528811
0.66 0.619475
0.660178 0.611027
0.660206 0.0904468
0.660755 0.303876
0.662012 0.428068
0.662361 0.298268
0.662582 0.0213028
0.662665 0.407063
0.662823 0.0642016
0.663188 0.205444
0.664366 0.993824
0.664584 0.66472
0.664785 0.0441069
0.664901 0.984303
0.665007 0.773223
0.665038 0.285342
0.667711 0.225293
0.667943 0.121158
0.668815 0.770712
0.669218 0.542682
0.66948 0.9473
0.669964 0.0826777
0.67051 0.25465
0.670625 0.193305
0.670749 0.275776
0.67169 0.0884623
0.672534 0.272723
0.673206 0.568123
0.673558 0.484318
0.674053 0.81372
0.674082 0.294924
0.674729 0.166463
0.675005 0.802053
0.675284 0.497217
0.675603 0.854688
0.676119 0.527588
0.676328 0.0475056
0.676409 0.39984
0.677799 0.761411
0.678243 0.221663
0.679598 0.000200829
0.679858 0.368403
0.680108 0.572517
0.680457 0.438107
0.681309 0.755815
0.681795 0.931671
0.682066 0.47876
0.68268 0.805647
0.6835 0.588736
0.683543 0.304888
0.683846 0.402523
0.68455 0.233419
0.685878 0.55809
0.686678 0.989963
0.687776 0.452994
0.688242 0.28089
0.68884 0.329502
0.689435 0.340086
0.690302 0.899676
0.69079 0.104474
0.690882 0.658892
0.691045 0.385435
0.691478 0.666807
0.691576 0.319729
0.69231 0.661944
0.693733 0.570227
0.694599 0.128847
0.695344 0.64811
0.695881 0.677385
0.697701 0.256864
0.699182 0.148366
0.699529 0.976436
0.701048 0.51859
0.702249 0.704988
0.704192 0.355348
0.704334 0.745952
0.705593 0.901379
0.705817 0.674574
0.705846 0.151575
0.706598 0.796883
0.707749 0.135481
0.707751 0.170246
0.708164 0.116822
0.709125 0.259788
0.711406 0.595896
0.711659 0.858669
0.712549 0.806252
0.714793 0.529978
0.714997 0.95313
0.715274 0.602369
0.716117 0.782169
0.71643 0.0324889
0.716643 0.611362
0.717539 0.68459
0.717838 0.709181
0.718092 0.979194
0.71853 0.328788
0.720339 0.729083
0.720396 0.703568
0.721178 0.836356
0.721299 0.865757
0.721935 0.569499
0.722669 0.895608
0.723495 0.778922
0.724036 0.870048
0.72433 0.815108
0.724409 0.139658
0.726484 0.0107589
0.728251 0.715587
0.728656 0.516577
0.72892 0.957971
0.730428 0.305608
0.730723 0.261813
0.731303 0.00276291
0.731881 0.727027
0.732998 0.497086
0.733442 0.962519
0.73498 0.807562
0.735506 0.657096
0.735684 0.640805
0.735885 0.0124051
0.736453 0.560576
0.737849 0.0199687
0.738223 0.314811
0.738235 0.516293
0.738378 0.920648
0.739537 0.390135
0.739732 0.681146
0.739922 0.871769
0.739972 0.706686
0.74039 0.727456
0.742629 0.362431
0.742633 0.426161
0.743376 0.912523
0.744381 0.807471
0.744743 0.900127
0.744885 0.284657
0.74545 0.771845
0.746558 0.394346
0.746808 0.608814
0.746876 0.738113
0.748428 0.829983
0.748818 0.380044
0.749068 0.585841
0.749976 0.849687
0.750134 0.508039
0.750421 0.332205
0.750428 0.442627
0.752374 0.146488
0.752983 0.385759
0.754736 0.855725
0.754878 0.2415
0.759197 0.81622
0.760762 0.123661
0.761702 0.920921
0.76206 0.934312
0.762553 0.228009
0.762666 0.124064
0.762731 0.22644
0.764901 0.684587
0.766928 0.762978
0.767462 0.733437
0.767964 0.170756
0.768679 0.185211
0.769092 0.131834
0.770786 0.596691
0.771759 0.949843
0.772046 0.777304
0.77218 0.0329342
0.772183 0.0726608
0.773765 0.667063
0.773879 0.581095
0.774963 0.808764
0.775712 0.38671
0.776034 0.802878
0.776885 0.112314
0.777103 0.771753
0.777181 0.0839842
0.777686 0.560396
0.777776 0.0771934
0.779603 0.795669
0.780672 0.755261
0.781316 0.579334
0.781579 0.000746961
0.781742 0.740563
0.782061 0.0945902
0.782642 0.867072
0.783122 0.933985
0.783796 0.267022
0.784959 0.809818
0.785167 0.298868
0.785685 0.999701
0.786623 0.778381
0.787772 0.0875606
0.787994 0.816129
0.789588 0.605705
0.789619 0.127825
0.790707 0.406436
0.79103 0.837412
0.792153 0.718551
0.792532 0.0808416
0.79522 0.254418
0.795224 0.324769
0.795368 0.754536
0.797176 0.136423
0.797306 0.329669
0.79746 0.908474
0.79753 0.0946147
0.799622 0.250415
0.799769 0.711362
0.800602 0.710005
0.801059 0.404187
0.802086 0.653771
0.802502 0.645928
0.802637 0.913782
0.802653 0.182156
0.802774 0.2226
0.803095 0.620205
0.80318 0.0430152
0.804737 0.221172
0.805084 0.0421199
0.80535 0.511047
0.805439 0.0114639
0.805667 0.837455
0.805892 0.629401
0.805995 0.354458
0.806046 0.21496
0.806779 0.538416
0.808075 0.311484
0.808263 0.475099
0.809377 0.19251
0.811589 0.369204
0.811891 0.458943
0.812555 0.603692
0.81275 0.886134
0.815509 0.261731
0.817958 0.427409
0.819071 0.118618
0.819199 0.27803
0.819676 0.297226
0.820645 0.578257
0.821937 0.296033
0.822162 0.0735316
0.824231 0.853087
0.824482 0.0663189
0.826886 0.467391
0.828592 0.147841
0.828707 0.0778395
0.829593 0.96602
0.830896 0.862519
0.831221 0.325676
0.831942 0.455539
0.832341 0.157831
0.832575 0.0932734
0.83286 0.883497
0.835601 0.94258
0.836316 0.968187
0.837337 0.122611
0.837755 0.144914
0.83889 0.231457
0.838965 0.49086
0.840842 0.0364504
0.84202 0.830653
0.843674 0.634088
0.844312 0.352457
0.844719 0.196054
0.844966 0.345008
0.845073 0.135603
0.845355 0.88707
0.846528 0.601553
0.847666 0.716646
0.847944 0.397418
0.848736 0.703349
0.849395 0.780831
0.850422 0.0363238
0.852894 0.59105
0.852941 0.373014
0.853416 0.360583
0.853852 0.696082
0.854645 0.0126649
0.854926 0.749043
0.855045 0.738795
0.855227 0.804736
0.857805 0.136079
0.858382 0.831425
0.85847 0.306961
0.858663 0.543854
0.859227 0.0279968
0.859561 0.635802
0.861047 0.619435
0.861174 0.754109
0.861427 0.00442185
0.861528 0.692562
0.861898 0.912804
0.862316 0.942347
0.863886 0.331541
0.864966 0.482222
0.8657 0.822207
0.86576 0.832521
0.866005 0.941381
0.866884 0.719295
0.867806 0.216297
0.867857 0.0758357
0.868373 0.741372
0.869198 0.616335
0.869851 0.581563
0.870284 0.861957
0.870918 0.51651
0.87319 0.697782
0.873683 0.982995
0.873854 0.864406
0.873952 0.518525
0.874224 0.0803981
0.874413 0.26656
0.874648 0.207356
0.874759 0.0812627
0.875405 0.938894
0.876817 0.664642
0.876959 0.0546277
0.876987 0.522261
0.877172 0.627843
0.877486 0.908537
0.879873 0.0201348
0.8805 0.569681
0.88101 0.129522
0.881049 0.790193
0.881188 0.130035
0.881738 0.371396
0.881788 0.207831
0.882787 0.99717
0.883601 0.683416
0.883856 0.974411
0.88497 0.693075
0.885508 0.726207
0.887378 0.154856
0.887491 0.0661491
0.888569 0.176485
0.889209 0.938111
0.889682 0.886149
0.88974 0.855382
0.8898 0.870994
0.890593 0.192328
0.89155 0.282239
0.892586 0.690378
0.893507 0.170412
0.894527 0.317807
0.89476 0.232557
0.895593 0.223616
0.896265 0.530622
0.896734 0.402009
0.897548 0.083997
0.897592 0.836862
0.897595 0.879704
0.897999 0.663084
0.898323 0.107107
0.898486 0.856041
0.899345 0.290965
0.899707 0.3824
0.899966 0.728094
0.900373 0.571486
0.900831 0.265841
0.901821 0.907222
0.902372 0.160596
0.903506 0.225256
0.903516 0.3895
0.903694 0.388362
0.904683 0.00214693
0.905535 0.322305
0.906572 0.748045
0.906843 0.304534
0.907859 0.378807
0.907973 0.30508
0.90871 0.681763
0.909392 0.156363
0.911475 0.166655
0.911504 0.652822
0.911661 0.291044
0.912964 0.178667
0.913352 0.714539
0.914714 0.600705
0.914978 0.0400955
0.915496 0.737258
0.915951 0.38337
0.915955 0.449159
0.916093 0.769176
0.916668 0.435901
0.916697 0.921754
0.916958 0.315008
0.917228 0.850835
0.918457 0.513373
0.918565 0.329944
0.919138 0.944842
0.91989 0.584499
0.920036 0.0519732
0.920891 0.419685
0.920951 0.431008
0.920979 0.89015
0.921138 0.573295
0.921279 0.934769
0.921602 0.357895
0.92217 0.916177
0.924856 0.0631832
0.926137 0.577958
0.926205 0.730939
0.926967 0.540843
0.929003 0.76057
0.929056 0.648542
0.929243 0.788098
0.929601 0.803586
0.93273 0.40182
0.933226 0.736778
0.933578 0.648614
0.935086 0.983589
0.935568 0.0910813
0.936117 0.317909
0.937036 0.756573
0.93834 0.673498
0.93899 0.600096
0.94082 0.367745
0.941314 0.664307
0.941679 0.794584
0.941889 0.330256
0.942549 0.42242
0.942629 0.768439
0.943198 0.3264
0.945222 0.346696
0.945679 0.0315955
0.946308 0.597358
0.946704 0.248778
0.947144 0.655302
0.947521 0.985942
0.947897 0.299561
0.949064 0.924354
0.950948 0.584584
0.950996 0.396281
0.951807 0.0274837
0.952629 0.832158
0.952974 0.638088
0.953249 0.250183
0.953662 0.194332
0.954335 0.505361
0.956587 0.360093
0.956838 0.568042
0.95722 0.990869
0.959568 0.462294
0.959949 0.861165
0.959993 0.603339
0.960914 0.0802583
0.961724 0.689086
0.962417 0.344357
0.96331 0.347617
0.963313 0.40626
0.964354 0.896458
0.964687 0.486465
0.965355 0.719387
0.965479 0.807603
0.965762 0.562404
0.967695 0.0427682
0.968354 0.131646
0.970837 0.861612
0.971029 0.092149
0.971104 0.348508
0.972565 0.906559
0.972997 0.153793
0.973236 0.174942
0.974698 0.742588
0.97508 0.163123
0.97541 0.712613
0.975474 0.798467
0.976367 0.808316
0.976704 0.45955
0.978007 0.368281
0.979355 0.0274671
0.979453 0.668101
0.981237 0.65359
0.981433 0.941401
0.98184 0.786453
0.981969 0.946563
0.982427 0.654589
0.982487 0.653555
0.982682 0.93397
0.983378 0.628248
0.98365 0.209625
0.983972 0.614453
0.985428 0.0846762
0.986051 0.553627
0.986096 0.307627
0.987017 0.802273
0.989451 0.710063
0.989519 0.850921
0.989561 0.550833
0.990393 0.53812
0.992131 0.74577
0.992598 0.588849
0.993039 0.00726085
0.993549 0.577026
0.994059 0.145444
0.99553 0.872013
0.995887 0.865258
0.996833 0.777198
0.997662 0.709028
0.998532 0.333436
0.998827 0.283748
0.999225 0.981265
