0.00269962 0.372538
0.00365492 0.428311
0.00366711 0.633081
0.00372752 0.648497
0.00398104 0.909353
0.00399786 0.191994
0.00436012 0.280612
0.00784985 0.932401
0.0079666 0.894644
0.0082862 0.266242
0.00831631 0.772201
0.00859976 0.536143
0.00874382 0.957363
0.00894922 0.409481
0.0104977 0.434687
0.0106407 0.838736
0.0125457 0.855387
0.0127177 0.746933
0.0127549 0.372354
0.0131083 0.311418
0.0139501 0.459921
0.0149698 0.597024
0.0161473 0.387697
0.0166964 0.615761
0.0176784 0.120032
0.0184935 0.820138
0.019645 0.174311
0.0198524 0.659761
0.0202221 0.872873
0.0203211 0.53719
0.0203286 0.662388
0.020369 0.341028
0.0208862 0.0337455
0.0212689 0.46724
0.0214369 0.289554
0.0214796 0.00786617
0.0221119 0.634221
0.0221434 0.164269
0.0231465 0.0223862
0.0238785 0.326065
0.0268864 0.879151
0.0271503 0.315012
0.027849 0.0582128
0.0280909 0.123949
0.028343 0.36012
0.0285789 0.325976
0.0289504 0.569345
0.0289654 0.822011
0.0293755 0.714742
0.0304901 0.447806
0.0309284 0.813828
0.0313314 0.586385
0.031736 0.387218
0.032362 0.907823
0.0327378 0.224344
0.0337212 0.75247
0.034001 0.455234
0.0340998 0.114721
0.03726 0.228118
0.037913 0.203513
0.0380186 0.97797
0.038404 0.456623
0.0392717 0.0388003
0.0393492 0.341844
0.0393844 0.933259
0.0403459 0.0934515
0.0404704 0.186168
0.0404877 0.476722
0.0413177 0.426168
0.0422989 0.917229
0.0424681 0.761088
0.0428894 0.841847
0.0434988 0.0842247
0.0439152 0.0833623
0.0445764 0.196102
0.0447547 0.192647
0.0452455 0.441624
0.0452612 0.704778
0.0454293 0.529785
0.0458275 0.22234
0.0458374 0.389323
0.0458516 0.628489
0.0465075 0.651891
0.0473728 0.194076
0.0478559 0.313269
0.04819 0.930113
0.0489353 0.456311
0.0503156 0.654781
0.0517907 0.447044
0.051793 0.484634
0.0520771 0.259525
0.0531907 0.975559
0.0532037 0.195066
0.0534615 0.52693
0.0544914 0.836315
0.0555667 0.910109
0.0566955 0.881182
0.0572587 0.346385
0.0582891 0.664504
0.0594071 0.455233
0.061436 0.555585
0.0630753 0.107105
0.0630989 0.503503
0.0642621 0.0528026
0.0645168 0.334672
0.0647704 0.595919
0.0661115 0.135799
0.0661467 0.72691
0.0663512 0.165253
0.0667272 0.484568
0.0672293 0.922576
0.0673492 0.938383
0.0673724 0.327753
0.0675955 0.0779218
0.0679295 0.690767
0.0682938 0.813523
0.0687172 0.930064
0.0687873 0.108927
0.0688773 0.621592
0.0689811 0.366184
0.0694479 0.211383
0.0704798 0.554038
0.0708646 0.0215775
0.0715469 0.489345
0.0715771 0.996056
0.0717472 0.855474
0.0722673 0.596832
0.0724795 0.163387
0.0727315 0.399104
0.0730276 0.374758
0.0734405 0.314564
0.0739298 0.538199
0.0739655 0.138388
0.0740086 0.862687
0.0746001 0.804414
0.0759684 0.800119
0.076274 0.936479
0.0769112 0.646528
0.0779642 0.344587
0.0781274 0.0867353
0.0794302 0.983609
0.0796469 0.626197
0.0818854 0.247875
0.0821751 0.116769
0.0848398 0.902612
0.0860209 0.752984
0.0861581 0.0597908
0.0865882 0.288124
0.0868184 0.156448
0.0869969 0.156303
0.0875246 0.0255123
0.0882008 0.390841
0.088407 0.856302
0.0890997 0.498003
0.0895744 0.477135
0.0899754 0.217251
0.0915223 0.215378
0.0917403 0.878987
0.0922953 0.207503
0.0938602 0.509065
0.0942247 0.634866
0.0946714 0.142248
0.0947021 0.658726
0.0950045 0.740787
0.0950624 0.713472
0.0953266 0.154122
0.0970873 0.746681
0.0976083 0.502181
0.098015 0.338804
0.0981859 0.210518
0.0983446 0.878441
0.0987391 0.508464
0.0989538 0.117234
0.100367 0.873419
0.100634 0.359306
0.100772 0.667827
0.100796 0.0810667
0.102554 0.622558
0.102577 0.0043835
0.104781 0.0522242
0.105679 0.151631
0.105686 0.256684
0.105737 0.118852
0.106042 0.246087
0.106069 0.698475
0.10638 0.926215
0.106664 0.702382
0.106772 0.523414
0.106888 0.462452
0.106936 0.278147
0.107568 0.903375
0.107627 0.890476
0.108434 0.448721
0.108696 0.849011
0.109435 0.280268
0.11049 0.997892
0.110978 0.213545
0.111063 0.631714
0.111567 0.108776
0.112473 0.326431
0.112577 0.0749824
0.114004 0.065293
0.114103 0.729171
0.114251 0.209387
0.114807 0.563855
0.115203 0.219681
0.115457 0.493771
0.115963 0.993043
0.116788 0.857034
0.11742 0.484915
0.117611 0.690024
0.117701 0.197125
0.117736 0.795865
0.118126 0.347804
0.118185 0.343678
0.118608 0.451517
0.118707 0.111748
0.11989 0.983862
0.121827 0.541315
0.121936 0.382547
0.121995 0.367738
0.122488 0.655081
0.122573 0.0813973
0.123189 0.437609
0.123221 0.971117
0.125224 0.640799
0.125252 0.102305
0.125605 0.0496802
0.126455 0.324453
0.127526 0.323952
0.127886 0.382853
0.128366 0.452255
0.12973 0.365266
0.130927 0.497998
0.131016 0.993171
0.132647 0.403268
0.1333 0.379908
0.13407 0.312701
0.135121 0.976887
0.135694 0.604832
0.136515 0.406235
0.136955 0.80811
0.138016 0.641885
0.138944 0.238188
0.139514 0.808452
0.139727 0.399167
0.141246 0.923649
0.141546 0.964528
0.142891 0.563818
0.144585 0.0432717
0.146767 0.721238
0.147339 0.331253
0.14746 0.359574
0.147584 0.447892
0.147585 0.46381
0.147721 0.74112
0.148631 0.0447394
0.148805 0.958473
0.1491 0.918583
0.150819 0.808514
0.151446 0.348833
0.151807 0.416203
0.152781 0.782268
0.153295 0.433349
0.153411 0.383797
0.153789 0.734528
0.155362 0.163551
0.155569 0.641754
0.156224 0.663544
0.157029 0.178799
0.157106 0.472216
0.157387 0.204008
0.157564 0.177903
0.158852 0.82643
0.159249 0.497988
0.159251 0.524942
0.159347 0.139686
0.159426 0.473464
0.159626 0.826045
0.159917 0.731488
0.159939 0.0994452
0.160069 0.279457
0.160644 0.948107
0.161022 0.301185
0.161477 0.945247
0.16171 0.855395
0.162147 0.209239
0.162832 0.721281
0.16295 0.70111
0.162985 0.290482
0.164133 0.585214
0.164363 0.445062
0.164708 0.23994
0.165423 0.260187
0.166568 0.502654
0.166928 0.551334
0.167165 0.537946
0.168036 0.18379
0.168171 0.446746
0.168224 0.346324
0.16826 0.950238
0.168299 0.596853
0.168302 0.651779
0.16838 0.965223
0.168887 0.487709
0.170033 0.744154
0.170887 0.101926
0.17147 0.902058
0.172005 0.887983
0.173383 0.0456613
0.173851 0.905833
0.175093 0.791235
0.175897 0.307281
0.175981 0.713069
0.176126 0.155358
0.176383 0.46908
0.176481 0.10944
0.176609 0.259641
0.177472 0.775772
0.178149 0.156635
0.178221 0.367375
0.178578 0.361497
0.179112 0.342224
0.179756 0.160004
0.180264 0.691224
0.180378 0.605178
0.181137 0.369775
0.181956 0.13531
0.182126 0.998861
0.183492 0.943483
0.184668 0.714973
0.185193 0.54394
0.18575 0.901311
0.18668 0.530962
0.18937 0.740328
0.189548 0.733194
0.189956 0.587889
0.190139 0.6633
0.190554 0.644155
0.191001 0.149799
0.191325 0.597759
0.192347 0.775536
0.19294 0.741204
0.192958 0.0485531
0.193198 0.0718782
0.19347 0.643863
0.193915 0.126913
0.194661 0.66316
0.19492 0.0141674
0.195565 0.867236
0.196419 0.216798
0.196657 0.20654
0.197992 0.644217
0.198818 0.527116
0.199242 0.652391
0.199835 0.630918
0.20007 0.583735
0.200649 0.314417
0.202266 0.478007
0.203327 0.316267
0.203621 0.266289
0.203685 0.334033
0.20434 0.337939
0.206642 0.0297556
0.206677 0.613924
0.207258 0.386813
0.207333 0.639165
0.207423 0.156964
0.2075 0.445623
0.207959 0.16848
0.208498 0.230093
0.208574 0.504938
0.209091 0.200903
0.209216 0.294574
0.209261 0.0527696
0.210659 0.539007
0.211376 0.602878
0.211507 0.794011
0.211874 0.969909
0.212359 0.112346
0.21288 0.872949
0.213119 0.894247
0.213466 0.729079
0.213599 0.95536
0.214564 0.177146
0.214599 0.759412
0.214946 0.59952
0.216094 0.89861
0.216587 0.172147
0.216771 0.267054
0.217719 0.201291
0.218183 0.002428
0.218569 0.492186
0.219567 0.257029
0.219819 0.504759
0.220005 0.627645
0.220246 0.675521
0.220867 0.103892
0.221243 0.422989
0.221553 0.636916
0.222204 0.581413
0.223735 0.312777
0.224894 0.791616
0.226074 0.625749
0.226842 0.537529
0.227408 0.0473267
0.228154 0.583229
0.228798 0.409955
0.229939 0.593098
0.230059 0.604396
0.231158 0.0708008
0.23146 0.143462
0.232003 0.273759
0.23224 0.256896
0.233438 0.395928
0.233941 0.846427
0.235348 0.489584
0.235778 0.724678
0.237101 0.963158
0.237298 0.262904
0.237337 0.918441
0.238918 0.501393
0.2393 0.907691
0.240256 0.975602
0.240353 0.606907
0.240785 0.880719
0.241394 0.11275
0.243225 0.882708
0.243928 0.697058
0.244531 0.826102
0.245231 0.593377
0.245486 0.887142
0.24557 0.290887
0.246463 0.305433
0.246825 0.389769
0.24726 0.691099
0.247355 0.294166
0.2476 0.409694
0.248536 0.142058
0.248993 0.831552
0.249648 0.828367
0.250427 0.921602
0.25056 0.169843
0.250808 0.32671
0.250882 0.57457
0.251138 0.880231
0.251386 0.050152
0.252217 0.00565623
0.252474 0.322893
0.252943 0.220028
0.253258 0.513323
0.253534 0.153514
0.253536 0.178113
0.253589 0.073324
0.253781 0.296591
0.253791 0.468152
0.25494 0.773833
0.255012 0.992994
0.255422 0.884597
0.256333 0.184507
0.256925 0.144744
0.256961 0.738335
0.257054 0.305957
0.257273 0.991543
0.257921 0.882452
0.259984 0.552336
0.260338 0.500393
0.261688 0.186642
0.261786 0.829883
0.262913 0.783471
0.263308 0.411912
0.2634 0.960532
0.2636 0.332319
0.264515 0.702612
0.267657 0.503776
0.268236 0.246353
0.269786 0.299922
0.270377 0.222537
0.270867 0.459509
0.27207 0.684013
0.274248 0.290603
0.275327 0.422164
0.275426 0.0797813
0.275709 0.840624
0.276005 0.816489
0.276756 0.435046
0.277273 0.12979
0.277467 0.387821
0.277936 0.272035
0.278046 0.116671
0.278797 0.73688
0.278951 0.330758
0.279533 0.111778
0.279952 0.14723
0.281001 0.787217
0.282181 0.608882
0.282205 0.0136623
0.282228 0.410342
0.282433 0.855619
0.28405 0.0353082
0.284499 0.572939
0.286714 0.810382
0.287127 0.742118
0.287946 0.509375
0.287994 0.319584
0.289396 0.878443
0.289457 0.903674
0.289854 0.579786
0.29013 0.218929
0.290357 0.028234
0.290445 0.508365
0.291341 0.565611
0.291511 0.432292
0.291915 0.216291
0.292706 0.505857
0.293725 0.642749
0.294265 0.710075
0.294422 0.357392
0.295216 0.695122
0.295537 0.0856743
0.296868 0.460552
0.297052 0.557524
0.298157 0.120397
0.298185 0.602094
0.298991 0.149062
0.299428 0.485978
0.299991 0.94229
0.300752 0.741472
0.301626 0.432342
0.301971 0.219049
0.30398 0.989708
0.304033 0.877969
0.304072 0.537153
0.304911 0.636404
0.304938 0.0980582
0.307783 0.91258
0.308203 0.963341
0.309188 0.52825
0.309215 0.976052
0.309339 0.0612314
0.311206 0.43893
0.311879 0.753927
0.31188 0.769486
0.313045 0.346288
0.313973 0.939765
0.314026 0.841472
0.314346 0.214752
0.314663 0.543453
0.315055 0.135205
0.31523 0.0664617
0.315463 0.994923
0.316699 0.761842
0.316886 0.902627
0.317013 0.0351714
0.319641 0.212443
0.319748 0.00461909
0.319767 0.327019
0.31998 0.899146
0.320508 0.774522
0.321699 0.797701
0.322648 0.742121
0.322877 0.585369
0.323912 0.994712
0.325537 0.307645
0.32565 0.192853
0.326295 0.0372507
0.327175 0.821904
0.32924 0.543975
0.329593 0.472254
0.329968 0.779705
0.331431 0.355866
0.33154 0.199234
0.33173 0.382062
0.334295 0.496975
0.334593 0.505914
0.33497 0.843387
0.33513 0.529107
0.335299 0.376137
0.335372 0.590046
0.335699 0.0964363
0.336541 0.236972
0.336636 0.839162
0.336763 0.978047
0.33781 0.568203
0.338364 0.887984
0.339402 0.331067
0.339863 0.0737178
0.339875 0.282729
0.340413 0.318601
0.340984 0.919185
0.342774 0.00672202
0.343055 0.733708
0.343877 0.545599
0.34495 0.579635
0.345403 0.187203
0.345451 0.998187
0.346121 0.258375
0.347203 0.444627
0.348519 0.563003
0.348623 0.310311
0.349487 0.827889
0.349633 0.284414
0.349911 0.953415
0.350278 0.124335
0.350416 0.437152
0.350943 0.300288
0.351342 0.0131217
0.353451 0.449583
0.354279 0.36169
0.354789 0.94404
0.355392 0.0762063
0.355459 0.193358
0.355631 0.0919946
0.355715 0.509389
0.355769 0.405931
0.355769 0.412779
0.356585 0.11672
0.356596 0.308631
0.356879 0.0701392
0.358775 0.936923
0.359206 0.168966
0.359705 0.567607
0.361224 0.0856485
0.363165 0.712217
0.363415 0.908364
0.364478 0.773656
0.365539 0.616064
0.36589 0.515354
0.366005 0.441259
0.366576 0.0499353
0.366838 0.452941
0.367052 0.0364634
0.367845 0.365561
0.368164 0.734904
0.368462 0.745557
0.368476 0.978626
0.369225 0.5681
0.369637 0.490062
0.369907 0.0295441
0.36999 0.429776
0.370008 0.728946
0.370195 0.875569
0.37023 0.451457
0.371405 0.204462
0.371421 0.469424
0.371887 0.302265
0.372393 0.80639
0.3727 0.967896
0.372844 0.390416
0.374591 0.745413
0.375163 0.368286
0.375347 0.450083
0.375564 0.108676
0.376013 0.65026
0.378106 0.830157
0.378944 0.909232
0.379126 0.96701
0.379594 0.830758
0.379644 0.680162
0.379645 0.696018
0.379735 0.199417
0.379858 0.272442
0.379962 0.0254156
0.381519 0.196732
0.381973 0.825016
0.382021 0.61897
0.382312 0.522057
0.382503 0.72755
0.382863 0.775416
0.38446 0.612913
0.385718 0.766493
0.38642 0.555713
0.386635 0.18174
0.386739 0.928093
0.387518 0.0136962
0.388712 0.0906108
0.388885 0.983417
0.389176 0.875946
0.389182 0.98838
0.38923 0.796453
0.39017 0.58908
0.390219 0.412304
0.390484 0.85812
0.390835 0.760948
0.392481 0.426435
0.393547 0.337888
0.393669 0.401983
0.396158 0.229051
0.396452 0.175316
0.396566 0.088339
0.396736 0.941638
0.399309 0.185505
0.399944 0.856901
0.400086 0.242284
0.400591 0.732204
0.400596 0.811931
0.400831 0.774508
0.401311 0.838674
0.401426 0.75878
0.402063 0.479395
0.402837 0.481006
0.403197 0.523597
0.403898 0.319876
0.404203 0.439856
0.404528 0.906989
0.404537 0.0519338
0.404738 0.424786
0.404842 0.17657
0.405775 0.865584
0.40716 0.131485
0.407824 0.300763
0.407924 0.981797
0.408898 0.356471
0.409146 0.525046
0.409806 0.616991
0.410853 0.209777
0.411108 0.499966
0.411246 0.80631
0.411716 0.714606
0.412209 0.99168
0.413091 0.826289
0.413161 0.996934
0.413258 0.633851
0.414251 0.313589
0.415181 0.950502
0.415325 0.366393
0.41613 0.893098
0.416641 0.487344
0.417888 0.450916
0.418687 0.867535
0.419359 0.169877
0.42094 0.737826
0.421129 0.907208
0.42262 0.978426
0.423034 0.927099
0.423263 0.77405
0.423284 0.127707
0.424299 0.196494
0.424705 0.0214093
0.425695 0.661648
0.425762 0.776412
0.42601 0.950786
0.426597 0.811785
0.427155 0.193833
0.428242 0.459796
0.429046 0.975051
0.430048 0.819112
0.430118 0.998123
0.43039 0.571767
0.433188 0.588234
0.433293 0.362965
0.433953 0.442052
0.434302 0.310616
0.435992 0.715179
0.436179 0.85576
0.43707 0.829459
0.438597 0.492155
0.43885 0.744488
0.439221 0.991402
0.439517 0.965122
0.439606 0.45646
0.44079 0.360647
0.441143 0.2955
0.441297 0.87612
0.441412 0.814203
0.441906 0.111461
0.442597 0.730935
0.44289 0.644948
0.443709 0.42468
0.443765 0.354797
0.443899 0.610435
0.4446 0.387078
0.445608 0.330017
0.445635 0.791397
0.446757 0.647703
0.44679 0.195416
0.446927 0.50504
0.447458 0.421646
0.447922 0.221774
0.448731 0.820779
0.44901 0.513908
0.450023 0.537459
0.450151 0.685148
0.450539 0.206814
0.45054 0.228556
0.450965 0.376911
0.452849 0.0410706
0.453916 0.969968
0.454037 0.000417545
0.454104 0.12873
0.454587 0.240918
0.454772 0.359616
0.455088 0.666208
0.455161 0.895715
0.455197 0.49937
0.455731 0.470824
0.456253 0.23793
0.45629 0.867147
0.456465 0.810707
0.457525 0.622756
0.457555 0.122658
0.458242 0.675827
0.458738 0.00628474
0.458768 0.51341
0.45883 0.548306
0.460259 0.580144
0.460307 0.378519
0.46077 0.160842
0.461558 0.406596
0.461618 0.422013
0.462179 0.845071
0.46385 0.933049
0.464186 0.571463
0.464356 0.434545
0.466111 0.929172
0.466125 0.154431
0.466674 0.385218
0.467186 4.66593e-07
0.467986 0.43898
0.468095 0.276275
0.468462 0.447672
0.468871 0.320445
0.470272 0.863424
0.470911 0.606509
0.471188 0.252023
0.47313 0.903941
0.473325 0.165204
0.473345 0.507295
0.474319 0.882353
0.474396 0.172772
0.47474 0.961984
0.475518 0.0346508
0.475599 0.392573
0.476739 0.5447
0.477888 0.8717
0.478181 0.794189
0.47895 0.710469
0.479414 0.515785
0.479519 0.283222
0.479567 0.0810418
0.480317 0.688736
0.481393 0.776492
0.481534 0.141676
0.481567 0.69914
0.482112 0.860086
0.48233 0.526082
0.482502 0.412909
0.483524 0.591218
0.483737 0.169841
0.484694 0.248483
0.486087 0.661943
0.486372 0.45579
0.486865 0.737341
0.487155 0.60798
0.487204 0.43583
0.487346 0.824438
0.48752 0.749747
0.487581 0.766807
0.487757 0.731561
0.48826 0.177904
0.488899 0.925857
0.489149 0.132616
0.490609 0.658563
0.491053 0.126509
0.491103 0.963687
0.491365 0.370239
0.491463 0.019505
0.491514 0.87722
0.493734 0.18744
0.494863 0.158583
0.495855 0.835002
0.496147 0.744789
0.496843 0.440374
0.496871 0.910692
0.497005 0.154825
0.497015 0.327107
0.497757 0.802058
0.498329 0.415978
0.498928 0.482215
0.499495 0.0181371
0.499655 0.706393
0.499817 0.422558
0.499882 0.520504
0.50036 0.558162
0.50215 0.631267
0.502562 0.567778
0.502628 0.673206
0.502885 0.990286
0.503144 0.346318
0.504696 0.430065
0.505727 0.750125
0.506756 0.0541495
0.507632 0.76619
0.508083 0.357995
0.508463 0.740869
0.509032 0.305928
0.510106 0.354334
0.511295 0.343867
0.51223 0.0467494
0.513206 0.447892
0.514673 0.105276
0.515098 0.258679
0.5154 0.333477
0.516393 0.0108122
0.516516 0.0897776
0.517019 0.539572
0.51726 0.581289
0.518509 0.576213
0.519467 0.677403
0.520729 0.890581
0.521294 0.392474
0.522319 0.618485
0.522331 0.808971
0.522709 0.176169
0.522871 0.896325
0.522949 0.20797
0.52477 0.815476
0.525123 0.750626
0.526309 0.682534
0.527812 0.932631
0.527864 0.808919
0.528097 0.72064
0.528496 0.435023
0.529068 0.0394259
0.529204 0.330196
0.529493 0.191373
0.529622 0.36125
0.531222 0.24601
0.531393 0.124009
0.531822 0.334834
0.532111 0.190916
0.533382 0.548452
0.533499 0.521354
0.534315 0.225687
0.534675 0.281864
0.53515 0.269488
0.535317 0.0675874
0.535589 0.640864
0.536484 0.679717
0.536589 0.452993
0.536943 0.401847
0.537272 0.932821
0.537295 0.318324
0.537709 0.276146
0.537809 0.959058
0.540003 0.83558
0.541089 0.0820555
0.541562 0.0338579
0.541704 0.413818
0.541715 0.60367
0.542362 0.475882
0.542813 0.050336
0.543066 0.304539
0.544432 0.272233
0.544472 0.934985
0.546214 0.22032
0.546231 0.511461
0.546594 0.611646
0.546872 0.284779
0.547361 0.498694
0.547613 0.7297
0.547653 0.403723
0.548349 0.103753
0.54839 0.783098
0.548626 0.765515
0.549375 0.350175
0.549789 0.303427
0.549883 0.887516
0.550466 0.68919
0.5512 0.0252072
0.552135 0.738013
0.552439 0.848405
0.552636 0.149951
0.553126 0.388003
0.553708 0.175269
0.554332 0.666196
0.555311 0.116865
0.555463 0.669341
0.555857 0.280627
0.556004 0.764052
0.556052 0.563124
0.556141 0.05591
0.557158 0.156989
0.557338 0.173757
0.557519 0.228122
0.557696 0.194277
0.557908 0.751518
0.559307 0.271511
0.561652 0.679769
0.562025 0.949388
0.562588 0.409989
0.562657 0.578513
0.563853 0.670728
0.564914 0.512111
0.565197 0.265401
0.565582 0.738669
0.565697 0.674678
0.565898 0.0427642
0.566203 0.174765
0.567979 0.0177597
0.569827 0.0747182
0.56988 0.969335
0.570036 0.591028
0.570299 0.0110871
0.570465 0.799192
0.57132 0.170965
0.571339 0.494226
0.571579 0.523679
0.571707 0.677441
0.572574 0.251713
0.572717 0.65707
0.57308 0.75288
0.574309 0.414072
0.574711 0.174623
0.574883 0.0561436
0.575155 0.636432
0.575975 0.418927
0.575994 0.726855
0.576338 0.519738
0.577065 0.730698
0.577181 0.674009
0.577645 0.48082
0.577835 0.676162
0.57834 0.157434
0.578764 0.279555
0.579815 0.946637
0.579886 0.148298
0.580152 0.612584
0.580258 0.40314
0.58148 0.936324
0.581651 0.801127
0.582097 0.305316
0.582199 0.0208955
0.583315 0.782503
0.583436 0.808147
0.585097 0.727952
0.585284 0.861098
0.585648 0.98733
0.585723 0.244785
0.586703 0.713555
0.587439 0.0933767
0.587908 0.97007
0.588887 0.431616
0.589017 0.610219
0.58937 0.541511
0.591387 0.441868
0.592295 0.705793
0.592367 0.913761
0.592854 0.105661
0.593293 0.480339
0.593889 0.485046
0.594954 0.393782
0.595485 0.308517
0.595774 0.178429
0.595914 0.524743
0.596199 0.317893
0.596257 0.287713
0.596828 0.881637
0.597071 0.979477
0.597163 0.520426
0.598759 0.344892
0.599156 0.0206678
0.599532 0.326139
0.600467 0.0487668
0.600628 0.755204
0.600993 0.894129
0.602038 0.458615
0.602139 0.15138
0.602617 0.182714
0.603108 0.442837
0.604084 0.845686
0.604217 0.0769915
0.604222 0.164686
0.604258 0.767903
0.604423 0.541937
0.604474 0.399957
0.60459 0.34769
0.604962 0.592021
0.605652 0.185684
0.605904 0.430949
0.606634 0.698329
0.607543 0.970322
0.607868 0.432839
0.608532 0.589531
0.609004 0.522739
0.609985 0.0112863
0.610527 0.13389
0.610671 0.545132
0.610716 0.297356
0.613364 0.812413
0.61404 0.172388
0.614349 0.370999
0.614367 0.671211
0.614986 0.0662495
0.615429 0.517626
0.615608 0.515039
0.616518 0.822259
0.61688 0.909664
0.619286 0.336955
0.619679 0.945212
0.621285 0.937225
0.621557 0.515244
0.62202 0.289294
0.622444 0.422591
0.622985 0.513506
0.624078 0.87913
0.624224 0.329911
0.624538 0.610926
0.626325 0.641675
0.626593 0.141994
0.62756 0.394686
0.627721 0.111
0.629005 0.693277
0.629979 0.0573234
0.630535 0.399566
0.630743 0.893946
0.630933 0.0890851
0.631145 0.648651
0.631292 0.1169
0.632115 0.95414
0.633005 0.908774
0.636712 0.217943
0.637 0.0515717
0.637326 0.544579
0.637481 0.140242
0.637838 0.140336
0.638003 0.91231
0.6384 0.589847
0.638973 0.219459
0.639431 0.910815
0.63953 0.580837
0.639552 0.955767
0.64306 0.915031
0.643701 0.68237
0.644244 0.800795
0.646652 0.278424
0.646685 0.841289
0.647697 0.843638
0.648266 0.409081
0.648311 0.171479
0.648575 0.592665
0.649369 0.938942
0.650399 0.257523
0.651191 0.570467
0.651634 0.014862
0.651888 0.284945
0.652343 0.930047
0.652584 0.974621
0.652957 0.242424
0.653815 0.672456
0.653838 0.0504388
0.654425 0.915859
0.654478 0.805404
0.654706 0.637155
0.655189 0.754697
0.655388 0.0983801
0.656896 0.443161
0.657159 0.864332
0.657306 0.346849
0.659817 0.552423
0.660009 0.767785
0.660832 0.595391
0.66213 0.423323
0.662503 0.681405
0.662995 0.961297
0.663671 0.323369
0.663716 0.0758744
0.665422 0.750087
0.665883 0.492245
0.665912 0.975045
0.666016 0.730774
0.666125 0.561409
0.667267 0.757051
0.66755 0.5124
0.667971 0.590036
0.668699 0.819301
0.668966 0.309673
0.669398 0.566807
0.669443 0.332147
0.669835 0.91482
0.670541 0.781553
0.671082 0.883479
0.672072 0.516995
0.672346 0.118908
0.673472 0.0479212
0.673509 0.666823
0.675274 0.33525
0.676116 0.473743
0.676282 0.264916
0.677231 0.21342
0.677314 0.610553
0.677621 0.781294
0.678138 0.470653
0.678924 0.677323
0.678934 0.844439
0.67961 0.203436
0.67981 0.570598
0.681095 0.161062
0.682102 0.0952671
0.682848 0.628157
0.683056 0.120658
0.683403 0.952305
0.685968 0.060753
0.686669 0.845418
0.687184 0.506188
0.687761 0.205376
0.687936 0.141196
0.688745 0.734214
0.689211 0.562368
0.69043 0.0585409
0.69079 0.105601
0.691637 0.334347
0.692465 0.266685
0.692574 0.0987835
0.692598 0.492685
0.693764 0.0860235
0.694311 0.285467
0.694354 0.0102276
0.694458 0.755664
0.694465 0.874414
0.694978 0.495958
0.696309 0.870241
0.696657 0.716969
0.696754 0.339563
0.697224 0.241786
0.697307 0.644874
0.698479 0.330587
0.699079 0.424944
0.699104 0.845244
0.700269 0.422351
0.701454 0.343333
0.701751 0.331704
0.702793 0.839887
0.703285 0.106278
0.703328 0.830515
0.704803 0.620665
0.705391 0.509564
0.705503 0.389974
0.70551 0.50629
0.705839 0.0386877
0.705986 0.501294
0.707737 0.94188
0.707895 0.58389
0.71005 0.80734
0.710373 0.241251
0.710722 0.0984589
0.710991 0.630537
0.711126 0.893923
0.711753 0.42442
0.712702 0.389455
0.713464 0.194044
0.713734 0.733393
0.713827 0.285417
0.713896 0.445848
0.714252 0.426979
0.714819 0.956304
0.717776 0.65702
0.717839 0.716922
0.718162 0.140963
0.718352 0.341424
0.718442 0.85207
0.718563 0.88889
0.718613 0.7328
0.719548 0.435494
0.7197 0.99827
0.719894 0.26592
0.720479 0.0928109
0.721078 0.162844
0.721146 0.299882
0.721217 0.497567
0.7226 0.734026
0.723839 0.565731
0.724021 0.620989
0.724198 0.594141
0.724312 0.509324
0.72484 0.382494
0.724851 0.578795
0.725071 0.265961
0.725187 0.222961
0.725869 0.680859
0.726423 0.995421
0.726634 0.53582
0.726654 0.875852
0.727035 0.272469
0.727197 0.00235315
0.72726 0.0620592
0.72736 0.745691
0.728226 0.286624
0.730047 0.897682
0.730115 0.039628
0.730339 0.81463
0.730721 0.230852
0.731863 0.421407
0.731961 0.0737023
0.73363 0.127292
0.73471 0.268659
0.734901 0.476625
0.734953 0.360715
0.734982 0.837756
0.735073 0.37822
0.736284 0.729293
0.736801 0.421399
0.737421 0.84203
0.737444 0.226508
0.73745 0.3235
0.737483 0.875095
0.737643 0.574206
0.73777 0.696553
0.737952 0.765351
0.738212 0.133913
0.738432 0.833031
0.73937 0.598257
0.739648 0.268737
0.741899 0.0894162
0.742293 0.719611
0.742439 0.165218
0.743288 0.441815
0.743573 0.227804
0.743719 0.692093
0.74423 0.270569
0.744845 0.609907
0.745804 0.722351
0.746253 0.268685
0.746568 0.575918
0.746995 0.743103
0.747203 0.240629
0.747515 0.488445
0.747683 0.313224
0.749904 0.638455
0.75001 0.415001
0.750995 0.979825
0.754059 0.476732
0.754402 0.23773
0.754577 0.173879
0.754988 0.0811428
0.755128 0.439721
0.756494 0.387379
0.757853 0.230571
0.760253 0.564203
0.760356 0.310063
0.761074 0.379232
0.761185 0.233784
0.761197 0.443546
0.761874 0.82466
0.762324 0.372145
0.762952 0.934409
0.76388 0.523285
0.764805 0.0746951
0.764975 0.929794
0.765353 0.288233
0.765355 0.32652
0.765569 0.911193
0.76627 0.702557
0.766436 0.496704
0.767061 0.998353
0.767128 0.124693
0.767456 0.640632
0.767829 0.89578
0.769792 0.887589
0.770042 0.101118
0.770242 0.462614
0.770998 0.170039
0.771561 0.629655
0.771677 0.58134
0.772343 0.769604
0.773005 0.902466
0.774328 0.137854
0.77501 0.601262
0.775056 0.366212
0.775377 0.768707
0.776905 0.447095
0.777871 0.675988
0.779908 0.915187
0.780002 0.497937
0.78076 0.228481
0.781151 0.806373
0.781518 0.979492
0.782479 0.119093
0.782751 0.693262
0.782939 0.854755
0.783223 0.629357
0.783832 0.865848
0.784858 0.106557
0.78555 0.742866
0.785706 0.358399
0.785756 0.194584
0.786065 0.390252
0.78641 0.185272
0.786751 0.924677
0.787102 0.825548
0.788923 0.431379
0.789229 0.564186
0.790062 0.580658
0.790316 0.837389
0.790722 0.660746
0.791886 0.232085
0.792187 0.293742
0.793505 0.439307
0.794262 0.16496
0.795543 0.697431
0.795626 0.0813365
0.79643 0.596866
0.796934 0.0614832
0.797087 0.635764
0.797466 0.016008
0.797696 0.880121
0.798805 0.51516
0.798904 0.183703
0.799065 0.877125
0.799314 0.0733891
0.799315 0.0876566
0.799504 0.265632
0.800213 0.183181
0.800656 0.618874
0.800682 0.0620261
0.801133 0.64001
0.801242 0.476906
0.802894 0.234236
0.804017 0.114005
0.804927 0.405001
0.804968 0.0943557
0.805119 0.639851
0.8069 0.573162
0.807402 0.997317
0.810235 0.612298
0.811578 0.198895
0.811943 0.323349
0.81273 0.553232
0.812944 0.152916
0.813138 0.41101
0.813529 0.976347
0.813934 0.785899
0.814105 0.657707
0.814577 0.596017
0.814745 0.418706
0.814785 0.0935039
0.81627 0.04681
0.816536 0.514696
0.816876 0.229167
0.817114 0.238467
0.818009 0.270911
0.818319 0.492899
0.819373 0.199418
0.820309 0.933919
0.820327 0.241425
0.822043 0.081251
0.823272 0.739837
0.823477 0.184152
0.823853 0.498897
0.824802 0.449163
0.826084 0.985766
0.82636 0.631295
0.826362 0.668181
0.826812 0.233681
0.826967 0.827097
0.828324 0.637818
0.828382 0.615902
0.828663 0.338623
0.828791 0.486774
0.829045 0.762468
0.829144 0.422457
0.829362 0.0867001
0.829961 0.149697
0.830056 0.743748
0.830131 0.0107671
0.83018 0.831847
0.8303 0.845345
0.831181 0.662548
0.83121 0.141412
0.831838 0.704358
0.83245 0.982822
0.832535 0.410493
0.832564 0.905738
0.832595 0.431873
0.833167 0.0408704
0.834671 0.322955
0.83511 0.6863
0.835559 0.244272
0.836299 0.674018
0.836411 0.556291
0.836574 0.306829
0.8371 0.145375
0.837108 0.266355
0.837842 0.60274
0.838467 0.111253
0.839512 0.680794
0.839781 0.204373
0.84084 0.99004
0.841425 0.831973
0.842155 0.092912
0.843543 0.42
0.844245 0.224646
0.84483 0.063222
0.844937 0.852987
0.846775 0.754741
0.846841 0.849595
0.847268 0.0319015
0.849908 0.41028
0.850278 0.62203
0.850835 0.980606
0.851234 0.684048
0.85141 0.645132
0.851873 0.432048
0.852294 0.506108
0.85276 0.345829
0.852981 0.0562165
0.854098 0.818544
0.855392 0.574168
0.855602 0.109002
0.856195 0.0657637
0.856381 0.201633
0.856535 0.775671
0.857686 0.122801
0.858434 0.701647
0.859722 0.349869
0.859828 0.12089
0.859839 0.316855
0.861852 0.140889
0.862047 0.418564
0.862913 0.97126
0.863938 0.201403
0.864303 0.338122
0.864605 0.42019
0.864878 0.00112079
0.866337 0.521566
0.866415 0.829266
0.86766 0.767997
0.867906 0.897761
0.867945 0.559708
0.86802 0.813194
0.868829 0.410329
0.868876 0.197271
0.869989 0.896361
0.871529 0.789262
0.872014 0.931879
0.872138 0.0260823
0.8728 0.14909
0.874106 0.105664
0.874893 0.323917
0.875512 0.724426
0.875971 0.442415
0.87661 0.186588
0.876718 0.992014
0.876759 0.689054
0.877666 0.929139
0.877759 0.50206
0.878737 0.93947
0.87884 0.66963
0.878936 0.275053
0.879881 0.15222
0.880843 0.321429
0.881059 0.958061
0.881618 0.352748
0.881713 0.958187
0.882415 0.750209
0.882786 0.980093
0.88387 0.205563
0.88449 0.622452
0.884996 0.119627
0.885865 0.737853
0.886923 0.519505
0.888833 0.612346
0.889298 0.425669
0.889348 0.279385
0.889482 0.516662
0.889852 0.73796
0.890585 0.0688901
0.891627 0.574615
0.892969 0.13821
0.893076 0.93473
0.894463 0.240797
0.895053 0.15892
0.89508 0.61659
0.895338 0.942115
0.895408 0.130338
0.895436 0.590004
0.895813 0.935389
0.896012 0.274181
0.896097 0.699144
0.896423 0.179911
0.897131 0.0783009
0.897162 0.606933
0.897255 0.161798
0.898035 0.281641
0.898541 0.786095
0.89894 0.476741
0.899312 0.742399
0.899348 0.335693
0.899705 0.345718
0.900443 0.738922
0.900605 0.47337
0.900812 0.940162
0.901299 0.126638
0.90148 0.175604
0.902041 0.609368
0.902686 0.446933
0.903707 0.596097
0.904213 0.113566
0.90425 0.734189
0.904717 0.582292
0.905934 0.0329786
0.908108 0.564811
0.908164 0.507716
0.909371 0.802431
0.910002 0.410441
0.910009 0.525011
0.910263 0.79183
0.911988 0.775521
0.912488 0.18749
0.913046 0.558894
0.913262 0.187841
0.914015 0.844152
0.914057 0.563701
0.914253 0.852349
0.915304 0.520667
0.915887 0.321121
0.916574 0.861126
0.916854 0.563412
0.917099 0.686844
0.917516 0.682898
0.91842 0.876745
0.918593 0.799902
0.919183 0.710778
0.920121 0.474009
0.920759 0.190993
0.921 0.243549
0.923203 0.277459
0.923216 0.484733
0.923558 0.244487
0.924341 0.403767
0.926354 0.232474
0.926389 0.816399
0.926741 0.741955
0.927371 0.331369
0.927826 0.97727
0.928218 0.560225
0.928223 0.642981
0.928303 0.988106
0.928972 0.229966
0.929296 0.682308
0.929615 0.0355366
0.92968 0.124357
0.930124 0.587082
0.930316 0.818355
0.930695 0.183212
0.931538 0.352564
0.932476 0.130352
0.932504 0.595904
0.93327 0.463144
0.933944 0.789246
0.934377 0.0698669
0.934404 0.531036
0.935022 0.913176
0.935726 0.746021
0.936163 0.093729
0.93692 0.810961
0.937239 0.17708
0.938704 0.798657
0.940262 0.976477
0.940989 0.206784
0.941039 0.0353769
0.941045 0.149681
0.941227 0.201088
0.941994 0.0924883
0.942692 0.828019
0.942791 0.481809
0.942941 0.00509356
0.943943 0.843911
0.944364 0.92438
0.945638 0.342992
0.94626 0.799937
0.947007 0.34052
0.948183 0.112386
0.949022 0.204289
0.949748 0.40966
0.94978 0.948365
0.951565 0.949311
0.951699 0.210592
0.954442 0.310498
0.954604 0.0317653
0.955369 0.894004
0.956 0.491769
0.95692 0.949052
0.957037 0.917016
0.957333 0.893475
0.957502 0.732389
0.957908 0.55458
0.958433 0.386474
0.959995 0.628407
0.960013 0.943896
0.960071 0.91021
0.961062 0.576072
0.961074 0.770181
0.961268 0.0330887
0.961931 0.178105
0.962196 0.634776
0.963173 0.0434399
0.963666 0.335956
0.964818 0.702682
0.964882 0.767193
0.965077 0.0474204
0.967015 0.616848
0.967896 0.419353
0.96856 0.595448
0.968699 0.923824
0.969284 0.763848
0.970633 0.425319
0.971761 0.391296
0.972148 0.888513
0.972259 0.758835
0.974308 0.190767
0.974451 0.597462
0.974456 0.674176
0.974777 0.0786828
0.975096 0.43469
0.975683 0.303162
0.975741 0.28264
0.975824 0.667853
0.976935 0.349255
0.976952 0.632875
0.978519 0.972764
0.979364 0.169876
0.979419 0.0894036
0.980481 0.951839
0.980513 0.481066
0.981058 0.641996
0.981153 0.233034
0.983018 0.575444
0.985466 0.730821
0.987821 0.305343
0.987914 0.869607
0.988282 0.0529708
0.98928 0.824692
0.989675 0.467902
0.991627 0.276175
0.992498 0.906047
0.992596 0.563311
0.993838 0.442554
0.994025 0.572851
0.994741 0.606951
0.995034 0.534143
0.99505 0.804458
0.995238 0.960559
0.995744 0.467689
0.995753 0.615944
0.995943 0.807999
0.996501 0.185477
0.996843 0.944425
0.997404 0.361895
0.999946 0.0894176
