0.000407877 0.855195
0.000458786 0.710829
0.000597572 0.0433997
0.000645366 0.846683
0.000660744 0.105125
0.00136057 0.867031
0.00156735 0.342518
0.00219931 0.96377
0.00294451 0.488457
0.00324115 0.474027
0.00413463 0.490794
0.00472874 0.475982
0.00521125 0.585485
0.00572753 0.262659
0.00656167 0.281933
0.00697243 0.185597
0.00739837 0.344408
0.00744767 0.172946
0.007896 0.708151
0.00870832 0.360767
0.00885595 0.841945
0.00904153 0.960934
0.00925098 0.481148
0.00928625 0.0740428
0.0100131 0.290465
0.0107462 0.611182
0.0109579 0.169714
0.0120498 0.520382
0.0128617 0.166761
0.0128801 0.475214
0.0129077 0.940421
0.0147828 0.453711
0.015158 0.760732
0.0155527 0.394676
0.0156871 0.652434
0.0158588 0.538518
0.0160484 0.725838
0.0163444 0.700685
0.0164979 0.280554
0.0170306 0.233451
0.0172702 0.259883
0.0175976 0.762642
0.0178235 0.559183
0.0191507 0.865126
0.0196037 0.479698
0.0203021 0.217772
0.0205449 0.297479
0.0206757 0.495757
0.0219364 0.685253
0.0219919 0.617538
0.0231507 0.0939036
0.0232653 0.0203096
0.0236985 0.30043
0.0241064 0.15582
0.0242529 0.618223
0.0247181 0.43632
0.0251152 0.111422
0.0280077 0.725119
0.0282785 0.277279
0.0284668 0.441402
0.0285429 0.720333
0.0288593 0.0380844
0.0290077 0.532967
0.0290362 0.0108525
0.0302564 0.519783
0.0302853 0.00420363
0.0303099 0.418719
0.0306398 0.962959
0.0307612 0.00349652
0.0317428 0.501616
0.0330244 0.0406529
0.034415 0.413682
0.0348007 0.895152
0.0352871 0.0699203
0.0361089 0.882969
0.037117 0.825524
0.0378529 0.194217
0.0378603 0.318758
0.0379944 0.572666
0.0397517 0.106996
0.0397943 0.822037
0.0401478 0.763449
0.0404555 0.935114
0.0405231 0.0717998
0.0411419 0.47126
0.0414847 0.233205
0.041648 0.977764
0.0419967 0.838478
0.0427921 0.206034
0.0435743 0.35295
0.0442825 0.255988
0.0444135 0.457202
0.0456302 0.907317
0.0459956 0.0482305
0.0472383 0.933453
0.0474703 0.833442
0.0480624 0.785242
0.0486948 0.414234
0.0489033 0.917747
0.0494372 0.891611
0.0500629 0.407676
0.0509814 0.844125
0.0514631 0.940543
0.0518544 0.516126
0.0520384 0.60906
0.0520832 0.362778
0.052668 0.191423
0.0528412 0.101376
0.054071 0.770512
0.0542021 0.974856
0.0545575 0.947894
0.0546157 0.926887
0.0553627 0.481197
0.0554525 0.99088
0.0557443 0.894476
0.0564555 0.847017
0.0570458 0.769061
0.0571967 0.304108
0.0573321 0.580752
0.0574904 0.24167
0.0578518 0.314518
0.0583192 0.170017
0.0587854 0.00561374
0.0595893 0.516885
0.0596281 0.169949
0.0600712 0.617452
0.0604651 0.236783
0.0615662 0.743063
0.0617908 0.518644
0.0618962 0.289713
0.0621739 0.957391
0.0623522 0.952973
0.0627558 0.735954
0.0630653 0.938282
0.0631854 0.957133
0.0635143 0.485352
0.0637094 0.764272
0.0655356 0.456279
0.065544 0.598523
0.0656302 0.0467538
0.0661397 0.609952
0.0669023 0.426587
0.0671704 0.932955
0.0676834 0.555321
0.0678097 0.678114
0.0678281 0.987037
0.0678484 0.32829
0.0686076 0.0878858
0.0688789 0.647842
0.0705578 0.865252
0.070928 0.0861594
0.0711071 0.0964158
0.0716267 0.829556
0.0717255 0.489959
0.0722996 0.139364
0.073848 0.163443
0.0739482 0.848037
0.0740424 0.430138
0.0741838 0.80764
0.0748252 0.587736
0.0750026 0.568151
0.0784777 0.975061
0.0787256 0.140834
0.0794392 0.134071
0.0795688 0.31341
0.0795873 0.623506
0.0800078 0.690483
0.0800259 0.994686
0.0805071 0.0831371
0.0814699 0.26439
0.0818211 0.167406
0.0827576 0.906939
0.0835626 0.436039
0.0836983 0.716463
0.0841179 0.769055
0.0864597 0.127764
0.0864837 0.531245
0.087145 0.646176
0.0878092 0.809287
0.0884369 0.358231
0.0889202 0.482401
0.0894333 0.105307
0.0894792 0.87629
0.0894796 0.883162
0.0909982 0.406361
0.0911409 0.804407
0.0919362 0.171948
0.0923506 0.136994
0.0931178 0.0317353
0.0931399 0.402557
0.0937007 0.828291
0.094251 0.0762971
0.0949966 0.6082
0.0951744 0.595713
0.0953217 0.0719218
0.0957396 0.0953917
0.0961843 0.569449
0.0973405 0.00188571
0.0975847 0.105838
0.0981168 0.0484511
0.0986344 0.74865
0.0986418 0.872424
0.0988813 0.898864
0.0994529 0.505192
0.0995512 0.157292
0.0998781 0.651247
0.10018 0.723877
0.101128 0.660501
0.101245 0.618784
0.102111 0.179525
0.102501 0.727676
0.103052 0.995748
0.103494 0.42507
0.10386 0.572182
0.103998 0.897905
0.104093 0.48705
0.104251 0.138608
0.104934 0.62807
0.105725 0.917276
0.106036 0.148844
0.106767 0.424825
0.107182 0.415863
0.10743 0.577934
0.108733 0.475317
0.108785 0.351471
0.110792 0.0841085
0.11181 0.188341
0.112978 0.814566
0.113263 0.61008
0.113998 0.960357
0.114324 0.44089
0.114699 0.751581
0.115052 0.684916
0.116477 0.630796
0.116591 0.544421
0.117955 0.468311
0.118143 0.635322
0.118691 0.842215
0.118757 0.952605
0.119393 0.637384
0.119994 0.731514
0.12073 0.116015
0.121053 0.538171
0.121813 0.306141
0.122745 0.980245
0.122758 0.188795
0.123148 0.749108
0.123271 0.808828
0.123402 0.0221724
0.12426 0.434807
0.125713 0.86323
0.125945 0.753162
0.12737 0.705304
0.128278 0.966708
0.128733 0.621625
0.12879 0.576301
0.128905 0.503138
0.129205 0.54188
0.129821 0.897121
0.129895 0.141169
0.130028 0.377773
0.130587 0.782158
0.131151 0.258177
0.131334 0.327217
0.13293 0.150032
0.139565 0.674557
0.140447 0.492261
0.140491 0.235414
0.140543 0.0985609
0.141015 0.0428188
0.141024 0.18464
0.143 0.402413
0.143372 0.656636
0.143493 0.692338
0.144113 0.11217
0.144287 0.0386764
0.144866 0.756977
0.145175 0.964267
0.145379 0.37989
0.145556 0.356094
0.146811 0.447056
0.146897 0.893095
0.147166 0.424758
0.149045 0.992278
0.149541 0.336862
0.150167 0.849476
0.150397 0.726346
0.150527 0.8998
0.151009 0.0024711
0.152042 0.36553
0.152433 0.933442
0.15434 0.994508
0.154687 0.821068
0.154748 0.84183
0.15602 0.227822
0.156319 0.249972
0.156454 0.519588
0.156585 0.726835
0.156658 0.958346
0.157106 0.47962
0.157674 0.032666
0.157778 0.767162
0.158267 0.996659
0.158524 0.317833
0.158973 0.851864
0.159251 0.529966
0.159446 0.813136
0.159953 0.326582
0.160391 0.687063
0.16051 0.685495
0.161553 0.216789
0.161662 0.049146
0.162324 0.175058
0.164182 0.406662
0.165344 0.942125
0.16536 0.20034
0.166318 0.314106
0.166401 0.695523
0.166937 0.70819
0.16752 0.502876
0.167552 0.0511127
0.167976 0.165048
0.169344 0.164892
0.170496 0.529294
0.170619 0.598883
0.17064 0.95226
0.172011 0.98456
0.17228 0.517147
0.17258 0.548313
0.172886 0.694338
0.175069 0.380867
0.175341 0.947921
0.17549 0.454019
0.175881 0.0326141
0.17593 0.850532
0.177693 0.483499
0.177983 0.357722
0.178285 0.439517
0.17918 0.482996
0.179366 0.607815
0.179827 0.349753
0.179918 0.889341
0.180635 0.936181
0.180673 0.572082
0.180895 0.310645
0.181142 0.446842
0.181486 0.232994
0.181501 0.486701
0.181547 0.261097
0.181686 0.597769
0.182329 0.409765
0.183642 0.471126
0.183732 0.975683
0.183828 0.590959
0.183835 0.715947
0.184442 0.911311
0.184762 0.29932
0.184915 0.867833
0.18513 0.474482
0.185176 0.25787
0.185576 0.967463
0.185807 0.85659
0.185954 0.321035
0.1862 0.461928
0.18677 0.0474617
0.186795 0.462439
0.187528 0.787914
0.188514 0.359234
0.188632 0.341152
0.188777 0.778338
0.190364 0.447271
0.191857 0.537491
0.192756 0.654679
0.192803 0.445761
0.193654 0.75011
0.19407 0.733
0.194666 0.755018
0.195077 0.654244
0.195267 0.847912
0.195288 0.204614
0.195405 0.17736
0.195592 0.313887
0.195654 0.360836
0.195691 0.978423
0.19621 0.693766
0.197178 0.971894
0.197236 0.949525
0.19744 0.378962
0.199903 0.769122
0.201364 0.329044
0.201548 0.414887
0.202282 0.748854
0.202699 0.770015
0.202957 0.095532
0.20323 0.693594
0.203325 0.279107
0.20389 0.779717
0.204543 0.745986
0.205731 0.724273
0.206995 0.961463
0.207456 0.711603
0.207505 0.535321
0.208193 0.0969263
0.209276 0.308488
0.210223 0.217674
0.211237 0.266769
0.212159 0.750685
0.212752 0.714827
0.212839 0.189636
0.213217 0.546605
0.213238 0.891301
0.213505 0.374081
0.213773 0.89035
0.214257 0.0163991
0.214748 0.271387
0.215342 0.255659
0.21583 0.44759
0.215851 0.802054
0.21638 0.698734
0.216828 0.234033
0.216973 0.672197
0.216974 0.678302
0.217134 0.372553
0.217551 0.38181
0.217617 0.482065
0.217876 0.847363
0.218439 0.297594
0.219204 0.159426
0.21997 0.0330991
0.221072 0.560573
0.221111 0.219897
0.221915 0.723937
0.222064 0.222443
0.226134 0.631125
0.227436 0.515899
0.227579 0.925137
0.228167 0.804708
0.22856 0.406524
0.229242 0.870425
0.229381 0.20572
0.229797 0.199418
0.230689 0.18481
0.231422 0.517353
0.231547 0.610319
0.231602 0.530434
0.231612 0.699312
0.231675 0.768769
0.231956 0.48987
0.232045 0.978892
0.232389 0.770217
0.232417 0.234978
0.234448 0.368608
0.234472 0.766915
0.235299 0.672064
0.236839 0.546276
0.236898 0.551831
0.236984 0.982797
0.237053 0.150922
0.237168 0.0905073
0.237276 0.902132
0.23759 0.181386
0.237641 0.0361191
0.237794 0.608576
0.237833 0.25631
0.237898 0.35399
0.238145 0.50944
0.23836 0.117834
0.238709 0.97577
0.238799 0.50282
0.239871 0.510145
0.24036 0.724624
0.240759 0.441464
0.240832 0.671159
0.241248 0.653235
0.24145 0.0554831
0.241513 0.101845
0.242576 0.97271
0.24279 0.573959
0.243168 0.92847
0.243416 0.0893512
0.244032 0.438637
0.244177 0.876966
0.245068 0.862248
0.245218 0.38352
0.24554 0.789702
0.246087 0.990617
0.246717 0.566985
0.248007 0.254574
0.248147 0.604332
0.248577 0.836601
0.248864 0.661174
0.25028 0.464153
0.250503 0.211317
0.250516 0.420007
0.251081 0.916688
0.251295 0.513844
0.251364 0.666934
0.252444 0.831084
0.252631 0.971164
0.252754 0.0290217
0.25283 0.312695
0.253187 0.308813
0.253275 0.793162
0.254425 0.120812
0.254956 0.0503936
0.255175 0.723888
0.255387 0.284847
0.255876 0.507246
0.256051 0.45079
0.256352 0.514005
0.256414 0.548291
0.25642 0.653266
0.257223 0.152642
0.259749 0.593141
0.260304 0.933427
0.261047 0.417308
0.261662 0.761545
0.262199 0.78088
0.262653 0.408389
0.264012 0.257764
0.264422 0.134184
0.264759 0.804209
0.266633 0.297033
0.266867 0.237775
0.267107 0.260771
0.267503 0.924917
0.268032 0.818967
0.268296 0.255994
0.268934 0.979035
0.269191 0.294128
0.26969 0.681773
0.271632 0.324017
0.272 0.504235
0.272122 0.557553
0.272751 0.132982
0.273013 0.535494
0.273068 0.454373
0.273875 0.0196387
0.275127 0.0658413
0.276229 0.587375
0.276456 0.403747
0.277167 0.344243
0.27744 0.941601
0.27788 0.331306
0.278006 0.439119
0.278509 0.908252
0.278556 0.698512
0.279204 0.577925
0.279531 0.077444
0.279789 0.421642
0.280148 0.44113
0.280396 0.620982
0.280569 0.519917
0.281285 0.55674
0.281325 0.225096
0.28144 0.163594
0.282282 0.305405
0.282551 0.842758
0.282635 0.244781
0.282741 0.0246464
0.283643 0.180301
0.283856 0.772315
0.284621 0.624011
0.284953 0.204197
0.285253 0.241898
0.285391 0.567496
0.28567 0.255264
0.285695 0.669686
0.28577 0.940109
0.285915 0.374165
0.286122 0.845942
0.287661 0.725969
0.287754 0.273962
0.287939 0.398162
0.288844 0.597206
0.288953 0.434689
0.289021 0.570538
0.289322 0.636492
0.290222 0.764089
0.2907 0.800635
0.290971 0.346598
0.291006 0.944947
0.291535 0.822961
0.291734 0.165932
0.292752 0.286389
0.293539 0.502896
0.293788 0.686857
0.294007 0.38081
0.295253 0.31234
0.295321 0.457612
0.295459 0.783664
0.295759 0.82502
0.295803 0.560252
0.295815 0.757586
0.296806 0.413532
0.297497 0.0399638
0.2975 0.0883777
0.297729 0.92524
0.298499 0.877709
0.298636 0.174302
0.299812 0.93633
0.299976 0.700001
0.300105 0.859132
0.300233 0.0197423
0.300441 0.511845
0.300664 0.254689
0.300802 0.576467
0.301434 0.197758
0.302179 0.719119
0.30301 0.694878
0.303319 0.880403
0.303323 0.944674
0.303443 0.963126
0.303794 0.8615
0.303933 0.196716
0.304705 0.173408
0.304986 0.899533
0.305337 0.806251
0.306043 0.670369
0.306973 0.292788
0.307369 0.953662
0.307522 0.524492
0.308626 0.0721885
0.309837 0.428019
0.310046 0.947639
0.310423 0.286865
0.31128 0.676537
0.312379 0.14619
0.31296 0.914273
0.313139 0.923434
0.313734 0.922795
0.314208 0.899736
0.316441 0.431974
0.316985 0.572351
0.317435 0.126159
0.3176 0.898173
0.317615 0.15595
0.31795 0.785865
0.31855 0.86543
0.319147 0.911796
0.319307 0.593141
0.319974 0.809831
0.320263 0.662524
0.320474 0.205999
0.320737 0.635028
0.320981 0.720158
0.321075 0.311266
0.321916 0.440954
0.324031 0.992698
0.324682 0.934103
0.324775 0.488655
0.324821 0.273069
0.324894 0.487032
0.326241 0.130714
0.326868 0.675902
0.327148 0.375136
0.327767 0.778243
0.328147 0.171776
0.328466 0.533661
0.328493 0.981862
0.328504 0.170477
0.328732 0.00699455
0.329203 0.92098
0.32941 0.394675
0.329577 0.206016
0.329748 0.0713831
0.330661 0.419582
0.330967 0.564285
0.331101 0.81241
0.33125 0.310704
0.332408 0.778492
0.332425 0.0722863
0.332981 0.417363
0.333688 0.287327
0.333824 0.578779
0.333849 0.9981
0.334338 0.222135
0.336376 0.475476
0.336792 0.464847
0.338302 0.840479
0.338747 0.327795
0.338958 0.866331
0.339167 0.377311
0.340661 0.483489
0.341325 0.643814
0.343581 0.569397
0.343587 0.663087
0.343839 0.897137
0.344454 0.231826
0.344976 0.00578095
0.344983 0.121016
0.346148 0.705339
0.346808 0.809893
0.347728 0.261275
0.347971 0.355624
0.348425 0.97904
0.348739 0.249896
0.348806 0.380454
0.34881 0.445726
0.348948 0.769031
0.350168 0.281937
0.350328 0.967634
0.351572 0.866896
0.351802 0.741325
0.352517 0.758245
0.352713 0.0470421
0.353398 0.567583
0.355076 0.765905
0.356092 0.833855
0.359718 0.77571
0.360599 0.593039
0.360726 0.716614
0.361163 0.0617716
0.36189 0.283539
0.362217 0.785618
0.362279 0.816351
0.362411 0.0368873
0.364052 0.615471
0.364115 0.683371
0.364197 0.056891
0.36464 0.506381
0.364649 0.660209
0.364681 0.19032
0.364767 0.633863
0.365075 0.823246
0.365519 0.272745
0.365639 0.295853
0.365776 0.604765
0.367413 0.110407
0.368951 0.959981
0.369078 0.0862412
0.369595 0.778911
0.369826 0.666363
0.369939 0.572655
0.370756 0.300592
0.371805 0.9185
0.373176 0.966274
0.373686 0.539083
0.374687 0.372907
0.375166 0.414329
0.375248 0.795354
0.375398 0.319867
0.375619 0.0327592
0.377039 0.895218
0.379234 0.786461
0.379335 0.48789
0.379674 0.177567
0.380051 0.522999
0.380626 0.174392
0.380654 0.653334
0.381026 0.895967
0.38104 0.134546
0.381784 0.646383
0.381878 0.227544
0.381909 0.738567
0.38228 0.976473
0.382864 0.801039
0.383336 0.736477
0.383726 0.278484
0.384503 0.342714
0.385395 0.341348
0.385569 0.263127
0.385683 0.174334
0.387312 0.553971
0.387559 0.698597
0.387968 0.57292
0.388827 0.0171107
0.389513 0.550041
0.390006 0.836366
0.390308 0.906397
0.39062 0.150417
0.393325 0.620448
0.394152 0.514836
0.395085 0.192212
0.397231 0.255621
0.397566 0.894637
0.398222 0.916771
0.399849 0.259014
0.40064 0.563936
0.401004 0.675509
0.40174 0.0438329
0.402432 0.680587
0.402946 0.317847
0.403406 0.0407437
0.403668 0.445784
0.404295 0.982824
0.405031 0.356721
0.405153 0.406338
0.405261 0.226665
0.40573 0.100024
0.406203 0.060858
0.409615 0.40656
0.410069 0.0329181
0.411041 0.367725
0.411479 0.726727
0.412429 0.700542
0.412988 0.0863857
0.413067 0.422449
0.413436 0.62037
0.413535 0.282565
0.413772 0.262658
0.414004 0.161739
0.415351 0.797305
0.415783 0.0669299
0.417271 0.0726728
0.417386 0.00217803
0.417865 0.0603409
0.417882 0.341354
0.417899 0.630343
0.417901 0.668309
0.418155 0.93105
0.418218 0.995272
0.419253 0.380049
0.419471 0.0504753
0.419925 0.687399
0.419948 0.0740221
0.420158 0.594746
0.420299 0.96367
0.42122 0.440691
0.423652 0.327092
0.423709 0.275687
0.425592 0.918066
0.425693 0.624026
0.426003 0.836623
0.426322 0.200136
0.426973 0.13607
0.427812 0.233897
0.428004 0.467753
0.428278 0.0726163
0.428633 0.03368
0.431348 0.660301
0.431883 0.650835
0.432639 0.361548
0.433006 0.523483
0.433899 0.538067
0.434262 0.639943
0.434649 0.140549
0.434805 0.767587
0.435198 0.378826
0.435487 0.232709
0.436485 0.00561252
0.436977 0.26723
0.437143 0.0633957
0.437241 0.711895
0.440028 0.547972
0.440073 0.305549
0.44316 0.190997
0.443446 0.998633
0.443846 0.72269
0.444711 0.256578
0.445255 0.405502
0.44542 0.170206
0.445566 0.629017
0.446016 0.19577
0.446077 0.219482
0.44638 0.31196
0.44676 0.697526
0.446834 0.938592
0.448048 0.343166
0.448571 0.125651
0.448754 0.203661
0.44885 0.815846
0.449354 0.292258
0.450581 0.916384
0.45076 0.915324
0.452561 0.196791
0.452799 0.1927
0.45293 0.397647
0.453392 0.154776
0.453944 0.433618
0.454048 0.177207
0.455041 0.870149
0.455177 0.164793
0.455467 0.0303374
0.455749 0.773837
0.456615 0.327433
0.459449 0.962692
0.460756 0.928704
0.460923 0.739466
0.461056 0.9715
0.461059 0.0199294
0.461294 0.972011
0.461606 0.210959
0.461712 0.98544
0.461716 0.0687044
0.461735 0.37913
0.461946 0.930791
0.462203 0.245327
0.464267 0.939184
0.464327 0.938869
0.464336 0.0995448
0.464348 0.304737
0.464491 0.696671
0.465298 0.269137
0.46558 0.00619548
0.466395 0.701747
0.467078 0.178734
0.46725 0.0777776
0.46733 0.417856
0.467839 0.973024
0.468414 0.631805
0.468425 0.811905
0.469148 0.978176
0.469445 0.958557
0.469625 0.989835
0.470035 0.872226
0.470337 0.947259
0.470686 0.814132
0.470802 0.766256
0.470864 0.811256
0.47147 0.989942
0.471942 0.934912
0.472261 0.283625
0.47272 0.00705443
0.474613 0.81273
0.475104 0.0744727
0.475466 0.157338
0.47644 0.521275
0.476829 0.0664202
0.476851 0.431583
0.477269 0.453793
0.478288 0.578812
0.478907 0.982194
0.478973 0.101067
0.479069 0.709315
0.479267 0.0399599
0.479754 0.217639
0.480866 0.908449
0.482611 0.239693
0.482772 0.941418
0.482913 0.315665
0.483343 0.545266
0.483899 0.897808
0.484264 0.0185926
0.485316 0.704724
0.485356 0.374974
0.485448 0.918733
0.487042 0.713474
0.48726 0.371942
0.488252 0.0498487
0.489884 0.487346
0.490954 0.465792
0.491991 0.898482
0.492224 0.815071
0.492481 0.127033
0.4932 0.213255
0.493238 0.851605
0.496292 0.178203
0.496788 0.521574
0.497319 0.435598
0.497386 0.558408
0.498954 0.911796
0.499559 0.0943881
0.499609 0.921244
0.499981 0.184429
0.50004 0.167765
0.501122 0.351505
0.501152 0.86702
0.502242 0.188316
0.503036 0.524957
0.503103 0.656087
0.503198 0.250976
0.503432 0.187859
0.503554 0.235926
0.504223 0.475954
0.504232 0.622941
0.50425 0.92471
0.504386 0.221835
0.504388 0.255254
0.504437 0.0662927
0.504515 0.380473
0.505088 0.0193826
0.505827 0.441748
0.506584 0.164466
0.507087 0.618455
0.508186 0.0746698
0.508338 0.641515
0.50875 0.556363
0.508835 0.98873
0.510295 0.527637
0.510691 0.187776
0.511626 0.89
0.511727 0.594638
0.512224 0.940929
0.512976 0.587481
0.51324 0.0257132
0.513296 0.973393
0.513537 0.00785464
0.513579 0.723795
0.515694 0.264895
0.51594 0.40913
0.516432 0.670364
0.518579 0.754732
0.519069 0.988604
0.519547 0.0267863
0.519757 0.555602
0.520016 0.913223
0.521491 0.697065
0.521512 0.0481009
0.521664 0.600178
0.522245 0.371431
0.523156 0.685335
0.523927 0.641256
0.526217 0.121557
0.526484 0.616796
0.526509 0.0424802
0.526788 0.721905
0.527651 0.225326
0.528259 0.456332
0.528737 0.477703
0.528751 0.723607
0.528761 0.88937
0.52953 0.813891
0.531572 0.135181
0.531712 0.48461
0.531724 0.688072
0.532149 0.820039
0.532373 0.585861
0.532441 0.744672
0.532719 0.405604
0.532895 0.371469
0.53313 0.308579
0.53388 0.921117
0.533999 0.923001
0.534671 0.213744
0.534791 0.22901
0.535355 0.705084
0.536958 0.652322
0.537602 0.475448
0.537845 0.564937
0.537888 0.285503
0.537993 0.0426479
0.538651 0.102677
0.538706 0.0258367
0.539688 0.529763
0.540041 0.473546
0.540762 0.587709
0.540897 0.849788
0.541089 0.0834642
0.541265 0.0415187
0.541327 0.0877478
0.541429 0.800001
0.542238 0.398231
0.542669 0.639853
0.542949 0.345779
0.543215 0.815293
0.544143 0.411392
0.54417 0.863702
0.54423 0.87065
0.547312 0.667448
0.548408 0.100363
0.549283 0.806408
0.550136 0.141789
0.550153 0.422004
0.550534 0.831042
0.551594 0.632338
0.552469 0.351398
0.552839 0.568838
0.553228 0.106987
0.553488 0.478288
0.553717 0.330114
0.554298 0.0870216
0.554975 0.458932
0.555053 0.768706
0.555691 0.496044
0.555826 0.759266
0.556279 0.380091
0.556411 0.598577
0.557404 0.286682
0.557423 0.615217
0.558201 0.689206
0.559486 0.279944
0.559501 0.530067
0.560221 0.642234
0.562384 0.988934
0.5627 0.293788
0.562937 0.281628
0.563792 0.644879
0.563812 0.993935
0.563956 0.409755
0.565032 0.494123
0.566505 0.2558
0.566936 0.494785
0.567843 0.738611
0.56789 0.522094
0.568531 0.298073
0.568684 0.878059
0.568712 0.340816
0.569957 0.268442
0.570749 0.571751
0.572016 0.873751
0.572624 0.0840635
0.573078 0.71511
0.573139 0.743808
0.574117 0.186665
0.575671 0.306742
0.57604 0.510744
0.576242 0.896056
0.57629 0.697805
0.57683 0.777786
0.577749 0.227478
0.577986 0.205144
0.578401 0.178572
0.578538 0.487022
0.57918 0.285377
0.579272 0.830412
0.579334 0.859423
0.57962 0.676451
0.579649 0.158422
0.58003 0.565785
0.580914 0.429117
0.581706 0.73425
0.581714 0.874616
0.58217 0.526723
0.582212 0.242327
0.582681 0.119763
0.582752 0.304543
0.584203 0.691932
0.584209 0.795177
0.584212 0.849766
0.585944 0.966889
0.586712 0.86707
0.587144 0.128422
0.588321 0.915753
0.588483 0.636418
0.588682 0.986049
0.589066 0.437349
0.589172 0.208159
0.589184 0.412106
0.589513 0.940795
0.589618 0.706893
0.58994 0.118029
0.590709 0.0538905
0.591128 0.0934122
0.592248 0.910469
0.592294 0.688418
0.593861 0.0271326
0.594281 0.086635
0.59451 0.922714
0.595236 0.134198
0.595931 0.817731
0.596698 0.709029
0.596896 0.030454
0.597362 0.869173
0.597947 0.700611
0.59857 0.165852
0.600242 0.265281
0.60103 0.5063
0.601905 0.209927
0.601945 0.887925
0.603651 0.563985
0.604352 0.350231
0.604552 0.701044
0.604935 0.143312
0.605388 0.756475
0.60623 0.907255
0.606377 0.386821
0.606505 0.526895
0.60656 0.446399
0.60666 0.127472
0.606874 0.725998
0.606912 0.363784
0.607204 0.285029
0.608226 0.457726
0.609035 0.0459626
0.610115 0.202067
0.610648 0.166563
0.611299 0.0971908
0.611427 0.246719
0.612257 0.211881
0.612354 0.84054
0.6127 0.65018
0.613157 0.335087
0.614059 0.494483
0.614785 0.695041
0.615013 0.520155
0.616018 0.419228
0.616823 0.949979
0.617304 0.028154
0.617752 0.550852
0.618029 0.221684
0.618673 0.0330386
0.618792 0.0294202
0.619049 0.355955
0.619096 0.154252
0.619729 0.787275
0.619867 0.10993
0.620346 0.158192
0.621047 0.935681
0.621198 0.471643
0.621264 0.576648
0.62205 0.792115
0.622935 0.662091
0.622992 0.627489
0.623235 0.713026
0.623249 0.945383
0.623559 0.150788
0.624367 0.737834
0.625304 0.484849
0.626 0.179315
0.626137 0.490654
0.626799 0.602227
0.626849 0.453055
0.627662 0.10719
0.628645 0.639299
0.629359 0.643204
0.630097 0.0410654
0.630681 0.855919
0.630719 0.490294
0.63157 0.803619
0.631982 0.718545
0.632632 0.641746
0.632867 0.603408
0.632929 0.635103
0.633482 0.926498
0.635259 0.799069
0.63558 0.19935
0.635636 0.129584
0.635679 0.851355
0.636015 0.509906
0.636361 0.318473
0.636485 0.399716
0.636488 0.451801
0.637053 0.952997
0.637107 0.865458
0.637577 0.757021
0.638218 0.53048
0.638481 0.953427
0.638637 0.578172
0.639286 0.486902
0.640016 0.749508
0.64101 0.447998
0.641585 0.115529
0.64163 0.870124
0.642202 0.483527
0.642241 0.145552
0.643025 0.316799
0.643416 0.886887
0.643699 0.649405
0.64385 0.185493
0.643999 0.687826
0.644083 0.100548
0.644434 0.9985
0.644786 0.910688
0.644789 0.961129
0.644906 0.932208
0.646342 0.0632839
0.646796 0.692045
0.647788 0.373231
0.648718 0.000181856
0.648735 0.293874
0.649133 0.982681
0.649562 0.184576
0.65049 0.788024
0.650546 0.723948
0.650556 0.896074
0.650993 0.23396
0.65114 0.711022
0.653275 0.600802
0.654124 0.870676
0.654145 0.215271
0.654508 0.318916
0.654822 0.592644
0.65575 0.196718
0.658319 0.362847
0.65868 0.431672
0.659066 0.926791
0.659611 0.0742907
0.659807 0.368824
0.659907 0.0566043
0.6611 0.100179
0.661901 0.570338
0.661967 0.671728
0.663261 0.42073
0.6633 0.0825361
0.664069 0.0154704
0.664229 0.704454
0.66475 0.45961
0.665364 0.779273
0.665639 0.396306
0.666008 0.597749
0.666299 0.487375
0.666439 0.845053
0.666883 0.310775
0.667278 0.946942
0.667821 0.0745154
0.668413 0.0173306
0.668508 0.616352
0.671223 0.238661
0.671923 0.015797
0.672252 0.545456
0.672749 0.89051
0.67293 0.936094
0.673063 0.167259
0.674498 0.285977
0.674623 0.383866
0.676137 0.828403
0.676238 0.536249
0.676869 0.138507
0.677534 0.309796
0.678513 0.77499
0.67874 0.583254
0.678899 0.26211
0.679407 0.792485
0.68174 0.0078153
0.681921 0.0524921
0.68215 0.903332
0.684058 0.960422
0.684471 0.905096
0.685507 0.321898
0.68658 0.349893
0.687606 0.589506
0.688063 0.282318
0.688122 0.271603
0.688192 0.444908
0.688239 0.237735
0.688694 0.871998
0.688995 0.945458
0.689063 0.080039
0.689672 0.3098
0.690381 0.240842
0.691286 0.449183
0.69186 0.0965453
0.692341 0.178931
0.693062 0.298455
0.693091 0.78621
0.694 0.0515901
0.694898 0.150417
0.69584 0.982114
0.696171 0.540714
0.696344 0.457007
0.697368 0.664728
0.698681 0.732546
0.699075 0.360001
0.699175 0.0346328
0.699439 0.464092
0.699707 0.980392
0.699764 0.933839
0.700114 0.819113
0.700364 0.0190006
0.700885 0.781834
0.701916 0.0996327
0.701993 0.392572
0.703364 0.44033
0.703376 0.639675
0.703566 0.832263
0.704424 0.247026
0.704739 0.541103
0.704985 0.690965
0.705178 0.926996
0.705901 0.0771608
0.706775 0.768477
0.707792 0.868014
0.708176 0.310931
0.708252 0.592851
0.708316 0.667733
0.708377 0.688863
0.708991 0.0150838
0.709275 0.792519
0.709551 0.429282
0.709888 0.0882249
0.710026 0.400119
0.710949 0.912577
0.711455 0.418369
0.71275 0.184144
0.712761 0.375139
0.712807 0.141998
0.71335 0.280027
0.713353 0.319997
0.713507 0.909633
0.714035 0.785135
0.714895 0.239038
0.715481 0.0892199
0.718273 0.0161222
0.718815 0.124928
0.71941 0.119069
0.719558 0.615258
0.720333 0.632373
0.721071 0.0432567
0.721916 0.239336
0.72246 0.380926
0.722609 0.888871
0.722782 0.796492
0.723043 0.18073
0.723276 0.0979064
0.723626 0.982029
0.723803 0.952034
0.72381 0.0682404
0.724071 0.453864
0.724308 0.448411
0.725617 0.448609
0.72587 0.698727
0.726881 0.693484
0.727384 0.135577
0.727599 0.755336
0.727811 0.314424
0.728043 0.213075
0.728056 0.444211
0.728958 0.596571
0.729145 0.733114
0.729729 0.550253
0.731219 0.597343
0.731755 0.614134
0.732804 0.231182
0.733146 0.984541
0.734296 0.314304
0.734791 0.628287
0.735829 0.0812393
0.736075 0.218642
0.736478 0.979349
0.73713 0.951183
0.737254 0.0294596
0.737507 0.280814
0.738882 0.386197
0.739322 0.782992
0.739943 0.22916
0.740674 0.507059
0.741113 0.882324
0.741319 0.339967
0.742533 0.751357
0.742567 0.320702
0.742842 0.951541
0.744835 0.448942
0.744903 0.5849
0.746038 0.658036
0.747348 0.677322
0.748182 0.697026
0.748304 0.747887
0.748705 0.478526
0.748765 0.487814
0.749174 0.370942
0.74928 0.157044
0.749746 0.981653
0.749864 0.95677
0.750002 0.27858
0.751248 0.230483
0.751369 0.255344
0.751621 0.502684
0.752315 0.150426
0.752362 0.949624
0.752635 0.536682
0.753507 0.199017
0.753645 0.508751
0.754485 0.635536
0.754524 0.28521
0.755053 0.177382
0.755086 0.732921
0.756391 0.665007
0.757226 0.703893
0.758385 0.174976
0.760445 0.794451
0.761411 0.0280234
0.762467 0.784388
0.762908 0.193064
0.763912 0.0705982
0.763974 0.118901
0.76416 0.240527
0.764208 0.0463142
0.765037 0.98399
0.766062 0.209813
0.766198 0.492045
0.766615 0.504636
0.767559 0.36853
0.767875 0.675395
0.76852 0.509118
0.768907 0.0243743
0.769061 0.613901
0.769401 0.319097
0.769789 0.84686
0.770514 0.0302789
0.771497 0.546321
0.771739 0.615618
0.772596 0.026429
0.77264 0.767148
0.775647 0.299134
0.776361 0.299244
0.776389 0.770868
0.776769 0.162093
0.777233 0.96312
0.778901 0.980356
0.780145 0.901619
0.780987 0.0493228
0.781258 0.604771
0.781515 0.925075
0.781653 0.236484
0.781803 0.75814
0.782844 0.255045
0.78294 0.869155
0.783287 0.701428
0.783609 0.113535
0.784249 0.870543
0.784265 0.139887
0.784824 0.536085
0.7849 0.81896
0.786141 0.678222
0.788056 0.859893
0.789546 0.891564
0.789641 0.49118
0.790152 0.0765352
0.791047 0.121392
0.791888 0.261442
0.792342 0.884787
0.79305 0.792005
0.794079 0.078295
0.794984 0.299261
0.795075 0.830286
0.795092 0.107723
0.79546 0.288645
0.79555 0.806757
0.796671 0.652584
0.796795 0.737748
0.797321 0.576881
0.797671 0.455376
0.798546 0.168833
0.798798 0.392975
0.799334 0.403169
0.799829 0.727272
0.799848 0.0442866
0.801631 0.00519339
0.80182 0.180899
0.802416 0.202761
0.803285 0.807095
0.805098 0.290161
0.805165 0.411085
0.80525 0.842622
0.806787 0.663528
0.807053 0.145838
0.807293 0.17015
0.808562 0.506374
0.809128 0.0117968
0.809243 0.954043
0.809584 0.682797
0.810181 0.712555
0.810607 0.879412
0.810624 0.154994
0.810714 0.67637
0.812547 0.485178
0.812639 0.0300561
0.813162 0.815954
0.813293 0.0119705
0.81385 0.374061
0.813995 0.820326
0.814094 0.479211
0.815265 0.155596
0.815763 0.532886
0.816646 0.371463
0.817359 0.358777
0.819525 0.763767
0.82072 0.839281
0.820832 0.727627
0.820991 0.386988
0.821259 0.894758
0.821739 0.975148
0.821959 0.667824
0.822459 0.069917
0.822753 0.0140927
0.823208 0.658436
0.825704 0.614718
0.825722 0.912221
0.826077 0.877629
0.826664 0.738877
0.826682 0.0414135
0.82704 0.0561035
0.827344 0.162199
0.827639 0.120157
0.827688 0.951568
0.827819 0.149862
0.827992 0.0550806
0.828534 0.178984
0.828922 0.691306
0.829184 0.0930669
0.82996 0.140086
0.830105 0.570956
0.830163 0.5565
0.830183 0.891179
0.830903 0.991763
0.831751 0.238847
0.83246 0.148108
0.832819 0.191959
0.834494 0.349059
0.834614 0.356007
0.835607 0.039611
0.836459 0.363158
0.836716 0.687971
0.83711 0.310926
0.83724 0.49752
0.838902 0.421356
0.839095 0.664509
0.840126 0.99602
0.840745 0.406085
0.840918 0.311029
0.841306 0.827374
0.842144 0.918509
0.842188 0.661122
0.842706 0.354035
0.843018 0.601357
0.843204 0.732594
0.843622 0.749254
0.844225 0.887111
0.844404 0.896584
0.844746 0.643323
0.846022 0.0863225
0.846612 0.0088517
0.847124 0.620417
0.847242 0.599025
0.847669 0.776792
0.848069 0.493444
0.849954 0.184182
0.850379 0.324109
0.851042 0.4659
0.852194 0.816457
0.852213 0.140993
0.852426 0.716509
0.852754 0.230797
0.853548 0.574498
0.85358 0.118634
0.854022 0.547095
0.854457 0.866926
0.854484 0.304694
0.85469 0.780713
0.856691 0.41272
0.85716 0.294304
0.85778 0.708501
0.857927 0.186314
0.858588 0.295031
0.859247 0.357416
0.860628 0.56772
0.860747 0.569932
0.860981 0.51414
0.861852 0.138103
0.862156 0.250326
0.862181 0.67133
0.862755 0.320719
0.862979 0.0957917
0.864548 0.451466
0.865252 0.286337
0.867257 0.98212
0.867302 0.742781
0.867944 0.538107
0.868327 0.977424
0.870225 0.872955
0.870717 0.143298
0.872533 0.656645
0.87272 0.810421
0.873003 0.55468
0.873059 0.508042
0.874092 0.865911
0.875491 0.374251
0.879505 0.839925
0.879835 0.391834
0.8801 0.833588
0.881191 0.174528
0.881651 0.901682
0.882045 0.527854
0.882867 0.345176
0.884675 0.730656
0.884941 0.20168
0.885174 0.112024
0.885312 0.444024
0.885802 0.67522
0.886109 0.839653
0.886808 0.580678
0.888482 0.716069
0.889627 0.959773
0.890994 0.940161
0.891054 0.945888
0.891481 0.119178
0.891576 0.719099
0.892159 0.516516
0.892197 0.148543
0.89279 0.127343
0.89295 0.802608
0.892953 0.861485
0.893108 0.460098
0.893468 0.515196
0.894188 0.609707
0.894591 0.386059
0.895424 0.395495
0.895777 0.320823
0.896296 0.050841
0.896339 0.765279
0.896457 0.755274
0.896618 0.463683
0.896967 0.319717
0.897181 0.922163
0.897248 0.0492859
0.897395 0.524751
0.897505 0.373824
0.897699 0.625618
0.900142 0.690108
0.90034 0.0125585
0.90061 0.544457
0.90367 0.973838
0.903742 0.191198
0.90396 0.849533
0.904878 0.281724
0.905012 0.53892
0.905306 0.486054
0.905495 0.646138
0.906816 0.864833
0.909077 0.853199
0.909421 0.634812
0.909596 0.574404
0.909786 0.770013
0.910918 0.804025
0.911085 0.610459
0.911956 0.248649
0.912265 0.445476
0.913763 0.614086
0.913949 0.748734
0.913979 0.246961
0.91413 0.780952
0.914317 0.932216
0.914353 0.524241
0.91538 0.786754
0.91561 0.664846
0.915784 0.581859
0.916422 0.305573
0.916698 0.935348
0.916997 0.970678
0.917287 0.849793
0.917699 0.764069
0.917774 0.0341715
0.918209 0.335399
0.918284 0.602653
0.918315 0.117839
0.918375 0.124795
0.919877 0.367536
0.919969 0.927183
0.920583 0.2442
0.921485 0.400825
0.921743 0.739585
0.922032 0.592027
0.922783 0.219827
0.922873 0.724048
0.923132 0.0795708
0.923978 0.296139
0.924062 0.707108
0.924392 0.258634
0.924839 0.764443
0.925158 0.135539
0.925385 0.947302
0.926086 0.735919
0.926311 0.50196
0.929875 0.402431
0.931448 0.846184
0.93191 0.605317
0.93198 0.783459
0.931999 0.11471
0.932119 0.12946
0.932577 0.821654
0.932741 0.576536
0.93349 0.173672
0.933508 0.475582
0.933976 0.333476
0.934232 0.640272
0.936013 0.576761
0.936375 0.658515
0.936674 0.685306
0.937455 0.801276
0.937846 0.385099
0.939841 0.905533
0.940315 0.877965
0.940474 0.545395
0.941295 0.337657
0.943903 0.178599
0.944294 0.744609
0.946302 0.491585
0.947679 0.647832
0.948177 0.0171474
0.948874 0.71969
0.949573 0.473277
0.949638 0.572624
0.949964 0.0402268
0.950042 0.348757
0.950917 0.0668858
0.953061 0.0984803
0.95427 0.413841
0.954346 0.694791
0.95547 0.581095
0.955597 0.713037
0.957778 0.366687
0.958802 0.593434
0.958808 0.690246
0.95915 0.438847
0.95926 0.283123
0.95967 0.170524
0.959686 0.438663
0.960103 0.448492
0.961327 0.024948
0.961762 0.33545
0.962097 0.957131
0.962164 0.0827898
0.963553 0.439587
0.963699 0.882839
0.964316 0.256112
0.964593 0.917779
0.965144 0.180898
0.965237 0.74488
0.965565 0.243977
0.966031 0.0805752
0.966568 0.116079
0.966843 0.73442
0.968116 0.130203
0.968247 0.323989
0.969166 0.770518
0.970755 0.486675
0.971992 0.270773
0.972729 0.655329
0.973582 0.987055
0.97372 0.316229
0.974946 0.919764
0.975426 0.992273
0.975513 0.448815
0.976142 0.0100464
0.97716 0.133141
0.978905 0.451166
0.979253 0.303772
0.979257 0.368621
0.980709 0.773479
0.98159 0.586143
0.981847 0.894598
0.982349 0.347515
0.982412 0.395756
0.982588 0.36371
0.982937 0.21623
0.983004 0.353472
0.984221 0.795448
0.984285 0.874939
0.984321 0.480418
0.984749 0.684427
0.985863 0.405032
0.986592 0.652736
0.987106 0.282858
0.987248 0.680176
0.987555 0.841002
0.988073 0.544582
0.988282 0.0634346
0.989652 0.0852242
0.990025 0.358223
0.990086 0.374274
0.990668 0.153589
0.991125 0.84122
0.994458 0.856313
0.995554 0.27403
0.996217 0.417449
0.997228 0.412747
0.998473 0.327396
0.998626 0.901097
0.999837 0.263471
