0.00100387 0.872048
0.00178981 0.0812685
0.00239252 0.211142
0.00311144 0.293999
0.00409279 0.787486
0.00622694 0.65626
0.0072636 0.079347
0.00913774 0.578041
0.0101574 0.714832
0.010875 0.776206
0.0111242 0.96372
0.0138221 0.307395
0.0154082 0.965605
0.0175795 0.458478
0.0176081 0.938892
0.0177366 0.0989309
0.0186822 0.992432
0.0201309 0.339703
0.0205235 0.937646
0.0208694 0.751253
0.0209874 0.735425
0.0211386 0.277109
0.0213693 0.153854
0.0216095 0.191094
0.0217076 0.839156
0.0217721 0.923937
0.0226764 0.121964
0.0230487 0.379443
0.0231899 0.752422
0.0245357 0.372195
0.0247252 0.556314
0.0255547 0.498271
0.0257976 0.580153
0.0259169 0.58609
0.0265955 0.990268
0.0275265 0.637904
0.028291 0.486447
0.0283326 0.186688
0.0290973 0.0387991
0.0292115 0.958506
0.0297523 0.0477067
0.0298323 0.392011
0.0300472 0.00358281
0.0300533 0.10592
0.0307027 0.0210367
0.0315032 0.474558
0.0315214 0.780858
0.031607 0.218421
0.0343508 0.333447
0.034822 0.253342
0.0364604 0.789608
0.036569 0.615664
0.0366493 0.965384
0.0377506 0.474435
0.0378755 0.574289
0.0395379 0.513816
0.0422403 0.933415
0.0423553 0.864697
0.0426889 0.472877
0.0437103 0.639439
0.0449172 0.922899
0.0451569 0.952775
0.0453695 0.525935
0.046255 0.407863
0.0472988 0.950247
0.0478243 0.782555
0.048571 0.333014
0.0493704 0.768096
0.0497381 0.947704
0.0498219 0.356184
0.0498906 0.511067
0.0502422 0.420954
0.0503973 0.0281442
0.0510323 0.699994
0.0516332 0.799078
0.0521941 0.225689
0.0524069 0.803545
0.0534991 0.158987
0.0541696 0.428497
0.0549475 0.502932
0.055279 0.0741489
0.0558202 0.16983
0.0566009 0.290746
0.0570022 0.0361058
0.0570363 0.609012
0.0574766 0.00969685
0.0579768 0.416438
0.0586618 0.929168
0.0590596 0.61533
0.0591573 0.256652
0.0601436 0.83363
0.0616887 0.802259
0.0628417 0.181195
0.0644338 0.939426
0.0658085 0.0428366
0.0663578 0.275597
0.0663726 0.524859
0.0672803 0.779947
0.0678518 0.385344
0.0682544 0.152383
0.0686368 0.579155
0.0688891 0.818715
0.0689611 0.0289609
0.069071 0.875624
0.0691784 0.681097
0.0695086 0.230384
0.0697783 0.764646
0.0698898 0.638427
0.0708324 0.480799
0.0714024 0.0595001
0.0718699 0.916635
0.0721531 0.677932
0.0723379 0.78259
0.0731455 0.356535
0.0732914 0.808333
0.0742996 0.753424
0.075635 0.19809
0.0758507 0.822137
0.0773024 0.220663
0.077566 0.652626
0.0783469 0.77564
0.0794063 0.581639
0.0795202 0.495312
0.0815562 0.71583
0.0819971 0.125946
0.0821249 0.273087
0.0823396 0.881912
0.0831381 0.301529
0.0859282 0.196045
0.0876401 0.967086
0.0880918 0.558844
0.0885135 0.646154
0.088876 0.738442
0.0914069 0.275432
0.0916989 0.182706
0.0926142 0.566578
0.0946707 0.129711
0.0953742 0.953601
0.096812 0.120076
0.0970889 0.773611
0.0977346 0.625757
0.0985428 0.209235
0.0986206 0.516395
0.0987313 0.377255
0.0989815 0.581518
0.0996585 0.96019
0.100039 0.359468
0.100129 0.867547
0.100654 0.685439
0.100732 0.00430704
0.102208 0.802393
0.10231 0.531668
0.102487 0.498825
0.102999 0.104254
0.10324 0.158079
0.10387 0.745388
0.10472 0.0226262
0.105377 0.076958
0.106016 0.806926
0.10658 0.289699
0.107166 0.133675
0.107993 0.0313817
0.108171 0.0319021
0.109419 0.000514103
0.11087 0.396802
0.110943 0.61446
0.111943 0.42219
0.113424 0.309325
0.114766 0.86406
0.115148 0.297688
0.11671 0.54942
0.118158 0.883269
0.118421 0.295291
0.11909 0.548412
0.119423 0.140682
0.119757 0.763231
0.119863 0.543887
0.121886 0.534943
0.122522 0.221812
0.122833 0.461902
0.123741 0.712154
0.123814 0.945488
0.126435 0.998469
0.127539 0.541963
0.128729 0.55125
0.128855 0.67211
0.128884 0.153276
0.12935 0.987769
0.131119 0.716326
0.131367 0.877043
0.131849 0.992417
0.134312 0.386491
0.134676 0.506265
0.134851 0.448605
0.135601 0.038024
0.137597 0.585372
0.138126 0.487468
0.138146 0.812779
0.140065 0.0779411
0.142015 0.845047
0.143581 0.169526
0.144378 0.560569
0.144397 0.875737
0.14518 0.0345008
0.145493 0.300927
0.145881 0.819299
0.146981 0.303493
0.146982 0.327488
0.147237 0.608105
0.148423 0.539449
0.152053 0.553715
0.152212 0.230677
0.153414 0.4244
0.154736 0.640137
0.154924 0.815287
0.156786 0.108813
0.157047 0.482869
0.157246 0.836022
0.157263 0.116652
0.158347 0.329897
0.158857 0.917498
0.159879 0.092888
0.160025 0.54287
0.161431 0.176306
0.161681 0.365237
0.162301 0.795221
0.162408 0.595559
0.16294 0.536795
0.165676 0.517309
0.165722 0.296988
0.166562 0.403549
0.166565 0.451837
0.167066 0.877292
0.167832 0.751207
0.168031 0.0908679
0.16814 0.929783
0.168743 0.0620588
0.168883 0.412631
0.169093 0.952583
0.169374 0.676674
0.169596 0.400249
0.170004 0.264875
0.171969 0.290854
0.173765 0.461609
0.174098 0.0734369
0.174594 0.394738
0.17464 0.181601
0.175002 0.255975
0.175608 0.44986
0.175993 0.911765
0.176033 0.589442
0.176765 0.881843
0.177551 0.0947655
0.17756 0.252396
0.177587 0.705473
0.177758 0.585162
0.17827 0.181974
0.178555 0.976205
0.178635 0.314123
0.179308 0.626928
0.179443 0.901788
0.179674 0.780317
0.179675 0.794107
0.179784 0.626088
0.180334 0.871722
0.181405 0.873342
0.182737 0.258018
0.183264 0.112115
0.183314 0.965823
0.185249 0.487103
0.190134 0.588777
0.191194 0.392006
0.192185 0.0521156
0.192858 0.371135
0.193274 0.359222
0.19333 0.300625
0.194285 0.354183
0.196634 0.8355
0.19769 0.571156
0.199413 0.539648
0.201169 0.043088
0.202042 0.713414
0.203355 0.794873
0.204247 0.7828
0.204262 0.0312485
0.204367 0.79946
0.204646 0.487565
0.205409 0.304082
0.206265 0.694271
0.20667 0.503
0.208855 0.231228
0.208897 0.93024
0.209112 0.550296
0.209608 0.881004
0.210397 0.148993
0.211193 0.519719
0.211595 0.283424
0.212195 0.366566
0.213305 0.0124601
0.214989 0.324985
0.215169 0.345838
0.215814 0.181634
0.216249 0.504267
0.216465 0.120371
0.21668 0.746672
0.216918 0.74543
0.217221 0.839606
0.217515 0.777834
0.217822 0.938322
0.217966 0.361859
0.218194 0.190402
0.21942 0.789953
0.21954 0.802003
0.220741 0.990553
0.221118 0.337418
0.222865 0.693526
0.223337 0.627853
0.223647 0.833797
0.225121 0.609515
0.22587 0.197408
0.227418 0.208002
0.228458 0.700438
0.228615 0.330239
0.229329 0.333503
0.230164 0.373406
0.230931 0.263092
0.231943 0.273667
0.233107 0.821746
0.23336 0.0815054
0.235292 0.547664
0.235319 0.00747916
0.235713 0.628494
0.238425 0.203242
0.238476 0.063086
0.240736 0.0506779
0.241437 0.836321
0.242386 0.775012
0.242813 0.966279
0.246681 0.973683
0.247165 0.108137
0.247429 0.538489
0.247824 0.180814
0.248914 0.501992
0.249449 0.494835
0.24989 0.908731
0.250251 0.968384
0.251316 0.860614
0.252343 0.12852
0.253032 0.705496
0.253356 0.150184
0.253416 0.157422
0.254003 0.0232807
0.254355 0.942301
0.254457 0.658616
0.254659 0.0514098
0.254669 0.222972
0.255638 0.505107
0.255773 0.776053
0.256053 0.479333
0.256086 0.0409769
0.256622 0.0450034
0.259174 0.941819
0.259728 0.25026
0.260064 0.901493
0.261004 0.699614
0.261072 0.833749
0.262629 0.0065756
0.262985 0.995306
0.265068 0.00098821
0.265091 0.387744
0.266862 0.149548
0.267006 0.565697
0.267309 0.662784
0.268325 0.742974
0.269355 0.0440086
0.269859 0.51981
0.271216 0.328049
0.271338 0.384952
0.271605 0.861142
0.271838 0.776197
0.273206 0.767104
0.273842 0.467238
0.273973 0.664561
0.274505 0.613193
0.275045 0.683423
0.275332 0.509107
0.276051 0.596668
0.276341 0.470892
0.277672 0.836621
0.278242 0.415541
0.278334 0.960779
0.279182 0.219
0.279349 0.012356
0.279657 0.194383
0.279674 0.473683
0.280513 0.58483
0.281583 0.56031
0.283437 0.719637
0.284601 0.28639
0.284777 0.253538
0.285194 0.255259
0.285427 0.171903
0.285757 0.725667
0.285763 0.821023
0.286041 0.483129
0.28747 0.50757
0.289615 0.564514
0.29076 0.810785
0.291376 0.149082
0.291456 0.502371
0.291541 0.936741
0.291759 0.601219
0.293713 0.438411
0.294059 0.257739
0.294129 0.430708
0.294279 0.949774
0.294323 0.68222
0.294486 0.42883
0.295347 0.896648
0.297923 0.193625
0.298896 0.540492
0.299335 0.927834
0.299357 0.287604
0.299381 0.705016
0.299436 0.614839
0.299715 0.312124
0.300211 0.640852
0.301068 0.0550443
0.301091 0.438482
0.301161 0.615841
0.301214 0.504001
0.301756 0.61928
0.301969 0.197018
0.302455 0.360571
0.303519 0.241446
0.304559 0.727081
0.306269 0.462941
0.306848 0.195486
0.308414 0.509281
0.308708 0.452384
0.308883 0.403293
0.30905 0.205642
0.309124 0.444823
0.309251 0.590007
0.311626 0.493776
0.312456 0.454078
0.312761 0.577751
0.312916 0.170643
0.312959 0.902268
0.316069 0.166112
0.316947 0.935786
0.317361 0.8891
0.318445 0.0975785
0.319374 0.723527
0.319866 0.990764
0.320096 0.847395
0.321874 0.737653
0.321955 0.0927891
0.32337 0.872977
0.323441 0.0794199
0.323574 0.315077
0.32404 0.140546
0.324487 0.658823
0.325549 0.500331
0.327365 0.0240551
0.329 0.4998
0.329068 0.652969
0.329564 0.990142
0.32998 0.971568
0.330246 0.450576
0.330803 0.800207
0.332072 0.138904
0.333516 0.406323
0.335023 0.732454
0.335366 0.491371
0.338062 0.799631
0.3381 0.442426
0.338137 0.0765188
0.339847 0.80806
0.340677 0.758046
0.340849 0.649365
0.343144 0.21913
0.343152 0.351724
0.344226 0.402439
0.344293 0.525663
0.3451 0.098873
0.345293 0.331563
0.345557 0.77334
0.346867 0.798809
0.348572 0.457847
0.350791 0.743022
0.351126 0.372326
0.351802 0.736457
0.35211 0.910368
0.352413 0.0076429
0.352851 0.37379
0.354095 0.272294
0.354649 0.586471
0.358282 0.64476
0.359542 0.827901
0.359724 0.87523
0.360785 0.705781
0.361103 0.0609198
0.361455 0.970885
0.364592 0.699506
0.365857 0.961396
0.368483 0.0933451
0.370326 0.0734956
0.370928 0.186628
0.3713 0.439616
0.372241 0.257256
0.373626 0.535688
0.375175 0.573697
0.376268 0.930415
0.376674 0.76469
0.377701 0.0165907
0.379176 0.814935
0.380507 0.187777
0.380646 0.519722
0.383015 0.325521
0.384026 0.322853
0.384716 0.915224
0.385148 0.179386
0.385401 0.437244
0.386072 0.719699
0.386432 0.759934
0.386501 0.929264
0.388469 0.990024
0.389973 0.270339
0.39012 0.741711
0.390303 0.828063
0.391854 0.89082
0.393241 0.204008
0.394703 0.781351
0.394876 0.681084
0.396756 0.274689
0.396931 0.211769
0.397355 0.343383
0.397985 0.925644
0.398983 0.706162
0.400572 0.419776
0.402513 0.030057
0.40381 0.829039
0.404698 0.75751
0.406938 0.402831
0.408638 0.978032
0.409768 0.972161
0.411143 0.0828422
0.41221 0.0182039
0.41289 0.438927
0.413424 0.414176
0.413927 0.873159
0.414093 0.659675
0.414556 0.441747
0.414977 0.525675
0.415196 0.192713
0.417355 0.480574
0.417521 0.267231
0.418815 0.0153103
0.41905 0.968378
0.420439 0.324221
0.423082 0.733153
0.423121 0.40003
0.423501 0.782943
0.423675 0.702437
0.424076 0.451671
0.424091 0.697333
0.424093 0.726048
0.424413 0.108649
0.424831 0.129841
0.425523 0.773365
0.425648 0.866457
0.42618 0.801792
0.426382 0.208047
0.426737 0.16353
0.426819 0.544932
0.427251 0.801299
0.427373 0.859375
0.427382 0.0145801
0.427607 0.798598
0.427948 0.523501
0.42828 0.101488
0.428518 0.0958475
0.42852 0.127591
0.428978 0.828919
0.431633 0.460989
0.43211 0.47415
0.432226 0.426915
0.432492 0.886059
0.432652 0.587847
0.433151 0.971344
0.433218 0.100752
0.433635 0.111308
0.434642 0.0295552
0.436205 0.305338
0.436517 0.533352
0.439014 0.512808
0.439187 0.411358
0.440749 0.662261
0.441008 0.0274416
0.442438 0.0512569
0.443369 0.69602
0.443805 0.0273326
0.443922 0.988535
0.444392 0.889419
0.444694 0.965555
0.445102 0.835816
0.445266 0.578786
0.446251 0.139227
0.446898 0.0114703
0.448306 0.682308
0.448589 0.428884
0.450971 0.46495
0.453416 0.56127
0.453689 0.15214
0.45423 0.242945
0.455227 0.00637048
0.455235 0.127546
0.456084 0.404675
0.457384 0.259553
0.459183 0.483254
0.459323 0.83748
0.459787 0.639275
0.461393 0.637486
0.462485 0.987723
0.463634 0.301645
0.464196 0.740489
0.464615 0.77789
0.465156 0.869627
0.465558 0.628448
0.46662 0.487017
0.466823 0.887982
0.467603 0.997949
0.468344 0.455517
0.46846 0.410677
0.470939 0.0763339
0.471946 0.998979
0.472508 0.439083
0.473208 0.204167
0.474107 0.313419
0.474118 0.498199
0.474542 0.624828
0.474573 0.150385
0.47601 0.305808
0.477719 0.0287634
0.478084 0.15782
0.478365 0.884892
0.480387 0.860711
0.48067 0.628426
0.481335 0.794964
0.482178 0.95872
0.482329 0.511557
0.482807 0.53472
0.482873 0.652967
0.483227 0.603896
0.483477 0.802751
0.484771 0.547167
0.485013 0.620738
0.485988 0.00233803
0.487032 0.549856
0.487351 0.914942
0.489718 0.690296
0.490746 0.971944
0.490941 0.243054
0.491663 0.37755
0.49368 0.275011
0.494021 0.0163881
0.496033 0.825403
0.498231 0.768871
0.500076 0.778316
0.500383 0.937654
0.5004 0.222589
0.500452 0.0918404
0.502142 0.502328
0.502432 0.377538
0.5031 0.607579
0.504639 0.46386
0.504813 0.384145
0.50502 0.865079
0.505716 0.56878
0.50599 0.175561
0.506035 0.926572
0.50968 0.192745
0.510721 0.6872
0.511738 0.775428
0.513387 0.495754
0.514088 0.280318
0.515319 0.969959
0.515777 0.662607
0.51609 0.92253
0.51649 0.65165
0.516578 0.125582
0.51715 0.740613
0.51733 0.770091
0.517647 0.0915683
0.517738 0.621209
0.520233 0.556734
0.520355 0.602493
0.521118 0.431242
0.521948 0.37341
0.523019 0.373199
0.523393 0.664426
0.523699 0.810694
0.52411 0.716494
0.52443 0.0961683
0.524452 0.470206
0.524673 0.183161
0.52533 0.22245
0.525457 0.361076
0.525805 0.211068
0.526125 0.587252
0.526246 0.609672
0.526748 0.0469516
0.527773 0.283113
0.529203 0.308533
0.529228 0.740361
0.529836 0.957709
0.530127 0.843031
0.530736 0.0732145
0.531554 0.832817
0.533445 0.611484
0.533876 0.848575
0.535334 0.352952
0.536511 0.145285
0.538736 0.541297
0.539399 0.678502
0.540471 0.699899
0.542414 0.346448
0.542609 0.636975
0.5435 0.597948
0.544404 0.805202
0.545372 0.070166
0.547035 0.00949817
0.549425 0.189092
0.549604 0.188376
0.549629 0.612048
0.550501 0.274626
0.552551 0.731477
0.552575 0.126826
0.554625 0.586854
0.555369 0.0871309
0.555811 0.513839
0.55748 0.569032
0.558585 0.134237
0.558825 0.170867
0.558913 0.64847
0.559189 0.298241
0.559419 0.151726
0.559739 0.524826
0.561015 0.975307
0.562102 0.250905
0.562394 0.159854
0.564441 0.562507
0.565168 0.773451
0.5667 0.531433
0.566876 0.484589
0.56771 0.509474
0.568538 0.416501
0.569433 0.461514
0.571016 0.0648775
0.571598 0.850735
0.571781 0.930536
0.572524 0.405699
0.57292 0.0639744
0.57355 0.655635
0.573634 0.0634107
0.573659 0.49246
0.57465 0.149424
0.57579 0.305581
0.576566 0.34234
0.578624 0.941365
0.578866 0.996481
0.578971 0.768238
0.581862 0.355606
0.582337 0.332711
0.582456 0.329382
0.582927 0.254246
0.584394 0.915065
0.584529 0.172073
0.586525 0.723499
0.586859 0.343513
0.587254 0.97705
0.588136 0.804372
0.589219 0.00886708
0.589537 0.350262
0.591014 0.164995
0.59123 0.802527
0.592524 0.548689
0.59417 0.207375
0.594418 0.384027
0.594498 0.730013
0.596044 0.70981
0.596574 0.61146
0.598721 0.696877
0.598776 0.631204
0.602163 0.557115
0.602778 0.894152
0.603258 0.949325
0.604634 0.0794711
0.605129 0.403754
0.605363 0.336215
0.60572 0.330337
0.605923 0.749334
0.606252 0.282741
0.606886 0.93371
0.608132 0.873873
0.608855 0.0217126
0.609503 0.911761
0.611826 0.965344
0.612348 0.740864
0.612434 0.170522
0.613805 0.223774
0.614072 0.701803
0.615645 0.148154
0.615996 0.0522179
0.616699 0.856402
0.617949 0.875791
0.619131 0.737684
0.619393 0.131878
0.621768 0.0601275
0.622075 0.211937
0.622678 0.344197
0.624235 0.512312
0.624542 0.685143
0.62473 0.845126
0.624859 0.999592
0.625291 0.271745
0.625765 0.237455
0.626182 0.239848
0.628751 0.418992
0.630434 0.708476
0.631303 0.306697
0.632129 0.19603
0.632466 0.849086
0.632634 0.679094
0.632863 0.534935
0.633538 0.87651
0.634367 0.802321
0.635284 0.224009
0.635792 0.757718
0.637937 0.81197
0.638009 0.0177628
0.639254 0.937734
0.64032 0.863618
0.640531 0.401168
0.642734 0.423651
0.643444 0.362895
0.643579 0.624708
0.644135 0.980162
0.644284 0.475944
0.64436 0.751329
0.64447 0.612283
0.644659 0.779145
0.645926 0.0812625
0.646495 0.636038
0.646537 0.340553
0.648245 0.058765
0.648638 0.65101
0.650859 0.990891
0.651162 0.0774053
0.651941 0.174834
0.652448 0.687396
0.653482 0.0804452
0.654099 0.449876
0.65447 0.673608
0.656155 0.991392
0.656724 0.555951
0.657378 0.543993
0.6579 0.323826
0.65865 0.929602
0.658737 0.398056
0.65939 0.362932
0.659442 0.233812
0.659853 0.151641
0.660324 0.0622066
0.660345 0.411177
0.660583 0.425149
0.66115 0.946577
0.662256 0.538939
0.662827 0.126586
0.664695 0.52738
0.664918 0.277674
0.665388 0.184413
0.666872 0.112033
0.667493 0.553075
0.667832 0.260337
0.668211 0.616358
0.668337 0.744426
0.668358 0.0867909
0.66852 0.816989
0.668736 0.453284
0.669222 0.614011
0.669442 0.317066
0.670038 0.327994
0.670185 0.795398
0.670491 0.938747
0.673436 0.435163
0.673478 0.150861
0.673625 0.622984
0.675247 0.878542
0.675725 0.902167
0.675797 0.11567
0.677556 0.677212
0.678664 0.300841
0.680928 0.364082
0.681004 0.627446
0.681106 0.344888
0.681744 0.065433
0.682028 0.852134
0.68265 0.293466
0.682696 0.0673998
0.682743 0.864515
0.684403 0.762673
0.68486 0.435896
0.685844 0.977358
0.687489 0.626504
0.687945 0.290288
0.689333 0.62093
0.689691 0.643798
0.690092 0.376612
0.690546 0.00895033
0.690628 0.391643
0.691131 0.83905
0.691982 0.143924
0.692257 0.770521
0.692321 0.832536
0.692828 0.355984
0.693062 0.297876
0.693151 0.78887
0.693496 0.595527
0.693796 0.621402
0.695193 0.104243
0.695432 0.12432
0.696456 0.330523
0.696492 0.946066
0.696629 0.245055
0.696968 0.939145
0.69826 0.653485
0.698503 0.735414
0.702299 0.531265
0.70352 0.0614591
0.703843 0.493523
0.704399 0.836423
0.70506 0.942401
0.705103 0.673361
0.705529 0.82253
0.706239 0.761484
0.708949 0.308253
0.710606 0.148613
0.711343 0.542819
0.712204 0.0131263
0.713232 0.293405
0.714121 0.231855
0.715011 0.192789
0.715364 0.12466
0.715599 0.0669747
0.716201 0.185977
0.717472 0.554407
0.718168 0.251284
0.718882 0.252152
0.721994 0.559652
0.722964 0.851476
0.723174 0.38822
0.72498 0.746441
0.724981 0.763393
0.725052 0.957023
0.72664 0.63116
0.726733 0.205435
0.727099 0.359747
0.728147 0.967286
0.728674 0.828802
0.728786 0.712922
0.728812 0.137675
0.72998 0.769386
0.730415 0.0836917
0.730743 0.597643
0.731069 0.0695271
0.731298 0.917737
0.731786 0.119326
0.732392 0.320693
0.732999 0.507707
0.733444 0.986977
0.734045 0.100853
0.735269 0.664818
0.735535 0.13794
0.736389 0.484207
0.737699 0.507242
0.737852 0.0746281
0.737929 0.370808
0.740543 0.301346
0.742279 0.485861
0.742884 0.65903
0.743523 0.391455
0.743574 0.252316
0.744158 0.0605102
0.745871 0.853723
0.746095 0.625015
0.746282 0.76821
0.746542 0.125581
0.748035 0.226336
0.748169 0.480674
0.748313 0.895524
0.749048 0.24998
0.749154 0.0233414
0.749167 0.252091
0.74971 0.370249
0.750338 0.935253
0.751058 0.028942
0.751335 0.689396
0.751345 0.846565
0.752739 0.292481
0.753327 0.173907
0.753335 0.293673
0.753449 0.221825
0.753568 0.220539
0.753638 0.386707
0.755132 0.5054
0.756023 0.476602
0.756026 0.524742
0.75799 0.530036
0.759467 0.367731
0.760242 0.381246
0.760252 0.552933
0.760492 0.587074
0.760898 0.409195
0.761328 0.64638
0.763158 0.394971
0.764359 0.588546
0.765951 0.336986
0.766441 0.581847
0.766728 0.40502
0.767681 0.414421
0.768716 0.813489
0.768878 0.528519
0.769052 0.459573
0.769104 0.336408
0.769548 0.790015
0.770399 0.089488
0.771308 0.365763
0.771827 0.0945591
0.77467 0.887105
0.77534 0.146597
0.775455 0.0777223
0.776607 0.430823
0.777316 0.358022
0.777511 0.627989
0.778794 0.190966
0.778831 0.808169
0.778924 0.38379
0.779605 0.820025
0.780298 0.465224
0.780423 0.575143
0.781354 0.223068
0.781749 0.862701
0.783176 0.830738
0.784036 0.299965
0.785401 0.226109
0.78646 0.0262779
0.787279 0.803223
0.78729 0.989491
0.787598 0.158659
0.787897 0.192455
0.788467 0.772784
0.790479 0.580195
0.791136 0.622521
0.791661 0.443215
0.791792 0.646064
0.792052 0.0185621
0.794754 0.424723
0.794856 0.140177
0.794878 0.508446
0.795751 0.194683
0.797536 0.182215
0.798715 0.00103969
0.798901 0.128488
0.800516 0.267684
0.800751 0.228226
0.80079 0.874973
0.800919 0.0497804
0.801668 0.638848
0.802185 0.317939
0.802637 0.913642
0.803451 0.608629
0.803732 0.321395
0.805049 0.450243
0.805739 0.0573042
0.80606 0.452936
0.809442 0.286644
0.810435 0.988132
0.810878 0.430493
0.811118 0.452151
0.81169 0.0732709
0.811731 0.76992
0.812019 0.599885
0.813332 0.674731
0.814182 0.957463
0.814382 0.321135
0.814413 0.844109
0.816228 0.349074
0.816334 0.121558
0.81652 0.25429
0.81677 0.454937
0.816798 0.924996
0.817378 0.664749
0.818048 0.938125
0.818387 0.629429
0.818823 0.949659
0.819328 0.447085
0.819423 0.0403929
0.819752 0.577197
0.820061 0.75751
0.821327 0.0458525
0.82268 0.790025
0.822927 0.930558
0.823127 0.289526
0.823261 0.544413
0.82392 0.615955
0.824315 0.264596
0.825078 0.0802523
0.82543 0.00233289
0.825493 0.0674157
0.82626 0.959794
0.827422 0.478375
0.82957 0.577261
0.830124 0.889505
0.830793 0.141351
0.83148 0.68361
0.831969 0.905712
0.833256 0.528319
0.834289 0.898922
0.838919 0.705461
0.83952 0.807362
0.84107 0.861174
0.841619 0.0907404
0.842282 0.233205
0.844309 0.305499
0.844473 0.0653039
0.844765 0.965222
0.845174 0.842643
0.845803 0.417321
0.846524 0.527782
0.846792 0.0273884
0.847627 0.0612424
0.848137 0.643678
0.849398 0.833636
0.850941 0.763931
0.852214 0.166108
0.854684 0.671129
0.854916 0.569748
0.855261 0.369949
0.85543 0.216196
0.856039 0.443085
0.856519 0.514506
0.858209 0.92054
0.859514 0.848328
0.859756 0.920537
0.859937 0.954045
0.860599 0.0824849
0.860821 0.820046
0.861464 0.626892
0.861627 0.366599
0.861772 0.794354
0.863031 0.967109
0.866354 0.812214
0.866496 0.201323
0.866512 0.469994
0.866557 0.219588
0.86674 0.291736
0.868452 0.074946
0.869028 0.754678
0.869401 0.0264718
0.871682 0.358737
0.872992 0.368123
0.873811 0.149694
0.87463 0.913609
0.875165 0.894712
0.877885 0.614373
0.877999 0.525768
0.879396 0.00360822
0.879648 0.245978
0.879843 0.528099
0.880213 0.748677
0.880769 0.092955
0.880925 0.705647
0.88256 0.193962
0.882772 0.751516
0.885136 0.48125
0.885368 0.372849
0.886663 0.146944
0.88708 0.145588
0.887292 0.713614
0.887598 0.851414
0.888178 0.608752
0.889885 0.297162
0.89015 0.747142
0.890721 0.355755
0.890959 0.349191
0.891727 0.257997
0.892716 0.87154
0.895592 0.217582
0.895762 0.0776895
0.89614 0.432709
0.898212 0.248117
0.898259 0.0321393
0.898362 0.769147
0.899229 0.345627
0.900111 0.172777
0.90106 0.111797
0.902169 0.753864
0.902479 0.972354
0.90317 0.573397
0.904064 0.611796
0.905118 0.309753
0.906492 0.410769
0.906878 0.892779
0.907218 0.618559
0.907487 0.138553
0.907793 0.275743
0.908842 0.913194
0.909114 0.47286
0.909578 0.271868
0.91087 0.986302
0.911123 0.245177
0.911287 0.995113
0.911623 0.648311
0.911844 0.360248
0.91219 0.174849
0.912764 0.831775
0.913001 0.814129
0.914864 0.117016
0.915557 0.765087
0.916027 0.66641
0.916683 0.694578
0.91737 0.232313
0.91822 0.52835
0.918893 0.83286
0.91934 0.350988
0.919608 0.844584
0.919706 0.496042
0.921214 0.83633
0.921275 0.862485
0.922431 0.305283
0.922972 0.389726
0.923424 0.994405
0.924074 0.919477
0.924181 0.715863
0.925692 0.108378
0.926232 0.1773
0.926626 0.805445
0.927126 0.20029
0.927214 0.680116
0.927821 0.89539
0.929274 0.309726
0.929527 0.565181
0.930428 0.698945
0.931118 0.306531
0.933298 0.938165
0.933875 0.633761
0.934083 0.131866
0.93427 0.279483
0.934853 0.080015
0.937945 0.0496035
0.938439 0.336805
0.938966 0.208339
0.939794 0.124461
0.941777 0.446637
0.942178 0.177455
0.942414 0.153908
0.942727 0.411225
0.943562 0.440547
0.943679 0.409599
0.94398 0.47902
0.944492 0.0692355
0.944897 0.875484
0.945773 0.613164
0.946292 0.329845
0.947586 0.0725634
0.948233 0.949518
0.948321 0.426573
0.948683 0.514729
0.948702 0.829044
0.949535 0.83099
0.950557 0.00611413
0.951311 0.676309
0.952012 0.473512
0.95203 0.769075
0.952701 0.0382173
0.953569 0.634419
0.954268 0.38504
0.955566 0.195229
0.955998 0.456801
0.956931 0.141189
0.957084 0.707409
0.957824 0.149457
0.95837 0.329757
0.958826 0.995991
0.95951 0.479615
0.959839 0.0105961
0.959947 0.828427
0.961761 0.319523
0.963535 0.137904
0.96369 0.741197
0.963756 0.853966
0.965322 0.170015
0.965402 0.514523
0.965535 0.745508
0.96558 0.501746
0.966091 0.095671
0.96644 0.957942
0.967328 0.881482
0.968305 0.294326
0.96872 0.275064
0.969313 0.242767
0.969894 0.0146383
0.969972 0.318597
0.971667 0.804883
0.972497 0.757993
0.973504 0.68758
0.973902 0.367957
0.974025 0.434361
0.97467 0.27256
0.974888 0.949005
0.975046 0.591172
0.97513 0.00661745
0.976908 0.890153
0.977845 0.637551
0.980856 0.249421
0.984066 0.199574
0.985679 0.305609
0.986287 0.531496
0.9867 0.464126
0.986823 0.536039
0.986898 0.797877
0.987201 0.879562
0.98802 0.656469
0.992745 0.0679923
0.99279 0.827134
0.994118 0.141631
0.994269 0.67869
0.994442 0.578915
0.994752 0.789736
0.995116 0.909714
0.995579 0.700379
0.995629 0.539475
0.997379 0.942198
0.998174 0.317291
0.998514 0.0256565
0.998629 0.960648
0.998946 0.29309
0.999068 0.334309
