0.0029996 0.414293
0.0268763 0.70982
0.0283752 0.901673
0.0710636 0.365339
0.0909903 0.274588
0.0921736 0.162199
0.126031 0.199757
0.126712 0.651254
0.131189 0.885648
0.14182 0.564899
0.150335 0.681346
0.15372 0.571655
0.159768 0.212752
0.180896 0.31754
0.247842 0.476432
0.250126 0.86086
0.252126 0.488515
0.253057 0.135109
0.287212 0.178328
0.31925 0.629269
0.349524 0.4523
0.385815 0.387725
0.389314 0.20325
0.426497 0.142021
0.43933 0.824697
0.464031 0.961095
0.471262 0.505956
0.499741 0.147533
0.53445 0.49848
0.537304 0.467917
0.554584 0.890737
0.556146 0.148152
0.587187 0.845576
0.590109 0.955409
0.600394 0.817562
0.621634 0.803073
0.624849 0.84204
0.651646 0.215248
0.679592 0.908922
0.71471 0.130427
0.755844 0.462245
0.783153 0.455307
0.802406 0.0330538
0.808945 0.931674
0.886991 0.652059
0.937897 0.239911
0.947487 0.410313
0.951367 0.632739
0.955361 0.748293
0.983305 0.408767
