0.00102372 0.205717
0.00137523 0.11346
0.0019096 0.0947194
0.00241712 0.624484
0.0025853 0.451141
0.00489346 0.244333
0.0050252 0.458624
0.00559202 0.985162
0.00574411 0.541325
0.00604023 0.518121
0.00604227 0.552487
0.00650752 0.371883
0.00692739 0.428724
0.00695693 0.925049
0.00721939 0.336335
0.00774217 0.122616
0.00845114 0.0382399
0.00863998 0.212114
0.00900494 0.346063
0.00905439 0.177192
0.0114279 0.069362
0.0125474 0.8835
0.0141363 0.588058
0.0143086 0.48448
0.015429 0.314888
0.0161147 0.839202
0.0167346 0.259089
0.0169443 0.782058
0.0177618 0.522118
0.0179781 0.157921
0.0196716 0.620634
0.0211115 0.820245
0.0215982 0.000209337
0.022472 0.686446
0.0228618 0.238221
0.0229377 0.514521
0.0230047 0.639593
0.0242187 0.0434076
0.0253133 0.440408
0.0266838 0.475079
0.0269853 0.541378
0.0273382 0.47238
0.0274195 0.840226
0.028099 0.259744
0.0286713 0.877875
0.029071 0.596327
0.0293297 0.943797
0.0300306 0.723735
0.0305942 0.196342
0.0309287 0.818055
0.0311823 0.0813283
0.0314053 0.828774
0.0318709 0.653601
0.031877 0.756667
0.0325991 0.892853
0.0343859 0.924017
0.035686 0.77506
0.0364593 0.772155
0.0368844 0.916175
0.0372733 0.451764
0.0374485 0.397406
0.0387766 0.718094
0.0390368 0.0907805
0.0397333 0.797831
0.0402146 0.887167
0.040908 0.540098
0.041103 0.818643
0.0412349 0.0352426
0.0412597 0.451746
0.0424552 0.543742
0.0430461 0.475898
0.0431233 0.773807
0.043843 0.870017
0.044085 0.937357
0.0444874 0.699881
0.0446411 0.283028
0.0454277 0.50341
0.0454435 0.769068
0.0454531 0.929837
0.0454737 0.277117
0.0459089 0.590867
0.0465597 0.528632
0.047262 0.331979
0.0477333 0.25358
0.0480053 0.824813
0.0480211 0.0909567
0.0487745 0.752825
0.0491089 0.373019
0.0493911 0.115587
0.0494749 0.525461
0.049942 0.374534
0.0500315 0.879968
0.0504225 0.450353
0.0509251 0.89859
0.0513674 0.332021
0.0517559 0.86171
0.0522978 0.968473
0.0524002 0.690736
0.0536223 0.229727
0.0537806 0.891021
0.0538479 0.0218926
0.0552862 0.195004
0.0559894 0.01423
0.0564506 0.764817
0.0567859 0.400515
0.057313 0.258877
0.0573362 0.650328
0.0578564 0.392132
0.0582912 0.700224
0.0590391 0.270946
0.0596124 0.90512
0.0598116 0.253272
0.0607349 0.770904
0.0607948 0.778135
0.0617774 0.292822
0.0633401 0.556427
0.0644191 0.692543
0.065581 0.21964
0.0666172 0.634798
0.06694 0.060867
0.0672808 0.788321
0.0674122 0.996234
0.0674172 0.0801954
0.067703 0.884146
0.0682711 0.432661
0.0701275 0.633179
0.0702052 0.939634
0.0704232 0.602125
0.0707145 0.497746
0.070982 0.99383
0.0711149 0.228807
0.0713295 0.834258
0.0730608 0.932019
0.073102 0.625591
0.0752384 0.531839
0.0754858 0.690325
0.0756782 0.924251
0.0757549 0.212879
0.0760813 0.697606
0.0767173 0.387487
0.0772377 0.134488
0.0776416 0.922752
0.0776839 0.633449
0.0780471 0.737172
0.0782425 0.0212025
0.0790651 0.847313
0.0794732 0.706195
0.0806364 0.255596
0.0807778 0.632809
0.0809245 0.0977162
0.0814161 0.360194
0.0818308 0.330155
0.0821686 0.00795136
0.0822706 0.722505
0.0823857 0.655971
0.0831667 0.783586
0.0839416 0.806195
0.0845929 0.753642
0.0854243 0.726317
0.0862394 0.424944
0.0881914 0.233217
0.0888335 0.0238319
0.0889226 0.522049
0.0891878 0.98002
0.0895183 0.534284
0.0902909 0.519295
0.0914852 0.592313
0.0927403 0.686248
0.0929184 0.67924
0.0929918 0.913873
0.0932331 0.968472
0.0943958 0.510885
0.0947014 0.645695
0.0955438 0.805444
0.0958866 0.566317
0.0960203 0.812344
0.0968868 0.376286
0.0974283 0.477227
0.0975511 0.541721
0.0980374 0.713883
0.0985438 0.22592
0.0994101 0.78616
0.100516 0.369037
0.100711 0.64618
0.101312 0.75313
0.101732 0.805972
0.101887 0.413789
0.102134 0.568323
0.102242 0.380863
0.102632 0.931472
0.102734 0.654909
0.102758 0.0618564
0.103191 0.334917
0.104019 0.253309
0.104535 0.923024
0.104955 0.985172
0.105273 0.324845
0.105873 0.411079
0.106088 0.0172191
0.106463 0.318386
0.106609 0.78413
0.106682 0.00210099
0.106778 0.614028
0.106951 0.520546
0.107071 0.549548
0.107395 0.99159
0.108529 0.0524619
0.108588 0.0404236
0.108946 0.0607486
0.108989 0.775022
0.10927 0.508402
0.109757 0.680642
0.110849 0.0454058
0.110985 0.324797
0.111287 0.392606
0.111839 0.684979
0.11246 0.109695
0.112615 0.718576
0.113261 0.579714
0.114453 0.609232
0.114896 0.0598026
0.114987 0.586132
0.115636 0.493688
0.115718 0.879738
0.11596 0.939816
0.116476 0.612404
0.116594 0.597758
0.117211 0.960106
0.11734 0.139069
0.117434 0.711903
0.11892 0.692343
0.118974 0.59787
0.121312 0.888513
0.121432 0.903271
0.121706 0.504816
0.12239 0.0146267
0.122485 0.612435
0.122579 0.177544
0.122725 0.638656
0.123225 0.0388465
0.123464 0.0654039
0.123774 0.269439
0.124253 0.320237
0.126036 0.283045
0.127182 0.542504
0.127482 0.586145
0.128724 0.463157
0.129063 0.167641
0.12955 0.351127
0.129654 0.0991626
0.130955 0.954815
0.131088 0.195857
0.131238 0.708928
0.131257 0.0431136
0.131382 0.139931
0.133107 0.130368
0.133141 0.703063
0.133422 0.431387
0.133909 0.609982
0.133995 0.0583925
0.134364 0.253879
0.134741 0.587705
0.135106 0.731953
0.135511 0.540393
0.13623 0.609649
0.136731 0.0450426
0.136905 0.967581
0.137342 0.311713
0.137559 0.9538
0.137768 0.458558
0.138879 0.137307
0.139052 0.0398883
0.140783 0.138227
0.141264 0.231249
0.141705 0.641154
0.142045 0.348995
0.142893 0.610299
0.142897 0.66679
0.143248 0.569101
0.143592 0.356819
0.144065 0.299096
0.144225 0.991696
0.144391 0.781108
0.14502 0.34277
0.145423 0.127113
0.145512 0.619421
0.14618 0.848187
0.14712 0.642818
0.147597 0.669307
0.147997 0.379535
0.148154 0.0188681
0.148441 0.855674
0.1488 0.876774
0.148957 0.526305
0.14921 0.770514
0.150004 0.118128
0.151262 0.257785
0.151599 0.925806
0.152131 0.861626
0.152285 0.457328
0.152977 0.0870462
0.153534 0.450037
0.154461 0.028652
0.15447 0.184569
0.154812 0.931957
0.154843 0.442252
0.157161 0.412053
0.157836 0.750529
0.158261 0.895582
0.158482 0.601015
0.158719 0.594921
0.158761 0.302269
0.159193 0.55412
0.159687 0.861638
0.159727 0.526191
0.160813 0.784758
0.161217 0.5762
0.162033 0.295958
0.16214 0.0805504
0.162479 0.782702
0.162616 0.0930542
0.162793 0.0663311
0.162853 0.0747353
0.164163 0.0934112
0.164298 0.350387
0.165002 0.188608
0.16527 0.694163
0.165892 0.142311
0.166531 0.885349
0.166731 0.250633
0.16684 0.0807905
0.167617 0.139041
0.167827 0.676301
0.168869 0.177738
0.169073 0.61637
0.170228 0.0179947
0.170268 0.695492
0.172936 0.539367
0.172957 0.895631
0.174125 0.520166
0.174531 0.342929
0.17485 0.707576
0.17512 0.241689
0.176399 0.735451
0.178754 0.322424
0.178921 0.117588
0.179504 0.922526
0.180305 0.382786
0.180787 0.480597
0.181398 0.762098
0.181625 0.573759
0.181983 0.59147
0.18278 0.978334
0.183417 0.691248
0.185977 0.719217
0.187262 0.313626
0.188456 0.385109
0.188964 0.915139
0.189115 0.451235
0.189225 0.312056
0.189242 0.58619
0.189928 0.127252
0.190835 0.364175
0.191183 0.212946
0.191293 0.0620984
0.191511 0.720394
0.191638 0.85628
0.191654 0.125813
0.191677 0.520442
0.191683 0.609725
0.191733 0.45455
0.191908 0.398165
0.192307 0.108948
0.193402 0.513172
0.193817 0.476293
0.19396 0.891917
0.194403 0.32725
0.194405 0.359494
0.195368 0.542047
0.195558 0.748714
0.197139 0.31343
0.197433 0.264509
0.197585 0.817001
0.198231 0.670923
0.199176 0.544185
0.200119 0.405191
0.200171 0.281353
0.20109 0.71115
0.201814 0.882163
0.201877 0.954564
0.201941 0.0217049
0.202723 0.166296
0.20353 0.724604
0.203686 0.358232
0.203866 0.379367
0.204623 0.0939376
0.205298 0.440318
0.206128 0.393255
0.206376 0.553965
0.206386 0.736366
0.206505 0.731597
0.206543 0.373007
0.206968 0.513489
0.20779 0.327062
0.208205 0.293548
0.208812 0.500597
0.210723 0.626082
0.211045 0.0377582
0.211177 0.247792
0.212267 0.568915
0.212527 0.937102
0.213387 0.39131
0.213537 0.913584
0.214374 0.977914
0.215024 0.910382
0.21581 0.119634
0.215811 0.132219
0.216088 0.784048
0.217463 0.905788
0.21759 0.0282056
0.218396 0.577208
0.218404 0.722106
0.220139 0.874588
0.22027 0.0725765
0.220552 0.821414
0.221037 0.97217
0.221551 0.609383
0.22181 0.955499
0.223041 0.648936
0.223951 0.941434
0.224302 0.845123
0.22504 0.24858
0.225441 0.978929
0.226219 0.0560012
0.226466 0.212163
0.226642 0.177129
0.226745 0.899423
0.22685 0.663596
0.227903 0.364214
0.228426 0.149853
0.229441 0.211769
0.230725 0.795408
0.231674 0.745392
0.232008 0.352657
0.232306 0.373046
0.232934 0.9226
0.234193 0.0752023
0.235405 0.447962
0.235745 0.159294
0.236413 0.390548
0.237811 0.886506
0.238704 0.899377
0.238774 0.0782234
0.241398 0.184447
0.241428 0.674785
0.242085 0.715789
0.243066 0.210308
0.243253 0.345896
0.243548 0.31179
0.243686 0.633654
0.243798 0.51959
0.243975 0.48184
0.244801 0.363698
0.245242 0.787572
0.246257 0.84775
0.246503 0.98318
0.247099 0.991635
0.24725 0.536027
0.247628 0.883674
0.248216 0.768887
0.248235 0.0796726
0.248482 0.23074
0.248494 0.43086
0.249497 0.289626
0.250586 0.599699
0.250776 0.79944
0.252478 0.405602
0.253567 0.703958
0.254919 0.419072
0.256061 0.620075
0.256181 0.63052
0.257563 0.860421
0.257856 0.78435
0.25788 0.1874
0.257959 0.513077
0.259372 0.266186
0.261282 0.372371
0.261607 0.826905
0.263213 0.818166
0.263399 0.950107
0.263913 0.588564
0.264071 0.245217
0.264771 0.997763
0.264906 0.282068
0.265005 0.931484
0.265021 0.205766
0.265556 0.204291
0.265614 0.181296
0.266334 0.269288
0.266531 0.593718
0.266535 0.646554
0.268014 0.510483
0.269227 0.89596
0.269512 0.683248
0.270087 0.347241
0.270604 0.0356693
0.271843 0.865332
0.271904 0.889271
0.27229 0.379852
0.274828 0.0300266
0.275176 0.880864
0.275385 0.398394
0.277011 0.718707
0.277315 0.835689
0.277324 0.991841
0.277723 0.690736
0.278243 0.434144
0.279032 0.697578
0.279673 0.470701
0.280378 0.315504
0.280742 0.43041
0.281227 0.586802
0.281279 0.459145
0.281637 0.466212
0.282209 0.0823543
0.282325 0.0375535
0.285138 0.310679
0.285506 0.501916
0.285791 0.297555
0.286212 0.369603
0.286245 0.916291
0.287035 0.194571
0.289849 0.495449
0.289932 0.894146
0.290222 0.766092
0.290321 0.424359
0.290585 0.861504
0.290781 0.151255
0.29121 0.366526
0.293372 0.70374
0.293413 0.393251
0.294753 0.920085
0.295114 0.975261
0.29569 0.667006
0.296475 0.863376
0.297928 0.280795
0.298454 0.111914
0.298658 0.551071
0.299437 0.637496
0.300197 0.413801
0.300206 0.558981
0.3006 0.188839
0.300981 0.590097
0.301154 0.491958
0.302236 0.685746
0.302807 0.272172
0.30432 0.710776
0.304939 0.116098
0.305884 0.99242
0.307188 0.916914
0.307988 0.347237
0.309696 0.056872
0.311026 0.410157
0.311078 0.279995
0.311284 0.7552
0.311396 0.637896
0.311584 0.788753
0.312604 0.935827
0.313703 0.412836
0.313906 0.816681
0.31406 0.403179
0.314885 0.264931
0.315512 0.816723
0.316983 0.534315
0.317277 0.476135
0.317709 0.738669
0.317957 0.903393
0.31876 0.400499
0.319315 0.718864
0.319358 0.446153
0.319369 0.637508
0.320013 0.452775
0.320915 0.626016
0.321669 0.287367
0.321816 0.766816
0.321914 0.41418
0.322567 0.385216
0.32268 0.285505
0.322748 0.42832
0.322909 0.139155
0.323042 0.367737
0.324752 0.105578
0.324876 0.186617
0.325566 0.784561
0.326224 0.854835
0.326306 0.221468
0.326455 0.727088
0.326735 0.440041
0.326877 0.816745
0.327123 0.95241
0.327351 0.785875
0.328909 0.970207
0.329892 0.497221
0.329897 0.578146
0.330375 0.608869
0.330614 0.632241
0.33071 0.243644
0.331431 0.366525
0.333067 0.859152
0.333307 0.898435
0.333345 0.526579
0.333507 0.258225
0.334588 0.417092
0.335209 0.854377
0.335249 0.534825
0.336352 0.0751497
0.337514 0.604015
0.337618 0.345687
0.338181 0.806531
0.338312 0.00972464
0.338346 0.585057
0.338374 0.0556406
0.338992 0.431763
0.340651 0.321984
0.340819 0.152516
0.341205 0.630918
0.34226 0.36443
0.342898 0.0807412
0.345057 0.377665
0.346396 0.878939
0.346956 0.285726
0.348003 0.882159
0.348149 0.336422
0.349044 0.38412
0.349316 0.957051
0.349513 0.270611
0.349905 0.844847
0.350065 0.544366
0.350586 0.299333
0.350821 0.246085
0.351465 0.0696332
0.351516 0.936568
0.351651 0.190633
0.352391 0.639561
0.353141 0.237127
0.355121 0.517456
0.35682 0.0752902
0.357306 0.24447
0.357819 0.865208
0.357952 0.102423
0.358115 0.844039
0.358265 0.357297
0.358888 0.824127
0.359204 0.145675
0.359783 0.874423
0.361285 0.114573
0.361355 0.29436
0.362029 0.615876
0.362326 0.614069
0.363717 0.99235
0.364299 0.771015
0.365328 0.06146
0.365968 0.825175
0.366136 0.655965
0.366438 0.725895
0.366979 0.819776
0.368916 0.364778
0.37064 0.350198
0.370921 0.0677222
0.37226 0.568917
0.372349 0.0651469
0.372955 0.261662
0.374184 0.910653
0.374476 0.815258
0.37459 0.730386
0.374724 0.988959
0.377018 0.543697
0.378346 0.856762
0.378574 0.693577
0.37957 0.437225
0.379869 0.456549
0.379964 0.0552497
0.380242 0.728868
0.380326 0.142075
0.382197 0.588231
0.382375 0.571792
0.382389 0.818925
0.382419 0.310327
0.382865 0.817874
0.383452 0.67456
0.384318 0.238463
0.384843 0.0569024
0.38663 0.0950319
0.387681 0.751838
0.389481 6.6e-05
0.38966 0.0156756
0.391113 0.432359
0.391477 0.555734
0.392033 0.892193
0.392065 0.4391
0.392363 0.451075
0.393976 0.547586
0.394018 0.263573
0.394726 0.16255
0.395669 0.00502362
0.395757 0.495908
0.3965 0.98385
0.396774 0.588377
0.396798 0.981692
0.397449 0.918996
0.397941 0.187218
0.398774 0.195472
0.398862 0.671533
0.399326 0.477546
0.399375 0.297836
0.401254 0.873917
0.401283 0.36784
0.401577 0.302404
0.40174 0.0434416
0.401982 0.119407
0.402229 0.26534
0.40226 0.780581
0.402357 0.418006
0.402651 0.361078
0.402851 0.716243
0.402917 0.821139
0.403343 0.992855
0.403989 0.837041
0.404862 0.511147
0.404888 0.955427
0.405723 0.994798
0.406134 0.885893
0.406365 0.78146
0.410368 0.0500825
0.413145 0.732403
0.413622 0.747247
0.414381 0.504777
0.414524 0.911291
0.414909 0.36886
0.415837 0.969968
0.415871 0.546701
0.41726 0.884535
0.417273 0.107962
0.417857 0.916156
0.418487 0.512809
0.419274 0.743991
0.421215 0.363312
0.42144 0.147753
0.421842 0.898051
0.421922 0.240852
0.422052 0.434451
0.423062 0.404649
0.423271 0.918336
0.425161 0.674636
0.425485 0.130382
0.42613 0.967595
0.427265 0.0479387
0.427729 0.846579
0.428041 0.0921327
0.428555 0.726919
0.428745 0.923873
0.429661 0.316823
0.42972 0.298814
0.429983 0.728296
0.430764 0.847451
0.431347 0.6535
0.431404 0.610407
0.431674 0.146305
0.43203 0.126081
0.432778 0.691653
0.433416 0.423969
0.434272 0.804344
0.43432 0.623585
0.434846 0.449279
0.434918 0.669183
0.435268 0.5561
0.436064 0.924329
0.436563 0.314721
0.436845 0.0523045
0.436953 0.872233
0.437067 0.778486
0.437433 0.934481
0.439057 0.234767
0.439107 0.0728534
0.440398 0.763268
0.440644 0.896006
0.44098 0.551458
0.441273 0.473508
0.441355 0.846316
0.442123 0.766368
0.442129 0.859705
0.442145 0.135428
0.442272 0.262776
0.442374 0.973175
0.442956 0.758813
0.443189 0.674533
0.443205 0.944785
0.443347 0.326647
0.443844 0.686188
0.443954 0.532013
0.444276 0.95269
0.444744 0.807547
0.445117 0.0841073
0.445481 0.206167
0.445757 0.833821
0.445919 0.568558
0.446044 0.664295
0.446412 0.844826
0.447031 0.250657
0.447572 0.337862
0.447579 0.466849
0.44854 0.610825
0.448561 0.965946
0.448781 0.657887
0.449306 0.481336
0.449469 0.232454
0.451328 0.46844
0.451504 0.419709
0.451553 0.25465
0.451603 0.0891523
0.45259 0.68543
0.452914 0.122698
0.453092 0.111064
0.454383 0.814173
0.4551 0.869709
0.456028 0.467311
0.45699 0.630031
0.456991 0.639736
0.457231 0.686078
0.458756 0.305463
0.46034 0.934591
0.460455 0.861224
0.460571 0.817519
0.460618 0.605118
0.460921 0.698941
0.46098 0.693047
0.463698 0.371831
0.464226 0.250291
0.46461 0.70793
0.464821 0.238898
0.465498 0.632135
0.465789 0.509364
0.465923 0.765433
0.466441 0.472535
0.466817 0.801453
0.466975 0.443917
0.467149 0.374079
0.469614 0.809085
0.470817 0.0230625
0.470996 0.0346572
0.471231 0.973356
0.472062 0.939606
0.472972 0.24051
0.474563 0.98744
0.474691 0.134064
0.475401 0.0710617
0.476411 0.0340909
0.476422 0.21758
0.476977 0.548639
0.477143 0.340203
0.478078 0.0601705
0.480375 0.663306
0.480685 0.877179
0.481391 0.737768
0.482479 0.0189687
0.482527 0.833052
0.482982 0.484126
0.48303 0.292144
0.483044 0.51727
0.483574 0.429728
0.483576 0.458787
0.48362 0.196422
0.483743 0.275153
0.484468 0.456811
0.485246 0.52421
0.485662 0.521242
0.48626 0.567185
0.487484 0.140292
0.487985 0.557395
0.48805 0.652868
0.48894 0.611439
0.489466 0.448717
0.490574 0.0779095
0.490683 0.913647
0.49115 0.754401
0.491231 0.11723
0.492309 0.23198
0.492692 0.671196
0.493209 0.370033
0.493771 0.81769
0.493805 0.386995
0.496106 0.0474047
0.496118 0.249231
0.496164 0.0247069
0.497141 0.441307
0.497382 0.494584
0.499233 0.610209
0.499327 0.186338
0.499699 0.44532
0.500112 0.37467
0.500158 0.152666
0.500677 0.885767
0.500879 0.271196
0.500952 0.494614
0.501022 0.676975
0.501051 0.171774
0.501371 0.544013
0.502841 0.24437
0.503794 0.259666
0.504068 0.870602
0.50433 0.270595
0.504642 0.513691
0.50558 0.282823
0.508192 0.187816
0.508257 0.276902
0.51005 0.407758
0.510755 0.264528
0.511257 0.700015
0.511273 0.963717
0.512146 0.631249
0.512654 0.178411
0.512897 0.253813
0.513286 0.803177
0.513847 0.234202
0.515366 0.751124
0.515412 0.532118
0.51548 0.676552
0.515986 0.169352
0.516254 0.675549
0.516692 0.0381275
0.516915 0.784383
0.518329 0.549584
0.518897 0.0965729
0.518919 0.464631
0.519131 0.0281025
0.519258 0.173459
0.519505 0.326561
0.519604 0.990369
0.51995 0.807435
0.519953 0.846199
0.520443 0.0825059
0.520595 0.647473
0.521074 0.693818
0.521805 0.974049
0.521936 0.176131
0.522821 0.0469526
0.523041 0.749264
0.523862 0.552655
0.525449 0.218049
0.527708 0.187891
0.527724 0.463943
0.527932 0.94969
0.530872 0.361105
0.530957 0.802252
0.532509 0.872468
0.53263 0.912841
0.533746 0.674715
0.534007 0.0598996
0.534528 0.805382
0.537612 0.645961
0.537615 0.695502
0.537848 0.608905
0.538297 0.155576
0.539409 0.849172
0.540033 0.325949
0.540303 0.880536
0.540512 0.392447
0.541281 0.313775
0.541944 0.453946
0.542082 0.768156
0.542271 0.947408
0.543288 0.0334831
0.545686 0.352832
0.547139 0.77058
0.547834 0.449057
0.54879 0.517258
0.549053 0.941802
0.54952 0.786994
0.549979 0.500726
0.551078 0.968844
0.551292 0.569553
0.551938 0.41957
0.552105 0.226043
0.553493 0.555628
0.55366 0.356232
0.554027 0.53371
0.554148 0.559097
0.554217 0.732692
0.554716 0.116987
0.554844 0.265161
0.554846 0.292092
0.557116 0.450025
0.557713 0.48523
0.557956 0.564647
0.558418 0.331458
0.558428 0.50399
0.558628 0.861651
0.560484 0.0553909
0.56192 0.195428
0.561925 0.270076
0.561937 0.482374
0.561948 0.660518
0.563332 0.929104
0.563626 0.856766
0.563758 0.0889639
0.56376 0.109211
0.564565 0.640659
0.565912 0.278041
0.566251 0.979911
0.566816 0.46979
0.566927 0.347195
0.566993 0.45033
0.567428 0.753843
0.568105 0.142815
0.568458 0.0800157
0.569156 0.803408
0.570281 0.70596
0.570921 0.462937
0.571111 0.662513
0.571246 0.93346
0.571591 0.736642
0.571747 0.353803
0.572074 0.846561
0.572668 0.830934
0.573158 0.0637578
0.57465 0.148555
0.5751 0.71375
0.575345 0.829771
0.575683 0.505227
0.576874 0.520478
0.577213 0.211821
0.577403 0.419396
0.577532 0.587261
0.58039 0.611099
0.581128 0.0145565
0.581548 0.0828245
0.581672 0.166572
0.581944 0.727443
0.581988 0.466933
0.582065 0.765594
0.583374 0.769275
0.584764 0.136395
0.584782 0.438994
0.585339 0.79181
0.587462 0.478285
0.588673 0.834218
0.588675 0.853439
0.589359 0.354242
0.590008 0.260906
0.591033 0.489429
0.591612 0.221324
0.591931 0.59123
0.59214 0.0926854
0.593734 0.893844
0.595329 0.699409
0.595427 0.345538
0.596256 0.281186
0.596878 0.736363
0.598842 0.739371
0.599065 0.49379
0.599315 0.682126
0.600204 0.635829
0.601365 0.137318
0.601691 0.627696
0.602142 0.206768
0.602308 0.998301
0.602823 0.639716
0.602848 0.0661589
0.603728 0.852284
0.604096 0.0433408
0.604105 0.192997
0.604289 0.293499
0.604468 0.299333
0.604475 0.41658
0.606165 0.818138
0.606454 0.674134
0.606579 0.770716
0.606597 0.0685019
0.606864 0.562184
0.606901 0.189906
0.60719 0.0434208
0.608698 0.383232
0.608746 0.198474
0.610276 0.900114
0.610286 0.084965
0.610802 0.748067
0.610838 0.350987
0.610993 0.957348
0.611159 0.746142
0.611695 0.75387
0.612725 0.0682954
0.612736 0.257396
0.614061 0.528167
0.614101 0.190028
0.614411 0.409731
0.615148 0.794483
0.615644 0.126811
0.616565 0.606383
0.616697 0.825198
0.616824 0.955536
0.617036 0.526012
0.617316 0.234958
0.61753 0.825915
0.620051 0.203795
0.620402 0.0899059
0.620416 0.339223
0.62133 0.688525
0.621499 0.537856
0.622145 0.393695
0.622573 0.59228
0.623257 0.0878546
0.624597 0.608631
0.624788 0.81684
0.625506 0.878919
0.625585 0.210168
0.626178 0.174256
0.62679 0.462769
0.627122 0.0445515
0.627245 0.111895
0.627734 0.331696
0.628305 0.916728
0.628757 0.527379
0.628781 0.914151
0.629613 0.909076
0.630285 0.204781
0.630803 0.898398
0.631289 0.0687678
0.63271 0.961664
0.633294 0.778106
0.634024 0.0344667
0.635454 0.0708824
0.636139 0.59082
0.636273 0.841739
0.636332 0.834686
0.636921 0.725393
0.638597 0.89918
0.641467 0.133916
0.641598 0.328938
0.641636 0.975209
0.642099 0.764473
0.643306 0.040827
0.643791 0.204121
0.644022 0.0703791
0.644541 0.796335
0.645122 0.557563
0.646036 0.930156
0.646389 0.861065
0.647245 0.239514
0.647506 0.638059
0.649809 0.335956
0.649956 0.808525
0.6501 0.233972
0.650299 0.583682
0.652373 0.428759
0.652621 0.600559
0.652875 0.877153
0.65303 0.466546
0.654869 0.376525
0.656148 0.885274
0.656283 0.15471
0.657031 0.72299
0.657148 0.678135
0.657407 0.0348868
0.658336 0.644533
0.658417 0.020816
0.659443 0.259936
0.659487 0.00573434
0.659529 0.711501
0.659691 0.418806
0.660066 0.737378
0.660164 0.380392
0.660915 0.993572
0.660952 0.613326
0.661616 0.774496
0.662112 0.117006
0.662648 0.131888
0.664194 0.100681
0.664307 0.00762309
0.664658 0.909934
0.665002 0.695398
0.665565 0.147664
0.665672 0.947799
0.666953 0.479495
0.667148 0.763267
0.667167 0.0752969
0.668291 0.960842
0.668843 0.248904
0.669807 0.443861
0.671098 0.146453
0.67122 0.191804
0.672122 0.362227
0.672285 0.0861872
0.672324 0.756977
0.672348 0.154127
0.673247 0.255764
0.674549 0.150994
0.676371 0.775491
0.676691 0.149757
0.677097 0.968301
0.6774 0.0537586
0.677672 0.639424
0.677683 0.810008
0.678453 0.755808
0.678633 0.790718
0.678874 0.829351
0.679699 0.697271
0.680191 0.966033
0.683348 0.034898
0.683582 0.955839
0.683678 0.57232
0.683839 0.276495
0.684376 0.300072
0.684968 0.252772
0.685052 0.661511
0.685142 0.174575
0.685774 0.801352
0.686952 0.593872
0.68703 0.913852
0.687154 0.00467415
0.689486 0.187126
0.689885 0.894629
0.691746 0.171532
0.691806 0.17978
0.693783 0.409143
0.694202 0.454644
0.69433 0.608844
0.694449 0.604138
0.695108 0.685479
0.695381 0.261596
0.695509 0.42381
0.696133 0.902419
0.697066 0.586205
0.698767 0.176393
0.699249 0.270597
0.699468 0.953177
0.699743 0.586552
0.70004 0.565328
0.7004 0.616129
0.701092 0.245128
0.701321 0.109022
0.701891 0.688287
0.702403 0.28866
0.706268 0.254772
0.706446 0.232048
0.708488 0.563262
0.709477 0.185469
0.70972 0.25936
0.71062 0.386206
0.711231 0.656946
0.713647 0.264212
0.71567 0.273441
0.715992 0.670474
0.717778 0.692591
0.718624 0.916852
0.718675 0.770889
0.719385 0.708959
0.719747 0.785446
0.72008 0.38735
0.720341 0.776448
0.720352 0.964085
0.720477 0.0587818
0.722369 0.848899
0.722982 0.161933
0.723464 0.252583
0.723565 0.954755
0.725411 0.989166
0.725434 0.375124
0.725937 0.830365
0.725942 0.90866
0.726087 0.347294
0.726159 0.548783
0.726433 0.152449
0.726689 0.459989
0.728526 0.343851
0.729923 0.814953
0.730575 0.772777
0.730933 0.791428
0.731278 0.586228
0.732001 0.742105
0.732138 0.0419232
0.733082 0.914207
0.734908 0.599077
0.735866 0.697409
0.737354 0.713053
0.737683 0.240011
0.738692 0.198626
0.738966 0.794192
0.739668 0.605608
0.740106 0.954498
0.740708 0.0741655
0.741829 0.915007
0.742243 0.881673
0.743216 0.224095
0.74487 0.0262383
0.745379 0.586134
0.746014 0.254728
0.746573 0.645729
0.74677 0.964869
0.746845 0.228999
0.746924 0.551304
0.747181 0.862647
0.747197 0.132657
0.747297 0.819333
0.747935 0.547321
0.749054 0.356513
0.749225 0.223726
0.749518 0.1444
0.749733 0.766428
0.749867 0.0173853
0.749967 0.702137
0.749982 0.945591
0.750057 0.206733
0.750062 0.285161
0.750519 0.969904
0.750874 0.944977
0.751062 0.0987062
0.75122 0.74859
0.753181 0.712498
0.754162 0.193462
0.755405 0.088099
0.755759 0.0381667
0.756333 0.693378
0.756424 0.224498
0.756847 0.332
0.757979 0.351697
0.758999 0.493175
0.759008 0.654211
0.759413 0.451937
0.760409 0.188729
0.760751 0.950643
0.761044 0.871128
0.761306 0.266895
0.761586 0.984427
0.761726 0.335851
0.762135 0.206926
0.762191 0.150888
0.762375 0.240465
0.762914 0.292498
0.763527 0.599451
0.763789 0.998348
0.764333 0.137011
0.764395 0.180274
0.764909 0.819928
0.765801 0.820253
0.766762 0.964206
0.767074 0.205244
0.767521 0.725938
0.767973 0.321148
0.768045 0.524953
0.768302 0.856191
0.768336 0.417083
0.77172 0.306422
0.771765 0.0498484
0.772771 0.969512
0.773135 0.082814
0.773793 0.139681
0.774048 0.420948
0.774678 0.0196521
0.774751 0.238265
0.774831 0.580307
0.775057 0.38285
0.775137 0.732023
0.775372 0.669328
0.776704 0.0680759
0.777368 0.225348
0.777645 0.878531
0.778694 0.50465
0.778977 0.268224
0.779581 0.424519
0.779796 0.0266136
0.780047 0.253777
0.780517 0.154942
0.781144 0.679406
0.781536 0.2696
0.784001 0.704535
0.78431 0.902309
0.785295 0.451879
0.785383 0.930663
0.785799 0.924174
0.78586 0.951001
0.786286 0.10716
0.786352 0.216954
0.786658 0.363348
0.786835 0.343426
0.786999 0.0924536
0.787018 0.404507
0.787608 0.324156
0.788115 0.849615
0.788411 0.817662
0.78931 0.933002
0.79111 0.184471
0.791161 0.0407775
0.792585 0.97167
0.792977 0.570419
0.792978 0.580601
0.793231 0.839461
0.79363 0.534019
0.793756 0.653432
0.794275 0.377493
0.794614 0.0721082
0.79524 0.590224
0.795709 0.475291
0.795826 0.440187
0.79618 0.40356
0.796591 0.304516
0.796947 0.292338
0.797123 0.24939
0.79761 0.43319
0.798207 0.471706
0.798293 0.908698
0.798961 0.130913
0.800358 0.622183
0.800999 0.391447
0.801481 0.490933
0.801601 0.515826
0.803402 0.775379
0.804315 0.129526
0.804651 0.764489
0.804925 0.366409
0.806362 0.518749
0.806496 0.771491
0.806514 0.0767825
0.806754 0.108067
0.807174 0.165902
0.807308 0.430768
0.808223 0.81071
0.808397 0.728553
0.808519 0.775188
0.808811 0.6901
0.80887 0.677334
0.809053 0.757488
0.809118 0.84634
0.80919 0.0627608
0.809377 0.207858
0.809414 0.823143
0.809421 0.939396
0.810932 0.340167
0.811067 0.610785
0.811298 0.488782
0.811334 0.087875
0.811618 0.867846
0.811852 0.792191
0.812005 0.36583
0.812849 0.550373
0.81313 0.275739
0.813399 0.799991
0.81386 0.539237
0.813976 0.492558
0.814091 0.429427
0.815433 0.988405
0.81734 0.0263751
0.818679 0.536664
0.819559 0.324761
0.819861 0.41122
0.820678 0.13515
0.820815 0.439726
0.820996 0.478471
0.821061 0.564474
0.822105 0.117384
0.824614 0.287599
0.824658 0.0334129
0.825306 0.914508
0.82536 0.827704
0.826097 0.211376
0.826817 0.32057
0.827178 0.373006
0.827758 0.136277
0.828374 0.475427
0.828769 0.121032
0.831297 0.60791
0.831424 0.740517
0.831481 0.708866
0.832024 0.825303
0.832535 0.413945
0.835724 0.0154093
0.836019 0.968891
0.836206 0.119748
0.836944 0.516067
0.838511 0.859031
0.838662 0.399776
0.838954 0.295968
0.839784 0.249586
0.840005 0.965304
0.84089 0.830913
0.841299 0.714533
0.84135 0.568109
0.841352 0.601543
0.841356 0.672512
0.842804 0.00239337
0.843161 0.00218196
0.843219 0.978647
0.843837 0.365945
0.844476 0.109069
0.844512 0.717647
0.845545 0.0823025
0.846358 0.74082
0.846805 0.257437
0.847274 0.130209
0.848335 0.967561
0.84909 0.653628
0.85047 0.840953
0.851114 0.672656
0.851245 0.872343
0.851459 0.473772
0.851613 0.0616079
0.852144 0.990102
0.852296 0.545286
0.85253 0.463887
0.852917 0.978932
0.853485 0.514095
0.8536 0.453626
0.853856 0.759851
0.854297 0.176127
0.854391 0.749344
0.854459 0.889607
0.855145 0.422466
0.855243 0.0693459
0.855816 0.692352
0.855836 0.0287529
0.856734 0.119981
0.857187 0.740556
0.857264 0.0332449
0.857849 0.859768
0.858041 0.093389
0.858753 0.0553214
0.859238 0.205788
0.859637 0.924797
0.859644 0.0417619
0.860574 0.66098
0.861382 0.249506
0.861628 0.384866
0.862337 0.300489
0.862348 0.48822
0.862791 0.921573
0.863313 0.704215
0.86546 0.780889
0.865561 0.484126
0.867255 0.958539
0.868502 0.905629
0.868679 0.890645
0.869187 0.433503
0.869565 0.78079
0.869659 0.352803
0.869693 0.93384
0.870989 0.708114
0.871287 0.723072
0.871752 0.53504
0.871941 0.713697
0.872243 0.793308
0.872713 0.684839
0.873049 0.334359
0.873331 0.0780856
0.873495 0.83339
0.873729 0.757915
0.874551 0.576662
0.874576 0.997775
0.874592 0.268747
0.87464 0.0800992
0.874643 0.129851
0.874654 0.315235
0.87489 0.269101
0.875666 0.313146
0.876095 0.524731
0.876317 0.257924
0.877091 0.275368
0.877643 0.538682
0.878186 0.678159
0.878801 0.0051867
0.879251 0.565952
0.879383 0.787475
0.879764 0.18896
0.879831 0.319377
0.880097 0.797555
0.880207 0.636486
0.88064 0.918187
0.881341 0.691715
0.881376 0.282982
0.882947 0.69056
0.8832 0.944904
0.884723 0.547705
0.885534 0.172177
0.885653 0.175838
0.885854 0.549496
0.885984 0.725046
0.887121 0.846471
0.887334 0.41888
0.887606 0.986192
0.888258 0.959177
0.888299 0.636659
0.889763 0.249173
0.889895 0.468841
0.890352 0.138902
0.891903 0.215934
0.892075 0.105187
0.892979 0.292444
0.893216 0.273859
0.893591 0.586585
0.894548 0.665094
0.895004 0.336525
0.895813 0.931781
0.896035 0.666094
0.896095 0.664661
0.896223 0.81494
0.896622 0.526959
0.896796 0.449459
0.897761 0.67184
0.897896 0.941706
0.897968 0.151459
0.898113 0.580365
0.898373 0.951956
0.899073 0.713517
0.899374 0.773061
0.899741 0.948842
0.900868 0.896356
0.902638 0.643102
0.9032 0.0814298
0.905977 0.749804
0.905995 0.0496944
0.906928 0.741393
0.908041 0.444404
0.908344 0.531888
0.908648 0.643712
0.908705 0.604345
0.909404 0.35563
0.909913 0.915761
0.910521 0.130699
0.91156 0.589841
0.911721 0.296904
0.912617 0.358689
0.912823 0.808608
0.913386 0.273341
0.914213 0.180189
0.915365 0.535254
0.915523 0.192322
0.915763 0.228819
0.915814 0.0856734
0.915965 0.62274
0.916381 0.612196
0.9164 0.937953
0.916498 0.579542
0.916498 0.588307
0.916786 0.415941
0.91707 0.197375
0.917134 0.278697
0.917966 0.257579
0.918967 0.0859322
0.919234 0.565292
0.919433 0.906087
0.919974 0.998755
0.919976 0.0309451
0.920354 0.395122
0.92108 0.591109
0.92137 0.472557
0.921803 0.738621
0.922276 0.699924
0.922587 0.919338
0.922808 0.63331
0.923749 0.448453
0.923767 0.752218
0.924493 0.953747
0.925882 0.299478
0.926546 0.451733
0.927609 0.317174
0.927801 0.545669
0.928799 0.318384
0.929223 0.445695
0.929514 0.339296
0.931902 0.475681
0.932012 0.330225
0.932892 0.111082
0.932947 0.0421776
0.933009 0.0897528
0.9342 0.098085
0.934244 0.838906
0.934378 0.0846431
0.935097 0.179506
0.935319 0.900546
0.936854 0.709493
0.93723 0.0198322
0.938294 0.903665
0.938604 0.120613
0.938677 0.345526
0.938714 0.961172
0.939429 0.982866
0.940489 0.799377
0.940708 0.47896
0.941731 0.676921
0.942069 0.358208
0.944993 0.489924
0.945711 0.559938
0.94597 0.915172
0.946437 0.76531
0.946722 0.552856
0.948195 0.305964
0.948342 0.78085
0.948421 0.106574
0.949115 0.779815
0.94928 0.551892
0.949472 0.779408
0.949701 0.624386
0.949999 0.627032
0.95018 0.676201
0.950232 0.553076
0.950338 0.337425
0.950483 0.765055
0.950926 0.21921
0.951067 0.586914
0.951631 0.0591766
0.951715 0.480461
0.95183 0.408933
0.95223 0.128896
0.95258 0.0111955
0.953128 0.223873
0.953165 0.840474
0.953204 0.501997
0.954128 0.0218129
0.955123 0.747265
0.955226 0.480422
0.955616 0.0365482
0.955878 0.445001
0.956094 0.0779078
0.956373 0.758609
0.957613 0.603783
0.958234 0.0431582
0.958518 0.80926
0.958803 0.594655
0.959357 0.92101
0.959951 0.88995
0.960265 0.177899
0.960752 0.367435
0.960773 0.705926
0.961156 0.152616
0.961271 0.0826218
0.961379 0.899787
0.961833 0.521184
0.962024 0.740999
0.962497 0.681367
0.962692 0.971448
0.963137 0.445677
0.963184 0.240007
0.964722 0.0749458
0.965612 0.0479563
0.96578 0.865661
0.966122 0.614011
0.966224 0.320183
0.967967 0.627087
0.968026 0.618829
0.96853 0.088714
0.968696 0.875872
0.969679 0.390935
0.970296 0.759176
0.970296 0.762925
0.970932 0.462394
0.971496 0.939423
0.972953 0.414506
0.974678 0.412355
0.974951 0.00943108
0.975046 0.60313
0.97513 0.00692268
0.975717 0.873877
0.976295 0.582214
0.976295 0.586652
0.976385 0.0981661
0.977263 0.856969
0.979045 0.811106
0.979395 0.691018
0.979765 0.905406
0.980228 0.692549
0.980578 0.574692
0.981319 0.0266252
0.98265 0.390006
0.983301 0.337367
0.984278 0.760408
0.984749 0.683401
0.984846 0.299296
0.985146 0.341865
0.985193 0.13362
0.985835 0.934299
0.986286 0.502625
0.986973 0.0530076
0.987506 0.0112342
0.988173 0.230781
0.988354 0.258286
0.988674 0.649911
0.989136 0.403409
0.99075 0.533166
0.991527 0.594531
0.991731 0.0268558
0.992344 0.324628
0.993194 0.613778
0.993653 0.332308
0.993889 0.293891
0.996097 0.39834
0.996558 0.149826
0.997565 0.072002
0.997676 0.938254
0.997716 0.614742
0.997851 0.886135
0.998463 0.165233
0.999043 0.908108
