0.00250611 0.120126
0.00654483 0.999017
0.00798049 0.128089
0.00838071 0.854689
0.0141176 0.274893
0.018475 0.509346
0.019859 0.77099
0.0244066 0.202028
0.0255725 0.796729
0.031276 0.655869
0.0339423 0.468086
0.0428429 0.0603766
0.0505013 0.775123
0.0631042 0.592309
0.0682657 0.341452
0.0730055 0.00345109
0.0730644 0.993628
0.0790837 0.160282
0.0805211 0.318241
0.0853936 0.209542
0.0897039 0.652975
0.100672 0.99703
0.101913 0.846595
0.109337 0.630821
0.109782 0.104206
0.113018 0.501816
0.114354 0.955278
0.115695 0.477479
0.11648 0.683506
0.119716 0.0715369
0.122757 0.175419
0.124236 0.0344178
0.130198 0.245598
0.134429 0.348929
0.13644 0.143802
0.137743 0.048722
0.147524 0.441444
0.153895 0.520513
0.159253 0.563463
0.166738 0.363098
0.171429 0.204259
0.171795 0.356725
0.175774 0.237981
0.178336 0.295268
0.17934 0.162706
0.179434 0.743241
0.182242 0.948112
0.183904 0.873318
0.185474 0.26839
0.186344 0.885058
0.207654 0.043445
0.212228 0.913731
0.226032 0.923074
0.241181 0.523968
0.247194 0.581797
0.2523 0.401231
0.263632 0.859331
0.267911 0.784377
0.27123 0.55589
0.273646 0.160464
0.275506 0.425119
0.277045 0.296325
0.283982 0.878493
0.288124 0.498751
0.289789 0.491247
0.291587 0.699984
0.291741 0.29351
0.292039 0.303584
0.293681 0.903142
0.30736 0.795593
0.311179 0.99134
0.311499 0.367751
0.320718 0.3101
0.323001 0.67821
0.328168 0.523165
0.329801 0.96013
0.332262 0.319517
0.336527 0.00419972
0.341705 0.0356564
0.348885 0.707799
0.351411 0.164005
0.362937 0.886695
0.366083 0.750525
0.368611 0.245127
0.370289 0.439184
0.375545 0.782638
0.38305 0.924684
0.383273 0.665673
0.389817 0.659079
0.395458 0.458301
0.406918 0.0789367
0.414437 0.448355
0.414877 0.839375
0.422497 0.912969
0.424463 0.950398
0.430411 0.914703
0.435252 0.278162
0.435907 0.294701
0.437365 0.794516
0.441357 0.894284
0.443702 0.295349
0.452635 0.440088
0.456821 0.796666
0.457517 0.490686
0.458356 0.580945
0.459451 0.991649
0.460116 0.168221
0.468349 0.544777
0.472638 0.620746
0.483943 0.621841
0.48803 0.32704
0.490587 0.292908
0.492381 0.454013
0.501471 0.224584
0.503984 0.458459
0.512267 0.670018
0.519149 0.345618
0.534618 0.318415
0.542223 0.149619
0.544074 0.257292
0.551968 0.931806
0.552072 0.680984
0.554084 0.481413
0.554132 0.303667
0.564091 0.680263
0.565317 0.287375
0.569678 0.584203
0.570124 0.0796266
0.570771 0.952981
0.572012 0.801059
0.573431 0.662838
0.579505 0.742814
0.583253 0.73092
0.583586 0.322266
0.584623 0.765999
0.589493 0.604214
0.590009 0.28415
0.590728 0.364151
0.594324 0.80429
0.596929 0.587011
0.59777 0.71788
0.598882 0.413143
0.616367 0.28805
0.622758 0.686474
0.627186 0.12027
0.631627 0.750861
0.644664 0.871473
0.645259 0.863853
0.648624 0.429938
0.65064 0.299107
0.652419 0.20364
0.658008 0.141359
0.66005 0.46452
0.66335 0.92859
0.663987 0.630696
0.681071 0.758043
0.681095 0.16946
0.685456 0.457014
0.686767 0.499866
0.689145 0.461518
0.690184 0.918462
0.691903 0.820805
0.695562 0.30938
0.698802 0.769702
0.700917 0.319584
0.702748 0.0829519
0.703638 0.0420471
0.713457 0.0741912
0.71379 0.676439
0.714278 0.86639
0.721201 0.230649
0.721426 0.00367868
0.721623 0.324798
0.735554 0.45818
0.736116 0.908176
0.73896 0.70044
0.741127 0.130256
0.74454 0.482461
0.746453 0.643423
0.749288 0.282939
0.750813 0.908319
0.757496 0.242584
0.75853 0.617069
0.760837 0.395203
0.765217 0.005939
0.77169 0.789552
0.774223 0.35849
0.781432 0.530972
0.783116 0.827828
0.783246 0.0221855
0.790233 0.445852
0.790618 0.917681
0.792417 0.145881
0.798602 0.0992241
0.807423 0.354074
0.813243 0.177828
0.816786 0.716964
0.819984 0.470463
0.824087 0.435083
0.82424 0.998736
0.827628 0.951006
0.827861 0.85908
0.828026 0.624958
0.829004 0.0639411
0.830612 0.103632
0.839078 0.375724
0.848376 0.649597
0.850413 0.891215
0.851107 0.555338
0.854001 0.194893
0.855435 0.303851
0.858606 0.59644
0.859465 0.0252836
0.860436 0.341416
0.871231 0.782804
0.872399 0.41583
0.875287 0.951466
0.880785 0.356398
0.885971 0.51512
0.887646 0.672307
0.8878 0.247323
0.888027 0.0694791
0.899739 0.908442
0.900386 0.79428
0.903083 0.120016
0.904221 0.247819
0.910881 0.177837
0.915107 0.197818
0.916834 0.227355
0.92443 0.889611
0.928544 0.0380178
0.92929 0.582537
0.930229 0.360537
0.931939 0.0924375
0.935122 0.601528
0.940984 0.111137
0.945023 0.0036386
0.945552 0.892226
0.960228 0.554497
0.96206 0.346306
0.965299 0.784551
0.966395 0.195897
0.966576 0.249237
0.967375 0.672588
0.972331 0.973198
0.972652 0.364651
0.985098 0.534661
0.986623 0.164862
0.987973 0.85958
0.992673 0.857965
