0.0011447 0.238945
0.00245839 0.318244
0.00284267 0.776846
0.00411576 0.173576
0.00573754 0.430848
0.00579927 0.468374
0.00595745 0.126866
0.0072367 0.62721
0.00808894 0.950827
0.00817229 0.351638
0.0082315 0.346753
0.00877319 0.451035
0.0102655 0.531684
0.0104902 0.308784
0.0111067 0.670568
0.0120336 0.249246
0.0131032 0.225007
0.0138412 0.628237
0.0142978 0.303604
0.0157984 0.522898
0.016593 0.879364
0.0168323 0.901038
0.017554 0.0294758
0.0177474 0.279736
0.018418 0.550545
0.0185417 0.631029
0.0190245 0.745126
0.0214433 0.398231
0.021644 0.769972
0.0224093 0.633408
0.023775 0.585613
0.024565 0.86409
0.0252031 0.588673
0.0268106 0.606192
0.0298944 0.435391
0.0298993 0.517098
0.0326401 0.582521
0.0341141 0.356361
0.0350708 0.435464
0.0365301 0.961153
0.0383507 0.559784
0.0384269 0.840663
0.038521 0.422912
0.0388577 0.0818858
0.0398192 0.241108
0.039898 0.566394
0.0407638 0.116992
0.0425067 0.409801
0.0433306 0.257833
0.0437128 0.681114
0.0440704 0.692063
0.0448658 0.0588447
0.0468984 0.22169
0.0471057 0.705755
0.0491012 0.244557
0.0499525 0.552099
0.0536111 0.041049
0.0553819 0.803737
0.0557641 0.22658
0.0563136 0.462189
0.0566989 0.939058
0.0568039 0.702745
0.0572405 0.0403267
0.0572478 0.163295
0.0581432 0.213215
0.0586159 0.15795
0.0596487 0.515929
0.0604313 0.668816
0.0607552 0.113433
0.0647156 0.675013
0.0655211 0.213255
0.067819 0.834336
0.0679199 0.529348
0.0687902 0.157075
0.0695261 0.525297
0.0699746 0.0635154
0.0706186 0.887525
0.0706692 0.737351
0.0707161 0.525193
0.0725516 0.374964
0.0726919 0.732235
0.072716 0.137508
0.0727629 0.92531
0.0767 0.0971996
0.0804372 0.908266
0.0809422 0.395658
0.0835902 0.900049
0.0839063 0.212909
0.083973 0.333997
0.0846022 0.909074
0.0866183 0.794028
0.0874972 0.564946
0.0904803 0.702327
0.0911929 0.678323
0.0913553 0.40791
0.0927193 0.333921
0.0935051 0.539581
0.0949596 0.986708
0.0981275 0.22942
0.0982615 0.481489
0.099094 0.47283
0.0994499 0.454008
0.101305 0.636118
0.103088 0.60806
0.103752 0.75198
0.106068 0.691149
0.108453 0.774838
0.108579 0.891104
0.110967 0.023591
0.113754 0.858956
0.115036 0.405921
0.115109 0.633237
0.115584 0.618098
0.117069 0.584411
0.118377 0.568589
0.119321 0.433829
0.120569 0.403012
0.121708 0.538399
0.123093 0.818372
0.12348 0.322719
0.12449 0.296322
0.124595 0.0613169
0.125625 0.374294
0.126461 0.42294
0.127174 0.417391
0.128181 0.340733
0.129388 0.62399
0.129433 0.384791
0.130291 0.797629
0.132416 0.518149
0.13403 0.642349
0.135551 0.205791
0.136214 0.341682
0.13669 0.344739
0.13678 0.856175
0.138 0.359087
0.138961 0.510076
0.139164 0.933212
0.14022 0.681172
0.141186 0.912905
0.141565 0.290691
0.142416 0.583301
0.14338 0.793027
0.146376 0.133893
0.146549 0.0498727
0.148072 0.652979
0.149345 0.0422582
0.14961 0.502999
0.151208 0.350764
0.153986 0.0471641
0.155064 0.160889
0.156262 0.303193
0.158736 0.881805
0.160769 0.0492127
0.160904 0.317107
0.161061 0.960259
0.163348 0.398001
0.164561 0.770549
0.166136 0.243297
0.168153 0.154666
0.168362 0.668486
0.16935 0.271276
0.16948 0.457314
0.170009 0.335038
0.170343 0.951351
0.171368 0.186518
0.173585 0.450382
0.173666 0.81203
0.174753 0.0799496
0.174756 0.121281
0.176513 0.658397
0.176815 0.737523
0.177289 0.69824
0.17959 0.363533
0.181571 0.667998
0.182116 0.828974
0.183853 0.0212141
0.185867 0.859821
0.188026 0.151454
0.190342 0.0835324
0.19249 0.1764
0.192864 0.469427
0.193599 0.821957
0.19382 0.531202
0.197798 0.394426
0.200063 0.460673
0.20104 0.87498
0.20155 0.445755
0.202382 0.442371
0.204949 0.575456
0.204989 0.242419
0.209363 0.768106
0.210361 0.541831
0.210784 0.654177
0.211433 0.559824
0.212019 0.404809
0.214097 0.331814
0.215474 0.477111
0.215622 0.952975
0.221138 0.671244
0.223982 0.461841
0.226047 0.167875
0.227248 0.354641
0.227314 0.460538
0.227532 0.132412
0.227772 0.170013
0.22948 0.871406
0.230018 0.918634
0.230145 0.0451763
0.233322 0.436307
0.233561 0.464086
0.233626 0.560184
0.234345 0.63718
0.236231 0.339892
0.238311 0.298233
0.238447 0.582758
0.238519 0.786282
0.240851 0.977984
0.240999 0.466754
0.241569 0.0515282
0.24413 0.0908459
0.244775 0.935666
0.246844 0.711621
0.247081 0.687064
0.248108 0.952019
0.249436 0.269037
0.252394 0.990399
0.254428 0.16921
0.255318 0.132907
0.256299 0.617996
0.257102 0.106132
0.257115 0.333379
0.257943 0.250197
0.258022 0.574067
0.258242 0.273224
0.258939 0.984086
0.260604 0.966229
0.260788 0.0616829
0.261222 0.359326
0.261837 0.694712
0.262186 0.567745
0.262464 0.240236
0.262827 0.330302
0.264351 0.946407
0.2652 0.221329
0.267592 0.412991
0.268095 0.864335
0.26824 0.311007
0.26999 0.728537
0.270534 0.858889
0.270808 0.470475
0.271518 0.411417
0.273784 0.480176
0.275638 0.644661
0.276026 0.176745
0.276887 0.639922
0.277773 0.529566
0.278951 0.332472
0.27979 0.434634
0.281266 0.239059
0.283414 0.33566
0.28396 0.51999
0.284107 0.979724
0.28559 0.914364
0.285648 0.891283
0.28575 0.606518
0.287351 0.502392
0.290406 0.853877
0.291323 0.268224
0.292024 0.0415645
0.295096 0.677233
0.295252 0.300186
0.296715 0.88271
0.299564 0.775723
0.30151 0.483067
0.301941 0.727608
0.311112 0.85463
0.315312 0.445264
0.315566 0.720669
0.316176 0.976829
0.316793 0.340272
0.317598 0.864669
0.317867 0.398743
0.318172 0.516891
0.320639 0.973576
0.320899 0.3485
0.324601 0.57608
0.325188 0.430699
0.325421 0.354998
0.326133 0.322494
0.326215 0.694238
0.327943 0.745235
0.328599 0.768888
0.329938 0.26433
0.331789 0.37461
0.332321 0.320455
0.335031 0.862505
0.335527 0.200813
0.337666 0.15437
0.339826 0.463989
0.339846 0.798183
0.340072 0.595725
0.340845 0.586269
0.342101 0.699379
0.342372 0.252612
0.342658 0.0606327
0.342925 0.540415
0.343686 0.332295
0.345675 0.758139
0.345899 0.524462
0.34652 0.953326
0.347906 0.253069
0.348028 0.299046
0.348525 0.653648
0.348594 0.82344
0.351204 0.682061
0.351414 0.209617
0.353282 0.609848
0.355078 0.800474
0.357058 0.0724909
0.357381 0.496032
0.358523 0.693677
0.359717 0.762437
0.3603 0.568635
0.36138 0.709165
0.362199 0.475584
0.36388 0.732322
0.36421 0.275536
0.36422 0.439475
0.364582 0.523632
0.368275 0.603567
0.368928 0.577819
0.369545 0.950224
0.370954 0.624146
0.370976 0.992048
0.374053 0.709369
0.374185 0.922956
0.378572 0.657575
0.379238 0.849158
0.380293 0.591553
0.380519 0.388626
0.382457 0.958562
0.383748 0.657907
0.385947 0.611119
0.386058 0.480032
0.386567 0.0257229
0.386577 0.198662
0.388159 0.78548
0.389256 0.225932
0.390399 0.441907
0.390866 0.282669
0.39131 0.744283
0.395107 0.571142
0.396179 0.580126
0.397481 0.46645
0.400004 0.862464
0.400503 0.245593
0.401656 0.631486
0.401977 0.0352656
0.403101 0.914206
0.40353 0.123693
0.40409 0.54751
0.404215 0.643146
0.404513 0.643671
0.405189 0.0110734
0.407524 0.259133
0.408662 0.37587
0.409 0.0692249
0.409045 0.820752
0.410809 0.467626
0.412135 0.745926
0.412766 0.354765
0.413698 0.0162848
0.414112 0.983154
0.414231 0.988732
0.414502 0.535211
0.415187 0.0544836
0.415691 0.527147
0.416941 0.529983
0.417086 0.960227
0.418802 0.806605
0.419094 0.713863
0.421108 0.564734
0.422313 0.81847
0.424535 0.152787
0.424912 0.503854
0.425194 0.237344
0.426791 0.0762495
0.427406 0.415815
0.429151 0.748311
0.429303 0.30121
0.429395 0.837197
0.431477 0.828488
0.433142 0.822949
0.434319 0.599511
0.434882 0.061685
0.435018 0.349207
0.435208 0.532552
0.435593 0.00657149
0.444266 0.782247
0.447046 0.496163
0.448735 0.89196
0.449961 0.494266
0.450473 0.10051
0.450637 0.850273
0.45149 0.185216
0.451705 0.805663
0.452858 0.185326
0.453111 0.443489
0.453801 0.0286056
0.455567 0.722265
0.458314 0.879053
0.460698 0.9522
0.461231 0.917596
0.462775 0.85866
0.463131 0.848094
0.463942 0.468466
0.465744 0.764098
0.466242 0.127372
0.468576 0.357682
0.469071 0.669881
0.469309 0.672255
0.47151 0.675971
0.472778 0.985742
0.474733 0.829766
0.475657 0.359247
0.475703 0.137767
0.47819 0.935956
0.479355 0.521046
0.479539 0.611726
0.479724 0.717495
0.480257 0.683079
0.481139 0.507333
0.481693 0.821503
0.483389 0.327284
0.484091 0.122789
0.486178 0.19894
0.487668 0.229446
0.487948 0.946571
0.488114 0.727217
0.489754 0.298334
0.490512 0.0367989
0.490874 0.123562
0.491273 0.833249
0.491956 0.30529
0.492229 0.889633
0.49292 0.510288
0.493884 0.709018
0.494534 0.633338
0.494672 0.959914
0.495002 0.503331
0.496713 0.247786
0.498473 0.838263
0.499416 0.67939
0.500527 0.351103
0.501231 0.186718
0.501828 0.229296
0.502152 0.663919
0.50217 0.973647
0.502291 0.00785379
0.502313 0.370168
0.502613 0.410342
0.503165 0.690052
0.503738 0.324289
0.505541 0.620024
0.507585 0.982301
0.509484 0.898782
0.51051 0.148202
0.511927 0.955094
0.512455 0.823372
0.51467 0.0508354
0.51497 0.0970044
0.51768 0.639727
0.517767 0.113479
0.518551 0.285157
0.51945 0.400216
0.522991 0.915082
0.52371 0.989354
0.524475 0.852955
0.524666 0.0586982
0.525418 0.695264
0.526649 0.393788
0.529822 0.722363
0.530506 0.219753
0.530793 0.0301525
0.532107 0.122608
0.5323 0.360995
0.532344 0.104805
0.534387 0.448831
0.536388 0.0707959
0.536422 0.640806
0.536522 0.322967
0.537235 0.309145
0.537661 0.464654
0.538586 0.0161659
0.538704 0.00502637
0.540987 0.368495
0.541824 0.431409
0.543126 0.312959
0.543201 0.572269
0.545779 0.909834
0.546521 0.378007
0.546647 0.499438
0.548425 0.373277
0.549678 0.439311
0.552358 0.473735
0.552703 0.278999
0.553858 0.692316
0.554074 0.324338
0.55445 0.639122
0.554847 0.311947
0.558676 0.668252
0.559284 0.882478
0.559768 0.0198986
0.561823 0.56561
0.562526 0.376579
0.563496 0.682413
0.565758 0.69436
0.565949 0.90062
0.567464 0.361443
0.568347 0.204935
0.568454 0.00542262
0.568831 0.347771
0.569072 0.392126
0.570345 0.779785
0.570941 0.806781
0.572503 0.0593426
0.573554 0.721634
0.573964 0.606085
0.574559 0.612583
0.574982 0.721251
0.576011 0.0172606
0.57629 0.702548
0.57717 0.492648
0.578206 0.903088
0.579262 0.663233
0.582177 0.649816
0.582613 0.984681
0.584081 0.641173
0.584806 0.838561
0.588842 0.662801
0.589536 0.334445
0.590082 0.499938
0.590641 0.910967
0.592516 0.424664
0.592864 0.262674
0.595609 0.400608
0.595635 0.829305
0.596882 0.788987
0.599467 0.240011
0.601786 0.22577
0.601899 0.120268
0.602117 0.788753
0.605618 0.621888
0.606829 0.9735
0.607577 0.549896
0.60835 0.537185
0.608624 0.151072
0.608719 0.748254
0.610291 0.162446
0.610661 0.383682
0.61239 0.443194
0.612474 0.856433
0.613027 0.141113
0.615538 0.349153
0.616278 0.784119
0.616363 0.206233
0.616829 0.0531307
0.616836 0.158724
0.617221 0.64021
0.617796 0.298005
0.61808 0.0700549
0.619958 0.63903
0.620941 0.153413
0.623559 0.163482
0.623777 0.816737
0.625904 0.567889
0.626678 0.58142
0.628765 0.647678
0.628927 0.371944
0.630526 0.254528
0.631847 0.451544
0.631902 0.369843
0.632922 0.519969
0.63361 0.084009
0.634318 0.984911
0.636675 0.603863
0.636688 0.809368
0.63689 0.203422
0.638745 0.388059
0.641954 0.317801
0.642314 0.367209
0.643342 0.642925
0.644038 0.346235
0.644651 0.649149
0.647387 0.625985
0.64996 0.881107
0.651426 0.50951
0.651818 0.100525
0.652235 0.114659
0.653764 0.808237
0.654994 0.489833
0.65608 0.732301
0.658518 0.715648
0.659375 0.124275
0.661369 0.636217
0.662572 0.855454
0.663196 0.335111
0.66337 0.267581
0.664424 0.981872
0.665089 0.143988
0.665284 0.428066
0.66551 0.220912
0.666411 0.363371
0.66679 0.745157
0.668264 0.50743
0.668614 0.396139
0.669237 0.868087
0.671436 0.823521
0.673305 0.24461
0.675862 0.205155
0.679906 0.187753
0.679918 0.382739
0.679987 0.541355
0.680259 0.110616
0.682011 0.559366
0.684098 0.63086
0.684249 0.166408
0.68476 0.754158
0.684988 0.594315
0.686449 0.144328
0.686474 0.565653
0.686555 0.936551
0.686558 0.973664
0.687855 0.771307
0.689149 0.529819
0.68944 0.416221
0.691376 0.960588
0.691929 0.247789
0.692353 0.375075
0.692748 0.0242412
0.692817 0.17406
0.694522 0.838897
0.695279 0.553632
0.696129 0.832694
0.696337 0.328725
0.697459 0.190009
0.698072 0.504357
0.698111 0.148538
0.698496 0.622104
0.699309 0.29049
0.699613 0.399552
0.699917 0.51244
0.700853 0.244663
0.701025 0.127013
0.70403 0.637759
0.705278 0.607177
0.705353 0.860429
0.705639 0.67025
0.708613 0.662021
0.708926 0.913561
0.708992 0.0222214
0.712821 0.380616
0.713214 0.984937
0.713924 0.921606
0.714476 0.201879
0.715525 0.83051
0.720331 0.60444
0.721151 0.377974
0.721981 0.335622
0.72396 0.590186
0.725339 0.766226
0.725847 0.312777
0.725871 0.721251
0.726718 0.952541
0.726929 0.488002
0.726994 0.595996
0.729352 0.213265
0.729518 0.0151134
0.730344 0.897191
0.731604 0.0751189
0.731825 0.7806
0.73353 0.433877
0.733977 0.952591
0.734904 0.530275
0.735111 0.0155684
0.735919 0.599031
0.737133 0.989446
0.738165 0.346556
0.739083 0.772526
0.739421 0.451637
0.740437 0.521496
0.745868 0.800879
0.746386 0.501195
0.746593 0.98231
0.747128 0.973055
0.747585 0.659559
0.749142 0.834945
0.749636 0.127296
0.750273 0.835084
0.750578 0.963101
0.751472 0.981654
0.752017 0.14605
0.752428 0.0612736
0.75564 0.0483044
0.756529 0.975437
0.757393 0.505052
0.757961 0.0540366
0.759551 0.778341
0.760401 0.0643133
0.761014 0.364254
0.766062 0.212075
0.766535 0.161592
0.766829 0.0994911
0.767294 0.916124
0.767877 0.716695
0.769053 0.46995
0.771193 0.439466
0.772671 0.280957
0.772748 0.567487
0.774036 0.219466
0.774354 0.571701
0.774694 0.27822
0.774841 0.747157
0.776115 0.166427
0.776221 0.953477
0.778433 0.121875
0.778718 0.908044
0.778759 0.607902
0.781928 0.868246
0.784626 0.217814
0.784955 0.736297
0.786362 0.385487
0.789206 0.187847
0.789915 0.103894
0.791084 0.751031
0.791333 0.931784
0.793036 0.551736
0.793198 0.283178
0.797898 0.274152
0.798972 0.316492
0.799752 0.427187
0.800684 0.0947795
0.800927 0.182923
0.802173 0.123532
0.8023 0.254324
0.803152 0.580242
0.804545 0.983324
0.806023 0.820166
0.806119 0.443465
0.806605 0.60204
0.809023 0.249087
0.809037 0.492245
0.812652 0.248764
0.814102 0.62032
0.820218 0.407401
0.822091 0.88779
0.822915 0.736558
0.82447 0.872632
0.825638 0.495742
0.826887 0.486503
0.828169 0.0445345
0.828262 0.599783
0.82904 0.673326
0.830698 0.541555
0.832247 0.578407
0.833111 0.0915475
0.843006 0.404414
0.843113 0.193194
0.843183 0.377464
0.843857 0.70143
0.845998 0.680737
0.846316 0.036548
0.847964 0.725006
0.848551 0.604099
0.850274 0.56179
0.850998 0.718325
0.852337 0.232567
0.852802 0.035144
0.854916 0.570061
0.855734 0.324835
0.858599 0.468644
0.860535 0.0166899
0.860749 0.608641
0.861018 0.121294
0.861832 0.807572
0.861943 0.677291
0.863088 0.918185
0.864332 0.822824
0.86571 0.988024
0.866625 0.359366
0.867178 0.653532
0.868244 0.573726
0.869629 0.853895
0.870372 0.340382
0.871354 0.843831
0.87173 0.159774
0.872874 0.400519
0.874784 0.494464
0.87562 0.547258
0.878165 0.312355
0.879064 0.424362
0.879351 0.251619
0.879401 0.0981038
0.882399 0.475817
0.884279 0.0717694
0.884534 0.370614
0.885869 0.804526
0.886195 0.274641
0.886711 0.948121
0.888113 0.513961
0.888724 0.780154
0.889369 0.617077
0.889417 0.424289
0.891155 0.647122
0.892261 0.226007
0.892537 0.877069
0.894702 0.253235
0.896723 0.227794
0.896898 0.168536
0.897507 0.394251
0.898793 0.0194174
0.89917 0.34764
0.899319 0.854692
0.89967 0.74697
0.899825 0.355811
0.899982 0.00385567
0.900562 0.751145
0.90216 0.595497
0.903006 0.814938
0.903526 0.558832
0.904452 0.129918
0.905912 0.663316
0.90597 0.636439
0.906686 0.675782
0.906695 0.82406
0.906717 0.192635
0.908949 0.703272
0.90919 0.756972
0.910926 0.934138
0.911222 0.9103
0.912583 0.787114
0.913461 0.533128
0.914016 0.865213
0.915926 0.965802
0.917481 0.111049
0.919064 0.701475
0.91928 0.337097
0.921048 0.0573666
0.92126 0.609177
0.921578 0.953851
0.921766 0.120807
0.925207 0.956564
0.925911 0.787523
0.927268 0.592537
0.929548 0.908688
0.930771 0.464217
0.933383 0.362823
0.93388 0.728609
0.934515 0.396662
0.93489 0.70207
0.93874 0.396999
0.939258 0.101056
0.939338 0.452764
0.939352 0.692541
0.940404 0.362604
0.942164 0.944276
0.942553 0.493194
0.943085 0.425437
0.943793 0.332131
0.947506 0.73049
0.948339 0.734455
0.949364 0.958924
0.951602 0.567743
0.953107 0.870732
0.953143 0.480155
0.955182 0.752601
0.958732 0.404961
0.958968 0.373478
0.959752 0.544921
0.962102 0.0525814
0.963868 0.728366
0.966608 0.781117
0.966954 0.597166
0.968024 0.578148
0.970434 0.0863473
0.975103 0.549839
0.975683 0.307076
0.975922 0.324171
0.97679 0.915943
0.977395 0.0861458
0.979113 0.949271
0.984097 0.726148
0.987722 0.637786
0.988241 0.360243
0.989605 0.295387
0.991127 0.871649
0.991955 0.789618
0.993831 0.311298
0.998636 0.0764392
