0.000303482 0.100625
0.000581023 0.765266
0.000875026 0.706577
0.00123803 0.807577
0.00201817 0.919406
0.00277205 0.589789
0.0044518 0.821327
0.00472924 0.484395
0.00704345 0.379243
0.00727625 0.291935
0.00734055 0.372592
0.00790158 0.801927
0.00882902 0.389417
0.00930807 0.440786
0.00951578 0.931676
0.00974014 0.702561
0.00995727 0.351911
0.0109045 0.271529
0.010973 0.423156
0.0129489 0.632859
0.0154751 0.0898869
0.0172855 0.516572
0.0178244 0.574374
0.0180942 0.109637
0.0194342 0.629843
0.0199461 0.233597
0.0204969 0.490713
0.0212364 0.920067
0.0219902 0.588932
0.022724 0.922828
0.0238422 0.716422
0.024379 0.737526
0.024417 0.376134
0.0248992 0.480801
0.0253626 0.268657
0.0254923 0.448426
0.0258536 0.521845
0.0259563 0.248021
0.0263746 0.278449
0.0273745 0.0832912
0.0275348 0.778012
0.0278663 0.348845
0.0288011 0.0598665
0.0289198 0.0548237
0.029014 0.638779
0.0290858 0.84566
0.0290881 0.884189
0.0304544 0.846483
0.0307869 0.435504
0.0325834 0.629754
0.0337664 0.511628
0.034451 0.0187935
0.0348387 0.533729
0.0352725 0.825291
0.0360385 0.698425
0.0363723 0.30961
0.0370014 0.88201
0.0370168 0.141783
0.0370177 0.15652
0.0376192 0.265825
0.0377832 0.0226092
0.0387515 0.297161
0.0400616 0.315187
0.0419124 0.421264
0.0421962 0.19225
0.042426 0.0536238
0.0425456 0.0644529
0.0426726 0.198649
0.0445444 0.65818
0.0447052 0.359765
0.0452792 0.00680573
0.0455696 0.887455
0.0460872 0.58745
0.0470849 0.355501
0.0472613 0.320349
0.0488959 0.793637
0.0527707 0.916894
0.0537944 0.122001
0.0543667 0.741345
0.0545664 0.0979569
0.0552408 0.432927
0.055488 0.586569
0.0555081 0.924284
0.0572692 0.522862
0.0577012 0.784402
0.0577114 0.956144
0.0583454 0.611526
0.0583656 0.951433
0.0583823 0.230764
0.0594202 0.675483
0.0598515 0.92501
0.0602042 0.851739
0.0603409 0.149232
0.0608284 0.343433
0.0610562 0.172038
0.0611299 0.409927
0.0616929 0.873385
0.0620317 0.566004
0.0622434 0.125171
0.0628111 0.665899
0.0628301 0.986099
0.0631238 0.92244
0.0638716 0.490251
0.0642755 0.278226
0.0643597 0.694266
0.0646677 0.869993
0.0669974 0.0254983
0.0676433 0.880375
0.0704963 0.830552
0.070754 0.163269
0.0709726 0.837233
0.0710489 0.119114
0.0724002 0.830909
0.0733544 0.867319
0.0738779 0.666483
0.0765594 0.733253
0.0765896 0.2417
0.0772931 0.0655913
0.0776259 0.659074
0.079309 0.945654
0.080824 0.408379
0.0811404 0.727132
0.081458 0.065358
0.0818328 0.364012
0.0819672 0.623383
0.0819806 0.847836
0.0828288 0.102894
0.0847994 0.223635
0.0850121 0.798157
0.0852549 0.879272
0.0873979 0.896294
0.0875374 0.241317
0.0881925 0.252165
0.0882532 0.271182
0.0883795 0.395016
0.0884672 0.867414
0.0917398 0.871098
0.0927801 0.355544
0.0930552 0.978204
0.0940088 0.00572414
0.0941874 0.00801331
0.0942748 0.476342
0.0963065 0.622822
0.0965676 0.0118658
0.0965929 0.436752
0.0966392 0.21546
0.097348 0.127382
0.0984363 0.41842
0.0992022 0.290693
0.0996725 0.195247
0.100029 0.191491
0.101351 0.411515
0.101365 0.635694
0.103354 0.064285
0.103433 0.395128
0.103567 0.654702
0.104137 0.231611
0.105513 0.353657
0.105513 0.357171
0.105515 0.388202
0.107148 0.830583
0.107515 0.00142509
0.109109 0.793325
0.109626 0.480282
0.109958 0.0570712
0.11062 0.183492
0.110683 0.250108
0.111051 0.429982
0.111136 0.858012
0.111219 0.262032
0.112784 0.569088
0.11353 0.0941281
0.114299 0.0191578
0.114353 0.924418
0.114694 0.655293
0.114779 0.0859922
0.114812 0.648677
0.114949 0.950357
0.115468 0.665121
0.116514 0.248062
0.117928 0.0163145
0.118254 0.497692
0.118707 0.10749
0.118799 0.65773
0.120785 0.0287185
0.121833 0.641125
0.122115 0.391035
0.122569 0.0181525
0.12387 0.882485
0.124334 0.677681
0.125827 0.780166
0.12693 0.312249
0.128466 0.12619
0.128505 0.783808
0.130281 0.631749
0.132392 0.112853
0.133402 0.0862676
0.137016 0.828825
0.138127 0.49506
0.13963 0.76841
0.140589 0.874639
0.141013 0.00684876
0.141654 0.776011
0.141718 0.861842
0.142094 0.174247
0.142172 0.4918
0.143632 0.0220756
0.14411 0.0513434
0.144391 0.784442
0.144525 0.03151
0.144775 0.227657
0.145503 0.46561
0.145538 0.0598034
0.145657 0.0524596
0.149185 0.347279
0.15035 0.925318
0.150717 0.0963628
0.151717 0.906723
0.152905 0.873529
0.15314 0.826573
0.15334 0.188546
0.153677 0.841611
0.154259 0.625449
0.154846 0.498547
0.155064 0.15433
0.155869 0.691241
0.156753 0.539883
0.15725 0.900457
0.157452 0.29066
0.157706 0.569704
0.158149 0.0122208
0.15929 0.185565
0.159917 0.720594
0.160022 0.494652
0.160712 0.0901616
0.162497 0.0916403
0.162561 0.166287
0.162773 0.727927
0.164256 0.645232
0.165175 0.0968402
0.165242 0.227297
0.166199 0.309742
0.166379 0.323912
0.167631 0.368228
0.168086 0.0210789
0.168494 0.884468
0.169179 0.386609
0.169335 0.00890459
0.170251 0.410722
0.17088 0.976954
0.171268 0.494684
0.171635 0.670895
0.172426 0.957605
0.172583 0.60802
0.173238 0.615746
0.174531 0.347421
0.175978 0.659834
0.176202 0.422541
0.177933 0.518446
0.178166 0.428719
0.17829 0.527415
0.179173 0.360106
0.179175 0.394167
0.179392 0.0346023
0.179607 0.660653
0.179637 0.159216
0.179952 0.455172
0.180104 0.00720203
0.180291 0.147415
0.180592 0.207507
0.181062 0.103797
0.181305 0.191667
0.182438 0.2283
0.182819 0.646267
0.183375 0.9789
0.183634 0.341201
0.18373 0.957338
0.184006 0.590462
0.184971 0.804328
0.18583 0.248566
0.187398 0.60575
0.187799 0.339285
0.188146 0.17792
0.18904 0.189718
0.189871 0.15589
0.189948 0.455654
0.190313 0.598102
0.190745 0.858672
0.191353 0.0652511
0.1921 0.621518
0.194529 0.456813
0.195903 0.545932
0.196161 0.883776
0.197784 0.163267
0.197814 0.657541
0.198114 0.699468
0.19822 0.490901
0.198264 0.215935
0.198744 0.289219
0.199588 0.469872
0.200081 0.758326
0.200133 0.630567
0.20135 0.0883596
0.201902 0.367397
0.203287 0.651832
0.204829 0.568431
0.205292 0.344422
0.205544 0.570872
0.205691 0.0499766
0.206271 0.789369
0.206393 0.846984
0.206567 0.765014
0.207271 0.596677
0.208418 0.879998
0.210081 0.836743
0.210121 0.510069
0.213234 0.826116
0.21363 0.474021
0.214798 0.112425
0.214965 0.909804
0.215466 0.341112
0.216288 0.147939
0.217036 0.727896
0.219839 0.835862
0.220371 0.767173
0.220818 0.292806
0.220848 0.794297
0.221402 0.106549
0.221531 0.267339
0.223742 0.426557
0.224862 0.250869
0.225047 0.358869
0.227084 0.605292
0.227237 0.165548
0.227666 0.387612
0.228104 0.751631
0.229126 0.924164
0.229489 0.0213126
0.229563 0.272718
0.230603 0.736447
0.231034 0.994888
0.231286 0.229321
0.231358 0.441665
0.233136 0.324637
0.233617 0.396778
0.235785 0.832972
0.236007 0.568154
0.243414 0.0525986
0.244642 0.705409
0.245384 0.167744
0.245932 0.381618
0.247294 0.262283
0.247524 0.141822
0.248041 0.831628
0.248072 0.34719
0.250291 0.648683
0.250401 0.484632
0.250438 0.117574
0.250963 0.930402
0.252949 0.318703
0.255055 0.707635
0.255872 0.442663
0.256008 0.728111
0.256342 0.348141
0.257832 0.380533
0.257832 0.38508
0.258167 0.00461631
0.258337 0.86517
0.259264 0.454014
0.259496 0.343367
0.259916 0.403543
0.260159 0.486497
0.260239 0.845061
0.261579 0.365853
0.262223 0.182373
0.262879 0.215167
0.263675 0.59285
0.264204 0.478182
0.265129 0.0167492
0.265282 0.593323
0.265431 0.106902
0.26593 0.480601
0.266189 0.844624
0.267361 0.530173
0.2677 0.227183
0.267764 0.314774
0.267793 0.798318
0.268385 0.749719
0.270719 0.976022
0.271717 0.751531
0.272266 0.971605
0.272695 0.182414
0.272868 0.0972204
0.273131 0.51094
0.273135 0.582129
0.273444 0.773407
0.276859 0.170786
0.277046 0.317346
0.278447 0.856388
0.279091 0.681682
0.279661 0.263036
0.280153 0.535101
0.282075 0.834097
0.28347 0.282517
0.284195 0.458642
0.284624 0.673912
0.284996 0.935078
0.285154 0.578403
0.286562 0.240546
0.28713 0.799501
0.287261 0.0017948
0.287657 0.656784
0.289594 0.209948
0.290827 0.936076
0.291385 0.309937
0.293389 0.991649
0.293849 0.713763
0.295153 0.629765
0.296374 0.149981
0.296515 0.53293
0.297238 0.671011
0.29753 0.590032
0.297828 0.602556
0.298238 0.488579
0.299055 0.218778
0.299744 0.80326
0.300022 0.463362
0.300661 0.203794
0.300994 0.797808
0.303975 0.906513
0.304108 0.136872
0.304341 0.0532577
0.305774 0.149882
0.306056 0.88291
0.3068 0.384486
0.307003 0.805228
0.307283 0.498427
0.307673 0.0520802
0.309782 0.511426
0.311571 0.565803
0.312496 0.121675
0.312534 0.751776
0.31282 0.572193
0.313056 0.530262
0.313142 0.98412
0.313216 0.217297
0.313558 0.974077
0.314 0.399047
0.314112 0.284232
0.318228 0.465321
0.318443 0.074522
0.319673 0.745638
0.320238 0.237506
0.320544 0.388321
0.321111 0.908168
0.321962 0.217972
0.322662 0.976575
0.322701 0.64328
0.324715 0.480345
0.324843 0.640094
0.324869 0.0745907
0.325295 0.236196
0.327165 0.660657
0.329038 0.136507
0.329726 0.706064
0.333415 0.702069
0.333489 0.94535
0.334652 0.490549
0.33492 0.00733461
0.335453 0.95617
0.336858 0.58019
0.337598 0.0174416
0.340705 0.234476
0.340913 0.719097
0.342125 0.09033
0.342429 0.205715
0.343466 0.632934
0.343491 0.0597846
0.343587 0.66239
0.34411 0.449352
0.344412 0.52516
0.344475 0.584529
0.346281 0.936802
0.346433 0.504821
0.346447 0.735081
0.347144 0.452971
0.347484 0.171034
0.34778 0.135402
0.348064 0.911577
0.348892 0.821586
0.349051 0.502274
0.349434 0.94394
0.350525 0.276122
0.351751 0.878601
0.354672 0.977461
0.355034 0.060358
0.355452 0.0811199
0.356261 0.678443
0.357136 0.389215
0.357778 0.173521
0.360473 0.465746
0.360873 0.186116
0.36124 0.35522
0.361506 0.823521
0.361964 0.524739
0.362379 0.500398
0.363728 0.178046
0.363758 0.674496
0.364079 0.0701594
0.364236 0.71177
0.365028 0.028682
0.366816 0.0823078
0.366986 0.925589
0.36719 0.370608
0.368385 0.440345
0.368471 0.886095
0.369359 0.820443
0.369724 0.945704
0.373114 0.926783
0.37392 0.475981
0.37702 0.57465
0.37811 0.895234
0.378322 0.463761
0.379517 0.543109
0.379739 0.275223
0.381019 0.78531
0.38285 0.566632
0.383874 0.765892
0.38589 0.657882
0.385963 0.884141
0.387536 0.323886
0.388825 0.982683
0.388853 0.457712
0.389154 0.512451
0.389423 0.0243839
0.389678 0.32387
0.389944 0.781989
0.390245 0.84702
0.390813 0.386558
0.39141 0.42181
0.391589 0.437021
0.392316 0.65072
0.392455 0.985803
0.392915 0.729612
0.393591 0.0855014
0.394095 0.551066
0.395064 0.838578
0.395094 0.344349
0.395684 0.265501
0.396512 0.17598
0.397184 0.473704
0.398728 0.418658
0.398923 0.70128
0.400168 0.616109
0.400554 0.11043
0.401694 0.264272
0.405695 0.508851
0.40597 0.133367
0.406667 0.860258
0.406896 0.698215
0.407757 0.177773
0.408324 0.707841
0.409104 0.805959
0.410418 0.889108
0.410528 0.75079
0.41078 0.983627
0.41143 0.908934
0.413228 0.117302
0.41338 0.674631
0.413555 0.61978
0.413791 0.593212
0.415207 0.382737
0.415239 0.92217
0.415647 0.778484
0.41624 0.737281
0.416848 0.96406
0.41854 0.395232
0.418892 0.309987
0.419011 0.309977
0.420105 0.711704
0.42074 0.384555
0.42107 0.922048
0.421251 0.967672
0.423204 0.7931
0.423703 0.17259
0.427566 0.0956417
0.429209 0.719203
0.430877 0.750683
0.430976 0.410484
0.431052 0.692881
0.43693 0.478277
0.438088 0.947482
0.438236 0.427095
0.439308 0.443694
0.439494 0.571698
0.439589 0.177176
0.439785 0.458546
0.440979 0.52729
0.442313 0.946691
0.44246 0.426492
0.442469 0.583293
0.442749 0.281119
0.444316 0.623198
0.445382 0.533985
0.445849 0.38266
0.446391 0.495175
0.446927 0.494569
0.447028 0.198393
0.447467 0.577962
0.447637 0.42968
0.448353 0.475182
0.448438 0.896874
0.448695 0.209156
0.448729 0.781678
0.449342 0.0886155
0.449647 0.218981
0.450612 0.427438
0.45236 0.814797
0.452637 0.475909
0.452685 0.268752
0.453089 0.0684107
0.453164 0.334498
0.455332 0.762631
0.456187 0.134944
0.45627 0.526238
0.457022 0.162107
0.458234 0.545933
0.458372 0.861575
0.458435 0.91034
0.45898 0.0745019
0.459081 0.781684
0.459271 0.959964
0.459295 0.369917
0.459925 0.961938
0.460563 0.688407
0.460617 0.592689
0.461101 0.716218
0.461566 0.540591
0.461603 0.167131
0.462493 0.111693
0.46276 0.601572
0.462877 0.578043
0.463785 0.841795
0.465912 0.590717
0.468973 0.0334264
0.469555 0.804774
0.469653 0.462931
0.470731 0.571811
0.471516 0.768251
0.471544 0.247014
0.47224 0.929474
0.47349 0.944779
0.473549 0.934806
0.473817 0.449275
0.474791 0.806497
0.475459 0.03718
0.478083 0.145501
0.478764 0.588592
0.480067 0.49255
0.480161 0.0633096
0.481483 0.289564
0.481504 0.630113
0.482009 0.118531
0.482511 0.563167
0.482614 0.297381
0.483503 0.229656
0.48419 0.77654
0.484572 0.197168
0.484574 0.24206
0.485562 0.843472
0.486214 0.800084
0.487201 0.394765
0.487455 0.663181
0.488827 0.723914
0.489028 0.0985663
0.48935 0.507761
0.489596 0.633941
0.489599 0.698923
0.49068 0.858769
0.493312 0.0973129
0.494978 0.088393
0.495493 0.743677
0.496807 0.827664
0.497753 0.739439
0.498682 0.345877
0.500129 0.66866
0.500282 0.243269
0.502331 0.675983
0.502636 0.803421
0.502878 0.876091
0.502998 0.883086
0.503765 0.769664
0.504645 0.562981
0.506356 0.320607
0.508175 0.903194
0.510677 0.946943
0.511151 0.908387
0.511761 0.171473
0.51229 0.0560458
0.513017 0.275129
0.514397 0.471783
0.514495 0.124313
0.515831 0.563547
0.519489 0.0541956
0.519886 0.724915
0.52043 0.867993
0.520784 0.820596
0.520793 0.967263
0.521838 0.528336
0.522055 0.172113
0.52341 0.947208
0.524815 0.55902
0.525359 0.703334
0.526297 0.474423
0.526909 0.759853
0.527739 0.712962
0.52811 0.93934
0.528303 0.196103
0.529054 0.80793
0.529369 0.102453
0.529371 0.139237
0.529457 0.582599
0.530142 0.0954702
0.530876 0.427652
0.530905 0.912473
0.530926 0.27056
0.531135 0.788701
0.531329 0.0493308
0.531855 0.88106
0.5321 0.0109801
0.534211 0.486425
0.535631 0.351091
0.535739 0.1735
0.536246 0.689185
0.538643 0.971382
0.539814 0.646154
0.540519 0.497923
0.540915 0.153381
0.541529 0.472801
0.541923 0.0993098
0.54291 0.680271
0.542938 0.164661
0.543734 0.544043
0.543793 0.520922
0.544241 0.0570037
0.545468 0.67944
0.546206 0.0856751
0.546865 0.157945
0.547291 0.318533
0.54963 0.638478
0.550067 0.972913
0.552611 0.74039
0.554735 0.434104
0.554853 0.417165
0.555723 0.03046
0.556247 0.836276
0.55703 0.9981
0.56002 0.259098
0.560304 0.0329411
0.56088 0.71009
0.561013 0.952963
0.561029 0.214857
0.561612 0.0152088
0.561695 0.409641
0.562069 0.686256
0.562413 0.466812
0.56246 0.264022
0.563991 0.998627
0.564037 0.771277
0.565461 0.710779
0.566306 0.899165
0.566973 0.110564
0.567807 0.136936
0.568127 0.504604
0.569337 0.853657
0.569623 0.645305
0.570009 0.135353
0.570711 0.940414
0.571309 0.996844
0.572176 0.568409
0.572244 0.706653
0.572418 0.624613
0.573014 0.642483
0.57304 0.0753435
0.573066 0.520218
0.573179 0.426682
0.57348 0.475183
0.573576 0.0933948
0.574704 0.0482586
0.576667 0.0470645
0.576956 0.90436
0.578578 0.160051
0.579607 0.447366
0.57965 0.180407
0.581314 0.150317
0.582304 0.782251
0.582386 0.1691
0.5832 0.835881
0.58445 0.85207
0.584756 0.0013589
0.585119 0.0938274
0.58596 0.223641
0.585997 0.846385
0.586017 0.180829
0.58632 0.285868
0.587482 0.812628
0.587902 0.86122
0.588028 0.993976
0.588283 0.26762
0.588371 0.746553
0.588557 0.870144
0.588983 0.0384404
0.589532 0.261339
0.590087 0.589354
0.592954 0.783494
0.593117 0.522535
0.593336 0.203473
0.593605 0.724617
0.59599 0.802492
0.596253 0.228264
0.596409 0.844956
0.597312 0.0282456
0.597356 0.769747
0.598257 0.907511
0.598773 0.579394
0.599325 0.859707
0.60216 0.503536
0.60254 0.886973
0.603715 0.634499
0.604318 0.765006
0.606137 0.345402
0.607387 0.353138
0.607876 0.565996
0.607979 0.304969
0.60897 0.959631
0.609668 0.689981
0.609752 0.104253
0.610889 0.211997
0.610996 0.0121013
0.612529 0.766875
0.612746 0.42488
0.613509 0.243464
0.613732 0.00045749
0.614272 0.0719786
0.614501 0.92364
0.614613 0.800161
0.614742 0.973528
0.615651 0.239785
0.61581 0.92383
0.615962 0.470351
0.616632 0.735603
0.617057 0.869464
0.618606 0.919057
0.619249 0.715697
0.620018 0.649352
0.620182 0.404375
0.620362 0.42144
0.620727 0.550583
0.621702 0.938757
0.621777 0.206661
0.62179 0.420751
0.622337 0.614309
0.623562 0.211732
0.623626 0.278513
0.626011 0.364973
0.628535 0.795446
0.629484 0.731585
0.629547 0.789679
0.63004 0.0834152
0.631725 0.405903
0.632659 0.104136
0.633209 0.339174
0.635195 0.72198
0.636997 0.012205
0.637581 0.82853
0.640255 0.764021
0.640288 0.32838
0.6403 0.516025
0.640455 0.134869
0.640939 0.267023
0.641416 0.282399
0.641569 0.843382
0.642199 0.437414
0.642995 0.816029
0.64345 0.469263
0.643468 0.77284
0.643503 0.354253
0.643759 0.663953
0.643935 0.622454
0.64415 0.229995
0.645077 0.814057
0.645579 0.243824
0.646013 0.544308
0.647441 0.536599
0.648051 0.788579
0.648843 0.104505
0.649116 0.690092
0.649427 0.917473
0.649575 0.39952
0.649788 0.983934
0.650144 0.970574
0.650353 0.487549
0.65048 0.619053
0.650585 0.388587
0.651066 0.465173
0.651122 0.404048
0.651157 0.00185734
0.651516 0.0276138
0.652329 0.689895
0.65253 0.0730704
0.652644 0.983871
0.654978 0.206957
0.655262 0.987796
0.655376 0.906798
0.655737 0.965786
0.655838 0.66399
0.65587 0.206906
0.656012 0.587711
0.656925 0.933202
0.656956 0.460041
0.658424 0.131254
0.658937 0.751154
0.659511 0.407634
0.660325 0.079182
0.661241 0.483261
0.662937 0.989066
0.663188 0.205601
0.664079 0.16882
0.666599 0.532284
0.667193 0.505606
0.667978 0.702368
0.669923 0.402386
0.670092 0.233677
0.670146 0.147899
0.67018 0.718386
0.670189 0.867306
0.670378 0.0366807
0.671326 0.978784
0.671817 0.235384
0.671844 0.674788
0.672572 0.919189
0.673298 0.126165
0.673753 0.770791
0.673825 0.980262
0.673844 0.296009
0.674563 0.381629
0.674759 0.678761
0.675336 0.380133
0.675745 0.252108
0.67644 0.931407
0.676984 0.0677535
0.678541 0.235603
0.678727 0.371621
0.679344 0.733523
0.679502 0.389378
0.679676 0.318834
0.680091 0.283411
0.682016 0.650011
0.682778 0.441663
0.68363 0.768967
0.683863 0.68727
0.684658 0.0488703
0.686514 0.236842
0.686683 0.0870025
0.68684 0.71397
0.686985 0.156611
0.687549 0.643408
0.687935 0.116339
0.688113 0.110231
0.68904 0.694575
0.689994 0.733991
0.690033 0.388752
0.690263 0.252795
0.690299 0.855058
0.690679 0.244921
0.691658 0.702179
0.692213 0.0178198
0.692351 0.33693
0.692532 0.38847
0.693525 0.0796112
0.693978 0.685668
0.695211 0.414566
0.695812 0.503609
0.696279 0.364736
0.697375 0.780942
0.697512 0.0830994
0.697912 0.81222
0.698255 0.5776
0.698348 0.132395
0.698733 0.609764
0.698878 0.0405718
0.699274 0.702002
0.700638 0.619974
0.702369 0.721022
0.703365 0.458338
0.703526 0.154131
0.704462 0.894165
0.706429 0.958063
0.706693 0.383006
0.70723 0.409572
0.707569 0.104641
0.707898 0.649827
0.708106 0.13714
0.709045 0.917809
0.709336 0.802872
0.71049 0.211446
0.710719 0.059288
0.710916 0.367338
0.711699 0.517422
0.713031 0.913408
0.713559 0.782257
0.713935 0.112546
0.71445 0.760277
0.715267 0.494068
0.715606 0.198059
0.716403 0.58378
0.72074 0.476212
0.721466 0.680018
0.722431 0.889908
0.723199 0.797312
0.723274 0.0683383
0.723361 0.522877
0.723431 0.697764
0.723513 0.0820527
0.723749 0.0453887
0.724433 0.543452
0.724977 0.694716
0.725151 0.61277
0.725714 0.0751714
0.725835 0.106138
0.725997 0.823797
0.726148 0.368377
0.726901 0.0315208
0.727034 0.256065
0.727167 0.488685
0.727764 0.526974
0.727909 0.966884
0.728308 0.670294
0.728511 0.0820044
0.728902 0.656272
0.729116 0.253091
0.729217 0.949543
0.729584 0.122341
0.730585 0.946742
0.730984 0.653886
0.731492 0.185739
0.732982 0.230058
0.733521 0.285606
0.733839 0.637387
0.734064 0.41361
0.734912 0.673967
0.735167 0.956674
0.736184 0.045144
0.737791 0.0584132
0.737892 0.758856
0.738475 0.54505
0.738505 0.0516588
0.739754 0.0439847
0.740596 0.192135
0.742126 0.908246
0.744663 0.556715
0.744965 0.621698
0.745033 0.775791
0.745595 0.220888
0.745699 0.966669
0.746408 0.873864
0.748498 0.0037587
0.74862 0.0605912
0.748853 0.977305
0.749454 0.0771959
0.749872 0.0915011
0.750069 0.402321
0.750286 0.0572201
0.750623 0.713932
0.750956 0.316845
0.751972 0.389186
0.752756 0.574826
0.75448 0.541752
0.754521 0.241649
0.755527 0.142145
0.75694 0.882615
0.757328 0.407537
0.758209 0.225664
0.758358 0.724639
0.758552 0.989612
0.759457 0.19959
0.759939 0.302911
0.761088 0.610211
0.761985 0.678398
0.762285 0.731462
0.762508 0.471246
0.762656 0.951986
0.763158 0.391864
0.7651 0.0428978
0.765395 0.987308
0.765714 0.35518
0.766536 0.172987
0.766672 0.454131
0.767059 0.958713
0.767606 0.156489
0.769459 0.303122
0.770152 0.941442
0.770697 0.109486
0.771414 0.147944
0.773848 0.0568067
0.774189 0.796736
0.774543 0.743306
0.775551 0.688006
0.777696 0.736129
0.778498 0.21093
0.778718 0.921028
0.779074 0.889081
0.779084 0.0672405
0.779288 0.498665
0.779342 0.400834
0.780541 0.547787
0.780805 0.995724
0.78277 0.0198795
0.783298 0.893159
0.783972 0.211615
0.784474 0.650554
0.784549 0.910623
0.786166 0.0876667
0.786436 0.632338
0.787101 0.801803
0.788835 0.944729
0.791281 0.0537275
0.791803 0.839696
0.792745 0.67237
0.794111 0.629138
0.794556 0.105379
0.797564 0.665744
0.798461 0.73127
0.799101 0.490039
0.799824 0.634373
0.799862 0.280956
0.799867 0.370544
0.79997 0.0968693
0.800732 0.895714
0.802313 0.476937
0.803588 0.90113
0.805103 0.370741
0.805366 0.778177
0.805738 0.0339972
0.807828 0.167711
0.808424 0.175008
0.808688 0.627469
0.810193 0.916041
0.810825 0.531955
0.810851 0.976368
0.811384 0.937921
0.811497 0.834516
0.812668 0.514579
0.813109 0.920633
0.813169 0.935103
0.813246 0.227839
0.813285 0.872434
0.813822 0.902186
0.814467 0.744431
0.814891 0.866317
0.814938 0.655646
0.8152 0.0734122
0.816027 0.960663
0.816136 0.803084
0.817364 0.442041
0.81821 0.651605
0.819088 0.410432
0.819374 0.215306
0.82012 0.762298
0.820857 0.140539
0.821854 0.893015
0.821912 0.878997
0.822112 0.243248
0.822368 0.541858
0.824174 0.898497
0.824397 0.644831
0.824646 0.818329
0.825448 0.306129
0.826164 0.335697
0.82678 0.694499
0.827437 0.740269
0.82824 0.22911
0.828581 0.966035
0.829481 0.092669
0.830614 0.132957
0.830666 0.000189647
0.832209 0.936003
0.832724 0.587639
0.83276 0.199325
0.833076 0.502026
0.833878 0.991008
0.834019 0.353805
0.834397 0.70607
0.835692 0.467243
0.83658 0.406772
0.838133 0.505976
0.838476 0.260619
0.839036 0.677964
0.839078 0.378706
0.839118 0.0626052
0.839928 0.662268
0.840731 0.168899
0.841529 0.574475
0.842113 0.396608
0.842973 0.842207
0.843535 0.301204
0.843747 0.848576
0.844741 0.560661
0.844977 0.526337
0.845727 0.126956
0.845938 0.687328
0.847638 0.255485
0.847879 0.304152
0.848175 0.268856
0.849782 0.288394
0.851066 0.866798
0.851122 0.802714
0.851132 0.98006
0.852495 0.885816
0.853705 0.226839
0.853919 0.823275
0.854474 0.138165
0.855757 0.700164
0.856246 0.920708
0.856331 0.356777
0.857095 0.190575
0.858221 0.124448
0.859737 0.592189
0.860212 0.575595
0.860573 0.655016
0.861124 0.907984
0.861513 0.454656
0.861581 0.584095
0.861607 0.0236551
0.86169 0.421906
0.862057 0.596215
0.862356 0.622364
0.863331 0.996389
0.863653 0.424383
0.864308 0.424994
0.864479 0.296004
0.864565 0.738991
0.864708 0.142899
0.866118 0.852462
0.866603 0.00104336
0.868776 0.520448
0.869054 0.193134
0.869705 0.125555
0.871004 0.970172
0.872456 0.36153
0.873975 0.90107
0.874697 0.0392599
0.874787 0.540624
0.875121 0.152154
0.875316 0.429454
0.876033 0.492268
0.876492 0.20089
0.877424 0.870721
0.877711 0.682772
0.878723 0.700147
0.878852 0.858128
0.87897 0.85422
0.881018 0.267384
0.882586 0.630086
0.882839 0.869145
0.882842 0.932601
0.882976 0.179528
0.884064 0.469972
0.884117 0.359494
0.885137 0.498664
0.886245 0.119435
0.886383 0.445401
0.889841 0.551904
0.890469 0.118113
0.891082 0.413553
0.891965 0.25382
0.892082 0.22828
0.892165 0.618423
0.892506 0.354244
0.89426 0.829932
0.894315 0.747973
0.894606 0.648892
0.8947 0.214643
0.896903 0.242871
0.897774 0.888325
0.898564 0.167631
0.899189 0.673725
0.899566 0.00969555
0.899825 0.359474
0.901488 0.302117
0.901495 0.429796
0.90163 0.688713
0.901903 0.285015
0.902073 0.146398
0.902409 0.780609
0.902709 0.822434
0.903726 0.928749
0.903925 0.269881
0.904026 0.961355
0.904717 0.574888
0.905236 0.302433
0.905429 0.549077
0.905566 0.840935
0.9066 0.229891
0.90663 0.728533
0.907666 0.137407
0.908314 0.0315092
0.909561 0.995112
0.910018 0.675504
0.910308 0.548429
0.910962 0.542341
0.911381 0.575993
0.912958 0.0897126
0.913712 0.76015
0.913932 0.45764
0.914376 0.920264
0.914689 0.178926
0.914904 0.79701
0.916177 0.194061
0.91619 0.402391
0.91735 0.894151
0.917877 0.758336
0.918055 0.752361
0.91867 0.093499
0.919926 0.195582
0.920216 0.064108
0.920284 0.219296
0.921027 0.696485
0.923423 0.973587
0.923896 0.92197
0.923954 0.896227
0.924939 0.449139
0.925301 0.528514
0.925454 0.0973086
0.926097 0.916998
0.927859 0.523159
0.929021 0.0511164
0.929143 0.106595
0.929223 0.451408
0.930328 0.0151095
0.931018 0.627446
0.932907 0.37044
0.933417 0.946341
0.936341 0.0771175
0.936553 0.650317
0.937673 0.47603
0.93777 0.103821
0.937815 0.852945
0.93812 0.987771
0.938153 0.532095
0.938253 0.214225
0.938277 0.621477
0.940447 0.0898538
0.940747 0.129449
0.941713 0.375269
0.941878 0.148496
0.942121 0.226739
0.942705 0.0360678
0.943165 0.775611
0.944385 0.278593
0.944719 0.897074
0.944919 0.25061
0.945082 0.984995
0.946015 0.670784
0.946593 0.383441
0.947275 0.844807
0.947851 0.524969
0.948799 0.465757
0.94903 0.354085
0.949344 0.625262
0.950058 0.617068
0.951484 0.590708
0.951864 0.977714
0.951904 0.654711
0.953194 0.337667
0.953886 0.96863
0.954441 0.289265
0.955674 0.0120503
0.956367 0.663448
0.956714 0.49857
0.956827 0.399313
0.956834 0.516857
0.957528 0.168599
0.957996 0.0431008
0.958623 0.580564
0.958699 0.857819
0.958743 0.589029
0.959498 0.284472
0.959554 0.216006
0.95958 0.662015
0.961839 0.627177
0.96188 0.319129
0.962168 0.16366
0.962401 0.0670066
0.962536 0.334877
0.966003 0.604223
0.966958 0.659409
0.967067 0.496681
0.967543 0.496021
0.968545 0.329938
0.970086 0.242867
0.970617 0.167049
0.971427 0.767572
0.971525 0.417481
0.971676 0.955345
0.971738 0.992378
0.9729 0.525376
0.972941 0.213486
0.973558 0.593873
0.9738 0.65104
0.974253 0.267772
0.974944 0.881298
0.97677 0.568155
0.977115 0.364403
0.978743 0.741528
0.978813 0.917565
0.979096 0.664086
0.9791 0.736175
0.979152 0.611758
0.979764 0.887021
0.981001 0.688102
0.981423 0.779763
0.982575 0.136206
0.982612 0.767629
0.982709 0.394779
0.982728 0.710494
0.982757 0.194109
0.982961 0.618122
0.983431 0.529791
0.983476 0.288589
0.983708 0.175172
0.983957 0.357669
0.984972 0.416047
0.985033 0.455812
0.985736 0.258071
0.986013 0.926015
0.986128 0.852992
0.986708 0.603451
0.988646 0.177942
0.989269 0.652262
0.991027 0.182671
0.991924 0.268757
0.992957 0.620295
0.993018 0.65239
0.99401 0.328074
0.996373 0.0382732
0.998472 0.316149
0.998651 0.326633
0.999335 0.819538
0.999728 0.434581
