0.00396661 0.666876
0.00419236 0.46092
0.0068701 0.465815
0.0126838 0.177221
0.0156966 0.812836
0.015839 0.205607
0.0174588 0.42993
0.0241532 0.942637
0.0243161 0.680387
0.0251663 0.970656
0.0260018 0.0115929
0.0264505 0.55302
0.0280811 0.959196
0.0303734 0.485007
0.0308386 0.304216
0.0309722 0.55029
0.0338068 0.190573
0.0353551 0.213455
0.0364495 0.607097
0.0382939 0.605906
0.0399581 0.57562
0.0400628 0.335661
0.0401942 0.543276
0.0440438 0.244747
0.0449791 0.963251
0.0477582 0.672776
0.050775 0.375611
0.0508172 0.0842266
0.0552788 0.0713392
0.0576549 0.00620233
0.0577 0.763169
0.0622123 0.602823
0.0750402 0.199934
0.0770404 0.817172
0.0770887 0.629126
0.079405 0.559921
0.0840126 0.999497
0.0873617 0.288748
0.0874976 0.57145
0.0876356 0.892094
0.0896674 0.0391609
0.091339 0.133909
0.0925008 0.660693
0.0927493 0.837508
0.093879 0.823795
0.094475 0.841587
0.0967112 0.425252
0.0981112 0.954738
0.103188 0.276431
0.105772 0.713484
0.106316 0.855959
0.107914 0.711112
0.116381 0.0106513
0.121769 0.570916
0.122229 0.294635
0.129508 0.6454
0.130648 0.796346
0.135263 0.361535
0.137427 0.731643
0.139676 0.540426
0.144522 0.97689
0.149664 0.401224
0.155864 0.601676
0.158422 0.596681
0.161636 0.61317
0.162549 0.956172
0.171396 0.655326
0.17263 0.399125
0.174939 0.201716
0.176869 0.642478
0.176946 0.933853
0.179719 0.545149
0.182696 0.564766
0.184131 0.691177
0.18494 0.286982
0.185397 0.968524
0.189224 0.293054
0.1947 0.314846
0.197625 0.482367
0.198039 0.438953
0.19939 0.142233
0.199749 0.185145
0.20223 0.877865
0.203871 0.459524
0.204126 0.738052
0.206176 0.203269
0.208262 0.2513
0.20868 0.29137
0.208717 0.899252
0.209227 0.470143
0.210581 0.236159
0.210788 0.709987
0.213212 0.452399
0.213237 0.871031
0.214047 0.483545
0.216123 0.378703
0.217403 0.885911
0.218625 0.429136
0.219251 0.943706
0.224431 0.0137941
0.226361 0.44972
0.228004 0.0676307
0.228087 0.457461
0.228936 0.731193
0.229096 0.41574
0.22966 0.90223
0.232062 0.271645
0.23298 0.689146
0.235045 0.406599
0.240478 0.720277
0.242605 0.467696
0.24268 0.720322
0.245559 0.101865
0.245785 0.909746
0.246314 0.793027
0.257922 0.889245
0.259501 0.4405
0.26188 0.42438
0.262058 0.40204
0.26492 0.506513
0.266487 0.843576
0.266564 0.13391
0.269105 0.851117
0.2712 0.063471
0.272629 0.0787711
0.272672 0.801129
0.275384 0.372043
0.278371 0.587937
0.27866 0.445929
0.280371 0.189264
0.281181 0.813572
0.282785 0.763777
0.28396 0.508031
0.288194 0.674451
0.291194 0.0976824
0.29194 0.63731
0.292279 0.329202
0.293254 0.725688
0.293262 0.854878
0.294202 0.657671
0.295759 0.819885
0.299733 0.611882
0.301082 0.281172
0.302782 0.855833
0.304129 0.493981
0.305174 0.0638439
0.308509 0.117701
0.310877 0.908778
0.312457 0.470975
0.312569 0.351221
0.312999 0.56772
0.313149 0.101359
0.315475 0.187123
0.31593 0.843895
0.316335 0.6507
0.316535 0.0117107
0.318244 0.722566
0.325195 0.544871
0.327727 0.102147
0.329505 0.99271
0.333363 0.832825
0.333873 0.404554
0.339626 0.0909568
0.341344 0.966284
0.345789 0.667757
0.34606 0.223088
0.346589 0.120918
0.346675 0.563936
0.352093 0.628086
0.353393 0.480397
0.353575 0.529504
0.354777 0.734129
0.355523 0.272505
0.35636 0.347956
0.357003 0.152579
0.359214 0.307806
0.366377 0.703662
0.36684 0.475458
0.366841 0.490469
0.368809 0.58136
0.371547 0.586683
0.37479 0.0973531
0.384259 0.238753
0.386943 0.352842
0.387282 0.0463374
0.388973 0.47553
0.390832 0.71399
0.393018 0.44905
0.398082 0.57275
0.398346 0.00681122
0.398743 0.672851
0.40346 0.950903
0.406854 0.997669
0.408029 0.736907
0.412279 0.174793
0.413775 0.316628
0.415103 0.643334
0.415792 0.220295
0.415889 0.854144
0.415916 0.298557
0.416792 0.0295366
0.417955 0.572137
0.420181 0.977964
0.421218 0.403923
0.424982 0.667972
0.426804 0.288454
0.431206 0.279191
0.431248 0.982641
0.433709 0.350246
0.437564 0.140774
0.439644 0.0917109
0.44055 0.326553
0.441867 0.454845
0.443314 0.77607
0.44446 0.0359427
0.446477 0.936573
0.450338 0.834557
0.451178 0.957084
0.452627 0.296521
0.455369 0.381134
0.458341 0.343321
0.459355 0.37937
0.461429 0.237534
0.462633 0.470694
0.463091 0.1654
0.463893 0.64928
0.465635 0.931178
0.467203 0.276592
0.4728 0.352603
0.475473 0.283006
0.476147 0.596414
0.478732 0.0455364
0.479167 0.356672
0.482459 0.693486
0.482503 0.42637
0.483038 0.42081
0.485722 0.525937
0.48599 0.0331426
0.486855 0.578129
0.489113 0.521228
0.489305 0.754372
0.489742 0.0854257
0.498279 0.569243
0.503229 0.765763
0.503434 0.223594
0.504551 0.990695
0.505132 0.756775
0.505977 0.961072
0.509213 0.336932
0.514913 0.138282
0.517356 0.206004
0.520771 0.604221
0.521311 0.678348
0.522659 0.330991
0.522864 0.766744
0.523432 0.323742
0.523432 0.324369
0.530703 0.531121
0.530771 0.666062
0.531236 0.486788
0.532623 0.792644
0.534179 0.941451
0.536096 0.159217
0.544533 0.969553
0.545007 0.935185
0.54503 0.316877
0.545805 0.342608
0.546818 0.371136
0.547412 0.347276
0.547551 0.696298
0.549171 0.921427
0.549376 0.360099
0.550881 0.659965
0.552191 0.667371
0.554839 0.181012
0.562073 0.757499
0.567395 0.209402
0.570035 0.573035
0.573287 0.236342
0.574081 0.580544
0.575534 0.999654
0.577475 0.614459
0.581156 0.482519
0.583608 0.693542
0.586333 0.5006
0.586968 0.176394
0.590441 0.549729
0.595071 0.365753
0.596078 0.284704
0.596089 0.474877
0.597692 0.406369
0.597706 0.639344
0.60086 0.6471
0.601131 0.208927
0.602143 0.219846
0.603357 0.629146
0.604479 0.487033
0.609622 0.917229
0.613599 0.758852
0.614104 0.24255
0.614296 0.470677
0.617813 0.583166
0.61791 0.215747
0.61859 0.641651
0.61923 0.395333
0.624898 0.657383
0.630473 0.365852
0.634999 0.419612
0.635288 0.280437
0.637418 0.0853097
0.637423 0.174374
0.637936 0.784084
0.638935 0.581453
0.639789 0.932032
0.644408 0.559191
0.649658 0.801441
0.649917 0.151236
0.650197 0.85785
0.653614 0.298509
0.654398 0.466782
0.660477 0.636339
0.661362 0.51627
0.661565 0.915239
0.662699 0.988852
0.663517 0.724545
0.664939 0.634322
0.666289 0.320814
0.667013 0.490333
0.669501 0.309622
0.669526 0.725609
0.673555 0.436421
0.674205 0.358644
0.674215 0.529618
0.674488 0.114564
0.675395 0.358476
0.676402 0.292657
0.67972 0.0498017
0.681243 0.655021
0.683732 0.47679
0.684286 0.800908
0.684821 0.780093
0.685226 0.593331
0.68551 0.361578
0.685689 0.375395
0.688364 0.329035
0.68854 0.290964
0.689266 0.492712
0.691151 0.177509
0.694137 0.367992
0.700247 0.0530871
0.700958 0.997066
0.702138 0.835292
0.706031 0.264545
0.709177 0.142603
0.710675 0.310751
0.711231 0.657674
0.714321 0.586111
0.715841 0.137923
0.716072 0.0218921
0.716721 0.930833
0.718582 0.207752
0.721239 0.866017
0.722318 0.996592
0.723373 0.735332
0.724493 0.548311
0.724573 0.89404
0.726283 0.639237
0.728595 0.4999
0.728723 0.639011
0.728878 0.24815
0.729269 0.829516
0.729366 0.447689
0.730369 0.316614
0.732549 0.955182
0.733029 0.0223766
0.736332 0.538625
0.736528 0.827117
0.739439 0.744539
0.743584 0.412585
0.74659 0.945933
0.747845 0.0227991
0.748163 0.367873
0.748663 0.786025
0.748907 0.88237
0.7491 0.120875
0.755285 0.0819188
0.756369 0.285866
0.756544 0.239999
0.756553 0.379677
0.75858 0.446367
0.764437 0.90113
0.770998 0.171433
0.776544 0.369215
0.783361 0.941642
0.784013 0.908921
0.786099 0.972088
0.792639 0.89245
0.792684 0.636621
0.794142 0.145209
0.79817 0.850464
0.800929 0.208499
0.809237 0.851401
0.811994 0.183616
0.815283 0.46991
0.815304 0.809958
0.816791 0.804596
0.816834 0.5229
0.818006 0.228813
0.820459 0.448891
0.820962 0.909776
0.822949 0.29702
0.824082 0.350136
0.824822 0.78176
0.825347 0.613606
0.834435 0.345695
0.836594 0.640882
0.836782 0.796302
0.837414 0.414588
0.838117 0.231012
0.838491 0.521902
0.8389 0.385448
0.839078 0.380177
0.839468 0.93196
0.839492 0.337272
0.839948 0.00977442
0.840391 0.45021
0.841791 0.976221
0.853652 0.322471
0.856627 0.325167
0.861782 0.977796
0.868799 0.897217
0.869243 0.36085
0.87061 0.341332
0.873744 0.0175551
0.87447 0.216392
0.880506 0.668552
0.880693 0.810659
0.881502 0.401869
0.882698 0.501285
0.885932 0.854981
0.891057 0.00133018
0.892713 0.835883
0.893532 0.598796
0.894104 0.210321
0.89532 0.640768
0.901675 0.457795
0.905786 0.542706
0.906386 0.622491
0.908967 0.00555023
0.909647 0.441778
0.91028 0.0835657
0.911914 0.543204
0.921688 0.816276
0.924854 0.0133371
0.925457 0.155631
0.925752 0.121806
0.932204 0.561138
0.93564 0.306642
0.936627 0.893332
0.937415 0.138343
0.940597 0.615556
0.942068 0.340332
0.942201 0.57739
0.942244 0.295069
0.943277 0.659058
0.943709 0.91559
0.944338 0.495448
0.951178 0.447524
0.951838 0.547546
0.952573 0.894692
0.954944 0.751597
0.959995 0.638527
0.960535 0.704522
0.961853 0.859635
0.964253 0.204185
0.96504 0.428088
0.965284 0.530014
0.965678 0.144752
0.967018 0.67499
0.968108 0.98846
0.968718 0.237286
0.969135 0.254917
0.9704 0.515194
0.97286 0.856566
0.97361 0.459759
0.977228 0.264998
0.980042 0.559583
0.982271 0.0357374
0.982315 0.766055
0.982455 0.126879
0.982779 0.566276
0.985726 0.0980135
0.988948 0.252333
0.991774 0.741756
0.993411 0.259466
0.995134 0.210356
0.995658 0.0280678
0.996688 0.342759
0.9975 0.986492
0.998675 0.728243
