7.25957e-05 0.220123
0.000623094 0.472347
0.000924761 0.542473
0.00111606 0.757553
0.00196589 0.0407318
0.00253672 0.634655
0.00283729 0.686303
0.00283782 0.695287
0.00346164 0.179859
0.00347931 0.476776
0.00514571 0.483877
0.00525735 0.360241
0.0053136 0.305674
0.00659879 0.905835
0.00793246 0.320799
0.00804651 0.237626
0.00807657 0.742928
0.0107883 0.319226
0.0116309 0.480117
0.011972 0.213567
0.0133135 0.760569
0.0145922 0.250895
0.0150791 0.435086
0.015155 0.710588
0.0151592 0.781104
0.0158546 0.468143
0.0159912 0.763875
0.0169042 0.108701
0.0170066 0.829313
0.0172395 0.744689
0.0176142 0.0421454
0.0176495 0.634789
0.0192818 0.0688277
0.0194848 0.480452
0.0195418 0.439135
0.0197145 0.341176
0.0202399 0.171488
0.0224016 0.503021
0.0224806 0.831711
0.0228996 0.872931
0.0233756 0.874142
0.0236159 0.911601
0.023786 0.771083
0.0242381 0.368938
0.0246751 0.714275
0.0251977 0.497386
0.0272162 0.42332
0.0273088 0.978662
0.0276855 0.310977
0.0280407 0.280384
0.0285865 0.453162
0.0295934 0.376989
0.0298956 0.45563
0.0304116 0.127365
0.0306029 0.343001
0.0310272 0.474858
0.0320249 0.242017
0.0320575 0.790355
0.0321927 0.062507
0.0323278 0.334087
0.0337067 0.5077
0.0339556 0.691294
0.0342834 0.200299
0.0355056 0.741974
0.0361198 0.0660278
0.0388682 0.257791
0.0390232 0.863291
0.0393502 0.359359
0.0398137 0.14806
0.0401465 0.743014
0.0429769 0.31196
0.0432754 0.330455
0.0451104 0.169997
0.0453675 0.491953
0.0458005 0.769287
0.0460732 0.351681
0.0472539 0.195785
0.0492118 0.102153
0.049586 0.392574
0.0498859 0.431958
0.0503699 0.567703
0.0518556 0.536404
0.0521303 0.154298
0.0523598 0.011094
0.052405 0.770659
0.053802 0.24997
0.0538346 0.798372
0.0546104 0.837564
0.0563379 0.870866
0.0566076 0.40404
0.0569669 0.441896
0.0583693 0.0133867
0.0589747 0.187197
0.0594259 0.770871
0.0595643 0.0976347
0.0599649 0.830018
0.0603554 0.392507
0.0611505 0.755634
0.0611724 0.124373
0.0615728 0.854464
0.0616864 0.763526
0.0625458 0.207044
0.065972 0.791755
0.0661398 0.611212
0.066244 0.362464
0.0668876 0.179383
0.0678675 0.64986
0.0682143 0.47818
0.0686334 0.521161
0.068666 0.0690933
0.0688904 0.840433
0.0692803 0.393467
0.0696814 0.135697
0.0698175 0.422413
0.0713371 0.963221
0.0719452 0.183114
0.0719711 0.617751
0.0725487 0.326839
0.0726745 0.441086
0.0731549 0.514855
0.0732909 0.800225
0.0733385 0.599516
0.0733392 0.611326
0.0736326 0.543152
0.0739205 0.382087
0.0740851 0.14827
0.0748497 0.9983
0.0752648 0.975062
0.0754201 0.584835
0.0756238 0.00879318
0.0758776 0.275229
0.0759843 0.0673578
0.0761079 0.144766
0.0765036 0.796499
0.0777623 0.950948
0.0784786 0.989579
0.0788746 0.644982
0.0795109 0.339724
0.0797314 0.0448599
0.0797871 0.981997
0.0798513 0.0599934
0.0811658 0.153544
0.0818302 0.319644
0.0826072 0.379671
0.0835176 0.680012
0.0844522 0.389014
0.0847835 0.956748
0.0848739 0.475283
0.0849194 0.240342
0.0855437 0.732912
0.0856507 0.532108
0.0858202 0.379655
0.0860198 0.735124
0.0861358 0.683757
0.0861369 0.703636
0.0862315 0.293602
0.0866286 0.967069
0.0872092 0.724892
0.0875621 0.656732
0.0883289 0.543366
0.0884765 0.0241059
0.0885204 0.762203
0.0886056 0.194358
0.0886798 0.441897
0.0888787 0.784758
0.0890346 0.40523
0.0893327 0.414639
0.0895636 0.295039
0.0898936 0.841336
0.0904489 0.175189
0.0929434 0.0995235
0.0934561 0.717037
0.094721 0.975483
0.0947636 0.692488
0.0953622 0.752401
0.0958693 0.275732
0.0962074 0.957238
0.0969167 0.879545
0.0982858 0.89012
0.0985291 0.979163
0.0990705 0.0779745
0.0992412 0.947356
0.0993747 0.189971
0.0997041 0.727323
0.0998781 0.651372
0.0999288 0.50249
0.100341 0.438875
0.100411 0.609982
0.101533 0.465083
0.10173 0.769376
0.102134 0.561639
0.102869 0.916095
0.103503 0.576103
0.104742 0.39542
0.106294 0.479456
0.106529 0.436727
0.107597 0.388806
0.108541 0.248019
0.108643 0.956124
0.109087 0.427818
0.109383 0.396217
0.110024 0.176359
0.110715 0.790707
0.110853 0.103172
0.110997 0.522952
0.111009 0.72175
0.111132 0.793633
0.111518 0.286107
0.111594 0.567299
0.111894 0.597706
0.112108 0.199894
0.112234 0.313468
0.112492 0.650161
0.112521 0.145257
0.112663 0.524896
0.113489 0.417734
0.113599 0.258919
0.113658 0.254989
0.113969 0.479834
0.114604 0.150799
0.114754 0.677127
0.11557 0.388723
0.117048 0.223686
0.11732 0.795092
0.117715 0.442966
0.11812 0.251274
0.118141 0.603273
0.118176 0.182134
0.118634 0.889292
0.119055 0.964401
0.119092 0.572063
0.119428 0.225997
0.119537 0.0622666
0.120373 0.11229
0.120373 0.11254
0.122497 0.803328
0.122971 0.772614
0.12345 0.822223
0.12358 0.0165647
0.123683 0.742694
0.123838 0.345643
0.125171 0.755778
0.126892 0.673907
0.127043 0.209275
0.1273 0.533266
0.12747 0.391612
0.127894 0.50849
0.129911 0.418943
0.130225 0.69642
0.130374 0.202752
0.130448 0.43528
0.131307 0.883932
0.131323 0.146248
0.131846 0.930291
0.132136 0.816833
0.133089 0.832129
0.133362 0.423233
0.133551 0.596998
0.133811 0.958289
0.134106 0.921108
0.13459 0.0491129
0.135362 0.0280193
0.135811 0.572185
0.136057 0.712209
0.136303 0.838569
0.136572 0.366397
0.137414 0.514571
0.138111 0.225105
0.139532 0.116537
0.139556 0.51594
0.140337 0.637404
0.141162 0.509072
0.142454 0.232099
0.144135 0.470602
0.144881 0.0159667
0.145097 0.649288
0.146177 0.790374
0.146916 0.222781
0.14754 0.70574
0.14765 0.560449
0.147859 0.0666625
0.147945 0.513711
0.148442 0.86782
0.150216 0.672552
0.150507 0.568909
0.150944 0.912211
0.151689 0.442173
0.153183 0.546873
0.153957 0.548617
0.154431 0.523076
0.154668 0.499412
0.154959 0.390141
0.155104 0.833604
0.155611 0.352255
0.155727 0.298016
0.155791 0.386836
0.156428 0.0770693
0.156895 0.927747
0.157146 0.15012
0.157929 0.321094
0.158463 0.292085
0.159023 0.703764
0.159152 0.875417
0.159296 0.291597
0.159674 0.635691
0.160172 0.0107672
0.160961 0.263252
0.161214 0.524217
0.162448 0.267445
0.163343 0.311965
0.164708 0.251077
0.165417 0.158327
0.16572 0.262121
0.166576 0.651081
0.167201 0.139645
0.167579 0.498804
0.168185 0.685724
0.168604 0.73315
0.168709 0.496658
0.168919 0.0250127
0.168997 0.331664
0.169266 0.853349
0.170747 0.747715
0.171793 0.328581
0.172091 0.337309
0.172324 0.243168
0.172593 0.767983
0.173809 0.211023
0.174116 0.359898
0.174737 0.799906
0.174838 0.504638
0.175124 0.31035
0.176065 0.12763
0.176637 0.732495
0.177018 0.144561
0.177076 0.118529
0.177152 0.386049
0.177468 0.699175
0.177625 0.338556
0.177671 0.109085
0.178123 0.708028
0.17855 0.88898
0.178904 0.843039
0.178939 0.43519
0.178986 0.21742
0.179084 0.869645
0.179524 0.263709
0.180728 0.492518
0.18145 0.637243
0.182064 0.946848
0.182149 0.381774
0.183536 0.681345
0.183589 0.586081
0.183592 0.639253
0.184748 0.0562095
0.185171 0.164337
0.185472 0.234666
0.185661 0.407187
0.186218 0.769137
0.186516 0.777434
0.18655 0.343038
0.188091 0.239351
0.189304 0.632936
0.189306 0.665556
0.189939 0.305771
0.190811 0.967465
0.190958 0.43101
0.191415 0.112498
0.191542 0.249863
0.192529 0.833572
0.193075 0.0104595
0.193379 0.126494
0.194501 0.977064
0.19491 0.850549
0.195218 0.0272386
0.195296 0.342969
0.196078 0.477636
0.196117 0.137524
0.197254 0.248985
0.19857 0.361437
0.199318 0.934757
0.200195 0.66958
0.200427 0.571064
0.201204 0.643566
0.201493 0.485514
0.202367 0.18439
0.202479 0.0636658
0.202712 0.980388
0.202755 0.698708
0.202893 0.0251195
0.203545 0.989143
0.203718 0.885353
0.205004 0.50083
0.207169 0.896484
0.207637 0.757078
0.207712 0.0152844
0.207969 0.327786
0.208064 0.928662
0.208452 0.457145
0.208875 0.560233
0.209363 0.770039
0.20978 0.767197
0.210148 0.965149
0.210436 0.794755
0.211008 0.410827
0.21113 0.464521
0.21118 0.297434
0.211766 0.144502
0.212029 0.566111
0.212759 0.848142
0.213295 0.847425
0.214548 0.914094
0.214968 0.97387
0.215282 0.244922
0.215322 0.920056
0.215631 0.102028
0.215975 0.899294
0.216701 0.0857101
0.216723 0.456852
0.217178 0.108623
0.217505 0.612893
0.218227 0.733059
0.218353 0.85748
0.218392 0.519332
0.219424 0.850944
0.219489 0.9589
0.21954 0.805878
0.220689 0.120942
0.221705 0.188485
0.222631 0.752574
0.222746 0.684247
0.223342 0.713121
0.223574 0.602388
0.224097 0.40458
0.224132 0.979208
0.225388 0.0889296
0.226272 0.960291
0.226292 0.288427
0.22647 0.278648
0.229008 0.935437
0.229383 0.234224
0.230243 0.691406
0.230705 0.46688
0.230939 0.387054
0.231982 0.926644
0.232072 0.437259
0.233706 0.894471
0.233724 0.207111
0.235302 0.729033
0.235505 0.133441
0.23586 0.0978618
0.236319 0.819538
0.23663 0.0374173
0.23761 0.508575
0.237787 0.491752
0.239522 0.651356
0.240186 0.798258
0.241007 0.602299
0.241394 0.10699
0.241448 0.0166096
0.241658 0.548744
0.242084 0.713065
0.242279 0.988244
0.243244 0.199097
0.244339 0.597396
0.24589 0.670875
0.246897 0.591266
0.247319 0.693164
0.247683 0.807366
0.248986 0.701963
0.249156 0.571
0.249194 0.207887
0.249209 0.450778
0.249577 0.63307
0.249578 0.663882
0.250491 0.00793287
0.250605 0.922239
0.251759 0.319903
0.253366 0.321034
0.253667 0.380656
0.253804 0.68942
0.254256 0.28009
0.256219 0.265153
0.256905 0.805385
0.257009 0.545218
0.257627 0.943043
0.257744 0.897686
0.258255 0.498772
0.258554 0.512853
0.259175 0.947508
0.259433 0.297037
0.259764 0.848272
0.259827 0.904003
0.259885 0.885891
0.263106 0.0309207
0.263247 0.399963
0.263266 0.714418
0.263951 0.227814
0.264183 0.12814
0.264379 0.422016
0.264677 0.431197
0.264819 0.811157
0.265078 0.174194
0.265085 0.28568
0.265383 0.286433
0.266318 0.000756992
0.267146 0.926153
0.268198 0.603307
0.268258 0.611696
0.26905 0.915475
0.269224 0.844376
0.269599 0.145151
0.272477 0.528236
0.273305 0.444131
0.273476 0.309028
0.273502 0.751163
0.273509 0.858721
0.274717 0.16872
0.274957 0.197712
0.274983 0.631113
0.275111 0.78705
0.275207 0.401419
0.276852 0.0521695
0.278002 0.383622
0.278623 0.82241
0.27953 0.0625191
0.280237 0.951815
0.280311 0.193797
0.280635 0.626863
0.281489 0.987788
0.281686 0.298022
0.281711 0.721045
0.282068 0.720074
0.282088 0.0461756
0.282554 0.892299
0.282867 0.139989
0.283072 0.597726
0.283402 0.136893
0.285294 0.928192
0.286489 0.012315
0.287996 0.349747
0.288199 0.761661
0.288902 0.575127
0.289302 0.291435
0.290453 0.645898
0.291755 0.52607
0.292743 0.125432
0.292886 0.541596
0.292988 0.251533
0.293314 0.731635
0.29355 0.70257
0.294319 0.613411
0.294471 0.178112
0.295159 0.73319
0.296 0.865876
0.297084 0.0854521
0.297682 0.146876
0.298363 0.582626
0.299882 0.111499
0.300273 0.690235
0.301516 0.584935
0.30169 0.503153
0.301899 0.0119964
0.301908 0.169236
0.301939 0.690856
0.302446 0.215611
0.302903 0.885015
0.30297 0.0193372
0.303189 0.70587
0.303835 0.558149
0.304182 0.390148
0.304241 0.380825
0.304483 0.440019
0.305061 0.164744
0.305655 0.135421
0.305676 0.494761
0.305723 0.279503
0.306038 0.573494
0.306099 0.598843
0.306776 0.977984
0.309703 0.177922
0.309751 0.990855
0.309767 0.256944
0.310251 0.387595
0.311006 0.0719869
0.312152 0.340485
0.312303 0.883734
0.314556 0.748546
0.314733 0.715898
0.316629 0.578472
0.317495 0.145458
0.31753 0.730041
0.31772 0.926917
0.318092 0.177165
0.31934 0.141034
0.319734 0.77126
0.32004 0.904036
0.320194 0.502923
0.320588 0.117386
0.321875 0.748555
0.32303 0.156902
0.323054 0.567161
0.323144 0.0863372
0.324099 0.136953
0.324335 0.104836
0.325646 0.126408
0.325999 0.0599537
0.326598 0.138478
0.326721 0.196289
0.327669 0.129798
0.327741 0.349773
0.3278 0.342391
0.328717 0.751972
0.329521 0.256678
0.3297 0.263029
0.32976 0.271472
0.329764 0.34767
0.329945 0.38697
0.330054 0.225752
0.330495 0.630374
0.331137 0.417036
0.33174 0.55126
0.332832 0.903932
0.33304 0.397459
0.333389 0.274225
0.334179 0.549931
0.33527 0.891152
0.336165 0.917171
0.336691 0.758761
0.336727 0.368552
0.337507 0.479646
0.337986 0.529443
0.33814 0.115878
0.338167 0.574746
0.338309 0.952757
0.33862 0.184152
0.339031 0.0890604
0.339298 0.581248
0.339701 0.347246
0.340111 0.237119
0.340389 0.921006
0.340626 0.894946
0.340781 0.499343
0.340892 0.366683
0.340956 0.44252
0.341072 0.40243
0.34115 0.714865
0.342118 0.984791
0.342138 0.317216
0.342243 0.0777269
0.342324 0.431947
0.342498 0.356333
0.344083 0.00802345
0.344802 0.0880714
0.345187 0.562451
0.345235 0.359027
0.346132 0.443915
0.346666 0.418194
0.347445 0.50231
0.348067 0.958277
0.348766 0.708983
0.349088 0.125402
0.349892 0.642262
0.351021 0.609734
0.351757 0.975554
0.352874 0.746576
0.352906 0.299172
0.354289 0.533002
0.355972 0.815638
0.356944 0.156979
0.357128 0.256973
0.357729 0.356354
0.358734 0.236776
0.358794 0.258086
0.359729 0.960076
0.360381 0.926275
0.360483 0.642105
0.361044 0.0688728
0.362354 0.0810215
0.362484 0.274542
0.363871 0.584373
0.364059 0.74243
0.364284 0.517565
0.364284 0.527255
0.364526 0.589445
0.364767 0.635937
0.365216 0.187467
0.365231 0.443343
0.36542 0.607215
0.366618 0.74361
0.367168 0.994347
0.367348 0.010215
0.368627 0.505769
0.369767 0.679505
0.370411 0.501738
0.370507 0.106597
0.37077 0.539226
0.372769 0.133681
0.372841 0.343708
0.373076 0.290468
0.374849 0.0799772
0.374886 0.703269
0.375372 0.876597
0.376387 0.928886
0.376512 0.0355726
0.376734 0.775583
0.377155 0.841433
0.378909 0.317629
0.37999 0.499529
0.380179 0.669561
0.380203 0.0670075
0.381321 0.866494
0.383043 0.800832
0.383086 0.53338
0.383177 0.0535583
0.38323 0.946923
0.3837 0.849951
0.385043 0.412169
0.385161 0.405373
0.385267 0.182483
0.385689 0.2828
0.386793 0.83142
0.387194 0.575919
0.387619 0.720095
0.387828 0.218764
0.388111 0.975952
0.38839 0.671187
0.388888 0.0423651
0.388903 0.291831
0.388979 0.567388
0.389129 0.0847709
0.39025 0.925902
0.390456 0.391645
0.391242 0.609553
0.391375 0.832993
0.392166 0.142251
0.392725 0.526882
0.393299 0.170205
0.393583 0.954081
0.394278 0.624254
0.394383 0.400777
0.396631 0.169795
0.397188 0.544337
0.398577 0.887258
0.399287 0.811827
0.399735 0.342196
0.399869 0.604728
0.400987 0.387655
0.402059 0.404481
0.402236 0.381616
0.402641 0.193328
0.403131 0.426715
0.403497 0.574109
0.403796 0.592002
0.403926 0.77858
0.405912 0.155673
0.405929 0.45234
0.406857 0.0406749
0.407077 0.735371
0.408454 0.883705
0.40864 0.0203259
0.409316 0.375715
0.409352 0.982916
0.409495 0.381244
0.409511 0.644969
0.409769 0.985262
0.409775 0.0859953
0.410164 0.619354
0.410892 0.862527
0.411855 0.0412918
0.412088 0.964064
0.412193 0.722688
0.412441 0.887428
0.412608 0.695169
0.413171 0.159715
0.413199 0.641858
0.413355 0.250434
0.414 0.104951
0.414135 0.374011
0.416288 0.54893
0.416537 0.735458
0.416866 0.263645
0.417108 0.338531
0.417129 0.690068
0.417167 0.331196
0.417254 0.783715
0.419297 0.132742
0.419559 0.521175
0.420267 0.433668
0.420512 0.550033
0.421121 0.788435
0.421316 0.0635983
0.421318 0.0942855
0.421446 0.239165
0.422515 0.211929
0.423576 0.0435126
0.423798 0.768371
0.423969 0.650557
0.424869 0.768684
0.425966 0.218567
0.42635 0.669381
0.427436 0.920913
0.428086 0.838831
0.42893 0.032296
0.429169 0.0385283
0.42933 0.750506
0.429848 0.447418
0.43018 0.0280733
0.430939 0.789172
0.431468 0.685296
0.431529 0.71192
0.433031 0.956751
0.433129 0.593002
0.433628 0.982447
0.434388 0.751826
0.434439 0.619935
0.435072 0.251212
0.435522 0.817073
0.438995 0.181486
0.439145 0.703901
0.439999 0.0689673
0.440009 0.239379
0.440062 0.129495
0.440646 0.944482
0.440694 0.743476
0.440856 0.46771
0.442739 0.116444
0.443596 0.514028
0.443788 0.738508
0.44382 0.275264
0.445225 0.895834
0.445776 0.163867
0.446801 0.384047
0.446817 0.652163
0.447138 0.0412835
0.448904 0.735695
0.449461 0.0905381
0.44966 0.43466
0.450516 0.824762
0.45083 0.0934661
0.451155 0.562682
0.451175 0.901172
0.45164 0.705902
0.451932 0.616612
0.452861 0.232073
0.453372 0.81526
0.45352 0.315699
0.453569 0.12655
0.453968 0.838491
0.454004 0.449402
0.454463 0.16171
0.455277 0.845263
0.455593 0.145022
0.455914 0.547925
0.456063 0.0508214
0.456095 0.584345
0.45668 0.420831
0.456895 0.0367076
0.457094 0.383498
0.457161 0.506652
0.457285 0.594736
0.457347 0.637161
0.457725 0.979455
0.458464 0.39869
0.459724 0.576438
0.460903 0.394026
0.461401 0.770174
0.461478 0.0585511
0.462282 0.575458
0.462751 0.464008
0.463496 0.971446
0.464513 0.076954
0.464645 0.281008
0.464682 0.905952
0.466114 0.984755
0.4681 0.359994
0.469051 0.34727
0.469156 0.104204
0.469808 0.0575601
0.469946 0.375026
0.47119 0.287101
0.471212 0.662532
0.471267 0.580072
0.47138 0.487373
0.471662 0.217373
0.473047 0.508687
0.47309 0.231804
0.474589 0.418289
0.475471 0.248875
0.476714 0.137979
0.476797 0.524421
0.477662 0.0628486
0.478422 0.842503
0.478759 0.495044
0.479661 0.657327
0.479699 0.302494
0.480844 0.550659
0.480884 0.222615
0.480891 0.34113
0.481295 0.122961
0.482706 0.833698
0.483882 0.611042
0.483977 0.193792
0.485339 0.0922775
0.485887 0.295141
0.485922 0.887926
0.487868 0.593235
0.489361 0.686805
0.489638 0.34434
0.489844 0.805818
0.490233 0.342042
0.49224 0.0780447
0.492503 0.492657
0.492769 0.963517
0.492989 0.666494
0.493001 0.859594
0.493356 0.840849
0.493685 0.370344
0.494862 0.145254
0.495695 0.141236
0.496321 0.674074
0.497577 0.772212
0.497602 0.191142
0.497977 0.499704
0.498102 0.606813
0.498647 0.755604
0.498903 0.0668303
0.499026 0.124641
0.499073 0.91303
0.499311 0.912266
0.499515 0.355923
0.500246 0.637179
0.501002 0.337138
0.501867 0.879158
0.502195 0.392249
0.503517 0.614027
0.503788 0.171212
0.503874 0.604118
0.505636 0.229438
0.506228 0.17518
0.507369 0.341982
0.507503 0.602543
0.508509 0.507821
0.508617 0.324392
0.508838 0.0327373
0.509075 0.0153731
0.509283 0.518706
0.509503 0.213457
0.509569 0.319894
0.509789 0.0247958
0.509823 0.600308
0.511926 0.935692
0.511953 0.40007
0.51424 0.839447
0.515026 0.041295
0.515422 0.701136
0.515461 0.352728
0.515814 0.29371
0.516116 0.355422
0.516162 0.137722
0.517041 0.91559
0.517109 0.0484882
0.517325 0.682741
0.517456 0.877576
0.517522 0.989844
0.517614 0.532171
0.518134 0.274319
0.518189 0.208623
0.518211 0.567032
0.519536 0.848353
0.519686 0.370181
0.519886 0.732742
0.520076 0.916955
0.52034 0.360219
0.520617 0.0108906
0.520779 0.736729
0.520889 0.576215
0.521492 0.714173
0.521745 0.963986
0.523037 0.687083
0.523301 0.126787
0.524386 0.357257
0.524863 0.37452
0.525094 0.260022
0.525524 0.482157
0.525556 0.0268173
0.525687 0.215908
0.526353 0.416248
0.526958 0.574508
0.528327 0.599005
0.528609 0.333058
0.529744 0.400309
0.529828 0.825694
0.530514 0.352308
0.530771 0.670813
0.531306 0.652933
0.532622 0.769329
0.532756 0.0308524
0.53367 0.390893
0.533813 0.790035
0.535385 0.208868
0.536307 0.704946
0.537488 0.563724
0.537501 0.782823
0.53972 0.070088
0.539942 0.811664
0.541636 0.278384
0.541774 0.590035
0.542308 0.569753
0.54306 0.216602
0.543665 0.377358
0.544432 0.264273
0.544777 0.0656634
0.544939 0.796119
0.545277 0.477852
0.545405 0.616227
0.545865 0.353133
0.546987 0.203539
0.548372 0.494352
0.548814 0.921553
0.54992 0.506151
0.550303 0.942166
0.550843 0.0268038
0.551368 0.844899
0.552079 0.787117
0.553033 0.830016
0.553824 0.128535
0.553949 0.212369
0.554442 0.508352
0.555255 0.176785
0.555551 0.141074
0.555731 0.164854
0.557404 0.283223
0.558039 0.965911
0.55815 0.819571
0.558192 0.535246
0.558264 0.742275
0.55917 0.969917
0.560652 0.87344
0.56113 0.918525
0.56276 0.307436
0.563071 0.535271
0.563789 0.595886
0.563927 0.927721
0.563955 0.387685
0.564887 0.0630257
0.565642 0.747348
0.566424 0.889809
0.569831 0.144623
0.570224 0.760089
0.570576 0.666016
0.570776 0.0248823
0.570833 0.985131
0.571154 0.379777
0.57143 0.0163057
0.571465 0.6182
0.571501 0.219305
0.571738 0.195523
0.572211 0.153602
0.57233 0.148325
0.572406 0.426621
0.572706 0.468744
0.572729 0.849191
0.572959 0.714737
0.573594 0.38668
0.573942 0.250126
0.574911 0.525413
0.575377 0.360391
0.576192 0.0615851
0.577043 0.35972
0.577434 0.935326
0.578589 0.341137
0.578993 0.137689
0.579422 0.345212
0.579483 0.377095
0.579889 0.188893
0.58035 0.934862
0.580602 0.178883
0.58124 0.908874
0.581258 0.197785
0.581368 0.0491202
0.581732 0.169678
0.581829 0.803041
0.583663 0.631743
0.584209 0.793682
0.584459 0.00296208
0.584599 0.360374
0.584656 0.31426
0.584802 0.768719
0.584961 0.442739
0.586033 0.458618
0.586698 0.64052
0.587179 0.716957
0.587346 0.530537
0.587607 0.914258
0.588024 0.925762
0.588565 0.0115113
0.588816 0.225354
0.588878 0.270096
0.58901 0.496768
0.589184 0.41375
0.589289 0.17826
0.589389 0.853979
0.589471 0.230771
0.589884 0.17485
0.591536 0.952779
0.59192 0.395939
0.592768 0.644815
0.593013 0.771957
0.593522 0.321028
0.593858 0.967707
0.594279 0.0526138
0.59539 0.720132
0.59596 0.296572
0.597334 0.390215
0.597681 0.222058
0.597913 0.121922
0.598339 0.287761
0.598513 0.200086
0.59906 0.396775
0.599198 0.715211
0.599563 0.862793
0.599961 0.536346
0.600412 0.117664
0.601076 0.277839
0.601223 0.761584
0.601502 0.444438
0.601902 0.164738
0.603542 0.728247
0.60433 0.97923
0.605165 0.0122307
0.605174 0.152487
0.605468 0.105749
0.606217 0.692484
0.606662 0.164655
0.607071 0.0338205
0.607719 0.927093
0.608037 0.277544
0.608212 0.217621
0.608423 0.758779
0.608427 0.840534
0.609634 0.114125
0.610407 0.113967
0.610739 0.68714
0.611384 0.525746
0.611456 0.744695
0.611631 0.679693
0.612231 0.774136
0.614396 0.156955
0.61472 0.598449
0.614768 0.40084
0.61518 0.33739
0.615364 0.42638
0.615408 0.165111
0.615559 0.691431
0.615653 0.275692
0.615798 0.723373
0.616111 0.982709
0.616271 0.666645
0.616567 0.648466
0.616667 0.317439
0.617954 0.95105
0.618055 0.642508
0.618416 0.722807
0.618781 0.858015
0.619185 0.639071
0.620144 0.767073
0.620236 0.307929
0.622135 0.222172
0.622685 0.473058
0.623094 0.348265
0.62313 0.940534
0.623387 0.258874
0.625174 0.296862
0.625495 0.703224
0.625715 0.395533
0.62636 0.23896
0.62683 0.125843
0.627322 0.408075
0.627346 0.811516
0.630534 0.390895
0.630903 0.585537
0.631167 0.0243088
0.631449 0.755185
0.631723 0.368407
0.63216 0.721609
0.632363 0.119146
0.633244 0.935746
0.633549 0.0528927
0.634102 0.353171
0.634594 0.627435
0.634726 0.836796
0.634937 0.391619
0.635013 0.657886
0.635407 0.285115
0.635645 0.289461
0.635671 0.728693
0.636317 0.584282
0.637987 0.645932
0.638349 0.737367
0.639609 0.904307
0.639664 0.833822
0.641251 0.49989
0.641619 0.692074
0.641701 0.0690454
0.641822 0.106915
0.642055 0.0251785
0.642201 0.466661
0.642311 0.316745
0.642312 0.34589
0.642424 0.226253
0.643082 0.287543
0.643329 0.434204
0.643626 0.42522
0.644914 0.0703124
0.645024 0.925772
0.645258 0.844193
0.64623 0.187835
0.646679 0.73017
0.647041 0.810586
0.647363 0.238165
0.647606 0.313199
0.647703 0.938196
0.648026 0.377006
0.648445 0.407653
0.649594 0.726552
0.650278 0.229405
0.650445 0.0231922
0.650866 0.107003
0.653324 0.423722
0.654079 0.112896
0.655188 0.746174
0.655625 0.0881692
0.6562 0.756975
0.656203 0.809263
0.656398 0.0881677
0.656466 0.220917
0.657389 0.729439
0.657529 0.0917897
0.659425 0.962878
0.660978 0.0632486
0.662766 0.107898
0.662881 0.0489076
0.663818 0.78999
0.66385 0.321495
0.664691 0.463149
0.665426 0.814506
0.666018 0.764302
0.66718 0.293426
0.667246 0.395926
0.667733 0.587889
0.668213 0.650411
0.668895 0.113021
0.668904 0.262184
0.669497 0.234504
0.669646 0.744695
0.670223 0.429725
0.670326 0.163602
0.671347 0.325061
0.671409 0.37381
0.671644 0.323098
0.672272 0.882076
0.672677 0.688927
0.674378 0.26232
0.674443 0.358372
0.675435 0.0367094
0.675755 0.41024
0.677945 0.222757
0.678226 0.948147
0.679063 0.00776516
0.67924 0.980048
0.67951 0.5326
0.679915 0.335507
0.680016 0.0311449
0.680388 0.28133
0.681012 0.770473
0.681649 0.482565
0.681895 0.605051
0.682545 0.536399
0.682566 0.887239
0.683658 0.239559
0.684122 0.0369548
0.684752 0.630924
0.685191 0.00741783
0.686102 0.316227
0.686848 0.855573
0.68687 0.221463
0.68733 0.96348
0.687784 0.590379
0.689022 0.392618
0.68929 0.896294
0.690838 0.916225
0.690989 0.453956
0.691267 0.125187
0.693228 0.0852371
0.694457 0.741914
0.694492 0.334659
0.694671 0.331204
0.695095 0.467812
0.695608 0.0900523
0.69633 0.213724
0.697516 0.145272
0.698645 0.118129
0.698733 0.612668
0.699034 0.662194
0.699459 0.802066
0.700084 0.310054
0.700284 0.670666
0.701432 0.974844
0.701496 0.0510089
0.702085 0.942608
0.702204 0.94248
0.702579 0.246057
0.702959 0.640248
0.703232 0.221531
0.705956 0.00523513
0.706525 0.558821
0.706766 0.611449
0.707491 0.806356
0.707532 0.492181
0.707897 0.627233
0.708776 0.403089
0.708822 0.179606
0.709708 0.0572677
0.709764 0.00470451
0.711208 0.270284
0.711695 0.463295
0.712284 0.361492
0.71291 0.870538
0.713239 0.408265
0.714428 0.383351
0.714533 0.162958
0.715061 0.0347655
0.715226 0.798092
0.715408 0.864597
0.716643 0.623501
0.717417 0.633838
0.717718 0.681721
0.717783 0.776591
0.718177 0.406128
0.719041 0.918933
0.719407 0.079835
0.719419 0.269664
0.719513 0.854409
0.720532 0.981151
0.72062 0.461125
0.722642 0.450421
0.722765 0.511464
0.724089 0.767333
0.724664 0.433518
0.725572 0.681414
0.726024 0.289928
0.727264 0.122009
0.727558 0.067218
0.728454 0.125372
0.728927 0.0746931
0.728927 0.0804768
0.730105 0.870265
0.730441 0.517828
0.730838 0.199317
0.730854 0.465891
0.732048 0.528577
0.732451 0.304484
0.732928 0.315688
0.732936 0.450873
0.733398 0.228828
0.733838 0.616616
0.734067 0.471353
0.734753 0.989021
0.735011 0.327679
0.735884 0.000438537
0.736412 0.875424
0.736568 0.49307
0.73757 0.336528
0.739137 0.676918
0.739594 0.354226
0.739741 0.829863
0.740177 0.14935
0.74064 0.943709
0.74084 0.305565
0.741248 0.147549
0.742038 0.432522
0.742869 0.404673
0.743387 0.107579
0.743597 0.64261
0.743907 0.843749
0.744387 0.916202
0.745995 0.929792
0.746118 0.99831
0.747785 0.0177446
0.747787 0.0605001
0.748413 0.569256
0.749758 0.182517
0.750032 0.790268
0.753426 0.836728
0.754613 0.775781
0.754727 0.691567
0.755645 0.120894
0.755686 0.822512
0.755943 0.136282
0.756549 0.322888
0.756735 0.441681
0.756881 0.892728
0.757459 0.615442
0.757826 0.779576
0.757958 0.00707841
0.758445 0.19296
0.758468 0.566951
0.758832 0.690169
0.760077 0.612652
0.760901 0.466844
0.761298 0.137282
0.761651 0.0710006
0.762706 0.804622
0.76364 0.501227
0.763667 0.949694
0.763933 0.414027
0.763991 0.402231
0.764197 0.86108
0.76501 0.51818
0.766271 0.72012
0.766359 0.201847
0.767172 0.863362
0.767602 0.0796262
0.768421 0.851101
0.769336 0.237195
0.769577 0.285768
0.77009 0.902491
0.77038 0.780706
0.770651 0.339363
0.771084 0.600911
0.772369 0.200806
0.77291 0.305432
0.772917 0.423517
0.773013 0.0348018
0.773798 0.227642
0.773884 0.670958
0.773942 0.635573
0.774102 0.337768
0.774886 0.506307
0.777072 0.256989
0.777146 0.487427
0.777723 0.186991
0.777973 0.383827
0.779289 0.510146
0.780159 0.140166
0.78138 0.656892
0.782105 0.842916
0.783217 0.521181
0.783432 0.146355
0.783723 0.0272856
0.783887 0.790933
0.784267 0.177689
0.784359 0.726371
0.78624 0.341576
0.786518 0.0133317
0.7867 0.0670636
0.786816 0.0142408
0.786974 0.676443
0.787232 0.00793133
0.787268 0.612448
0.788172 0.804573
0.789217 0.377378
0.789565 0.219677
0.789997 0.475801
0.790469 0.416952
0.790939 0.311599
0.79157 0.910843
0.79192 0.799121
0.792525 0.972947
0.793255 0.241204
0.793544 0.0892795
0.793717 0.00491511
0.794352 0.681578
0.794773 0.7463
0.796061 0.401927
0.796231 0.248815
0.796254 0.633012
0.796893 0.375275
0.797231 0.067589
0.798257 0.299102
0.798371 0.214144
0.798443 0.425079
0.799258 0.124152
0.799323 0.229157
0.799438 0.155689
0.799729 0.0423718
0.800579 0.324619
0.800687 0.15163
0.80109 0.912071
0.802658 0.275791
0.803821 0.821201
0.803825 0.881355
0.804482 0.932024
0.804911 0.132002
0.804916 0.22872
0.805322 0.050074
0.806063 0.505702
0.80704 0.928805
0.807438 0.618261
0.808444 0.520636
0.809769 0.782611
0.809902 0.0176416
0.810361 0.736586
0.811973 0.826577
0.812011 0.464395
0.812291 0.174562
0.813979 0.539907
0.814412 0.818478
0.814776 0.942064
0.814909 0.168893
0.815059 0.695675
0.816244 0.614051
0.816946 0.408656
0.817705 0.163853
0.818977 0.548421
0.819094 0.507815
0.819286 0.731911
0.819596 0.942317
0.8204 0.462174
0.822018 0.658611
0.822209 0.860496
0.822305 0.473222
0.823161 0.868662
0.824166 0.753545
0.824282 0.714019
0.824661 0.0789859
0.825024 0.171086
0.825087 0.234283
0.825643 0.590348
0.825692 0.412829
0.827496 0.73104
0.828021 0.551484
0.828081 0.556116
0.828625 0.693809
0.829325 0.471344
0.829683 0.485971
0.830045 0.572547
0.830251 0.0326627
0.831886 0.507523
0.831988 0.221545
0.832645 0.273005
0.832976 0.820601
0.833297 0.225766
0.833362 0.317349
0.834012 0.235212
0.834871 0.674801
0.835506 0.346188
0.836839 0.757693
0.83741 0.354724
0.837639 0.206526
0.838429 0.470484
0.838478 0.294805
0.839047 0.863676
0.839345 0.87771
0.839908 0.340369
0.840318 0.231456
0.840392 0.462098
0.840734 0.216076
0.841865 0.218078
0.842365 0.625626
0.842428 0.682804
0.843029 0.790254
0.84366 0.396354
0.843764 0.139506
0.844911 0.414139
0.846073 0.943005
0.846136 0.000738493
0.846599 0.793908
0.846934 0.422977
0.846995 0.444162
0.847147 0.000215155
0.847267 0.0151765
0.848217 0.98522
0.848302 0.407341
0.848619 0.734195
0.849347 0.967296
0.849696 0.838333
0.849832 0.121504
0.850056 0.896482
0.850872 0.605112
0.851498 0.123775
0.85194 0.55431
0.852176 0.527054
0.852236 0.538314
0.853872 0.0265347
0.85395 0.341913
0.854539 0.242254
0.854554 0.491289
0.854856 0.561274
0.855754 0.663208
0.856088 0.268595
0.856123 0.857552
0.856906 0.0164026
0.857067 0.720953
0.857633 0.233185
0.85897 0.716372
0.859385 0.679813
0.860068 0.164744
0.860189 0.196243
0.860338 0.698763
0.860383 0.46419
0.860743 0.508902
0.861077 0.129832
0.861095 0.417396
0.861775 0.848873
0.862062 0.683424
0.862746 0.165522
0.862768 0.541203
0.863212 0.0104242
0.863441 0.852115
0.864133 0.490521
0.86445 0.803937
0.864895 0.290501
0.865515 0.703665
0.865787 0.274507
0.867788 0.921509
0.867954 0.706796
0.868768 0.383244
0.869366 0.434321
0.869791 0.583114
0.871086 0.334136
0.872057 0.655513
0.872186 0.838366
0.872415 0.672175
0.873583 0.317309
0.874174 0.24408
0.874369 0.521638
0.876527 0.786326
0.876761 0.723169
0.876884 0.78195
0.877266 0.213238
0.877363 0.841295
0.878102 0.260561
0.87813 0.726175
0.879204 0.784677
0.879218 0.00893412
0.879249 0.543389
0.87957 0.927642
0.880909 0.444834
0.881051 0.822986
0.881416 0.953795
0.881497 0.326995
0.881744 0.46885
0.881908 0.222574
0.88201 0.947098
0.882221 0.482786
0.883199 0.923593
0.884276 0.0341245
0.884591 0.320829
0.884772 0.37035
0.885163 0.934287
0.885229 0.039214
0.886055 0.926214
0.886652 0.96646
0.888613 0.915678
0.889101 0.120272
0.88958 0.170209
0.889685 0.941771
0.889686 0.950849
0.890448 0.767092
0.890676 0.592457
0.890754 0.900158
0.891073 0.257933
0.891102 0.75897
0.891293 0.965793
0.892247 0.990417
0.892914 0.199836
0.893916 0.0422378
0.894142 0.848178
0.894927 0.0356804
0.895687 0.810099
0.896798 0.492449
0.897943 0.734267
0.898098 0.337544
0.89853 0.600516
0.898554 0.998182
0.898942 0.523981
0.89998 0.966954
0.903668 0.947706
0.903671 0.99421
0.904091 0.0592222
0.904091 0.0635267
0.904432 0.796436
0.904566 0.0453433
0.904803 0.0226259
0.904941 0.347261
0.905455 0.986861
0.905779 0.422446
0.906607 0.346175
0.906983 0.665178
0.907008 0.0769312
0.908021 0.106625
0.908577 0.447319
0.90861 0.0133767
0.908684 0.254639
0.908741 0.204611
0.90979 0.84531
0.910234 0.306822
0.911601 0.271636
0.911992 0.858285
0.91207 0.166807
0.912189 0.159259
0.912483 0.107153
0.912677 0.358406
0.912742 0.455687
0.913331 0.360732
0.91394 0.596011
0.914335 0.224859
0.914358 0.619809
0.916494 0.518622
0.91769 0.620894
0.9181 0.512442
0.918963 0.00871719
0.919044 0.37301
0.920691 0.0463863
0.92084 0.564176
0.921244 0.354741
0.921974 0.618051
0.922271 0.608591
0.922337 0.714175
0.922647 0.928227
0.926083 0.678427
0.926699 0.0291367
0.929692 0.339159
0.930545 0.669922
0.930959 0.634929
0.93152 0.0524227
0.932811 0.756753
0.932839 0.220575
0.933427 0.115226
0.934058 0.710455
0.934619 0.134891
0.935002 0.584023
0.935067 0.67937
0.935184 0.64249
0.937313 0.427757
0.937395 0.797238
0.937576 0.836969
0.938029 0.449138
0.938331 0.529383
0.938404 0.756746
0.938451 0.551655
0.938608 0.179898
0.939519 0.499382
0.940406 0.408216
0.940719 0.664069
0.941289 0.240289
0.94134 0.0994526
0.941625 0.887962
0.941906 0.615152
0.943385 0.477609
0.943458 0.705927
0.943679 0.408629
0.944004 0.868061
0.944989 0.434779
0.945316 0.930729
0.945643 0.418932
0.945903 0.789959
0.946014 0.665353
0.946019 0.738897
0.946813 0.0881864
0.948842 0.193406
0.94913 0.0212194
0.949452 0.435611
0.949899 0.951751
0.94992 0.307851
0.954158 0.539731
0.954275 0.492739
0.954543 0.998778
0.954958 0.975141
0.95542 0.749927
0.955645 0.529672
0.956005 0.576912
0.956041 0.185647
0.956638 0.211109
0.957199 0.637469
0.957851 0.600546
0.96006 0.732496
0.960248 0.890992
0.960384 0.170532
0.960506 0.219546
0.961513 0.144797
0.962397 0.00499043
0.962698 0.0611537
0.962988 0.934438
0.963642 0.935707
0.965191 0.95682
0.965418 0.780432
0.96687 0.190024
0.967207 0.855462
0.967966 0.611247
0.967991 0.0217008
0.968021 0.531675
0.968188 0.329453
0.968658 0.232231
0.96881 0.788018
0.969111 0.849973
0.969838 0.0654562
0.969976 0.386335
0.970082 0.168681
0.970725 0.969423
0.970947 0.701411
0.971143 0.992032
0.972311 0.630317
0.972831 0.366815
0.972854 0.756357
0.974159 0.69738
0.974368 0.198999
0.975157 0.464327
0.975313 0.0879216
0.975948 0.764099
0.976126 0.757638
0.976294 0.56876
0.976349 0.503401
0.97713 0.622016
0.977429 0.654356
0.978563 0.715228
0.979284 0.821384
0.979486 0.214366
0.979991 0.710985
0.981111 0.529952
0.981596 0.680067
0.981651 0.60091
0.981992 0.339313
0.982178 0.464805
0.982908 0.72936
0.984667 0.305264
0.985385 0.373322
0.986837 0.773296
0.988806 0.864469
0.989126 0.2394
0.989469 0.0128577
0.989687 0.672178
0.990735 0.289938
0.99081 0.545444
0.991023 0.130587
0.991428 0.931107
0.99161 0.995467
0.99168 0.161518
0.992332 0.127224
0.993052 0.225883
0.993361 0.411056
0.994352 0.0768239
0.994393 0.763314
0.994489 0.37989
0.996955 0.82982
0.99858 0.131523
0.99979 0.477946
0.999885 0.0604222
