0.000153113 0.573373
0.0002682 0.507644
0.000992085 0.673978
0.00139327 0.416732
0.00269465 0.288929
0.00321063 0.961141
0.0042023 0.628075
0.00441476 0.198896
0.00455255 0.514656
0.00530942 0.235347
0.00612523 0.946817
0.00696117 0.996386
0.00732124 0.048048
0.00734525 0.451654
0.0073653 0.788634
0.008258 0.792167
0.0111405 0.23834
0.0112263 0.6811
0.0114067 0.712589
0.0114581 0.576292
0.012044 0.423171
0.0133478 0.336669
0.0143134 0.56585
0.014491 0.549474
0.0145167 0.981521
0.0149754 0.691113
0.01502 0.441106
0.0150206 0.451264
0.0153326 0.695714
0.015902 0.265345
0.0161203 0.933815
0.0166932 0.563293
0.0172637 0.150736
0.0180502 0.370249
0.0181204 0.549096
0.0182283 0.362966
0.0182296 0.385123
0.0182301 0.392902
0.0183448 0.321101
0.0196878 0.893132
0.0200058 0.236899
0.0200991 0.805812
0.0205836 0.947936
0.0212083 0.448552
0.0213195 0.316033
0.0213236 0.385837
0.0215506 0.201528
0.0217889 0.206579
0.0222128 0.329718
0.0236203 0.986053
0.0238518 0.877512
0.0242881 0.209857
0.0243541 0.320184
0.0261877 0.135989
0.026259 0.335411
0.0263734 0.258593
0.0265457 0.152996
0.0277325 0.100486
0.0282942 0.539917
0.0287688 0.517311
0.0293701 0.623032
0.0299696 0.699608
0.0303261 0.690271
0.03034 0.923692
0.0311642 0.775912
0.0317522 0.659192
0.0321335 0.0684485
0.0324241 0.952471
0.032487 0.00969584
0.0328342 0.844857
0.0331399 0.981702
0.0334984 0.00738026
0.0340259 0.873999
0.0342112 0.988088
0.0354123 0.173985
0.0362372 0.0389615
0.036418 0.0771268
0.0379616 0.0211652
0.0384847 0.812252
0.0386115 0.942691
0.0387341 0.0032413
0.0387604 0.445791
0.0394254 0.62223
0.040024 0.682801
0.0401107 0.141205
0.0401355 0.558101
0.0404485 0.817796
0.0407217 0.40905
0.0411749 0.0271124
0.0414028 0.857259
0.041437 0.431848
0.0423738 0.176577
0.0434959 0.0355525
0.0444075 0.35722
0.0444827 0.620412
0.0449127 0.846976
0.0450219 0.683707
0.0459849 0.868983
0.0461308 0.320421
0.0472058 0.387939
0.0479648 0.14514
0.0483179 0.0793906
0.0486633 0.883387
0.0489701 0.0408468
0.0500719 0.5577
0.0500719 0.558115
0.0506931 0.999493
0.0508415 0.492536
0.0511305 0.349753
0.0513338 0.766464
0.0518167 0.884053
0.0532949 0.726702
0.0533019 0.845036
0.0535406 0.856035
0.0540346 0.160141
0.0547017 0.371087
0.056255 0.478571
0.0566213 0.635004
0.0569641 0.39612
0.0584744 0.779227
0.0587982 0.22159
0.0591955 0.899299
0.0599748 0.99701
0.0603029 0.511469
0.0603507 0.314791
0.0607693 0.349946
0.0608389 0.518853
0.0615287 0.112853
0.0615431 0.354108
0.0630885 0.328051
0.0632445 0.950472
0.063752 0.480565
0.0637943 0.190565
0.0637989 0.268273
0.0654072 0.299543
0.0655012 0.879155
0.0659728 0.804935
0.0660441 0.00239252
0.0664089 0.135237
0.0666104 0.520439
0.0669662 0.500482
0.0674769 0.0840603
0.0684485 0.414539
0.0686394 0.621675
0.0704419 0.917535
0.0708837 0.34314
0.0719446 0.172681
0.0726355 0.785636
0.0727226 0.249456
0.0727581 0.845599
0.0729469 0.0178373
0.0730346 0.493108
0.0745607 0.14167
0.0751148 0.454955
0.0752732 0.115889
0.0759365 0.26456
0.0765872 0.200416
0.0768176 0.0739135
0.0769781 0.771632
0.0770068 0.253775
0.0776745 0.475896
0.0777 0.903373
0.0780281 0.418506
0.07856 0.358074
0.0787179 0.0109081
0.0807887 0.816384
0.0822336 0.10081
0.0822836 0.940845
0.0827036 0.999315
0.0827322 0.479846
0.0827662 0.0512023
0.0831844 0.0794854
0.0837351 0.335286
0.083848 0.233392
0.0855852 0.430101
0.0858548 0.961099
0.0870486 0.0264542
0.087854 0.561667
0.087964 0.410803
0.0892995 0.85593
0.0898017 0.296818
0.0900488 0.450155
0.0901644 0.392855
0.0905142 0.272509
0.0912874 0.267264
0.0922698 0.778453
0.0924028 0.0133201
0.0924556 0.901535
0.0925149 0.897698
0.0932836 0.818244
0.0933277 0.558931
0.0934471 0.564673
0.0939083 0.317568
0.0940515 0.724247
0.0943302 0.406866
0.0967146 0.482424
0.0968338 0.485512
0.098186 0.212788
0.0983778 0.436078
0.0989108 0.393952
0.0991887 0.0640409
0.101584 0.319292
0.101856 0.898853
0.101922 0.00117356
0.106632 0.166159
0.106797 0.944363
0.108297 0.152574
0.108604 0.310606
0.108764 0.997836
0.109018 0.262566
0.109561 0.393387
0.10962 0.390686
0.110025 0.19688
0.110247 0.919015
0.11041 0.663637
0.110771 0.732376
0.110952 0.776035
0.111399 0.283464
0.112397 0.0568136
0.112416 0.370268
0.112535 0.37957
0.113257 0.516297
0.11364 0.941965
0.113927 0.771586
0.114531 0.92227
0.115354 0.76052
0.11547 0.70225
0.116207 0.0933486
0.116965 0.837073
0.118184 0.318712
0.1184 0.945914
0.118558 0.601706
0.120219 0.516722
0.120447 0.360338
0.120465 0.657896
0.1208 0.2854
0.121487 0.838005
0.121698 0.379171
0.122563 0.913428
0.122829 0.380633
0.12316 0.949244
0.124023 0.460898
0.124376 0.394765
0.125338 0.548782
0.12567 0.13501
0.125718 0.939584
0.126224 0.438348
0.126277 0.337097
0.128161 0.00287647
0.128573 0.932391
0.1293 0.148931
0.129553 0.392161
0.130945 0.798421
0.132067 0.646275
0.132586 0.373475
0.133338 0.00450686
0.133708 0.225289
0.134811 0.772461
0.134949 0.0897708
0.134986 0.714926
0.135961 0.0995704
0.136234 0.681338
0.137368 0.736301
0.13842 0.42712
0.140144 0.406718
0.140255 0.268846
0.141224 0.55797
0.141559 0.182077
0.142126 0.707207
0.14225 0.798945
0.14325 0.599326
0.143594 0.378044
0.143611 0.673333
0.144065 0.298462
0.144075 0.474117
0.145376 0.333245
0.145484 0.144596
0.146939 0.606312
0.147793 0.95362
0.148347 0.260464
0.149531 0.167734
0.149556 0.579574
0.149824 0.0926103
0.150138 0.371747
0.150176 0.00828892
0.150723 0.20745
0.150727 0.266907
0.150997 0.799494
0.151162 0.57766
0.151175 0.805955
0.15164 0.614018
0.15239 0.225923
0.152564 0.148563
0.152767 0.555679
0.155204 0.50635
0.155205 0.530103
0.155435 0.392283
0.155652 0.0438557
0.157141 0.0771395
0.157847 0.928423
0.158162 0.225716
0.158698 0.241287
0.159163 0.0547503
0.159297 0.307766
0.161852 0.248401
0.161902 0.0884134
0.161959 0.0402956
0.163122 0.587138
0.163761 0.337494
0.163975 0.927981
0.164403 0.127748
0.165746 0.691679
0.166019 0.279411
0.166727 0.172894
0.166777 0.0249428
0.166843 0.136639
0.168406 0.406975
0.168807 0.134655
0.169246 0.51568
0.169283 0.133979
0.170002 0.218848
0.170791 0.483894
0.170923 0.708391
0.17113 0.18038
0.171557 0.359352
0.171879 0.769838
0.171892 0.992131
0.172458 0.498978
0.172749 0.388792
0.173502 0.0558095
0.174972 0.746784
0.175896 0.288458
0.17596 0.359802
0.177178 0.833709
0.177188 0.992099
0.177972 0.179719
0.178711 0.5886
0.179602 0.578774
0.179607 0.659722
0.179745 0.970293
0.180198 0.579582
0.181085 0.503795
0.181226 0.862671
0.181488 0.268721
0.18187 0.693114
0.182638 0.592551
0.182821 0.676822
0.182958 0.975497
0.183028 0.154524
0.184904 0.687427
0.185442 0.720912
0.185896 0.35008
0.187021 0.262658
0.187392 0.491861
0.187752 0.551905
0.188086 0.153707
0.188723 0.870644
0.189053 0.409013
0.190996 0.0672234
0.191213 0.716213
0.191418 0.169254
0.191514 0.769262
0.19173 0.410676
0.191751 0.7592
0.191935 0.852987
0.192649 0.84941
0.192984 0.48204
0.193046 0.522485
0.193367 0.919299
0.193495 0.0624252
0.19412 0.580635
0.194796 0.929207
0.194818 0.308042
0.195538 0.410575
0.195582 0.150535
0.195832 0.351871
0.196305 0.297013
0.197952 0.982239
0.198471 0.709815
0.198494 0.0903874
0.198699 0.54191
0.199391 0.164554
0.199863 0.0959529
0.200843 0.569427
0.200934 0.094356
0.20157 0.788096
0.202085 0.448318
0.20257 0.586278
0.202608 0.227297
0.203805 0.353932
0.204089 0.129528
0.204131 0.828736
0.204149 0.126428
0.205401 0.179478
0.205683 0.906887
0.206869 0.84072
0.206949 0.197272
0.207296 0.0279097
0.208594 0.838655
0.208861 0.325974
0.209379 0.0245451
0.209663 0.801237
0.209689 0.23974
0.21033 0.0107574
0.211032 0.817861
0.211503 0.734546
0.211609 0.514607
0.211895 0.312257
0.211994 0.977803
0.212221 0.800327
0.214039 0.347155
0.214069 0.863445
0.214085 0.12389
0.214227 0.521428
0.21531 0.722573
0.215531 0.429541
0.217541 0.219585
0.218813 0.582936
0.219328 0.243103
0.220003 0.582721
0.221124 0.429221
0.221248 0.507279
0.222363 0.255487
0.223473 0.909623
0.224745 0.286732
0.224772 0.748292
0.225212 0.133293
0.225268 0.0718081
0.225469 0.45712
0.226243 0.474415
0.226718 0.445133
0.226915 0.765189
0.226938 0.145699
0.227344 0.973588
0.227556 0.534155
0.229219 0.486714
0.22925 4.57666e-05
0.230369 0.809785
0.233226 0.822909
0.233362 0.118383
0.233706 0.903009
0.234628 0.401099
0.235577 0.338201
0.236374 0.735066
0.236982 0.954583
0.238099 0.737673
0.239355 0.833589
0.239365 0.00879811
0.23962 0.299879
0.240214 0.270759
0.240232 0.577819
0.240258 0.0235545
0.240521 0.435514
0.24293 0.932341
0.243991 0.748711
0.244114 0.820421
0.244317 0.241022
0.245195 0.996084
0.245749 0.304619
0.245941 0.537864
0.246065 0.608534
0.246571 0.121948
0.247411 0.233651
0.247538 0.377599
0.247735 0.675201
0.247945 0.217423
0.248192 0.364491
0.248949 0.0811359
0.249006 0.0482012
0.249341 0.669288
0.249768 0.855968
0.249923 0.463574
0.25029 0.617049
0.250982 0.260761
0.251242 0.624001
0.251674 0.885518
0.251721 0.680254
0.252502 0.794369
0.253014 0.413604
0.253119 0.164527
0.253624 0.664708
0.253893 0.182918
0.25449 0.205656
0.254705 0.82183
0.255327 0.277116
0.255438 0.151398
0.25634 0.306771
0.25684 0.716972
0.256999 0.38581
0.257202 0.799493
0.258414 0.160035
0.258467 0.0535245
0.258689 0.783095
0.258834 0.225399
0.258947 0.12122
0.259071 0.205648
0.259168 0.832085
0.260072 0.033649
0.260334 0.436357
0.260531 0.737363
0.26105 0.471905
0.261599 0.702622
0.26178 0.744027
0.262007 0.554913
0.262434 0.72829
0.262511 0.0139507
0.262938 0.194371
0.262971 0.756883
0.263038 0.878112
0.263126 0.354017
0.26341 0.137055
0.263414 0.205888
0.263611 0.511801
0.264065 0.147951
0.26529 0.733799
0.2663 0.700811
0.266367 0.825179
0.266685 0.17937
0.26697 0.966408
0.267087 0.928135
0.267541 0.567469
0.267861 0.938292
0.268277 0.924101
0.268385 0.746275
0.269543 0.217828
0.269597 0.123488
0.269615 0.426916
0.269911 0.401857
0.271371 0.924525
0.272269 0.0280955
0.273232 0.211321
0.273731 0.589285
0.273782 0.454255
0.273997 0.0605053
0.274023 0.499447
0.274053 0.00892822
0.275225 0.710827
0.275492 0.192558
0.276403 0.502024
0.276913 0.0738707
0.277644 0.361897
0.277888 0.470326
0.278689 0.927181
0.279247 0.307695
0.279893 0.156451
0.279947 0.0757442
0.280348 0.81698
0.280384 0.420643
0.280802 0.446711
0.282784 0.7539
0.28281 0.189977
0.282917 0.988492
0.283261 0.775513
0.283522 0.155776
0.284138 0.514829
0.284499 0.566796
0.284952 0.191863
0.28511 0.836487
0.285233 0.906084
0.285718 0.0661619
0.285922 0.498424
0.286248 0.970379
0.286747 0.354596
0.288224 0.17962
0.288578 0.134266
0.288957 0.506856
0.289283 0.98533
0.289735 0.583976
0.291315 0.132609
0.292259 0.993388
0.293982 0.951064
0.294296 0.23445
0.295382 0.486991
0.296099 0.531249
0.297151 0.209851
0.297289 0.527982
0.298173 0.393537
0.299188 0.446413
0.29941 0.189554
0.299703 0.108615
0.299838 0.383091
0.299951 0.281658
0.301388 0.422955
0.301513 0.537077
0.301693 0.560669
0.302875 0.42851
0.302973 0.0653719
0.303655 0.532842
0.303793 0.84645
0.303915 0.892709
0.304001 0.352389
0.304426 0.485021
0.304792 0.639976
0.304903 0.500405
0.305591 0.0739228
0.30605 0.778107
0.306393 0.541625
0.306805 0.477416
0.307956 0.814809
0.308291 0.441656
0.308796 0.926364
0.309566 0.869472
0.309793 0.68676
0.309876 0.0807932
0.310754 0.83472
0.311023 0.355724
0.311439 0.347442
0.311963 0.167956
0.312258 0.115161
0.313117 0.551095
0.313275 0.214275
0.313672 0.88962
0.31483 0.339885
0.314868 0.992839
0.315128 0.355218
0.315319 0.572333
0.31584 0.323255
0.316186 0.146066
0.316411 0.917233
0.316607 0.217105
0.31663 0.593467
0.317186 0.950572
0.31764 0.583176
0.318458 0.317233
0.318912 0.950471
0.319086 0.874129
0.319661 0.546026
0.321202 0.437088
0.322031 0.376001
0.322399 0.561454
0.322449 0.401591
0.323773 0.65156
0.324202 0.860906
0.324673 0.786271
0.325221 0.986066
0.325432 0.534848
0.325485 0.421012
0.325715 0.285548
0.32575 0.886926
0.326469 0.967459
0.32693 0.712074
0.327271 0.444404
0.327509 0.447788
0.327523 0.672068
0.327626 0.413482
0.328706 0.555663
0.32891 0.988935
0.330688 0.872126
0.330786 0.513339
0.331847 0.349635
0.331955 0.17152
0.33342 0.793543
0.334398 0.223495
0.334489 0.750866
0.33486 0.986823
0.334875 0.23992
0.335052 0.217353
0.335414 0.310987
0.335639 0.0809101
0.335802 0.817768
0.33605 0.98664
0.336387 0.653229
0.337131 0.1545
0.33887 0.383367
0.339398 0.26434
0.339485 0.730688
0.339661 0.686262
0.340123 0.454105
0.340565 0.868729
0.341739 0.61487
0.342165 0.772296
0.342359 0.0256006
0.343667 0.00736745
0.343889 0.748114
0.344672 0.905187
0.344837 0.673398
0.34533 0.966469
0.345613 0.721567
0.346218 0.894227
0.346262 0.628161
0.346514 0.861006
0.34685 0.504921
0.346897 0.304769
0.349267 0.128552
0.349728 0.873715
0.350256 0.757881
0.350897 0.533414
0.351562 0.696728
0.35157 0.844482
0.352749 0.649555
0.353215 0.476918
0.353856 0.255895
0.354158 0.335154
0.354622 0.133098
0.355337 0.142106
0.356479 0.345903
0.356864 0.815594
0.357516 0.765178
0.35862 0.320811
0.358693 0.550607
0.359252 0.949725
0.359556 0.0502868
0.360691 0.135217
0.360911 0.839555
0.361298 0.332248
0.36135 0.209717
0.362006 0.231984
0.362477 0.159196
0.362652 0.0888648
0.362663 0.276565
0.363474 0.899307
0.364041 0.430338
0.364527 0.60376
0.366227 0.181223
0.366337 0.024004
0.366903 0.532448
0.367583 0.972471
0.367718 0.244529
0.36778 0.282282
0.369201 0.164361
0.369687 0.325637
0.369816 0.501704
0.370979 0.039272
0.371645 0.234909
0.373103 0.73553
0.373251 0.226374
0.373625 0.519972
0.37421 0.344656
0.374522 0.5946
0.375129 0.795208
0.375185 0.729794
0.375798 0.0378346
0.376117 0.402349
0.376517 0.124997
0.376671 0.714406
0.377512 0.83838
0.378946 0.941618
0.379408 0.717656
0.379912 0.172662
0.380106 0.441651
0.38072 0.760053
0.380881 0.472188
0.381721 0.587013
0.381934 0.156276
0.382543 0.403678
0.383171 0.950759
0.383918 0.511377
0.383935 0.790646
0.384537 0.906173
0.384538 0.938159
0.386823 0.342216
0.387658 0.3657
0.387837 0.37645
0.388028 0.581919
0.388601 0.219052
0.390695 0.407199
0.391059 0.522771
0.391102 0.256407
0.391361 0.602835
0.391698 0.273588
0.392977 0.762153
0.393216 0.784421
0.394147 0.431266
0.394227 0.773888
0.394509 0.521058
0.395388 0.285598
0.396679 0.977805
0.397173 0.279023
0.397501 0.7918
0.397663 0.525293
0.398324 0.638283
0.400093 0.355062
0.400164 0.564173
0.40068 0.230633
0.400686 0.327383
0.400881 0.610419
0.401781 0.735676
0.402403 0.192285
0.403081 0.580278
0.404307 0.192735
0.404785 0.225682
0.404994 0.738986
0.40503 0.338376
0.405775 0.852334
0.406257 0.957697
0.406488 0.83625
0.407564 0.928515
0.408145 0.690791
0.408563 0.716281
0.408655 0.26562
0.40999 0.709792
0.410105 0.63702
0.411435 0.981108
0.412245 0.595907
0.41234 0.197034
0.413626 0.804129
0.413819 0.0539583
0.415401 0.641277
0.415776 0.954942
0.41585 0.192659
0.416609 0.950862
0.416855 0.0814241
0.417131 0.720097
0.417237 0.50685
0.417663 0.670255
0.418848 0.582362
0.418964 0.5358
0.419197 0.443929
0.419952 0.128955
0.421156 0.367477
0.421559 0.143829
0.42164 0.501915
0.421972 0.0900213
0.422197 0.86511
0.422337 0.218076
0.42244 0.943892
0.423112 0.242329
0.423208 0.859859
0.423339 0.0538018
0.423701 0.150543
0.424854 0.516033
0.425389 0.519528
0.425892 0.959782
0.426038 0.421112
0.426116 0.726582
0.426432 0.0446858
0.426945 0.663397
0.427607 0.789856
0.428531 0.313021
0.428791 0.691257
0.429216 0.839847
0.429377 0.536829
0.429885 0.0839445
0.429916 0.59024
0.430337 0.673652
0.430793 0.337883
0.431004 0.884206
0.431291 0.700742
0.431783 0.973144
0.432041 0.318461
0.432415 0.600821
0.432605 0.786341
0.432933 0.305559
0.435276 0.68979
0.435952 0.0491625
0.436192 0.0825054
0.436568 0.404592
0.436764 0.687409
0.439011 0.449719
0.43955 0.51764
0.439894 0.293493
0.440248 0.240782
0.44146 0.617408
0.441639 0.632133
0.442234 0.633301
0.44227 0.224998
0.442368 0.87313
0.443065 0.601758
0.444246 0.43719
0.444445 0.790132
0.445508 0.648827
0.445703 0.928819
0.445987 0.695187
0.446002 0.956259
0.446047 0.705407
0.447059 0.713446
0.448973 0.885365
0.449111 0.216277
0.449253 0.603711
0.449477 0.367967
0.449829 0.271358
0.450353 0.0764778
0.452651 0.69781
0.453016 0.838356
0.454047 0.161782
0.454269 0.903052
0.454871 0.0248799
0.456244 0.0919216
0.457128 0.951528
0.458233 0.516091
0.458615 0.945829
0.459854 0.761388
0.460906 0.455322
0.461026 0.459334
0.461442 0.45038
0.46171 0.95768
0.461863 0.526944
0.462451 0.408142
0.463403 0.409756
0.464751 0.0731842
0.464772 0.420886
0.465844 0.442847
0.466264 0.491541
0.466615 0.403713
0.467549 0.0926176
0.46836 0.724008
0.468455 0.316745
0.469077 0.785077
0.469149 0.983443
0.470487 0.477845
0.470581 0.0546237
0.471457 0.777918
0.471945 0.979006
0.472542 0.0179292
0.473365 0.85063
0.474568 0.0709393
0.475962 0.485041
0.476445 0.611724
0.476476 0.137359
0.477205 0.377244
0.479285 0.345
0.479916 0.95204
0.480419 0.407571
0.480553 0.648049
0.480848 0.618388
0.481757 0.89759
0.482114 0.883158
0.483155 0.39163
0.483758 0.523523
0.484194 0.85161
0.484206 0.0529908
0.484314 0.866501
0.484539 0.642865
0.48464 0.342088
0.485463 0.181026
0.485756 0.108837
0.485836 0.443131
0.486768 0.107703
0.487572 0.62223
0.488627 0.350499
0.488752 0.462922
0.489391 0.19613
0.489662 0.745215
0.48992 0.0891549
0.490074 0.676326
0.490139 0.772988
0.490729 0.688184
0.490786 0.642711
0.491 0.24025
0.491116 0.191662
0.491433 0.507942
0.491611 0.498312
0.491935 0.950067
0.493232 0.754848
0.493244 0.955211
0.493696 0.556627
0.494018 0.952611
0.494557 0.0260418
0.495162 0.184669
0.495863 0.976096
0.495881 0.266016
0.496104 0.0268762
0.496182 0.324159
0.49656 0.676643
0.497123 0.148045
0.497381 0.475268
0.497887 0.989403
0.497913 0.423923
0.499068 0.834908
0.499202 0.0818816
0.499487 0.874844
0.499613 0.99489
0.499961 0.847011
0.500388 0.0282994
0.500833 0.500126
0.501007 0.42902
0.501729 0.551095
0.502183 0.188653
0.502811 0.736658
0.504817 0.454003
0.505483 0.651135
0.50646 0.0778778
0.507074 0.397697
0.507478 0.182713
0.508157 0.592706
0.508484 0.0897681
0.509048 0.573989
0.509323 0.191665
0.509366 0.908865
0.510589 0.47575
0.510632 0.192504
0.511022 0.752497
0.511483 0.494161
0.512504 0.652732
0.512893 0.198926
0.513393 0.596034
0.514324 0.241149
0.514752 0.430507
0.51506 0.617973
0.516221 0.120886
0.516443 0.856686
0.51649 0.653841
0.517023 0.606675
0.517077 0.509744
0.517401 0.953305
0.517738 0.630342
0.517751 0.845223
0.518084 0.441265
0.518415 0.00732372
0.518454 0.658736
0.518562 0.476441
0.518676 0.392571
0.519563 0.295896
0.520638 0.365433
0.5221 0.940874
0.522344 0.028986
0.523827 0.962155
0.524178 0.86139
0.526098 0.132352
0.526758 0.225236
0.527123 0.350615
0.527331 0.847444
0.528123 0.171744
0.528349 0.967752
0.52853 0.995547
0.529415 0.886045
0.529466 0.738665
0.529692 0.540566
0.529773 0.899803
0.530293 0.628506
0.530348 0.561229
0.530995 0.431273
0.531665 0.693967
0.531946 0.422377
0.532138 0.646168
0.533207 0.601785
0.533718 0.193307
0.534145 0.376419
0.534521 0.696838
0.534833 0.936749
0.535319 0.104504
0.535878 0.498229
0.53599 0.381191
0.536965 0.768732
0.537034 0.93749
0.537093 0.930156
0.537964 0.557656
0.538449 0.712263
0.538694 0.833911
0.538859 0.605494
0.538945 0.0422903
0.539056 0.916361
0.539931 0.625639
0.541152 0.140822
0.541254 0.861653
0.541823 0.414684
0.542362 0.481791
0.542537 0.425907
0.542718 0.465222
0.543468 0.0688074
0.544102 0.716786
0.544837 0.0765329
0.545543 0.941684
0.545962 0.986927
0.546196 0.914246
0.546232 0.512533
0.546458 0.324037
0.546699 0.367234
0.547251 0.651984
0.547433 0.702672
0.547637 0.133697
0.547648 0.316067
0.547853 0.76824
0.54836 0.281279
0.548488 0.430877
0.54985 0.325574
0.550229 0.704191
0.550351 0.746779
0.551542 0.761005
0.551781 0.785598
0.55197 0.953101
0.553325 0.732352
0.554466 0.913006
0.554987 0.665407
0.555094 0.4572
0.555874 0.568833
0.55588 0.681737
0.55645 0.258653
0.55684 0.802461
0.557179 0.507774
0.557247 0.65483
0.557534 0.473729
0.557931 0.148644
0.558564 0.784727
0.560508 0.452673
0.561469 0.614924
0.562135 0.803345
0.562937 0.282427
0.563405 0.144398
0.564391 0.71236
0.565915 0.339642
0.565949 0.900487
0.566078 0.0697065
0.566687 0.303827
0.566738 0.167772
0.567485 0.71982
0.568269 0.897485
0.568347 0.199316
0.568997 0.130046
0.569033 0.743617
0.569549 0.407032
0.570711 0.94068
0.570891 0.971887
0.571632 0.411932
0.573145 0.850121
0.573672 0.696987
0.574045 0.97098
0.574888 0.138352
0.575674 0.358224
0.576026 0.262907
0.576173 0.734686
0.57802 0.775678
0.578388 0.965037
0.578785 0.644397
0.580236 0.0221678
0.581809 0.465388
0.583318 0.819568
0.584539 0.351125
0.584569 0.853914
0.584761 0.0766173
0.585041 0.785071
0.585745 0.624254
0.586518 0.613296
0.586587 0.772866
0.586634 0.555425
0.587111 0.5824
0.587999 0.491774
0.588232 0.413482
0.588303 0.613514
0.58905 0.155365
0.589972 0.65286
0.59002 0.463249
0.590304 0.24509
0.591186 0.0698848
0.591898 0.0219873
0.592759 0.505732
0.594807 0.920595
0.596811 0.60283
0.596817 0.698445
0.598077 0.885311
0.59834 0.301661
0.598637 0.291081
0.598755 0.276341
0.598812 0.225155
0.600625 0.701084
0.60093 0.823725
0.601047 0.793504
0.60154 0.0833982
0.603129 0.793302
0.603228 0.445949
0.605228 0.0682427
0.60595 0.202793
0.606398 0.730399
0.606441 0.451614
0.606768 0.94805
0.608152 0.211479
0.608287 0.48111
0.608301 0.714297
0.608788 0.893933
0.608905 0.862147
0.609062 0.504369
0.609241 0.512449
0.609327 0.953636
0.609487 0.642941
0.609772 0.445788
0.60996 0.605974
0.609961 0.613863
0.610415 0.244511
0.61067 0.534926
0.610674 0.602898
0.611597 0.110442
0.611625 0.589267
0.611834 0.0977893
0.612616 0.231595
0.612723 0.0399405
0.614417 0.501933
0.615419 0.352928
0.615444 0.761864
0.615502 0.739706
0.615886 0.193447
0.61609 0.631282
0.616287 0.935692
0.617374 0.197296
0.617795 0.278572
0.61834 0.436472
0.619616 0.889936
0.620661 0.447331
0.620797 0.735832
0.621409 0.0251985
0.622711 0.902358
0.622754 0.628872
0.622821 0.751565
0.623069 0.918879
0.623819 0.522472
0.623942 0.586575
0.62401 0.728748
0.624399 0.274387
0.624779 0.653003
0.624791 0.869558
0.626579 0.913198
0.627558 0.363983
0.627593 0.959382
0.627908 0.256864
0.628052 0.666658
0.628707 0.677827
0.629039 0.260047
0.629485 0.752771
0.629794 0.948283
0.631039 0.869835
0.633562 0.269574
0.634167 0.437514
0.634259 0.99817
0.634587 0.499224
0.634685 0.144068
0.634904 0.833176
0.635683 0.925776
0.636181 0.290654
0.636369 0.449901
0.636761 0.0439776
0.637619 0.464853
0.638614 0.189883
0.639458 0.365222
0.639743 0.154185
0.640658 0.533909
0.641351 0.179382
0.642048 0.894901
0.642499 0.487888
0.643527 0.75188
0.644271 0.263255
0.644287 0.538845
0.644473 0.655195
0.646071 0.508705
0.646341 0.0539705
0.646807 0.886593
0.647142 0.519998
0.647935 0.841379
0.648723 0.0901147
0.648962 0.10811
0.648998 0.702351
0.650149 0.0534477
0.650677 0.934099
0.651528 0.233189
0.651608 0.574277
0.652186 0.290456
0.652427 0.341588
0.652528 0.0353786
0.653334 0.580922
0.654983 0.29707
0.654984 0.323311
0.655562 0.03618
0.656346 0.203295
0.657459 0.920746
0.657635 0.877689
0.658034 0.579589
0.658696 0.699787
0.659133 0.0420723
0.660209 0.141013
0.660252 0.859998
0.660467 0.471421
0.660929 0.231924
0.661079 0.761211
0.66117 0.28668
0.661567 0.950403
0.661579 0.154233
0.663652 0.00485926
0.664115 0.788465
0.664221 0.567109
0.664608 0.0726928
0.666381 0.867868
0.666453 0.0728162
0.666667 0.667976
0.667471 0.183819
0.667522 0.0391703
0.667745 0.783673
0.667786 0.478537
0.668774 0.0775231
0.668826 0.962232
0.669549 0.101462
0.670937 0.435305
0.671485 0.653766
0.672589 0.206511
0.672791 0.592864
0.674236 0.883026
0.674601 0.0202377
0.674684 0.413668
0.675041 0.422285
0.675402 0.472765
0.675746 0.255724
0.676064 0.613288
0.67653 0.444729
0.676714 0.526346
0.676932 0.194902
0.677044 0.0747803
0.677323 0.771291
0.677427 0.510145
0.677476 0.334974
0.677516 0.00333847
0.677521 0.0944765
0.678514 0.789296
0.6786 0.226327
0.679134 0.199009
0.680232 0.657837
0.680245 0.86893
0.680355 0.734705
0.681283 0.319049
0.682327 0.862153
0.682815 0.0705355
0.683735 0.531199
0.68405 0.831624
0.687441 0.825342
0.68775 0.0212763
0.689514 0.661169
0.689967 0.273197
0.690757 0.560948
0.691183 0.718288
0.691238 0.638168
0.691686 0.159301
0.69226 0.81816
0.692842 0.593459
0.693399 0.952717
0.693769 0.179275
0.693811 0.888453
0.696471 0.583166
0.696679 0.0888624
0.697471 0.397322
0.698611 0.558684
0.699555 0.422265
0.699801 0.548389
0.699941 0.907703
0.700003 0.943265
0.700041 0.594278
0.7017 0.467501
0.702085 0.945543
0.702113 0.410093
0.702603 0.653428
0.705534 0.913582
0.705581 0.704178
0.705678 0.324002
0.706195 0.012978
0.706407 0.578742
0.706473 0.687293
0.706983 0.266394
0.707618 0.928578
0.70766 0.633468
0.708026 0.793102
0.708045 0.118679
0.70971 0.0942004
0.710401 0.712093
0.710415 0.947745
0.711661 0.892847
0.711823 0.612307
0.712247 0.737214
0.712825 0.455945
0.713971 0.714879
0.714315 0.496891
0.714472 0.13498
0.714751 0.822842
0.716512 0.410736
0.717213 0.19123
0.71727 0.162623
0.71741 0.506941
0.717826 0.495341
0.718179 0.431447
0.718941 0.242618
0.719027 0.687421
0.720418 0.0721193
0.721378 0.19534
0.721799 0.276287
0.72241 0.544413
0.722468 0.520267
0.722789 0.918333
0.723478 0.497509
0.723673 0.768305
0.724055 0.191367
0.725535 0.0632871
0.727804 0.199236
0.72787 0.306831
0.72947 0.200443
0.730065 0.199186
0.730305 0.234861
0.730663 0.246655
0.732293 0.654459
0.732466 0.561251
0.732575 0.391455
0.732647 0.593789
0.732687 0.273173
0.732788 0.971526
0.73306 0.539833
0.733075 0.799692
0.733329 0.063615
0.733627 0.0645084
0.733694 0.197195
0.733838 0.607717
0.734268 0.846107
0.734664 0.505768
0.734802 0.823132
0.735117 0.119597
0.735217 0.796177
0.736097 0.587146
0.736476 0.944983
0.736855 0.32889
0.737035 0.350471
0.737232 0.654428
0.739499 0.765457
0.739609 0.603331
0.740386 0.664477
0.740566 0.69102
0.740841 0.31516
0.741441 0.399594
0.742568 0.334383
0.74386 0.0517121
0.743924 0.135711
0.74427 0.945859
0.745158 0.875441
0.745266 0.692654
0.745517 0.896956
0.746058 0.992723
0.746282 0.763687
0.746748 0.59184
0.747042 0.540931
0.748453 0.245759
0.750717 0.300345
0.750817 0.987201
0.751703 0.87107
0.751725 0.244583
0.752142 0.247125
0.753261 0.0646596
0.754129 0.642885
0.75489 0.430084
0.755301 0.338279
0.755568 0.83193
0.755852 0.604763
0.755968 0.546298
0.756078 0.400122
0.75692 0.552091
0.757947 0.81145
0.758406 0.524016
0.758997 0.456501
0.758998 0.475409
0.759204 0.940855
0.759595 0.521016
0.761484 0.254384
0.761782 0.268129
0.762473 0.887039
0.762686 0.469489
0.763845 0.946904
0.765208 0.846774
0.76565 0.277481
0.767065 0.0632184
0.767553 0.266286
0.767663 0.116135
0.768533 0.732365
0.768731 0.065365
0.769207 0.0599699
0.76931 0.791257
0.76946 0.309375
0.769907 0.832997
0.771044 0.937274
0.771313 0.454709
0.771972 0.531033
0.772355 0.963831
0.772847 0.2388
0.772848 0.262788
0.773786 0.0273653
0.773888 0.727691
0.775746 0.95823
0.776479 0.274815
0.77771 0.978128
0.77782 0.822733
0.77793 0.670257
0.778058 0.829107
0.77814 0.192421
0.778897 0.929986
0.778989 0.470066
0.779256 0.954459
0.779693 0.292791
0.781131 0.470496
0.781533 0.218752
0.781788 0.517886
0.78183 0.220498
0.784009 0.841105
0.784458 0.384958
0.784537 0.716599
0.785543 0.628272
0.785876 0.222005
0.786156 0.916527
0.787099 0.777455
0.787249 0.296341
0.78921 0.256813
0.789362 0.814306
0.790695 0.206386
0.790916 0.920703
0.791023 0.730621
0.791156 0.963876
0.791687 0.875676
0.791861 0.815902
0.791951 0.318534
0.792544 0.292334
0.792636 0.833549
0.793115 0.879996
0.794919 0.211364
0.79512 0.58928
0.795636 0.258377
0.79608 0.715326
0.796192 0.591291
0.796215 0.988784
0.798214 0.57942
0.799485 0.950331
0.799594 0.77213
0.800063 0.652548
0.800064 0.678266
0.801097 0.0452841
0.801309 0.593807
0.802277 0.866112
0.802358 0.228503
0.803022 0.396278
0.803382 0.443377
0.803803 0.521107
0.804072 0.031882
0.804272 0.402926
0.804514 0.474102
0.805288 0.477818
0.805621 0.0648592
0.809303 0.950559
0.810104 0.421737
0.811432 0.731209
0.811741 0.936582
0.811811 0.111437
0.812712 0.245037
0.81278 0.39909
0.812807 0.853771
0.812869 0.884652
0.813001 0.101315
0.813033 0.643941
0.813294 0.0322408
0.813885 0.973178
0.814098 0.539122
0.815892 0.688636
0.816537 0.544546
0.816905 0.72766
0.817088 0.794203
0.817361 0.392493
0.817753 0.978899
0.818492 0.390276
0.818722 0.253208
0.819065 0.0206627
0.81952 0.67086
0.820738 0.141394
0.820922 0.231503
0.821123 0.60585
0.821273 0.130566
0.821273 0.13246
0.821324 0.988493
0.822757 0.0813917
0.823125 0.25761
0.823473 0.11528
0.823645 0.998686
0.823721 0.285568
0.82426 0.338283
0.824534 0.948632
0.824659 0.0365591
0.824713 0.9582
0.825629 0.352864
0.826327 0.0781741
0.826391 0.159833
0.826461 0.323872
0.826627 0.128068
0.827112 0.268314
0.828278 0.867343
0.829549 0.232893
0.83036 0.856825
0.830662 0.931498
0.831127 0.74979
0.831145 0.058916
0.831305 0.743251
0.831947 0.526462
0.832364 0.539992
0.832577 0.129799
0.832636 0.116602
0.832642 0.22074
0.833372 0.4771
0.833828 0.149611
0.835576 0.525802
0.835829 0.775153
0.836275 0.274035
0.837091 0.982453
0.837328 0.974551
0.838685 0.771677
0.839541 0.158093
0.839994 0.783028
0.840433 0.161431
0.841629 0.251251
0.842954 0.525474
0.844553 0.397931
0.845478 0.95259
0.84595 0.87664
0.846538 0.760029
0.847161 0.228628
0.848055 0.257652
0.848126 0.445765
0.848231 0.221779
0.848387 0.835959
0.848778 0.412606
0.851601 0.85932
0.851674 0.089625
0.851675 0.108119
0.852512 0.17345
0.852797 0.953953
0.853069 0.533514
0.8532 0.737967
0.853429 0.576966
0.854289 0.0280125
0.854841 0.312544
0.855791 0.272741
0.856264 0.220951
0.856343 0.560059
0.857121 0.628976
0.857696 0.304263
0.857704 0.428647
0.857772 0.577488
0.85795 0.563083
0.858346 0.223574
0.858589 0.30508
0.859549 0.437489
0.8597 0.975761
0.860088 0.49234
0.860791 0.318485
0.86193 0.45161
0.862005 0.725649
0.86432 0.631313
0.86451 0.82736
0.865526 0.90294
0.865574 0.695916
0.86585 0.33311
0.865902 0.21234
0.866281 0.588639
0.866518 0.570579
0.866619 0.266756
0.866624 0.353817
0.866872 0.517876
0.866976 0.272587
0.867149 0.179097
0.867163 0.414663
0.868187 0.62002
0.868541 0.564515
0.868744 0.977462
0.868763 0.299282
0.869465 0.0916406
0.869801 0.740855
0.8704 0.805699
0.870475 0.0762315
0.870691 0.697156
0.870881 0.896889
0.871002 0.931095
0.871323 0.326759
0.871744 0.395121
0.871999 0.690576
0.872416 0.703301
0.872593 0.668383
0.87407 0.497798
0.874472 0.250468
0.874549 0.545685
0.874743 0.813507
0.875282 0.871121
0.876479 0.974684
0.876593 0.906044
0.876994 0.634522
0.877367 0.911325
0.877494 0.0449111
0.878138 0.86579
0.879373 0.623333
0.879375 0.651711
0.879588 0.241283
0.880211 0.706196
0.880314 0.430736
0.881716 0.0054507
0.881983 0.488747
0.882365 0.911496
0.882552 0.046685
0.883073 0.808407
0.884249 0.572322
0.884267 0.876963
0.885646 0.0595298
0.885772 0.167163
0.887728 0.0441361
0.889596 0.444359
0.889669 0.663269
0.88988 0.217818
0.891705 0.892177
0.891989 0.662819
0.893359 0.681924
0.893603 0.78046
0.893885 0.520078
0.894248 0.621516
0.894258 0.802297
0.895899 0.370401
0.896081 0.438698
0.896435 0.387341
0.896551 0.338196
0.896681 0.524696
0.896763 0.89507
0.897091 0.401703
0.897095 0.479576
0.898602 0.81034
0.898722 0.814243
0.898877 0.425018
0.899102 0.204035
0.899554 0.807674
0.899599 0.563529
0.90016 0.996996
0.900183 0.37544
0.900847 0.541931
0.901259 0.453187
0.902379 0.283635
0.90419 0.717481
0.90532 0.721408
0.905659 0.41276
0.905982 0.845825
0.908773 0.743457
0.909108 0.379335
0.909171 0.431465
0.90995 0.530929
0.910573 0.0042154
0.910695 0.0549433
0.911046 0.94312
0.911269 0.698799
0.911455 0.829636
0.911764 0.0218061
0.91215 0.510101
0.912401 0.731277
0.912742 0.4551
0.912841 0.115245
0.913487 0.969566
0.914051 0.451776
0.914409 0.478002
0.914825 0.465627
0.914956 0.66468
0.916488 0.420228
0.918507 0.349629
0.920466 0.275149
0.920559 0.82718
0.920583 0.243136
0.920626 0.963765
0.922321 0.450004
0.923452 0.451888
0.924527 0.528187
0.924808 0.249272
0.925224 0.237054
0.925483 0.597312
0.925487 0.667906
0.926401 0.0283763
0.926518 0.987544
0.927993 0.770791
0.928117 0.869932
0.92979 0.975003
0.92993 0.340985
0.930014 0.744246
0.930016 0.782712
0.930029 0.00226524
0.930067 0.643041
0.93018 0.543464
0.93062 0.934977
0.93102 0.654729
0.931315 0.611356
0.931807 0.877739
0.931812 0.971202
0.932861 0.598933
0.933132 0.154529
0.933559 0.318756
0.934063 0.79894
0.934081 0.0991442
0.935764 0.384668
0.93666 0.444269
0.938323 0.399333
0.938495 0.286371
0.939065 0.867122
0.939275 0.389693
0.939319 0.139428
0.939411 0.673099
0.940269 0.0977546
0.941175 0.32466
0.943314 0.271973
0.94409 0.327523
0.944122 0.866736
0.944316 0.111212
0.944433 0.0864626
0.945758 0.348813
0.945968 0.891481
0.946065 0.518654
0.946453 0.0316879
0.947433 0.503918
0.948391 0.608105
0.948641 0.804134
0.948966 0.273632
0.94904 0.520286
0.950132 0.862885
0.951197 0.764946
0.951523 0.24695
0.952055 0.181611
0.952178 0.249893
0.952977 0.678472
0.953144 0.489907
0.953495 0.397595
0.953705 0.915751
0.954151 0.415698
0.954219 0.557354
0.95483 0.824886
0.954885 0.744648
0.955615 0.0236034
0.955931 0.33889
0.957397 0.968889
0.957517 0.994971
0.957685 0.814022
0.958008 0.233407
0.95863 0.691471
0.959155 0.525689
0.960153 0.294663
0.960891 0.697745
0.961039 0.175002
0.961058 0.496118
0.961453 0.145017
0.962117 0.308825
0.962131 0.528292
0.962958 0.442934
0.963517 0.836526
0.963863 0.637196
0.964055 0.880287
0.964326 0.431924
0.964755 0.638241
0.965723 0.911657
0.967951 0.356585
0.968664 0.331728
0.969008 0.115274
0.969568 0.530694
0.969655 0.994772
0.969673 0.300776
0.969702 0.775868
0.969832 0.97233
0.970337 0.446238
0.970632 0.40771
0.970945 0.665746
0.971677 0.982824
0.972283 0.168569
0.972418 0.426657
0.972504 0.872132
0.972964 0.606706
0.9736 0.291555
0.974102 0.725446
0.974733 0.328971
0.975006 0.925367
0.975778 0.896048
0.975991 0.476885
0.976136 0.91548
0.97703 0.949388
0.977657 0.479705
0.978156 0.873932
0.978308 0.41895
0.979041 0.738845
0.979419 0.103115
0.979923 0.560157
0.979943 0.907851
0.979945 0.928489
0.980367 0.0204478
0.980593 0.820847
0.981236 0.6402
0.981574 0.322543
0.982879 0.242935
0.983119 0.280426
0.984343 0.855145
0.984447 0.603501
0.985349 0.765534
0.986398 0.39303
0.98727 0.0542219
0.987295 0.474388
0.988365 0.454212
0.989699 0.873113
0.99021 0.453341
0.990238 0.935892
0.990285 0.718169
0.991482 0.837964
0.991739 0.163966
0.991889 0.682852
0.991894 0.759096
0.992426 0.697099
0.992947 0.453171
0.993521 0.107342
0.993907 0.596451
0.994195 0.432802
0.994483 0.275251
0.994691 0.772002
0.994973 0.506353
0.995157 0.607857
0.996218 0.436092
0.996281 0.488574
0.996616 0.132552
0.997141 0.953982
0.99734 0.2903
0.999226 0.993686
0.999363 0.289473
0.999436 0.528395
