0.000426928 0.17538
0.000766914 0.889537
0.00656852 0.397153
0.00671125 0.796013
0.00697536 0.234871
0.0080074 0.580399
0.00819724 0.771061
0.00907637 0.546549
0.0136076 0.702217
0.0181405 0.886843
0.0204441 0.603461
0.0209755 0.535234
0.0214372 0.29486
0.0215436 0.082998
0.0233131 0.822724
0.0288681 0.185924
0.0294895 0.630269
0.0314348 0.324449
0.0351459 0.696347
0.0415645 0.57423
0.0418278 0.999079
0.0420265 0.338834
0.0480316 0.267371
0.0548045 0.0989221
0.0638121 0.490753
0.0638229 0.671879
0.0692456 0.810841
0.0700058 0.587726
0.0706549 0.496917
0.0714084 0.161587
0.0715226 0.081153
0.0726002 0.191371
0.0743276 0.224439
0.0755494 0.758186
0.0757388 0.942392
0.0799732 0.108796
0.0806831 0.0405734
0.0829473 0.0955504
0.085871 0.233488
0.0871522 0.767407
0.0879958 0.944835
0.0911888 0.609991
0.0915819 0.216785
0.09168 0.865081
0.100149 0.207782
0.109444 0.425752
0.111468 0.447981
0.112478 0.416082
0.112618 0.775356
0.118235 0.183213
0.119666 0.233834
0.119862 0.51248
0.125485 0.0266185
0.128652 0.248199
0.130921 0.386824
0.132106 0.301968
0.133421 0.405912
0.134294 0.0809572
0.14134 0.508747
0.142442 0.0286292
0.146406 0.653078
0.146798 0.234687
0.147843 0.797615
0.150129 0.215572
0.150816 0.764561
0.15131 0.0636119
0.152885 0.546026
0.155019 0.40004
0.16294 0.525415
0.16445 0.910722
0.165433 0.438135
0.165884 0.0144205
0.166168 0.792043
0.168942 0.416104
0.170269 0.714604
0.174881 0.231872
0.174956 0.481016
0.176752 0.665131
0.177464 0.63323
0.182505 0.353912
0.184882 0.314399
0.193315 0.0442876
0.196492 0.435528
0.198303 0.873257
0.2015 0.616504
0.203546 0.996821
0.215205 0.952734
0.216607 0.513807
0.216981 0.802647
0.219 0.730968
0.219865 0.269388
0.22211 0.997481
0.233396 0.686296
0.233827 0.937044
0.246204 0.952116
0.246849 0.787224
0.256005 0.679322
0.258511 0.789508
0.260954 0.849459
0.261989 0.25413
0.262156 0.0492007
0.262637 0.133457
0.268578 0.98219
0.270711 0.839053
0.273013 0.531652
0.278051 0.205313
0.278985 0.900885
0.281819 0.535017
0.282752 0.215954
0.289255 0.510692
0.289317 0.546677
0.289318 0.560154
0.297992 0.353611
0.299006 0.389456
0.306613 0.243772
0.312393 0.391539
0.313962 0.760995
0.31588 0.999915
0.332663 0.0680079
0.334012 0.732774
0.339252 0.811634
0.341601 0.290086
0.342917 0.414121
0.344618 0.9934
0.348033 0.392923
0.350293 0.382566
0.351607 0.463297
0.351817 0.983927
0.35201 0.233239
0.356953 0.310447
0.358274 0.510123
0.358484 0.0472975
0.359171 0.593117
0.359508 0.254642
0.360679 0.932256
0.361695 0.0105361
0.364106 0.535171
0.364234 0.677593
0.365618 0.941029
0.36606 0.372871
0.367044 0.908588
0.368795 0.343109
0.368799 0.408741
0.371557 0.761587
0.376985 0.987625
0.37754 0.315077
0.380168 0.492082
0.380327 0.153799
0.386869 0.109192
0.387365 0.438797
0.390577 0.425257
0.393994 0.855757
0.397107 0.184858
0.405378 0.19495
0.412581 0.246319
0.414372 0.355387
0.415182 0.969074
0.416501 0.138619
0.420205 0.384739
0.420727 0.152472
0.422438 0.909167
0.422701 0.337726
0.424901 0.317555
0.427125 0.681472
0.427377 0.927754
0.427704 0.421607
0.428584 0.210096
0.431725 0.00745562
0.436946 0.749703
0.443405 0.303644
0.447395 0.369947
0.449986 0.911224
0.450191 0.36252
0.451075 0.218025
0.451161 0.662358
0.451349 0.830269
0.453136 0.858224
0.455442 0.612652
0.455838 0.273503
0.459194 0.680815
0.462922 0.329507
0.470399 0.988667
0.477786 0.156841
0.479636 0.236292
0.482317 0.304095
0.482895 0.0112662
0.483391 0.352078
0.484286 0.392497
0.48576 0.163136
0.487285 0.798362
0.490117 0.397533
0.49373 0.117895
0.494271 0.206642
0.496468 0.136101
0.500171 0.38129
0.501547 0.499837
0.501996 0.0401833
0.506016 0.612922
0.508379 0.326432
0.514523 0.59406
0.515346 0.417338
0.515496 0.949512
0.518386 0.516266
0.522645 0.100176
0.524202 0.270498
0.524713 0.847134
0.526411 0.393315
0.528043 0.815082
0.535007 0.86331
0.537798 0.767195
0.538484 0.307591
0.542083 0.786713
0.559608 0.338162
0.561872 0.375608
0.573499 0.792824
0.574591 0.154183
0.575581 0.78377
0.576092 0.372005
0.580018 0.356633
0.581591 0.80649
0.583867 0.0551302
0.588134 0.761711
0.588291 0.413222
0.590207 0.607493
0.594652 0.320307
0.597568 0.320203
0.598801 0.0469489
0.599924 0.917037
0.605147 0.704764
0.606463 0.8271
0.609023 0.841749
0.611694 0.740143
0.613847 0.924156
0.614712 0.460744
0.617715 0.930292
0.630616 0.761895
0.631918 0.649933
0.635817 0.182353
0.636934 0.946347
0.640219 0.158096
0.643601 0.0034338
0.644919 0.154681
0.647158 0.779622
0.647346 0.952769
0.651835 0.389639
0.65267 0.431093
0.656687 0.942755
0.65682 0.181637
0.657527 0.0493786
0.660715 0.631857
0.660926 0.184919
0.660934 0.317889
0.669539 0.938815
0.672175 0.242459
0.67438 0.307025
0.684758 0.735453
0.685678 0.182248
0.686324 0.046775
0.690183 0.904351
0.692571 0.0351472
0.693572 0.861317
0.694151 0.592812
0.696958 0.772671
0.698717 0.335583
0.700885 0.779353
0.70276 0.285037
0.703144 0.748991
0.705832 0.918842
0.707122 0.59603
0.711929 0.385128
0.712825 0.452579
0.717533 0.574723
0.719563 0.702256
0.719834 0.246449
0.72892 0.962925
0.734043 0.0576041
0.735957 0.231299
0.752541 0.962166
0.755155 0.896382
0.756446 0.583329
0.757102 0.621429
0.757541 0.999551
0.761992 0.79761
0.765927 0.929945
0.766843 0.336599
0.767603 0.0971103
0.774349 0.481134
0.775988 0.0385551
0.776305 0.360126
0.779915 0.0298276
0.781785 0.464291
0.788298 0.922514
0.789302 0.804259
0.796645 0.214754
0.801778 0.490034
0.808946 0.95502
0.811093 0.0479815
0.81163 0.0657824
0.823417 0.167412
0.823587 0.0328028
0.827987 0.972661
0.832936 0.153591
0.837656 0.479588
0.839871 0.703882
0.839884 0.933148
0.843837 0.362235
0.847311 0.753164
0.847658 0.584208
0.850013 0.165672
0.853612 0.65928
0.856151 0.330398
0.85878 0.520341
0.860484 0.160853
0.864412 0.17994
0.869131 0.479226
0.871466 0.721174
0.87232 0.0756819
0.875594 0.104332
0.876016 0.194741
0.882822 0.596482
0.883327 0.0776837
0.883844 0.771348
0.890944 0.090123
0.900783 0.459584
0.90418 0.557753
0.904215 0.134533
0.90649 0.379464
0.915593 0.365589
0.916836 0.268921
0.916911 0.522846
0.923105 0.618731
0.927055 0.011762
0.928135 0.161958
0.928395 0.541351
0.931046 0.0964645
0.931977 0.745298
0.938405 0.776523
0.942763 0.0201868
0.943891 0.973884
0.947247 0.38385
0.954132 0.0983156
0.956504 0.970795
0.967585 0.207837
0.981089 0.165384
0.985454 0.519094
0.985585 0.728478
0.986281 0.430129
0.9921 0.228925
0.993771 0.314078
0.99502 0.296848
