0.000440265 0.399543
0.000557477 0.369526
0.00109469 0.398503
0.00171415 0.809679
0.00209153 0.152404
0.00282186 0.427046
0.00336068 0.482907
0.00399549 0.152283
0.00539287 0.637989
0.00787186 0.302323
0.00851062 0.0379725
0.00912692 0.396188
0.0107629 0.892861
0.0116414 0.656531
0.0117717 0.846694
0.0124052 0.494563
0.0127178 0.748632
0.0130353 0.0846817
0.0131599 0.178611
0.0132092 0.00691491
0.0144308 0.537931
0.0146075 0.508915
0.0156936 0.761675
0.0157607 0.889463
0.0160021 0.94738
0.0161855 0.0293966
0.0172405 0.760537
0.018391 0.098212
0.0191352 0.604633
0.0215135 0.577884
0.0218975 0.0319621
0.0221699 0.609973
0.0223554 0.727357
0.0255995 0.251574
0.0256109 0.442585
0.0262221 0.714256
0.0294855 0.562853
0.0316783 0.416975
0.0325487 0.0461419
0.0330051 0.716117
0.0335138 0.266715
0.033813 0.295321
0.0378424 0.0172233
0.0378756 0.575236
0.0382533 0.923955
0.0382675 0.161165
0.0392738 0.0745981
0.0393306 0.028836
0.0400375 0.909781
0.0409502 0.249919
0.0409802 0.75443
0.0425548 0.218421
0.0427066 0.770436
0.0438677 0.28429
0.0451951 0.594749
0.0460463 0.900319
0.0467718 0.0933011
0.0480377 0.369865
0.048317 0.0636439
0.048861 0.207575
0.0490913 0.0780116
0.0499997 0.345121
0.0502102 0.882406
0.0512677 0.656873
0.0530769 0.0638904
0.0563868 0.693246
0.0564824 0.300344
0.0572416 0.0598848
0.0579538 0.0303479
0.0581231 0.874388
0.0582451 0.925045
0.0597245 0.790062
0.0601706 0.286644
0.0606788 0.828132
0.0608614 0.898237
0.061079 0.553996
0.061182 0.285158
0.0616191 0.632796
0.0619217 0.71722
0.0626952 0.718181
0.0637907 0.130607
0.0649355 0.370554
0.0655116 0.0540584
0.0671304 0.260349
0.0673252 0.535403
0.0674759 0.0674058
0.0675459 0.243349
0.0678114 0.706242
0.0683791 0.248277
0.0691539 0.27033
0.0694719 0.613964
0.0704363 0.822116
0.0710298 0.798733
0.0714369 0.640765
0.0728668 0.67268
0.0737396 0.340814
0.0749197 0.176098
0.0752302 0.393648
0.0758079 0.103105
0.0771202 0.158964
0.0777004 0.911348
0.0782424 0.0193241
0.0792657 0.21835
0.079657 0.795615
0.081807 0.930611
0.0847953 0.153769
0.0868124 0.0553936
0.089488 0.0252339
0.0902324 0.536523
0.0911502 0.96149
0.0915501 0.682737
0.0952359 0.629929
0.0953444 0.454123
0.095656 0.690527
0.0963944 0.100582
0.0977856 0.482236
0.0980246 0.498971
0.0982899 0.95824
0.100566 0.207836
0.100627 0.243898
0.101776 0.550158
0.103051 0.969765
0.103631 0.725099
0.104848 0.172796
0.105054 0.650889
0.105148 0.222518
0.10627 0.0798809
0.106624 0.0319443
0.106821 0.348822
0.107623 0.817158
0.107649 0.261501
0.108526 0.000870446
0.108948 0.0919601
0.110151 0.303355
0.110456 0.430191
0.11077 0.709155
0.111791 0.874738
0.112405 0.186121
0.114048 0.804196
0.114584 0.811932
0.117283 0.17497
0.11907 0.21263
0.119381 0.444737
0.121977 0.0593793
0.12305 0.0949342
0.123198 0.596571
0.124096 0.689786
0.125389 0.409096
0.126808 0.265294
0.127279 0.179639
0.128243 0.384403
0.128269 0.819471
0.129207 0.58836
0.130647 0.790961
0.131921 0.195925
0.132331 0.0934447
0.132459 0.234888
0.133238 0.323473
0.133584 0.146331
0.13432 0.51147
0.135008 0.0820292
0.135311 0.166579
0.135328 0.458761
0.137233 0.467241
0.138934 0.0574768
0.139114 0.0958925
0.140363 0.0868644
0.141057 0.746417
0.141069 0.940073
0.143252 0.641878
0.146302 0.895714
0.146614 0.135249
0.147057 0.579793
0.147505 0.110365
0.148039 0.0878602
0.148714 0.429921
0.149101 0.937774
0.150179 0.0504731
0.150294 0.996664
0.150838 0.129348
0.150911 0.358394
0.151969 0.144162
0.15336 0.519977
0.158602 0.619389
0.160131 0.314932
0.161399 0.638196
0.16173 0.194371
0.164027 0.797358
0.164725 0.536239
0.16493 0.980624
0.165582 0.931342
0.167044 0.504256
0.167282 0.502255
0.168168 0.399404
0.171501 0.413981
0.17174 0.427625
0.172946 0.701999
0.173708 0.516168
0.17469 0.021621
0.174898 0.513003
0.175504 0.701551
0.175572 0.845876
0.176926 0.587755
0.177078 0.150695
0.177583 0.6316
0.18093 0.888129
0.181852 0.380544
0.182451 0.4488
0.183852 0.999926
0.186627 0.637378
0.18703 0.419428
0.187168 0.730453
0.187695 0.590146
0.188552 0.995361
0.188648 0.609949
0.188946 0.623685
0.189408 0.37615
0.190763 0.146432
0.192484 0.0838762
0.193294 0.693979
0.194543 0.685108
0.195438 0.725574
0.19564 0.125896
0.195858 0.792042
0.197651 0.923368
0.197871 0.609525
0.198268 0.296297
0.199168 0.418086
0.199887 0.492351
0.201106 0.991404
0.202114 0.937779
0.203063 0.87326
0.204287 0.444645
0.206804 0.751149
0.206856 0.629823
0.207048 0.854365
0.20882 0.63478
0.209118 0.643524
0.209624 0.156586
0.211072 0.484433
0.213926 0.455936
0.21423 0.560975
0.214465 0.513205
0.214629 0.27132
0.215478 0.543025
0.215762 0.307131
0.216032 0.848977
0.217029 0.610282
0.217427 0.287857
0.218883 0.773389
0.222275 0.771584
0.222751 0.770431
0.224456 0.433006
0.225931 0.218413
0.227899 0.290521
0.2319 0.538684
0.235216 0.279307
0.236862 0.940044
0.238006 0.170193
0.238114 0.978812
0.238126 0.18589
0.239426 0.0286523
0.240082 0.0571492
0.240257 0.995669
0.242939 0.0680193
0.243117 0.0753173
0.244094 0.491041
0.244742 0.372222
0.244933 0.591372
0.245014 0.944074
0.24541 0.602678
0.245934 0.412533
0.245942 0.550692
0.245945 0.602596
0.245954 0.74513
0.246827 0.420175
0.247341 0.054648
0.248054 0.0397777
0.249319 0.305518
0.249658 0.000633703
0.250372 0.00889033
0.252352 0.276188
0.25241 0.255274
0.252678 0.764789
0.252679 0.77541
0.254826 0.860278
0.254991 0.641496
0.254997 0.735913
0.259074 0.261896
0.260026 0.262509
0.263192 0.465494
0.263766 0.121567
0.264334 0.668681
0.267283 0.218434
0.267433 0.749286
0.268216 0.90521
0.269414 0.0356722
0.27036 0.942048
0.271521 0.456732
0.272085 0.931006
0.272748 0.0764754
0.272865 0.0491039
0.274807 0.674694
0.276508 0.27382
0.277111 0.402457
0.277365 0.67182
0.277997 0.290332
0.278085 0.773953
0.279615 0.486801
0.28111 0.619268
0.281484 0.903843
0.281733 0.0940966
0.284926 0.75379
0.286863 0.31183
0.287891 0.585676
0.287933 0.28864
0.289234 0.163898
0.289386 0.713651
0.290627 0.559843
0.292587 0.513068
0.292896 0.710106
0.293997 0.203088
0.294343 0.0210783
0.294466 0.0873416
0.2953 0.104885
0.296794 0.211573
0.298166 0.281174
0.299256 0.592733
0.300641 0.880643
0.300839 0.196918
0.30166 0.994737
0.30235 0.59196
0.303306 0.657814
0.303486 0.690532
0.304916 0.728888
0.3056 0.225762
0.307011 0.93412
0.307458 0.448037
0.307658 0.809791
0.307951 0.735646
0.308046 0.326097
0.308203 0.970338
0.309081 0.72511
0.311086 0.418913
0.311809 0.576598
0.312748 0.347523
0.313847 0.83221
0.315398 0.892219
0.315876 0.926551
0.31614 0.358311
0.316236 0.971012
0.31689 0.974723
0.317147 0.29765
0.317668 0.0443372
0.320393 0.837167
0.321088 0.526374
0.321335 0.68173
0.321422 0.147797
0.321478 0.0846758
0.321609 0.288527
0.321633 0.692336
0.321687 0.600007
0.321782 0.187883
0.322744 0.362805
0.323042 0.37104
0.32411 0.324449
0.327452 0.48282
0.328615 0.0273066
0.329262 0.90621
0.330624 0.805181
0.330816 0.0266395
0.330947 0.230842
0.331343 0.885542
0.331758 0.860073
0.33304 0.398868
0.33381 0.343424
0.33516 0.0371791
0.342996 0.730086
0.344995 0.324604
0.345965 0.629107
0.346345 0.0155883
0.346929 0.830137
0.348 0.82908
0.34875 0.442503
0.348935 0.544297
0.349111 0.51575
0.35023 0.31141
0.35076 0.224768
0.351262 0.653955
0.351992 0.923417
0.352027 0.523684
0.352075 0.331021
0.352781 0.196587
0.361312 0.56322
0.361411 0.236427
0.361689 0.900083
0.361906 0.562612
0.366272 0.935333
0.366376 0.684283
0.367605 0.335137
0.367863 0.665577
0.368185 0.0881159
0.36852 0.714391
0.37069 0.189803
0.371202 0.792525
0.371945 0.281751
0.372702 0.0107614
0.372758 0.946044
0.377868 0.834467
0.380139 0.00097771
0.380237 0.647043
0.380864 0.182761
0.380866 0.214223
0.380937 0.416478
0.381027 0.919767
0.383021 0.438628
0.383827 0.986824
0.383881 0.895317
0.384011 0.0719553
0.384162 0.618327
0.385762 0.50682
0.385784 0.866333
0.386488 0.696164
0.387696 0.000496937
0.388149 0.619209
0.388282 0.855461
0.389969 0.207611
0.391091 0.0695442
0.392784 0.512683
0.394681 0.407548
0.394825 0.815425
0.395428 0.961053
0.395474 0.725485
0.396475 0.556726
0.397226 0.184495
0.399632 0.619001
0.400213 0.388055
0.400853 0.127955
0.403007 0.335627
0.403448 0.742166
0.404745 0.545664
0.406446 0.139375
0.409272 0.640044
0.40963 0.653301
0.409981 0.544444
0.410237 0.849691
0.411533 0.642545
0.412443 0.936883
0.412519 0.206711
0.415177 0.880723
0.415607 0.112397
0.416517 0.399637
0.418769 0.251496
0.419743 0.615956
0.419932 0.801586
0.420055 0.869563
0.422093 0.121817
0.422896 0.611652
0.423442 0.790489
0.423744 0.86362
0.424882 0.997167
0.425152 0.536
0.426415 0.758233
0.427304 0.692871
0.428171 0.277662
0.428367 0.566913
0.431112 0.701395
0.43135 0.695716
0.431712 0.790094
0.432246 0.762635
0.432378 0.976128
0.432797 0.0259256
0.432958 0.729639
0.433031 0.953573
0.43344 0.824867
0.435147 0.523435
0.435844 0.225118
0.436879 0.625821
0.438035 0.0624446
0.43922 0.971546
0.441013 0.104938
0.442097 0.329672
0.444051 0.167458
0.445519 0.841442
0.44689 0.872247
0.44773 0.99522
0.448884 0.393847
0.451441 0.375836
0.451468 0.817713
0.452295 0.720968
0.454351 0.270984
0.454564 0.856886
0.455429 0.401496
0.45592 0.643422
0.457554 0.104055
0.46262 0.251689
0.462689 0.408919
0.463943 0.482866
0.46479 0.727195
0.465399 0.953199
0.465734 0.59065
0.46604 0.735244
0.466217 0.707128
0.467127 0.00501066
0.467434 0.166384
0.469325 0.939353
0.469972 0.819548
0.470842 0.440834
0.471804 0.617751
0.472414 0.8643
0.472418 0.92587
0.472824 0.754761
0.474491 0.76356
0.474711 0.467734
0.474774 0.528723
0.475368 0.515499
0.475792 0.641541
0.476625 0.629032
0.477111 0.811399
0.478313 0.000817898
0.478785 0.940294
0.481239 0.190754
0.481433 0.444872
0.482288 0.806299
0.482605 0.134718
0.484125 0.697166
0.487424 0.143204
0.491966 0.469753
0.491972 0.566315
0.49234 0.764479
0.492504 0.510759
0.494745 0.18255
0.496853 0.609557
0.496894 0.300946
0.498134 0.145385
0.4984 0.616355
0.499724 0.856768
0.500487 0.682324
0.500899 0.609757
0.501972 0.650399
0.502366 0.273863
0.502489 0.325319
0.504805 0.262758
0.506061 0.363941
0.506475 0.329198
0.506984 0.88774
0.507291 0.0462251
0.507716 0.183631
0.508421 0.0354388
0.508489 0.167445
0.508527 0.807751
0.508791 0.250194
0.510651 0.512141
0.51409 0.303961
0.515123 0.671684
0.515986 0.181295
0.516206 0.875162
0.517642 0.00252767
0.517739 0.633598
0.518672 0.326775
0.518952 0.0199906
0.519436 0.165519
0.520077 0.938274
0.520107 0.433644
0.5206 0.720634
0.524884 0.723748
0.52643 0.709008
0.526977 0.895342
0.527498 0.658066
0.528414 0.0481903
0.529069 0.0710209
0.529115 0.843077
0.531682 0.977712
0.531822 0.328549
0.534204 0.374124
0.534351 0.838609
0.536629 0.124926
0.537254 0.62915
0.538119 0.171413
0.539365 0.109893
0.539808 0.558202
0.542508 0.926561
0.544033 0.555784
0.544089 0.506656
0.544256 0.306446
0.544887 0.922399
0.54603 0.126611
0.547501 0.85674
0.548913 0.580078
0.548953 0.259634
0.549475 0.0246898
0.550997 0.610116
0.551309 0.845394
0.553493 0.558868
0.553517 0.958232
0.55366 0.368034
0.553785 0.460797
0.554003 0.120893
0.554005 0.16897
0.554228 0.911595
0.55706 0.505562
0.557766 0.376153
0.558974 0.67039
0.559592 0.0650998
0.560194 0.183492
0.560443 0.357834
0.560689 0.492513
0.56127 0.261497
0.561351 0.634485
0.562586 0.386893
0.563039 0.989694
0.565403 0.726809
0.566826 0.640663
0.56695 0.721288
0.56811 0.216406
0.572519 0.31892
0.572753 0.252844
0.574074 0.467485
0.574348 0.0690846
0.575891 0.00829418
0.577626 0.159673
0.578374 0.730152
0.57912 0.264607
0.579342 0.0062062
0.580149 0.560085
0.582031 0.19088
0.583495 0.800875
0.583736 0.848063
0.585449 0.642661
0.588393 0.116811
0.588708 0.421595
0.589294 0.266799
0.589989 0.941261
0.590027 0.580895
0.590087 0.596147
0.591642 0.735704
0.594992 0.0310598
0.595172 0.0497609
0.597786 0.984767
0.598867 0.157307
0.602092 0.363257
0.603152 0.17562
0.60484 0.538789
0.605014 0.47345
0.605397 0.906593
0.606396 0.69734
0.607071 0.0380311
0.607407 0.688951
0.609889 0.409017
0.611339 0.774594
0.611783 0.244449
0.612092 0.42279
0.612857 0.283964
0.613695 0.369081
0.615266 0.781074
0.616192 0.334378
0.617274 0.52819
0.618129 0.890376
0.619337 0.190272
0.619627 0.0776904
0.619982 0.0459935
0.620039 0.993689
0.62009 0.847146
0.620266 0.816471
0.621925 0.687627
0.623113 0.653541
0.624718 0.633423
0.624723 0.716711
0.62627 0.72001
0.626868 0.771761
0.62773 0.251123
0.628421 0.880325
0.629437 0.950928
0.629589 0.509705
0.630005 0.493244
0.630888 0.327227
0.631088 0.693568
0.632616 0.369389
0.632991 0.67151
0.633507 0.349646
0.633679 0.241748
0.635302 0.527218
0.63612 0.262121
0.63619 0.437602
0.637027 0.514408
0.640957 0.556888
0.641824 0.142838
0.642163 0.829939
0.643503 0.360272
0.646115 0.250089
0.646163 0.066301
0.647071 0.314064
0.648461 0.685074
0.648984 0.467771
0.649066 0.857977
0.649226 0.541052
0.649233 0.662008
0.649827 0.635385
0.650648 0.435137
0.651336 0.997854
0.654095 0.382546
0.655027 0.0450591
0.655261 0.975916
0.656348 0.242638
0.657312 0.438151
0.658275 0.636082
0.659885 0.682042
0.661639 0.160923
0.662469 0.120098
0.662843 0.40151
0.663157 0.672664
0.664096 0.469697
0.664752 0.487902
0.665039 0.304477
0.665106 0.431498
0.665133 0.891657
0.665478 0.684039
0.665939 0.437654
0.666261 0.852038
0.666364 0.57524
0.66647 0.355653
0.66685 0.742331
0.667311 0.490726
0.66911 0.737107
0.669468 0.752384
0.670097 0.318546
0.670874 0.376053
0.67119 0.684116
0.671316 0.80561
0.671429 0.708521
0.672878 0.0636889
0.673083 0.502056
0.673543 0.234211
0.675704 0.55841
0.675962 0.900237
0.676259 0.879162
0.676872 0.18768
0.677083 0.742049
0.677959 0.459129
0.678141 0.518246
0.678514 0.784232
0.680242 0.822637
0.680245 0.873016
0.682623 0.836946
0.684697 0.708305
0.684885 0.859436
0.685478 0.830199
0.685947 0.705052
0.686528 0.468401
0.687339 0.114623
0.687879 0.182661
0.688037 0.841968
0.688536 0.222319
0.689024 0.426576
0.68971 0.948933
0.690059 0.815344
0.690954 0.857274
0.691055 0.569363
0.691121 0.674235
0.691622 0.0950871
0.691992 0.315282
0.692745 0.970826
0.692796 0.817498
0.694006 0.161824
0.695282 0.596645
0.695686 0.40154
0.696121 0.712207
0.696701 0.453376
0.697074 0.728707
0.698774 0.287324
0.69948 0.156561
0.700801 0.356097
0.701093 0.268552
0.701259 0.060124
0.701781 0.841287
0.702616 0.860717
0.703531 0.247844
0.704448 0.65784
0.705315 0.224607
0.706396 0.395245
0.706724 0.913955
0.70679 0.0178719
0.707396 0.206936
0.707737 0.929389
0.707794 0.896502
0.710204 0.395865
0.710973 0.327946
0.711715 0.798373
0.712645 0.429402
0.713242 0.454902
0.713381 0.788655
0.715454 0.641614
0.716751 0.433811
0.71844 0.826164
0.721297 0.838201
0.726299 0.911595
0.729575 0.971472
0.729633 0.948821
0.729679 0.710585
0.72997 0.599781
0.730181 0.150495
0.730886 0.998139
0.731368 0.101609
0.733819 0.299123
0.734857 0.745392
0.735521 0.908628
0.736367 0.122433
0.7373 0.79624
0.738025 0.980841
0.738584 0.37383
0.74095 0.152322
0.742577 0.500364
0.742595 0.797805
0.742713 0.777634
0.744329 0.940739
0.746415 0.996464
0.746472 0.948894
0.747835 0.865286
0.748083 0.0387205
0.751083 0.44968
0.751911 0.36739
0.752987 0.447775
0.75299 0.49921
0.753515 0.325515
0.753999 0.462317
0.755103 0.0240155
0.755804 0.792151
0.756429 0.296947
0.75668 0.521112
0.758019 0.0314562
0.761562 0.574474
0.761571 0.7179
0.761967 0.372552
0.762938 0.696401
0.762995 0.663357
0.765345 0.153683
0.765916 0.756692
0.766365 0.303997
0.767147 0.436778
0.767198 0.299877
0.767335 0.601096
0.767407 0.80181
0.769037 0.209927
0.769043 0.313063
0.769176 0.546544
0.76921 0.120554
0.769806 0.131787
0.770988 0.992819
0.771509 0.749219
0.773678 0.202013
0.774029 0.106336
0.774726 0.819437
0.775557 0.779144
0.775814 0.107267
0.776891 0.207201
0.778561 0.275927
0.778876 0.566787
0.779771 0.614039
0.780216 0.0960634
0.780563 0.921363
0.780973 0.813679
0.780996 0.199088
0.782536 0.0795139
0.782864 0.592268
0.78288 0.868562
0.783511 0.476024
0.78381 0.498784
0.78393 0.508603
0.784456 0.34657
0.784923 0.206397
0.786749 0.891712
0.788784 0.0919366
0.788859 0.353986
0.789218 0.388641
0.791221 0.0442746
0.793094 0.523583
0.793533 0.902527
0.793777 0.00452247
0.79676 0.14069
0.797816 0.892703
0.799778 0.873383
0.800022 0.969744
0.801344 0.188697
0.801453 0.0199579
0.802173 0.123782
0.803904 0.212331
0.804237 0.809406
0.804544 0.964807
0.805654 0.619404
0.805669 0.883044
0.806192 0.673222
0.806545 0.59398
0.80671 0.38153
0.80701 0.409361
0.809183 0.94398
0.809886 0.751498
0.810789 0.931297
0.811267 0.969675
0.81295 0.25548
0.814322 0.304568
0.815035 0.29383
0.8164 0.227628
0.817977 0.745981
0.819343 0.699806
0.819827 0.830277
0.820407 0.587004
0.820606 0.928637
0.82121 0.0721048
0.822256 0.656548
0.824055 0.885656
0.824253 0.222515
0.824364 0.0779281
0.826489 0.799231
0.828624 0.683361
0.831029 0.100367
0.831849 0.879473
0.833442 0.660925
0.835224 0.608707
0.835808 0.431849
0.836147 0.12446
0.836821 0.452175
0.836887 0.566509
0.837151 0.989128
0.837453 0.0712512
0.838358 0.287466
0.84165 0.611155
0.842359 0.527099
0.843183 0.379296
0.843918 0.735943
0.845044 0.649601
0.845237 0.896675
0.846907 0.972899
0.846928 0.319771
0.846987 0.312319
0.847003 0.583816
0.847963 0.709541
0.84955 0.395175
0.853981 0.866639
0.854594 0.154308
0.855416 0.974267
0.855904 0.183307
0.856036 0.399625
0.856878 0.542367
0.857675 0.94306
0.857812 0.244052
0.857874 0.29025
0.858056 0.348615
0.861058 0.79851
0.861276 0.472607
0.861584 0.635162
0.862026 0.0691092
0.862161 0.337207
0.862411 0.541869
0.864146 0.708978
0.86547 0.961052
0.865711 0.00729296
0.866767 0.760966
0.868385 0.951032
0.86921 0.811251
0.869451 0.862477
0.872427 0.874479
0.874241 0.374427
0.876564 0.415464
0.876595 0.939048
0.877035 0.321271
0.877392 0.328784
0.877613 0.0379039
0.878405 0.34522
0.878418 0.573101
0.879572 0.962735
0.879601 0.458316
0.880402 0.914169
0.882272 0.352679
0.882838 0.852404
0.883115 0.510386
0.883513 0.210251
0.883636 0.26731
0.885602 0.320752
0.886586 0.844158
0.886594 0.979641
0.887103 0.538472
0.887178 0.802157
0.88826 0.979878
0.88849 0.858955
0.888603 0.748013
0.888895 0.665681
0.889299 0.452513
0.889552 0.70562
0.889662 0.545975
0.891054 0.952635
0.893236 0.610425
0.895071 0.463976
0.898317 0.0109677
0.899862 0.988096
0.901388 0.62815
0.904046 0.309409
0.904275 0.156492
0.904513 0.152402
0.905511 0.929766
0.905833 0.335854
0.907227 0.763182
0.908689 0.344392
0.908702 0.549881
0.913172 0.673571
0.913531 0.723644
0.915366 0.562959
0.915702 0.20009
0.917075 0.284115
0.918792 0.130359
0.919315 0.921062
0.919453 0.250628
0.92151 0.811984
0.921677 0.620116
0.921771 0.20026
0.922348 0.908613
0.922675 0.392307
0.923802 0.333146
0.926946 0.178639
0.927207 0.571932
0.928243 0.971641
0.929459 0.416747
0.929472 0.62903
0.930446 0.00556655
0.930569 0.0810258
0.931072 0.524042
0.931208 0.81205
0.931325 0.774966
0.931369 0.523629
0.932516 0.798145
0.932878 0.879617
0.933891 0.910118
0.933957 0.0117184
0.933995 0.65863
0.934331 0.308674
0.936679 0.766215
0.937676 0.522894
0.940608 0.791673
0.941255 0.670498
0.941524 0.186846
0.942303 0.283813
0.942355 0.164827
0.942759 0.951902
0.94535 0.503541
0.945572 0.234692
0.94829 0.909391
0.949482 0.946117
0.949827 0.749496
0.949965 0.0687853
0.95036 0.701555
0.9516 0.538535
0.953654 0.0607205
0.954489 0.0920936
0.956337 0.160815
0.956425 0.627938
0.957214 0.902893
0.957362 0.377943
0.957394 0.929452
0.957787 0.53083
0.959398 0.600277
0.960342 0.473234
0.960413 0.655798
0.961384 0.989031
0.962227 0.155135
0.963139 0.469806
0.964284 0.713314
0.964644 0.776841
0.966835 0.594931
0.967108 0.190989
0.967715 0.387762
0.971937 0.350039
0.972115 0.332105
0.97217 0.268069
0.976423 0.747622
0.977151 0.974461
0.9778 0.878746
0.981156 0.286324
0.981258 0.00693536
0.981409 0.536668
0.984991 0.736467
0.985007 0.0109062
0.985581 0.658628
0.987525 0.324899
0.987839 0.616597
0.988061 0.337926
0.988328 0.824314
0.989141 0.494289
0.990071 0.122484
0.990426 0.0841661
0.991916 0.127178
0.992892 0.536108
0.993333 0.94613
0.993407 0.191282
0.99434 0.880374
0.994524 0.972698
0.995432 0.228233
0.995908 0.226305
0.99628 0.481186
0.997087 0.0385548
0.997136 0.870717
0.999404 0.990473
