0.00358017 0.171929
0.00389771 0.508863
0.00469008 0.826229
0.00480913 0.827016
0.00565375 0.0225241
0.00709356 0.221454
0.00868026 0.889197
0.00927092 0.816328
0.0101752 0.0145425
0.0114681 0.743737
0.0139313 0.144087
0.0149765 0.709403
0.0169155 0.298757
0.0172644 0.163501
0.0177403 0.160697
0.0178997 0.840532
0.019101 0.0297154
0.0195196 0.0665058
0.0200736 0.37742
0.0217717 0.917027
0.0228094 0.357511
0.0253735 0.452209
0.0264884 0.191119
0.0273533 0.727035
0.0286594 0.677958
0.0290746 0.657303
0.0294017 0.155022
0.0295391 0.46402
0.0312514 0.241885
0.031586 0.866
0.0323167 0.14674
0.0324744 0.796498
0.0326245 0.320361
0.0326606 0.926795
0.0336418 0.418489
0.034463 0.218859
0.0363144 0.336894
0.0373846 0.32366
0.0380343 0.242001
0.0395368 0.494673
0.0405235 0.0778496
0.0415382 0.132612
0.0415983 0.142072
0.0421991 0.240061
0.043064 0.776697
0.0436284 0.262929
0.044863 0.0123873
0.0464468 0.631685
0.0466095 0.365694
0.0474597 0.655415
0.0485247 0.555144
0.0491043 0.29596
0.0493925 0.140139
0.0500156 0.611875
0.0506743 0.682502
0.0515637 0.63161
0.0516174 0.532809
0.0518041 0.670925
0.0530118 0.968997
0.0533159 0.0803205
0.0552435 0.476934
0.0555076 0.915691
0.0566234 0.669213
0.056917 0.6046
0.0569577 0.288093
0.0573182 0.347166
0.0576315 0.613029
0.057937 0.746916
0.0582984 0.821329
0.0588418 0.954389
0.0612634 0.654749
0.0623787 0.398434
0.0642588 0.997509
0.0658653 0.997615
0.0662319 0.15998
0.0666398 0.0147528
0.0667616 0.0618806
0.0668079 0.84001
0.0672776 0.734531
0.0694497 0.241272
0.0696011 0.785812
0.0696969 0.395642
0.0714699 0.194691
0.0724452 0.587272
0.0758446 0.720269
0.075898 0.617147
0.0767634 0.162455
0.0784515 0.533912
0.0787794 0.0461567
0.0810222 0.740393
0.0810423 0.0783512
0.0825849 0.00357501
0.0851421 0.98324
0.0890632 0.885425
0.0890757 0.0958214
0.0892508 0.0389588
0.0896554 0.837992
0.0897703 0.769751
0.089973 0.176953
0.0905438 0.770157
0.0925764 0.931452
0.0927605 0.0251534
0.0941045 0.613926
0.094598 0.908249
0.0948138 0.535302
0.095525 0.488907
0.0958141 0.347533
0.0966228 0.939103
0.0969068 0.711764
0.0969409 0.286102
0.0969467 0.382546
0.0975681 0.827697
0.0992671 0.381735
0.100579 0.427459
0.102708 0.209987
0.102915 0.689427
0.103334 0.726796
0.103523 0.915001
0.103841 0.252209
0.105426 0.889312
0.105551 0.000443415
0.105769 0.653425
0.105903 0.910205
0.108464 0.949476
0.108778 0.223416
0.109003 0.00658878
0.109623 0.429348
0.109717 0.0158785
0.111363 0.669705
0.113602 0.316646
0.116698 0.343438
0.117635 0.0998207
0.117819 0.176719
0.118287 0.0501478
0.119363 0.133256
0.121421 0.720517
0.121929 0.257443
0.122817 0.184356
0.123317 0.589383
0.123728 0.495505
0.123889 0.195383
0.124875 0.778168
0.125035 0.460061
0.125263 0.300367
0.126074 0.918633
0.126574 0.336347
0.128342 0.0464967
0.12964 0.854651
0.13022 0.613304
0.130519 0.626508
0.131232 0.610394
0.132515 0.17417
0.132526 0.372662
0.132797 0.923038
0.133159 0.00705439
0.136152 0.309908
0.136958 0.857518
0.138169 0.1984
0.139449 0.72378
0.139631 0.777128
0.141086 0.232975
0.141547 0.979609
0.142108 0.408169
0.142181 0.641675
0.143117 0.366236
0.143591 0.334873
0.145368 0.204924
0.146139 0.155248
0.146703 0.633968
0.147576 0.309842
0.149464 0.0378024
0.149797 0.644285
0.150187 0.196083
0.150349 0.911293
0.150874 0.736526
0.154688 0.849282
0.154892 0.269984
0.155204 0.507743
0.155278 0.754742
0.156262 0.298614
0.157464 0.493942
0.157657 0.747035
0.158222 0.244217
0.158892 0.503325
0.161622 0.374036
0.162103 0.457634
0.162976 0.143112
0.163123 0.609928
0.163361 0.604875
0.165175 0.0979829
0.165885 0.034096
0.16862 0.00452985
0.168786 0.778712
0.172715 0.818437
0.173299 0.634387
0.17368 0.0460069
0.174939 0.199306
0.177308 0.0106294
0.177558 0.210377
0.178742 0.123125
0.179293 0.384099
0.1794 0.169138
0.180929 0.879355
0.181406 0.89344
0.181691 0.678568
0.182022 0.247077
0.182645 0.72009
0.182865 0.412602
0.184363 0.584068
0.184587 0.351088
0.184642 0.274278
0.184715 0.502071
0.185429 0.498635
0.187098 0.547865
0.189727 0.749501
0.19158 0.888432
0.19214 0.296456
0.192677 0.31763
0.192713 0.930231
0.193391 0.315517
0.194148 0.0450517
0.194337 0.22759
0.19469 0.147863
0.195114 0.287061
0.195221 0.071348
0.196019 0.4975
0.196184 0.260756
0.19642 0.229579
0.196628 0.731542
0.196939 0.961608
0.197475 0.965047
0.198676 0.154568
0.199201 0.973226
0.199692 0.22337
0.200613 0.710424
0.200809 0.991614
0.201209 0.727222
0.201441 0.61667
0.201898 0.29721
0.202255 0.299542
0.202852 0.335147
0.202922 0.502395
0.203835 0.850101
0.204901 0.777769
0.205012 0.636915
0.205393 0.0370853
0.207041 0.738652
0.207274 0.649513
0.207633 0.680074
0.209043 0.393739
0.209614 0.977496
0.210048 0.283263
0.210428 0.661879
0.211493 0.559564
0.211874 0.963389
0.212226 0.889422
0.212743 0.570337
0.213548 0.0954457
0.216817 0.0355013
0.217697 0.835048
0.217802 0.597014
0.218535 0.92029
0.219293 0.659616
0.221276 0.993656
0.222071 0.354419
0.222251 0.376188
0.222636 0.851116
0.226757 0.111134
0.22748 0.26057
0.227501 0.602872
0.229144 0.215555
0.2294 0.532948
0.229777 0.869733
0.230039 0.259543
0.232215 0.839688
0.232687 0.763417
0.234324 0.280391
0.235575 0.317367
0.235701 0.428459
0.236823 0.278927
0.238341 0.794527
0.239309 0.0594986
0.243442 0.534077
0.243836 0.146005
0.244229 0.764593
0.244934 0.605592
0.245043 0.430788
0.246342 0.265208
0.246645 0.368032
0.248088 0.609608
0.248795 0.495311
0.249325 0.397861
0.249583 0.736385
0.251265 0.00609998
0.251635 0.221904
0.251824 0.403026
0.252238 0.366334
0.253105 0.942438
0.254176 0.940231
0.256183 0.672564
0.258313 0.473006
0.258739 0.628014
0.259395 0.6568
0.25943 0.240608
0.260017 0.110951
0.260609 0.0553162
0.261967 0.872501
0.262774 0.444638
0.262983 0.959649
0.262988 0.0355879
0.264348 0.899629
0.264575 0.711212
0.265735 0.214391
0.267116 0.418824
0.268598 0.320383
0.268616 0.630917
0.268648 0.170405
0.268801 0.741884
0.270347 0.724662
0.270362 0.981633
0.270582 0.669145
0.27116 0.386678
0.272695 0.189646
0.274183 0.194841
0.275004 0.997888
0.275943 0.780145
0.27675 0.331691
0.277361 0.600286
0.277443 0.983026
0.277467 0.388862
0.281693 0.407333
0.281918 0.201846
0.283896 0.437924
0.28397 0.681088
0.285768 0.910807
0.285851 0.302727
0.287329 0.138645
0.287422 0.709163
0.28862 0.84285
0.288675 0.762949
0.289187 0.365757
0.289314 0.49521
0.289669 0.461392
0.290895 0.074656
0.291621 0.279261
0.292402 0.397891
0.293417 0.466835
0.296038 0.507223
0.296996 0.61314
0.299277 0.940795
0.299821 0.0912063
0.300008 0.242682
0.301203 0.319002
0.30188 0.693127
0.302034 0.28252
0.303051 0.371718
0.303962 0.691523
0.304019 0.645526
0.304307 0.480328
0.304537 0.357418
0.306117 0.904337
0.307189 0.923566
0.30719 0.948133
0.308553 0.8505
0.308591 0.48489
0.308647 0.42648
0.309123 0.438061
0.310783 0.327234
0.311299 0.00277958
0.311358 0.991305
0.313213 0.169564
0.313565 0.0799522
0.314127 0.539716
0.31418 0.430106
0.314355 0.363109
0.3151 0.891623
0.315458 0.909326
0.315515 0.861584
0.315604 0.350222
0.316216 0.635832
0.316323 0.439662
0.316679 0.428063
0.316896 0.0714962
0.318646 0.480229
0.319056 0.3807
0.319635 0.108587
0.321344 0.826166
0.322145 0.283545
0.322298 0.861269
0.323247 0.81562
0.324275 0.0900218
0.325197 0.592721
0.326331 0.644647
0.327113 0.780112
0.329039 0.161042
0.330449 0.852049
0.330908 0.569452
0.331965 0.331326
0.333077 0.0192403
0.334452 0.141474
0.33476 0.319759
0.33559 0.264917
0.335871 0.984648
0.336176 0.111335
0.336401 0.889937
0.336738 0.552785
0.337576 0.645728
0.339054 0.47897
0.339718 0.639122
0.341994 0.884851
0.342978 0.430986
0.343958 0.893941
0.344001 0.626928
0.344234 0.538422
0.344688 0.177968
0.345434 0.706866
0.346372 0.471733
0.347396 0.679414
0.348489 0.062679
0.350055 0.377484
0.351482 0.357667
0.351592 0.20595
0.353231 0.760742
0.353417 0.873586
0.353577 0.56617
0.354441 0.0888279
0.356242 0.354282
0.356643 0.0912756
0.35688 0.0758994
0.358041 0.596351
0.359193 0.950892
0.360645 0.359788
0.360745 0.0463551
0.360887 0.420351
0.361062 0.374195
0.362168 0.960758
0.364507 0.265512
0.365125 0.652098
0.365595 0.561168
0.36661 0.608636
0.366768 0.26273
0.366889 0.30823
0.367744 0.667215
0.367985 0.723364
0.368138 0.299954
0.368809 0.565675
0.368841 0.118374
0.368876 0.704999
0.371005 0.4855
0.371028 0.865588
0.371234 0.336739
0.372218 0.871071
0.372492 0.476303
0.372536 0.215073
0.372804 0.715979
0.37494 0.612169
0.375578 0.34454
0.376013 0.6495
0.376653 0.410124
0.379284 0.631232
0.380035 0.241923
0.380075 0.921573
0.381639 0.20785
0.383211 0.623506
0.384849 0.1578
0.385826 0.572866
0.386045 0.252817
0.386291 0.396692
0.387145 0.752092
0.38721 0.833696
0.38766 0.394125
0.388029 0.595521
0.390048 0.543963
0.391173 0.440975
0.392474 0.311936
0.392889 0.290435
0.392942 0.177147
0.393077 0.45124
0.39354 0.224679
0.396 0.573462
0.399054 0.897038
0.399858 0.415714
0.400295 0.754187
0.400535 0.792907
0.401829 0.534803
0.403883 0.0566754
0.404406 0.857913
0.405106 0.61344
0.405669 0.0727268
0.406369 0.835729
0.407277 0.106924
0.408647 0.132728
0.409798 0.466678
0.409798 0.481102
0.410854 0.225657
0.410975 0.251896
0.411466 0.503198
0.411542 0.785807
0.412015 0.740974
0.412212 0.048492
0.41315 0.803936
0.414602 0.209662
0.414707 0.987344
0.415074 0.146751
0.416244 0.813142
0.416361 0.787656
0.418032 0.865906
0.419684 0.630421
0.419878 0.887678
0.419999 0.925695
0.420803 0.43523
0.42161 0.994117
0.421996 0.482717
0.422671 0.823885
0.422966 0.787134
0.42303 0.865694
0.424547 0.355357
0.424686 0.703181
0.42496 0.303271
0.425582 0.752749
0.426419 0.824921
0.427113 0.495447
0.42724 0.621433
0.427754 0.267552
0.43058 0.755973
0.430964 0.218206
0.4344 0.959663
0.435014 0.285509
0.435051 0.903197
0.436527 0.705094
0.437306 0.806382
0.43757 0.238267
0.437982 0.166623
0.438607 0.674337
0.439383 0.713656
0.440778 0.158648
0.441496 0.221134
0.441635 0.561218
0.443187 0.649403
0.443609 0.742895
0.444046 0.0728768
0.445949 0.0649456
0.44634 0.63321
0.447515 0.384
0.448139 0.871812
0.448654 0.520655
0.44882 0.314684
0.448991 0.19424
0.44923 0.209825
0.449501 0.759121
0.449743 0.825609
0.450706 0.0237358
0.451171 0.826031
0.451586 0.804171
0.451833 0.962681
0.452488 0.964928
0.452697 0.484814
0.452889 0.69962
0.45312 0.590641
0.453526 0.40888
0.453997 0.327498
0.454324 0.816992
0.455217 0.830238
0.455279 0.873618
0.455362 0.274977
0.455517 0.881126
0.4557 0.949071
0.457647 0.67368
0.458316 0.915179
0.4593 0.463489
0.459393 0.0163506
0.459474 0.371643
0.45965 0.338236
0.459704 0.244929
0.459731 0.706348
0.459751 0.0266343
0.462628 0.38955
0.463476 0.637956
0.464953 0.469288
0.465126 0.367424
0.46539 0.81144
0.465447 0.77507
0.465537 0.272473
0.465576 0.935797
0.46582 0.0297867
0.466336 0.717213
0.467604 0.0205746
0.46764 0.630937
0.46811 0.520035
0.46813 0.852718
0.469413 0.416847
0.469598 0.531663
0.469881 0.293962
0.471235 0.0467593
0.473433 0.990728
0.474538 0.55353
0.474591 0.450432
0.475517 0.0169005
0.477259 0.283921
0.477344 0.718049
0.478436 0.0768876
0.478474 0.710291
0.479281 0.280676
0.481523 0.962797
0.482256 0.282738
0.482586 0.830499
0.484892 0.582563
0.485338 0.0754039
0.485663 0.543492
0.490806 0.976185
0.491073 0.455819
0.491783 0.392417
0.496286 0.084036
0.49631 0.485544
0.499345 0.494689
0.499715 0.707057
0.500197 0.815356
0.501029 0.790379
0.501774 0.313744
0.503219 0.594279
0.503484 0.062518
0.505203 0.945476
0.506257 0.666598
0.506596 0.355336
0.506955 0.393599
0.507152 0.698353
0.507598 0.202026
0.508709 0.87046
0.508932 0.622437
0.509395 0.395415
0.509805 0.289992
0.51167 0.638295
0.511684 0.867303
0.514247 0.955903
0.515816 0.318989
0.516271 0.971033
0.51658 0.167782
0.516694 0.0834969
0.516722 0.542208
0.51728 0.920312
0.517689 0.790753
0.518782 0.163139
0.519393 0.431687
0.519592 0.783119
0.521432 0.700439
0.521468 0.311671
0.522147 0.719191
0.522432 0.514165
0.522658 0.317217
0.523636 0.750957
0.523859 0.49337
0.525041 0.359074
0.525139 0.00460744
0.527967 0.548455
0.528405 0.905844
0.530589 0.607705
0.530693 0.350034
0.532198 0.646511
0.532504 0.790244
0.532554 0.634388
0.532673 0.627083
0.534904 0.129425
0.537128 0.513972
0.538433 0.450095
0.53844 0.565628
0.53922 0.677481
0.539546 0.153897
0.539972 0.305727
0.541177 0.569402
0.542156 0.0166658
0.542333 0.995265
0.543481 0.278311
0.543766 0.0839213
0.54381 0.81906
0.543996 0.945632
0.544193 0.250841
0.544233 0.925912
0.544472 0.945034
0.544685 0.515479
0.544743 0.497821
0.546259 0.971761
0.546292 0.522776
0.547141 0.795984
0.547552 0.711748
0.547605 0.590939
0.548498 0.611236
0.549964 0.243638
0.55172 0.763341
0.553005 0.35818
0.55301 0.440169
0.554855 0.454309
0.555428 0.0805789
0.555605 0.0457711
0.556665 0.86074
0.557086 0.950593
0.557471 0.408811
0.557508 0.044414
0.557632 0.121572
0.56119 0.917662
0.561778 0.810921
0.56254 0.614681
0.562997 0.297773
0.563116 0.287072
0.563408 0.201828
0.563689 0.922318
0.564156 0.769357
0.565669 0.201684
0.566156 0.381335
0.567822 0.38961
0.568252 0.608583
0.568311 0.606547
0.568986 0.949069
0.571705 0.644695
0.572191 0.816622
0.573844 0.59027
0.574729 0.471368
0.57559 0.942129
0.575908 0.282937
0.57592 0.484998
0.57612 0.849758
0.576903 0.0122867
0.5795 0.649922
0.579571 0.851661
0.580559 0.447697
0.581247 0.0241098
0.583324 0.932526
0.584166 0.0759574
0.58497 0.593968
0.585655 0.109899
0.586228 0.740176
0.587947 0.628925
0.588267 0.995552
0.588456 0.18389
0.590655 0.143292
0.591802 0.409779
0.594207 0.83984
0.594287 0.185811
0.595166 0.95298
0.596097 0.606572
0.596317 0.296259
0.596809 0.568778
0.596812 0.616456
0.596851 0.269786
0.597802 0.251263
0.600161 0.904259
0.601738 0.409417
0.603342 0.374985
0.603872 0.284899
0.60405 0.265486
0.605364 0.353738
0.605773 0.223741
0.606265 0.49399
0.606384 0.493776
0.607183 0.929672
0.608776 0.704895
0.610067 0.389119
0.610949 0.21137
0.611087 0.541726
0.611879 0.85143
0.613349 0.563824
0.614181 0.537932
0.614403 0.27176
0.614729 0.757935
0.614811 0.120326
0.616113 0.00835626
0.617083 0.321617
0.617687 0.461101
0.619774 0.53834
0.620674 0.660623
0.621378 0.501403
0.623187 0.906331
0.623427 0.932709
0.624656 0.587334
0.625019 0.690682
0.625181 0.421983
0.62733 0.539589
0.629063 0.669382
0.629351 0.505069
0.629431 0.841335
0.629969 0.893314
0.631537 0.238063
0.632471 0.943292
0.633989 0.449007
0.634121 0.664582
0.635532 0.382926
0.635611 0.710192
0.636089 0.753235
0.636192 0.485328
0.636248 0.416008
0.636408 0.102503
0.63649 0.487434
0.637699 0.803984
0.638705 0.707079
0.640603 0.612291
0.640748 0.0478962
0.642218 0.75259
0.642418 0.112842
0.64265 0.012197
0.643097 0.535498
0.643169 0.738333
0.643517 0.592402
0.643724 0.0692509
0.644263 0.129142
0.644732 0.0149761
0.64579 0.784599
0.645821 0.321511
0.645986 0.0911381
0.647262 0.524566
0.648242 0.995137
0.648986 0.503326
0.652392 0.754853
0.652849 0.439612
0.652876 0.893322
0.654753 0.440023
0.656211 0.934391
0.659297 0.797557
0.660287 0.451687
0.660821 0.418319
0.662083 0.632859
0.663955 0.0994969
0.665815 0.355699
0.668781 0.197133
0.668795 0.442013
0.669246 0.0232758
0.669296 0.862638
0.669448 0.414543
0.669465 0.693593
0.670234 0.628499
0.670441 0.109832
0.671298 0.506509
0.671767 0.380494
0.671827 0.402101
0.674185 0.029216
0.677271 0.885565
0.678425 0.285076
0.679073 0.174349
0.679165 0.7311
0.679615 0.293377
0.679776 0.992206
0.680763 0.590331
0.681966 0.800795
0.682425 0.514472
0.682818 0.115154
0.683989 0.799247
0.684535 0.975743
0.685903 0.974954
0.686229 0.450861
0.688869 0.819785
0.690144 0.250716
0.690257 0.143101
0.690943 0.684475
0.691888 0.564163
0.692085 0.878482
0.692388 0.957099
0.692444 0.90621
0.692459 0.165185
0.692529 0.340377
0.692701 0.224582
0.692862 0.930784
0.69521 0.398436
0.695372 0.110477
0.695965 0.0871408
0.69619 0.870697
0.696895 0.715195
0.697943 0.331429
0.69854 0.360303
0.698858 0.698528
0.699421 0.165085
0.699691 0.701609
0.700914 0.269151
0.701113 0.611371
0.701128 0.859349
0.702003 0.563766
0.703063 0.387618
0.706442 0.16716
0.706484 0.885128
0.709273 0.745741
0.709548 0.366734
0.711078 0.0868132
0.714767 0.0848452
0.715767 0.895182
0.716199 0.160174
0.71649 0.0527344
0.716772 0.790912
0.718651 0.37536
0.71903 0.736265
0.721119 0.843229
0.722182 0.707253
0.723626 0.982475
0.72455 0.506791
0.725546 0.256004
0.726077 0.175881
0.726536 0.894919
0.726699 0.621955
0.727314 0.961403
0.72839 0.0462718
0.728489 0.7095
0.728505 0.990812
0.72874 0.935763
0.729041 0.993883
0.729415 0.273746
0.729775 0.335394
0.731539 0.976336
0.732517 0.421439
0.732986 0.28813
0.733002 0.565638
0.733399 0.239973
0.733678 0.930481
0.733959 0.651268
0.734336 0.989766
0.735301 0.202419
0.735885 0.019574
0.737121 0.788825
0.737686 0.283463
0.737854 0.120318
0.738043 0.283831
0.738629 0.142591
0.73912 0.392907
0.739386 0.865207
0.739746 0.907595
0.740788 0.423087
0.741693 0.630959
0.742115 0.721986
0.74343 0.827245
0.743928 0.203472
0.745046 0.99057
0.746336 0.671459
0.747907 0.0685977
0.748566 0.149649
0.748898 0.734976
0.749408 0.299278
0.751489 0.28005
0.751825 0.915161
0.752216 0.50141
0.752262 0.265068
0.752524 0.665444
0.752772 0.841219
0.753975 0.060081
0.754406 0.301233
0.755212 0.847074
0.755849 0.554839
0.756117 0.0573881
0.756401 0.837609
0.756414 0.0460959
0.756845 0.298221
0.757324 0.340919
0.759874 0.197225
0.761566 0.63973
0.76238 0.321076
0.762551 0.189488
0.76462 0.973676
0.765189 0.533477
0.766985 0.717654
0.767266 0.432306
0.767296 0.944972
0.767968 0.241225
0.768023 0.163375
0.768122 0.82269
0.771196 0.492091
0.772161 0.706418
0.77381 0.425986
0.77383 0.755852
0.774474 0.580722
0.77581 0.0437479
0.777024 0.443665
0.777197 0.341863
0.777709 0.946987
0.778628 0.40337
0.779888 0.583928
0.780155 0.0576607
0.780297 0.452201
0.780795 0.820679
0.780893 0.461102
0.78096 0.595808
0.781072 0.469457
0.783336 0.535391
0.783965 0.0967159
0.784086 0.135876
0.785599 0.570489
0.785641 0.26108
0.785925 0.0380606
0.788967 0.166338
0.789347 0.563127
0.789891 0.695224
0.790536 0.545953
0.793279 0.644074
0.793484 0.0787778
0.794692 0.383964
0.795422 0.649967
0.796864 0.886229
0.797853 0.52185
0.798175 0.92775
0.79917 0.653296
0.79944 0.19428
0.800738 5.56265e-05
0.803019 0.345845
0.803105 0.782892
0.803441 0.440026
0.804079 0.161502
0.804209 0.336349
0.805224 0.40332
0.805815 0.336023
0.806771 0.403192
0.808435 0.375465
0.809277 0.512275
0.809558 0.240779
0.809945 0.749227
0.810715 0.681379
0.811156 0.0979046
0.811255 0.757306
0.812187 0.420876
0.8122 0.646276
0.812214 0.888987
0.812917 0.698783
0.813585 0.930507
0.813767 0.989459
0.813876 0.82162
0.815258 0.0418706
0.815474 0.670856
0.816038 0.153716
0.816197 0.815746
0.816519 0.229793
0.817053 0.202209
0.819519 0.660561
0.820155 0.344165
0.820591 0.673482
0.822561 0.781411
0.823322 0.579849
0.823837 0.232276
0.82704 0.0634447
0.827171 0.263578
0.82801 0.356529
0.828022 0.561697
0.828185 0.310075
0.828898 0.290055
0.830228 0.636124
0.830995 0.530036
0.834486 0.206346
0.835203 0.259627
0.835608 0.0680286
0.835897 0.914437
0.836391 0.218606
0.837328 0.96937
0.838132 0.490456
0.838823 0.0932756
0.840042 0.58361
0.840321 0.273241
0.840968 0.151409
0.841546 0.867189
0.84313 0.490721
0.843984 0.832049
0.845129 0.0814978
0.847927 0.112311
0.84798 0.993184
0.848104 0.0844136
0.848572 0.952505
0.850106 0.739077
0.852721 0.674663
0.853135 0.637337
0.853196 0.659704
0.853245 0.48638
0.854394 0.79332
0.855193 0.236738
0.85563 0.573998
0.855737 0.368459
0.855764 0.821348
0.85598 0.451805
0.857798 0.00886169
0.857957 0.691076
0.859897 0.294165
0.860379 0.383093
0.861771 0.784289
0.861826 0.702972
0.862242 0.703699
0.862538 0.670383
0.862584 0.452887
0.864658 0.31447
0.865383 0.487104
0.865595 0.0477971
0.865724 0.218433
0.867733 0.981977
0.869769 0.204185
0.870495 0.405291
0.871129 0.0600477
0.87117 0.752509
0.872175 0.645696
0.873677 0.895606
0.873711 0.462431
0.87399 0.15178
0.875776 0.174601
0.876099 0.590362
0.876412 0.850857
0.876841 0.0654229
0.877486 0.914626
0.87757 0.323904
0.877578 0.448359
0.879651 0.29022
0.880552 0.431232
0.88069 0.753722
0.880947 0.0680788
0.880994 0.868959
0.881849 0.228789
0.881995 0.68198
0.88375 0.186492
0.884071 0.581522
0.884724 0.548143
0.885969 0.48185
0.887188 0.960766
0.888357 0.615393
0.888414 0.568027
0.888705 0.467068
0.889815 0.127816
0.890047 0.0199716
0.891429 0.240903
0.891972 0.381938
0.892991 0.506965
0.894378 0.802779
0.894785 0.653834
0.897706 0.740376
0.898073 0.913441
0.899952 0.489718
0.900312 0.549817
0.900336 0.943553
0.900399 0.00186635
0.900487 0.487264
0.90069 0.890342
0.901227 0.927106
0.901549 0.328952
0.902225 0.700925
0.902479 0.960513
0.904087 0.993089
0.904464 0.329021
0.904959 0.647559
0.90529 0.211059
0.905353 0.270467
0.907908 0.215289
0.90803 0.26651
0.90849 0.986042
0.909646 0.414855
0.911233 0.097546
0.91145 0.745988
0.911555 0.503822
0.913782 0.935961
0.913833 0.790906
0.915291 0.298077
0.916347 0.0511864
0.916929 0.832724
0.918624 0.32106
0.919778 0.712486
0.921854 0.598793
0.921881 0.04816
0.922025 0.481167
0.922062 0.0952786
0.923914 0.214605
0.925242 0.545436
0.925273 0.0657253
0.927544 0.234889
0.927862 0.573201
0.927938 0.846128
0.928064 0.97692
0.930204 0.939502
0.930283 0.2709
0.93121 0.842675
0.933176 0.881184
0.933225 0.708165
0.933226 0.735683
0.933465 0.744451
0.934922 0.241096
0.935589 0.436122
0.936123 0.412498
0.938491 0.225826
0.939156 0.387872
0.941077 0.684011
0.941202 0.786479
0.941512 0.993519
0.941515 0.0359925
0.941837 0.447762
0.941914 0.748333
0.94192 0.851398
0.941929 0.996452
0.943379 0.372219
0.94351 0.580523
0.943609 0.238031
0.943659 0.0852276
0.94431 0.0150966
0.944878 0.568386
0.944966 0.0354306
0.945589 0.515072
0.946488 0.616036
0.947081 0.584373
0.947283 0.988037
0.947709 0.149604
0.948431 0.283771
0.949351 0.737978
0.950319 0.0182033
0.950783 0.811201
0.954282 0.620074
0.954822 0.699092
0.955733 0.00160082
0.956986 0.0602787
0.957747 0.847823
0.959028 0.383972
0.959386 0.40227
0.95966 0.00936351
0.960059 0.718072
0.960636 0.417057
0.962825 0.194066
0.96358 0.894988
0.963998 0.914693
0.964565 0.436966
0.964786 0.155235
0.966372 0.813821
0.966565 0.0548067
0.968992 0.854421
0.969448 0.508274
0.970732 0.0947462
0.971773 0.596597
0.971802 0.0827872
0.971897 0.680595
0.972044 0.134992
0.97393 0.842987
0.974625 0.514639
0.974766 0.898105
0.974822 0.841143
0.976852 0.956185
0.978215 0.853293
0.978566 0.753585
0.978872 0.89983
0.97929 0.92787
0.980044 0.594058
0.980399 0.56161
0.982162 0.190514
0.982627 0.00600495
0.982735 0.82141
0.983229 0.124076
0.983324 0.730039
0.983665 0.449041
0.983775 0.314934
0.984304 0.205533
0.988923 0.833622
0.990998 0.696145
0.991189 0.910145
0.992717 0.588024
0.993788 0.593299
0.994767 0.0549478
0.995623 0.434172
0.996476 0.768214
0.997702 0.385868
0.999115 0.123911
0.999605 0.368326
